-0.564078	-1.209517	 0.499247	-0.309772	-0.446360	 0.498483	-0.139451	 1.082930	 0.498686	-0.472190	-0.474404	 0.498881
-0.561845	-1.204679	 0.499247	-0.372465	-0.445989	 0.498483	 0.049566	 1.078713	 0.498686	-0.472190	-0.486532	 0.498881
-0.559610	-1.199861	 0.499247	-0.403811	-0.445804	 0.498483	 0.144074	 1.074456	 0.498686	-0.472190	-0.492596	 0.498881
-0.057377	-1.195061	 0.499247	 0.080516	-0.445711	 0.498484	 0.191328	 0.570187	 0.498686	-0.472190	-0.495628	 0.498881
 0.193739	-1.190281	 0.499247	 0.321550	-0.445665	 0.498484	 0.214955	 0.318053	 0.498686	-0.472190	-0.497144	 0.498881
-0.180703	-1.185520	 0.499247	-0.059059	-0.445642	 0.498484	 0.226769	 0.191985	-0.001314	-0.472190	-0.497902	 0.498881
-0.366813	-1.180778	 0.499247	-0.249363	-0.445630	 0.498484	 0.232676	 0.128952	-0.250311	-0.472190	-0.498281	 0.498881
-0.458763	-1.176055	 0.499247	 0.155485	-0.445625	 0.498484	 0.235629	 0.597435	 0.125190	-0.472190	 0.001530	 0.498881
-0.503636	-1.171350	 0.499247	 0.356788	-0.445622	 0.498484	 0.237106	 0.829545	 0.311939	-0.472190	 0.250432	 0.498881
-0.524976	-1.166665	 0.499247	 0.456324	-0.445620	 0.498484	 0.237844	 0.943476	 0.405314	-0.472190	-0.125117	 0.498881
-0.534553	-1.161998	 0.499247	 0.504980	-0.445620	 0.498484	 0.238213	 0.998327	 0.452001	-0.472190	-0.311890	 0.498881
-0.538253	-1.157350	 0.499247	 0.528201	-0.445619	 0.498484	 0.238398	 1.023646	 0.475345	-0.472190	-0.405276	 0.498881
-0.539020	-1.152721	 0.499247	 0.538708	-0.445619	 0.498484	 0.238490	 1.034208	 0.487017	-0.472190	-0.451969	 0.498881
-0.538323	-1.148110	 0.499247	 0.542863	-0.445619	 0.498484	 0.238536	 1.037399	 0.492853	-0.472190	-0.475316	 0.498881
-0.036900	-1.143518	 0.499247	 0.543847	-0.445619	 0.498484	 0.238560	 0.536914	 0.495771	-0.472190	 0.013011	 0.498881
 0.213812	-1.138943	 0.499247	 0.543249	-0.445619	 0.498484	 0.238571	 0.286671	 0.497230	-0.472190	 0.256171	 0.498881
-0.160832	-1.134388	 0.499247	 0.041865	 0.054381	 0.498484	 0.238577	 0.161549	 0.497959	-0.472190	 0.377752	 0.498881
-0.347083	-1.129850	 0.499247	-0.208827	 0.303272	 0.498484	 0.238580	 0.098989	 0.498324	-0.472190	 0.438542	 0.498881
-0.439142	-1.125331	 0.499247	 0.165827	-0.073386	 0.498484	 0.238581	 0.567708	-0.001494	-0.472190	-0.031063	 0.498881
-0.484109	-1.120829	 0.499247	 0.352073	-0.261716	 0.498484	 0.238582	 0.799995	-0.250400	-0.472190	-0.264864	 0.498881
-0.505534	-1.116346	 0.499247	 0.444119	-0.355880	 0.498484	 0.238582	 0.914074	-0.374853	-0.472190	-0.381765	 0.498881
-0.515193	-1.111881	 0.499247	 0.489070	-0.402963	 0.498484	 0.238582	 0.969057	 0.062921	-0.472190	 0.059785	 0.498881
-0.518973	-1.107433	 0.499247	 0.510477	-0.426504	 0.498484	 0.238582	 0.994501	 0.280806	-0.472190	 0.279557	 0.498881
-0.019817	-1.103003	 0.499247	 0.520117	-0.438274	 0.998484	 0.238583	 1.005183	 0.889749	-0.472190	 0.389443	 0.498881
 0.229761	-1.098591	 0.499247	 0.523878	-0.444160	 1.245487	 0.238583	 1.008492	 1.191222	-0.472190	 0.444386	 0.498881
-0.145450	-1.094197	 0.499247	 0.524703	 0.052898	 0.866003	 0.238583	 1.008123	 0.838974	-0.472190	-0.028142	 0.498881
-0.332015	-1.089820	 0.499247	 0.524064	 0.300326	 0.676261	 0.238583	 1.005923	 0.662850	-0.472190	-0.263405	 0.498881
-0.424260	-1.085461	 0.499247	 0.522698	-0.077055	 0.581391	 0.238583	 1.002816	 0.574788	-0.472190	-0.381037	 0.498881
-0.469349	-1.081119	 0.499247	 0.520972	-0.265745	 0.533955	 0.238583	 0.999262	 0.530757	-0.472190	-0.439852	 0.498881
-0.490865	-1.076795	 0.499247	 0.519071	-0.360091	 0.510237	 0.238583	 0.995494	 0.508741	-0.472190	-0.469260	 0.498881
-0.500598	-1.072488	 0.499247	 0.517086	-0.407263	 0.498379	 0.238583	 0.991627	 0.497733	-0.472190	 0.016036	 0.498881
-0.504444	-1.068198	 0.499247	 0.515063	-0.430850	 0.492449	 0.238583	 0.987718	 0.492230	-0.472190	 0.257681	 0.498881
-0.505350	-1.063925	 0.499247	 0.513026	 0.057357	 0.489484	 0.238583	 0.483795	 0.489478	-0.472190	 0.378504	 0.498881
-0.504791	-1.059669	 0.499247	 0.510985	 0.300370	 0.488002	 0.238583	 0.231834	 0.488102	-0.472190	 0.438915	 0.498881
-0.503503	-1.055430	 0.499247	 0.508947	 0.420789	 0.487261	 0.238583	 0.105854	 0.487414	-0.472190	-0.030879	 0.498881
-0.501855	-1.051209	 0.499247	 0.506914	 0.479916	 0.486890	 0.238583	 0.042864	 0.487070	-0.472190	-0.264775	 0.498881
-0.500030	-1.047004	 0.499247	 0.004888	 0.508402	 0.486705	 0.238583	 0.511368	 0.486898	-0.472190	-0.381723	 0.498881
-0.499118	-1.042816	 0.499247	-0.246125	 0.521571	 0.486612	 0.238583	 0.743661	 0.486812	-0.472190	-0.440197	 0.498881
-0.498661	-1.038645	 0.499247	-0.371632	 0.527086	 0.486566	 0.238583	 0.857856	 0.486769	-0.472190	-0.469434	 0.498881
 0.001567	-1.034490	 0.499247	 0.065615	 0.028778	-0.013457	 0.238583	 0.913009	 0.486747	-0.472190	-0.484052	 0.498881
 0.250677	-1.030352	 0.499247	 0.283232	-0.220376	-0.262442	 0.238583	 0.938649	 0.486736	-0.472190	-0.491361	 0.498881
-0.124768	-1.026231	 0.499247	 0.391039	 0.155047	 0.114089	 0.238583	 0.949540	 0.486731	-0.472190	-0.495016	 0.498881
-0.311490	-1.022126	 0.499247	 0.444943	 0.341698	 0.302354	 0.238583	 0.953065	 0.486728	-0.472190	-0.496843	 0.498881
-0.404851	-1.018037	 0.499247	 0.471895	-0.066033	-0.103513	 0.238583	 0.952915	 0.486727	-0.472190	-0.497757	 0.498881
-0.451531	-1.013965	 0.499247	 0.485371	-0.269899	-0.305428	 0.238583	 0.950934	 0.486726	-0.472190	-0.498214	 0.498881
-0.474871	-1.009909	 0.499247	 0.492109	 0.128168	 0.094629	 0.238583	 0.948045	 0.486726	-0.472190	-0.498442	 0.498881
-0.486541	-1.005870	 0.499247	 0.495478	 0.326149	 0.294658	 0.238583	 0.944711	 0.486726	-0.472190	-0.498556	 0.498881
-0.492376	-1.001846	 0.499247	 0.497162	 0.424091	 0.394672	 0.238583	 0.941161	 0.486726	-0.472190	-0.498614	 0.498881
-0.495294	-0.997839	 0.999247	 0.498004	 0.472018	 0.944679	 0.738583	 0.437511	-0.013274	-0.472190	 0.001358	 0.498881
-0.496753	-0.993847	 1.246248	 0.498425	 0.494942	 1.216693	 0.986105	 0.185686	-0.262248	-0.472190	 0.250341	 0.498881
 0.002518	 0.510128	 0.866762	-0.001364	 1.005368	 0.849723	 0.607400	 0.059773	-0.385712	-0.472190	 0.374833	-0.001119
 0.251150	 1.258088	 0.677019	-0.250256	 1.257550	 0.666238	 0.418047	-0.003183	-0.446426	-0.472190	 0.437078	-0.250117
 1.375465	 4.128055	 0.082148	-0.374703	 1.380621	 0.574495	-0.176630	-0.034661	-0.975768	-0.472190	 0.468201	-0.874616
 1.932624	 5.549043	-0.214262	-0.436926	 1.439149	 0.528624	-0.472425	-0.050401	-1.237430	-0.472190	 0.483763	-1.183867
 3.206223	 7.745597	-0.861446	-0.968037	 1.965418	 0.505688	-0.618787	-0.058270	-1.365262	-0.972190	 0.491543	-1.335506
 3.834064	 8.823989	-1.182021	-1.230595	 2.223569	 0.494220	-0.690437	-0.062205	-1.426192	-1.219246	 0.495434	-1.408352
 4.639060	 11.343381	-1.839303	-1.858887	 2.847681	 0.488487	-1.724738	-0.064172	-1.453683	-1.339841	 0.497379	-1.441812
 5.030670	 12.575351	-2.162951	-2.168059	 3.152793	 0.485620	-2.236371	-0.065156	-1.464466	-1.397218	-0.001649	-1.455591
 5.215630	 13.163722	-2.319801	-2.317690	 3.298434	 0.484186	-2.486691	-0.065648	-1.466907	-1.422997	-0.250161	-1.459542
 5.797309	 14.930403	-2.393274	-2.387572	 3.864366	-0.016531	-1.606377	-0.065894	-1.465189	-1.932989	-0.374417	-1.458591
 6.075391	 15.780349	-2.425076	-2.417597	 4.138471	-0.265855	-1.164768	-0.066017	-1.461403	-2.183099	-0.436545	-1.455200
 6.201725	 18.172062	-2.436064	-2.427715	 4.266699	-0.389486	-1.442517	-0.566078	-0.956594	-2.303288	-0.467609	-1.450601
 6.252236	 19.326790	-2.436663	-2.427898	 4.322023	-0.450276	-1.577951	-0.813977	-0.704190	-2.358535	-0.483141	-1.445409
 7.264885	 20.863192	-2.432089	-2.423133	 4.840930	 0.020352	-1.642241	-0.935802	-1.577988	-2.381331	-0.490907	-0.939933
 7.754655	 21.586593	-2.424946	-2.415914	 5.089664	 0.255665	-1.670973	-0.994600	-2.009983	-2.387921	-0.494790	-0.687195
 7.983051	 22.403674	-2.416539	-2.407487	 5.203354	 0.373322	-1.681940	-0.521891	-1.721097	-2.386427	-0.496732	-0.560826
 8.080827	 22.765773	-2.407520	-2.398476	 5.249565	 0.432151	-1.684037	-0.285537	-1.573790	-2.380910	-0.497702	-0.497641
 8.113357	 22.900567	-2.398213	-2.389191	 5.262079	 0.461565	-1.681714	-0.167360	-1.497283	-2.373401	-0.498188	-0.466049
 8.113330	 23.421893	-2.888782	-2.379789	 5.257787	 0.476272	-1.677193	-0.608272	-1.456188	-2.364914	-0.498431	-0.450253
 8.097090	 23.634669	-3.127307	-2.370347	 5.245134	 0.483626	-1.671588	-0.826629	-1.432810	-2.355958	-0.498552	-0.442355
 8.072809	 24.193363	-3.239838	-2.360904	 5.728342	-0.512698	-1.665453	-0.433718	-0.918303	-2.346786	-0.498613	-0.438406
 8.044571	 24.423205	-3.289399	-2.351480	 5.957524	-1.007841	-1.659067	-0.237262	-0.661049	-2.337525	-0.498643	-0.436431
 8.514419	 24.488820	-3.307502	-2.342084	 6.059741	-0.752407	-1.152569	-0.139035	-1.032422	-2.328238	-0.498658	-0.435444
 8.731375	 24.472519	-3.309902	-2.332720	 6.098525	-0.624690	-0.898027	-0.089921	-1.215301	-2.318956	-0.498666	-0.434951
 8.321956	 24.915456	-3.304477	-2.323392	 6.105643	-0.060831	-0.769470	-0.565364	-0.803944	-2.309696	-0.498669	-0.434704
 8.101422	 25.086208	-3.295167	-2.314099	 6.096976	 0.220092	-0.703909	-0.801004	-0.598266	-2.300465	-0.498671	-0.434580
 7.975393	 25.121070	-3.283940	-2.304844	 6.080466	 0.359551	-0.669852	-0.916750	-0.495426	-2.291267	-0.498672	-0.434519
 8.396679	 25.588189	-3.271781	-2.295625	 6.060084	 0.429281	-0.651552	-0.972559	-0.944007	-2.282104	-0.498673	-0.434488
 8.589687	 25.769638	-3.259182	-2.286442	 6.037813	 0.464146	-0.641135	-0.998406	-1.165512	-2.272977	-0.498673	-0.434472
 8.668625	 25.808460	-3.246390	-2.277297	 6.014646	-0.018422	-0.634666	-0.509281	-1.273490	-2.263885	-0.498673	-0.434465
 8.690599	 25.776177	-3.233526	-2.268187	 5.991080	-0.258703	-0.630174	-0.264719	-1.324716	-2.254830	-0.498673	-0.434461
 8.684161	 25.708547	-3.220653	-2.259115	 5.967362	 0.121156	-0.626677	-0.142438	-0.847578	-2.245811	-0.498673	-0.434459
 8.663587	 25.623451	-3.207801	-2.250078	 5.943616	 0.310083	-0.623683	-0.081297	-0.609008	-2.236828	-0.498673	-0.434458
 8.636013	 26.029826	-3.194985	-2.241078	 6.419903	 0.404547	-0.620944	-0.050727	-0.489724	-2.227880	-0.498673	-0.434457
 8.605010	 26.180141	-3.182213	-2.232114	 6.644254	 0.451779	-0.618338	-0.035442	-0.430081	-2.218969	-0.498673	-0.434457
 8.572360	 26.202637	-3.169488	-2.223185	 6.742692	 0.475395	-0.615804	-0.027799	-0.400260	-2.210093	-0.498673	-0.434457
 8.538956	 26.161435	-3.156812	-2.214292	 6.278229	-0.012797	-0.613310	-0.023978	-0.385350	-2.201253	-0.498673	-0.434457
 8.505242	 26.088594	-3.144186	-2.205435	 6.034370	-0.255891	-0.610841	-0.022067	-0.377894	-2.192448	-0.498673	-0.434457
 8.471443	 26.000142	-3.131609	-2.196613	 6.400859	 0.122562	-1.108390	-0.021112	-0.374167	-2.183678	-0.498673	-0.434457
 8.437668	 25.904092	-3.119083	-2.187827	 6.570569	 0.310786	-1.353953	-0.020634	-0.372303	-2.174943	-0.498673	-0.434457
 8.403972	 26.304451	-2.606607	-2.179076	 6.141944	 0.404898	-0.973535	-0.020395	-0.871371	-2.166243	-0.498673	-0.434457
 8.370384	 26.451221	-2.346181	-2.170359	 5.916205	 0.451955	-0.782140	-0.020276	-1.118164	-2.157578	-0.498673	-0.434457
 8.336916	 26.471410	-2.711796	-2.161678	 5.291954	 0.475483	-0.685261	-0.020216	-1.238831	-2.148948	-0.498673	-0.434457
 8.303576	 26.428522	-2.888449	-2.153031	 4.970493	 0.487247	-0.635645	-0.020186	-1.296445	-2.140352	-0.498673	-0.434457
 8.270365	 26.354306	-2.970645	-2.144419	 4.800465	 0.493129	-0.609665	-0.020171	-1.322544	-2.131791	-0.498673	-0.434457
 8.237285	 26.264638	-3.005637	-2.135841	 5.206190	 0.496070	-0.595507	-0.020164	-0.832896	-2.123264	-0.498673	-0.434457
 8.204337	 26.167454	-3.017052	-2.127298	 5.397828	 0.497540	-0.587266	-0.020160	-0.588073	-2.114771	-0.498673	-0.434457
 8.171520	 26.066722	-3.016703	-2.118789	 5.982469	 0.498275	-1.081987	-0.020158	-0.465661	-2.106312	-0.498673	-0.434457
 8.138834	 25.964423	-3.010495	-2.110314	 6.261655	 0.498643	-1.326194	-0.020157	-0.404455	-2.097886	-0.498673	-0.434457
 8.106279	 25.361550	-2.501383	-2.101872	 5.888166	 0.498827	-0.945157	-0.520157	-0.873852	-2.089495	-0.498673	-0.934457
 8.073854	 25.010596	-2.242843	-2.093465	 5.690392	 0.498919	-0.753510	-0.768116	-1.105864	-2.081137	-0.498673	-1.181588
 6.041558	 18.285800	-2.109604	-2.085091	 4.080520	 0.498965	-1.156563	-0.890064	-2.219194	-2.072812	-0.498673	-1.302296
 5.017392	 14.900279	-2.039031	-2.076751	 3.270643	 0.498988	-1.354970	-0.949014	-2.769194	-2.064521	-0.498673	-1.359804
 4.497323	 13.184490	-1.999808	-2.068444	 2.860783	 0.498999	-1.451067	-0.976473	-3.037556	-2.056263	-0.498673	-1.385724
 3.229333	 7.303658	-1.476276	-1.560170	 1.150951	 0.499005	-0.996021	-0.988194	-2.165125	-2.048038	-0.498673	-0.895860
 2.591416	 4.360396	-1.212604	-1.303929	 0.297152	 0.499008	-0.767416	-0.992055	-1.726324	-2.039846	-0.498673	-0.650928
 0.768550	 0.385931	-0.578870	-1.173714	-1.128633	 0.499009	-1.152036	-0.491994	-1.004348	-2.031686	-0.498673	-0.528462
-0.140774	-1.594125	-0.262003	-1.106519	-1.836417	 0.499010	-1.341273	-0.241963	-0.643360	-2.023560	-0.498673	-0.467229
-0.593336	-4.577004	-0.103570	-1.070843	-2.685221	 0.499010	-0.932830	-0.616948	-0.462867	-2.515465	-0.498673	-0.436613
-0.817525	-6.053324	-0.024353	-1.050934	-3.102555	 0.499011	-0.727560	-0.802456	-0.372620	-2.755403	-0.498673	-0.421305
-0.927536	-6.776425	 0.015255	-1.038918	-3.304182	 0.499011	-0.623880	-0.393235	-0.327496	-2.869382	-0.498673	-0.413650
-0.980467	-7.122976	 0.035060	-1.030856	-3.397984	 0.499011	-0.571000	-0.188624	-0.304934	-2.920404	-0.498673	-0.409823
-1.004865	-7.281313	 0.044962	-1.024780	-3.437901	 0.499011	-0.543524	-0.086318	-0.293654	-2.939973	-0.498673	-0.407910
-1.515006	-7.345602	 0.049913	-1.019704	-3.450904	 0.499011	-0.528753	-0.035166	-0.288013	-2.943838	-0.498673	-0.406953
-1.766026	-7.362926	 0.052388	-1.015137	-3.450478	 0.499011	-0.520340	-0.009589	-0.285193	-2.939875	-0.498673	-0.406475
-1.887502	-7.356828	 0.053626	-1.010832	-3.443365	 0.499011	-0.515110	 0.003199	 0.216217	-2.432022	-0.498673	-0.406236
-1.944222	-7.339078	 0.054245	-1.006667	-3.432936	 0.499011	-0.511475	 0.009593	 0.465487	-2.174247	-0.498673	-0.406116
-1.968580	-7.315560	 0.554554	-1.002579	-3.420876	 0.499011	-1.008642	 0.012790	 0.088692	-2.541526	-0.498673	-0.406056
-1.976773	-7.289217	 0.802599	-0.998538	-3.408029	 0.499011	-1.254214	 0.014388	-0.099705	-2.719348	-0.498673	-0.406026
-1.976900	-6.761519	 0.924520	-0.994529	-3.394815	 0.499011	-0.874000	 0.015188	 0.306096	-2.802465	-0.498673	 0.093989
-1.973009	-6.485203	 0.983388	-0.990543	-3.381444	 0.499011	-0.683893	 0.015587	 0.507573	-2.838252	-0.498673	 0.342808
-1.967125	-6.334627	 1.010738	-0.986577	-3.368023	 0.499011	-0.588840	 0.015787	 0.606894	-2.850398	-0.498673	 0.466035
-1.960261	-6.246971	 1.022336	-0.482629	-3.354603	 0.499011	-0.541313	 0.015887	 0.655141	-2.350746	-0.498673	 0.526469
-1.952922	-6.190825	 1.026067	-0.230655	-3.341211	 0.499011	-0.517550	 0.015937	 0.677858	-2.097217	-0.498673	 0.555513
-1.945362	-6.150482	 1.025874	-0.604668	-2.827859	 0.499011	-0.505668	 0.015962	 0.687816	-1.966766	-0.498673	 0.068866
-1.937706	-6.118090	 1.023725	-0.789717	-2.566554	 0.499011	-0.499727	 0.015975	 0.691399	-1.897867	-0.498673	-0.174458
-1.930018	-6.089723	 0.520608	-0.380292	-2.931291	 0.499011	-0.996757	 0.015981	 0.691801	-2.359760	-0.498673	 0.203880
-1.922329	-6.063417	 0.269049	-0.175579	-3.107068	 0.499011	-1.242284	 0.015984	 0.690617	-2.585063	-0.498673	 0.391885
-1.914655	-6.038189	 0.643270	-0.573223	-2.688390	 0.499011	-0.862072	 0.015985	 0.688646	-2.192094	-0.498673	 0.484727
-1.907005	-6.013550	 0.828345	-0.770103	-2.474512	 0.499011	-0.671966	 0.015986	 0.686288	-1.992011	-0.498673	 0.529993
-1.899380	-5.989252	 0.918856	-0.866609	-2.363052	 0.499011	-0.576913	 0.015987	 0.683740	-1.888386	-0.498673	 0.551476
-1.891785	-5.965173	 0.962093	-0.412936	-2.302819	 0.499011	-0.529386	 0.515987	 0.681104	-1.833004	-0.498673	 0.561071
-1.884219	-5.941252	 0.981700	-0.186100	-2.268217	 0.499011	-0.505623	 0.763955	 0.678430	-1.801758	-0.498673	 0.564728
-1.376682	-5.917456	 0.989502	-0.072681	-2.246449	 0.499011	-0.493742	 0.885915	 0.675741	-2.282593	-0.498673	 0.565419
-1.121176	-5.893771	 0.991408	-0.015972	-2.231115	 0.499011	-0.487801	 0.944879	 0.673050	-2.517484	-0.498673	 0.564633
-1.491691	-5.870189	 0.990374	 0.012382	-2.219017	 0.499011	-0.484830	 0.972354	 0.670364	-2.129425	-0.498673	 0.563112
-1.673225	-5.846704	 0.987879	 0.026560	-2.208554	 0.499011	-0.483345	 0.984092	 0.667686	-1.931913	-0.498673	 0.561228
-1.260282	-5.823315	 0.984660	 0.033648	-2.198926	-0.000989	-0.482603	 0.987969	 0.665016	-1.829688	-0.498673	 0.559167
-1.052116	-5.800021	 0.981088	 0.037193	-2.189734	-0.249987	-0.482231	 0.987924	 0.662357	-1.775120	-0.498673	 0.557023
-0.946345	-5.776821	 0.977347	 0.038965	-2.180776	-0.374486	-0.482046	 0.985925	 0.659708	-1.744396	-0.498673	 0.554841
-0.891778	-5.753713	 0.973529	-0.460149	-2.171954	 0.063264	-0.481953	 0.482958	 0.657069	-1.725606	-0.498673	 0.552645
-0.862820	-5.730698	 0.969681	-0.707787	-2.163217	 0.281137	-0.481906	 0.231475	 0.654441	-1.712797	-0.498673	 0.550446
-0.846674	-5.707775	 0.965825	-0.329696	-2.154539	 0.390074	-0.481883	 0.105733	 0.651824	-1.702993	-0.498673	 0.548250
-0.836939	-5.684944	 0.961973	-0.140650	-2.145908	 0.444542	-0.481872	 0.042862	 0.649216	-1.694705	-0.498673	 0.546059
-1.330418	-5.662204	 0.958131	-0.046127	-2.137319	-0.028224	-0.481866	 0.511427	 0.646619	-1.687188	-0.498673	 0.543877
-1.573509	-5.639555	 0.954301	 0.001134	-2.128766	-0.263604	-0.481863	 0.743749	 0.644033	-1.680070	-0.498673	 0.541702
-1.691422	-5.616997	 0.950486	 0.024765	-2.120250	 0.118705	-0.481861	 0.857958	 0.641457	-1.673165	-0.498673	 0.539535
-1.746759	-5.594529	 0.946684	 0.036580	-2.111768	 0.308858	-0.481861	 0.913118	 0.638891	-1.666380	-0.498673	 0.537377
-1.770824	-5.572151	 0.942898	 0.042488	-2.103320	 0.403934	-0.481860	 0.938762	 0.636335	-1.659668	-0.498673	 0.535228
-1.779266	-5.549863	 0.939126	 0.045442	-2.094907	 0.451472	-0.481860	 0.449655	 0.633790	-1.653007	-0.498673	 0.533087
-1.779912	-5.527663	 0.935370	 0.046919	-2.086527	 0.475241	-0.481860	 0.205101	 0.631255	-1.646383	-0.498673	 0.530955
-1.776674	-5.505552	 0.931629	 0.047657	-2.078181	 0.487126	-0.481860	 0.582824	 0.628730	-1.639792	-0.498673	 0.528831
-1.771508	-5.483530	 0.927902	 0.048027	-2.069868	 0.493068	-0.481860	 0.769765	 0.626215	-1.633230	-0.498673	 0.526716
-1.265392	-5.461596	 0.924191	 0.048211	-2.061589	 0.496039	-0.481860	 0.361322	 0.623710	-1.626695	-0.498673	 0.524609
-1.010816	-5.439750	 0.920494	 0.048303	-2.053342	 0.497525	-0.481860	 0.157100	 0.621215	-1.620188	-0.498673	 0.522510
-1.382015	-5.417991	 0.916812	 0.048350	-2.045129	 0.498268	-0.481860	 0.554989	 0.618730	-1.613707	-0.498673	 0.520420
-1.564109	-5.396319	 0.913145	 0.048373	-2.036949	 0.498639	-0.481860	 0.752028	 0.616255	-1.607252	-0.498673	 0.518339
-1.651663	-5.374733	 0.909492	 0.048384	-2.028801	 0.498825	-0.481860	 0.848650	 0.613790	-1.600823	-0.498673	 0.516265
-1.691961	-5.353235	 0.905854	 0.048390	-2.020686	 0.498918	-0.481860	 0.895070	 0.611335	-1.594419	-0.498673	 0.514200
-1.708646	-5.331822	 0.902231	 0.048393	-2.012603	 0.498964	-0.481860	 0.916397	 0.608890	-1.588042	-0.498673	 0.512143
-1.713538	-5.310494	 0.898622	 0.048394	-2.004552	 0.498987	-0.481860	 0.425185	 0.606454	-1.581689	-0.498673	 0.510095
-1.712547	-5.289252	 0.895027	 0.048395	-1.996534	 0.498999	-0.481860	 0.179579	 0.604029	-1.575363	-0.498673	 0.508055
-1.208628	-5.268095	 0.391447	 0.048395	-1.988548	 0.499005	-0.481860	 0.556776	 0.601612	-1.569061	-0.498673	 0.506022
-0.955260	-5.247023	 0.139657	 0.048396	-1.980594	 0.499008	-0.481860	 0.743506	 0.599206	-1.562785	-0.498673	 0.503998
-1.327172	-5.226035	 0.513762	 0.048396	-1.972672	-0.000991	-0.481860	 0.835011	 0.596809	-1.556534	-0.498673	 0.501982
-1.509729	-5.205131	 0.699039	 0.048396	-1.964781	-0.249988	-0.481860	 0.878911	 0.594422	-1.550308	-0.498673	 0.500974
-1.597624	-5.184310	 0.789909	 0.048396	-1.956922	 0.125513	-0.981860	 0.899015	 0.592044	-1.544106	-0.498673	 0.500470
-1.638200	-5.163573	 0.833582	 0.048396	-1.949094	 0.312262	-1.228896	 0.907228	 0.589676	-1.537930	-0.498673	 0.500218
-1.655130	-5.142919	 0.853664	 0.048396	-1.941298	 0.405636	-1.349462	 0.909504	 0.587317	-1.531778	-0.498673	 0.500092
-1.160251	-5.122347	 0.861958	 0.048396	-1.933532	-0.047677	-0.906806	 0.908819	 0.584968	-1.525651	-0.498673	 0.500029
-0.911481	-5.101858	 0.864364	 0.048396	-1.925798	-0.273331	-0.685477	 0.906660	 0.582628	-1.519549	-0.498673	 0.499998
-1.285771	-5.081450	 0.863833	 0.048396	-1.918095	 0.113842	-0.574813	 0.903771	 0.580298	-1.513470	-0.498673	 0.499982
-1.469595	-5.061124	 0.861842	 0.048396	-1.910423	 0.306426	-0.519481	 0.900525	 0.577977	-1.507416	-0.498673	 0.499974
-1.558201	-5.040880	 0.859126	 0.048396	-1.902781	 0.402718	 0.008185	 0.897108	 0.575665	-1.501387	-0.498673	 0.499970
-1.599210	-5.020716	 0.856055	 0.048396	-1.895170	 0.450864	 0.270947	 0.893612	 0.573362	-1.495381	-0.498673	 0.499968
-1.616434	-5.000633	 0.852814	 0.048396	-1.387589	 0.474937	-0.098740	 0.890083	 0.571069	-1.489400	-0.498673	 0.499967
-1.621779	-4.980631	 0.849494	 0.048396	-1.132039	 0.486974	-0.283583	 0.886546	 0.568784	-1.483442	-0.498673	 0.499967
-1.621197	-4.960708	 0.846142	 0.048396	-1.002511	 0.492992	-0.376005	 0.883011	 0.566509	-1.477508	-0.498673	 0.499966
-1.617665	-4.940866	 0.842780	 0.048396	-0.936001	 0.496001	-0.422216	 0.879485	 0.564243	-1.471598	-0.498673	 0.499966
-1.612670	-4.921102	 0.839421	 0.048396	-0.901007	 0.497506	-0.445321	 0.875970	 0.561986	-1.465712	-0.498673	 0.499966
-1.106958	-4.901418	 0.836069	 0.048396	-1.381778	 0.498258	-0.456874	 0.872468	 0.559738	-1.459849	-0.498673	 0.499966
-0.852899	-4.881812	 0.832727	 0.048396	-1.618438	 0.498634	-0.462650	 0.868978	 0.557499	-1.454010	-0.498673	 0.499966
-1.224672	-4.362285	 0.829398	 0.048396	-1.733058	 0.498822	-0.465539	 0.865503	 0.555269	-1.448194	-0.498673	 0.499966
-1.407366	-4.094836	 0.826081	 0.048396	-1.786673	 0.498916	-0.466983	 0.862041	 0.553048	-1.442401	-0.498673	 0.499966
-1.495532	-3.953456	 0.822777	 0.048396	-1.809799	 0.498963	 0.032295	 0.358593	 0.550836	-1.436631	-0.498673	 0.499966
-1.536448	-3.875142	 0.819486	 0.048396	-1.817697	 0.498987	 0.280871	 0.106869	 0.548633	-1.430885	-0.498673	 0.499966
-1.553751	-3.828392	 0.816208	 0.048396	-1.817995	 0.498999	 0.404100	-0.018993	 0.546438	-1.425161	-0.498673	 0.499966
-1.559261	-4.297453	 0.812943	 0.048396	-1.314507	 0.499004	-0.535340	 0.418076	 0.544252	-1.419461	-0.498673	 0.499966
-1.558886	-4.522451	 0.809692	 0.048396	-1.061141	 0.499007	-1.002111	 0.634900	 0.542075	-1.413783	-0.498673	 0.499966
-1.555582	-4.125455	 0.306453	 0.048396	-1.432842	 0.499009	-0.732558	 0.741609	 0.539907	-1.408128	-0.498673	 0.499966
-1.550825	-3.919500	 0.054834	 0.048396	-1.615084	 0.499010	-0.597782	 0.793266	 0.537747	-1.402495	-0.498673	 0.499966
-1.545354	-3.809095	 0.429024	 0.048396	-1.702610	 0.499010	-0.530394	 0.817405	 0.535596	-1.396885	-0.498673	 0.499966
-1.539539	-3.746496	 0.614513	 0.048396	-1.742793	 0.499010	-0.496700	 0.827792	 0.533454	-1.391298	-0.498673	 0.499966
-1.533564	-3.707828	 0.705657	 0.048396	-1.759318	 0.499010	 0.020147	 0.831309	 0.531320	-1.385732	-0.498673	 0.499966
-1.527522	-3.681156	 0.749636	 0.048396	-1.764029	 0.499010	 0.277497	 0.831397	 0.529195	-1.380189	-0.498673	 0.499966
-1.521458	-3.660511	 0.770038	 0.048396	-1.762847	 0.499010	 0.405102	 0.829779	 0.527078	-1.374669	-0.498673	 0.499966
-1.515395	-4.142909	 0.778658	 0.048396	-1.758733	 0.499010	-0.032161	 0.827313	 0.524970	-1.369170	-0.498673	 0.499966
-1.509344	-4.374857	 0.781393	 0.048396	-1.753167	 0.499010	-0.250792	 0.824431	 0.522870	-1.363693	-0.498673	 0.499966
-1.503313	-4.481618	 0.781193	 0.048396	-1.246888	 0.499010	 0.139892	 0.821346	 0.520778	-1.358239	-0.498673	 0.499966
-1.497302	-4.525821	 0.779531	 0.048396	-0.992268	 0.499010	 0.334173	 0.818168	 0.518695	-1.352806	-0.498673	 0.499966
-1.491315	-4.538783	 0.777144	 0.048396	-0.863482	 0.499010	-0.069744	 0.814948	 0.516621	-1.347394	-0.498673	 0.499966
-1.485350	-4.536160	 0.774401	 0.048396	-0.797620	 0.499010	-0.271702	 0.811715	 0.514554	-1.342005	-0.498673	 0.499966
-1.479409	-4.525782	 0.771486	 0.048396	-1.263226	 0.499010	-0.372681	 0.808482	 0.512496	-1.336637	-0.498673	 0.499966
-1.473492	-4.511562	 0.768491	 0.048396	-1.492571	 0.499010	-0.423170	 0.805254	 0.510446	-1.331290	-0.498673	 0.499966
-1.467598	-4.495457	 0.765463	 0.048396	-1.603799	 0.499010	-0.448415	 0.802037	 0.508404	-1.325965	-0.498673	 0.499966
-1.461727	-3.978446	 0.762424	 0.048396	-1.155984	 0.499010	 0.038962	 0.798830	 0.506370	-0.820661	-0.498673	 0.499966
-1.455881	-3.713018	 0.759386	 0.048396	-0.930660	 0.499010	 0.281599	 0.795636	 0.504345	-0.568009	-0.498673	 0.499966
-0.950057	-3.573408	 0.756354	 0.048396	-0.816587	 0.499010	 0.401868	 0.792454	 0.502328	-0.941683	-0.498673	 0.499966
-0.697145	-3.496736	 0.753332	 0.048396	-0.758145	 0.499010	 0.460959	 0.789284	 0.500318	-1.125890	-0.498673	 0.499966
-1.070689	-3.951560	 0.750320	 0.048396	-0.727525	-0.000990	-0.010536	 0.286127	 0.499314	-1.215373	-0.498673	 0.499966
-1.254573	-4.170159	 0.747319	 0.048396	-0.710821	-0.249988	-0.246284	 0.034549	 0.498811	-1.257504	-0.498673	 0.499966
-1.343638	-3.770681	 0.744330	 0.048396	-0.701081	 0.125513	 0.135843	 0.408759	 0.498560	-1.275971	-0.498673	 0.499966
-1.385305	-3.564199	 0.741353	 0.048396	-0.694828	 0.312262	 0.325870	 0.594299	 0.498435	-1.282615	-0.498673	 0.499966
-1.403284	-3.454243	 0.738388	 0.048396	-0.690325	 0.405636	 0.419852	 0.685509	 0.498372	-1.283359	-0.498673	 0.499966
-0.909432	-3.392577	 0.735434	 0.048396	-0.686702	 0.452323	 0.465815	 0.729560	 0.498340	-0.781163	-0.498673	 0.499966
-0.662505	-3.355082	 0.732492	 0.048396	-0.683524	 0.475667	 0.487773	 0.750039	 0.498325	-0.530065	-0.498673	 0.499966
-1.039042	-3.329699	 0.229562	 0.048396	-0.680574	 0.487338	-0.002267	 0.758737	 0.498317	-0.904515	-0.498673	 0.499966
-1.224479	-3.310399	-0.021903	 0.048396	-0.677744	 0.493174	-0.247288	 0.761551	 0.498313	-1.089183	-0.498673	 0.499966
-0.814378	-3.294167	 0.352365	 0.048396	-0.674979	 0.496092	-0.369798	 0.261430	 0.498311	-1.178969	-0.498673	 0.499966
-0.609328	-3.279495	 0.538045	 0.048396	-0.672252	 0.497551	-0.431053	 0.011369	 0.498310	-1.221325	-0.498673	 0.499966
-1.006802	-3.265629	 0.629438	 0.048396	-0.669550	 0.498281	 0.038320	 0.386339	 0.498309	-0.739975	-0.498673	 0.499966
-1.202731	-3.252193	 0.673693	 0.048396	-0.666865	 0.498645	 0.271991	 0.572301	 0.498309	-0.499300	-0.498673	 0.499966
-1.297898	-3.238997	 0.694384	 0.048396	-0.664194	 0.498828	 0.387815	 0.663765	 0.498309	-0.378963	-0.498673	 0.499966
-1.342696	-3.225947	-0.296700	 0.048396	-0.661536	 0.498919	-0.055281	 0.207987	 0.498309	-0.318794	-0.498673	 0.499966
-1.362319	-3.212997	-0.789667	 0.048396	-0.658889	 0.498965	-0.276828	-0.019902	 0.498309	-0.288710	-0.498673	 0.499966
-1.369367	-3.200122	-0.033585	 0.048396	-0.656253	 0.498987	-0.387602	 0.366154	 0.498309	-0.273668	-0.498673	 0.499966
-1.370138	-3.187309	 0.343011	 0.048396	-0.653627	 0.498999	-0.442989	 0.557677	 0.498309	-0.266146	-0.498673	 0.499966
-1.367782	-3.174554	 0.529870	 0.048396	-0.651013	 0.499005	 0.029318	 0.651940	 0.498309	-0.762386	-0.498673	 0.499966
-1.363873	-3.161853	 0.621866	 0.048396	-0.648409	 0.499007	 0.264468	 0.697579	 0.498309	-1.007988	-0.498673	 0.499966
-1.359199	-3.149204	 0.666436	 0.048396	-0.645815	 0.499009	 0.382043	 0.718913	 0.498309	-1.128282	-0.498673	 0.499966
-1.354153	-3.136607	 0.687299	 0.048396	-0.643232	 0.499010	 0.440830	 0.728099	 0.498309	-1.185932	-0.498673	 0.499966
-0.848931	-3.124060	 0.696315	 0.048396	-1.140659	 0.499010	 0.470224	 0.731217	 0.498309	-0.712270	-0.498673	 0.499966
-0.596321	-3.111564	 0.699412	 0.048396	-1.386096	 0.499010	 0.484921	 0.731308	 0.498309	-0.475439	-0.498673	 0.499966
-0.470015	-3.099117	 0.699555	 0.048396	-1.505552	 0.499010	 0.492269	 0.729890	 0.498309	-0.357023	-0.498673	 0.499966
-0.906863	-3.086721	 0.698227	 0.048396	-1.562030	 0.499010	 0.495944	 0.727724	 0.498309	-0.797816	-0.498673	 0.499966
-1.122599	-3.074374	 0.696170	 0.048396	-1.587031	 0.499010	 0.497781	 0.725190	 0.498309	-1.015734	-0.498673	 0.499966
-1.227790	-3.062076	 0.693753	 0.048396	-1.096308	 0.499010	 0.498699	 0.722478	 0.498309	-0.622227	-0.498673	 0.499966
-1.277720	-3.049828	 0.691162	 0.048396	-0.849736	 0.499010	 0.499158	 0.719682	 0.498309	-0.425473	-0.498673	 0.499966
-1.300030	-3.037629	 0.688489	 0.048396	-0.725243	 0.499010	 0.499388	 0.716851	 0.498309	-0.827096	-0.498673	 0.499966
-1.308540	-3.025478	 0.685781	 0.048396	-0.661795	 0.499010	 0.499503	 0.714007	 0.498309	-1.025450	-0.498673	 0.499966
-0.810161	-3.013376	 0.683061	 0.048396	-0.628874	 0.499010	-0.000440	 0.711163	 0.498309	-1.122179	-0.498673	 0.499966
-0.560971	-3.001323	 0.680340	 0.048396	-0.611222	 0.499010	-0.249410	 0.708324	 0.498309	-1.168106	-0.498673	 0.499966
-0.436376	-2.989317	 0.677624	 0.048396	-0.601209	 0.499010	-0.373895	 0.705494	 0.498309	-1.188642	-0.498673	 0.499966
-0.374079	-2.977360	 0.674917	 0.048396	-0.595020	 0.499010	 0.063862	 0.702673	 0.498309	-0.696491	-0.498673	 0.499966
-0.342930	-2.965451	 0.672218	 0.048396	-0.590748	 0.499010	 0.281737	 0.699863	 0.498309	-0.450416	-0.498673	 0.499966
-0.827356	-2.953589	 0.669530	 0.048396	-0.587439	 0.499010	 0.390675	 0.697064	 0.498309	-0.827378	-0.498673	 0.499966
-1.066945	-2.941775	 0.666853	 0.048396	-0.584616	 0.499010	 0.445144	 0.694276	 0.498309	-1.013450	-0.498673	 0.499966
-0.684127	-2.930008	 0.664185	 0.048396	-0.582041	 0.499010	 0.472378	 0.691499	 0.498309	-1.104088	-0.498673	 0.499966
-0.492718	-2.918287	 0.661529	 0.048396	-0.579595	 0.499010	 0.485996	 0.688733	 0.498309	-1.147017	-0.498673	 0.499966
-0.397013	-2.906614	 0.658883	 0.048396	-0.577217	-0.000990	 0.492804	 0.685978	 0.498309	-0.666101	-0.498673	 0.499966
-0.349161	-2.894988	 0.656247	 0.048396	-0.574879	-0.249988	 0.496208	 0.683234	 0.498309	-0.425644	-0.498673	 0.499966
-0.325234	-2.883408	 0.653622	 0.048396	-0.572564	-0.374487	 0.497911	 0.680501	 0.498309	-0.305415	-0.498673	 0.499966
-0.813271	-2.871874	 0.651008	 0.048396	-1.070267	-0.436736	 0.498762	 0.677779	 0.498309	-0.745300	-0.498673	-0.000034
-1.054687	-2.860387	 0.648404	 0.048396	-1.315982	-0.467861	 0.499187	 0.675068	 0.498309	-0.962873	-0.498673	-0.249034
-1.172803	-2.848945	 0.645810	 0.048396	-0.935716	-0.483423	 0.499400	 0.672368	 0.498309	-0.569298	-0.498673	 0.126466
-1.229279	-2.837549	 0.643227	 0.048396	-0.744472	-0.491205	 0.499506	 0.669678	 0.498309	-0.372511	-0.498673	 0.313212
-1.254945	-2.826199	 0.640654	 0.048396	-1.147744	 0.004905	 0.499560	 0.667000	 0.498309	-0.274117	-0.498673	 0.406585
-1.265218	-2.814894	 0.638091	 0.048396	-1.346278	 0.251957	 0.499586	 0.664332	 0.498309	-0.224920	-0.498673	 0.453272
-1.267803	-2.803635	 0.635539	 0.048396	-0.942455	 0.375484	 0.499599	 0.661674	 0.498309	-0.200322	-0.498673	 0.476615
-1.266554	-2.792420	 0.632997	 0.048396	-0.739466	 0.437247	 0.499606	 0.659028	 0.498309	-0.188023	-0.498673	 0.488287
-1.263400	-2.781251	 0.630465	 0.048396	-0.636899	 0.468129	 0.499609	 0.656392	 0.498309	-0.181873	-0.498673	 0.494123
-1.259302	-2.770126	 0.627943	 0.048396	-0.584547	 0.483569	 0.499611	 0.653766	 0.498309	-0.178798	-0.498673	 0.497041
-1.254742	-2.759045	 0.625431	 0.048396	-0.557306	 0.491290	 0.499612	 0.651151	 0.498309	-0.177261	-0.498673	 0.498500
-1.249962	-2.748009	 0.122929	 0.048396	-0.542626	 0.495150	 0.499612	 0.648546	 0.498309	-0.676492	-0.498673	 0.499229
-1.245082	-2.737017	-0.128322	 0.048396	-0.534230	 0.497080	 0.499613	 0.645952	 0.498309	-0.923756	-0.498673	 0.499594
-0.740161	-2.726069	 0.246053	 0.048396	-0.528980	 0.498045	 0.499613	 0.643368	 0.498309	-0.545047	-0.498673	 0.499776
-0.487701	-2.715165	 0.431999	 0.048396	-0.525308	 0.498528	 0.499613	 0.640795	 0.498309	-0.355692	-0.498673	 0.499867
-0.861471	-2.704304	 0.523737	 0.048396	-0.522428	 0.498769	 0.499613	 0.638232	 0.498309	-0.761014	-0.498673	 0.499913
-1.045885	-2.693487	 0.568374	 0.048396	-0.519950	 0.498889	 0.499613	 0.635679	 0.498309	-0.961343	-0.498673	 0.499936
-1.135632	-2.682713	 0.589467	 0.048396	-0.517675	 0.498950	 0.499613	 0.633136	 0.498309	-1.059184	-0.498673	 0.499947
-0.678055	-2.671982	 0.598793	 0.048396	-0.515507	 0.498980	 0.499613	 0.630604	 0.498309	-0.605790	-0.498673	 0.499953
-0.449266	-2.661294	 0.602239	 0.048396	-0.513397	 0.498995	 0.499613	 0.628081	 0.498309	-0.379093	-0.498673	 0.499956
-0.334871	-2.650649	 0.602751	 0.048396	-0.511319	 0.499003	 0.499613	 0.625569	 0.498309	-0.765745	-0.498673	 0.499957
-0.277674	-2.640046	 0.601800	 0.048396	-0.509261	 0.499006	 0.499613	 0.623067	 0.498309	-0.956766	-0.498673	 0.499958
-0.249076	-2.629486	 0.600123	 0.048396	-0.507218	 0.499008	 0.499613	 0.120574	 0.498309	-0.549981	-0.498673	 0.499958
-0.234776	-2.618968	 0.598088	 0.048396	-0.505186	 0.499009	 0.499613	-0.130672	 0.498309	-0.346588	-0.498673	 0.499958
-0.727627	-2.608492	 0.595878	 0.048396	-0.503164	 0.499010	 0.499613	 0.243705	 0.498309	-0.744892	 0.001327	 0.499958
-0.971611	-2.598058	 0.593586	 0.048396	-0.501151	 0.499010	 0.499613	 0.429657	 0.498309	-0.941757	 0.250324	 0.499958
-1.091172	-2.587666	 0.591257	 0.048396	-0.500144	 0.499010	 0.499613	 0.521402	 0.498309	-1.037913	 0.374823	 0.499958
-1.148531	-2.577315	 0.588915	 0.048396	-0.499640	 0.499010	 0.499613	 0.566048	 0.498309	-0.583723	-0.062928	 0.499958
-1.174799	-2.567006	 0.586571	 0.048396	-0.499389	 0.499010	 0.499613	 0.587150	 0.498309	-0.356627	-0.280802	 0.499958
-0.685530	-2.556738	 0.584230	 0.048396	-0.499263	 0.499010	 0.499613	 0.596485	 0.498309	-0.243080	-0.389739	 0.499958
-0.440896	-2.546511	 0.581896	 0.048396	-0.499200	 0.499010	 0.499613	 0.599940	 0.498309	-0.186306	-0.444207	 0.499958
-0.818579	-2.536325	 0.579570	 0.048396	-0.499169	 0.499010	 0.499613	 0.600461	 0.498309	-0.157919	-0.471442	 0.499958
-1.005028	-2.526180	 0.577252	 0.048396	-0.499153	 0.499010	 0.499613	 0.599520	 0.498309	-0.143726	-0.485059	 0.499958
-1.095870	-2.516075	 0.574944	 0.048396	-0.499145	 0.499010	 0.499613	 0.597852	 0.498309	-0.136629	-0.491867	 0.499958
-1.138917	-2.506011	 0.572644	 0.048396	-0.499141	 0.499010	 0.499613	 0.595825	 0.498309	-0.133081	-0.495272	 0.499958
-1.158077	-2.495987	 0.570354	 0.048396	-0.499139	 0.499010	 0.499613	 0.593625	 0.498309	-0.131306	-0.496974	 0.499958
-1.165302	-2.486003	 0.568072	 0.048396	-0.499138	 0.499010	 0.499613	 0.591341	 0.498309	-0.130419	-0.497825	 0.499958
-1.166570	-2.476059	 0.565800	 0.048396	-0.499138	 0.499010	 0.499613	 0.589022	 0.498309	-0.129976	-0.498250	 0.499958
-1.164868	-2.466155	 0.563537	 0.048396	-0.499137	 0.499010	 0.499613	 0.586688	 0.498309	-0.629754	-0.498463	 0.499958
-1.161691	-2.456290	 0.561283	 0.048396	-0.499137	 0.499010	 0.499613	 0.584353	 0.498309	-0.877384	-0.498569	 0.499958
-1.157785	-2.446465	 0.559037	 0.048396	-0.499137	 0.499010	 0.499613	 0.582021	 0.498309	-0.498949	-0.498623	 0.499958
-1.153524	-2.436679	 0.556801	 0.048396	-0.499137	 0.499010	 0.499613	 0.579696	 0.498309	-0.309731	-0.498649	 0.499958
-1.149095	-2.426932	 0.554574	 0.048396	-0.499137	 0.499010	 0.499613	 0.577379	 0.498309	-0.215123	-0.498663	 0.499958
-1.144592	-2.417224	 0.552356	 0.048396	-0.499137	 0.499010	 0.499613	 0.575070	 0.498309	-0.167818	-0.498669	 0.499958
-1.140060	-2.407556	 0.550146	 0.048396	-0.499137	 0.499010	 0.499613	 0.572770	 0.498309	-0.144166	-0.498672	 0.499958
-1.135523	-2.397925	 0.547946	 0.048396	-0.499137	 0.499010	 0.499613	 0.570479	 0.498309	-0.632340	-0.498674	 0.499958
-1.130992	-2.388334	 0.545754	 0.048396	-0.499137	 0.499010	 0.499613	 0.568197	 0.498309	-0.874186	-0.498675	 0.499958
-1.126474	-2.378780	 0.543571	 0.048396	-0.499137	 0.499010	-0.000387	 0.565925	 0.498309	-0.492877	-0.498675	 0.499958
-1.121971	-2.369265	 0.541397	 0.048396	-0.499137	 0.499010	-0.249386	 0.563661	 0.498309	-0.302222	-0.498676	 0.499958
-1.117484	-2.359788	 0.539231	 0.048396	-0.499137	 0.499010	 0.126114	 0.561406	 0.498309	-0.206895	-0.498676	 0.499958
-1.113015	-2.350349	 0.537074	 0.048396	-0.499137	 0.499010	 0.312861	 0.559161	 0.498309	-0.159231	-0.498676	 0.499958
-1.108564	-2.340948	 0.534926	 0.048396	-0.499137	 0.499010	 0.406234	 0.556924	 0.498309	-0.135400	-0.498676	 0.499958
-1.104130	-2.331584	 0.532786	 0.048396	-0.499137	 0.499010	 0.452921	 0.554696	 0.498309	-0.123484	-0.498676	 0.499958
-1.099713	-2.322257	 0.530655	 0.048396	-0.499137	 0.499010	 0.476265	 0.552477	 0.498309	-0.117526	-0.498676	 0.499958
-1.095314	-2.312968	 0.528532	 0.048396	-0.499137	 0.499010	 0.487936	 0.550268	 0.498309	-0.114547	-0.498676	 0.499958
-1.090933	-2.303717	 0.526418	 0.048396	-0.499137	 0.499010	 0.493772	 0.548067	 0.498309	-0.113057	-0.498676	 0.499958
-0.586569	-2.294502	 0.524313	-0.451604	-0.499137	 0.499010	 0.496690	 0.545874	 0.498309	-0.112313	-0.498676	 0.499958
-0.334387	-2.285324	 0.522215	-0.699701	-0.499137	 0.499010	 0.498149	 0.543691	 0.498309	-0.111940	-0.498676	 0.499958
-0.208297	-2.276182	 0.520127	-0.321854	-0.499137	 0.499010	 0.498878	 0.541516	 0.498309	-0.111754	-0.498676	 0.499958
-0.145251	-2.267078	 0.518046	-0.132930	-0.499137	 0.499010	 0.499243	 0.539350	 0.498309	-0.111661	-0.498676	 0.499958
-0.613728	-2.258009	 0.515974	-0.038468	-0.499137	 0.499010	-0.500574	 0.537193	 0.998309	-0.111614	-0.498676	 0.499958
-0.845803	-2.248977	 0.513910	 0.008763	-0.499137	 0.499010	-0.997483	 0.535044	 1.245312	-0.111591	-0.498676	 0.499958
-0.959684	-2.239981	 0.511854	 0.032378	-0.499137	 0.499010	-0.242948	 0.532904	 0.865829	-0.611579	-0.498676	 0.499958
-1.014477	-2.231021	 0.509807	 0.044186	-0.499137	 0.499010	 0.133296	 0.530772	 0.676088	-0.859350	-0.498676	 0.499958
-1.039736	-2.222097	 0.507768	 0.050090	-0.499137	 0.499010	 0.320399	 0.528649	 0.581217	-0.981022	-0.498676	 0.499958
-0.550235	-2.213209	 0.505737	 0.053041	-0.499137	 0.499010	 0.412936	 0.526534	 0.533782	-0.539652	-0.498676	 0.499958
-0.305484	-2.204356	 0.503714	 0.054517	-0.499137	 0.499010	 0.458193	 0.524428	 0.510064	-0.318967	-0.498676	 0.499958
-0.683109	-2.195539	 0.501699	 0.055255	-0.499137	 0.499010	 0.479815	 0.522330	-0.001795	-0.708625	-0.498676	 0.499958
-0.869800	-2.186757	 0.500691	 0.055624	-0.499137	 0.499010	 0.489623	 0.520241	-0.256697	-0.901257	-0.498676	 0.499958
-0.961033	-2.178010	 0.500188	 0.055809	-0.499137	 0.499010	 0.494527	 0.518160	 0.116875	-0.995385	-0.498676	 0.499958
-1.004544	-2.169297	 0.499936	 0.055901	-0.499137	 0.499010	 0.496979	 0.516088	 0.303661	-1.040270	-0.498676	 0.499958
-1.024204	-2.160620	 0.499810	 0.055947	-0.499137	 0.499010	 0.498205	 0.514023	 0.397054	-0.560543	-0.498676	 0.499958
-1.031946	-2.151978	 0.499747	 0.055970	-0.499137	 0.499010	 0.498818	 0.511967	 0.443751	-0.320679	-0.498676	 0.499958
-1.033738	-2.143370	 0.499715	 0.055982	-0.499137	 0.499010	 0.499125	 0.509919	 0.467099	-0.200747	-0.498676	 0.499958
-1.032563	-2.134796	 0.499700	 0.055988	-0.499137	 0.499010	 0.499278	 0.507880	 0.478773	-0.140781	-0.498676	 0.499958
-1.029912	-2.126257	 0.499692	 0.055991	-0.499137	 0.499010	 0.499354	 0.505848	 0.484610	-0.110798	-0.498676	 0.499958
-1.026533	-2.117752	 0.499688	 0.055992	-0.499137	 0.499010	-0.500607	 0.503825	 0.487529	-0.595806	-0.498676	 0.499958
-1.022796	-2.109281	 0.499686	 0.055993	-0.499137	 0.499010	-0.997587	 0.501809	 0.488988	-0.836149	-0.498676	 0.499958
-0.518890	-2.100844	 0.499685	 0.055993	-0.499137	 0.499010	-0.743088	 0.500802	 0.489718	-0.954167	-0.498676	 0.499958
-0.266937	-2.092441	 0.499684	 0.055993	-0.499137	 0.499010	-0.615838	 0.500298	 0.490083	-1.011032	-0.498676	 0.499958
-0.640961	-2.084071	 0.499684	 0.055993	-0.499137	 0.499010	-0.052213	 0.500046	 0.990265	-0.537329	-0.498676	 0.499958
-0.825942	-2.075735	 0.499684	 0.055993	-0.499137	 0.499010	 0.228576	 0.499920	 1.237375	-0.300477	-0.498676	 0.499958
-0.916411	-2.067432	 0.499684	 0.055993	-0.499137	 0.499010	 0.367952	 0.499857	 1.357962	-0.182051	-0.498676	 0.499958
-0.959632	-2.059162	 0.499684	 0.055993	-0.499137	 0.499010	-0.063374	 0.499825	 0.915298	-0.122838	-0.498676	 0.499958
-0.979237	-2.050925	 0.499684	 0.055993	-0.499137	 0.499010	-0.279038	 0.499810	 0.693966	-0.093232	-0.498676	 0.499958
-0.987041	-2.042722	 0.499684	 0.055993	-0.499137	-0.000990	 0.113131	 0.499802	 0.583300	-0.078429	-0.498676	 0.499958
-0.988954	-2.034551	 0.499684	 0.055993	-0.499137	-0.249988	 0.308204	 0.499798	 0.527967	-0.071027	-0.498676	 0.499958
-0.987929	-2.026413	 0.499684	 0.055993	-0.499137	-0.374487	 0.404735	 0.499796	 0.500300	-0.567326	-0.498676	 0.499958
-0.985442	-2.018307	 0.499684	 0.055993	-0.499137	-0.436736	 0.451997	 0.499795	 0.486467	-0.813349	-0.498676	 0.499958
-0.482233	-2.010234	 0.499684	 0.055993	-0.499137	-0.467861	 0.475629	 0.499795	 0.479550	-0.434241	-0.498676	 0.499958
-0.230628	-2.002193	 0.499684	 0.055993	-0.499137	-0.483424	 0.487444	 0.499794	 0.476092	-0.244687	-0.498676	 0.499958
-0.104826	-1.994184	 0.499684	 0.055993	-0.499137	-0.491205	 0.493352	 0.499794	 0.474363	-0.149910	-0.498676	 0.499958
-0.541925	-1.986207	 0.499684	 0.055993	-0.499137	 0.004905	 0.496306	 0.499794	 0.473498	-0.102522	-0.498676	 0.499958
-0.758516	-1.978262	 0.499684	 0.055993	-0.499137	 0.251957	 0.497783	 0.499794	 0.473066	-0.078828	-0.498676	 0.499958
-0.864862	-1.970349	 0.499684	 0.055993	-0.499137	 0.375484	 0.498521	 0.499794	 0.472850	-0.066980	-0.498676	 0.499958
-0.916092	-1.962468	 0.499684	 0.055993	-0.499137	 0.437247	 0.498891	 0.499794	 0.472742	-0.061057	-0.498676	 0.499958
-0.939773	-1.954618	 0.499684	 0.055993	-0.499137	 0.468128	 0.499075	 0.499794	 0.472688	-0.058095	-0.498676	 0.499958
-0.949686	-1.946800	 0.499684	 0.055993	-0.499137	 0.483569	 0.499167	 0.499794	 0.472661	-0.056614	-0.498676	 0.499958
-0.952723	-1.939012	 0.499684	 0.055993	-0.499137	 0.491290	 0.499214	 0.499794	 0.472647	-0.055874	-0.498676	 0.499958
-0.952331	-1.931256	 0.499684	 0.055993	-0.499137	 0.495150	 0.499237	 0.499794	 0.472640	-0.055504	-0.498676	 0.499958
-0.950230	-1.923531	 0.499684	 0.055993	-0.499137	 0.497080	 0.499248	 0.499794	 0.472637	-0.055318	-0.498676	 0.499958
-0.947284	-1.915837	 0.499684	 0.055993	-0.499137	 0.498045	 0.499254	 0.499794	 0.472635	-0.055226	-0.498676	 0.499958
-0.943922	-1.908174	 0.499684	 0.055993	-0.499137	 0.498527	 0.499257	 0.499794	 0.472634	-0.055180	-0.498676	 0.499958
-0.940360	-1.900541	 0.499684	 0.055993	-0.499137	 0.498769	 0.499258	 0.499794	 0.472634	-0.055157	-0.498676	 0.499958
-0.936705	-1.892939	 0.499684	 0.055993	-0.499137	 0.498889	 0.499259	 0.499794	 0.472634	-0.055145	-0.498676	 0.499958
-0.933012	-1.885367	 0.499684	 0.055993	-0.499137	 0.498950	 0.499259	 0.499794	 0.472634	-0.055139	-0.498676	 0.499958
-0.929307	-1.877826	 0.499684	 0.055993	-0.499137	 0.498980	 0.499260	 0.499794	 0.472634	-0.055136	-0.498676	 0.499958
-0.925603	-1.870314	 0.499684	 0.555993	-0.499137	 0.498995	 0.499260	 0.499794	 0.472634	-0.055135	-0.498676	 0.499958
-0.921907	-1.862833	 0.499684	 0.803881	-0.499137	 0.499002	 0.499260	 0.499794	 0.472634	-0.055134	-0.498676	 0.499958
-0.918223	-1.855382	 0.499684	 0.925722	-0.499137	 0.499006	 0.499260	 0.499794	 0.472634	-0.055134	-0.498676	 0.499958
-0.914552	-1.847960	 0.499684	 0.484547	-0.499137	 0.499008	 0.499260	 0.499794	 0.472634	-0.055134	-0.498676	 0.499958
-0.910894	-1.840569	 0.499684	 0.263960	-0.499137	 0.499009	 0.499260	 0.499794	 0.472634	-0.055133	-0.498676	 0.499958
-0.907251	-1.833206	 0.499684	 0.153666	-0.499137	 0.499010	 0.499260	 0.499794	 0.472634	-0.555133	-0.498676	 0.499958
-0.903622	-1.825873	 0.499684	 0.098519	-0.499137	 0.499010	 0.499260	 0.499794	 0.472634	-0.803023	-0.498676	 0.499958
-0.900008	-1.818570	 0.499684	 0.070946	-0.499137	 0.499010	-0.000740	 0.499794	 0.472634	-0.924866	-0.498676	 0.499958
-0.896408	-1.811296	 0.499684	 0.057159	-0.499137	 0.499010	-0.249739	 0.499794	 0.472634	-0.983694	-0.498676	 0.499958
-0.392822	-1.804050	 0.499684	 0.550265	-0.499137	 0.499010	 0.125762	 0.499794	 0.472634	-1.011023	-0.498676	 0.499958
-0.141029	-1.796834	 0.499684	 0.794732	-0.499137	 0.499010	 0.312510	 0.499794	 0.472634	-1.022611	-0.498676	 0.499958
-0.015133	-1.789647	 0.499684	 0.914887	-0.499137	 0.499010	 0.405884	 0.499794	 0.472634	-1.026337	-0.498676	 0.499958
-0.452185	-1.782488	 0.499684	 0.472894	-0.499137	 0.499010	 0.452571	 0.499794	 0.472634	-0.526139	-0.498676	 0.499958
-0.668932	-1.775358	 0.499684	 0.251898	-0.499137	 0.499010	 0.475914	 0.499794	 0.472634	-0.276040	-0.498676	 0.499958
-0.275535	-1.768257	 0.499684	 0.141400	-0.499137	 0.499010	 0.487586	 0.499794	 0.972634	-0.150991	-0.498676	 0.499958
-0.078836	-1.761184	 0.499684	 0.086151	-0.499137	 0.499010	 0.493422	 0.499794	 1.219688	-0.088466	-0.498676	 0.499958
-0.480486	-1.754139	 0.499684	 0.058526	-0.999137	 0.499010	 0.496340	 0.499794	 1.340282	-0.057204	-0.498676	 0.499958
-0.679547	-1.747123	 0.499684	 0.044714	-1.246139	 0.499010	 0.497799	 0.499794	 1.397657	-0.041573	-0.498676	 0.499958
-0.277321	-1.740134	 0.499684	 0.037808	-0.866653	 0.499010	-0.001472	 0.499794	 0.923435	-0.033757	-0.498676	 0.499958
-0.076207	-1.733174	 0.499684	 0.034355	-0.676911	 0.499010	-0.250106	 0.499794	 0.686324	-0.029850	-0.498676	 0.499958
 0.024349	-1.726241	 0.499684	 0.032628	-0.582039	 0.499010	-0.374422	 0.499794	 0.567768	-0.027896	-0.498676	 0.499958
-0.425372	-1.719336	 0.499684	 0.031765	-0.534604	-0.000990	 0.063419	 0.499794	 0.508490	-0.526919	-0.498676	 0.499958
-0.648483	-1.712459	 0.499684	 0.031333	-0.510886	-0.249988	 0.281337	 0.499794	 0.478851	-0.774378	-0.498676	 0.499958
-0.758295	-1.705609	 0.499684	 0.031117	-0.499027	 0.125513	 0.390297	 0.499794	 0.464032	-0.396065	-0.498676	 0.499958
-0.811465	-1.698786	 0.499684	 0.031010	-0.493097	 0.312261	 0.444776	 0.499794	 0.456622	-0.206908	-0.498676	 0.499958
-0.836321	-1.691991	 0.499684	 0.030956	-0.490133	-0.094364	 0.472016	 0.499794	 0.952917	-0.112329	-0.498676	-0.000042
-0.847026	-1.685223	 0.499684	 0.030929	-0.488650	-0.296675	 0.485636	 0.499794	 1.198166	-0.065040	-0.498676	-0.249041
-0.850663	-1.678482	 0.499684	 0.530915	-0.487909	-0.397831	 0.492446	 0.499794	 0.817904	-0.041395	-0.498676	 0.126459
-0.850773	-1.671768	 0.499684	 0.778847	-0.487539	-0.448408	 0.495851	 0.499794	 0.627773	-0.029573	-0.498676	 0.313205
-0.849127	-1.665081	 0.499684	 0.900759	-0.487353	-0.473697	 0.497553	 0.499794	 0.532707	-0.023662	-0.498676	 0.406578
-0.846608	-1.658421	 0.499684	 0.959670	-0.487261	 0.013658	 0.498404	 0.499794	 0.985175	-0.020706	-0.498676	 0.453264
-0.843661	-1.651787	 0.499684	 0.987088	-0.487214	 0.256334	 0.498830	 0.499794	 1.208533	-0.019228	-0.498676	 0.476608
-0.840506	-1.645180	 0.499684	 0.498768	-0.487191	 0.377672	-0.000957	-0.000206	 0.817348	-0.018490	-0.498676	 0.488279
-0.837254	-1.638599	 0.499684	 0.254608	-0.487180	 0.438341	-0.249849	-0.249206	 0.621756	-0.018120	-0.498676	 0.494115
-0.333960	-1.632045	 0.499684	 0.132528	-0.487174	 0.468675	 0.125705	 0.126295	 1.023960	-0.017935	-0.498676	 0.497033
-0.082312	-1.625517	 0.499684	 0.071488	-0.487171	 0.483843	 0.312479	 0.313041	 1.222210	-0.017843	-0.498676	 0.498492
 0.043511	-1.619015	 0.499684	 0.040968	-0.487169	 0.491426	 0.405866	 0.406414	 1.318493	-0.017797	-0.498676	 0.499221
 0.106423	-1.612539	 0.499684	 0.025708	-0.487169	 0.495218	 0.452560	 0.453101	 1.363806	-0.017774	-0.498676	 0.499586
 0.137879	-1.606089	 0.499684	 0.018078	-0.487168	 0.497114	 0.475907	 0.476444	 1.383644	-0.017762	-0.498676	 0.499768
-0.346393	-1.599664	 0.499684	 0.014263	-0.487168	 0.498062	 0.487580	 0.488116	 0.890756	-0.017756	-0.498676	 0.499860
-0.586868	-1.593266	 0.499684	 0.012355	-0.487168	 0.498536	 0.493417	 0.493952	 0.644312	-0.017754	-0.498676	 0.499905
-0.705451	-1.586892	 0.499684	-0.488598	-0.487168	 0.498773	 0.496335	 0.496870	 0.521090	-0.017752	-0.498676	 0.499928
-0.763094	-1.580545	 0.499684	-0.737096	-0.487168	 0.498891	 0.497794	 0.498329	 0.459479	-0.017751	-0.498676	 0.499939
-0.290274	-1.574223	 0.499684	-0.359374	-0.487168	 0.498951	 0.498524	 0.499058	 0.428673	-0.017751	-0.498676	 0.499945
-0.053864	-1.567926	 0.499684	-0.170513	-0.487168	 0.498980	 0.498889	 0.499423	 0.413271	-0.017751	-0.498676	 0.499948
-0.435659	-1.561654	 0.499684	-0.076082	-0.487168	 0.498995	 0.499071	 0.499605	 0.405569	-0.017751	-0.498676	 0.499949
-0.624922	-1.555408	 0.499684	-0.028867	-0.487168	 0.499002	 0.499162	 0.499696	 0.401718	-0.017751	-0.498676	 0.499950
-0.717925	-1.549186	 0.499684	-0.005259	-0.487168	 0.499006	 0.499208	 0.499742	 0.399793	-0.017751	-0.498676	 0.499950
-0.762804	-1.542989	 0.499684	 0.006545	-0.487168	 0.499008	 0.499231	 0.499765	 0.398830	-0.017751	-0.498676	 0.499951
-0.783629	-1.536817	 0.499684	 0.012447	-0.487168	 0.499009	 0.499242	 0.499776	 0.398349	-0.017751	-0.498676	 0.499951
-0.292432	-1.530670	 0.499684	 0.515398	-0.487168	 0.499009	 0.499248	 0.499782	 0.898108	-0.517751	-0.498676	 0.499951
-0.046834	-1.524547	 0.499684	 0.764836	-0.487168	 0.499010	 0.499251	 0.499785	 1.145192	-0.765715	-0.498676	 0.499951
-0.424035	-1.518449	 0.499684	 0.387527	-0.487168	 0.499010	 0.499252	 0.499786	 1.265950	-0.887670	-0.498676	 0.499951
-0.611033	-1.512375	 0.499684	 0.198873	-0.487168	 0.499010	 0.499253	 0.499787	 1.323555	-0.946628	-0.498676	 0.499951
-0.702935	-1.506326	 0.499684	 0.104545	-0.487168	 0.499010	 0.499253	 0.499787	 0.849595	-0.974096	-0.498676	 0.499951
-0.747297	-1.500300	 0.499684	 0.057382	-0.487168	 0.499010	 0.499253	 0.499787	 0.612616	-0.985827	-0.498676	 0.499951
-0.267895	-1.494299	 0.499684	 0.533800	-0.487168	 0.499010	 0.499253	 0.499788	 0.494126	-0.489697	-0.498676	 0.499951
-0.028194	-1.488322	 0.499684	 0.769988	-0.487168	 0.499010	 0.499254	 0.499788	 0.434881	-0.241632	-0.498676	 0.499951
 0.091657	-1.482369	 0.499684	 0.886070	-0.487168	 0.499010	 0.499254	 0.499788	 0.405258	-0.117600	-0.498676	 0.499951
-0.348418	-1.476439	 0.499684	 0.442107	-0.487168	 0.499010	 0.499254	 0.499788	 0.890447	-0.555584	-0.498676	 0.499951
-0.566878	-1.470534	 0.499684	 0.220125	-0.487168	 0.499010	 0.499254	 0.499788	 1.130290	-0.772589	-0.498676	 0.499951
-0.674538	-1.464651	 0.499684	 0.109135	-0.487168	 0.499010	 0.499254	 0.499788	 1.247471	-0.379112	-0.498676	 0.499951
-0.726803	-1.458793	 0.499684	 0.053639	-0.487168	 0.499010	 0.499254	 0.499788	 1.303333	-0.182373	-0.498676	 0.499951
-0.751377	-1.452958	 0.499684	 0.525892	-0.487168	 0.499010	 0.499254	 0.499788	 0.828545	-0.084004	-0.498676	 0.499951
-0.762113	-1.447146	 0.499684	 0.760021	-0.487168	 0.499010	 0.499254	 0.499788	 0.591151	-0.034820	-0.498676	 0.499951
-0.265935	-1.441357	 0.499684	 0.375098	-0.487168	 0.499010	 0.499254	 0.499788	 0.972454	-0.010227	-0.498676	 0.499951
-0.017846	-1.435592	 0.499684	 0.182636	-0.487168	 0.499010	 0.499254	 0.499788	 1.160398	 0.002069	-0.498676	 0.499951
 0.106199	-1.429849	 0.499684	 0.086405	-0.487168	 0.499010	 0.499254	 0.499788	 1.251674	 0.008217	-0.498676	 0.499951
 0.168221	-1.424130	 0.499684	 0.038290	-0.487168	 0.499010	 0.499254	 0.499788	 1.294625	 0.011291	-0.498676	 0.499951
 0.199232	-1.418434	 0.499684	 0.014232	-0.487168	 0.499010	 0.499254	 0.499788	 1.313426	 0.012828	-0.498676	 0.499951
 0.214738	-1.412760	 0.499684	 0.002203	-0.487168	 0.499010	 0.499254	 0.499788	 1.320162	 0.013597	-0.498676	 0.499951
 0.222490	-1.407109	 0.499684	-0.003811	-0.487168	 0.499010	 0.499254	 0.499788	 1.320876	 0.013981	-0.498676	 0.499951
-0.273633	-1.401480	 0.499684	-0.006818	-0.487168	 0.499010	-0.000746	 0.499788	 0.818590	 0.014173	-0.498676	 0.499951
-0.520155	-1.395874	 0.499684	-0.008322	-0.487168	 0.499010	-0.249745	 0.499788	 0.567447	 0.014269	-0.498676	 0.499951
