-1.397689	-1.400049	 0.468318	 0.583496	-0.486658	 0.499748	 0.498749	-0.128575	-0.362700	 0.499401	-0.406038	 0.499843
-1.421949	-1.394449	 0.468318	 0.582633	-0.486647	 0.499748	 0.498749	-0.128575	-0.363129	 0.499401	-0.406038	 0.499843
-1.431187	-1.388871	 0.468318	 0.581039	-0.486641	 0.499748	 0.498749	-0.128575	-0.363344	 0.499401	-0.406038	 0.499843
-1.432925	-1.383316	 0.468318	 0.579082	-0.486638	 0.499748	 0.498749	-0.128575	-0.363451	 0.499401	-0.406038	 0.499843
-1.430925	-1.377782	 0.468318	 0.576950	-0.986636	 0.499748	 0.498749	-0.128575	-0.363505	 0.499401	-0.406038	 0.499843
-1.427067	-1.372271	 0.468318	 0.574734	-1.233662	 0.499748	 0.498749	-0.128575	-0.363532	 0.499401	-0.406038	 0.499843
-1.422291	-1.366782	 0.468318	-0.427519	-0.854214	 0.499748	 0.498749	-0.128575	-0.363545	 0.499401	-0.406038	 0.499843
-1.417068	-1.361315	 0.468318	-0.925786	-0.664490	 0.499748	 0.498749	-0.128575	-0.363552	 0.499401	-0.406038	 0.499843
-0.911633	-1.355870	 0.468318	-0.172071	-0.569628	 0.499748	 0.498749	-0.128575	-0.363555	 0.499401	 0.093962	 0.499843
-0.658916	-1.350446	 0.468318	 0.203623	-0.522197	 0.499748	 0.498749	-0.128575	-0.363557	 0.499401	 0.342774	 0.499843
-0.532557	-1.345045	 0.468318	 0.390311	-0.498481	 0.499748	 0.498749	-0.128575	-0.363558	 0.499401	 0.465997	 0.499843
-0.469378	-1.339664	 0.468318	 0.482502	-0.486623	 0.499748	 0.498749	-0.128575	-0.363558	 0.499401	 0.026430	 0.499843
-0.437788	-1.334306	 0.468318	 0.527447	-0.480695	 0.499748	 0.498749	-0.128575	-0.363558	 0.499401	-0.193353	 0.499843
-0.921993	-1.328969	 0.468318	 0.048775	-0.477730	 0.499748	 0.498749	-0.128575	-0.363558	 0.499401	-0.303245	 0.499843
-1.161283	-1.323653	 0.468318	-0.190561	-0.476248	 0.499748	 0.498749	-0.128575	-0.363558	 0.499401	-0.358191	 0.499843
-1.278127	-1.318358	 0.468318	 0.189771	-0.475507	 0.499748	 0.498749	-0.128575	-0.363558	 0.499401	-0.385664	 0.499843
-1.333759	-1.313085	 0.468318	 0.378797	-0.475136	 0.499748	 0.498749	-0.128575	-0.363558	 0.499401	-0.399400	 0.499843
-1.358797	-1.307832	 0.468318	 0.472175	-0.474951	 0.499748	 0.498749	-0.128575	 0.136441	 0.499401	-0.406269	 0.499843
-1.368547	-1.302601	 0.468318	 0.517732	-0.474858	 0.499748	 0.498749	-0.128575	 0.385169	 0.499401	-0.409703	 0.499843
-1.370666	-1.297391	 0.468318	 0.539384	-0.474812	 0.499748	 0.498749	-0.128575	 0.508264	 0.499401	-0.411420	 0.499843
-1.368980	-1.292201	 0.468318	 0.549088	-0.474789	 0.499748	 0.498749	-0.128575	 0.068550	 0.499401	-0.412278	 0.499843
-1.365403	-1.287032	 0.468318	 0.552823	-0.474777	 0.499748	 0.498749	-0.128575	-0.151308	 0.499401	-0.412708	 0.499843
-1.360890	-1.281884	 0.468318	 0.553577	 0.025228	 0.499748	 0.498749	-0.128575	 0.238763	 0.499401	-0.412922	 0.999843
-1.355921	-1.276757	 0.468318	 0.552845	 0.274181	 0.499748	 0.498749	-0.128575	 0.432541	 0.499401	-0.413030	 1.246843
-0.850735	-1.271649	 0.968318	 0.551375	-0.102389	 0.499748	 0.498749	-0.128575	 0.528178	 0.499401	-0.413083	 0.867356
-0.598142	-1.266563	 1.215381	 0.549540	-0.290674	 0.499748	 0.498749	-0.128575	 0.574748	 0.499401	-0.413110	 0.677612
-0.471845	-1.261497	 1.335988	 0.547527	-0.384817	 0.499748	-0.001251	-0.128575	 0.596791	 0.499401	-0.413123	 0.582740
-0.408697	-1.256451	 1.393378	 0.545430	-0.431888	 0.499748	-0.250248	-0.128575	 0.606575	 0.499401	-0.413130	 0.535304
-0.377122	-1.251425	 1.419172	 0.543295	-0.455424	 0.499748	-0.374747	-0.128575	 0.610234	 0.499401	-0.413133	 0.511586
-0.861335	-1.246419	 0.929179	 0.041145	 0.032809	 0.499748	 0.063004	-0.128575	 0.110835	 0.499401	-0.413135	 0.499727
-1.100751	-1.241433	 0.684182	-0.209930	 0.275883	 0.499748	 0.280877	-0.128575	-0.138864	 0.499401	-0.413136	 0.493798
-1.217778	-1.236468	 0.561684	 0.164532	-0.103618	 0.499748	 0.389814	-0.128575	-0.263713	 0.499401	-0.413136	 0.490833
-1.273622	-1.231522	 0.500435	 0.350685	-0.293369	 0.499748	 0.444283	-0.128575	-0.326138	 0.499401	-0.413137	 0.489350
-1.298885	-1.226596	 0.469810	-0.057312	-0.388244	 0.499748	 0.471517	-0.128575	-0.357350	 0.499401	-0.413137	 0.488609
-1.308869	-1.221689	 0.454498	-0.261310	-0.435682	 0.499748	 0.485134	-0.128575	-0.372957	 0.499401	-0.413137	 0.488239
-0.811222	-1.216803	 0.446842	-0.363309	-0.459400	 0.499748	 0.491943	-0.128575	-0.380760	 0.499401	-0.413137	 0.488053
-0.562399	-1.211935	 0.443014	-0.414309	-0.471260	 0.499748	 0.495347	-0.128575	-0.384661	 0.499401	-0.413137	 0.487961
-0.437988	-1.207088	 0.441100	-0.439809	-0.477189	 0.499748	 0.497049	-0.128575	-0.386612	 0.499401	-0.413137	 0.487914
-0.375782	-1.202259	 0.440143	 0.047441	-0.480154	 0.499748	 0.497900	-0.128575	-0.387587	 0.499401	-0.413137	 0.487891
-0.344679	-1.197450	 0.439664	 0.289997	-0.481637	 0.499748	 0.498326	-0.128575	-0.388075	 0.499401	-0.413137	 0.487880
-0.329128	-1.192660	 0.439425	 0.410210	-0.482378	 0.499748	 0.498538	-0.128575	-0.388319	 0.499401	-0.413137	 0.487874
-0.321352	-1.187890	 0.439305	 0.469255	-0.482749	 0.499748	 0.498645	-0.128575	-0.388441	 0.499401	-0.413137	 0.487871
-0.817464	-1.183138	 0.439245	 0.497721	-0.482934	 0.499748	-0.001302	-0.128575	-0.388502	 0.499401	-0.413137	 0.487870
-1.062893	-1.178406	 0.439215	 0.510902	-0.483027	 0.499748	-0.250273	-0.128575	-0.388532	 0.499401	-0.413137	 0.487869
-1.182991	-1.173692	 0.439200	 0.516444	-0.483073	 0.499748	 0.125242	-0.128575	-0.388548	 0.499401	-0.413137	 0.487868
-1.240434	-1.168997	 0.439193	 0.518171	-0.483096	 0.499748	 0.311997	-0.128575	-0.388555	 0.499401	-0.413137	 0.487868
-1.266559	-1.164321	 0.439189	 0.517995	-0.483108	 0.499748	 0.405375	-0.128575	-0.388559	 0.499401	-0.413137	 0.487868
-0.777037	-1.159664	 0.939187	 0.516871	-0.483113	 0.499748	-0.047936	-0.128575	-0.388561	 0.499401	-0.413137	 0.487868
-0.532275	-1.155025	 1.186308	 0.515278	-0.483116	 0.499748	-0.273589	-0.128575	-0.388562	 0.499401	-0.413137	 0.487868
-0.409895	 0.849595	 0.807002	 0.013454	 0.516882	 0.499748	 0.113585	-0.128575	-0.388562	 0.499401	 0.086863	 0.487868
-0.348704	 1.846196	 0.617348	-0.237458	 1.013848	 0.499748	 0.306170	-0.128575	-0.388563	 0.499401	 0.335689	 0.487868
 0.181891	 1.838812	 0.522522	 0.137086	 0.259309	 0.499748	 0.402462	-0.128575	 0.111437	 0.499401	-0.041066	 0.487868
 0.445763	 1.831456	 0.475108	 0.323335	-0.117961	 0.499748	 0.450609	-0.128575	 0.360214	 0.499401	-0.229444	 0.487868
 1.576280	 1.324130	-0.048598	-0.084560	-0.806595	 0.999748	 0.474682	-0.128575	 0.483385	 0.499401	-0.323633	 0.487868
 2.136125	 1.068834	-0.309307	-0.288508	-1.147922	 1.246748	 0.486719	-0.128575	 0.543757	 0.499401	-0.370728	 0.487868
 2.410656	-0.060441	 0.061479	-0.390481	-2.815607	 0.867261	 0.492737	-0.128575	 0.072735	 0.499401	-0.394275	 0.487868
 2.542551	-0.622700	 0.246872	-0.441468	-3.640483	 0.677518	 0.495746	-0.128575	-0.162776	 0.499401	-0.406049	 0.487868
 2.603149	-0.901459	 0.339568	-0.466962	-4.043990	 0.582646	 0.497251	-0.128575	-0.280532	 0.499401	-0.411936	 0.487868
 2.128121	-2.038478	 0.385916	-0.479708	-3.236849	 0.535210	 0.498003	-0.128575	-0.339409	 0.499401	-0.414879	-0.012132
 1.887301	-2.600637	 0.409090	-0.486082	-2.828419	 0.511492	 0.498379	-0.128575	-0.368848	 0.499401	-0.416351	-0.261108
 1.263598	-2.875390	 0.420677	-0.989268	-2.619364	-0.000367	-0.001433	-0.128575	-0.383568	 0.499401	-0.417087	-0.384575
 0.950466	-3.006467	 0.426471	-1.237877	-2.510016	-0.255272	-0.250336	-0.128575	-0.390928	 0.499401	-0.417454	-0.445293
 0.292626	-3.565730	-0.570632	-1.359208	-3.450540	 0.118296	 0.125212	-0.128575	-0.394607	 0.499401	-0.417638	-0.474640
-0.036294	-3.837112	-1.066049	-1.416913	-3.912020	 0.305080	 0.311984	-0.128575	-0.396447	 0.499401	-0.417730	-0.488305
-0.200754	-3.964585	-1.310634	-1.442816	-4.134013	 0.398472	 0.405371	-0.128575	-0.397367	 0.499401	-0.417776	-0.494134
-0.282984	-4.020138	-1.429816	-1.452830	-4.236298	 0.445168	 0.452064	-0.128575	-0.397827	 0.499401	-0.417799	-0.497049
-0.324099	-4.039763	-1.486309	-1.454911	-4.278763	 0.468516	 0.475410	-0.128575	-0.398057	 0.499401	-0.417811	-0.498506
-0.344657	-4.041457	-1.511470	-1.453038	-4.291353	 0.480190	 0.487084	-0.128575	-0.898172	 0.499401	-0.417817	-0.499234
-0.354936	-4.034218	-1.520977	-1.449199	-4.289040	 0.486027	 0.492920	-0.128575	-1.145433	 0.499401	-0.417819	-0.499599
-0.360075	-4.022544	-1.022670	-1.444389	-3.279310	 0.488945	-0.004161	-0.628575	-1.766278	 0.499401	-0.417821	-0.499781
-0.362645	-4.008685	-0.772467	-1.439104	-2.769906	 0.490404	-0.251700	-0.876318	-2.071927	 0.499401	-0.417822	-0.499872
-0.863930	-3.493766	-0.646322	-1.433595	-2.510683	 0.491134	-0.875469	-0.997941	-1.719996	 0.499401	-0.917822	-0.999917
-1.111842	-3.230349	-0.582208	-1.427983	-2.376569	 0.491499	-1.184355	-1.056514	-1.541294	 0.499401	-1.164987	-1.246940
-1.233078	-2.592707	-0.049116	-1.422333	-1.805027	 0.491681	-1.335812	-1.083570	-1.449218	 0.499401	-0.785745	-1.367464
-1.290988	-2.269975	 0.217431	-1.416675	-1.516789	 0.491772	-1.408565	-1.094876	-1.400466	 0.499401	-0.596123	-1.424750
-1.317245	-2.104715	 0.350704	-1.411023	-1.370213	 0.491818	-1.441979	-1.098317	-1.373386	 0.499401	-0.501313	-1.450428
-1.327686	-2.018206	 0.417341	-1.405387	-1.294477	 0.491841	-0.955736	-0.597834	-1.357154	 0.499401	-0.453908	-0.960316
-1.330231	-1.971088	 0.450659	-1.399769	-1.254172	 0.491852	-0.712614	-0.347593	-1.346356	 0.499401	-0.430205	-0.715259
-0.828837	-1.943681	 0.467318	-0.894172	-1.231592	 0.491858	-0.591053	-0.222472	-1.338285	 0.499401	-0.418354	-0.592731
-0.578141	-1.926146	 0.475648	-0.641374	-1.217884	 0.491861	-0.530273	-0.159912	-1.331590	 0.499401	-0.412428	-0.531467
-0.952792	-1.913560	 0.479812	-1.014974	-1.208621	 0.491862	-0.499882	-0.628632	-1.325592	 0.499401	-0.409465	-0.500835
-1.137463	-1.903466	 0.481895	-1.198998	-1.201591	 0.491863	-0.484687	-0.860797	-1.319954	 0.499401	-0.407984	-0.485519
-1.227155	-1.894632	 0.482936	-1.288243	-1.195687	 0.491863	-0.477090	-0.974694	-1.314507	 0.499401	-0.407243	-0.477861
-1.269367	-1.886443	 0.483457	-1.330111	-1.190355	 0.491863	-0.473291	-1.029465	-1.309165	 0.499401	-0.406873	-0.474032
-1.287849	-1.878592	 0.483717	-1.348301	-1.185320	 0.491863	-0.471392	-1.054682	-1.303886	 0.499401	-0.406688	-0.472117
-1.294478	-1.870925	 0.483847	-1.354663	-1.180441	 0.491864	-0.470442	-1.065131	-1.298650	 0.499401	-0.406595	-0.471160
-1.295190	-1.863365	 0.483912	-1.355122	-1.175651	 0.491864	-0.469967	-1.068204	-1.293445	 0.499401	-0.406549	-0.470681
-1.292954	-1.855874	 0.483945	-1.352640	-1.170914	 0.491864	-0.469730	-1.067598	-1.288266	 0.499401	-0.406526	-0.470442
-1.289255	-1.848431	 0.483961	-1.348699	-1.166213	 0.491864	-0.469611	-1.065161	-1.283110	 0.499401	-0.406514	-0.470322
-1.284834	-1.841028	 0.483969	-0.844039	-1.161540	-0.008136	-0.469552	-1.061817	-1.277976	 0.499401	-0.406508	-0.470263
-1.280063	-1.833659	 0.483973	-0.591709	-1.156889	-0.257120	-0.469522	-1.058028	-1.272864	 0.499401	-0.406505	-0.470233
-1.275127	-1.326322	 0.483975	-0.465544	-1.152259	-0.380600	-0.469507	-1.054025	-0.767772	 0.499401	-0.406504	-0.470218
-1.270119	-1.071016	 0.483976	-0.402461	-1.147649	-0.441331	-0.469500	-1.049924	-0.515226	 0.499401	-0.406503	-0.470210
-1.265084	-0.941731	 0.483977	-0.370920	-1.143058	 0.029307	-0.469496	-0.545781	-0.888953	 0.499401	-0.406503	-0.470206
-1.260047	-0.875464	 0.483977	-0.355149	-1.138486	 0.264626	-0.469494	-0.293710	-1.073291	 0.499401	-0.406503	-0.470205
-1.255018	-0.840712	 0.483977	-0.347264	-1.133932	 0.382286	-0.469493	-0.167674	-1.162945	 0.499401	-0.406503	-0.470204
-1.250004	-0.821724	 0.483977	-0.343321	-1.129396	 0.441115	 0.030507	-0.104657	-0.705267	 0.499401	-0.406503	-0.470203
-1.245007	-0.810624	 0.483977	-0.341350	-1.124878	 0.470530	 0.279447	-0.073148	-0.476428	 0.499401	-0.406502	-0.470203
-1.240028	-0.803476	 0.983977	-0.340364	-1.120379	-0.014762	 0.402859	-0.057393	-0.362008	 0.499401	-0.406502	-0.470203
-1.235069	-0.798309	 1.231009	-0.339872	-1.115897	-0.256409	 0.463513	-0.049516	-0.304798	 0.499401	-0.406502	-0.470203
-0.730129	-0.794139	 1.351569	-0.339625	-1.111434	 0.122768	 0.492792	-0.045577	-0.276193	 0.499401	-0.406502	-0.470203
-0.477659	-0.790474	 1.408905	-0.339502	-1.106988	 0.311353	 0.506387	-0.043608	-0.261891	 0.499401	-0.406502	-0.470203
-0.851424	-0.787068	 1.434640	-0.339440	-1.102560	-0.094355	 0.512145	-0.542623	-0.754740	 0.499401	-0.406502	-0.470203
-1.035856	-0.783798	 1.444587	-0.339410	-1.098150	-0.296208	 0.513988	-0.790048	-0.998669	 0.499401	-0.406502	-0.470203
-1.125631	-0.780601	 1.446652	-0.339394	-1.093757	-0.397135	 0.513878	-0.911685	-1.118148	 0.499401	-0.406502	-0.470203
-1.168088	-0.777448	 1.444786	-0.339386	-1.089382	-0.447599	 0.512795	-0.470437	-0.675413	 0.499401	-0.406502	-0.470203
-1.186896	-0.774323	 1.440968	-0.339383	-1.085025	-0.472831	 0.511230	-0.249813	-0.454045	 0.499401	-0.406502	-0.470203
-1.193888	-0.771218	 1.436184	-0.339381	-0.580684	 0.014554	 0.509428	-0.139501	-0.343361	 0.499401	-0.406502	-0.470203
-1.194982	-0.768130	 1.430930	-0.339380	-0.328514	 0.257242	 0.507512	-0.084345	-0.288019	 0.499401	-0.406502	-0.470203
-1.193137	-0.765055	 1.425451	-0.339379	-0.202429	 0.378586	 0.005543	-0.056767	-0.260348	 0.499401	-0.406502	 0.029797
-1.189832	-0.761994	 1.419872	-0.339379	-0.139387	 0.439258	-0.245441	-0.042978	-0.246513	 0.499401	-0.406502	 0.278738
-1.185807	-0.758946	 1.414254	-0.339379	-0.107866	-0.030406	-0.870934	-0.036084	-0.239595	 0.499401	-0.406502	-0.097847
-1.181430	-0.755910	 1.408627	-0.339379	-0.092105	-0.264238	-1.180687	-0.032636	-0.236136	 0.499401	-0.406502	-0.286140
-1.176888	-0.752886	 1.403008	-0.339379	-0.084225	 0.118846	-0.332583	-0.030913	-0.234407	 0.499401	-0.406502	-0.380286
-1.172272	-0.749874	 1.397404	-0.339379	-0.080284	 0.309384	 0.090438	-0.030051	-0.233542	 0.499401	-0.406502	-0.427360
-1.167629	-0.746875	 1.391818	-0.339379	-0.078314	 0.404653	 0.300922	-0.029620	-0.233110	 0.499401	-0.406502	-0.450896
-1.162981	-0.743887	 0.886253	-0.339379	-0.077329	 0.452288	 0.405141	-0.029405	-0.232893	 0.499401	-0.406502	-0.462664
-1.158341	-0.740912	 0.633470	-0.339379	-0.076837	 0.476105	 0.456232	-0.029297	-0.232785	 0.499401	-0.406502	-0.468549
-0.653713	-0.737948	 1.007079	-0.339379	-0.076591	 0.488014	 0.480762	-0.029243	-0.232731	 0.499401	-0.406502	-0.471491
-0.401400	-0.734996	 1.191122	-0.339379	-0.076467	 0.493968	 0.492017	-0.029216	-0.232704	 0.499401	-0.406502	-0.472962
-0.775243	-0.732056	 0.780393	-0.339379	-0.076406	 0.496945	 0.496638	-0.029203	-0.232691	 0.499401	-0.406502	-0.473697
-0.959866	-0.729128	 0.575028	-0.339379	-0.076375	 0.498434	 0.497946	-0.029196	-0.232684	 0.499401	-0.406502	-0.474065
-1.049889	-0.726212	 0.972346	-0.339379	-0.076360	 0.499178	 0.498600	-0.029192	-0.232681	 0.499401	-0.406502	-0.474249
-1.092620	-0.723307	 1.168266	-0.339379	-0.076352	 0.499550	 0.498927	-0.029191	-0.232679	 0.499401	-0.406502	-0.474341
-1.111715	-0.720413	 1.263497	-0.339379	-0.076348	 0.499737	 0.499090	-0.029190	-0.232678	 0.499401	-0.406502	-0.474387
-1.119001	-0.717532	 1.308395	-0.339379	-0.076346	 0.499830	 0.499172	-0.029190	-0.232678	 0.499401	-0.406502	-0.474410
-1.120392	-0.714662	 1.328138	-0.339379	-0.076345	 0.499876	 0.499213	-0.029189	-0.232677	 0.499401	-0.406502	-0.474421
-0.618843	-0.711803	 1.335313	-0.339379	-0.576345	 0.499899	 0.499233	-0.029189	-0.232677	 0.499401	-0.406502	-0.474427
-0.368069	-0.708956	 1.336216	-0.339379	-0.824192	 0.499911	 0.499244	-0.029189	-0.232677	 0.499401	-0.406502	-0.474430
-0.242682	-0.706120	 1.333993	-0.339379	-0.445971	 0.499917	 0.499249	-0.029189	-0.232677	 0.499401	-0.406502	-0.474431
-0.179988	-0.703296	 1.330218	-0.339379	-0.256861	 0.499920	 0.499251	-0.029189	-0.232677	 0.499401	-0.406502	-0.474432
-0.148642	-0.700482	 1.325678	-0.339379	-0.162306	 0.499921	 0.499253	-0.029189	-0.232677	 0.499401	-0.406502	-0.474432
-0.132968	-0.697680	 1.320766	-0.339379	-0.115028	 0.499922	 0.499253	-0.029189	-0.232677	 0.499401	-0.406502	-0.474432
-0.125132	-0.694890	 1.315678	-0.339379	-0.091390	 0.499922	 0.499253	-0.029189	-0.232677	 0.499401	-0.406502	-0.474433
-0.621213	-0.692110	 1.310512	-0.339379	-0.079570	 0.499922	 0.499254	-0.029189	-0.732677	 0.499401	-0.406502	-0.474433
-0.867019	-0.689342	 1.305319	-0.339379	-0.073660	 0.499922	 0.499254	-0.029189	-0.980212	 0.499401	-0.406502	-0.474433
-0.987697	-0.686584	 0.800122	-0.339379	-0.570706	-0.000077	 0.499254	-0.029189	-0.601524	 0.499401	-0.406502	-0.474433
-1.045819	-0.683838	 0.547524	-0.339379	-0.817093	-0.249077	 0.499254	-0.029189	-0.412180	 0.499401	-0.406502	-0.474433
-1.072672	-0.681103	 0.421225	-0.339379	-0.438159	 0.126423	 0.499254	-0.029189	-0.317508	 0.499401	-0.406502	-0.474433
-1.083900	-0.678378	 0.358075	-0.339379	-0.248693	 0.313169	 0.499254	-0.029189	-0.270172	 0.499401	-0.406502	-0.474433
-1.087323	-0.675665	 0.826500	-0.339379	-0.153959	 0.406542	 0.499254	-0.029189	-0.246504	 0.499401	-0.406502	-0.474433
-1.086853	-0.672962	 1.058123	-0.339379	-0.106593	 0.453229	 0.499254	-0.029189	-0.234670	 0.499401	-0.406502	-0.474433
-0.584446	-0.670270	 1.171355	-0.339379	-0.082909	 0.476572	 0.499254	-0.029189	-0.228753	 0.999401	-0.406502	 0.025567
-0.333242	-0.667589	 1.225402	-0.339379	-0.071068	 0.488244	 0.499254	-0.029189	-0.225794	 1.246402	-0.406502	 0.274516
-0.207640	-0.664919	 1.249866	-0.339379	-0.065147	 0.494079	 0.499254	-0.029189	-0.224315	 1.366916	-0.406502	 0.397944
-0.144839	-0.662259	 1.259550	-0.339379	-0.062186	 0.496997	 0.499254	-0.029189	-0.223575	 0.924198	-0.406502	 0.458615
-0.113438	-0.659610	 1.261853	-0.339379	-0.060706	 0.498456	 0.499254	-0.029189	-0.223205	 0.702839	-0.406502	 0.487912
-0.597738	-0.656972	 1.260476	 0.160621	-0.059966	-0.000814	 0.499254	-0.029189	-0.223020	 0.592160	-0.406502	 0.001526
-0.837724	-0.654344	 1.257270	 0.409300	-0.059596	-0.249449	 0.499254	-0.029189	-0.222928	 0.536820	-0.406502	-0.241667
-0.955562	-0.651726	 1.253158	 0.032323	-0.059411	 0.126233	 0.499254	-0.029189	-0.222882	 0.509150	-0.406502	-0.363264
-1.012333	-0.649119	 1.248605	-0.156165	-0.059318	 0.313070	 0.499254	-0.029189	-0.222859	 0.495315	-0.406502	-0.424062
-0.538581	-0.646523	 1.243840	 0.249591	-0.059272	 0.406489	 0.499254	-0.029189	-0.222847	 0.488398	-0.406502	 0.045539
-0.301705	-0.643937	 1.238979	 0.451158	-0.059249	 0.453199	 0.499254	-0.029189	-0.222841	 0.484939	-0.406502	 0.279309
-0.183267	-0.641361	 1.234080	 0.550636	-0.059237	 0.476553	 0.499254	-0.029189	-0.222838	 0.483210	-0.406502	 0.395168
-0.624048	-0.638796	 1.229173	 0.099075	-0.059232	-0.011769	 0.499254	-0.029189	-0.222837	 0.482345	-0.406502	 0.452075
-0.842309	-0.636241	 1.224270	-0.126705	-0.059229	-0.254931	 0.499254	-0.029189	-0.222836	 0.481913	-0.406502	 0.479511
-0.949318	-0.633696	 1.219381	-0.239596	-0.059227	 0.123489	 0.499254	-0.029189	-0.222836	 0.481697	-0.406502	 0.492215
-1.000710	-0.631161	 1.214507	-0.296041	-0.059227	 0.311695	 0.499254	-0.029189	-0.222836	 0.481588	-0.406502	 0.497557
-1.024302	-0.628636	 1.209650	-0.324263	-0.059226	 0.405798	 0.499254	-0.029189	-0.222836	 0.481534	-0.406502	-0.000777
-1.034002	-0.626122	 1.204813	-0.338375	-0.059226	 0.452849	 0.499254	-0.029189	-0.222836	 0.481507	-0.406502	-0.249945
-1.036765	-0.623617	 1.199994	-0.345430	-0.059226	 0.476375	 0.499254	-0.029189	-0.222836	 0.481494	-0.406502	 0.125471
-1.036067	-0.621123	 1.195194	-0.348958	-0.059226	 0.488138	 0.499254	-0.029189	-0.222836	 0.481487	-0.406502	 0.312178
-1.033647	-0.618638	 1.190413	-0.350722	-0.059226	 0.494019	 0.499254	-0.029189	-0.222836	 0.481484	-0.406502	 0.405531
-0.530375	-0.616164	 1.185652	-0.351604	-0.059226	 0.496960	 0.499254	-0.029189	-0.222836	 0.481482	-0.406502	 0.452208
-0.278739	-0.613699	 1.180909	-0.352045	-0.059226	 0.498430	 0.499254	-0.029189	-0.222836	 0.481481	-0.406502	 0.475546
-0.652921	-0.611244	 1.176186	-0.352265	-0.059226	 0.499165	 0.499254	-0.029189	-0.222836	 0.481481	-0.406502	-0.012785
-0.837958	-0.608799	 1.171481	-0.352376	-0.059226	 0.499533	 0.499254	-0.029189	-0.222836	 0.481481	-0.406502	-0.255948
-0.928430	-0.606364	 1.166795	-0.352431	-0.059226	 0.499717	 0.499254	-0.029189	-0.222836	 0.481480	-0.406502	-0.377530
-0.971628	-0.603939	 1.162128	-0.352458	-0.059226	 0.499809	 0.499254	-0.029189	-0.222836	 0.481480	-0.406502	-0.438321
-0.491198	-0.601523	 1.157479	-0.352472	-0.059226	 0.499855	 0.499254	-0.529189	-0.222836	 0.481480	-0.406502	-0.468716
-0.250983	-0.599117	 1.152849	-0.352479	-0.059226	 0.499878	 0.499254	-0.777131	-0.222836	 0.481480	-0.406502	-0.483914
-0.130875	-0.596720	 1.148238	-0.352482	-0.059226	 0.499889	 0.499254	-0.899051	-0.222836	 0.481480	-0.406502	-0.491512
-0.070821	-0.594333	 1.143645	-0.352484	-0.059226	 0.499895	 0.499254	-0.957970	-0.222836	 0.481480	-0.406502	 0.004688
-0.040794	-0.591956	 1.139070	-0.352485	-0.059226	 0.499898	 0.499254	-0.985395	-0.222836	 0.481480	-0.406502	 0.251787
-0.025781	-0.589588	 1.134514	-0.352485	-0.059226	 0.499899	 0.499254	-0.497082	-0.222836	 0.981480	-0.406502	-0.124664
-0.018274	-0.587230	 1.129976	-0.352486	-0.059226	 0.499900	 0.499254	-0.252926	-0.222836	 1.228517	-0.406502	-0.311887
-0.514521	-0.584881	 1.125456	-0.352486	-0.059226	 0.499900	 0.499254	-0.130848	-0.222836	 0.849085	-0.406502	-0.405499
-0.760623	-0.582541	 1.120954	-0.352486	-0.059226	 0.499900	 0.499254	-0.069808	-0.222836	 0.659369	-0.406502	-0.452305
-0.381660	-0.080211	 1.116471	-0.352486	-0.059226	 0.499901	 0.499254	-0.039289	-0.222836	 0.564510	-0.406502	-0.475708
-0.192179	 0.170954	 1.112005	-0.352486	-0.059226	 0.499901	 0.499254	-0.024029	-0.222836	 0.517081	-0.406502	-0.487409
-0.097438	 0.296536	 1.107557	-0.352486	-0.059226	 0.499901	 0.499254	-0.016399	-0.222836	 0.493367	-0.406502	-0.493260
-0.550068	-0.140672	 1.103126	-0.352486	-0.059226	 0.499901	 0.499254	-0.012584	-0.222836	 0.481509	-0.406502	 0.003815
-0.774377	-0.358121	 1.098714	-0.352486	-0.059226	 0.499901	 0.499254	-0.010677	-0.222836	 0.475581	-0.406502	 0.251351
-0.884535	-0.465694	 1.094319	 0.147514	-0.059226	 0.499901	 0.499254	-0.009723	-0.222836	 0.472617	-0.406502	 0.375118
-0.937624	-0.518334	 1.089942	 0.396219	-0.059226	 0.499901	 0.499254	-0.009246	-0.222836	 0.471134	-0.406502	 0.437002
-0.962187	-0.543512	 1.085582	 0.019282	-0.059226	 0.499901	 0.499254	-0.009008	-0.222836	 0.470393	-0.406502	 0.467944
-0.972495	-0.554964	 1.081240	-0.169187	-0.059226	 0.499901	 0.499254	-0.008889	-0.222836	 0.470023	-0.406502	 0.483415
-0.975684	-0.559557	 1.076915	-0.263421	-0.059226	-0.000099	 0.499254	-0.008829	-0.222836	 0.469837	-0.406502	 0.491151
-0.975320	-0.560725	 1.072607	-0.310538	-0.059226	-0.249099	 0.499254	-0.008799	-0.222836	 0.469745	-0.406502	 0.495018
-0.473188	-0.560185	 1.068317	-0.334097	-0.059226	 0.126401	 0.499254	-0.508784	-0.222836	 0.469699	-0.406502	 0.496952
-0.222123	-0.558796	 1.064043	-0.345876	-0.059226	 0.313147	 0.499254	-0.756759	-0.222836	 0.469675	-0.406502	 0.497919
-0.096590	-0.556987	 1.059787	-0.351766	-0.059226	 0.406520	 0.499254	-0.878737	-0.222836	 0.469664	-0.406502	 0.498403
-0.533823	-0.054972	 1.055548	 0.145289	-0.059226	 0.453207	 0.499254	-0.437725	-0.222836	 0.469658	-0.406502	-0.001356
-0.750498	 0.196036	 1.051326	 0.392532	-0.059226	 0.476550	 0.499254	-0.217219	-0.222836	 0.469655	-0.406502	-0.250233
-0.856901	-0.178461	 1.047121	 0.014874	-0.059226	 0.488222	-0.000746	-0.106966	-0.222836	 0.469654	-0.406502	 0.125329
-0.908176	-0.364603	 1.042932	-0.173955	-0.059226	 0.494058	-0.249745	-0.051839	-0.222836	 0.469653	-0.406502	 0.312108
-0.931894	-0.456572	 1.038760	-0.268370	-0.059226	 0.496976	 0.125756	-0.024276	-0.222836	 0.469653	-0.406502	 0.405497
-0.941842	-0.501460	 1.034605	-0.315577	-0.059226	 0.498434	 0.312504	-0.010494	-0.222836	 0.469652	-0.406502	 0.452192
-0.444913	-0.522811	 1.030467	 0.160820	-0.059226	 0.499164	 0.405878	-0.003603	-0.222836	 0.469652	-0.406502	 0.475540
-0.196448	-0.532398	 1.026345	 0.397743	-0.059226	 0.499529	 0.452565	-0.000158	-0.222836	 0.469652	-0.406502	 0.487213
-0.072216	-0.536108	 1.022240	 0.514936	-0.059226	 0.499711	 0.475908	 0.001565	-0.222836	 0.469652	-0.406502	 0.493050
-0.510099	-0.536883	 1.018151	 0.072268	-0.559226	 0.499802	 0.487580	 0.002426	-0.722836	 0.469652	-0.406502	 0.495969
-0.727145	-0.536196	 1.014078	-0.149066	-0.807107	 0.499848	 0.493416	 0.002857	-0.970390	 0.469652	-0.406502	 0.497428
-0.833780	-0.534781	 1.010022	-0.259733	-0.428938	 0.499871	 0.496334	 0.003072	-0.591731	 0.469652	-0.406502	 0.498157
-0.885216	-0.533007	 1.005982	-0.315067	-0.239854	 0.499882	 0.497793	 0.003180	-0.402402	 0.469652	-0.406502	 0.498522
-0.409061	-0.531057	 1.001958	-0.342733	 0.354689	 0.499888	 0.498522	 0.003234	-0.307737	 0.469652	-0.406502	 0.498705
-0.170984	-0.529024	 0.997950	-0.356567	 0.650061	 0.499891	 0.498887	 0.003261	-0.260405	 0.469652	-0.406502	 0.498796
-0.051945	-0.526954	 0.993958	 0.136517	 0.295857	 0.499892	-0.500931	 0.003274	-0.236739	 0.469652	-0.406502	 0.498841
 0.007574	-0.524869	 0.989982	 0.381799	 0.118755	 0.499893	-0.997838	 0.003281	-0.224906	 0.469652	-0.406502	 0.498864
 0.037334	-0.522780	 0.986022	 0.503186	 0.030203	 0.499893	-1.243302	 0.003284	-0.218989	 0.469652	-0.406502	 0.498876
-0.447786	-0.520695	 0.982078	 0.062630	-0.014072	 0.499893	-0.363057	 0.003286	-0.216031	 0.469652	-0.406502	 0.498881
-0.688480	-0.518615	 0.978150	-0.157647	-0.036210	 0.499893	 0.076032	 0.003287	-0.214552	 0.469652	-0.406502	 0.498884
-0.806969	-0.016542	 0.974237	 0.232214	-0.047279	 0.499893	 0.294546	 0.003287	-0.213812	 0.469652	-0.406502	 0.498886
-0.864363	 0.234494	 0.970340	 0.425900	-0.052813	 0.499893	 0.402776	 0.003287	-0.213442	 0.469652	-0.406502	 0.498886
-0.391216	-0.139987	 0.966459	 0.021504	-0.055580	 0.499893	 0.455870	 0.003287	-0.213257	 0.469652	-0.406502	 0.498887
-0.154643	-0.326199	 0.962593	-0.180694	-0.056964	 0.499893	 0.481399	 0.003288	-0.213165	 0.469652	-0.406502	 0.498887
-0.036356	 0.081720	 0.958743	 0.218207	-0.057656	 0.499893	 0.493149	 0.003288	-0.213119	 0.469652	-0.406502	 0.498887
 0.022788	 0.285679	 0.954908	 0.416423	-0.058002	 0.499893	 0.498015	 0.003288	-0.213096	 0.469652	-0.406502	 0.498887
 0.052359	 0.387659	 0.951088	 0.514302	-0.058175	 0.499893	 0.499442	 0.003288	-0.213084	 0.469652	-0.406502	 0.498887
-0.432855	-0.061351	 0.947284	 0.562017	-0.058261	 0.499893	 0.499153	 0.003288	-0.213078	 0.469652	-0.406502	 0.498887
-0.673626	-0.284836	 0.943495	 0.584655	-0.058304	 0.499893	 0.499009	 0.003288	-0.213075	 0.469652	-0.406502	 0.498887
-0.292183	-0.395561	 0.939721	 0.094760	-0.058326	 0.499893	-0.001063	 0.003288	-0.213074	 0.469652	-0.406502	 0.498887
-0.101461	-0.449911	 0.935962	-0.150188	-0.058337	 0.499893	-0.250097	 0.003288	-0.213073	 0.469652	-0.406502	 0.498887
-0.006100	-0.476078	 0.932218	 0.227338	 0.441658	 0.499893	 0.125387	 0.003288	-0.213073	 0.469652	-0.406502	-0.001113
 0.041580	-0.488157	 0.928489	 0.414892	 0.689772	 0.499893	 0.312126	 0.003288	-0.213073	 0.469652	-0.406502	-0.250111
-0.434579	-0.493196	 0.424775	 0.007463	 0.311953	 0.499893	 0.405496	 0.003288	-0.213073	 0.469652	-0.406502	 0.125390
-0.670838	-0.495715	 0.172918	-0.196251	 0.123044	 0.499893	 0.452181	 0.003288	-0.213072	 0.469652	-0.406502	 0.312139
-0.787153	-0.496975	 0.046990	-0.298108	 0.028589	 0.499893	 0.475524	 0.003288	-0.213072	 0.469652	-0.406502	 0.405513
-0.343503	 0.002395	 0.484026	 0.150964	 0.481362	 0.499893	 0.487195	 0.003288	-0.213072	 0.469652	-0.406502	 0.452201
-0.121679	 0.251077	 0.700701	 0.374299	 0.705880	 0.499893	 0.493031	 0.003288	-0.213072	 0.469652	-0.406502	 0.475544
-0.510766	 0.375417	 0.807204	 0.484772	 0.316278	 0.499893	 0.495948	 0.003288	-0.213072	 0.469652	-0.406502	 0.487216
-0.703511	 0.437588	 0.858629	 0.538818	 0.121477	 0.499893	 0.497407	 0.003288	-0.213072	 0.469652	-0.406502	 0.493052
-0.798090	 0.468673	 0.882521	 0.564655	 0.024077	 0.499893	 0.498137	 0.003288	-0.713072	 0.469652	-0.406502	 0.495970
-0.843594	 0.484216	 0.892654	 0.576392	-0.024624	 0.499893	 0.498501	 0.003288	-0.960646	 0.469652	-0.406502	 0.497429
-0.364569	 0.491987	 0.895915	 0.581085	-0.048974	 0.499893	 0.498684	 0.003288	-0.582017	 0.469652	-0.406502	-0.001842
-0.125056	 0.495873	 0.895747	 0.582260	-0.061149	 0.499893	 0.498775	 0.003288	-0.392702	 0.469652	-0.406502	-0.250475
-0.005299	 0.497815	 0.893872	 0.581680	-0.067236	 0.499893	 0.498821	 0.003288	-0.298045	 0.469652	-0.406502	-0.374791
-0.445421	 0.498787	 0.891150	 0.580228	-0.070280	 0.499893	 0.498843	 0.003288	-0.250716	 0.469652	-0.406502	 0.063051
-0.663711	 0.499273	 0.888013	 0.578345	-0.071802	 0.499893	 0.498855	 0.003288	-0.227052	 0.469652	-0.406502	 0.280970
-0.271091	-0.000485	 0.884674	 0.576250	-0.072563	 0.499893	 0.498860	 0.003288	-0.215219	 0.469652	-0.406502	 0.389929
-0.074782	-0.249363	 0.881242	 0.574054	-0.072943	 0.499893	 0.498863	 0.003288	-0.209303	 0.469652	-0.406502	 0.444409
 0.023373	-0.373802	 0.877770	 0.571813	 0.426866	 0.499893	 0.498865	 0.003288	-0.206345	 0.469652	-0.406502	 0.471649
 0.072450	-0.436021	 0.874286	 0.569553	 0.674918	 0.499893	 0.498865	 0.003288	-0.204866	 0.469652	-0.406502	 0.485269
 0.096989	 0.032869	 0.870802	 0.567288	 0.797098	 0.499893	 0.498866	 0.003288	-0.204127	 0.469652	-0.406502	 0.492079
 0.109258	 0.266311	 0.867326	 0.565026	 0.856349	 0.499893	 0.498866	 0.003288	-0.203757	 0.469652	-0.406502	 0.495484
 0.115393	 0.383031	 0.863860	 0.562769	 0.884143	 0.499893	 0.498866	 0.003288	-0.203572	 0.469652	-0.406502	 0.497186
-0.381540	 0.441392	 0.860406	 0.060520	 0.396217	 0.499893	-0.001134	 0.003288	-0.203480	 0.469652	-0.406502	-0.001963
-0.628249	 0.470572	 0.856965	-0.190605	 0.152254	 0.499893	-0.250132	 0.003288	-0.203433	 0.469652	-0.406502	-0.250535
-0.249854	-0.014838	 0.853538	 0.183833	 0.030272	 0.499893	 0.125370	 0.003288	-0.203410	 0.469652	-0.406502	 0.125179
-0.060656	-0.256542	 0.850124	 0.369935	-0.030719	 0.499893	 0.312118	 0.003288	-0.203399	 0.469652	-0.406502	 0.312034
-0.466057	 0.122605	 0.846723	 0.461874	-0.061214	 0.499893	 0.405493	-0.496712	-0.203393	 0.469652	-0.406502	 0.405462
-0.667015	 0.311176	 0.843337	 0.506736	-0.076462	 0.499893	 0.452180	-0.744719	-0.203390	 0.469652	-0.406502	 0.452176
-0.765758	 0.405461	 0.839963	 0.528064	 0.415914	 0.499893	 0.475524	-0.366737	-0.203389	 0.469652	-0.406502	 0.475533
-0.813400	 0.452604	 0.836603	 0.537629	 0.660286	 0.499893	 0.487195	-0.177746	-0.203388	 0.469652	-0.406502	 0.487211
-0.835500	 0.476175	 0.833257	 0.541317	 0.780662	 0.499893	 0.493031	-0.083250	-0.203388	 0.469652	-0.406502	 0.493050
-0.844834	 0.487961	 0.829924	 0.542071	 0.339048	 0.499893	 0.495949	-0.036002	-0.203387	 0.469652	-0.406502	 0.495970
-0.847793	 0.493853	 0.826604	 0.541363	 0.118241	 0.499893	 0.497408	-0.012379	-0.203387	 0.469652	-0.406502	 0.497430
-0.847571	 0.496800	 0.823298	 0.539927	 0.007838	 0.499893	 0.498138	-0.000567	-0.203387	 0.469652	-0.406502	 0.498160
-0.845765	 0.498273	 0.820005	 0.538132	-0.047364	 0.499893	 0.498503	 0.005339	-0.203387	 0.469652	-0.406502	 0.498525
-0.843174	 0.499010	 0.816725	 0.536162	-0.074965	-0.000107	 0.498685	 0.008292	-0.203387	 0.469652	-0.406502	 0.498707
-0.840198	 0.499378	 0.813458	 0.534109	-0.088765	-0.249106	 0.498776	 0.009769	-0.203387	 0.469652	-0.406502	 0.498798
-0.837035	-0.000438	 0.810204	 0.532018	-0.095666	 0.126394	 0.498822	 0.010507	-0.203387	 0.469652	-0.406502	 0.498844
-0.833786	-0.249345	 0.806963	 0.529913	-0.099116	 0.313140	 0.498844	 0.010876	-0.203387	 0.469652	-0.406502	 0.498867
-0.830500	-0.373799	 0.803735	 0.527804	-0.100841	 0.406513	 0.498856	 0.011061	-0.203387	 0.469652	-0.406502	 0.498878
-0.327203	 0.063974	 0.800520	 0.525699	-0.101703	 0.453200	 0.498862	 0.011153	-0.203387	 0.469652	-0.406502	 0.498884
-0.075554	 0.281857	 0.797318	 0.523599	-0.102134	 0.476543	 0.498864	 0.011199	-0.203387	 0.469652	-0.406502	 0.498887
-0.449730	 0.390799	 0.794129	 0.521506	-0.102350	 0.488215	 0.498866	 0.011222	-0.203387	 0.469652	-0.406502	 0.498888
-0.635170	 0.445269	 0.790952	 0.519421	-0.102458	 0.494050	 0.498867	 0.011234	-0.203387	 0.469652	-0.406502	 0.498889
-0.226249	 0.472505	 0.787789	 0.517343	 0.397488	 0.496968	 0.498867	 0.011240	-0.203387	 0.469652	-0.406502	-0.001111
-0.021788	 0.486122	 0.784638	 0.515274	 0.645666	 0.498427	 0.498867	 0.011242	-0.203387	 0.469652	-0.406502	-0.250108
 0.080442	 0.492931	 0.781499	 0.513213	 0.767968	 0.499157	 0.498867	 0.011244	-0.203387	 0.469652	-0.406502	 0.125393
 0.131557	 0.496336	 0.778373	 0.511160	 0.827338	 0.499522	 0.498867	 0.011245	-0.203387	 0.469652	-0.406502	 0.312142
 0.157115	 0.498038	 0.775259	 0.509116	 0.855250	 0.499704	 0.498867	 0.011245	-0.203387	 0.469652	-0.406502	 0.405516
 0.169894	 0.498889	 0.772158	 0.507079	 0.867439	 0.499795	 0.498867	 0.011245	-0.203387	 0.469652	-0.406502	 0.452203
 0.176283	 0.499315	 0.769070	 0.505051	 0.871775	 0.499841	 0.498867	 0.011245	-0.203387	 0.469652	-0.406502	 0.475547
-0.320522	 0.499527	 0.765994	 0.503031	 0.372190	 0.499863	 0.498867	 0.011245	-0.203387	 0.469652	-0.406502	 0.487219
-0.567290	 0.499634	 0.762930	 0.501019	 0.122398	 0.499875	 0.498867	 0.011245	-0.203387	 0.469652	-0.406502	 0.493055
-0.689046	 0.499687	 0.759878	 0.000013	-0.002498	 0.499881	-0.001133	 0.011245	-0.203387	 0.469652	-0.406502	 0.495972
-0.748303	 0.499714	 0.756838	-0.249488	-0.064946	 0.499883	-0.250130	 0.011245	-0.203387	 0.469652	-0.406502	 0.497431
-0.276316	 0.499727	 0.753811	-0.374239	-0.096170	 0.499885	 0.125371	 0.011245	-0.203387	 0.469652	-0.406502	 0.498161
-0.040322	 0.499734	 0.750796	-0.436614	-0.111782	 0.499886	 0.312119	 0.011245	-0.203387	 0.469652	-0.406502	 0.498526
-0.422325	 0.499737	 0.747793	 0.032198	-0.119588	 0.499886	-0.094506	 0.011245	-0.203387	 0.469652	-0.406502	 0.498708
-0.611718	 0.499739	 0.744801	 0.265602	-0.123491	 0.499886	-0.296817	 0.011245	-0.203387	 0.469652	-0.406502	 0.498799
-0.704813	 0.499739	 0.741822	 0.382304	-0.125443	 0.499886	-0.397972	 0.011245	-0.203387	 0.469652	-0.406502	 0.498845
-0.749764	-0.000260	 0.738855	 0.440655	 0.373581	-0.000114	 0.051450	 0.011245	-0.203387	 0.469652	-0.406502	 0.498868
-0.770650	-0.249260	 0.735899	 0.469831	 0.621348	-0.249114	 0.275160	 0.011245	-0.203387	 0.469652	-0.406502	 0.498879
-0.779510	 0.126241	 0.732956	-0.015581	 0.243494	 0.126387	 0.387015	 0.011245	-0.203387	 0.469652	-0.406502	 0.498885
-0.782364	 0.312988	 0.730024	-0.257285	 0.054566	 0.313133	 0.442942	 0.011245	-0.203387	 0.469652	-0.406502	 0.498888
-0.282220	 0.406361	 0.727104	 0.121863	 0.460102	 0.406506	 0.470906	 0.011245	-0.203387	 0.469652	-0.406502	 0.498889
-0.032148	 0.453048	 0.724196	 0.310434	 0.661139	 0.453193	 0.484887	 0.011245	-0.203387	 0.469652	-0.406502	 0.498890
 0.092888	-0.023609	 0.721299	 0.404720	 0.259933	 0.476536	 0.491878	 0.011245	-0.203387	 0.469652	-0.406502	 0.498890
 0.155406	-0.260937	 0.718414	 0.451863	 0.059330	 0.488208	 0.495374	 0.011245	-0.203387	 0.469652	-0.406502	 0.498890
 0.186665	-0.379601	 0.715540	 0.475435	-0.040971	 0.494043	 0.497122	 0.011245	-0.203387	 0.469652	-0.406502	 0.498890
-0.297705	 0.061067	 0.712678	 0.487221	 0.408878	 0.496961	 0.497995	 0.011245	-0.203387	 0.469652	-0.406502	 0.498890
-0.538327	 0.280398	 0.709827	 0.493114	 0.632085	 0.498420	 0.498432	 0.011245	-0.203387	 0.469652	-0.406502	 0.498890
-0.157079	 0.390063	 0.706988	 0.496060	 0.241978	-0.000850	 0.498651	 0.011245	-0.203387	 0.469652	-0.406502	 0.498890
 0.033544	 0.444896	 0.704160	 0.497533	 0.046925	-0.249485	 0.498760	 0.011245	-0.203387	 0.469652	-0.406502	 0.498890
-0.371144	 0.472312	 0.701343	 0.498270	 0.449398	 0.126197	 0.498815	 0.011245	-0.203387	 0.469652	-0.406502	-0.001110
-0.571936	 0.486020	 0.698538	 0.498638	 0.648931	 0.313035	 0.498842	 0.011245	-0.203387	 0.469652	-0.406502	-0.250107
-0.170787	-0.007126	 0.695744	 0.498822	 0.747001	 0.406453	 0.498856	 0.011245	-0.203387	 0.469652	-0.406502	-0.374606
 0.029788	-0.252698	 0.692961	 0.498914	 0.794345	 0.453163	 0.498862	 0.011245	-0.203387	 0.469652	-0.406502	-0.436856
 0.130075	-0.375484	 0.690189	 0.498960	 0.816334	 0.476517	 0.498866	 0.011245	-0.203387	 0.469652	-0.406502	-0.467980
-0.319781	 0.063123	 0.687428	-0.001017	 0.825652	 0.488195	 0.498868	 0.011245	-0.203387	 0.469652	-0.406502	 0.016457
-0.543170	 0.281423	 0.684678	-0.250003	 0.828641	 0.494033	 0.498868	 0.011245	-0.203387	 0.469652	-0.406502	 0.257674
-0.153331	 0.390573	 0.681940	 0.125504	 0.828472	 0.496953	 0.498869	 0.011245	-0.203387	 0.469652	-0.406502	-0.121717
 0.041588	 0.445148	 0.679212	 0.312255	 0.826731	 0.498412	 0.498869	 0.011245	-0.203387	 0.469652	-0.406502	-0.310411
 0.139048	 0.472435	 0.676495	 0.405631	 0.824211	 0.499142	 0.498869	 0.011245	-0.203387	 0.469652	-0.406502	 0.095242
 0.187777	 0.486079	 0.673789	 0.452318	 0.821307	 0.499507	 0.498869	 0.011245	-0.203387	 0.469652	-0.406502	 0.297067
 0.212142	 0.492901	 0.671094	 0.475662	 0.318218	 0.499690	 0.498869	 0.011245	-0.203387	 0.469652	-0.406502	 0.397980
 0.224325	 0.496312	 0.668409	 0.487334	 0.066674	 0.499781	 0.498869	 0.011245	-0.203387	 0.469652	-0.406502	 0.448436
 0.230416	 0.498017	 0.665736	 0.493170	-0.059098	 0.499827	 0.498869	 0.011245	-0.203387	 0.469652	-0.406502	 0.473664
 0.233462	 0.498870	 0.663073	 0.496088	-0.621984	 0.499849	 0.498869	 0.011245	-0.203387	 0.469652	-0.406502	 0.486278
 0.234984	 0.499296	 0.660421	 0.497547	-0.901057	 0.499861	 0.498869	 0.011245	-0.203387	 0.469652	-0.406502	 0.492585
-0.264254	 0.499509	 0.657779	 0.498277	-0.538234	 0.499866	 0.498869	 0.011245	-0.203387	 0.469652	-0.406502	-0.004261
-0.512347	 0.499616	 0.655148	 0.498642	-0.356822	 0.499869	 0.498869	 0.011245	-0.203387	 0.469652	-0.406502	-0.251682
-0.134872	 0.499669	 0.652527	 0.498824	 0.233884	 0.499871	 0.498869	 0.011245	-0.203387	 0.469652	-0.406502	 0.124607
 0.053866	 0.499696	 0.649917	 0.498915	 0.527588	 0.499871	 0.498869	 0.011245	-0.203387	 0.469652	-0.406502	 0.311750
 0.148234	 0.499709	 0.647317	 0.498961	 0.172797	-0.000128	 0.498869	 0.011245	-0.203387	 0.469652	-0.406502	 0.405322
 0.195419	 0.499716	 0.644728	 0.498984	-0.004598	-0.249128	 0.498869	 0.011245	-0.203387	 0.469652	-0.406502	 0.452107
 0.219011	 0.499719	 0.642149	 0.498995	-0.093296	-0.373628	 0.498869	 0.011245	-0.203387	 0.469652	-0.406502	 0.475500
 0.230807	-0.000279	 0.639581	 0.499001	 0.362355	 0.064123	 0.498869	 0.011245	-0.203387	 0.469652	-0.406502	 0.487197
 0.236705	-0.249278	 0.637022	 0.499003	 0.588545	 0.281994	 0.498869	 0.011245	-0.203387	 0.469652	-0.406502	 0.493045
-0.260346	 0.126223	 0.634474	 0.499005	 0.700010	 0.390930	 0.498869	 0.011245	-0.203387	 0.469652	-0.406502	 0.495969
-0.507357	 0.312970	 0.631936	 0.499006	 0.754120	 0.445397	 0.498869	 0.011245	-0.203387	 0.469652	-0.406502	 0.497431
-0.129353	 0.406343	 0.629409	 0.499006	 0.779558	 0.472631	 0.498869	 0.011245	-0.203387	 0.469652	-0.406502	 0.498162
 0.059648	 0.453030	 0.626891	 0.499006	 0.790667	 0.486248	 0.498869	 0.011245	-0.203387	 0.469652	-0.406502	 0.498527
 0.154149	 0.476373	 0.624383	 0.499006	 0.294618	 0.493057	 0.498869	 0.011245	-0.203387	 0.469652	-0.406502	 0.498710
 0.201400	 0.488045	 0.621886	 0.499006	 0.046594	 0.496461	 0.498869	 0.011245	-0.203387	 0.469652	-0.406502	 0.498802
 0.225025	 0.493881	 0.619398	 0.499006	-0.077418	 0.498163	 0.498869	 0.011245	-0.203387	 0.469652	-0.406502	 0.498847
 0.236837	-0.003201	 0.616921	 0.499006	 0.360576	 0.499014	 0.498869	-0.488755	-0.203387	 0.469652	-0.406502	 0.498870
 0.242744	-0.250742	 0.614453	 0.499006	 0.577975	 0.499440	 0.498869	-0.736777	-0.203387	 0.469652	-0.406502	 0.498882
-0.254303	 0.125488	 0.611995	 0.499006	 0.685084	 0.499652	 0.498869	-0.358819	-0.203387	 0.469652	-0.406502	 0.498887
-0.501324	 0.312600	 0.609547	 0.499006	 0.737055	 0.499759	 0.498869	-0.169840	-0.203387	 0.469652	-0.406502	 0.498890
-0.623338	 0.406155	 0.607109	-0.000994	 0.761462	 0.499812	 0.498869	-0.075350	-0.203387	 0.469652	-0.406502	 0.498892
-0.682854	 0.452933	 0.604681	-0.249992	 0.772093	 0.499839	 0.498869	-0.028105	-0.203387	 0.469652	-0.406502	 0.498892
-0.711127	 0.476322	 0.602262	 0.125509	 0.775844	 0.499852	 0.498869	-0.004483	-0.203387	 0.469652	-0.406502	 0.498893
-0.723785	 0.488017	 0.599853	 0.312258	 0.776160	 0.499859	 0.498869	 0.007328	-0.203387	 0.469652	-0.406502	 0.498893
-0.728641	 0.493864	 0.597453	 0.405632	 0.774765	 0.499862	 0.498869	 0.013234	-0.203387	 0.469652	-0.406502	 0.498893
-0.729602	 0.496787	 0.595064	 0.452319	 0.272521	 0.499863	 0.498869	 0.016187	-0.703387	 0.469652	-0.406502	 0.498893
-0.728621	 0.498249	 0.592683	 0.475663	 0.021399	 0.499864	 0.498869	 0.017663	-0.950980	 0.469652	-0.406502	 0.498893
-0.726676	 0.498980	 0.590313	-0.012666	 0.395838	 0.499865	 0.498869	 0.018401	-0.572380	 0.469652	-0.406502	 0.498893
-0.724254	 0.499346	 0.587951	-0.255828	 0.581517	 0.499865	 0.498869	 0.018770	-0.383080	 0.469652	-0.406502	 0.498893
-0.221599	 0.499528	 0.585600	 0.122591	 0.672822	-0.000135	 0.498869	 0.018955	-0.288430	 0.469652	-0.406502	 0.498893
 0.029729	 0.499620	 0.583257	 0.310799	 0.716946	-0.249135	 0.498869	 0.019047	-0.241104	 0.469652	-0.406502	 0.498893
-0.344608	 0.499665	 0.580924	 0.404902	 0.737486	 0.126366	 0.498869	 0.019093	-0.217442	 0.469652	-0.406502	-0.001107
-0.530338	 0.499688	 0.578600	 0.451954	 0.746240	 0.313112	 0.498869	 0.019116	-0.205611	 0.469652	-0.406502	-0.250105
-0.621771	 0.499700	 0.576286	 0.475480	 0.749107	 0.406485	 0.498869	 0.019128	-0.199695	 0.469652	-0.406502	-0.374604
-0.166061	 0.499705	 0.573981	 0.487243	 0.749036	 0.453172	 0.498869	 0.019134	-0.196737	 0.469652	-0.406502	 0.063147
 0.061794	 0.499708	 0.571685	 0.493125	 0.747503	 0.476515	 0.498869	 0.019137	-0.195258	 0.469652	-0.406502	 0.281020
 0.175721	-0.000290	 0.569398	 0.496065	 0.745245	 0.488187	 0.498869	 0.019138	-0.194519	 0.469652	-0.406502	 0.389957
 0.232685	-0.249289	 0.567121	 0.497536	 0.742630	 0.494022	 0.498869	 0.019139	-0.194149	 0.469652	-0.406502	 0.444425
 0.261167	 0.126212	 0.564852	 0.498271	 0.739842	 0.496940	 0.498869	 0.019139	-0.193964	 0.469652	-0.406502	 0.471660
 0.275408	 0.312958	 0.562593	 0.498639	 0.736974	 0.498399	 0.498869	 0.019139	-0.193872	 0.469652	-0.406502	 0.485277
-0.217472	 0.406332	 0.560342	-0.001178	 0.734072	 0.499129	 0.498869	 0.019139	-0.193826	 0.469652	-0.406502	 0.492085
-0.462491	 0.453019	 0.558101	-0.250084	 0.731158	 0.499493	 0.498869	 0.019139	-0.193803	 0.469652	-0.406502	 0.495490
-0.583585	 0.476362	 0.555869	-0.374537	 0.728245	 0.499676	 0.498869	 0.019140	-0.193791	 0.469652	-0.406502	 0.497192
-0.642723	 0.488034	 0.553645	-0.436763	 0.225338	 0.499767	 0.498869	 0.019140	-0.193785	 0.469652	-0.406502	 0.498043
-0.670888	 0.493869	 0.551431	-0.467877	-0.026116	 0.499813	 0.498869	 0.019140	-0.193782	 0.469652	-0.406502	 0.498468
-0.183573	 0.496787	 0.549225	 0.016567	 0.348157	-0.000165	 0.498869	 0.019140	-0.193781	 0.469652	-0.406502	 0.498681
 0.060085	 0.498246	 0.547028	 0.257786	 0.533849	-0.249153	 0.498869	 0.019140	-0.193780	 0.469652	-0.406502	 0.498787
 0.181914	 0.498976	 0.544840	 0.378396	 0.625256	 0.126353	 0.498869	 0.019140	-0.193780	 0.469652	-0.406502	 0.498841
 0.242828	 0.499341	 0.542660	 0.438701	 0.669526	 0.313102	 0.498869	 0.019140	-0.193780	 0.469652	-0.406502	 0.498867
 0.273286	 0.499523	 0.540490	 0.468854	 0.690233	 0.406477	 0.498869	 0.019140	-0.193780	 0.469652	-0.406502	-0.001119
 0.288514	 0.499614	 0.538328	 0.483930	 0.699165	 0.453164	 0.498869	 0.019140	-0.193779	 0.469652	-0.406502	-0.250111
-0.203872	 0.499660	 0.536175	 0.491468	 0.702215	 0.476508	 0.498869	 0.019140	-0.193779	 0.469652	-0.406502	 0.125394
-0.448672	 0.499683	 0.534030	 0.495237	 0.702329	 0.488180	 0.498869	 0.019140	-0.193779	 0.469652	-0.406502	 0.312144
-0.569685	 0.499694	 0.531894	 0.497122	 0.700982	 0.494015	 0.498869	 0.019140	-0.193779	 0.469652	-0.406502	 0.405519
-0.628810	 0.499700	 0.529766	-0.001936	 0.698908	 0.496933	 0.498869	 0.019140	-0.193779	 0.469652	-0.406502	 0.452207
-0.656997	 0.499702	 0.527647	-0.250463	 0.696478	 0.498392	 0.498869	 0.019140	-0.193779	 0.469652	-0.406502	 0.475551
-0.669720	 0.499704	 0.525537	 0.125274	 0.693875	 0.499122	 0.498869	 0.019140	-0.193779	 0.469652	-0.406502	 0.487223
-0.674717	 0.499705	 0.523434	 0.312140	 0.691191	 0.499487	 0.498869	 0.019140	-0.193779	 0.469652	-0.406502	 0.493059
-0.675856	 0.499705	 0.521341	 0.405573	 0.188472	 0.499669	 0.498869	 0.019140	-0.193779	 0.969652	-0.406502	 0.495977
-0.675071	 0.499705	 0.519255	 0.452290	-0.062888	 0.499760	 0.498869	 0.019140	-0.193779	 1.216713	-0.406502	 0.497436
-0.173330	 0.499705	 0.517178	 0.475648	 0.311432	-0.000194	 0.498869	 0.019140	-0.193779	 0.837316	-0.406502	 0.498165
 0.077540	 0.499705	 0.515110	 0.487327	 0.497221	-0.249171	 0.498869	 0.019140	-0.193779	 0.647617	-0.406502	 0.498530
 0.202975	 0.499705	 0.513049	 0.493166	 0.588749	-0.373660	 0.498869	 0.019140	-0.193779	 0.552768	-0.406502	 0.498712
-0.234307	 0.499705	 0.510997	 0.496086	 0.633153	 0.064096	 0.498869	 0.019140	-0.193779	 0.505343	-0.406502	 0.498803
-0.451605	 0.499705	 0.508953	 0.497546	 0.654000	 0.281970	 0.498869	 0.019140	-0.193779	 0.481631	-0.406502	 0.498849
-0.058916	 0.499705	 0.506917	 0.498276	 0.663073	-0.109093	 0.498869	 0.019140	-0.193779	 0.469775	-0.406502	 0.498872
 0.137428	 0.499705	 0.504889	 0.498641	 0.666266	-0.303624	 0.498869	 0.019140	-0.193779	 0.463847	-0.406502	 0.498883
 0.235600	 0.499705	 0.502870	 0.498824	 0.666523	 0.099111	 0.498869	 0.019140	-0.193779	 0.460883	-0.406502	-0.001111
 0.284687	 0.499705	 0.500858	 0.498915	 0.665318	 0.299474	 0.498869	 0.019140	-0.193779	 0.459401	-0.406502	-0.250106
-0.190770	 0.499705	 0.499853	 0.498960	 0.663388	 0.399656	 0.498869	 0.019140	-0.193779	 0.458660	-0.406502	 0.125397
-0.427166	 0.499705	 0.499350	 0.498983	 0.661099	 0.449747	 0.498869	 0.019140	-0.193779	 0.458289	-0.406502	 0.312146
-0.544037	 0.499705	 0.499098	 0.498995	 0.658638	 0.474792	 0.498869	 0.019140	-0.193779	 0.458104	-0.406502	 0.405521
-0.101151	 0.499705	 0.498973	 0.499000	 0.656094	 0.487315	 0.498869	 0.019140	-0.193779	 0.458011	-0.406502	 0.452208
 0.120292	 0.499705	 0.498910	 0.499003	 0.653516	 0.493576	 0.498869	 0.019140	-0.193779	 0.457965	-0.406502	 0.475552
 0.231014	 0.499705	 0.498878	 0.499005	 0.150924	 0.496707	 0.498869	 0.019140	-0.193779	 0.457942	-0.406502	 0.487224
 0.286375	 0.499705	 0.498863	 0.499005	-0.100371	 0.498272	 0.498869	 0.019140	-0.193779	 0.457930	-0.406502	 0.493060
 0.314055	 0.499705	 0.498855	 0.499006	 0.273981	 0.499055	 0.498869	 0.019140	-0.193779	 0.457924	-0.406502	 0.495978
 0.327895	 0.499705	 0.498851	 0.499006	 0.459860	 0.499446	 0.498869	 0.019140	-0.193779	 0.457921	-0.406502	 0.497437
 0.334815	 0.499705	 0.498849	 0.499006	 0.551509	 0.499642	 0.498869	 0.019140	-0.193779	 0.457920	-0.406502	 0.498166
 0.338275	 0.499705	 0.498848	 0.499006	 0.596046	 0.499740	 0.498869	 0.019140	-0.193779	 0.457919	-0.406502	 0.498531
 0.340005	 0.499705	 0.498847	 0.499006	 0.617034	 0.499789	 0.498869	 0.019140	-0.193779	 0.457919	-0.406502	 0.498713
 0.340870	 0.499705	 0.498847	 0.499006	 0.626252	 0.499813	 0.498869	 0.019140	-0.193779	 0.457919	-0.406502	 0.498804
 0.341303	 0.499705	 0.498847	 0.499006	 0.629590	 0.499826	 0.498869	 0.019140	-0.193779	 0.457919	-0.406502	 0.498850
-0.158481	 0.499705	 0.498847	 0.499006	 0.629993	 0.499832	 0.498869	 0.019140	-0.193779	 0.457919	-0.406502	 0.498873
-0.407056	 0.499705	 0.498847	 0.499006	 0.628934	 0.499835	 0.498869	 0.019140	-0.193779	 0.457919	-0.406502	 0.498884
-0.530033	 0.499705	 0.498847	 0.499006	 0.627149	 0.499836	 0.498869	 0.019140	-0.193779	 0.457919	-0.406502	 0.498890
-0.590215	 0.499705	 0.498847	 0.499006	 0.625005	 0.499837	 0.498869	 0.019140	-0.193779	 0.457919	-0.406502	 0.498893
-0.119005	 0.499705	 0.498847	-0.000994	 0.622688	 0.499837	 0.498869	 0.019140	-0.193779	 0.457919	-0.406502	 0.498894
 0.116600	 0.499705	 0.498847	-0.249992	 0.620288	 0.499838	 0.498869	 0.019140	-0.193779	 0.457919	-0.406502	 0.498895
 0.234402	 0.499705	 0.498847	-0.374491	 0.617853	 0.499838	 0.498869	 0.019140	-0.193779	 0.457919	-0.406502	 0.498895
 0.293303	 0.499705	 0.498847	 0.063260	 0.115404	 0.499838	 0.498869	 0.019140	-0.193779	 0.457919	-0.406502	 0.498895
 0.322754	 0.499705	 0.498847	 0.281133	-0.135820	 0.499838	 0.498869	 0.019140	-0.193779	 0.457919	-0.406502	 0.498895
-0.162521	 0.499705	 0.498847	 0.390069	 0.238568	-0.000162	 0.498869	 0.019140	-0.193779	 0.457919	-0.406502	 0.498895
-0.403862	 0.499705	 0.498847	 0.444538	 0.424536	-0.249162	 0.498869	 0.019140	-0.193779	 0.457919	-0.406502	 0.498895
-0.523243	 0.499705	 0.498847	 0.471772	 0.516299	 0.126338	 0.498869	 0.019140	-0.193779	 0.457919	-0.406502	-0.001105
-0.581648	 0.499705	 0.498847	 0.485389	 0.560964	 0.313085	 0.498869	 0.019140	-0.193779	 0.457919	-0.406502	-0.250102
-0.609570	 0.499705	 0.498847	 0.492197	 0.582086	 0.406458	 0.498869	 0.019140	-0.193779	 0.457919	-0.406502	 0.125399
-0.622256	 0.499705	 0.498847	 0.495602	 0.591440	 0.453144	 0.498869	 0.019140	-0.193779	 0.457919	-0.406502	 0.312148
-0.627330	 0.499705	 0.498847	 0.497304	 0.594915	 0.476488	 0.498869	 0.019140	-0.193779	 0.457919	-0.406502	 0.405522
-0.128601	 0.499705	 0.498847	 0.498155	 0.595456	 0.488159	 0.498869	 0.019140	-0.193779	 0.457919	-0.406502	 0.452209
 0.120763	 0.499705	 0.498847	 0.498580	 0.594535	 0.493995	 0.498869	 0.019140	-0.193779	 0.457919	-0.406502	 0.475553
-0.254555	 0.499705	 0.498847	 0.498793	 0.592887	 0.496913	 0.498869	 0.019140	-0.193779	 0.457919	-0.406502	 0.487225
-0.440955	 0.499705	 0.498847	 0.498900	 0.590880	 0.498372	 0.498869	 0.019140	-0.193779	 0.457919	-0.406502	 0.493060
-0.532899	 0.499705	 0.498847	 0.498953	 0.088699	 0.499102	 0.498869	 0.019140	-0.693779	 0.457919	-0.406502	 0.495978
-0.577622	 0.499705	 0.498847	 0.498979	-0.162391	 0.499466	 0.498869	 0.019140	-0.941392	 0.457919	-0.406502	 0.497437
-0.098739	 0.499705	 0.498847	 0.498993	 0.212064	 0.499649	 0.498869	 0.019140	-0.562820	 0.457919	-0.406502	 0.498167
 0.140703	 0.499705	 0.498847	 0.498999	 0.398118	 0.499740	 0.498869	 0.019140	-0.373534	 0.457919	-0.406502	 0.498532
 0.260424	 0.499705	 0.498847	 0.499003	 0.489977	 0.499785	 0.498869	 0.019140	-0.278891	 0.457919	-0.406502	 0.498714
-0.179716	 0.499705	 0.498847	 0.499004	 0.534743	 0.499808	 0.498869	 0.019140	-0.231570	 0.457919	-0.406502	-0.001195
-0.398546	 0.499705	 0.498847	 0.499005	 0.555967	 0.499820	 0.498869	 0.019140	-0.207909	 0.457919	-0.406502	-0.250147
-0.506726	 0.499705	 0.498847	 0.499006	 0.565424	-0.000175	 0.498869	 0.019140	-0.196079	 0.457919	-0.406502	 0.125377
-0.559587	 0.499705	 0.498847	 0.499006	 0.569003	-0.249171	 0.498869	 0.019140	-0.190163	 0.457919	-0.406502	 0.312137
-0.584792	 0.499705	 0.498847	 0.499006	 0.569647	 0.126330	 0.498869	 0.019140	-0.187206	 0.457919	-0.406502	 0.405517
-0.596175	 0.499705	 0.498847	 0.499006	 0.568829	 0.313077	 0.498869	 0.019140	-0.185727	 0.457919	-0.406502	 0.452207
-0.100651	 0.499705	 0.498847	-0.000994	 0.567284	 0.406451	 0.498869	 0.019140	-0.184988	 0.457919	-0.406502	 0.475552
 0.147111	 0.499705	 0.498847	-0.249992	 0.565380	 0.453138	 0.498869	 0.019140	-0.184618	 0.457919	-0.406502	 0.487225
-0.229008	 0.499705	 0.498847	 0.125509	 0.563301	 0.476481	 0.498869	 0.019140	-0.184433	 0.457919	-0.406502	 0.493061
-0.415857	 0.499705	 0.498847	 0.312257	 0.561139	 0.488153	 0.498869	 0.019140	-0.184341	 0.457919	-0.406502	 0.495979
-0.508077	 0.499705	 0.498847	 0.405632	 0.558940	 0.493989	 0.498869	 0.019140	-0.184294	 0.457919	-0.406502	 0.497438
-0.052986	 0.499705	 0.498847	 0.452319	 0.556727	 0.496907	 0.498869	 0.019140	-0.184271	 0.457919	-0.406502	-0.001832
 0.174560	 0.499705	 0.498847	 0.475662	 0.554511	 0.498365	 0.498869	 0.019140	-0.184260	 0.457919	-0.406502	-0.250465
 0.288333	 0.499705	 0.498847	 0.487334	 0.052299	 0.499095	 0.498869	 0.019140	-0.184254	 0.457919	-0.406502	 0.125218
 0.345219	 0.499705	 0.498847	 0.493170	-0.198807	 0.499460	 0.498869	 0.019140	-0.184251	 0.457919	-0.406502	 0.312058
