-0.012884	 0.499470	 0.496757	 0.499217	 0.497761	 0.369951	 0.074185	-0.199099	 0.568151	 0.448666	-0.411241	 0.498908
-0.255985	 0.499470	 0.498262	 0.499217	 0.498187	 0.369508	-0.171104	-0.199099	 0.598066	 0.473470	-0.411241	 0.498908
 0.122464	 0.499470	-0.000986	 0.499217	 0.498399	 0.369286	 0.206252	-0.199099	-0.388232	-0.014128	-0.411241	 0.498908
 0.310687	 0.499470	-0.249610	 0.499217	 0.498506	 0.369175	 0.393762	-0.199099	-0.878632	-0.256924	-0.411241	 0.498908
 0.404799	 0.499470	 0.126079	 0.499217	 0.498559	-0.130880	 0.486355	 0.300901	-0.621094	 0.121678	-0.411241	 0.498908
 0.451854	 0.499470	 0.312919	 0.499217	 0.498586	-0.379646	 0.531494	 0.549299	-0.492325	 0.309979	-0.411241	 0.498908
 0.475382	 0.499470	-0.093660	 0.499217	 0.498599	-0.002772	 0.552910	 0.171902	-0.427940	 0.404129	-0.411241	 0.498908
 0.487146	 0.499470	-0.295950	 0.499217	 0.498606	 0.185665	 0.562469	-0.016796	-0.395748	 0.451204	-0.411241	 0.498908
 0.493028	 0.499470	-0.397094	 0.499217	 0.498609	 0.279883	 0.566104	-0.111145	-0.379652	 0.474742	-0.411241	 0.498908
 0.495969	 0.499470	-0.447667	 0.499217	 0.498611	 0.326992	 0.566783	 0.341681	-0.371604	-0.013490	-0.411241	 0.498908
 0.497440	 0.499470	-0.472953	 0.499217	 0.498611	 0.350547	 0.565987	 0.566504	-0.367580	-0.256602	-0.411241	 0.498908
 0.498175	 0.499470	-0.485596	 0.499217	 0.498612	 0.362324	 0.564459	 0.677334	-0.365568	-0.378158	-0.411241	 0.498908
 0.498543	-0.000530	-0.491918	-0.000783	 0.498612	 0.368213	 0.062569	 0.731172	-0.364562	 0.061064	-0.411241	 0.498908
 0.498726	-0.249529	-0.495078	-0.249781	 0.498612	 0.371157	-0.188376	 0.756521	-0.364059	 0.279674	-0.411241	 0.498908
 0.498818	 0.125972	 0.003341	 0.125720	 0.498612	 0.372630	-0.313849	 0.767632	-0.363807	 0.388980	-0.411241	 0.498908
 0.498864	 0.312719	 0.251548	 0.312468	 0.498612	 0.373366	-0.376585	 0.771630	-0.363681	 0.443632	-0.411241	 0.498908
-0.001113	 0.406093	 0.375651	 0.405842	 0.498612	 0.373734	-0.407953	 0.772077	-0.863619	 0.470959	-0.411241	 0.498908
-0.250099	 0.452780	 0.437702	 0.452529	 0.498612	 0.373918	-0.423637	 0.770756	-1.110860	 0.484622	-0.411241	 0.498908
-0.374592	 0.476123	 0.468728	 0.475872	 0.498612	 0.374010	-0.431479	 0.768557	-1.231765	 0.491453	-0.411241	 0.498908
 0.063161	-0.012205	 0.484241	 0.487544	 0.498612	 0.374056	 0.064600	 0.765924	-0.789511	 0.494869	 0.088759	 0.498908
 0.281036	 0.244632	 0.491997	 0.493380	 0.498612	 0.374079	-0.188482	 0.263082	-0.068385	 0.496577	 0.337582	 0.498908
 0.389973	 0.372047	 0.495876	 0.496298	 0.498612	 0.374090	-0.315023	 0.011660	 0.290873	 0.497431	 0.460820	 0.498908
 0.444442	 0.435755	 0.497815	 0.497757	 0.498612	 0.374096	 0.121707	 0.385949	 0.469202	 0.497858	 0.021271	 0.498908
 0.471677	 0.467609	 0.498784	 0.498486	 0.498612	 0.374099	 0.338954	 0.571574	 0.557071	 0.498071	-0.198503	 0.498908
-0.014706	 0.483536	 0.499269	 0.498851	 0.498612	 0.374100	 0.446466	 0.162871	 0.599716	 0.498178	-0.308391	 0.498908
-0.256896	 0.491499	 0.499511	 0.499033	 0.498612	 0.374101	 0.499114	-0.041480	 0.619753	 0.498232	-0.363334	 0.498908
-0.377990	 0.495481	 0.499633	 0.499124	 0.498612	 0.374101	 0.524334	-0.143655	 0.628492	 0.498258	-0.390806	 0.498908
 0.061463	 0.497472	-0.000307	 0.499170	 0.498612	 0.374102	 0.535845	-0.194743	 0.631588	 0.498272	-0.404542	 0.498908
 0.280187	 0.498467	-0.249276	 0.499193	 0.498612	 0.374102	 0.540506	-0.220287	 0.631866	 0.498278	-0.411410	 0.498908
 0.389549	 0.498965	 0.126239	 0.499204	 0.498612	 0.874102	 0.041746	-0.233059	 0.130741	 0.498282	-0.414844	 0.498908
 0.444230	 0.499214	 0.312994	 0.499210	 0.498612	 1.121353	-0.207634	-0.239445	-0.119822	 0.498283	-0.416561	 0.498908
-0.028429	 0.499338	 0.406371	 0.499213	 0.498612	 0.742242	-0.332324	-0.242638	-0.245103	 0.498284	-0.417419	 0.498908
-0.263757	 0.499400	 0.453059	 0.499214	 0.498612	 0.552687	-0.394669	-0.244235	-0.307744	 0.498284	-0.417849	 0.498908
-0.381420	 0.499431	 0.476404	-0.500785	 0.498612	 0.457909	-0.425841	-0.245033	-0.339064	 0.498285	-0.418063	 0.498908
-0.440252	 0.499447	 0.488076	-0.997783	 0.498612	 0.410520	-0.441427	-0.245432	-0.354724	 0.498285	-0.418171	 0.498908
-0.469668	 0.499455	 0.493912	-1.243293	 0.498612	 0.386825	-0.449221	-0.245631	-0.362554	 0.498285	-0.418224	 0.498908
-0.484376	 0.499459	 0.496830	-0.363070	 0.498612	 0.374978	-0.453117	-0.245731	-0.366470	 0.498285	-0.418251	 0.498908
-0.491730	 0.499461	 0.498289	 0.076007	 0.498612	 0.369054	-0.455065	-0.245781	-0.368427	 0.498285	-0.418264	 0.498908
-0.495407	 0.499462	-0.000982	 0.294516	 0.498612	 0.366093	-0.456040	-0.245806	-0.369406	 0.498285	-0.418271	 0.498908
-0.497246	 0.499462	-0.249616	 0.402744	 0.498612	 0.364612	-0.456527	-0.245819	-0.369895	 0.498285	-0.418274	 0.498908
-0.498165	 0.499462	-0.373934	-0.044164	 0.498612	 0.363871	-0.456770	-0.245825	-0.370140	 0.498285	-0.418276	 0.498908
-0.498624	 0.499462	-0.436092	-0.267618	 0.498612	 0.363501	-0.456892	-0.245828	-0.370262	 0.498285	-0.418277	 0.498908
-0.498854	 0.499463	-0.467172	 0.120655	 0.498612	 0.363316	-0.456953	-0.245829	-0.370323	-0.001715	-0.418277	 0.498908
-0.498969	 0.499463	-0.482712	 0.313774	 0.498612	 0.363223	-0.456983	-0.245830	-0.370354	-0.250712	-0.418278	 0.498908
-0.499027	 0.499463	-0.490481	 0.409319	 0.498612	 0.363177	-0.456999	-0.245831	-0.370369	-0.375210	-0.418278	 0.498908
 0.000945	 0.499463	 0.005634	 0.456082	 0.498612	 0.863154	-0.457006	-0.245831	-0.870377	 0.062541	-0.418278	 0.498908
 0.249928	 0.499463	 0.252688	 0.478458	 0.498612	 1.110416	-0.457010	-0.245831	-1.117640	 0.280416	-0.418278	 0.498908
 0.374420	 0.499463	 0.376215	 0.488644	 0.498612	 0.731332	 0.042988	-0.245831	-0.238542	 0.389353	-0.418278	 0.498908
 0.436666	 0.499463	 0.437978	 0.493738	 0.498612	 0.541790	 0.291901	-0.245831	 0.199726	 0.443822	-0.418278	 0.498908
 0.467789	 0.499463	 0.468860	 0.496284	 0.498612	 0.447019	-0.084724	-0.245831	 0.417584	 0.471056	-0.418278	 0.498908
 0.483351	 0.499463	 0.484301	 0.497557	 0.498612	 0.399633	-0.273036	-0.245831	 0.525242	 0.484673	-0.418278	 0.498908
 0.491132	 0.499463	 0.492021	 0.498194	 0.998612	 0.875940	 0.132807	 0.254169	 0.577806	 0.491482	 0.081722	 0.498908
 0.495022	 0.499463	 0.495882	 0.498512	 1.245615	 1.111390	 0.334652	 0.502661	 0.602827	 0.494886	 0.330559	 0.498908
 0.496967	 0.499463	 0.497812	 0.498672	 1.366131	 1.226420	 0.434501	 0.125404	 0.614081	 0.496588	-0.046182	 0.498908
 0.497940	 0.499463	 0.498777	 0.498751	 1.423416	 1.281253	 0.483357	-0.063224	 0.618458	 0.497439	-0.234552	 0.498908
 0.498426	 0.499463	 0.499259	 0.498791	 1.449097	 1.305997	 0.506721	-0.157538	 0.619401	 0.497865	-0.328737	 0.498908
 0.498669	 0.499463	 0.499501	 0.498811	 1.458988	 0.815708	 0.517342	 0.295305	 0.618631	 0.498078	-0.375830	 0.498908
 0.498791	 0.499463	 0.499621	 0.498821	 1.460996	 0.570563	 0.521597	 0.520230	 0.617011	 0.498184	-0.399376	 0.498908
 0.498851	 0.499463	 0.499682	-0.001174	 1.459073	 0.447991	 0.522673	 0.631202	 0.614970	 0.498237	-0.411149	 0.498908
 0.498882	 0.499463	 0.499712	-0.250169	 1.455198	 0.386704	 0.522163	 0.685204	 0.612724	 0.498264	-0.417036	 0.498908
 0.498897	 0.499463	 0.499727	 0.125333	 0.950358	 0.856061	 0.020865	 0.710726	 0.610380	 0.498277	-0.419979	 0.498908
 0.498905	 0.499463	 0.499734	 0.312082	 0.697938	 1.088089	-0.229784	 0.722015	 0.607991	 0.498284	-0.421451	 0.498908
-0.001092	 0.499463	 0.499738	 0.405457	 1.071727	 0.701462	-0.355108	 0.726193	 0.105586	 0.498287	-0.422186	 0.498908
-0.250087	 0.499463	 0.499740	 0.452145	 1.255731	 0.508149	-0.417771	 0.726821	-0.145616	 0.498289	-0.422554	 0.498908
-0.374585	 0.499463	 0.499741	 0.475488	 1.344854	 0.411493	-0.449102	 0.725680	-0.271218	 0.498290	-0.422738	 0.498908
 0.063166	 0.499463	 0.499741	 0.487160	 0.886547	 0.363164	 0.035233	 0.223661	 0.165982	 0.498290	-0.422830	 0.498908
 0.281039	 0.499463	 0.499742	 0.492996	 0.657394	 0.339000	 0.276361	-0.027349	 0.383375	 0.498290	-0.422876	 0.498908
-0.110024	 0.499463	 0.499742	 0.495914	 0.542817	 0.326918	 0.395890	 0.347146	-0.509130	 0.498290	-0.422899	 0.498908
-0.304553	 0.499463	 0.499742	 0.497373	 0.485529	 0.320877	 0.454623	 0.532950	-0.952579	 0.498291	-0.422911	 0.498908
-0.401818	 0.499463	 0.499742	 0.498103	 0.456885	 0.317857	 0.482964	 0.124415	-0.671512	 0.498291	-0.422917	 0.498908
-0.450450	 0.499463	 0.499742	 0.498467	 0.442563	 0.316346	 0.496111	-0.079853	-0.530978	 0.498291	-0.422919	 0.498908
-0.474767	 0.499463	-0.000258	 0.498650	 0.435402	 0.315591	 0.001666	 0.318014	-0.460711	-0.001709	-0.422921	 0.498908
-0.486925	 0.499463	-0.249258	 0.498741	 0.431821	 0.315214	-0.245556	 0.515515	-0.425578	-0.250706	-0.422922	 0.498908
-0.493004	 0.499463	-0.373757	 0.498786	 0.430031	 0.315025	-0.369167	 0.612840	-0.408011	-0.375204	-0.422922	 0.498908
-0.496043	 0.499463	-0.436007	 0.498809	 0.429136	 0.314930	 0.069027	 0.160082	 0.100772	 0.062547	-0.422922	 0.498908
-0.497563	 0.499463	-0.467132	 0.498821	 0.428688	 0.314883	 0.287110	-0.066298	 0.353945	 0.280421	-0.422922	 0.498908
 0.001677	 0.499463	 0.017305	 0.498826	 0.428464	 0.314860	 0.395141	-0.179487	-0.020683	 0.389359	-0.422922	 0.498908
 0.250295	 0.499463	 0.258521	 0.498829	 0.428352	 0.314848	 0.448150	-0.236082	-0.207997	 0.443828	-0.422922	 0.498908
 0.374605	 0.499463	-0.120872	 0.498831	 0.428296	 0.314842	-0.026348	-0.264379	-0.301654	-0.028938	-0.422922	 0.498908
 0.436759	 0.499463	-0.309567	 0.498831	 0.428268	 0.314839	-0.262595	-0.278528	-0.348482	-0.264318	-0.422922	 0.498908
 0.467836	 0.499463	 0.096085	 0.498832	 0.428254	 0.314838	 0.119281	-0.285602	-0.371897	-0.382007	-0.422922	 0.498908
 0.483375	 0.499463	 0.297907	 0.498832	 0.428247	 0.314837	 0.309217	-0.289139	-0.383604	-0.440852	-0.422922	 0.498908
 0.491144	 0.499463	 0.398819	 0.498832	 0.428244	 0.314836	 0.404185	-0.290908	-0.389457	-0.470275	-0.422922	 0.498908
-0.004971	 0.499463	-0.050726	 0.498832	 0.428242	 0.314836	-0.048331	-0.291792	-0.392384	-0.484986	-0.422922	 0.498908
-0.252027	 0.499463	-0.274497	 0.498832	 0.428241	 0.314836	-0.273587	-0.292234	-0.393848	-0.492341	-0.422922	 0.498908
-0.375554	 0.499463	 0.113617	 0.498832	 0.428241	 0.314836	-0.386215	-0.292455	-0.394579	 0.003981	-0.422922	 0.498908
-0.437318	 0.499463	 0.306671	 0.498832	 0.428241	 0.314836	-0.442529	-0.292566	-0.394945	 0.251141	-0.422922	 0.498908
-0.468200	 0.499463	-0.096803	 0.498832	 0.428241	 0.314836	 0.029314	 0.207379	-0.395128	 0.374722	-0.422922	 0.498908
-0.483641	 0.499463	-0.297539	 0.498832	 0.428241	 0.314836	 0.264233	 0.455936	-0.395219	 0.436512	-0.422922	 0.498908
 0.008638	-0.000537	-0.397907	 0.498832	 0.428240	 0.314836	-0.118308	 0.078806	-0.395265	-0.032593	-0.422922	 0.498908
 0.253776	-0.249536	-0.448091	 0.498832	 0.428240	 0.314836	-0.308576	-0.109759	-0.395288	-0.266142	-0.422922	 0.498908
 0.376345	-0.374036	-0.473183	 0.498832	 0.428240	 0.314836	-0.403710	-0.204041	-0.395300	-0.382917	-0.422922	 0.498908
 0.437630	 0.063714	 0.014271	 0.498832	 0.428240	 0.314836	 0.048722	-0.251183	 0.104695	 0.058696	-0.422922	 0.498908
 0.468272	 0.281587	 0.256995	 0.498832	 0.428240	 0.314836	 0.273937	-0.274753	 0.353483	 0.278502	-0.422922	 0.498908
 0.483593	 0.390523	-0.121643	-0.001168	 0.428240	 0.314836	-0.113456	-0.286538	-0.023328	 0.388405	-0.422922	 0.498908
 0.491254	 0.444991	-0.309962	-0.250166	 0.428240	 0.314836	-0.306151	-0.292431	-0.211733	 0.443356	-0.422922	 0.498908
 0.495084	 0.472225	-0.404121	 0.125336	 0.428240	 0.314836	 0.097502	 0.204623	-0.305936	 0.470832	-0.422922	 0.498908
 0.496999	 0.485842	-0.451201	 0.312084	 0.428240	 0.314836	 0.298326	 0.451746	-0.353037	 0.484570	-0.422922	 0.498908
 0.497957	 0.492650	 0.025259	 0.405459	 0.428240	 0.314836	 0.398738	 0.073910	-0.376588	-0.008562	-0.422922	 0.498908
 0.498436	 0.496055	 0.262486	 0.452146	 0.428240	 0.314836	 0.448944	-0.115008	-0.388363	-0.254124	-0.422922	 0.498908
 0.498675	 0.497757	 0.381099	 0.475490	 0.428240	 0.314836	 0.474047	-0.209467	-0.394251	-0.376905	-0.422922	 0.498908
 0.498795	 0.498608	-0.059594	 0.487162	 0.428240	 0.314836	-0.013402	-0.256696	 0.102805	 0.061705	-0.422922	 0.498908
 0.498854	 0.499033	-0.278940	 0.492997	 0.428240	 0.314836	-0.256125	-0.280311	 0.350133	 0.280009	-0.422922	 0.498908
-0.001116	 0.499246	-0.388613	 0.495915	 0.428240	 0.314836	 0.122514	 0.207881	-0.027397	 0.389161	-0.422922	 0.498908
-0.250099	 0.499353	-0.443450	 0.497374	 0.428240	 0.314836	 0.310831	 0.450586	-0.216163	 0.443737	-0.422922	 0.498908
 0.125410	 0.499406	 0.029132	 0.498104	 0.428240	 0.314836	 0.404990	 0.070551	 0.189455	 0.471025	-0.422922	 0.498908
 0.312163	 0.499432	 0.264419	 0.498469	 0.428240	 0.314836	 0.452069	-0.119466	 0.391073	 0.484669	-0.422922	 0.498908
 0.405539	 0.499446	 0.382063	 0.498651	 0.428240	 0.814836	-0.024391	-0.214475	 0.490697	 0.491491	-0.422922	 0.498908
 0.452227	 0.499452	 0.440885	 0.498742	 0.428240	 1.062206	-0.261620	-0.261979	 0.539328	 0.494902	-0.422922	 0.498908
 0.475571	 0.499456	 0.470296	 0.498788	 0.428240	 1.183272	-0.380234	-0.285731	 0.562468	 0.496607	-0.422922	 0.498908
-0.012757	 0.499457	 0.485001	 0.498811	 0.428240	 0.741197	 0.060459	-0.297607	 0.572867	 0.497460	-0.422922	 0.498908
-0.255919	 0.499458	 0.492354	 0.498822	 0.428240	 0.520159	 0.279803	-0.303545	 0.576899	 0.497887	-0.422922	 0.498908
 0.122500	 0.499458	 0.496031	 0.498828	 0.428240	 0.409640	-0.110525	 0.193486	 0.077754	 0.498100	-0.422922	 0.498908
 0.310708	 0.499459	 0.497869	 0.498830	 0.428240	 0.354380	-0.304687	 0.440620	-0.171819	 0.498206	-0.422922	 0.498908
 0.404812	 0.499459	 0.498788	 0.498832	 0.428240	 0.326751	 0.098232	 0.062812	-0.796605	 0.498260	-0.422922	 0.498908
 0.451864	 0.499459	 0.499247	 0.498833	 0.428240	 0.312936	 0.298689	-0.126092	-1.106156	 0.498286	-0.422922	 0.498908
-0.024610	 0.499459	 0.499477	 0.498833	 0.428240	-0.193972	-0.101083	-0.220544	-0.758099	 0.498300	-0.422922	 0.498908
-0.261845	 0.499459	 0.499592	 0.498833	 0.428240	-0.446024	-0.299967	-0.267770	-0.584071	 0.498306	-0.422922	 0.498908
-0.380463	 0.499459	 0.499649	 0.498833	 0.428240	-0.570653	-0.399409	-0.291383	-0.497057	 0.498310	-0.422922	 0.498908
 0.060229	 0.499459	-0.000322	 0.498833	 0.428240	-0.131578	-0.449130	 0.196810	-0.953550	-0.001689	-0.422922	 0.498908
 0.279572	 0.499459	-0.249307	 0.498833	 0.428240	 0.087960	-0.473990	 0.439537	-1.178977	-0.250685	-0.422922	 0.498908
-0.110756	 0.499459	 0.126201	-0.001167	 0.428240	 0.197729	 0.013580	 0.059536	-0.288881	 0.124818	-0.422922	 0.498908
-0.304918	 0.499459	 0.312951	-0.250164	 0.428240	 0.252614	 0.256362	-0.130465	 0.154964	 0.311568	-0.422922	 0.498908
 0.098002	 0.499459	-0.093674	 0.125337	 0.428240	 0.280056	 0.377753	-0.225465	 0.375690	-0.095057	-0.422922	 0.498908
 0.298459	 0.499459	-0.295986	 0.312086	 0.428240	 0.293777	 0.438449	-0.272965	 0.484859	-0.297366	-0.422922	 0.498908
 0.398688	 0.499459	 0.102858	 0.405460	 0.428240	 0.300637	 0.468797	-0.296716	 0.038256	 0.101480	-0.422922	 0.498908
 0.448803	 0.499459	 0.301277	 0.452147	 0.428240	 0.304068	 0.483971	-0.308591	-0.185046	 0.299902	-0.422922	 0.498908
 0.473860	 0.499459	 0.400486	 0.475491	 0.428240	 0.305783	 0.491558	-0.314528	-0.296696	 0.399113	-0.422922	 0.498908
-0.013612	 0.499459	-0.049909	 0.487163	 0.428240	 0.306640	 0.495351	 0.182503	 0.147478	 0.448718	-0.422922	 0.498908
-0.256345	 0.499459	-0.274106	 0.492999	 0.428240	 0.307069	 0.497248	 0.429660	 0.368382	 0.473521	-0.422922	 0.498908
-0.377712	 0.499459	 0.113795	 0.495917	 0.428240	 0.307284	 0.498196	 0.051884	 0.477656	 0.485922	-0.422922	 0.498908
-0.438395	 0.499459	 0.306743	 0.497376	 0.428240	 0.307391	 0.498671	-0.137003	 0.531119	 0.492123	-0.422922	 0.498908
 0.031263	 0.499459	 0.403216	 0.498105	 0.428240	 0.307444	 0.498908	-0.231447	-0.443319	 0.495223	-0.422922	 0.498908
 0.265090	 0.499459	 0.451453	 0.498470	 0.428240	 0.307471	 0.499026	-0.278669	-0.927703	 0.496774	-0.422922	 0.498908
 0.382004	 0.499459	 0.475572	 0.498652	 0.428240	 0.307485	 0.499085	-0.302280	-0.167070	-0.002451	-0.422922	 0.498908
 0.440461	 0.499459	 0.487631	 0.498743	 0.428240	 0.307491	 0.499115	-0.314085	 0.212059	-0.251060	-0.422922	 0.498908
-0.030311	 0.499459	 0.493660	 0.498789	-0.071760	 0.307495	 0.499130	 0.180012	 0.400441	 0.124635	-0.422922	 0.498908
-0.264694	 0.499459	 0.496675	 0.498812	-0.320616	 0.307496	 0.499137	 0.425712	 0.493455	 0.311482	-0.422922	 0.498908
-0.381886	 0.499459	 0.498183	 0.498823	-0.443905	 0.307497	 0.499141	 0.547220	 0.538788	 0.404906	-0.422922	 0.498908
 0.059518	 0.499459	-0.001064	 0.498829	-0.004416	 0.807498	-0.000857	 0.106636	 0.560287	-0.048383	-0.422922	 0.498908
 0.279218	 0.499459	-0.249686	 0.498832	 0.215329	 1.054883	-0.249854	-0.113656	 0.569873	-0.274023	-0.422922	 0.498908
-0.110932	 0.499459	 0.126003	 0.498833	 0.325202	 0.675971	 0.125647	-0.223802	 0.073507	 0.113156	-0.422922	 0.498908
-0.305005	 0.499459	 0.312844	 0.498834	 0.380138	 0.486515	 0.312395	-0.278875	-0.174676	 0.305745	-0.422922	 0.498908
 0.097959	 0.499459	 0.406264	 0.498834	 0.407606	 0.891787	-0.094231	-0.306411	-0.298768	 0.402040	-0.422922	 0.498908
 0.298439	 0.499459	 0.452974	 0.498834	 0.421340	 1.091829	-0.296542	-0.320180	-0.360813	 0.450187	-0.422922	 0.498908
 0.398679	 0.499459	 0.476329	 0.498835	 0.428207	 0.689266	 0.102303	-0.327064	 0.108164	 0.474261	-0.422922	 0.498908
 0.448799	 0.499459	 0.488007	 0.498835	 0.431641	 0.487985	 0.300722	-0.330506	 0.341498	 0.486298	-0.422922	 0.498908
 0.473859	 0.499459	 0.493846	 0.498835	 0.433357	 0.387344	 0.399932	-0.332227	 0.457015	 0.492316	-0.422922	 0.498908
 0.486389	 0.499459	-0.003235	 0.498835	 0.434216	 0.337024	 0.449537	 0.166913	 0.513629	 0.495325	-0.422922	 0.498908
 0.492654	 0.499459	-0.250775	 0.498835	 0.434645	 0.311863	 0.474340	 0.415150	 0.540795	 0.496830	-0.422922	 0.498908
 0.495786	 0.499459	 0.125456	 0.498835	 0.434860	 0.299283	 0.486741	 0.037942	 0.053243	 0.497582	-0.422922	 0.498908
 0.497353	 0.499459	 0.312567	 0.498835	 0.434967	 0.292993	 0.492942	-0.150662	-0.190534	 0.497958	-0.422922	 0.498908
 0.498136	 0.499459	 0.406123	 0.498835	 0.435021	 0.289848	 0.496042	-0.244964	 0.187578	 0.498146	-0.422922	 0.498908
 0.498527	 0.499459	 0.452901	 0.498835	 0.435047	 0.288276	 0.497592	-0.292115	 0.375503	 0.498240	-0.422922	 0.498908
 0.498723	 0.499459	 0.476290	 0.498835	-0.064939	 0.287489	 0.498367	-0.315690	-0.031662	 0.498287	-0.422922	 0.498908
 0.498821	 0.499459	 0.487985	 0.498835	-0.313803	 0.287096	 0.498755	-0.327478	-0.235244	 0.498311	-0.422922	 0.498908
 0.498870	 0.499459	 0.493832	 0.498835	-0.437109	 0.286900	 0.498949	-0.333372	-0.337035	 0.498323	-0.422922	 0.498908
 0.498894	 0.499459	 0.496755	 0.498835	 0.002359	 0.286801	-0.000954	-0.336319	-0.387931	 0.498329	-0.422922	 0.498908
 0.498907	 0.499459	 0.498217	 0.498835	 0.222092	 0.286752	-0.249904	-0.337792	-0.413379	 0.498332	-0.422922	 0.498908
 0.498913	 0.499459	 0.498948	 0.498835	 0.331959	 0.286728	 0.125621	 0.161471	-0.426103	 0.498333	-0.422922	 0.498908
 0.498916	 0.499459	 0.499314	 0.498835	 0.386893	 0.286715	 0.312381	 0.409781	-0.432465	 0.498334	-0.422922	 0.498908
 0.498917	 0.499459	-0.000504	 0.498835	 0.414359	 0.286709	-0.094239	 0.532620	-0.435646	 0.498334	-0.422922	 0.498908
 0.498918	 0.499459	-0.249412	 0.498835	 0.428093	 0.286706	-0.296547	 0.592729	-0.437236	 0.498334	-0.422922	 0.498908
-0.001082	 0.499459	 0.126134	 0.498835	 0.434960	 0.286705	 0.102299	 0.621477	-0.438031	-0.001666	-0.422922	 0.498908
-0.250079	 0.499459	 0.312904	 0.498835	 0.438393	 0.286704	 0.300719	 0.634551	-0.438429	-0.250662	-0.422922	 0.498908
-0.374578	 0.499459	 0.406289	 0.498835	 0.440110	 0.286704	 0.399930	 0.639793	-0.438628	-0.375161	-0.422922	 0.498908
-0.436827	 0.499459	-0.047019	 0.498835	 0.440968	 0.786703	 0.449535	 0.641123	 0.061273	 0.062590	-0.422922	 0.498908
-0.467952	 0.499459	-0.272672	 0.498835	 0.441397	 1.034130	 0.474338	 0.640504	 0.310101	 0.280465	-0.422922	 0.498908
-0.483514	 0.499459	 0.114501	 0.498835	 0.441612	 1.155280	 0.486739	 0.638914	-0.066603	 0.389402	-0.422922	 0.498908
-0.491296	 0.499459	 0.307085	 0.498835	 0.441719	 1.213302	 0.492939	 0.636845	-0.254955	 0.443871	-0.422922	 0.498908
 0.004814	 0.499459	-0.096623	-0.001165	 0.441773	 0.739771	 0.496040	 0.134541	-0.349131	-0.028895	-0.422922	 0.498908
 0.251867	 0.499459	-0.297477	-0.250163	 0.441799	 0.503005	 0.497590	-0.116611	-0.396219	-0.264274	-0.422922	 0.498908
 0.375393	 0.499459	-0.397904	 0.125338	 0.441813	 0.384622	 0.498365	 0.257813	 0.080237	 0.118036	-0.422922	 0.498908
 0.437156	 0.499459	-0.448117	 0.312087	 0.441819	 0.325431	 0.498753	 0.443760	 0.317352	 0.308191	-0.422922	 0.498908
 0.468038	 0.499459	-0.473224	 0.405462	 0.441823	 0.295835	 0.498946	 0.535474	 0.434800	 0.403268	-0.422922	 0.498908
 0.483479	 0.499459	-0.485777	 0.452149	 0.441825	 0.281037	 0.499043	 0.080077	-0.507580	-0.049194	-0.422922	 0.498908
 0.491199	 0.499459	-0.492054	 0.475492	 0.441825	 0.273638	 0.499092	-0.147621	-0.975871	-0.274421	-0.422922	 0.498908
 0.495059	 0.499459	 0.004808	 0.487164	 0.441826	 0.269939	-0.000884	-0.261471	-0.207127	 0.112965	-0.422922	 0.498908
 0.496989	 0.499459	 0.252235	 0.493000	 0.441826	 0.268089	-0.249870	-0.318395	 0.176121	 0.305658	-0.422922	 0.498908
 0.497954	 0.499459	 0.375949	 0.495918	 0.441826	 0.267164	 0.125637	-0.346858	-0.133373	 0.402004	-0.422922	 0.498908
 0.498437	 0.499459	 0.437806	 0.497377	 0.441826	 0.266702	 0.312388	-0.361089	-0.288121	 0.450177	-0.422922	 0.498908
 0.498678	 0.499459	 0.468734	 0.498106	 0.441826	 0.266470	 0.405763	 0.131796	-0.365494	 0.474264	-0.422922	 0.498908
 0.498799	 0.499459	 0.484199	 0.498471	 0.441826	 0.266355	 0.452451	 0.376988	-0.404181	 0.486307	-0.422922	 0.498908
 0.498859	 0.499459	 0.491931	 0.498654	 0.441826	 0.266297	 0.475795	 0.498340	-0.423525	 0.492329	-0.422922	 0.498908
 0.498889	 0.499459	 0.495797	 0.498745	 0.441826	 0.266268	-0.012533	 0.057777	-0.933196	 0.495339	-0.422922	 0.498908
 0.498904	 0.499459	 0.497730	 0.498790	 0.441826	 0.266254	-0.255695	-0.162505	-1.185146	 0.496845	-0.422922	 0.498908
 0.498912	 0.499459	 0.498696	 0.498813	 0.441826	 0.766246	 0.122724	 0.227355	-0.308247	 0.497598	-0.422922	 0.498908
 0.498916	 0.499459	 0.499180	 0.498825	 0.441826	 1.013710	 0.310931	 0.421050	 0.129065	 0.497974	-0.422922	 0.498908
 0.498918	 0.499459	 0.499421	 0.498830	 0.441826	 0.634920	 0.405034	 0.016668	-0.153412	 0.498162	-0.422922	 0.498908
 0.498919	 0.499459	 0.499542	 0.498833	 0.441826	 0.445525	 0.452086	-0.185523	-0.294650	 0.498256	-0.422922	 0.498908
 0.498919	 0.499459	 0.499602	 0.498835	 0.441826	 0.350827	 0.475612	 0.213381	 0.134731	 0.498303	-0.422922	 0.498908
 0.498919	 0.499459	 0.499633	 0.498835	 0.441826	 0.303478	 0.487375	 0.411609	 0.348293	 0.498327	-0.422922	 0.498908
 0.498919	-0.000541	 0.499648	 0.498836	 0.441826	 0.279804	 0.493256	 0.009503	 0.453950	-0.001661	-0.422922	 0.498908
 0.498919	-0.249540	 0.499655	 0.498836	 0.441826	 0.267967	 0.496197	-0.191550	 0.505660	-0.250652	-0.422922	 0.498908
 0.498919	-0.374039	 0.499659	 0.498836	 0.441826	 0.262048	 0.497667	-0.292076	 0.530400	-0.375148	-0.422922	 0.498908
-0.001081	 0.063711	-0.000339	 0.498836	 0.441826	 0.259089	 0.498403	-0.342339	 0.541660	 0.062605	-0.422922	 0.498908
-0.250078	 0.281583	-0.249337	 0.498836	 0.441826	 0.257609	 0.498770	-0.367471	 0.546184	 0.280480	-0.422922	 0.498908
 0.125423	 0.390519	 0.126163	 0.498836	 0.441826	 0.256869	 0.498954	-0.380037	 0.547344	 0.389418	-0.422922	 0.498908
 0.312171	 0.444987	 0.312910	 0.498836	 0.441826	 0.256499	 0.499046	-0.386320	 0.546828	 0.443887	-0.422922	 0.498908
-0.094454	 0.472221	 0.406284	 0.498836	 0.441826	 0.256314	 0.499092	-0.389461	 0.045477	 0.471121	-0.422922	 0.498908
-0.296765	 0.485838	 0.452971	 0.498836	 0.441826	 0.256222	 0.499115	-0.391032	-0.205199	 0.484738	-0.422922	 0.498908
-0.397920	 0.492647	 0.476314	 0.498836	 0.441826	 0.756176	-0.000874	-0.391817	 0.169463	 0.491547	-0.422922	 0.498908
-0.448498	 0.496051	 0.487986	 0.498836	 0.441826	 1.003640	-0.249866	-0.392210	 0.355706	 0.494951	-0.422922	 0.498908
-0.473787	 0.497753	 0.493822	 0.498836	 0.441826	 1.124870	-0.374362	-0.392406	 0.447744	 0.496653	-0.422922	 0.498908
-0.486431	 0.498604	-0.003260	 0.498836	 0.441826	 0.682993	 0.063389	 0.107496	 0.492683	 0.497504	-0.422922	 0.498908
-0.492753	 0.499030	-0.250801	 0.498836	 0.441826	 0.462055	 0.281263	 0.356232	 0.514077	 0.497930	-0.422922	 0.498908
 0.004086	 0.499242	-0.374571	 0.498836	 0.441826	 0.351585	-0.109800	 0.479390	 0.023704	 0.498143	-0.422922	 0.498908
 0.251503	 0.499349	-0.436456	 0.498836	 0.441826	 0.296351	-0.304330	 0.539764	-0.221483	 0.498249	-0.422922	 0.498908
 0.375212	 0.499402	 0.032601	 0.498836	 0.441826	 0.268733	 0.098405	 0.568751	-0.344077	 0.498302	-0.422922	 0.498908
 0.437066	 0.499429	 0.266127	 0.498836	 0.441826	 0.254925	 0.298770	 0.582048	-0.405373	 0.498329	-0.422922	 0.498908
 0.467994	 0.499442	 0.382890	 0.498836	 0.441826	 0.248020	 0.398953	 0.587507	 0.063978	-0.001658	-0.422922	 0.498908
 0.483457	 0.499449	 0.441271	 0.498836	 0.441826	 0.244568	 0.449044	 0.589050	 0.297587	-0.250648	-0.422922	 0.498908
 0.491189	 0.499452	 0.470462	 0.498836	 0.441826	 0.242842	 0.474090	 0.588640	 0.413330	-0.375143	-0.422922	 0.498908
 0.495055	 0.499454	-0.014943	 0.498836	 0.441826	 0.241979	 0.486613	 0.587259	-0.029858	-0.437390	-0.422922	 0.498908
 0.496988	 0.499454	-0.256645	 0.498836	 0.441826	 0.241548	 0.492874	 0.585397	-0.251451	-0.468514	-0.422922	 0.498908
-0.002046	 0.499455	 0.122505	 0.498836	 0.441826	 0.241332	 0.496005	 0.583298	 0.137752	-0.484076	-0.422922	 0.498908
-0.250560	 0.499455	 0.311076	 0.498836	 0.441826	 0.241224	 0.497570	 0.581087	 0.331300	-0.491857	-0.422922	 0.498908
 0.125182	 0.499455	 0.405361	 0.498836	-0.058174	 0.241170	 0.498353	 0.078823	 0.427024	 0.004252	-0.422922	 0.498908
 0.312052	 0.499455	 0.452504	 0.498836	-0.307057	 0.241143	 0.498744	-0.172308	 0.473841	 0.251307	-0.422922	 0.498908
 0.405487	 0.499455	-0.023924	 0.498836	 0.069613	 0.241130	 0.498940	 0.202126	 0.496208	-0.125166	-0.422922	 0.498908
 0.452204	 0.499455	-0.261138	 0.498836	 0.257948	 0.241123	 0.499038	 0.388190	 0.506354	-0.312400	-0.422922	 0.498908
-0.024437	 0.499455	 0.120255	 0.498836	 0.352115	 0.241120	 0.499087	 0.480073	 0.010394	 0.093984	-0.422922	 0.498908
-0.261756	 0.499455	 0.309949	 0.498836	 0.399199	 0.241118	 0.499111	 0.524871	-0.237586	 0.296175	-0.422922	 0.498908
-0.380415	 0.499455	 0.404795	 0.498836	 0.422741	 0.241117	 0.499123	 0.546130	-0.361576	 0.397270	-0.422922	 0.498908
 0.060255	 0.499455	 0.452219	 0.498836	 0.434512	 0.241117	 0.499129	 0.055625	 0.076429	 0.447818	-0.422922	 0.498908
 0.279589	 0.499455	 0.475930	 0.498836	 0.440397	 0.241116	 0.499133	-0.189627	 0.294403	 0.473092	-0.422922	 0.498908
-0.110745	 0.499455	 0.487786	 0.498836	 0.443340	 0.241116	 0.499134	 0.187747	-0.097635	 0.485729	-0.422922	 0.498908
-0.304909	 0.499455	 0.493714	 0.498836	 0.444811	 0.241116	 0.499135	 0.375303	-0.293654	 0.492047	-0.422922	 0.498908
 0.098009	 0.499455	 0.496678	 0.498836	 0.445547	 0.241116	 0.499135	-0.032044	-0.391663	 0.495206	-0.422922	 0.498908
 0.298466	 0.499455	 0.498160	 0.498836	 0.445915	 0.241116	 0.499135	-0.235718	-0.440668	 0.496786	-0.422922	 0.498908
-0.101306	 0.499455	 0.498901	 0.498836	-0.053901	 0.241116	 0.499136	 0.162445	-0.465171	-0.002424	-0.422922	 0.498908
-0.300190	 0.499455	 0.499271	 0.498836	-0.302702	 0.241116	 0.499136	 0.360406	-0.477422	-0.251026	-0.422922	 0.498908
-0.399631	 0.499455	 0.499457	 0.498836	-0.425999	 0.241116	 0.499136	 0.458269	-0.483547	-0.375327	-0.422922	 0.498908
-0.449352	 0.499455	 0.499549	 0.498836	 0.013451	 0.241116	-0.000864	 0.006089	-0.486610	-0.437477	-0.422922	 0.498908
-0.474213	 0.499455	 0.499596	 0.498836	 0.233176	 0.241116	-0.249863	-0.220002	-0.488142	-0.468553	-0.422922	 0.498908
-0.486643	 0.499455	 0.499619	 0.498836	 0.343038	 0.241116	-0.374362	-0.333047	 0.011093	 0.015910	-0.422922	 0.498908
-0.492858	 0.499455	 0.499630	 0.498836	 0.397969	 0.241116	-0.436611	-0.389569	 0.259689	 0.257140	-0.422922	 0.498908
-0.495966	 0.499455	 0.499636	 0.498836	 0.425435	 0.241116	-0.467736	-0.417831	-0.117029	 0.377755	-0.422922	 0.498908
-0.497519	 0.499455	 0.499639	 0.498836	 0.439168	 0.241116	-0.483299	-0.431961	-0.305388	 0.438063	-0.422922	 0.498908
 0.001704	 0.499455	 0.499640	-0.001164	 0.446034	 0.241116	 0.008920	 0.060973	-0.399568	-0.031783	-0.422922	 0.498908
 0.250313	 0.499455	 0.499641	-0.250162	 0.449468	 0.241116	 0.254027	 0.306333	-0.446658	-0.265703	-0.422922	 0.498908
 0.374618	 0.499455	 0.499642	-0.374661	 0.451184	 0.241116	 0.376581	 0.427909	-0.470203	-0.382663	-0.422922	 0.498908
-0.063229	 0.499455	 0.499642	 0.063090	 0.452042	 0.241116	 0.437858	-0.012401	 0.018025	-0.441143	-0.422922	 0.498908
-0.281151	 0.499455	 0.499642	 0.280964	 0.452472	 0.241116	 0.468496	-0.232557	 0.261126	-0.470383	-0.422922	 0.498908
 0.109888	 0.499455	 0.499642	 0.389900	 0.452686	 0.241116	 0.483815	 0.157365	-0.118332	 0.014997	-0.422922	 0.498908
 0.304406	 0.499455	 0.499642	 0.444369	 0.452793	 0.241116	 0.491475	 0.351232	-0.308060	 0.256686	-0.422922	 0.498908
 0.401665	 0.499455	 0.499642	 0.471603	 0.452847	 0.241116	-0.004695	 0.447075	 0.097075	 0.377531	-0.422922	 0.498908
 0.450294	 0.499455	 0.499642	 0.485220	 0.452874	 0.241116	-0.251779	 0.493911	 0.298638	 0.437953	-0.422922	 0.498908
-0.025391	 0.499455	 0.499642	-0.007971	 0.452887	 0.241116	-0.375320	 0.516247	 0.398420	 0.468165	-0.422922	 0.498908
-0.262231	 0.499455	 0.499642	-0.253565	 0.452894	 0.241116	-0.437091	 0.526338	 0.448310	 0.483270	-0.422922	 0.498908
-0.380652	 0.499455	 0.499642	-0.376361	 0.452897	 0.241116	-0.467977	 0.530311	 0.473256	 0.490823	-0.422922	 0.498908
-0.439862	 0.499455	 0.499642	 0.062240	 0.452899	 0.241116	-0.483419	 0.531229	-0.014272	 0.494599	-0.422922	 0.498908
-0.469467	 0.499455	 0.499642	 0.280539	 0.452900	 0.241116	-0.491141	 0.530623	-0.257032	 0.496488	-0.422922	 0.498908
-0.484269	 0.499455	 0.499642	 0.389689	 0.452900	 0.241116	 0.004999	 0.529260	 0.121588	 0.497432	-0.422922	 0.498908
-0.491671	 0.499455	 0.499642	 0.444264	 0.452901	 0.241116	 0.252066	 0.527523	 0.309898	 0.497904	-0.422922	 0.498908
 0.004629	 0.499455	-0.000358	 0.471551	 0.452901	 0.241116	-0.124400	 0.025603	-0.595947	-0.001860	-0.422922	 0.498908
 0.251777	 0.499455	-0.249357	 0.485195	 0.452901	 0.241116	-0.311632	-0.225357	-1.045866	-0.250739	-0.422922	 0.498908
 0.375350	 0.499455	 0.126143	-0.007983	 0.452901	 0.241116	 0.094753	-0.350837	-0.767834	 0.124822	-0.422922	 0.498908
 0.437137	 0.499455	 0.312890	-0.253570	 0.452901	 0.241116	 0.296942	-0.413577	-0.628818	 0.311601	-0.422922	 0.498908
 0.468031	 0.499455	 0.406263	-0.376363	 0.452901	 0.241116	 0.398037	-0.444947	-0.559310	 0.404991	-0.422922	 0.498908
-0.016522	 0.499455	 0.452950	 0.062240	 0.452901	 0.241116	 0.448585	-0.460632	-0.024556	 0.451686	-0.422922	 0.498908
-0.257797	 0.499455	 0.476293	 0.280540	 0.452901	 0.241116	 0.473859	-0.468475	 0.241800	 0.475033	-0.422922	 0.498908
 0.121566	 0.499455	 0.487965	 0.389690	 0.452901	 0.241116	-0.013505	 0.027604	 0.373962	 0.486707	-0.422922	 0.498908
 0.310245	 0.499455	 0.493801	 0.444265	 0.452901	 0.241116	-0.256184	 0.274596	 0.439031	 0.492544	-0.422922	 0.498908
-0.095415	 0.499455	-0.003281	 0.471552	 0.452901	 0.241116	 0.122476	-0.102951	 0.470557	-0.004538	-0.422922	 0.498908
-0.297243	 0.499455	-0.250821	 0.485196	 0.452901	 0.241116	 0.310804	-0.291725	 0.485316	-0.252075	-0.422922	 0.498908
 0.101843	 0.499455	-0.374592	 0.492018	 0.452901	 0.241116	 0.404967	-0.386111	 0.491695	 0.124156	-0.422922	 0.498908
 0.300384	 0.499455	-0.436477	 0.495429	 0.452901	 0.241116	 0.452049	-0.433305	 0.494885	 0.311271	-0.422922	 0.498908
 0.399655	 0.499455	-0.467419	 0.497134	 0.452901	 0.241116	 0.475590	-0.456901	 0.496480	 0.404828	-0.422922	 0.498908
 0.449290	 0.499455	 0.017109	 0.497987	 0.452901	 0.241116	 0.487361	-0.468700	 0.497277	-0.048393	-0.422922	 0.498908
 0.474108	 0.499455	 0.258371	 0.498413	 0.452901	 0.241116	 0.493246	-0.474599	 0.497676	-0.274001	-0.422922	 0.498908
-0.013483	 0.499455	-0.120999	 0.498627	 0.452901	 0.241116	 0.496189	-0.477549	-0.002125	-0.386804	-0.422922	 0.498908
-0.256277	 0.499455	-0.309683	 0.498733	 0.452901	 0.241116	 0.497660	-0.479023	-0.251021	-0.443206	-0.422922	 0.498908
 0.122327	 0.499455	 0.095975	 0.498787	 0.452901	 0.241116	 0.498396	-0.479761	 0.124531	 0.028593	-0.422922	 0.498908
 0.310626	 0.499455	 0.297801	 0.498813	 0.452901	 0.241116	 0.498763	-0.480129	 0.311306	 0.263492	-0.422922	 0.498908
 0.404776	 0.499455	 0.398714	-0.001174	 0.452901	 0.241116	 0.498947	-0.480314	-0.095306	-0.119059	-0.422922	 0.498908
 0.451851	 0.499455	 0.449170	-0.250165	 0.452901	 0.241116	 0.499039	-0.480406	-0.297608	-0.309331	-0.422922	 0.498908
 0.475389	 0.499455	 0.474398	-0.374660	 0.452901	 0.241116	 0.499085	-0.480452	-0.398759	-0.404467	-0.422922	 0.498908
 0.487157	 0.499455	 0.487012	-0.436908	 0.452901	 0.241116	 0.499108	 0.019525	-0.449335	-0.452035	-0.422922	 0.498908
 0.493042	 0.499455	 0.493320	-0.468032	 0.452901	 0.241116	 0.499120	 0.268474	-0.474622	-0.475819	-0.422922	 0.498908
-0.004016	 0.499455	 0.496473	 0.016406	 0.452901	 0.241116	 0.499126	 0.391914	-0.487266	 0.012289	-0.422922	 0.498908
-0.251543	 0.499455	 0.498050	 0.257624	 0.452901	 0.241116	 0.499128	 0.452604	-0.493588	 0.255342	-0.422922	 0.498908
-0.375306	 0.499455	 0.498838	-0.621768	 0.452901	 0.241116	-0.000870	 0.481922	 0.003251	 0.376869	-0.422922	 0.498908
-0.437188	 0.499455	 0.499232	-1.058461	 0.452901	 0.241116	-0.249868	 0.495558	 0.250670	 0.437632	-0.422922	 0.498908
 0.031871	 0.499455	 0.499429	-0.273817	 0.452901	 0.241116	 0.125634	 0.001358	 0.374380	 0.468014	-0.422922	 0.498908
 0.265399	 0.499455	 0.499528	 0.117483	 0.452901	 0.241116	 0.312382	-0.245742	 0.436235	 0.483205	-0.422922	 0.498908
 0.382163	 0.499455	 0.499577	 0.312115	 0.452901	 0.241116	 0.405756	-0.369292	 0.467162	 0.490800	-0.422922	 0.498908
-0.059455	 0.499455	 0.499602	 0.408418	 0.452901	 0.241116	-0.047557	-0.431067	 0.482626	 0.494598	-0.422922	 0.498908
-0.279262	 0.499455	 0.499614	 0.455560	 0.452901	 0.241116	-0.273212	-0.461955	 0.490358	 0.496497	-0.422922	 0.498908
-0.389166	 0.499455	-0.000380	 0.478126	 0.452901	 0.741116	 0.113961	-0.477398	-0.005777	 0.497446	-0.422922	 0.498908
-0.444117	 0.499455	-0.249376	 0.488407	 0.452901	 0.988634	 0.306545	-0.485120	-0.252840	 0.497921	-0.422922	 0.498908
-0.471593	 0.499455	 0.126126	 0.493548	 0.452901	 0.609920	-0.097163	-0.488981	-0.376371	 0.498158	-0.422922	 0.498908
-0.485331	 0.499455	 0.312874	 0.496118	 0.452901	 0.420564	-0.298015	-0.490912	-0.438137	 0.498277	-0.422922	 0.498908
 0.007800	 0.499455	-0.093752	 0.497403	 0.452901	 0.325885	-0.398441	-0.491877	-0.469020	 0.498336	-0.422922	 0.498908
 0.253364	 0.499455	-0.296065	 0.498046	 0.452901	 0.278546	-0.448654	-0.492360	-0.484461	 0.498366	-0.422922	 0.498908
 0.376145	 0.499455	-0.397221	 0.498367	 0.452901	 0.254877	-0.473761	-0.492601	-0.492182	 0.498381	-0.422922	 0.498908
 0.437536	 0.499455	-0.447799	 0.498528	 0.452901	 0.243042	 0.013686	-0.492721	 0.003957	-0.001612	-0.422922	 0.498908
 0.468232	 0.499455	-0.473088	 0.498608	 0.452901	 0.237124	 0.256407	-0.492782	 0.251027	-0.250605	-0.422922	 0.498908
-0.016420	 0.499455	 0.014268	 0.498648	 0.452901	 0.234166	 0.377768	-0.492812	 0.374562	 0.124898	-0.422922	 0.498908
-0.257744	 0.499455	 0.256942	 0.498668	 0.452901	 0.232686	 0.438448	-0.492827	 0.436329	 0.311649	-0.422922	 0.498908
-0.378406	 0.499455	 0.378279	 0.498678	 0.452901	 0.231947	 0.468788	-0.492835	 0.467213	 0.405025	-0.422922	 0.498908
-0.438737	 0.499455	 0.438948	 0.498683	 0.452901	 0.231577	 0.483958	-0.492838	 0.482655	 0.451712	-0.422922	 0.498908
-0.468903	 0.499455	 0.469282	 0.498686	 0.452901	 0.231392	 0.491543	-0.492840	 0.490376	 0.475056	-0.422922	 0.498908
-0.483986	 0.499455	 0.484449	 0.498687	 0.452901	 0.231300	 0.495336	-0.492841	 0.494236	 0.486728	-0.422922	 0.498908
-0.491527	 0.499455	 0.492033	 0.498688	 0.452901	 0.231253	 0.497232	-0.492842	 0.496166	 0.492564	-0.422922	 0.498908
 0.004702	 0.499455	 0.495825	 0.498688	 0.452901	 0.731230	 0.498180	 0.007158	-0.502868	-0.004518	-0.422922	 0.498908
 0.251815	 0.499455	 0.497721	 0.498688	 0.452901	 0.978756	 0.498654	 0.256144	-0.999382	-0.252056	-0.422922	 0.498908
-0.124629	 0.499455	 0.498669	 0.498688	 0.452901	 0.600067	-0.001109	-0.120374	-0.244647	 0.124175	-0.422922	 0.498908
-0.311848	 0.499455	 0.499143	 0.498688	 0.452901	 0.410722	-0.249989	-0.308633	 0.131700	 0.311290	-0.422922	 0.498908
-0.405458	 0.499455	 0.499380	 0.498688	 0.452901	 0.316050	 0.125571	 0.097238	-0.181142	-0.095152	-0.422922	 0.498908
-0.452263	 0.499455	 0.499498	 0.498688	 0.452901	 0.268713	 0.312349	 0.299167	-0.337563	-0.297371	-0.422922	 0.498908
 0.024335	 0.499455	-0.000443	 0.498688	 0.452901	 0.245045	-0.094262	-0.100870	 0.084226	 0.101520	-0.422922	 0.498908
 0.261631	 0.499455	-0.249412	 0.498688	 0.452901	 0.233211	-0.296566	-0.299887	 0.294109	 0.299965	-0.422922	 0.498908
-0.119720	 0.499455	 0.126103	 0.498688	-0.047099	 0.227294	 0.102282	-0.399396	-0.101958	 0.399187	-0.422922	 0.498908
-0.309394	 0.499455	 0.312857	 0.498688	-0.296005	 0.224336	 0.300704	-0.449150	-0.299991	 0.448799	-0.422922	 0.498908
-0.404231	 0.499455	 0.406234	 0.498688	-0.419368	 0.222856	 0.399915	-0.474027	-0.399008	 0.473604	-0.422922	 0.498908
 0.048351	 0.499455	 0.452923	 0.498688	 0.020036	 0.222117	 0.449521	-0.486466	 0.051484	 0.486007	-0.422922	 0.498908
 0.273640	 0.499455	 0.476267	 0.498688	 0.239738	 0.221747	 0.474323	-0.492685	 0.275726	 0.492208	-0.422922	 0.498908
-0.113716	 0.499455	-0.012060	 0.498688	 0.349589	 0.221562	 0.486725	 0.004205	 0.387846	 0.495309	-0.422922	 0.498908
-0.306391	 0.499455	-0.255224	 0.498688	 0.404514	 0.221470	 0.492925	 0.251648	 0.443907	 0.496859	-0.422922	 0.498908
 0.097271	 0.499455	 0.123195	 0.498688	 0.431977	 0.221423	-0.003974	-0.124630	-0.028063	 0.497635	-0.422922	 0.498908
 0.298100	 0.499455	 0.311401	 0.498688	 0.445708	 0.221400	-0.251422	-0.311768	-0.263048	 0.498022	-0.422922	 0.498908
 0.398515	 0.499455	-0.094496	 0.498688	 0.452574	 0.221389	 0.124854	 0.094664	-0.380540	 0.498216	-0.422922	 0.498908
 0.448722	 0.499455	-0.296444	 0.498688	 0.456007	 0.221383	 0.311989	 0.296877	-0.439286	 0.498313	-0.422922	 0.498908
 0.473826	 0.499455	-0.397418	 0.498688	 0.457723	 0.221380	 0.405557	 0.397984	-0.468659	 0.498361	-0.422922	 0.498908
-0.013622	 0.499455	-0.447905	 0.498688	 0.458581	 0.221379	 0.452341	-0.051463	 0.016654	 0.498385	-0.422922	 0.498908
-0.256344	 0.499455	-0.473148	 0.498688	 0.459011	 0.221378	 0.475733	-0.275184	 0.258307	 0.498398	-0.422922	 0.498908
-0.377705	 0.499455	-0.485770	 0.498688	 0.459225	-0.278623	 0.487429	 0.112955	-0.120867	 0.498404	-0.422922	 0.498908
-0.438386	 0.499455	-0.492081	 0.498688	 0.459332	-0.527065	 0.493277	 0.306022	-0.309453	 0.498407	-0.422922	 0.498908
-0.468726	 0.499455	-0.495236	 0.498688	 0.459386	-0.149736	 0.496201	-0.097444	-0.403747	-0.001592	-0.422922	 0.498908
-0.483896	 0.499455	-0.496814	 0.498688	 0.459413	 0.038929	 0.497663	-0.298175	-0.450893	-0.250588	-0.422922	 0.498908
-0.491481	 0.499455	 0.002397	 0.498688	 0.459426	 0.633261	 0.498394	-0.398541	 0.025533	-0.375086	-0.422922	 0.498908
-0.495274	 0.499455	 0.251000	 0.498688	 0.459433	 0.927972	 0.498760	-0.448724	 0.262743	-0.437335	-0.422922	 0.498908
-0.497170	 0.499455	 0.375301	 0.498688	 0.459436	 1.072882	 0.498942	-0.473815	 0.381347	-0.468459	-0.422922	 0.498908
-0.498118	 0.499455	 0.437451	 0.498688	 0.459438	 0.642902	 0.499034	 0.013639	-0.059350	 0.015978	-0.422922	 0.498908
-0.498592	 0.499455	 0.468527	 0.498688	 0.459439	 0.427912	 0.499079	 0.256364	-0.278699	 0.257196	-0.422922	 0.498908
-0.498829	 0.499455	-0.015936	 0.498688	 0.459439	 0.320416	 0.499102	-0.122274	 0.111627	 0.377805	-0.422922	 0.498908
-0.498948	 0.499455	-0.257166	 0.498688	 0.459439	 0.266669	 0.499114	-0.310590	 0.305785	 0.438110	-0.422922	 0.498908
 0.000993	 0.499455	 0.122219	 0.498688	 0.459440	 0.239795	 0.499119	-0.404749	 0.402865	-0.031738	-0.422922	 0.498908
 0.249962	 0.499455	 0.310908	 0.498688	 0.459440	 0.226358	 0.499122	-0.451828	 0.451405	-0.265659	-0.422922	 0.498908
-0.125554	 0.499455	-0.094748	 0.498688	 0.459440	 0.719640	 0.499124	-0.475368	-0.024326	 0.117381	-0.422922	 0.498908
-0.312310	 0.499455	-0.296574	 0.498688	 0.459440	 0.963855	 0.499124	-0.487138	-0.261190	 0.307900	-0.422922	 0.498908
-0.405688	 0.499455	-0.397488	 0.498688	 0.459440	 1.083546	 0.499125	-0.493023	-0.379623	 0.403160	-0.422922	 0.498908
 0.047623	 0.499455	-0.447945	 0.498688	 0.459440	 1.140985	 0.499125	 0.004035	-0.438839	-0.049211	-0.422922	 0.498908
 0.273277	 0.499455	-0.473173	 0.498688	 0.459440	 1.167308	 0.499125	 0.251562	-0.468447	-0.274393	-0.422922	 0.498908
-0.113896	 0.499455	 0.014213	 0.498688	 0.459440	 0.678082	 0.499125	-0.124675	-0.483251	 0.113016	-0.422922	 0.498908
-0.306481	 0.499455	 0.256903	 0.498688	 0.459440	 0.433469	 0.499125	-0.311792	-0.490653	 0.305720	-0.422922	 0.498908
-0.402773	 0.499455	 0.378247	 0.498688	 0.459440	 0.311163	 0.499125	-0.405350	-0.494354	 0.402072	-0.422922	 0.498908
-0.450919	 0.499455	 0.438920	 0.498688	 0.459440	 0.250009	 0.499125	-0.452129	-0.496205	 0.450248	-0.422922	 0.498908
 0.025008	-0.000545	 0.469256	-0.001312	-0.040560	 0.219433	 0.499125	 0.024481	 0.002870	 0.474336	-0.422922	 0.498908
 0.261970	-0.249544	 0.484424	-0.250309	-0.289479	 0.204145	 0.499125	 0.261784	 0.251403	 0.486380	-0.422922	 0.498908
 0.380450	-0.374043	 0.492008	-0.374808	-0.412862	 0.196500	 0.499125	 0.380436	 0.375670	 0.492402	-0.422922	 0.498908
 0.439691	 0.063707	-0.004200	 0.062943	 0.026519	 0.192678	-0.000875	 0.439762	-0.062197	-0.004587	-0.422922	 0.498908
 0.469311	 0.281579	-0.251303	 0.280817	 0.246210	 0.190767	-0.249873	 0.469425	-0.280130	-0.252079	-0.422922	 0.498908
 0.484121	 0.390515	 0.125146	 0.389754	 0.356055	 0.189812	-0.374372	-0.015744	 0.110904	 0.124176	-0.422922	 0.498908
 0.491526	 0.444984	 0.312367	 0.444222	 0.410978	 0.189334	-0.436622	-0.257326	 0.305416	 0.311302	-0.422922	 0.498908
 0.495229	 0.472218	 0.405977	 0.471457	 0.438439	 0.189095	-0.467747	-0.378118	-0.097327	-0.095135	-0.422922	 0.498908
 0.497080	 0.485835	 0.452782	 0.485074	 0.452170	 0.188976	-0.483309	-0.438513	-0.297699	-0.297350	-0.422922	 0.498908
-0.001995	 0.492643	 0.476185	 0.491882	 0.459035	 0.188916	 0.008910	 0.031289	-0.397885	 0.101542	-0.422922	 0.498908
-0.250530	 0.496047	 0.487886	 0.495287	 0.462468	 0.188886	 0.254017	 0.265188	-0.447977	 0.299987	-0.422922	 0.498908
-0.374797	 0.497749	 0.493737	 0.496989	 0.464184	 0.188871	 0.376570	 0.382137	-0.473024	 0.399210	-0.422922	 0.498908
-0.436931	 0.498600	-0.003338	 0.497840	 0.465042	 0.188864	 0.437847	 0.440612	-0.985547	-0.051179	-0.422922	 0.498908
-0.467998	 0.499026	-0.250874	 0.498265	 0.465471	 0.188860	 0.468486	 0.469849	-1.238813	-0.275370	-0.422922	 0.498908
-0.483531	 0.499239	 0.125357	 0.498478	 0.465686	 0.188858	 0.483805	 0.484468	-0.362461	 0.112535	-0.422922	 0.498908
-0.491298	 0.499345	 0.312470	 0.498585	 0.465793	 0.188857	 0.491464	 0.491777	 0.074687	 0.305486	-0.422922	 0.498908
-0.495181	 0.499398	 0.406026	 0.498638	 0.465847	 0.188857	 0.495294	-0.004568	-0.707763	 0.401962	-0.422922	 0.498908
-0.497123	 0.499425	 0.452805	 0.498664	 0.465874	 0.188856	 0.497209	-0.251739	-1.096007	 0.450199	-0.422922	 0.498908
 0.001906	 0.499438	 0.476194	 0.498678	 0.465887	 0.188856	 0.498167	 0.124676	-0.787161	-0.025682	-0.422922	 0.498908
 0.250419	 0.499445	 0.487888	 0.498684	 0.465894	 0.188856	 0.498645	 0.311881	-0.632738	-0.262619	-0.422922	 0.498908
 0.374675	 0.499448	 0.493736	 0.498688	 0.465897	 0.188856	 0.498885	 0.405484	-0.555526	-0.381088	-0.422922	 0.498908
 0.436803	 0.499450	-0.003341	 0.498689	 0.465899	-0.311144	 0.499004	 0.452285	-0.516921	 0.059678	-0.422922	 0.498908
 0.467868	 0.499451	-0.250878	 0.498690	 0.465900	-0.559521	 0.499064	 0.475685	-0.497618	 0.279060	-0.422922	 0.498908
 0.483400	 0.499451	 0.125353	 0.498690	 0.465900	-0.182095	 0.499094	-0.012614	-0.487966	 0.388751	-0.422922	 0.498908
 0.491166	 0.499451	 0.312466	 0.498691	 0.465900	 0.006619	 0.499109	-0.255762	-0.483141	 0.443596	-0.422922	 0.498908
 0.495049	 0.499451	 0.406022	 0.498691	 0.465900	 0.100976	 0.499117	-0.377336	-0.480728	 0.471019	-0.422922	 0.498908
 0.496990	 0.499452	 0.452800	 0.498691	 0.465900	 0.148154	 0.499120	-0.438123	-0.479521	 0.484730	-0.422922	 0.498908
 0.497961	 0.499452	 0.476189	 0.498691	-0.034100	 0.171743	 0.499122	-0.468517	-0.478918	 0.491586	-0.422922	 0.498908
 0.498446	 0.499452	 0.487884	 0.498691	-0.283031	 0.183538	 0.499123	-0.483714	-0.478616	 0.495014	-0.422922	 0.498908
 0.498689	 0.499452	 0.493731	 0.498691	-0.406433	 0.189435	 0.499124	-0.491312	-0.478466	 0.496728	-0.422922	 0.498908
-0.001190	 0.499452	 0.496655	 0.498691	 0.032925	 0.692384	-0.000876	 0.004889	 0.021610	 0.497585	-0.422922	 0.498908
-0.250127	 0.499452	 0.498116	 0.498691	 0.252605	 0.941467	-0.249874	 0.251987	 0.270604	 0.498013	-0.422922	 0.498908
 0.125405	 0.499452	 0.498847	 0.498691	 0.362444	 0.563628	 0.125627	-0.124464	-0.105938	 0.498228	-0.422922	 0.498908
 0.312168	 0.499452	 0.499213	 0.498691	 0.417364	 0.374709	 0.312375	-0.311687	-0.294209	 0.498335	-0.422922	 0.498908
 0.405550	 0.499452	 0.499395	 0.498691	 0.444824	 0.780249	 0.405749	-0.405299	-0.888344	-0.001612	-0.422922	 0.498908
 0.452241	 0.499452	 0.499487	 0.498691	 0.458554	 0.980647	 0.452436	-0.452105	-1.182447	-0.250582	-0.422922	 0.498908
 0.475587	 0.499452	 0.499532	 0.498691	 0.465419	 0.578484	 0.475779	-0.475508	-0.826546	 0.124933	-0.422922	 0.498908
 0.487259	 0.499452	 0.499555	 0.498691	 0.468852	 0.377403	 0.487451	-0.487210	-0.648595	 0.311690	-0.422922	 0.498908
 0.493096	 0.499452	 0.499567	 0.498691	 0.470568	 0.276862	 0.493287	-0.493060	-0.559619	 0.405068	-0.422922	 0.498908
 0.496014	 0.499452	 0.499572	 0.498691	 0.471426	 0.226592	 0.496205	-0.495986	-0.515132	-0.048243	-0.422922	 0.498908
 0.497473	 0.499452	 0.499575	 0.498691	 0.471855	 0.201457	 0.497664	-0.497448	-0.492888	-0.273895	-0.422922	 0.498908
-0.001797	 0.499452	 0.499577	 0.498691	 0.472070	 0.188889	 0.498394	 0.001820	-0.481766	 0.113279	-0.422922	 0.498908
-0.250430	 0.499452	 0.499577	 0.498691	 0.472177	 0.182605	 0.498758	 0.250453	-0.476205	 0.305865	-0.422922	 0.498908
-0.374747	 0.499452	 0.499578	 0.498691	 0.472230	 0.679463	 0.498941	-0.125231	-0.473424	 0.402158	 0.077078	 0.498908
-0.436905	 0.499452	 0.499578	 0.498691	 0.472257	 0.925540	 0.499032	-0.312072	-0.472034	 0.450304	 0.325924	 0.498908
-0.467984	 0.499452	 0.499578	 0.498691	 0.472271	 1.046235	 0.499077	-0.405492	 0.028661	 0.474377	-0.050803	 0.498908
-0.483524	 0.499452	 0.499578	 0.498691	 0.472277	 1.104248	 0.499100	-0.452202	 0.277950	 0.486414	-0.239166	 0.498908
-0.491294	 0.499452	 0.499578	 0.498691	 0.472281	 1.130931	 0.499112	-0.475557	 0.401540	 0.492432	-0.333348	 0.498908
 0.004821	 0.499452	 0.499578	 0.498691	 0.472282	 0.641957	 0.499117	-0.487234	-0.037715	 0.495441	-0.380439	 0.498908
 0.251877	 0.499452	 0.499578	 0.498691	 0.472283	 0.397470	 0.499120	-0.493073	-0.257343	 0.496946	-0.403984	 0.498908
 0.375405	 0.499452	 0.499578	 0.498691	 0.472284	 0.275226	 0.499122	-0.495992	 0.132843	 0.497698	-0.415757	 0.498908
 0.437169	 0.499452	 0.499578	 0.498691	 0.472284	 0.214104	 0.499122	-0.497452	 0.326890	 0.498074	-0.421643	 0.498908
 0.468051	 0.499452	 0.499578	 0.498691	 0.472284	 0.183543	-0.000877	-0.498182	-0.077128	 0.498263	-0.424587	 0.498908
 0.483492	 0.499452	 0.499578	 0.498691	 0.472284	 0.168263	-0.249875	-0.498547	-0.279137	 0.498357	-0.426058	 0.498908
 0.491212	 0.499452	 0.499578	 0.498691	 0.472284	 0.660623	-0.374374	-0.498729	-0.380142	 0.498404	-0.426794	 0.498908
 0.495072	 0.499452	 0.499578	 0.498691	 0.472284	 0.904497	-0.436624	-0.498820	-0.430644	 0.498427	-0.427162	 0.498908
 0.497003	 0.499452	 0.499578	 0.498691	 0.472284	 0.524137	-0.467749	-0.498866	 0.044105	-0.001561	-0.427346	 0.498908
 0.497968	 0.499452	 0.499578	 0.498691	 0.472284	 0.333957	-0.483311	-0.498889	 0.280441	-0.250552	-0.427438	 0.498908
 0.498450	 0.499452	 0.499578	 0.498691	 0.472284	 0.238867	-0.491092	-0.498900	 0.397576	-0.375048	-0.427484	 0.498908
 0.498691	 0.499452	 0.499578	 0.498691	 0.472284	 0.191322	 0.005017	-0.498906	 0.455114	 0.062705	-0.427507	 0.498908
 0.498812	 0.499452	 0.499578	 0.498691	 0.472284	 0.167550	 0.252070	-0.498909	 0.482858	 0.280580	-0.427518	 0.498908
-0.001128	 0.499452	 0.499578	-0.001309	 0.472284	 0.155663	 0.375596	 0.001090	-0.004292	 0.389517	-0.427524	 0.498908
-0.250095	 0.499452	 0.499578	-0.250306	 0.472284	 0.149720	 0.437359	 0.250087	-0.247866	 0.443986	-0.427527	 0.498908
 0.125421	 0.499452	 0.499578	 0.125195	 0.472284	 0.146749	 0.468240	 0.374585	-0.369654	 0.471221	-0.427528	 0.498908
 0.312177	 0.499452	 0.499578	 0.311944	 0.472284	 0.145263	 0.483681	 0.436835	-0.430547	 0.484838	-0.427529	 0.498908
 0.405555	 0.499452	-0.000422	 0.405319	 0.472284	 0.144520	-0.008598	-0.032041	-0.960994	 0.491646	-0.427529	 0.498908
 0.452244	 0.499452	-0.249421	 0.452006	 0.472284	 0.144149	-0.253736	-0.265477	-1.223235	 0.495051	-0.427530	 0.498908
 0.475589	 0.499452	-0.373921	 0.475350	 0.472284	 0.143963	-0.376305	-0.382194	-1.351384	 0.496753	-0.427530	 0.498908
-0.012739	 0.499452	-0.436170	 0.487022	 0.472284	 0.143870	 0.062410	-0.440553	-0.412500	 0.497604	-0.427530	 0.498908
-0.255901	 0.499452	-0.467295	 0.492857	 0.472284	 0.143824	 0.280766	-0.469733	 0.055890	 0.498029	-0.427530	 0.498908
-0.377482	 0.499452	 0.017142	 0.495775	 0.472284	 0.143800	 0.389943	-0.484323	-0.210964	-0.001758	-0.427530	 0.498908
-0.438272	 0.499452	 0.258358	 0.497234	 0.472284	 0.143789	 0.444532	-0.491617	-0.344391	-0.250648	-0.427530	 0.498908
-0.468667	 0.499452	 0.378966	 0.497964	 0.472284	 0.643783	-0.028173	-0.495265	-0.411104	 0.124906	-0.427530	 0.498908
-0.483865	 0.499452	 0.439270	 0.498329	 0.472284	 0.891492	-0.263524	-0.497089	-0.444461	 0.311683	-0.427530	 0.498908
-0.491464	 0.499452	 0.469422	 0.498511	 0.472284	 0.513069	 0.118800	-0.498001	-0.461140	-0.094929	-0.427530	 0.498908
-0.495263	 0.499452	 0.484498	 0.498602	 0.472284	 0.323857	 0.308960	-0.498456	-0.469479	-0.297232	-0.427530	 0.498908
-0.497163	 0.499452	 0.492036	 0.498648	 0.472284	 0.229251	 0.404040	-0.498684	-0.473648	-0.398383	-0.427530	 0.498908
-0.498113	 0.499452	 0.495805	 0.498671	 0.472284	 0.681948	 0.451580	 0.001202	 0.024267	 0.051041	-0.427530	 0.498908
-0.498588	 0.499452	 0.497689	 0.498682	 0.472284	 0.906027	 0.475350	 0.250142	 0.272180	 0.274752	-0.427530	 0.498908
-0.498825	 0.499452	 0.498631	 0.498688	 0.472284	 0.515807	 0.487235	-0.125387	-0.104903	 0.386608	-0.427530	 0.498908
-0.498944	 0.499452	 0.499102	 0.498691	 0.472284	 0.320697	 0.493178	-0.312150	-0.293445	 0.442536	-0.427530	 0.498908
 0.000997	 0.499452	 0.499338	 0.498692	 0.972284	 0.223141	-0.003851	 0.094468	 0.112284	 0.470500	-0.427530	 0.498908
 0.249965	 0.499452	 0.499456	 0.498693	 1.219340	 0.174364	-0.251364	 0.296776	 0.314112	 0.484482	-0.427530	 0.498908
-0.125550	 0.499452	 0.499515	 0.498693	 0.839934	 0.149975	 0.124880	 0.397929	 0.413995	 0.491473	-0.427530	 0.498908
-0.312306	 0.499452	 0.499544	 0.498693	 0.650232	 0.137781	 0.311999	 0.448506	 0.462908	 0.494968	-0.427530	 0.498908
-0.405684	 0.499452	 0.499559	 0.498693	 0.555381	 0.131683	 0.405559	 0.473794	 0.486341	 0.496716	-0.427530	 0.498908
