-0.583793	-1.844619	 0.499235	 0.598786	-0.350699	 0.497920	 0.499634	 0.792253	 0.498269	 0.499656	-0.386684	 0.499863
-0.533367	-1.837241	 0.499235	 0.596482	-0.350606	 0.498771	 0.499634	 0.351447	 0.498269	 0.499655	-0.386684	 0.499863
-0.508154	-1.829892	 0.499235	 0.594142	-0.350560	 0.499197	 0.499634	 0.131044	 0.498269	 0.499655	-0.386684	 0.499863
-0.495547	-1.822572	 0.499235	 0.591788	-0.350537	 0.499410	 0.499634	 0.520843	 0.498269	 0.499655	 0.113316	 0.499863
-0.489244	-1.815282	 0.499235	 0.589433	-0.350525	 0.499516	 0.499634	 0.713921	 0.498269	 0.499655	 0.362089	 0.499863
-0.986092	-1.808021	 0.499235	 0.587081	-0.350519	 0.499569	 0.499634	 0.808646	-0.001731	-0.000345	-0.014746	 0.499863
-1.231551	-1.800789	 0.499235	 0.584735	-0.350516	 0.499596	 0.499634	 0.854202	-0.250727	-0.249344	-0.203163	 0.499863
-0.851326	-1.793585	 0.499235	 0.582398	-0.350515	 0.499609	 0.499634	 0.375180	 0.124774	 0.126156	-0.297372	 0.499863
-0.661213	-1.786411	 0.499235	 0.580069	-0.350514	 0.499616	 0.499634	 0.135669	 0.311525	 0.312903	-0.344477	 0.499863
-0.566157	-1.779265	 0.499235	 0.577749	-0.350514	 0.499619	 0.499634	 0.015914	 0.404900	 0.406277	-0.368029	 0.499863
-0.518629	-1.772148	 0.499235	 0.575438	-0.350514	 0.499621	 0.499634	 0.456036	 0.451587	 0.452963	-0.379805	 0.499863
-0.494865	-1.765060	 0.499235	 0.573136	-0.350514	 0.499622	 0.499634	 0.674305	 0.474931	 0.476307	-0.385693	 0.499863
-0.482983	-1.757999	 0.499235	 0.570844	-0.350514	 0.499622	 0.499634	 0.281654	 0.486603	 0.487978	-0.388637	 0.499863
-0.477042	-1.750967	 0.499235	 0.568561	-0.350514	 0.499622	 0.499634	 0.085329	 0.492439	 0.493814	-0.390109	 0.499863
-0.474071	-1.743964	 0.499235	 0.566286	-0.350514	 0.499622	 0.499634	-0.512834	 0.495357	 0.496732	-0.390845	 0.499863
-0.472586	-1.736988	 0.499235	 0.564021	-0.350514	 0.499622	 0.499634	-0.809693	 0.496816	 0.498191	-0.391213	 0.499863
-0.471843	-1.730040	 0.499235	 0.561765	-0.350514	 0.499623	 0.499634	-0.455910	 0.497545	 0.498921	-0.391397	 0.499863
-0.471472	-1.723120	 0.499235	 0.559518	-0.350514	 0.499623	 0.499634	-0.279018	 0.497910	 0.499285	-0.391489	 0.499863
-0.471286	-1.716227	 0.499235	 0.557280	-0.350514	 0.499623	 0.499634	-0.190572	 0.498093	 0.499468	-0.391535	 0.499863
-0.471194	-1.709362	 0.499235	 0.555051	-0.350514	 0.499623	 0.499634	 0.353651	 0.498184	 0.499559	-0.391558	 0.499863
-0.471147	-1.702525	 0.499235	 0.552831	-0.350514	 0.499623	 0.499634	 0.623966	 0.498229	 0.499605	-0.391569	 0.499863
-0.971124	-1.695715	 0.499235	 0.550619	-0.350514	 0.499623	 0.499634	 0.757336	 0.498252	 0.499627	 0.108425	 0.499863
-1.218170	-1.688932	 0.499235	 0.548417	-0.350514	 0.499623	 0.499634	 0.822239	 0.498263	 0.499639	 0.357205	 0.499863
-0.838763	-1.182176	 0.499235	 0.546223	-0.350514	 0.999623	 0.499634	 0.852916	 0.498269	 0.499644	 0.480383	 0.499863
-0.649059	-0.927447	 0.499235	 0.544038	-0.350514	 1.246623	 0.499634	 0.866488	 0.498272	 0.499647	 0.540765	 0.499863
-0.554207	-0.798738	 0.999235	 0.041862	 0.149486	 0.867136	 0.999634	 0.871513	 0.498273	 0.499649	 0.069754	 0.499863
-0.506781	-0.733043	 1.246237	-0.209226	 0.398188	 0.677393	 1.246634	 0.872273	 0.498274	 0.499649	-0.165752	 0.499863
-0.483069	-0.698861	 1.366751	-0.334770	 0.521244	 0.582521	 1.367148	 0.870907	 0.498275	 0.499650	-0.283505	 0.499863
-0.471212	-1.180440	 0.924034	 0.102458	 0.081484	 0.535085	 0.924429	 0.868485	 0.498275	 0.499650	-0.342381	 0.499863
-0.465284	-1.417906	 0.702675	 0.319993	-0.138396	 0.511367	 0.703069	 0.865541	 0.498275	 0.499650	-0.371819	 0.499863
-0.462320	-1.533328	 0.591996	 0.427685	-0.248336	 0.499509	 0.592390	 0.362345	 0.498275	 0.499650	-0.386538	 0.499863
-0.460838	-1.587742	 0.536656	 0.480460	-0.303306	 0.493579	 0.537050	 0.110746	 0.498275	 0.499650	-0.393898	 0.499863
-0.960097	-1.611664	 0.508986	 0.505781	-0.330791	 0.490614	 0.509380	 0.484947	-0.501725	 0.499650	-0.397578	 0.499863
-1.206807	-1.620354	 0.495151	 0.517380	-0.344534	 0.489132	 0.495545	 0.670329	-0.998722	 0.499650	-0.399418	 0.499863
-0.827256	-1.621441	 0.488234	 0.522121	-0.351405	 0.488391	 0.488628	 0.761309	-0.244229	 0.499650	-0.400337	 0.499863
-0.637480	-1.618739	 0.484775	 0.523438	-0.354841	 0.488020	 0.485169	 0.805094	 0.131998	 0.499650	-0.400797	 0.499863
-0.542592	-1.614157	 0.483046	 0.523047	-0.356558	 0.487835	 0.483439	 0.825289	 0.319094	 0.499650	-0.401027	 0.499863
-0.495148	-1.608646	 0.482181	 0.521806	-0.357417	 0.487742	 0.482575	 0.833695	 0.411630	 0.499650	-0.401142	 0.499863
-0.471426	-1.602684	 0.481749	 0.520145	-0.357847	 0.487696	 0.482142	 0.836214	 0.456890	 0.499650	-0.401200	 0.499863
-0.459565	-1.596510	 0.481532	 0.518277	-0.358061	 0.487673	 0.481926	 0.335796	 0.478515	 0.499650	-0.401229	 0.499863
-0.453635	-1.590242	 0.481424	 0.516310	-0.358169	 0.487661	 0.481818	 0.085587	 0.488328	 0.499650	-0.401243	 0.499863
-0.950669	-1.583941	 0.481370	 0.514298	-0.358223	 0.487655	 0.481764	-0.039517	 0.493234	 0.499650	-0.401250	 0.499863
-1.196291	-1.577634	 0.481343	 0.512267	-0.358249	 0.487652	 0.481737	-0.102069	 0.495687	 0.499650	-0.401254	 0.499863
-0.816218	-1.571339	 0.481330	 0.510232	-0.358263	 0.487651	 0.481724	-0.133345	 0.496914	 0.499650	-0.401256	 0.499863
-0.626182	-1.565061	 0.481323	 0.508197	-0.358269	 0.487650	 0.481717	-0.148983	 0.497527	 0.499650	-0.401257	 0.499863
-0.531164	-1.558804	 0.481320	 0.506168	-0.358273	 0.487650	 0.481713	-0.156802	 0.497833	 0.499650	-0.401257	 0.499863
-0.483655	-1.552571	 0.481318	 0.504145	-0.358275	 0.487650	 0.481712	-0.160712	 0.497987	 0.499650	-0.401257	 0.499863
-0.459900	-1.546361	 0.481317	 0.502129	-0.358275	 0.487650	 0.481711	-0.162667	 0.498063	 0.499650	-0.401257	 0.499863
-0.448023	-1.040176	 0.481317	 0.500121	 0.141724	 0.487650	 0.481710	 0.336356	 0.498102	 0.499650	-0.401257	 0.499863
-0.442084	-0.786016	 0.481316	 0.499117	 0.390441	 0.487650	 0.481710	 0.584196	 0.498121	 0.499650	-0.401257	 0.499863
 0.060885	 1.842128	-0.018684	 0.498615	 1.013520	 0.487650	 0.481710	 0.706453	 0.498131	 0.499650	-0.401257	-0.000137
 0.311242	 3.147259	-0.267646	 0.498364	 1.321787	 0.487650	 0.481710	 0.765923	 0.498135	 0.499650	-0.401257	-0.249136
 1.935297	 5.790920	-0.891094	-0.001761	 0.972660	 0.487650	 0.481710	 0.294008	 0.498138	 0.499650	-0.401257	 0.126364
 2.740206	 7.095882	-1.199789	-0.250820	 0.796850	 0.487650	 0.481710	 0.058050	 0.498139	 0.499650	-0.401257	 0.313110
 3.135570	 7.731561	-1.351120	-0.375350	 0.707703	 0.487650	 0.481710	-0.059929	 0.498140	 0.499650	-0.401257	 0.406483
 4.826191	 10.532666	-1.923780	-0.937615	 0.161892	 0.487650	 0.481710	-0.118918	-0.001860	-0.000350	-0.401257	 0.453170
 5.658467	 11.906551	-2.205118	-1.215747	-0.111013	 0.487650	 0.481710	-0.148413	-0.250856	-0.249349	-0.401257	 0.476513
 7.061624	 14.566932	-2.340813	-1.351826	 0.252534	 0.487650	 0.481710	 0.336840	 0.124646	-0.373849	-0.401257	 0.488185
 7.746273	 15.862668	-2.403708	-1.416889	 0.433075	 0.487650	 0.481710	 0.577822	 0.311396	-0.436099	-0.401257	 0.494021
 9.071735	 16.976220	-2.930222	-0.946457	 0.522119	 0.487650	 0.481710	 0.696675	 0.904772	-0.467224	-0.401257	 0.496939
 9.713672	 17.496816	-3.186566	-0.711241	 0.565418	 0.487650	 0.481710	 0.754471	 1.198463	-0.482786	-0.401257	 0.498398
 10.513929	 18.221079	-3.307852	-1.093633	 0.585851	-0.012350	 0.481710	 0.281744	 0.842324	-0.490567	-0.401257	 0.499127
 10.891430	 18.545320	-3.361637	-1.281877	 0.594854	-0.261326	 0.481710	 0.045381	 0.664255	-0.494458	-0.401257	 0.499492
 11.057642	 18.669701	-3.381698	-1.373059	 0.598148	-0.384793	 0.481710	-0.072801	 0.575220	-0.496403	-0.401257	 0.499674
 11.118300	 19.194304	-3.384926	-0.915721	 0.598592	 0.054490	 0.481710	 0.368108	 0.530703	-0.497376	-0.401257	 0.499765
 11.126272	 19.417167	-3.379763	-0.687052	 0.597616	 0.274132	 0.481710	 0.586945	 0.508444	-0.497862	-0.401257	 0.499811
 11.107989	 19.489319	-3.870432	-0.572718	 1.095935	 0.383952	 0.481710	 0.194752	 0.497315	-0.498105	-0.401257	 0.499834
 11.076668	 19.486272	-4.107045	-0.515551	 1.341906	 0.438863	 0.481710	-0.001345	 0.491750	-0.498227	-0.401257	 0.499845
 11.038917	 19.445782	-3.716664	-0.486967	 0.961716	 0.466318	 0.481710	-0.099393	 0.488968	-0.498288	-0.401257	 0.499851
 10.998039	 19.386726	-3.514821	-0.472675	 0.770457	 0.480046	 0.481710	-0.148417	 0.487577	-0.498318	-0.401257	 0.499854
 10.955686	 19.318543	-3.407273	-0.465529	 0.673670	 0.486909	 0.481710	-0.172929	 0.486881	-0.498333	-0.401257	 0.499855
 10.912682	 19.245951	-3.346900	-0.461956	 0.624122	 0.490341	 0.481710	-0.185186	 0.486534	-0.498341	-0.401257	 0.499856
 10.869441	 19.171308	-3.310140	-0.460170	 0.598199	 0.492057	 0.481710	-0.191314	 0.486360	-0.498345	-0.401257	 0.499856
 10.826169	 19.095793	-3.285214	-0.459277	 1.084093	 0.492915	 0.481710	-0.194378	 0.486273	-0.498347	-0.401257	 0.499856
 10.782966	 19.019995	-3.266230	-0.458830	 1.323900	 0.493344	 0.481710	-0.195910	 0.486229	-0.498348	-0.401257	 0.499856
 10.739886	 18.444208	-3.250243	-0.958607	 1.440677	 0.493559	 0.481710	 0.303324	 0.486207	-0.998348	-0.401257	 0.499856
 10.696952	 18.120577	-3.235782	-1.205578	 1.495950	 0.493666	 0.481710	 0.551336	 0.486197	-1.245352	-0.401257	 0.499856
 10.654177	 17.923168	-3.222108	-0.826159	 1.520484	 0.493720	 0.481710	 0.173744	-0.013809	-0.865869	-0.401257	 0.499857
 10.611566	 17.789012	-3.208855	-0.636449	 1.529661	 0.493746	 0.481710	-0.015053	-0.262784	-0.676127	-0.401257	 0.499857
 10.569123	 17.686624	-3.195837	-0.541595	 1.531172	 0.493760	 0.481710	-0.109451	 0.113752	-0.581256	-0.401257	 0.499857
 10.526848	 17.600262	-3.182962	-0.494167	 1.528862	 0.493766	 0.481710	-0.156650	 0.302020	-0.533821	-0.401257	 0.499857
 10.484742	 17.522053	-3.170184	-0.470453	 1.524654	 0.493770	 0.481710	-0.180250	 0.396154	-0.510103	-0.401257	 0.499857
 10.442803	 17.448061	-3.157481	-0.458597	 1.519509	-0.006228	 0.481710	-0.192049	 0.443221	-0.498245	-0.401257	 0.499857
 10.401032	 17.376317	-3.144840	-0.452668	 1.513908	-0.255215	 0.481710	-0.197949	 0.466755	-0.492315	-0.401257	 0.499857
 9.859428	 17.305835	-3.132254	-0.449704	 1.508090	 0.121300	 0.481710	-0.200899	 0.478521	-0.489350	-0.401257	 0.499857
 9.569991	 17.236124	-3.119723	-0.448222	 1.502177	 0.309557	 0.481710	-0.202374	 0.484405	-0.487868	-0.401257	 0.499857
 9.906711	 17.166935	-3.107242	-0.447481	 1.496228	 0.403686	 0.481710	 0.296888	 0.487346	-0.487127	-0.401257	 0.499857
 10.054584	 17.098146	-3.094813	-0.447110	 1.490273	 0.450751	 0.481710	 0.544927	 0.488817	-0.486756	-0.401257	 0.499857
 9.608115	 17.029692	-3.082433	-0.946925	 1.484327	 0.474283	 0.481710	 0.167361	 0.489553	-0.486571	-0.401257	 0.499857
 9.366558	 16.961543	-3.070103	-1.193939	 1.478397	 0.486049	 0.481710	-0.021422	 0.489920	-0.486478	-0.401257	 0.499857
 9.227529	 16.893681	-3.057823	-0.814564	 1.472487	 0.491932	 0.481710	-0.115814	 0.490104	-0.486432	-0.401257	 0.499857
 9.139838	 16.826099	-3.045591	-0.624876	 1.466599	 0.494873	 0.481710	-0.163010	 0.490196	-0.486409	-0.401257	 0.499857
 9.077888	 16.758791	-3.033409	-0.530033	 1.460734	 0.496344	 0.481710	-0.186608	 0.490242	-0.486397	-0.401257	 0.499857
 9.028881	 16.691754	-3.021275	-0.482611	 1.454891	 0.497080	 0.481710	 0.301593	 0.490265	-0.486391	-0.401257	 0.499857
 8.986418	 16.624986	-3.009190	-0.458900	 1.449072	 0.497447	 0.481710	 0.544114	 0.490277	-0.486389	-0.401257	 0.499857
 9.447298	 16.558485	-2.997153	-0.447044	 1.443276	 0.497631	 0.481710	 0.663801	 0.490282	-0.486387	-0.401257	 0.499857
 9.657922	 16.492251	-2.985165	-0.441117	 1.437502	 0.497723	 0.481710	 0.722078	 0.490285	-0.486386	-0.401257	 0.499857
 9.743497	 16.926282	-2.973224	 0.061847	 1.931753	 0.497769	 0.481710	 0.249656	 0.490287	-0.486386	-0.401257	 0.499857
 9.766626	 17.108577	-2.961331	 0.312200	 2.174026	 0.497792	 0.481710	 0.013444	 0.490287	-0.486386	-0.401257	 0.499857
 8.258612	 15.665143	-2.949486	-0.563749	 1.790329	 0.497803	 0.481710	-0.104661	-0.009712	-0.486386	-0.401257	-0.000143
 7.491103	 14.914982	-2.937688	-0.998845	 1.595668	 0.497809	 0.481710	-0.163714	-0.258693	-0.486386	-0.401257	-0.249143
 7.093901	 14.511572	-2.925937	-1.213524	 1.495535	 0.497812	 0.481710	-0.193240	-0.382168	-0.486386	-0.401257	-0.373643
 4.881907	 10.281651	-2.414233	-1.318008	 0.442678	 0.497813	-0.018290	-0.208004	-0.942894	 0.013614	-0.401257	-0.435893
 3.770570	 8.154587	-2.154576	-1.367404	-0.082530	 0.497814	-0.267253	-0.215385	-1.220250	 0.262587	-0.401257	-0.467018
 1.709583	 3.579000	-1.520958	-1.889269	-1.343919	 0.497815	-1.390703	-0.719076	-1.355932	 0.386050	-0.401257	-0.482580
 0.679090	 1.293199	-1.202374	-2.145379	-1.969402	 0.497815	-1.947399	-0.968476	-1.420790	 0.446763	-0.401257	-0.490362
-0.336157	-1.847716	-1.041315	-2.268631	-2.276954	 0.497815	-1.220739	-1.090740	-1.950248	 0.476104	-0.401257	-0.494252
-0.841077	-3.408196	-0.959025	-2.325474	-2.425561	 0.497815	-0.857409	-1.149446	-2.210018	 0.489764	-0.401257	-0.496198
-1.590846	-5.678499	-0.916126	-2.849130	-2.994717	-0.002185	-0.675744	-1.176383	-1.834963	-0.004413	-0.401257	-0.497170
-1.961048	-6.797753	-0.892930	-3.104213	-3.272166	-0.251181	-0.584911	-1.187445	-1.644516	-0.251501	-0.401257	-0.497657
-2.141487	-7.341545	-0.879593	-3.225035	-3.403792	-0.374678	-0.539495	-1.190578	-1.546384	-0.375046	-0.401257	-0.497900
-2.227063	-7.597671	-0.371192	-2.778755	-3.462534	-0.436427	-0.516787	-1.189758	-1.494421	 0.063182	-0.401257	-0.498021
-2.265226	-7.710026	-0.116991	-2.550950	-3.484863	-0.467301	-0.505433	-1.186970	-1.465555	 0.281293	-0.401257	-0.498082
-2.279700	-7.750559	 0.010109	-1.932401	-3.989012	-0.482738	-0.499756	-1.183207	-0.948249	 0.390349	-0.401257	-0.498113
-2.282349	-7.755244	 0.073659	-1.620499	-4.232101	-0.490457	-0.496917	-1.178967	-0.689596	 0.444877	-0.401257	-0.498128
-2.279103	-7.742066	 0.105434	-1.461931	-4.344695	 0.005684	-0.495498	-0.674498	-0.560269	 0.472141	-0.401257	-0.498135
-2.272929	-7.720019	 0.121322	-1.380040	-4.392077	 0.252750	-0.494789	-0.422263	-0.495606	 0.485773	-0.401257	-0.498139
-2.265308	-7.693600	 0.629266	-1.336498	-4.406890	 0.376284	-0.494434	-0.796146	-0.463274	 0.492589	-0.401257	 0.001859
-2.256982	-7.665056	 0.880963	-1.312141	-4.405452	 0.438050	-0.494256	-0.980747	-0.447108	 0.495997	-0.401257	 0.250854
-2.248322	-7.635511	 1.004547	-1.297387	-4.395926	 0.468934	-0.494168	-1.070717	-0.439025	 0.497701	-0.401257	 0.375352
-2.739513	-7.605526	 1.064082	-1.287445	-4.382389	-0.015625	-0.494123	-0.613380	-0.434984	 0.498553	-0.401257	 0.437601
-2.978647	-7.575383	 1.091603	-1.279919	-4.366884	-0.256903	-0.494101	-0.384712	-0.432963	 0.498979	-0.401257	 0.468725
-2.591778	-7.545221	 1.103125	-1.273611	-4.350428	 0.122457	-0.494090	-0.270378	-0.931953	 0.499192	-0.401257	 0.484287
-2.393934	-7.515110	 1.106656	-1.267923	-4.333532	 0.311134	-0.494084	-0.213211	-1.178586	 0.499298	-0.401257	 0.492069
-1.790620	-6.985084	 1.106202	-1.262554	-3.816451	-0.094528	-0.494082	-0.684628	-0.799052	 0.499351	-0.401257	 0.495959
-1.486588	-6.707161	 1.103763	-1.257355	-3.551312	-0.296358	-0.494080	-0.918024	-0.609285	 0.499378	-0.401257	 0.497904
-1.832207	-6.555341	 1.100341	-1.252252	-3.912170	 0.102727	 0.005920	-0.532419	-1.014401	 0.499391	-0.401257	 0.498877
-2.000661	-6.466624	 1.096436	-1.247205	-4.084053	 0.301265	 0.254909	-0.339617	-1.214120	 0.499398	-0.401257	 0.499363
-2.080550	-6.409510	 1.092299	-1.242198	-4.161482	 0.400535	 0.378395	-0.243215	-1.311152	 0.499401	-0.401257	 0.499607
-2.116173	-6.368248	 1.088054	-0.737220	-4.191719	 0.450169	-0.060865	-0.195015	-0.856852	 0.499403	-0.401257	 0.499728
-2.129681	-6.334963	 1.083763	-0.484731	-4.198394	 0.474987	-0.279495	-0.170914	-0.629702	 0.499404	-0.401257	 0.499789
-2.132149	-6.305717	 1.079459	-0.358486	-4.193321	-0.012605	 0.111190	-0.158864	-0.516127	 0.499404	-0.401257	 0.499819
-2.129113	-6.278542	 1.075157	-0.295364	-4.182408	-0.255400	 0.305529	-0.152839	-0.459339	 0.499404	-0.401257	 0.499834
-2.123344	-6.252451	 1.070864	-0.263803	-3.668609	 0.123202	-0.097302	-0.149827	-0.430945	 0.499404	-0.401257	 0.499842
-2.116224	-6.226953	 1.066585	-0.248022	-3.405399	 0.311500	-0.297717	-0.148320	-0.416748	 0.499404	-0.401257	 0.499846
-2.108445	-6.201801	 1.062320	-0.240132	-3.767510	 0.405649	 0.102075	-0.147567	-0.409650	 0.499405	-0.401257	 0.499848
-2.100355	-6.176872	 1.058072	-0.236187	-3.940307	 0.452723	 0.300968	-0.147191	-0.406101	 0.499405	-0.401257	 0.499849
-2.092125	-6.152103	 1.053840	-0.234214	-4.018478	 0.476260	 0.400414	-0.147002	-0.404326	 0.499405	-0.401257	 0.499849
-2.083842	-6.127464	 1.049625	-0.733228	-3.549371	 0.488029	-0.049863	-0.146908	-0.403439	 0.499405	-0.401257	-0.000151
-2.075550	-6.102939	 1.045427	-0.980271	-3.308657	 0.493913	-0.274001	-0.146861	-0.402995	 0.499405	-0.401257	-0.249150
-2.067269	-6.078520	 1.041245	-0.601337	-3.182164	 0.496855	-0.886070	-0.146838	-0.402773	 0.499405	-0.401257	 0.126350
-2.059011	-6.054202	 1.037080	-0.411870	-3.112806	 0.498327	-1.189108	-0.146826	-0.402663	 0.499405	-0.401257	 0.313096
-2.050780	-6.029983	 1.032932	-0.317137	-3.072040	 0.499062	-0.337643	-0.646820	-0.402607	 0.499405	-0.401257	 0.406470
-2.042580	-6.005862	 1.028800	-0.269770	-3.045595	 0.499430	 0.087062	-0.894523	-0.402579	 0.499405	-0.401257	 0.453156
-2.034411	-5.981838	 1.024685	-0.246087	-3.026334	 0.499614	 0.298391	-0.516091	-0.402565	 0.499405	-0.401257	 0.476500
-2.026274	-5.957911	 1.020586	-0.234245	-3.010689	 0.499706	 0.403036	-0.326874	-0.402559	 0.499405	-0.401257	 0.488171
-2.018169	-5.934079	 1.016504	-0.228324	-2.996877	 0.499752	 0.454343	-0.232266	-0.402555	 0.499405	-0.401257	 0.494007
-2.510097	-5.910343	 1.012438	-0.225364	-2.984004	 0.499775	-0.021015	-0.184962	-0.402553	 0.499405	-0.401257	 0.496925
-2.750056	-5.886701	 1.008388	-0.223884	-2.971626	 0.499786	-0.258694	-0.161310	-0.402552	 0.499405	-0.401257	 0.498384
-2.364056	-5.863154	 1.004354	-0.223144	-2.959518	 0.499792	-0.377533	-0.149484	-0.402552	 0.499405	-0.401257	 0.499113
-2.167100	-5.839702	 1.000337	-0.222774	-2.947570	 0.499795	-0.436953	-0.143571	-0.402552	 0.499405	-0.401257	 0.499478
-2.064681	-5.816343	 0.996336	-0.222589	-2.935724	 0.499796	-0.966663	-0.140614	-0.402552	 0.499405	-0.401257	 0.499660
-2.009548	-5.793077	 0.992350	-0.222496	-2.923953	 0.499797	-1.228525	-0.139136	-0.402552	 0.499405	-0.401257	 0.499752
-1.978072	-5.769905	 0.988381	-0.222450	-2.912244	 0.499797	-0.856475	-0.138397	-0.402552	 0.499405	-0.401257	 0.499797
-1.958441	-5.746826	 0.984427	-0.222427	-2.900588	 0.499797	-0.670450	-0.138028	-0.402552	 0.499405	-0.401257	 0.499820
-1.944748	-5.723838	 0.980490	-0.222415	-2.888982	 0.499798	-0.577438	-0.137843	-0.402552	 0.499405	-0.401257	 0.499831
-1.934039	-5.700943	 0.976568	-0.222409	-2.877424	 0.499798	-0.530932	-0.137750	-0.402552	 0.499405	-0.401257	 0.499837
-1.924838	-5.678139	 0.972661	-0.222407	-2.865914	 0.499798	-0.507679	-0.137704	-0.402552	 0.499405	-0.401257	 0.499840
-1.916406	-5.655427	 0.968771	-0.222405	-3.354450	 0.499798	-0.496052	-0.137681	-0.402552	 0.499405	-0.401257	 0.499841
-1.908375	-5.632805	 0.964896	-0.222404	-3.591032	 0.499798	-0.490239	-0.137670	-0.402552	 0.499405	-0.401257	 0.499842
-2.400558	-5.610274	 0.961036	-0.222404	-3.201668	 0.499798	-0.487332	-0.137664	-0.402552	 0.499405	-0.401257	 0.499843
-2.640864	-5.587833	 0.957192	-0.222404	-3.001361	 0.499798	-0.485879	-0.137661	-0.402552	 0.499405	-0.401257	 0.499843
-2.255255	-5.565481	 0.953363	-0.222404	-2.895605	 0.499798	 0.014848	-0.137659	-0.902552	 0.499405	-0.401257	 0.499843
-2.058711	-5.543219	 0.949550	-0.222404	-2.837148	 0.499798	 0.264180	-0.137659	-1.149746	 0.499405	-0.401257	 0.499843
-1.956715	-5.521046	 0.945752	-0.222404	-2.802362	 0.499798	-0.112181	-0.137658	-0.770550	 0.499405	-0.401257	 0.499843
-1.902007	-5.498962	 0.941969	-0.222404	-2.779434	 0.499798	-0.300361	-0.137658	-0.580952	 0.499405	-0.401257	 0.499843
-1.870959	-5.476966	 0.938201	-0.222404	-2.762456	 0.499798	-0.394452	-0.137658	-0.486153	 0.499405	-0.401257	 0.499843
-1.851755	-5.455059	 0.934448	-0.222404	-2.748477	 0.499798	 0.058503	-0.137658	-0.438753	 0.499405	-0.401257	 0.499843
-1.838488	-5.433238	 0.930710	-0.222404	-2.736018	 0.499798	 0.283958	-0.137658	-0.415053	 0.499405	-0.401257	 0.499843
-2.328204	-5.411505	 0.926987	-0.222404	-2.724342	 0.499798	-0.104334	-0.137658	-0.403204	 0.499405	-0.401257	 0.499843
-2.567426	-5.389859	 0.923279	-0.222404	-2.713078	 0.499798	-0.298480	-0.137658	-0.397279	 0.499405	-0.401257	 0.499843
-2.181424	-5.368300	 0.919586	-0.222404	-2.702043	 0.499798	-0.395552	-0.137658	-0.394316	 0.499405	-0.401257	 0.499843
-1.984832	-5.346827	 0.915908	-0.222404	-2.691143	 0.499798	-0.444089	-0.137658	-0.392835	 0.499405	-0.401257	 0.499843
-1.882959	-5.325439	 0.912244	-0.222404	-2.680333	 0.499798	-0.468357	-0.137658	-0.392094	 0.499405	-0.401257	 0.499843
-1.828461	-5.304138	 0.908595	-0.222404	-2.669588	 0.499798	-0.480491	-0.137658	-0.391724	 0.499405	-0.401257	 0.499843
-1.797664	-5.282921	 0.904961	-0.222404	-2.658899	 0.499798	-0.486558	-0.137658	-0.391539	 0.499405	-0.401257	 0.499843
-1.778731	-5.261789	 0.901341	-0.222404	-2.648257	 0.499798	-0.489592	-0.137658	-0.391446	 0.499405	-0.401257	 0.499843
-1.765746	-5.240742	 0.897736	-0.222404	-2.637661	 0.499798	-0.491109	-0.137658	-0.391400	 0.499405	-0.401257	 0.499843
-2.255747	-5.219779	 0.894145	-0.222404	-2.627109	-0.000202	-0.491867	-0.637658	-0.391377	 0.499405	-0.401257	 0.499843
-2.495257	-5.198900	 0.890568	-0.222404	-2.616600	-0.249202	-0.492246	-0.885383	-0.391365	 0.499405	-0.401257	 0.499843
-2.109542	-5.178105	 0.887006	-0.222404	-2.606133	 0.126298	-0.992436	-0.506979	-0.391359	 0.499405	-0.401257	 0.499843
-1.913237	-5.157392	 0.883458	-0.222404	-2.595709	 0.313045	-1.239545	-0.317777	-0.391357	 0.499405	-0.401257	 0.499843
-1.811650	-5.136763	 0.879924	-0.222404	-2.585326	-0.093582	-0.860127	-0.223176	-0.391355	 0.499405	-0.401257	 0.499843
-1.757437	-5.116215	 0.876404	-0.222404	-2.574984	-0.295895	-0.670417	-0.175875	-0.391354	 0.499405	-0.401257	 0.499843
-1.726924	-5.095751	 0.872899	-0.222404	-2.564684	-0.397051	-0.575563	-0.152225	-0.391354	 0.499405	-0.401257	 0.499843
-2.208274	-5.075368	 0.869407	-0.222404	-2.554426	 0.052370	-0.528136	-0.140400	-0.391354	 0.499405	-0.401257	 0.499843
-2.443570	-5.055066	 0.865929	-0.222404	-2.544208	 0.276078	-0.504422	-0.134487	-0.391354	 0.499405	-0.401257	 0.499843
-2.055861	-5.034846	 0.862466	-0.222404	-2.534031	 0.387931	 0.007435	-0.131531	-0.391354	-0.000595	-0.401257	 0.499843
-1.858670	-5.014706	 0.859016	-0.222404	-2.523895	 0.443858	 0.262325	-0.130053	-0.391354	-0.249594	-0.401257	 0.499843
-1.756751	-4.994648	 0.855580	-0.722404	-2.513799	 0.471821	 0.388735	-0.129314	-0.391354	 0.125906	-0.401257	 0.499843
-1.702482	-4.974669	 0.852157	-0.969959	-2.503744	 0.485803	 0.450910	-0.128944	-0.391354	 0.312654	-0.401257	 0.499843
-1.672051	-4.954770	 0.848749	-1.091301	-2.493729	 0.492794	-0.019028	-0.128760	-0.391354	 0.406028	-0.401257	 0.499843
-1.653553	-4.934951	 0.845354	-1.149547	-2.483754	 0.496289	-0.253998	-0.128667	-0.391354	 0.452714	-0.401257	 0.499843
-1.641033	-4.915212	 0.841972	-1.176255	-2.473819	 0.498037	-0.371482	-0.128621	-0.391354	 0.476058	-0.401257	 0.499843
-1.631516	-4.895551	 0.838605	-0.687203	-2.463924	 0.498911	 0.069775	-0.128598	-0.391354	 0.487730	-0.401257	 0.499843
-1.623514	-4.875968	 0.835250	-0.442676	-2.454068	 0.499348	 0.289382	-0.128586	-0.391354	 0.493565	-0.401257	 0.499843
-1.616282	-4.856465	 0.831909	-0.320413	-2.444252	 0.499566	 0.398167	-0.128581	-0.391354	 0.496483	-0.401257	 0.499843
-1.609448	-4.837039	 0.828581	-0.259282	-2.434475	 0.499676	 0.451546	-0.128578	-0.391354	 0.497942	-0.401257	 0.499843
-1.602825	-4.817691	 0.825267	-0.228716	-2.424737	 0.499730	 0.477226	-0.128576	-0.391354	 0.498672	-0.401257	 0.499843
-1.596322	-4.798420	 0.821966	-0.213433	-2.415038	 0.499758	 0.489060	-0.128576	-0.391354	 0.499037	-0.401257	 0.499843
-1.589890	-4.779226	 0.818678	-0.205792	-2.405378	 0.499771	 0.493975	-0.128575	-0.391354	 0.499219	-0.401257	 0.499843
-1.583508	-4.760109	 0.815403	-0.201971	-2.395757	 0.499778	 0.496432	-0.128575	-0.391354	 0.499310	-0.401257	 0.499843
-1.577162	-4.741069	 0.812142	-0.200061	-2.386174	 0.499781	 0.497661	-0.128575	-0.391354	 0.499356	-0.401257	 0.499843
-1.570848	-4.722105	 0.808893	-0.699106	-2.376629	 0.499783	 0.498276	-0.128575	-0.391354	 0.499379	-0.401257	 0.499843
-1.564561	-4.703216	 0.805658	-0.946232	-2.367122	 0.499784	 0.498583	-0.128575	-0.391354	 0.499390	-0.401257	 0.499843
-1.558302	-4.684403	 0.802435	-0.567408	-2.357654	 0.499784	 0.498736	-0.128575	-0.391354	 0.499396	-0.401257	 0.499843
-1.552068	-4.665666	 0.799225	-0.377996	-2.348223	 0.499785	 0.498813	-0.128575	-0.391354	 0.499398	-0.401257	 0.499843
-1.545859	-4.647003	 0.796028	-0.783290	-2.338830	 0.499785	 0.498852	-0.128575	-0.391354	 0.499400	-0.401257	 0.499843
-1.539675	-4.628415	 0.792844	-0.983560	-2.329475	 0.499785	 0.498871	-0.128575	-0.391354	 0.499401	-0.401257	 0.499843
-1.533517	-4.609901	 0.789673	-0.581327	-2.320157	 0.499785	 0.498880	-0.128575	-0.391354	 0.499401	-0.401257	 0.499843
-1.527383	-4.591462	 0.786514	-0.380211	-2.310877	 0.499785	 0.498885	-0.128575	-0.391354	 0.499401	-0.401257	 0.499843
-1.521273	-4.573096	 0.783368	-0.279653	-2.301633	 0.499785	 0.498888	-0.128575	-0.391354	 0.499401	-0.401257	 0.499843
-1.515188	-4.554803	 0.780235	-0.229374	-1.792426	 0.499785	 0.498889	-0.128575	-0.391354	 0.499401	-0.401257	 0.499843
-1.509127	-4.536584	 0.777114	-0.204234	-1.535257	 0.499785	 0.498889	-0.128575	-0.391354	 0.499401	-0.401257	 0.499843
-2.003091	-4.518438	 0.774005	-0.191664	-1.904116	 0.499785	-0.001110	-0.128575	-0.391354	 0.499401	-0.401257	 0.499843
-2.245078	-4.500364	 0.770909	-0.185380	-2.083999	 0.499785	-0.250108	-0.128575	-0.391354	 0.499401	-0.401257	 0.499843
-2.361098	-4.482363	 0.767826	-0.682237	-2.169413	 0.499785	-0.374607	-0.128575	-0.391354	 0.499401	-0.401257	 0.499843
-2.414154	-4.464433	 0.764754	-0.928308	-2.207611	 0.499785	-0.436856	-0.128575	-0.391354	 0.499401	-0.401257	 0.499843
-2.435747	-4.446576	 0.761695	-0.548994	-2.222218	 0.499785	 0.032019	-0.128575	-0.391354	 0.499401	-0.401257	 0.499843
-2.441629	-4.428789	 0.758649	-0.359338	-2.225048	 0.499785	 0.265455	-0.128575	-0.391354	 0.499401	-0.401257	 0.499843
-2.439675	-4.411074	 0.755614	-0.264509	-2.222007	 0.499785	 0.382173	-0.128575	-0.391354	 0.499401	-0.401257	 0.499843
-1.933823	-4.393430	 0.752592	-0.217095	-2.216048	 0.499785	 0.440532	-0.128575	-0.391354	 0.499401	-0.401257	 0.499843
-1.678040	-4.375856	 0.749581	-0.193388	-2.208649	 0.499785	 0.469711	-0.128575	-0.391354	 0.499401	-0.401257	 0.499843
-1.547305	-4.358353	 0.746583	-0.181534	-2.200547	-0.000215	 0.484301	-0.128575	-0.391354	 0.499401	-0.401257	 0.499843
-1.479104	-4.340919	 0.743597	-0.175608	-2.192111	-0.249215	 0.491596	-0.128575	-0.391354	 0.499401	-0.401257	 0.499843
-1.442182	-4.323556	 0.740622	-0.172644	-2.183526	 0.126286	 0.495243	-0.128575	-0.391354	 0.499401	-0.401257	 0.499843
-1.420910	-4.306261	 0.737660	-0.171162	-2.174883	 0.313032	 0.497067	-0.128575	-0.391354	 0.499401	-0.401257	 0.499843
-1.407475	-4.289036	 0.734709	-0.170422	-2.166229	 0.406405	 0.497979	-0.128575	-0.391354	 0.499401	-0.401257	 0.499843
-1.397969	-4.271880	 0.731770	-0.170051	-2.157587	 0.453092	 0.498435	-0.128575	-0.391354	 0.499401	-0.401257	 0.499843
-1.390439	-4.254793	 0.728843	-0.169866	-2.148968	 0.476435	 0.498663	-0.128575	-0.391354	 0.499401	-0.401257	 0.499843
-1.383909	-3.737773	 0.725928	-0.169773	-1.640378	 0.488107	 0.498777	-0.128575	-1.391354	 0.499401	-0.401257	 0.499843
-1.377889	-3.472822	 0.723024	-0.169727	-1.383820	 0.493943	 0.498834	-0.128575	-1.886571	 0.499401	-0.401257	 0.499843
-1.372135	-3.333931	 0.720132	-0.169704	-1.253286	 0.496861	 0.498862	-0.128575	-1.129416	 0.499401	-0.401257	 0.499843
-1.366525	-3.258095	 0.717251	-0.169692	-1.185773	 0.498320	 0.498877	-0.128575	-0.750839	 0.499401	-0.401257	 0.499843
-1.360998	-3.213813	 0.714382	-0.669687	-1.149781	 0.499049	 0.498884	-0.128575	-0.561550	 0.499401	-0.401257	 0.499843
-1.355524	-3.185333	 0.711525	-0.917344	-1.129557	 0.499414	 0.498887	-0.128575	-0.466905	 0.499401	-0.401257	 0.499843
-1.350087	-3.164779	 0.708679	-0.538843	-1.617226	-0.000404	 0.498889	-0.128575	-0.419583	 0.499401	-0.401257	 0.499843
-1.344679	-3.148213	 0.705844	-0.349593	-1.856851	-0.249312	 0.498890	-0.128575	-0.395922	 0.499401	-0.401257	 0.499843
-1.339297	-3.133667	 0.703021	-0.254967	-1.972470	-0.373766	 0.498890	-0.128575	-0.384092	 0.499401	-0.401257	 0.499843
-1.333937	-3.120156	 0.700209	-0.207655	-1.526104	 0.064007	-0.001109	-0.128575	-0.378176	 0.499401	-0.401257	 0.499843
-1.328601	-3.107187	 0.697408	-0.183998	-1.300761	 0.281889	-0.250107	-0.128575	-0.375219	 0.499401	-0.401257	 0.499843
-1.323286	-3.594514	 0.694618	-0.172170	-1.185939	 0.390831	 0.125394	-0.128575	-0.373740	 0.499401	-0.401257	 0.499843
-1.317993	-3.830014	 0.691840	-0.166256	-1.126386	 0.445302	 0.312143	-0.128575	-0.373000	 0.499401	-0.401257	 0.499843
-1.312720	-3.939633	 0.689072	-0.163299	-1.094475	 0.472537	 0.405517	-0.128575	-0.372631	 0.499401	-0.401257	 0.499843
-1.307470	-3.986344	 0.686316	-0.161821	-1.076395	 0.486155	 0.452205	-0.128575	-0.372446	 0.499401	-0.401257	 0.499843
-1.302240	-3.501634	 0.683571	-0.161081	-1.065238	 0.492964	-0.024452	-0.128575	-0.372353	 0.499401	-0.401257	 0.499843
-1.297031	-3.253244	 0.680836	-0.160712	-1.057552	 0.496368	-0.261778	-0.128575	-0.372307	 0.499401	-0.401257	 0.499843
-1.291842	-3.123040	 0.678113	-0.160527	-1.051609	 0.498070	-0.380441	-0.128575	-0.372284	 0.499401	-0.401257	 0.499843
-1.286675	-3.051952	 0.675401	-0.160434	-1.546546	 0.498921	 0.060228	-0.128575	-0.372273	 0.499401	-0.401257	 0.499843
-1.281528	-3.010447	 0.672699	-0.160388	-1.789932	 0.499347	 0.279560	-0.128575	-0.372267	 0.499401	-0.401257	 0.499843
-1.776402	-3.483756	 0.670008	-0.160365	-1.907558	 0.499560	 0.389226	-0.128575	-0.372264	 0.499401	-0.401257	 0.499843
-2.019297	-3.712496	 0.667328	-0.160354	-1.962320	 0.499666	 0.444059	-0.128575	-0.372263	 0.499401	-0.401257	 0.499843
-2.136220	-3.818984	 0.664659	-0.160348	-1.985668	 0.499719	 0.471476	-0.128575	-0.372262	 0.499401	-0.401257	 0.499843
-2.190175	-3.864377	 0.662000	-0.160345	-1.993323	 0.499746	 0.485184	-0.128575	-0.372261	 0.499401	-0.401257	 0.499843
-1.712664	-3.379254	 0.659352	-0.160344	-1.493149	 0.499759	 0.492038	-0.128575	-0.372261	 0.499401	-0.401257	 0.499843
-1.471438	-3.130904	 0.656715	-0.160343	-1.241076	 0.499766	 0.495466	-0.128575	-0.372261	 0.499401	-0.401257	 0.499843
-1.348365	-3.000964	 0.154088	-0.160342	-1.113061	 0.499769	 0.497179	-0.128575	-0.372261	 0.499401	-0.401257	 0.499843
-1.284378	-2.930252	-0.097225	-0.160342	-1.047084	 0.499771	 0.498036	-0.128575	-0.372261	 0.499401	-0.401257	 0.499843
-1.249943	-2.889177	-0.222882	-0.160342	-1.012133	 0.499772	 0.498464	-0.128575	-0.372261	 0.499401	-0.401257	 0.499843
-1.730295	-2.862943	 0.214289	-0.160342	-0.992703	 0.499772	-0.001322	-0.128575	-0.372261	 0.499401	-0.401257	 0.499843
-1.966050	-2.844153	 0.431572	-0.160342	-0.981042	 0.499772	-0.250212	-0.128575	-0.372261	 0.499401	-0.401257	 0.499843
-1.579524	-3.329107	 0.538916	-0.160342	-0.973272	 0.499772	 0.125342	-0.128575	-0.372261	 0.499401	-0.401257	 0.499843
-1.383874	-3.563956	 0.591295	-0.160342	-0.967457	 0.499772	 0.312118	-0.128575	-0.372261	 0.499401	-0.401257	 0.499843
-1.283673	-3.173783	 0.616198	-0.160342	-1.462626	 0.499772	 0.405506	-0.128575	-0.372261	 0.499401	-0.401257	 0.499843
-1.231206	-2.973129	 0.627367	-0.160342	-1.706294	 0.499772	 0.452200	-0.128575	-0.372261	 0.499401	-0.401257	 0.499843
-1.202615	-3.367257	 0.631674	-0.160342	-1.324229	 0.499772	-0.024453	-0.128575	-0.372261	 0.499401	-0.401257	 0.499843
-1.185971	-3.556799	 0.632556	-0.160342	-1.131312	 0.499772	-0.261778	-0.128575	-0.372261	 0.499401	-0.401257	 0.499843
-1.175311	-3.644077	 0.631730	-0.160342	-1.032976	 0.499772	-0.380440	-0.128575	-0.372261	 0.499401	-0.401257	 0.499843
-1.667651	-3.680253	 0.630055	-0.160342	-1.481939	 0.499772	 0.060229	-0.128575	-0.372261	 0.499401	-0.401257	 0.499843
-1.909501	-3.690908	 0.627961	-0.160342	-1.702559	 0.499772	 0.279562	-0.128575	-0.372261	 0.499401	-0.401257	 0.499843
-1.526124	-3.188833	 0.625662	-0.160342	-1.309023	 0.499772	 0.389228	-0.128575	-0.372261	 0.499401	-0.401257	 0.499843
-1.332149	-2.932421	 0.623266	-0.160342	-1.110423	 0.499772	 0.444061	-0.128575	-0.372261	 0.499401	-0.401257	 0.499843
-1.232886	-2.798864	 0.620826	-0.160342	-1.009300	 0.499772	 0.471478	-0.128575	-0.372261	 0.499401	-0.401257	 0.499843
-1.180987	-2.726754	 0.618370	-0.160342	-0.956922	 0.499772	 0.485186	-0.128575	-0.372261	 0.499401	-0.401257	 0.499843
-1.152779	-2.685390	 0.615909	 0.339658	-0.928924	 0.499772	-0.007960	-0.128575	-0.372261	 0.499401	-0.401257	 0.499843
-1.136426	-2.659420	 0.613452	 0.587979	-0.913123	 0.499772	-0.253531	-0.128575	-0.372261	 0.499401	-0.401257	 0.499843
-1.126010	-2.641168	 0.611002	 0.710466	-0.903428	 0.499772	-0.376316	-0.128575	-0.372261	 0.499401	-0.401257	 0.499843
-1.118570	-2.626797	 0.608560	 0.770044	-0.896793	-0.000228	 0.062291	-0.128575	-0.372261	 0.499401	-0.401257	 0.499843
-1.112628	-2.614386	 0.606126	 0.798174	-0.891695	-0.249227	 0.280593	-0.128575	-0.372261	 0.499401	-0.401257	 0.499843
-1.107444	-2.602977	 0.603702	 0.310586	-0.887373	 0.126273	-0.110256	-0.128575	-0.372261	 0.499401	-0.401257	 0.499843
-1.102647	-2.592089	 0.601287	 0.066792	-0.883446	 0.313020	-0.304678	-0.128575	-0.372261	 0.499401	-0.401257	 0.499843
-1.598053	-2.581482	 0.598882	-0.055104	-0.879723	 0.406393	 0.098111	-0.128575	-0.372261	 0.499401	-0.401257	 0.499843
-1.841569	-2.571038	 0.596487	-0.116053	-0.876110	 0.453080	 0.298503	-0.128575	-0.372261	 0.499401	-0.401257	 0.499843
-1.959157	-2.560694	 0.594101	-0.146527	-0.872559	 0.476423	 0.398700	-0.128575	-0.372261	 0.499401	-0.401257	 0.499843
-2.013797	-2.550421	 0.591725	-0.161764	-0.869045	 0.488095	 0.448798	-0.128575	-0.372261	 0.499401	-0.401257	 0.499843
-2.036981	-2.540205	 0.589358	-0.169383	-0.865557	 0.493930	 0.473847	-0.128575	-0.372261	 0.499401	-0.401257	 0.499843
-1.544452	-2.530037	 0.587000	-0.173192	-0.862089	 0.496848	 0.486371	-0.128575	-0.372261	 0.499401	-0.401257	 0.499843
-1.296084	-2.519913	 0.584652	-0.175097	-0.858637	 0.498307	 0.492634	-0.128575	-0.372261	 0.499401	-0.401257	 0.499843
-1.169804	-3.009831	 0.582314	 0.323951	-0.855201	 0.499037	-0.004235	-0.128575	-0.372261	 0.499401	-0.401257	 0.499843
-1.104577	-3.247791	 0.579984	 0.571829	-0.851780	 0.499401	-0.251667	-0.128575	-0.372261	 0.499401	-0.401257	 0.499843
-1.069885	-2.859799	 0.577664	 0.194128	-0.848372	 0.499584	 0.124616	-0.128575	-0.372261	 0.499401	-0.401257	 0.499843
-1.050469	-2.660860	 0.575354	 0.005278	-0.844979	 0.499675	 0.311757	-0.128575	-0.372261	 0.499401	-0.401257	 0.499843
-1.538699	-2.556466	 0.573052	-0.089147	-0.841599	-0.000279	-0.094673	-0.128575	-0.372261	 0.499401	-0.401257	 0.499843
-1.778760	-2.499365	 0.570760	-0.136360	-0.838232	-0.249256	-0.296886	-0.128575	-0.372261	 0.499401	-0.401257	 0.499843
-1.894752	-2.465930	 0.568477	-0.159966	-0.834879	-0.373745	-0.397992	-0.128575	-0.372261	 0.499401	-0.401257	 0.499843
-1.448727	-2.944348	 0.566203	-0.171769	-0.831540	 0.064011	-0.448546	-0.128575	-0.372261	 0.499401	-0.401257	 0.499843
-1.223709	-3.176711	 0.563938	-0.177671	-0.828213	 0.281886	-0.473822	-0.128575	-0.372261	 0.499401	-0.401257	 0.499843
-1.609203	-2.786075	 0.561683	-0.180621	-0.824901	 0.390823	 0.013539	-0.128575	-0.372261	 0.499401	-0.401257	 0.499843
-1.797961	-2.585965	 0.559436	-0.182097	-0.821601	 0.445291	 0.256219	-0.128575	-0.372261	 0.499401	-0.401257	 0.499843
-1.388366	-2.481139	 0.557198	-0.182835	-0.818315	 0.472526	 0.377558	-0.128575	-0.372261	 0.499401	-0.401257	 0.499843
-1.181611	-2.423973	 0.554969	-0.183203	-0.815041	 0.486143	 0.438228	-0.128575	-0.372261	 0.499401	-0.401257	 0.499843
-1.076284	-2.390657	 0.552750	-0.183388	-0.811781	 0.492951	 0.468563	-0.128575	-0.372261	 0.499401	-0.401257	 0.499843
-1.021678	-2.369284	 0.550539	-0.183480	-0.808534	 0.496356	 0.483730	-0.128575	-0.372261	 0.499401	-0.401257	 0.499843
-0.992441	-2.353902	 0.548336	-0.183526	-0.805300	 0.498058	 0.491314	-0.128575	-0.372261	 0.499401	-0.401257	 0.499843
-0.975897	-2.341534	 0.546143	 0.316451	-0.802079	 0.498909	-0.004894	-0.128575	-0.372261	 0.499401	-0.401257	 0.499843
-0.965705	-2.330691	 0.543958	 0.564806	-0.798870	 0.499335	-0.251996	-0.128575	-0.372261	 0.499401	-0.401257	 0.499843
-0.958699	-2.320630	 0.541783	 0.187358	-0.795675	 0.499547	 0.124453	-0.128575	-0.372261	 0.499401	-0.401257	 0.499843
-0.953292	-2.310979	 0.539616	-0.001366	-0.792492	 0.499654	 0.311676	-0.128575	-0.372261	 0.499401	-0.401257	 0.499843
-0.948693	-2.301550	 0.537457	-0.095728	-0.789322	-0.000293	-0.094713	-0.128575	-0.372261	 0.499401	-0.401257	 0.499843
-0.944505	-2.292252	 0.535307	-0.142910	-0.786165	-0.249266	-0.296905	-0.128575	-0.372261	 0.499401	-0.401257	 0.499843
-0.940531	-2.283037	 0.533166	-0.166500	-0.783020	-0.373753	 0.101999	-0.128575	-0.372261	 0.499401	-0.401257	 0.499843
-0.936670	-2.273881	 0.531033	-0.178295	-0.779888	-0.435996	 0.300449	-0.128575	-0.372261	 0.499401	-0.401257	 0.499843
-0.932875	-2.264774	 0.528909	-0.184193	-0.776769	-0.467117	 0.399674	-0.128575	-0.372261	 0.499401	-0.401257	 0.499843
-0.929119	-2.255709	 0.526794	 0.312858	-0.773662	 0.017322	-0.050713	-0.128575	-0.372261	 0.499401	-0.401257	 0.499843
-0.925390	-2.246684	 0.524686	 0.559764	-0.770567	 0.258538	-0.274905	-0.128575	-0.372261	 0.499401	-0.401257	 0.499843
-1.421682	-2.237696	 0.522588	 0.181604	-0.767485	 0.379146	 0.112999	-0.128575	-0.372261	 0.499401	-0.401257	 0.499843
-1.665992	-2.228744	 0.520497	-0.007477	-0.764415	 0.439450	 0.305950	-0.128575	-0.372261	 0.499401	-0.401257	 0.499843
-1.784327	-2.219829	 0.518415	-0.102017	-0.761357	 0.469602	 0.402425	-0.128575	-0.372261	 0.499401	-0.401257	 0.499843
-1.839689	-2.210949	 0.516342	-0.149287	-0.758312	 0.484678	 0.450662	-0.128575	-0.372261	 0.499401	-0.401257	 0.499843
-1.363580	-2.202105	 0.514276	 0.327078	-0.755278	 0.492216	 0.474781	-0.128575	-0.872261	 0.499401	-0.401257	 0.499843
-1.123750	-2.193297	 0.512219	 0.563654	-0.752257	 0.495985	 0.486841	-0.128575	-1.119517	 0.499401	-0.401257	 0.499843
-1.002067	-2.184524	 0.510170	 0.680341	-0.749248	 0.497869	 0.492870	-0.128575	-1.240411	 0.499401	-0.401257	 0.499843
-0.939465	-2.175786	 0.508130	 0.237091	-0.746251	 0.498812	 0.495885	-0.128575	-0.798135	 0.499401	-0.401257	 0.499843
-0.906411	-2.167082	 0.506097	 0.015465	-0.743266	 0.499283	 0.497393	-0.128575	-0.576997	 0.499401	-0.401257	 0.499843
-0.888137	-2.158414	 0.504073	 0.404653	-0.740293	 0.499518	-0.001854	-0.128575	-0.466429	 0.499401	-0.401257	 0.499843
-0.877260	-2.149780	 0.502056	 0.597659	-0.737332	 0.499636	-0.250475	-0.128575	-0.411144	 0.499401	-0.401257	 0.499843
-0.870089	-2.141181	 0.500048	 0.692581	-1.234383	 0.499695	 0.125215	-0.128575	-0.383502	 0.499401	-0.401257	 0.499843
-0.864777	-2.132617	 0.499044	 0.738466	-1.479445	 0.499725	 0.312058	-0.128575	-0.369681	 0.499401	-0.401257	 0.499843
-1.360403	-2.124086	 0.498542	 0.259841	-1.098527	 0.499739	 0.405479	-0.128575	-0.362770	 0.499401	-0.401257	 0.499843
-1.604503	-2.115590	 0.498291	 0.020528	-0.906633	 0.499747	 0.452190	-0.128575	-0.359315	 0.499401	-0.401257	 0.499843
-1.722856	-2.107127	 0.498165	-0.099129	-0.809257	 0.499750	 0.475545	-0.128575	-0.357587	 0.499401	-0.401257	 0.499843
-1.778350	-2.098699	 0.498103	 0.341043	-1.259145	 0.499752	-0.012777	-0.128575	-0.356724	 0.499401	-0.401257	 0.499843
-1.802430	-2.090304	 0.498071	 0.559567	-1.480671	 0.499753	-0.255936	-0.128575	-0.356292	 0.499401	-0.401257	 0.499843
-1.310816	-2.081943	 0.498056	 0.167272	-1.088029	 0.499754	 0.122485	-0.128575	-0.356076	 0.499401	-0.401257	 0.499843
-1.063371	-2.073615	 0.498048	-0.028875	-0.890318	 0.499754	 0.310693	-0.128575	-0.355968	 0.499401	-0.401257	 0.499843
-1.438017	-2.065321	 0.498044	 0.373051	-0.790077	 0.499754	 0.404797	-0.128575	-0.355914	 0.499401	-0.401257	 0.499843
-1.621714	-2.057059	 0.498042	 0.572464	-0.738577	 0.499754	 0.451849	-0.128575	-0.355887	 0.499401	-0.401257	 0.499843
-1.709952	-2.048831	 0.498041	 0.170627	-0.711452	 0.499754	-0.024625	-0.128575	-0.355873	 0.499401	-0.401257	 0.499843
-1.750475	-2.040636	 0.498040	-0.030291	-0.696522	 0.499754	-0.261859	-0.128575	-0.355866	 0.499401	-0.401257	 0.499843
-1.767154	-2.032473	 0.498040	-0.130751	-0.687693	 0.499754	-0.380477	-0.128575	-0.355863	 0.499401	-0.401257	 0.499843
-1.771926	-2.024343	 0.498040	-0.180980	-0.681921	 0.499754	 0.060215	-0.128575	-0.355861	 0.499401	-0.401257	 0.499843
-1.770759	-2.016246	 0.498040	-0.206095	-0.677683	 0.499754	 0.279558	-0.128575	-0.355861	 0.499401	-0.401257	 0.499843
-1.266636	-2.008181	 0.498040	-0.218652	-0.674217	 0.499754	 0.389230	-0.128575	-0.355860	 0.499401	-0.401257	 0.499843
-1.013049	-2.000148	 0.498040	-0.224931	-0.671142	 0.499754	 0.444066	-0.128575	-0.355860	 0.499401	-0.401257	 0.499843
-0.884737	-1.992148	 0.498040	 0.271930	-0.668269	 0.499754	 0.471484	-0.128575	-0.355860	 0.499401	-0.401257	 0.499843
-0.819068	-1.984179	 0.498040	 0.518822	-0.665501	 0.499754	 0.485193	-0.128575	-0.355860	 0.499401	-0.401257	 0.499843
-0.784727	-1.976242	 0.498040	 0.640737	-0.662792	 0.499754	 0.492048	-0.128575	-0.355860	 0.499401	-0.401257	 0.499843
-0.766056	-1.968337	 0.498040	 0.700169	-0.660117	 0.499754	 0.495475	-0.128575	-0.355860	 0.499401	-0.401257	 0.499843
-0.755225	-1.960464	 0.498040	 0.228366	-0.657465	-0.000246	 0.497189	-0.128575	-0.355860	 0.499401	-0.401257	 0.499843
-0.748321	-1.952622	 0.498040	-0.007535	-0.654829	-0.249246	 0.498045	-0.128575	-0.355860	 0.499401	-0.401257	 0.499843
-0.743386	-1.944812	 0.498040	-0.125486	-0.652207	-0.373745	 0.498474	-0.128575	-0.355860	 0.499401	-0.401257	 0.499843
-1.239442	-1.937032	 0.498040	-0.184461	-0.649597	 0.064005	-0.001312	-0.128575	-0.355860	 0.499401	-0.401257	 0.499843
-1.483999	-1.929284	 0.498040	-0.213949	-0.646998	 0.281876	-0.250203	-0.128575	-0.355860	 0.499401	-0.401257	 0.499843
-1.602820	-1.921567	 0.498040	 0.271307	-0.644409	 0.390812	 0.125352	-0.128575	-0.355860	 0.499401	-0.401257	 0.499843
-1.658788	-1.913881	 0.498040	 0.512422	-0.641831	 0.445280	 0.312128	-0.128575	-0.355860	 0.499401	-0.401257	 0.499843
-1.183342	-1.906225	 0.498040	 0.131472	-0.639264	 0.472514	 0.405515	-0.128575	-0.355860	 0.499401	-0.401257	 0.499843
-0.944203	-1.898600	 0.498040	-0.059002	-0.636707	 0.486131	 0.452209	-0.128575	-0.355860	 0.499401	-0.401257	 0.499843
-1.323224	-1.891006	 0.498040	 0.345760	-0.634160	 0.492939	 0.475556	-0.128575	-0.355860	 0.499401	-0.401257	 0.499843
-1.509329	-1.883442	 0.498040	 0.546640	-0.631623	 0.496344	 0.487230	-0.128575	-0.355860	 0.499401	-0.401257	 0.499843
-1.598991	-1.875908	 0.498040	 0.645586	-0.629097	 0.498046	 0.493066	-0.128575	-0.355860	 0.499401	-0.401257	 0.499843
-1.640445	-1.868405	 0.498040	 0.693569	-0.626580	 0.498897	-0.004015	-0.128575	-0.355860	 0.499401	-0.401257	 0.499843
-1.657808	-1.860931	 0.498040	 0.716078	-0.624074	 0.499322	-0.251554	-0.128575	-0.355860	 0.499401	-0.401257	 0.499843
-1.663139	-1.853487	 0.498040	 0.725855	-0.621578	 0.499535	-0.375323	-0.128575	-0.355860	 0.499401	-0.401257	 0.499843
-1.662468	-1.846073	 0.498040	 0.729272	-0.619092	 0.499642	-0.437208	-0.128575	-0.355860	 0.499401	-0.401257	 0.499843
-1.658809	-1.838689	 0.498040	 0.729515	-0.616615	 0.499695	 0.031850	-0.128575	-0.355860	 0.499401	-0.401257	 0.499843
-1.653669	-1.831334	 0.498040	 0.728177	-0.614149	 0.499721	 0.265377	-0.128575	-0.355860	 0.499401	-0.401257	 0.499843
-1.647802	-1.824009	 0.498040	 0.726055	-0.611692	 0.499735	 0.382140	-0.128575	-0.355860	 0.499401	-0.401257	 0.499843
-1.641584	-1.816713	 0.498040	 0.723546	-0.609245	 0.499741	 0.440522	-0.128575	-0.355860	 0.499401	-0.401257	 0.499843
-1.635205	-1.809446	 0.498040	 0.720849	-0.606808	 0.499745	 0.469713	-0.128575	-0.355860	 0.499401	-0.401257	 0.499843
-1.628758	-1.802208	 0.498040	 0.718064	-0.604381	 0.499746	 0.484308	-0.128575	-0.355860	 0.499401	-0.401257	 0.499843
-1.622289	-1.794999	 0.498040	 0.715242	-0.601964	 0.499747	 0.491606	-0.128575	-0.355860	 0.499401	-0.401257	 0.499843
-1.615823	-1.787819	 0.498040	 0.712405	-0.599556	 0.499748	 0.495255	-0.128575	-0.355860	 0.499401	-0.401257	 0.499843
-1.609372	-1.780668	 0.498040	 0.709568	-0.597158	 0.499748	 0.497079	-0.128575	-0.355860	 0.499401	-0.401257	 0.499843
-1.102940	-1.773545	 0.498040	 0.706736	-0.594769	 0.499748	 0.497992	-0.128575	-0.355860	 0.499401	-0.401257	 0.499843
-0.848531	-1.766451	 0.498040	 0.703912	-0.592390	 0.499748	 0.498448	-0.128575	-0.355860	 0.499401	-0.401257	 0.499843
-0.720139	-1.759386	 0.498040	 0.701098	-0.590020	 0.499748	 0.498676	-0.128575	-0.355860	 0.499401	-0.401257	 0.499843
-0.654759	-1.752348	 0.498040	 0.698294	-0.587660	 0.499748	 0.498790	-0.128575	-0.355860	 0.499401	-0.401257	 0.499843
-0.620890	-1.745339	 0.498040	 0.695501	-0.585310	 0.499748	 0.498847	-0.128575	-0.355860	 0.499401	-0.401257	 0.499843
-0.602782	-1.738357	 0.498040	 0.692720	-0.582968	 0.499748	 0.498875	-0.128575	-0.355860	 0.499401	-0.401257	 0.499843
-0.592558	-1.731404	 0.498040	 0.689949	-0.580636	 0.499748	 0.498890	-0.128575	-0.355860	 0.499401	-0.401257	 0.499843
-0.586282	-1.724478	 0.498040	 0.687189	-0.578314	 0.499748	 0.498897	-0.128575	-0.355860	 0.499401	 0.098743	 0.499843
-0.581984	-1.717580	 0.498040	 0.684440	-0.576001	 0.499748	 0.498900	-0.128575	-0.355860	 0.499401	 0.347545	 0.499843
-0.578679	-1.710710	 0.498040	 0.681703	-0.573697	 0.499748	 0.498902	-0.128575	-0.355860	 0.499401	-0.029246	 0.499843
-0.575876	-1.703867	 0.498040	 0.678976	-0.571402	 0.499748	 0.498903	-0.128575	-0.355860	 0.499401	-0.217642	 0.499843
-0.573328	-1.697052	 0.498040	 0.676260	-0.569116	 0.499748	 0.498903	-0.128575	-0.355860	 0.499401	-0.311840	 0.499843
-0.570913	-1.690263	 0.498040	 0.673555	-0.566840	 0.499748	 0.498904	-0.128575	-0.355860	 0.499401	-0.358939	 0.499843
-0.568568	-1.683502	 0.498040	 0.670861	-0.564572	 0.499748	 0.498904	-0.128575	-0.355860	 0.499401	-0.382488	 0.499843
-0.566264	-1.676768	 0.498040	 0.668177	-0.562314	 0.499748	 0.498904	-0.128575	-0.355860	 0.499401	-0.394263	 0.499843
-0.563983	-1.670061	 0.498040	 0.665505	-0.560065	 0.499748	 0.498904	-0.128575	-0.355860	 0.499401	-0.400150	 0.499843
-0.561720	-1.663381	 0.498040	 0.162843	-0.557825	 0.499748	 0.498904	-0.128575	-0.355860	 0.499401	-0.403094	 0.499843
-0.559469	-1.656728	 0.498040	-0.088488	-0.555593	 0.499748	 0.498904	-0.128575	-0.355860	 0.499401	-0.404566	 0.499843
-0.557229	-1.650101	 0.498040	 0.285846	-0.553371	 0.499748	 0.498904	-0.128575	-0.355860	 0.499401	-0.405302	 0.499843
-0.554999	-1.643500	 0.498040	 0.471693	-0.551157	 0.499748	 0.498904	-0.128575	-0.355860	 0.499401	-0.405670	 0.499843
-1.052779	-1.636926	 0.998040	 0.563301	-0.548953	 0.499748	 0.498904	-0.128575	-0.355860	 0.499401	-0.405854	 0.499843
-1.298568	-1.630379	 1.245044	 0.607796	-0.546757	 0.499748	 0.498904	-0.128575	-0.355860	 0.499401	-0.405946	 0.499843
-1.418373	-1.623857	 1.365562	 0.628738	-0.544570	 0.499748	 0.498904	-0.128575	-0.355860	 0.499401	-0.405992	 0.499843
-0.975200	-1.617362	 0.922849	 0.637910	-0.542392	 0.499748	 0.498904	-0.128575	-0.355860	 0.499401	-0.406015	 0.499843
-0.752549	-1.610892	 0.701492	 0.641202	-0.540222	 0.499748	 0.498904	-0.128575	-0.355860	 0.499401	-0.406026	 0.499843
-1.140164	-1.604449	 0.590814	 0.641559	-0.538061	 0.499748	 0.498904	-0.128575	-0.355860	 0.499401	-0.406032	 0.499843
-1.330915	-1.598031	 0.535474	 0.640454	-0.535909	 0.499748	 0.498904	-0.128575	-0.355860	 0.499401	-0.406035	 0.499843
-0.923248	-1.591639	 0.507805	 0.638622	-0.533765	 0.499748	 0.498904	-0.128575	-0.355860	 0.499401	-0.406036	 0.499843
-0.718383	-1.585272	 0.493970	 0.636433	-0.531630	 0.499748	 0.498904	-0.128575	-0.355860	 0.499401	-0.406037	 0.499843
-0.614924	-1.578931	 0.487053	 0.634070	-0.529504	 0.499748	 0.498904	-0.128575	-0.355860	 0.499401	-0.406037	 0.499843
-0.562171	-1.572615	 0.483594	 0.631625	-0.527386	 0.499748	 0.498904	-0.128575	-0.355860	 0.499401	-0.406038	 0.499843
-0.534776	-1.566325	 0.481865	 0.629144	-0.525276	 0.499748	 0.498904	-0.128575	-0.355860	 0.499401	-0.406038	 0.499843
-1.020064	-1.560060	 0.481000	 0.626650	-0.523175	 0.499748	 0.498904	-0.128575	-0.355860	 0.499401	-0.406038	 0.499843
-1.259697	-1.553819	 0.480568	 0.624155	-0.521082	 0.499748	 0.498904	-0.128575	-0.355860	 0.499401	-0.406038	 0.499843
-0.876515	-1.547604	 0.980351	 0.621664	-0.518998	 0.499748	 0.498904	-0.128575	-0.355860	 0.499401	-0.406038	 0.499843
-0.684923	-1.541414	 1.227283	 0.619180	-0.516922	 0.499748	 0.498904	-0.128575	-0.355860	 0.499401	-0.406038	 0.499843
-0.589128	-1.535248	 0.847800	-0.383295	-0.514854	 0.499748	-0.501096	-0.128575	-0.355860	 0.499401	-0.406038	 0.499843
-0.541230	-1.529107	 0.658059	-0.881761	-0.512795	 0.499748	-0.998094	-0.128575	-0.355860	 0.499401	-0.406038	 0.499843
-0.517281	-1.522990	 0.563189	-0.128234	-0.510744	 0.499748	-0.243603	-0.128575	-0.355860	 0.499401	-0.406038	 0.499843
-0.505307	-1.516899	 0.515753	 0.247279	-0.508701	 0.499748	 0.132621	-0.128575	-0.355860	 0.499401	-0.406038	 0.499843
-0.499320	-1.510831	 0.492036	 0.433790	-0.506666	 0.499748	 0.319715	-0.128575	-0.355860	 0.499401	-0.406038	 0.499843
-0.496326	-1.504788	 0.480177	 0.525805	-0.504639	 0.499748	 0.412249	-0.128575	-0.355860	 0.499401	-0.406038	 0.499843
-0.494829	-1.498768	 0.474247	 0.570577	-0.502621	 0.499748	 0.457506	-0.128575	-0.355860	 0.499401	-0.406038	 0.499843
-0.494081	-1.492773	 0.471283	 0.091732	-1.000610	 0.499748	 0.479129	-0.128575	-0.355860	 0.499401	-0.406038	 0.499843
-0.493707	-1.486802	 0.469800	-0.147690	-1.246608	 0.499748	 0.488939	-0.128575	-0.355860	 0.499401	-0.406038	 0.499843
-0.993520	-1.480855	 0.469059	 0.232599	-0.866621	 0.499748	 0.493844	-0.128575	-0.355860	 0.499401	-0.406038	 0.499843
-1.240439	-1.474932	 0.468688	 0.421517	-0.676628	 0.499748	 0.496297	-0.128575	-0.355860	 0.499401	-0.406038	 0.499843
-0.860924	-1.469032	 0.468503	 0.514756	-0.581632	 0.499748	 0.497523	-0.128575	 0.144140	 0.499401	-0.406038	 0.499843
-0.671167	-1.463156	 0.468411	 0.560159	-0.534133	 0.499748	 0.498136	-0.128575	 0.392852	 0.499401	-0.406038	 0.499843
-0.576288	-1.457303	 0.468364	 0.581649	-0.510384	 0.499748	 0.498443	-0.128575	 0.515925	 0.499401	-0.406038	 0.499843
-1.028849	-1.451474	 0.468341	 0.091188	-0.498510	 0.499748	 0.498596	-0.128575	 0.076183	 0.499401	-0.406038	 0.499843
-1.252167	-1.445668	 0.468329	-0.154042	-0.492572	 0.499748	 0.498673	-0.128575	-0.143688	 0.499401	-0.406038	 0.499843
-0.860874	-1.439885	 0.468324	 0.223343	-0.489604	 0.499748	 0.498711	-0.128575	-0.253623	 0.499401	-0.406038	 0.499843
-0.665228	-1.434126	 0.468321	 0.410834	-0.488119	 0.499748	 0.498730	-0.128575	-0.308591	 0.499401	-0.406038	 0.499843
-0.567405	-1.428389	 0.468319	 0.503382	-0.487377	 0.499748	 0.498740	-0.128575	-0.336075	 0.499401	-0.406038	 0.499843
-0.518494	-1.422676	 0.468319	 0.548465	-0.487006	 0.499748	 0.498744	-0.128575	-0.349817	 0.499401	-0.406038	 0.499843
-0.994038	-1.416985	 0.468318	 0.569819	-0.486821	 0.499748	 0.498747	-0.128575	-0.356688	 0.499401	-0.406038	 0.499843
-1.228871	-1.411317	 0.468318	 0.579314	-0.486728	 0.499748	 0.498748	-0.128575	-0.360123	 0.499401	-0.406038	 0.499843
-1.343360	-1.405672	 0.468318	 0.582884	-0.486681	 0.499748	 0.498749	-0.128575	-0.361841	 0.499401	-0.406038	 0.499843
