 0.373662	 0.499705	 0.498847	 0.496088	-0.324360	 0.499642	 0.498869	 0.019140	-0.184250	 0.457919	-0.406502	 0.405478
 0.387884	 0.499705	 0.498847	 0.497547	-0.387137	 0.499733	 0.498869	 0.019140	-0.184249	 0.457919	-0.406502	 0.452188
-0.105005	 0.499705	 0.498847	 0.498276	 0.081475	 0.499779	 0.498869	 0.019140	-0.184249	 0.457919	-0.406502	 0.475543
-0.350254	 0.499705	 0.498847	 0.498641	 0.314681	 0.499802	 0.498869	 0.019140	-0.184248	 0.457919	-0.406502	 0.487220
-0.471688	 0.499705	 0.498847	 0.498824	 0.430188	 0.499813	 0.498869	 0.019140	-0.184248	 0.457919	-0.406502	 0.493059
-0.531218	 0.499705	 0.498847	 0.498915	-0.013150	 0.499819	 0.498869	 0.019140	-0.184248	 0.457919	-0.406502	 0.495979
-0.559802	 0.499705	 0.498847	 0.498960	-0.234819	 0.499822	 0.498869	 0.019140	-0.184248	 0.457919	-0.406502	 0.497438
-0.572917	 0.499705	 0.498847	 0.498983	 0.154346	 0.499823	 0.498869	 0.019140	-0.184248	 0.457919	-0.406502	 0.498168
-0.578302	 0.499705	 0.498847	 0.498995	 0.347842	 0.499824	 0.498869	 0.019140	-0.184248	 0.457919	-0.406502	 0.498533
-0.079828	 0.499705	 0.498847	 0.499000	 0.443507	 0.499824	 0.498869	-0.480860	-0.184248	 0.457919	-0.406502	 0.498715
 0.169410	 0.499705	 0.498847	 0.499003	 0.490262	 0.499824	 0.498869	-0.728899	-0.184248	 0.457919	-0.406502	 0.498807
 0.294028	 0.499705	 0.498847	 0.499005	 0.512565	 0.499824	 0.498869	-0.350964	-0.184248	 0.457919	-0.406502	 0.498852
 0.356338	 0.499705	 0.498847	 0.499005	 0.522647	 0.499824	 0.498869	-0.161997	-0.184248	 0.457919	-0.406502	 0.498875
 0.387492	 0.499705	 0.498847	 0.499006	 0.526622	 0.499824	 0.498869	-0.067513	-0.184248	 0.457919	-0.406502	 0.498887
 0.403070	 0.499705	 0.498847	 0.499006	 0.527549	 0.499824	 0.498869	-0.020271	-0.184248	 0.457919	-0.406502	 0.498892
 0.410858	 0.499705	 0.498847	 0.499006	 0.526955	 0.499824	 0.498869	 0.003350	-0.184248	 0.457919	-0.406502	 0.498895
 0.414753	 0.499705	 0.498847	 0.499006	 0.525605	 0.499824	 0.498869	 0.015160	-0.184248	 0.457919	-0.406502	 0.498897
 0.416700	 0.499705	 0.498847	 0.499006	 0.523882	 0.499824	 0.498869	 0.021065	-0.184248	 0.457919	-0.406502	 0.498897
 0.417673	 0.499705	 0.498847	 0.499006	 0.521976	 0.499824	 0.498869	 0.024018	-0.184248	 0.457919	-0.406502	 0.498898
 0.418160	 0.499705	 0.498847	 0.499006	 0.519983	 0.499824	 0.498869	 0.025494	-0.184248	 0.457919	-0.406502	 0.498898
 0.418404	 0.499705	 0.498847	 0.499006	 0.517950	 0.499824	 0.498869	 0.026233	-0.184248	 0.957919	-0.406502	 0.498898
 0.418525	 0.499705	 0.498847	 0.499006	 0.515902	 0.499824	 0.498869	 0.026602	-0.184248	 1.205003	-0.406502	 0.498898
 0.418586	 0.499705	 0.498847	 0.499006	 0.513851	 0.499824	 0.498869	 0.026786	-0.184248	 1.325641	-0.406502	 0.498898
 0.418617	 0.499705	 0.498847	 0.499006	 0.511801	 0.499824	 0.498869	 0.026878	-0.184248	 0.883067	-0.406502	 0.498898
 0.418632	 0.499705	 0.498847	 0.499006	 0.509757	 0.499824	 0.498869	 0.026925	-0.184248	 0.661780	-0.406502	 0.498898
 0.418639	 0.499705	 0.498847	 0.499006	 0.007719	 0.499824	 0.498869	 0.026948	-0.184248	 0.551137	-0.406502	 0.498898
 0.418643	 0.499705	 0.498847	 0.499006	-0.243300	 0.499824	 0.498869	 0.026959	-0.184248	 0.495815	-0.406502	 0.498898
 0.418645	 0.499705	 0.498847	-0.000994	 0.131191	 0.499824	 0.498869	 0.026965	-0.184248	 0.468154	-0.406502	 0.498898
 0.418646	 0.499705	 0.498847	-0.249992	 0.317425	 0.499824	 0.498869	 0.026968	-0.184248	 0.454324	-0.406502	 0.498898
-0.081354	 0.499705	 0.498847	 0.125509	 0.409535	 0.499824	 0.498869	 0.026969	-0.184248	 0.447409	-0.406502	 0.498898
-0.330191	 0.499705	 0.498847	 0.312257	 0.454586	 0.499824	 0.498869	 0.026970	-0.184248	 0.443951	-0.406502	 0.498898
-0.453451	 0.499705	 0.498847	 0.405632	 0.477112	 0.499824	 0.498869	 0.026970	-0.184248	 0.442222	-0.406502	 0.498898
-0.013928	 0.499705	 0.498847	 0.452319	 0.488375	 0.499824	 0.498869	 0.026971	-0.684248	 0.441358	-0.406502	 0.498898
 0.205834	 0.499705	 0.498847	 0.475662	 0.494006	 0.499824	 0.498869	 0.026971	-0.931880	 0.440926	-0.406502	 0.498898
 0.315715	 0.499705	 0.498847	 0.487334	 0.496822	 0.499824	 0.498869	 0.026971	-0.553337	 0.440709	-0.406502	 0.498898
 0.370655	 0.499705	 0.498847	 0.493170	 0.498230	 0.499824	 0.498869	 0.026971	-0.364065	 0.440601	-0.406502	 0.498898
-0.101875	 0.499705	 0.498847	 0.496088	 0.498934	 0.499824	 0.498869	 0.026971	-0.269429	 0.440547	-0.406502	-0.001102
-0.336991	 0.499705	 0.498847	 0.497547	 0.499286	 0.499824	 0.498869	 0.026971	-0.222111	 0.440520	-0.406502	-0.250100
-0.453405	 0.499705	 0.498847	 0.498276	 0.499462	 0.499824	 0.498869	 0.026971	-0.198452	 0.440507	-0.406502	 0.125401
-0.510472	 0.499705	 0.498847	 0.498641	 0.499550	 0.499824	 0.498869	 0.026971	-0.186623	 0.440500	-0.406502	 0.312150
-0.537871	 0.499705	 0.498847	 0.498824	 0.499594	 0.499824	 0.498869	 0.026971	-0.180708	 0.440497	-0.406502	 0.405524
-0.550439	 0.499705	 0.498847	-0.001085	 0.499616	 0.499824	 0.498869	 0.026971	-0.177751	 0.440495	-0.406502	 0.452212
-0.555598	 0.499705	 0.498847	-0.250038	 0.499627	 0.499824	 0.498869	 0.026971	-0.176272	 0.440494	-0.406502	 0.475555
-0.557055	 0.499705	 0.498847	 0.125486	 0.499632	 0.499824	 0.498869	 0.026971	-0.175533	 0.440494	-0.406502	 0.487227
-0.556667	 0.499705	 0.498847	 0.312246	 0.499635	 0.499824	 0.498869	 0.026971	-0.175163	 0.440494	-0.406502	 0.493063
-0.055361	 0.499705	 0.498847	 0.405626	-0.000364	 0.499824	 0.498869	 0.026971	-0.174978	 0.440493	-0.406502	 0.495981
 0.195293	 0.499705	 0.498847	 0.452316	-0.249362	 0.499824	 0.498869	 0.026971	-0.174886	 0.440493	-0.406502	 0.497440
-0.179381	 0.499705	 0.498847	 0.475661	 0.126139	 0.499824	 0.498869	 0.026971	-0.174839	 0.940493	-0.406502	 0.498169
-0.365609	 0.499705	 0.498847	 0.487333	 0.312886	 0.499824	 0.498869	 0.026971	-0.174816	 1.187612	-0.406502	 0.498534
-0.457620	 0.499705	 0.498847	 0.493170	 0.406259	 0.499824	 0.498869	 0.026971	-0.174805	 1.308302	-0.406502	 0.498716
-0.002526	 0.999705	 0.498847	 0.496088	 0.452946	 0.499824	 0.498869	 0.026971	-0.174799	 0.865789	-0.406502	 0.498808
 0.225021	 1.246706	 0.498847	 0.497547	 0.476289	 0.499824	 0.498869	 0.026971	-0.174796	 0.644533	-0.406502	 0.498853
 0.338795	 0.867219	 0.498847	 0.498276	 0.487961	-0.000176	 0.498869	 0.026971	-0.174795	 0.533905	-0.406502	-0.001124
 0.395681	 0.677475	 0.498847	 0.498641	 0.493797	-0.249175	 0.498869	 0.026971	-0.174794	 0.478591	-0.406502	-0.250110
-0.075875	 0.082603	 0.498847	-0.001177	-0.003285	 0.126325	 0.498869	 0.026971	-0.174794	 0.450934	-0.406502	-0.374604
-0.310559	-0.213808	 0.498847	-0.250083	-0.250826	 0.313071	 0.498869	 0.026971	-0.174793	 0.437105	-0.406502	-0.436850
-0.426810	-0.360993	-0.001153	 0.125463	-0.374596	-0.093555	 0.498869	 0.026971	-0.674793	 0.430191	-0.406502	-0.467974
-0.483849	-0.433569	-0.250151	 0.312234	-0.436481	-0.295868	 0.498869	 0.026971	-0.922444	 0.426734	-0.406502	-0.483535
-0.511287	-0.468845	-0.374650	 0.405620	-0.467423	-0.397025	 0.498869	 0.026971	-1.043929	 0.425005	-0.406502	-0.491316
-0.523929	 0.014525	 0.063101	 0.452313	 0.017105	 0.052397	 0.498869	 0.026971	-0.602340	 0.424141	-0.406502	-0.495206
-0.529177	 0.256210	 0.280975	 0.475659	 0.258366	 0.276104	 0.498869	 0.026971	-0.381546	 0.423709	-0.406502	-0.497152
-0.530731	 0.377053	 0.389911	 0.487333	 0.378997	 0.387958	 0.498869	-0.473029	-0.271149	 0.423493	-0.406502	-0.498124
-0.530444	 0.437474	 0.444380	 0.493169	 0.439312	 0.443884	 0.498869	-0.721083	-0.215951	 0.423385	-0.406502	-0.498611
-0.529241	 0.467685	 0.471614	 0.496087	 0.469470	 0.471848	 0.498869	-0.343172	-0.188351	 0.423331	-0.406502	-0.498854
-0.527583	 0.482790	 0.485231	 0.497547	 0.484549	 0.485830	 0.498869	-0.154216	-0.174552	 0.423304	-0.406502	-0.498975
-0.525702	 0.490343	 0.492040	 0.498276	 0.492088	 0.492820	 0.498869	-0.059738	-0.667652	 0.423290	-0.406502	-0.499036
-0.523714	 0.494119	 0.495444	 0.498641	 0.495858	 0.496316	 0.498869	-0.012500	-0.911880	 0.423283	-0.406502	-0.499066
-0.521676	 0.496007	 0.497146	 0.498823	 0.497743	 0.498064	 0.498869	 0.011120	-1.031683	 0.423280	-0.406502	-0.499082
-0.519618	 0.496951	 0.497997	 0.498915	 0.498685	 0.498937	 0.498869	 0.022930	-1.089281	 0.423278	-0.406502	-0.499089
-0.517554	 0.497423	 0.498423	 0.498960	 0.499156	 0.499374	 0.498869	 0.028835	-1.115786	 0.423277	-0.406502	-0.499093
-0.015491	 0.497659	 0.498635	 0.498983	 0.499392	 0.499593	 0.498869	-0.468213	-0.626754	 0.423277	-0.406502	-0.499095
 0.235541	 0.497777	 0.498742	 0.498994	 0.499510	 0.499702	 0.498869	-0.714806	-0.382238	 0.423277	-0.406502	-0.499096
-0.138944	 0.497836	 0.498795	 0.499000	 0.499569	 0.499757	 0.498869	-0.336180	-0.259980	 0.423277	-0.406502	-0.499096
-0.325159	 0.497866	 0.498822	 0.499003	 0.499598	 0.499784	 0.498869	-0.146867	-0.198851	 0.423277	-0.406502	-0.499097
-0.417244	 0.497881	 0.498835	 0.499004	 0.499613	-0.000202	 0.498869	-0.052211	-0.168286	 0.423277	-0.406502	-0.499097
-0.462268	 0.497888	 0.498841	 0.499005	 0.499620	-0.249195	 0.498869	-0.004882	-0.153004	 0.423277	-0.406502	-0.499097
-0.483765	 0.497892	 0.498845	 0.499005	 0.499624	 0.126308	 0.498869	 0.018782	-0.145363	 0.423277	-0.406502	-0.499097
-0.493503	 0.497894	 0.498846	 0.499006	 0.499626	 0.313057	 0.498869	 0.030614	-0.141543	 0.423277	-0.406502	-0.499097
-0.497366	 0.497894	 0.498847	 0.499006	 0.499627	 0.406431	 0.498869	 0.036530	-0.139632	 0.423277	-0.406502	-0.499097
-0.498294	 0.497895	 0.498848	 0.499006	 0.499627	 0.453118	 0.498869	 0.039488	-0.138677	 0.423277	-0.406502	-0.499097
-0.498759	 0.497895	 0.498848	 0.499006	 0.499627	 0.476461	 0.498869	 0.040967	-0.138200	 0.423277	-0.406502	-0.499097
 0.001009	 0.497895	 0.498848	 0.499006	-0.000373	 0.488133	 0.498869	 0.041707	-0.137961	 0.423277	-0.406502	-0.499097
 0.249891	 0.497895	 0.498848	 0.499006	-0.249372	 0.493969	 0.498869	 0.042076	-0.137841	 0.423277	-0.406502	-0.499097
-0.125668	 0.497895	 0.498848	 0.499006	-0.373871	 0.496887	 0.498869	 0.042261	-0.137782	 0.423277	-0.406502	-0.499097
-0.312445	 0.497895	 0.498848	 0.499006	-0.436121	 0.498346	 0.498869	 0.042354	-0.137752	 0.423277	-0.406502	-0.499097
-0.405833	 0.497895	-0.001152	 0.499006	 0.032754	 0.499075	-0.001131	 0.042400	-0.137737	 0.423277	-0.406502	-0.499097
-0.452527	 0.497895	-0.250150	 0.499006	 0.266188	 0.499440	-0.250128	 0.042423	-0.137729	 0.423277	-0.406502	-0.499097
-0.475874	 0.497895	-0.374648	 0.499006	 0.382905	 0.499622	-0.374627	 0.042434	-0.137726	 0.423277	-0.406502	-0.499097
-0.487548	 0.497895	 0.063102	 0.499006	 0.441264	 0.499714	 0.063123	 0.042440	-0.137724	 0.423277	-0.406502	-0.499097
-0.493385	 0.497895	 0.280976	 0.499006	 0.470443	 0.499759	 0.280997	 0.042443	-0.137723	 0.423277	-0.406502	-0.499097
-0.496303	 0.497895	 0.389913	 0.499006	-0.014967	 0.499782	 0.389934	 0.042445	-0.137722	 0.423277	-0.406502	-0.499097
-0.497762	 0.497895	 0.444381	 0.499006	-0.256671	 0.499793	 0.444402	 0.042445	-0.137722	 0.423277	-0.406502	-0.499097
-0.498492	 0.497895	 0.471615	 0.499006	 0.122476	 0.499799	 0.471636	 0.042446	-0.137722	 0.423277	-0.406502	 0.000903
-0.498857	 0.497895	 0.485232	 0.499006	 0.311047	 0.499802	 0.485253	 0.042446	-0.137722	 0.423277	-0.406502	 0.249901
-0.499039	 0.497895	 0.492041	 0.499006	 0.405332	-0.000197	 0.492062	 0.042446	-0.137722	 0.423277	-0.406502	-0.125600
-0.499130	 0.497895	 0.495445	 0.499006	 0.452475	-0.249196	 0.495466	 0.042446	-0.137722	 0.423277	-0.406502	-0.312348
-0.499176	 0.497895	 0.497147	 0.499006	 0.476046	-0.373695	 0.497168	 0.042446	-0.137722	 0.423277	-0.406502	-0.405722
-0.499199	 0.497895	 0.497998	 0.499006	 0.487832	 0.064055	 0.498019	 0.042446	-0.137722	 0.423277	-0.406502	 0.047591
-0.499210	 0.497895	 0.498424	 0.499006	 0.493725	 0.281927	 0.498445	 0.042446	-0.137722	 0.423277	-0.406502	 0.273246
-0.499216	 0.497895	 0.498637	 0.499006	 0.496671	 0.390863	 0.498658	 0.042446	-0.137722	 0.423277	-0.406502	 0.386073
-0.499219	 0.497895	 0.498743	 0.499006	 0.498144	 0.445330	 0.498764	 0.042446	-0.137722	 0.423277	-0.406502	 0.442487
-0.499220	 0.497895	 0.498796	 0.499006	 0.498881	 0.472564	 0.498817	 0.042446	-0.137722	 0.423277	-0.406502	 0.470693
-0.499221	 0.497895	 0.498823	 0.499006	 0.499249	 0.486181	 0.498844	 0.042446	-0.137722	 0.423277	-0.406502	 0.484797
-0.499221	 0.497895	 0.498836	 0.499006	-0.000567	 0.492990	 0.498857	 0.042446	-0.137722	 0.423277	-0.406502	 0.491849
-0.499221	 0.497895	 0.498843	 0.499006	-0.249474	 0.496394	 0.498864	 0.042446	-0.137722	 0.423277	-0.406502	 0.495374
-0.499221	 0.497895	 0.498846	 0.499006	-0.373927	 0.498096	 0.498867	 0.042446	-0.137722	 0.423277	-0.406502	 0.497137
 0.000779	 0.497895	 0.498848	 0.499006	 0.063846	 0.498947	-0.501131	 0.042446	-0.137722	 0.423277	-0.406502	 0.498019
 0.249777	 0.497895	 0.498848	 0.499006	 0.281729	 0.499373	-0.998128	 0.042446	-0.137722	 0.423277	-0.406502	 0.498460
 0.374276	 0.497895	 0.498849	 0.499006	-0.109329	 0.499586	-0.243636	 0.042446	-0.137722	 0.923277	-0.406502	 0.498680
 0.436526	 0.497895	 0.498849	 0.499006	-0.303857	 0.499692	 0.132588	 0.042446	-0.137722	 1.170430	-0.406502	 0.498790
 0.467651	 0.497895	 0.498849	 0.499006	 0.098878	 0.499745	 0.319682	 0.042446	-0.137722	 0.791172	-0.406502	 0.498845
 0.483213	 0.497895	 0.498849	 0.499006	 0.299243	 0.499772	 0.412216	 0.042446	-0.137722	 0.601542	-0.406502	 0.498873
-0.009006	 0.497895	 0.498849	 0.499006	 0.399425	 0.499785	 0.457473	 0.042446	-0.137722	 0.506728	-0.406502	 0.498887
-0.254113	 0.497895	 0.498849	 0.499006	 0.449517	 0.499792	 0.479096	 0.042446	-0.137722	 0.459320	-0.406502	 0.498893
-0.376666	 0.497895	 0.498849	 0.499006	 0.474562	 0.499795	 0.488907	 0.042446	-0.137722	 0.435617	-0.406502	 0.498897
 0.062057	 0.497895	 0.498849	 0.499006	 0.487085	 0.499797	 0.493812	 0.042446	-0.137722	 0.423765	-0.406502	 0.498899
 0.280417	 0.497895	 0.498849	 0.499006	 0.493346	 0.499798	 0.496264	 0.042446	-0.137722	 0.417839	-0.406502	 0.498899
-0.110403	 0.497895	 0.498849	 0.499006	 0.496477	 0.499798	 0.497491	 0.042446	-0.137722	 0.414876	-0.406502	 0.498900
-0.304810	 0.497895	 0.498849	 0.499006	 0.498042	 0.499798	 0.498104	 0.042446	-0.137722	 0.413395	-0.406502	 0.498900
-0.402014	 0.497895	 0.498849	 0.499006	 0.498825	 0.499798	 0.498410	 0.042446	-0.137722	 0.412654	-0.406502	 0.498900
-0.450616	 0.497895	 0.498849	 0.499006	 0.499216	 0.499798	 0.498564	 0.042446	-0.137722	 0.412283	-0.406502	 0.498900
-0.474917	 0.497895	 0.498849	 0.499006	 0.499412	 0.499798	 0.498640	 0.042446	-0.137722	 0.412098	-0.406502	 0.498900
-0.487067	 0.497895	 0.498849	 0.499006	 0.499510	 0.499798	 0.498678	 0.042446	-0.137722	 0.412006	-0.406502	 0.498900
-0.493143	 0.497895	 0.498849	 0.499006	 0.499559	 0.499798	 0.498698	 0.042446	-0.137722	 0.411959	-0.406502	 0.498900
-0.496180	 0.497895	 0.498849	 0.499006	 0.499583	 0.499798	 0.498707	 0.042446	-0.137722	 0.411936	-0.406502	 0.498900
-0.497699	 0.497895	 0.498849	 0.499006	 0.499595	 0.499798	 0.498712	 0.042446	-0.137722	 0.411925	-0.406502	 0.498900
 0.001541	 0.497895	 0.498849	 0.499006	 0.499602	 0.499798	 0.498714	 0.042446	-0.137722	 0.411919	-0.406502	 0.498900
 0.250160	 0.497895	 0.498849	 0.499006	 0.499605	 0.499798	 0.498716	 0.042446	-0.137722	 0.411916	-0.406502	 0.498900
 0.374470	 0.497895	 0.498849	 0.499006	 0.499606	 0.499798	 0.498716	 0.042446	-0.137722	 0.411915	-0.406502	 0.498900
 0.436624	 0.497895	 0.498849	 0.499006	 0.499607	 0.499798	 0.498716	 0.042446	-0.137722	 0.411914	-0.406502	 0.498900
-0.032298	 0.497895	 0.498849	-0.000994	 0.499607	 0.499798	 0.498717	 0.042446	-0.137722	 0.411913	-0.406502	 0.498900
-0.265757	 0.497895	 0.498849	-0.249992	 0.499608	 0.499798	 0.498717	 0.042446	-0.137722	 0.411913	-0.406502	 0.498900
-0.382487	 0.497895	 0.498849	-0.374491	 0.499608	 0.499798	 0.498717	 0.042446	-0.137722	 0.411913	-0.406502	 0.498900
 0.059149	 0.497895	 0.498849	 0.063259	 0.499608	 0.499798	 0.498717	 0.042446	-0.137722	 0.411913	-0.406502	 0.498900
 0.278965	 0.497895	 0.498849	 0.281132	 0.499608	 0.499798	 0.498717	 0.042446	-0.137722	 0.411913	-0.406502	 0.498900
 0.388873	 0.497895	 0.498849	 0.390069	-0.000392	 0.499798	 0.498717	 0.042446	-0.137722	 0.411913	-0.406502	 0.498900
 0.443827	 0.497895	 0.498849	 0.444537	-0.249391	 0.499798	 0.498717	 0.042446	-0.137722	 0.411913	-0.406502	 0.498900
 0.471304	 0.497895	 0.498849	 0.471772	 0.126109	 0.499798	 0.498717	 0.042446	-0.137722	 0.411913	-0.406502	 0.498900
 0.485042	 0.497895	 0.498849	 0.485389	 0.312856	 0.499798	 0.498717	 0.042446	-0.137722	 0.411913	-0.406502	 0.498900
 0.491911	 0.497895	 0.498849	 0.492197	 0.406229	-0.000202	 0.498717	 0.042446	-0.137722	 0.911913	-0.406502	 0.498900
 0.495346	 0.497895	 0.498849	 0.495601	 0.452916	-0.249201	 0.498717	 0.042446	-0.137722	 1.159089	-0.406502	 0.498900
 0.497063	 0.497895	 0.498849	 0.497304	 0.476259	-0.373701	 0.498717	 0.042446	-0.137722	 1.279865	-0.406502	 0.498900
-0.002078	 0.497895	 0.498849	 0.498155	 0.487931	 0.064049	 0.498717	 0.042446	-0.137722	 0.837451	-0.406502	 0.498900
-0.250646	 0.497895	 0.498849	 0.498580	 0.493767	 0.281921	 0.498717	 0.042446	-0.137722	 0.616245	-0.406502	 0.498900
-0.374930	 0.497895	 0.498849	 0.498793	 0.496685	 0.390856	 0.498717	 0.042446	-0.137722	 0.505641	-0.406502	 0.498900
-0.437072	 0.497895	 0.498849	 0.498899	 0.498144	 0.445324	 0.498717	 0.042446	-0.137722	 0.450339	-0.406502	 0.498900
-0.468143	 0.497895	 0.498849	 0.498952	 0.498873	 0.472558	 0.498717	 0.042446	-0.137722	 0.922689	-0.406502	 0.498900
-0.483679	 0.497895	 0.498849	 0.498979	 0.499238	 0.486175	 0.498717	 0.042446	-0.137722	 1.156073	-0.406502	 0.498900
-0.491447	 0.497895	 0.498849	 0.498992	 0.499420	 0.492983	 0.498717	 0.042446	-0.137722	 0.769986	-0.406502	 0.498900
-0.495331	 0.497895	 0.498849	 0.498999	 0.499512	 0.496388	 0.498717	 0.042446	-0.137722	 0.576943	-0.406502	 0.498900
-0.497272	 0.497895	 0.498849	 0.499002	 0.499557	 0.498090	 0.498717	 0.042446	-0.137722	 0.480421	-0.406502	 0.498900
 0.001757	 0.497895	 0.498849	 0.499004	 0.499580	 0.498941	 0.498717	 0.042446	-0.137722	 0.432161	-0.406502	-0.001100
 0.250269	 0.497895	 0.498849	 0.499005	 0.499591	 0.499366	 0.498717	 0.042446	-0.137722	 0.408030	-0.406502	-0.250097
 0.374526	 0.497895	 0.498849	 0.499005	 0.499597	 0.499579	 0.498717	 0.042446	-0.137722	 0.395965	-0.406502	 0.125404
 0.436654	 0.497895	 0.498849	 0.499005	 0.499600	 0.499686	 0.498717	 0.042446	-0.137722	 0.389932	-0.406502	 0.312152
-0.032282	 0.497895	 0.498849	 0.499006	 0.499601	-0.000261	 0.498717	 0.042446	-0.137722	 0.386916	-0.406502	 0.405527
-0.265747	 0.497895	 0.498849	 0.499006	 0.499602	-0.249234	 0.498717	 0.042446	-0.137722	 0.385408	-0.406502	 0.452214
-0.382480	 0.497895	 0.498849	 0.499006	 0.499603	 0.126279	 0.498717	 0.042446	-0.637722	 0.384654	-0.406502	 0.475557
-0.440846	 0.497895	 0.498849	 0.499006	 0.499603	 0.313032	 0.498717	 0.042446	-0.885447	 0.384277	-0.406502	 0.487229
-0.470029	 0.497895	 0.498849	 0.499006	 0.499603	 0.406409	 0.498717	 0.042446	-1.007042	 0.384088	-0.406502	 0.493065
-0.484621	 0.497895	 0.498849	 0.499006	 0.499603	 0.453097	 0.498717	 0.042446	-0.565583	 0.383994	-0.406502	 0.495983
-0.491917	 0.497895	 0.498849	 0.499006	 0.499603	 0.476441	 0.498717	 0.042446	-0.344854	 0.383947	-0.406502	 0.497442
-0.495565	 0.497895	 0.498849	 0.499006	-0.000397	 0.488114	 0.498717	 0.042446	-0.234489	 0.383923	-0.406502	 0.498172
-0.497389	 0.497895	 0.498849	 0.499006	-0.249396	 0.493950	 0.498717	 0.042446	-0.179306	 0.383912	-0.406502	 0.498536
-0.498301	 0.497895	 0.498849	 0.499006	 0.126104	 0.496868	 0.498717	 0.042446	-0.151715	 0.883906	-0.406502	 0.498719
-0.498757	 0.497895	 0.498849	 0.499006	 0.312851	 0.498327	 0.498717	 0.042446	-0.137919	 1.131135	-0.406502	 0.498810
-0.498985	 0.497895	 0.498849	 0.499006	 0.406225	 0.499056	 0.498717	 0.042446	-0.131022	 0.751993	-0.406502	 0.498855
-0.499099	 0.497895	 0.498849	 0.499006	 0.452911	 0.499421	 0.498717	 0.042446	-0.127573	 0.562422	-0.406502	 0.498878
-0.499156	 0.497895	 0.498849	 0.499006	 0.476255	 0.499603	 0.498717	 0.042446	-0.125848	 0.467636	-0.406502	 0.498890
 0.000816	 0.497895	 0.498849	 0.499006	 0.487926	 0.499694	 0.498717	 0.042446	-0.124986	 0.420244	-0.406502	 0.498895
 0.249800	 0.497895	 0.498849	 0.499006	 0.493762	 0.499740	 0.498717	 0.042446	-0.124555	 0.396547	-0.406502	 0.498898
-0.125708	 0.497895	 0.498849	 0.499006	 0.496680	 0.499763	 0.498717	 0.042446	-0.124339	 0.384699	-0.406502	 0.498900
-0.312459	 0.497895	 0.498849	 0.499006	 0.498139	 0.499774	 0.498717	 0.042446	-0.124232	 0.378775	-0.406502	 0.498900
-0.405835	 0.497895	 0.498849	 0.499006	 0.498869	 0.499780	 0.498717	 0.042446	-0.124178	 0.375813	-0.406502	 0.498901
-0.452523	 0.497895	 0.498849	 0.499006	 0.499233	 0.499783	 0.498717	 0.042446	-0.124151	 0.374332	-0.406502	 0.498901
-0.475867	 0.497895	 0.498849	 0.499006	 0.499416	 0.499784	 0.498717	 0.042446	-0.124137	 0.873591	-0.406502	 0.498901
-0.487539	 0.497895	 0.498849	 0.499006	 0.499507	 0.499785	 0.498717	 0.042446	-0.124131	 1.120475	-0.406502	 0.498901
 0.006625	 0.497895	 0.498849	 0.499006	-0.000448	 0.499785	 0.498717	 0.042446	-0.124127	 0.741183	-0.406502	 0.498901
 0.252705	 0.497895	 0.498849	 0.499006	-0.249424	 0.499785	 0.498717	 0.042446	-0.124126	 0.551536	-0.406502	 0.498901
 0.375746	 0.497895	 0.498849	 0.499006	-0.373912	 0.499786	 0.498717	 0.042446	-0.124125	 0.456713	-0.406502	 0.498901
-0.062734	 0.497895	 0.498849	 0.499006	 0.063844	 0.499786	 0.498717	 0.042446	-0.124124	 0.909302	-0.406502	 0.498901
-0.280972	 0.497895	 0.498849	 0.499006	 0.281718	 0.499786	 0.498717	 0.042446	-0.124124	 1.132872	-0.406502	 0.498901
-0.390091	 0.497895	 0.498849	 0.499006	 0.390656	 0.499786	 0.498717	 0.042446	-0.124124	 0.741944	-0.406502	 0.498901
-0.444650	 0.497895	 0.498849	 0.499006	 0.445125	 0.499786	 0.498717	 0.042446	-0.124124	 0.546480	-0.406502	 0.498901
-0.471930	 0.497895	 0.498849	 0.499006	 0.472359	 0.499786	 0.498717	 0.042446	-0.124124	 0.448749	-0.406502	 0.498901
-0.485569	 0.497895	 0.498849	 0.499006	 0.485976	 0.499786	 0.498717	 0.042446	-0.124124	 0.399883	-0.406502	 0.498901
-0.492389	 0.497895	 0.498849	 0.499006	 0.492785	 0.499786	 0.498717	 0.042446	-0.124124	 0.375450	-0.406502	 0.498901
-0.495799	 0.497895	 0.498849	 0.499006	 0.496189	 0.499786	 0.498717	 0.042446	-0.124124	 0.363233	-0.406502	 0.498901
-0.497504	 0.497895	 0.498849	 0.499006	 0.497891	 0.499786	 0.498717	 0.042446	-0.124124	 0.357125	-0.406502	 0.498901
-0.498357	 0.497895	 0.498849	 0.499006	-0.001258	 0.499786	 0.498717	 0.042446	-0.124124	 0.354071	-0.406502	 0.498901
-0.498783	 0.497895	 0.498849	 0.499006	-0.249831	 0.499786	 0.498717	 0.042446	-0.124124	 0.352544	-0.406502	 0.498901
 0.001004	 0.497895	 0.498849	 0.499006	 0.125882	 0.499786	 0.498717	 0.042446	-0.124124	 0.351780	-0.406502	 0.498901
 0.249896	 0.497895	 0.498849	 0.499006	 0.312735	 0.499786	 0.498717	 0.042446	-0.124124	 0.351398	-0.406502	 0.498901
-0.125658	 0.497895	 0.498849	 0.499006	 0.406162	 0.499786	 0.498717	 0.042446	-0.124124	 0.351207	-0.406502	 0.498901
-0.312433	 0.497895	 0.498849	 0.499006	 0.452875	 0.499786	 0.498717	 0.042446	-0.124124	 0.351112	-0.406502	 0.498901
 0.094180	 0.497895	 0.498849	 0.499006	 0.476232	 0.499786	 0.498717	 0.042446	-0.124124	 0.851064	-0.406502	 0.498901
 0.296484	 0.497895	 0.498849	 0.499006	 0.487910	 0.499786	 0.498717	 0.042446	-0.124124	 1.098338	-0.406502	 0.498901
 0.397637	 0.497895	 0.498849	 0.499006	 0.493749	 0.499786	 0.498717	 0.042446	-0.124124	 1.219284	-0.406502	 0.498901
-0.051787	 0.497895	 0.498849	 0.499006	-0.003331	 0.499786	 0.498717	 0.042446	-0.124124	 0.777077	-0.406502	 0.498901
-0.275496	 0.497895	 0.498849	 0.499006	-0.250870	 0.499786	 0.498717	 0.042446	-0.124124	 0.555973	-0.406502	 0.498901
-0.387351	 0.497895	 0.498849	 0.499006	 0.125360	 0.499786	 0.498717	 0.042446	-0.124124	 0.445421	-0.406502	 0.498901
-0.443279	 0.497895	 0.498849	 0.499006	 0.312472	 0.499786	 0.498717	 0.042446	-0.124124	 0.390145	-0.406502	 0.498901
-0.471242	 0.497895	 0.498849	 0.499006	 0.406028	 0.499786	 0.498717	 0.042446	-0.124124	 0.862507	-0.406502	 0.498901
-0.485224	 0.497895	 0.498849	 0.499006	 0.452806	 0.499786	 0.498717	 0.042446	-0.124124	 1.096018	-0.406502	 0.498901
-0.492215	 0.497895	 0.498849	 0.499006	 0.476195	 0.499786	 0.498717	 0.042446	-0.124124	 0.710115	-0.406502	 0.498901
-0.495710	 0.497895	 0.498849	 0.499006	 0.487889	 0.499786	 0.498717	 0.042446	-0.124124	 0.517163	-0.406502	 0.498901
-0.497458	 0.497895	 0.498849	 0.499006	 0.493737	 0.499786	 0.498717	 0.042446	-0.124124	 0.420687	-0.406502	 0.498901
-0.498332	 0.497895	 0.498849	 0.499006	 0.496660	 0.499786	 0.498717	 0.042446	-0.124124	 0.372449	-0.406502	 0.498901
-0.498769	 0.497895	 0.498849	 0.499006	 0.498122	 0.499786	 0.498717	 0.042446	-0.124124	 0.348331	-0.406502	 0.498901
-0.498987	 0.497895	 0.498849	 0.499006	 0.498853	 0.499786	 0.498717	 0.042446	-0.124124	 0.336271	-0.406502	 0.498901
-0.499097	 0.497895	 0.498849	 0.499006	 0.499218	 0.499786	 0.498717	 0.042446	-0.124124	 0.330241	-0.406502	 0.498901
-0.499151	 0.497895	 0.498849	 0.499006	 0.499401	 0.499786	 0.498717	 0.042446	-0.124124	 0.327226	-0.406502	 0.498901
-0.499179	 0.497895	 0.498849	 0.499006	 0.499492	 0.499786	 0.498717	 0.042446	-0.124124	 0.325719	-0.406502	 0.498901
 0.000808	 0.497895	 0.498849	 0.499006	-0.000462	 0.499786	 0.498717	 0.042446	-0.124124	 0.824965	-0.406502	 0.498901
 0.249799	 0.497895	 0.498849	 0.499006	-0.249438	 0.499786	 0.498717	 0.042446	-0.124124	 1.071940	-0.406502	 0.498901
 0.374295	 0.497895	 0.498849	 0.499006	-0.373926	 0.499786	 0.498717	 0.042446	-0.124124	 1.192790	-0.406502	 0.498901
-0.063457	 0.497895	 0.498849	 0.499006	 0.063830	 0.499786	 0.498717	 0.042446	-0.124124	 1.250587	-0.406502	 0.498901
-0.281331	 0.497895	 0.498849	 0.499006	 0.281704	 0.499786	 0.498717	 0.042446	-0.124124	 1.276869	-0.406502	 0.498901
 0.109733	 0.497895	 0.498849	 0.499006	 0.390642	 0.499786	 0.498717	 0.042446	-0.124124	 0.787404	-0.406502	 0.498901
 0.304263	 0.497895	 0.498849	 0.499006	 0.445110	 0.499786	 0.498717	 0.042446	-0.124124	 0.542671	-0.406502	 0.498901
-0.098472	 0.497895	 0.498849	 0.499006	 0.472345	-0.000214	 0.498717	 0.042446	-0.124124	 0.420305	-0.406502	 0.498901
-0.298838	 0.497895	 0.498849	 0.499006	 0.485962	-0.249214	 0.498717	 0.042446	-0.124124	 0.359122	-0.406502	 0.498901
-0.399020	 0.497895	 0.498849	 0.499006	 0.492771	 0.126286	 0.498717	 0.042446	-0.124124	 0.828530	-0.406502	 0.498901
-0.449111	 0.497895	 0.498849	 0.499006	 0.496175	 0.313033	 0.498717	 0.042446	-0.124124	 1.060638	-0.406502	 0.498901
-0.474157	 0.497895	 0.498849	 0.499006	 0.497877	 0.406406	 0.498717	 0.042446	-0.124124	 1.174107	-0.406502	 0.498901
-0.486680	 0.497895	 0.498849	-0.000994	 0.498728	 0.453093	 0.498717	 0.042446	-0.124124	 0.728266	-0.406502	 0.498901
-0.492941	 0.497895	 0.498849	-0.249992	 0.499154	 0.476436	 0.498717	 0.042446	-0.124124	 0.505346	-0.406502	 0.498901
-0.496072	 0.497895	 0.498849	 0.125509	 0.499366	 0.488108	 0.498717	 0.042446	-0.124124	 0.393886	-0.406502	 0.498901
-0.497637	 0.497895	 0.498849	 0.312257	 0.499473	 0.493944	 0.498717	 0.042446	-0.124124	 0.338155	-0.406502	 0.498901
-0.498420	 0.497895	 0.498849	 0.405631	 0.499526	 0.496861	 0.498717	 0.042446	-0.124124	 0.310290	-0.406502	-0.001099
-0.498811	 0.497895	 0.498849	 0.452319	 0.499553	 0.498320	 0.498717	 0.042446	-0.124124	 0.296358	-0.406502	-0.250097
-0.499007	 0.497895	 0.498849	 0.475662	 0.499566	 0.499050	 0.498717	 0.042446	-0.124124	 0.789392	-0.406502	 0.125404
-0.499105	 0.497895	 0.498849	 0.487334	 0.499572	 0.499415	 0.498717	 0.042446	-0.124124	 1.033344	-0.406502	 0.312153
-0.499154	 0.497895	 0.498849	 0.493170	 0.499576	 0.499597	 0.498717	 0.042446	-0.124124	 1.152765	-0.406502	 0.405527
-0.499178	 0.497895	 0.498849	 0.496088	 0.499577	 0.499688	 0.498717	 0.042446	-0.124124	 0.709931	-0.406502	 0.452215
-0.499190	 0.497895	 0.498849	 0.497547	 0.499578	 0.499734	 0.498717	 0.042446	-0.124124	 0.488515	-0.406502	 0.475558
-0.499196	 0.497895	 0.498849	 0.498276	 0.499579	 0.499757	 0.498717	 0.042446	-0.124124	 0.377806	-0.406502	 0.487230
-0.499200	 0.497895	 0.498849	 0.498641	 0.499579	 0.499768	 0.498717	 0.042446	-0.124124	 0.322452	-0.406502	 0.493066
-0.499201	 0.497895	 0.498849	 0.498823	 0.499579	 0.499774	 0.498717	 0.042446	-0.124124	 0.794775	-0.406502	 0.495984
-0.499202	 0.497895	 0.498849	 0.498914	 0.499579	 0.499776	 0.498717	 0.042446	-0.124124	 1.028402	-0.406502	 0.497443
-0.499202	 0.497895	 0.498849	 0.498960	 0.499579	 0.499778	 0.498717	 0.042446	-0.124124	 1.142692	-0.406502	 0.498172
-0.499202	 0.497895	 0.498849	 0.498983	 0.499579	 0.499779	 0.498717	 0.042446	-0.124124	 1.197322	-0.406502	 0.498537
-0.499203	 0.497895	 0.498849	 0.498994	 0.499579	 0.499779	 0.498717	 0.042446	-0.124124	 1.222134	-0.406502	 0.498719
 0.000797	 0.497895	 0.498849	 0.499000	 0.499579	-0.000221	 0.498717	 0.042446	-0.124124	 0.732046	-0.406502	 0.498811
 0.249796	 0.497895	 0.498849	 0.499003	 0.499579	-0.249220	 0.498717	 0.042446	-0.124124	 0.487002	-0.406502	 0.498856
-0.125705	 0.497895	 0.498849	 0.499004	 0.499579	 0.126280	 0.498717	 0.042446	-0.124124	 0.864480	-0.406502	 0.498879
-0.312453	 0.497895	 0.498849	 0.499005	 0.499579	 0.313027	 0.498717	 0.042446	-0.124124	 1.050735	-0.406502	 0.498890
 0.094173	 0.497895	 0.498849	 0.499005	 0.999579	 0.406400	 0.498717	 0.042446	-0.124124	 1.141388	-0.406502	 0.498896
 0.296484	 0.497895	 0.498849	 0.499005	 1.246580	 0.453086	 0.498717	 0.042446	-0.124124	 1.184251	-0.406502	 0.498899
 0.397640	 0.497895	 0.498849	 0.499006	 0.867093	 0.476430	 0.498717	 0.042446	-0.124124	 0.703228	-0.406502	 0.498900
 0.448218	 0.497895	 0.498849	 0.499006	 0.677350	 0.488101	 0.498717	 0.042446	-0.124124	 0.462717	-0.406502	 0.498901
 0.473507	 0.497895	 0.498849	 0.499006	 0.582478	 0.493937	 0.498717	 0.042446	-0.124124	 0.342461	-0.406502	 0.498902
 0.486151	 0.497895	 0.498849	 0.499006	 0.535042	 0.496855	 0.498717	 0.042446	-0.124124	 0.282333	-0.406502	 0.498902
 0.492474	 0.497895	 0.498849	 0.499006	 0.511324	 0.498314	 0.498717	 0.042446	-0.124124	 0.252269	-0.406502	 0.498902
-0.004365	 0.497895	 0.498849	 0.499006	 0.499465	 0.499044	 0.498717	 0.042446	-0.124124	 0.237237	-0.406502	 0.498902
-0.251782	 0.497895	 0.498849	 0.499006	 0.493536	 0.499408	 0.498717	 0.042446	-0.124124	 0.229721	-0.406502	 0.498902
-0.375491	 0.497895	 0.498849	 0.499006	 0.490571	 0.499591	 0.498717	 0.042446	-0.124124	 0.225963	-0.406502	 0.498902
-0.437345	 0.497895	 0.498849	 0.499006	 0.489089	 0.499682	 0.498717	 0.042446	-0.124124	 0.224084	-0.406502	 0.498902
 0.031728	 0.497895	 0.498849	 0.499006	 0.488348	 0.499728	 0.498717	 0.042446	-0.124124	 0.223145	-0.406502	 0.498902
 0.265263	 0.497895	 0.498849	 0.499006	 0.487977	 0.499750	 0.498717	 0.042446	-0.124124	 0.222675	-0.406502	 0.498902
-0.117970	 0.497895	 0.498849	 0.499006	 0.487792	 0.499762	 0.498717	 0.042446	-0.124124	 0.222440	-0.406502	 0.498902
-0.308584	 0.497895	 0.498849	 0.499006	 0.487699	 0.499767	 0.498717	 0.042446	-0.124124	 0.222323	-0.406502	 0.498902
-0.403891	 0.497895	 0.498849	 0.499006	 0.487653	 0.499770	 0.498717	 0.042446	-0.124124	 0.222264	-0.406502	 0.498902
-0.451544	 0.497895	 0.498849	 0.499006	 0.487630	 0.499772	 0.498717	 0.042446	-0.624124	 0.222235	-0.406502	 0.498902
-0.475371	 0.497895	 0.498849	 0.499006	 0.487618	 0.499772	 0.498717	 0.042446	-0.871876	 0.222220	-0.406502	 0.498902
 0.012716	 0.497895	 0.498849	 0.499006	 0.487612	 0.499773	 0.498717	 0.042446	-0.493512	 0.222213	-0.406502	 0.498902
 0.255757	 0.497895	 0.498849	 0.499006	 0.487609	 0.499773	 0.498717	 0.042446	-0.304331	 0.222209	-0.406502	 0.498902
-0.122722	 0.497895	 0.498849	 0.499006	 0.487608	 0.499773	 0.498717	 0.042446	-0.209740	 0.722207	-0.406502	 0.498902
-0.310959	 0.497895	 0.498849	 0.499006	 0.487607	 0.499773	 0.498717	 0.042446	-0.162444	 0.969762	-0.406502	 0.498902
 0.094922	 0.497895	 0.498849	 0.499006	 0.987607	 0.499773	 0.498717	 0.042446	-0.138797	 0.591104	-0.406502	 0.498902
 0.296862	 0.497895	 0.498849	 0.499006	 1.234631	 0.499773	 0.498717	 0.042446	-0.126973	 0.401776	-0.406502	 0.498902
 0.397831	 0.497895	 0.498849	 0.499006	 1.355180	 0.499773	 0.498717	 0.042446	-0.121061	 0.307111	-0.406502	 0.498902
 0.448316	 0.497895	 0.498849	 0.499006	 0.912503	 0.499773	 0.498717	 0.042446	-0.118105	 0.259779	-0.406502	 0.498902
 0.473558	 0.497895	 0.498849	 0.499006	 0.691165	 0.499773	 0.498717	 0.042446	-0.116627	 0.236113	-0.406502	 0.498902
 0.486179	 0.497895	 0.498849	 0.499006	 0.580496	 0.499773	 0.498717	 0.042446	-0.115888	 0.724280	-0.406502	 0.498902
 0.492490	 0.497895	 0.498849	 0.499006	 0.525161	 0.499773	 0.498717	 0.042446	-0.115518	 0.965939	-0.406502	 0.498902
-0.004355	 0.497895	 0.498849	 0.999006	 0.497494	 0.499773	 0.498717	 0.042446	-0.115334	 0.584353	-0.406502	 0.498902
-0.251775	 0.497895	 0.498849	 1.246008	 0.483660	 0.499773	 0.498717	 0.042446	-0.115241	 0.393560	-0.406502	 0.498902
-0.375485	 0.497895	 0.498849	 0.866523	 0.476743	 0.499773	 0.498717	 0.042446	-0.115195	 0.298163	-0.406502	 0.498902
-0.437340	 0.497895	 0.498849	 0.676780	 0.473285	 0.499773	 0.498717	 0.042446	-0.115172	 0.250465	-0.406502	 0.498902
-0.468267	 0.497895	 0.498849	 0.581909	 0.471556	 0.499773	 0.498717	 0.042446	-0.115160	 0.226616	-0.406502	 0.498902
-0.483731	 0.497895	 0.498849	 0.534473	 0.470691	 0.499773	 0.498717	 0.042446	-0.115155	 0.214692	-0.406502	 0.498902
-0.491463	 0.497895	 0.498849	 0.510755	 0.470259	 0.499773	 0.498717	 0.042446	-0.115152	 0.208729	-0.406502	 0.498902
-0.495329	 0.497895	 0.498849	 0.498896	 0.470043	 0.499773	 0.498717	 0.042446	-0.115150	 0.205748	-0.406502	 0.498902
-0.497262	 0.497895	 0.498849	 0.492967	 0.469935	 0.499773	 0.498717	 0.042446	-0.115150	 0.204258	-0.406502	 0.498902
-0.498228	 0.497895	 0.498849	 0.490002	 0.469881	 0.499773	 0.498717	 0.042446	-0.115149	 0.703512	-0.406502	 0.498902
-0.498711	 0.497895	 0.498849	 0.488520	 0.469854	 0.499773	 0.498717	 0.042446	-0.115149	 0.950734	-0.406502	 0.498902
-0.498953	 0.497895	 0.498849	 0.487779	 0.469840	 0.499773	 0.498717	 0.042446	-0.115149	 0.571949	-0.406502	 0.498902
-0.499074	 0.497895	 0.498849	 0.487408	 0.469833	 0.499773	 0.498717	 0.042446	-0.115149	 0.382557	-0.406502	 0.498902
-0.499134	 0.497895	 0.498849	 0.487223	 0.469830	 0.499773	 0.498717	 0.042446	-0.115149	 0.287860	-0.406502	 0.498902
-0.499164	 0.497895	 0.498849	 0.487130	 0.469828	 0.499773	 0.498717	 0.042446	-0.115149	 0.240512	-0.406502	 0.498902
-0.499179	 0.497895	 0.498849	 0.487084	 0.469827	 0.499773	 0.498717	 0.042446	-0.115149	 0.216838	-0.406502	 0.498902
-0.499187	 0.497895	 0.498849	 0.487061	 0.969827	 0.499773	 0.498717	 0.042446	-0.115149	 0.205001	-0.406502	-0.001098
-0.499191	 0.497895	 0.498849	 0.487049	 1.216887	 0.499773	 0.498717	 0.042446	-0.115149	 0.199083	-0.406502	-0.250096
-0.499193	 0.497895	 0.498849	 0.487043	 0.837489	 0.499773	 0.498717	 0.042446	-0.115149	 0.196123	-0.406502	 0.125405
-0.499194	 0.497895	 0.498849	 0.487040	 0.647790	 0.499773	 0.498717	 0.042446	-0.115149	 0.194644	-0.406502	 0.312154
-0.499194	 0.497895	 0.498849	 0.487039	 0.552941	 0.499773	 0.498717	 0.042446	-0.115149	 0.693904	-0.406502	 0.405528
-0.499194	 0.497895	 0.498849	 0.487038	 0.505516	 0.499773	 0.498717	 0.042446	-0.115149	 0.941148	-0.406502	 0.452215
-0.499194	 0.497895	 0.498849	 0.487038	 0.481804	 0.499773	 0.498717	 0.042446	-0.115149	 1.062393	-0.406502	 0.475559
 0.000805	 0.497895	 0.498849	 0.487038	 0.469948	 0.499773	 0.498717	 0.042446	-0.115149	 0.620648	-0.406502	 0.487231
 0.249804	 0.497895	 0.498849	 0.487038	 0.464019	 0.499773	 0.498717	 0.042446	-0.115149	 0.399776	-0.406502	 0.493067
-0.125697	 0.497895	 0.498849	 0.487038	 0.461055	 0.499773	 0.498717	 0.042446	-0.615149	 0.289339	-0.406502	 0.495985
-0.312445	 0.497895	 0.498849	 0.487038	 0.459573	 0.499773	 0.498717	 0.042446	-0.862919	 0.234121	-0.406502	 0.497444
 0.094181	 0.497895	 0.498849	 0.487038	 0.958832	 0.499773	 0.498717	 0.042446	-0.484582	 0.206512	-0.406502	 0.498173
 0.296492	 0.497895	 0.498849	 0.487038	 1.205546	 0.499773	 0.498717	 0.042446	-0.295414	 0.192708	-0.406502	 0.498538
-0.102352	 0.497895	 0.498849	 0.487038	 0.825998	-0.000227	 0.498717	 0.042446	-0.200830	 0.685806	-0.406502	 0.498720
-0.300772	 0.497895	 0.498849	 0.487038	 0.636224	-0.249226	 0.498717	 0.042446	-0.153538	 0.929997	-0.406502	 0.498811
-0.399982	 0.497895	 0.498849	 0.487038	 0.541337	-0.373726	 0.498717	 0.042446	-0.129892	 1.049744	-0.406502	 0.498857
 0.050413	 0.497895	 0.498849	-0.012962	 0.493893	 0.064024	 0.498717	 0.042446	-0.118069	 0.607278	-0.406502	 0.498880
 0.274609	 0.497895	 0.498849	-0.261937	 0.470172	 0.281895	 0.498717	 0.042446	-0.112157	 0.386046	-0.406502	 0.498891
-0.113293	 0.497895	 0.498849	 0.614598	 0.458311	 0.390831	 0.498717	 0.042446	-0.109201	 0.275429	-0.406502	 0.498897
-0.306241	 0.497895	 0.498849	 1.049883	 0.452380	 0.445299	 0.498717	 0.042446	-0.107723	 0.220121	-0.406502	 0.498900
-0.402716	 0.497895	 0.498849	 0.764556	 0.449415	 0.472533	 0.498717	 0.042446	-0.106984	 0.192467	-0.406502	 0.498901
-0.450953	 0.497895	 0.498849	 0.621892	 0.447933	 0.486150	 0.498717	 0.042446	-0.106615	 0.178640	-0.406502	 0.498902
-0.475071	 0.497895	 0.498849	 0.550560	 0.447191	 0.492958	 0.498717	 0.042446	-0.106430	 0.171727	-0.406502	 0.498902
-0.487131	 0.497895	 0.498849	 0.514894	 0.446821	 0.496363	 0.498717	 0.042446	-0.106338	 0.168270	-0.406502	 0.498902
-0.493160	 0.497895	 0.498849	 0.497061	 0.446635	 0.498065	 0.498717	 0.042446	-0.106292	 0.166541	-0.406502	 0.498903
 0.003825	 0.497895	 0.498849	 0.488144	 0.446543	 0.498916	 0.498717	 0.042446	-0.106269	 0.165677	-0.406502	 0.498903
 0.251316	 0.497895	 0.498849	 0.483686	 0.446496	 0.499341	 0.498717	 0.042446	-0.106257	 0.165245	-0.406502	 0.498903
-0.124939	 0.497895	 0.498849	 0.981457	 0.446473	 0.499554	 0.498717	 0.042446	-0.106251	 0.165029	-0.406502	 0.498903
-0.312063	 0.497895	 0.498849	 1.227384	 0.446462	 0.499661	 0.498717	 0.042446	-0.106248	 0.164921	-0.406502	 0.498903
 0.094374	 0.497895	 0.498849	 0.847401	 0.946456	 0.499714	 0.498717	 0.042446	-0.106247	 0.164867	-0.406502	 0.498903
 0.296591	 0.497895	 0.498849	 0.657409	 1.193560	 0.499740	 0.498717	 0.042446	-0.106246	 0.164840	-0.406502	 0.498903
-0.102300	 0.497895	 0.498849	 0.562413	 0.814231	 0.499754	 0.498717	 0.042446	-0.106246	 0.164826	-0.406502	 0.498903
-0.300744	 0.497895	 0.498849	 0.514916	 0.624566	 0.499760	 0.498717	 0.042446	-0.106246	 0.164820	-0.406502	 0.498903
-0.399965	 0.497895	 0.498849	 0.491167	 0.529734	 0.499764	 0.498717	 0.042446	-0.106246	 0.164816	-0.406502	 0.498903
-0.449576	 0.497895	 0.498849	 0.979292	 0.482318	 0.499765	 0.498717	 0.042446	-0.606246	 0.164815	-0.406502	 0.498903
-0.474381	 0.497895	 0.498849	 1.220420	 0.458610	 0.499766	 0.498717	 0.042446	-0.854033	 0.164814	-0.406502	 0.498903
-0.486784	 0.497895	 0.498849	 0.838061	 0.946756	 0.499766	 0.498717	 0.042446	-0.475723	 0.164813	-0.406502	 0.498903
-0.492985	 0.497895	 0.498849	 0.646881	 1.187959	 0.499767	 0.498717	 0.042446	-0.286568	 0.164813	-0.406502	 0.498903
 0.003914	 0.497895	 0.498849	 0.551292	 0.805702	 0.499767	 0.498717	 0.042446	-0.191991	 0.664813	-0.406502	 0.498903
 0.251362	 0.497895	 0.498849	 0.503497	 0.614574	 0.499767	 0.498717	 0.042446	-0.144702	 0.912483	-0.406502	 0.498903
 0.375086	 0.497895	 0.498849	 0.479599	 0.019009	 0.499767	 0.498717	 0.042446	-0.121058	 0.533998	-0.406502	 0.498903
 0.436948	 0.497895	 0.498849	 0.467651	-0.277620	 0.499767	 0.498717	 0.042446	-0.109235	 0.344756	-0.406502	 0.498903
 0.467879	 0.497895	 0.498849	 0.461676	-0.424786	 0.499767	 0.498717	 0.042446	-0.103324	 0.250134	-0.406502	 0.498903
 0.483344	 0.497895	 0.498849	 0.458689	 0.002775	 0.499767	 0.498717	 0.042446	-0.100369	 0.702824	-0.406502	-0.001097
 0.491077	 0.497895	 0.498849	 0.457195	 0.216556	 0.499767	 0.498717	 0.042446	-0.098891	 0.926857	-0.406502	-0.250095
-0.005056	 0.497895	 0.498849	 0.456449	 0.823446	 0.499767	 0.498717	 0.042446	-0.098152	 0.536572	-0.406502	 0.125406
-0.252121	 0.497895	 0.498849	 0.456075	 1.124031	 0.499767	 0.498717	 0.042446	-0.097783	 0.341430	-0.406502	 0.312155
-0.375653	 0.497895	 0.498849	 0.455889	 0.771474	 0.499767	 0.498717	 0.042446	-0.597598	 0.243859	-0.406502	 0.405529
-0.437419	 0.497895	 0.498849	 0.455795	 0.595195	 0.499767	 0.498717	 0.042446	-0.845311	 0.195073	-0.406502	 0.452216
-0.468302	 0.497895	 0.498849	 0.455749	 0.507056	 0.499767	 0.498717	 0.042446	-0.466981	 0.670680	-0.406502	 0.475560
-0.483744	 0.497895	 0.498849	 0.455725	 0.462986	 0.499767	 0.498717	 0.042446	-0.277816	 0.906191	-0.406502	 0.487232
-0.491465	 0.497895	 0.498849	 0.455714	 0.440951	 0.499767	 0.498717	 0.042446	-0.183234	 1.021663	-0.406502	 0.493067
-0.495325	 0.497895	 0.498849	 0.955708	 0.429934	 0.499767	 0.498717	 0.042446	-0.135943	 0.577125	-0.406502	 0.495985
-0.497255	 0.497895	 0.498849	 1.202793	 0.424425	 0.499767	 0.498717	 0.042446	-0.112297	 0.354856	-0.406502	 0.497444
-0.498220	 0.497895	 0.498849	 1.323436	 0.421671	 0.499767	 0.498717	 0.042446	-0.100474	 0.243722	-0.406502	 0.498174
-0.498703	 0.497895	 0.498849	 1.380870	 0.420294	 0.499767	 0.498717	 0.042446	-0.094563	 0.188154	-0.406502	 0.498539
-0.498944	 0.497895	 0.498849	 0.906710	 0.419605	 0.499767	 0.498717	 0.042446	-0.091607	 0.160371	-0.406502	 0.498721
-0.499065	 0.497895	 0.498849	 0.669630	 0.419261	 0.499767	 0.498717	 0.042446	-0.090129	 0.146479	-0.406502	 0.498812
 0.000875	 0.497895	 0.498849	 0.551090	 0.919089	 0.499767	 0.498717	 0.042446	-0.089390	 0.139533	-0.406502	 0.498858
 0.249843	 0.497895	 0.498849	 0.491820	 1.166165	 0.499767	 0.498717	 0.042446	-0.089021	 0.136060	-0.406502	 0.498881
 0.374327	 0.497895	 0.498849	 0.462185	 1.286876	 0.499767	 0.498717	 0.042446	-0.088836	 0.134323	-0.406502	 0.498892
-0.063431	 0.497895	 0.498849	 0.447367	 0.844417	 0.499767	 0.498717	 0.042446	-0.088744	 0.633455	-0.406502	 0.498898
-0.281307	 0.497895	 0.498849	 0.439959	 0.623187	 0.499767	 0.498717	 0.042446	-0.088698	 0.880756	-0.406502	 0.498901
-0.390246	 0.497895	 0.498849	 0.436254	 1.012572	 0.499767	 0.498717	 0.042446	-0.088675	 1.002150	-0.406502	 0.498902
-0.444715	 0.497895	 0.498849	 0.434402	 1.204461	 0.499767	 0.498717	 0.042446	-0.088663	 1.060600	-0.406502	 0.498903
 0.028051	 0.497895	 0.498849	 0.433476	 0.797613	 0.499767	 0.498717	 0.042446	-0.088657	 0.587587	-0.406502	 0.498903
 0.263432	 0.497895	 0.498849	 0.433013	 0.594188	 0.499767	 0.498717	 0.042446	-0.088654	 0.351081	-0.406502	 0.498903
 0.381122	 0.497895	 0.498849	 0.432782	 0.992476	 0.499767	 0.498717	 0.042446	-0.088653	 0.232827	-0.406502	 0.498903
 0.439968	 0.497895	 0.498849	 0.432666	 1.188839	 0.499767	 0.498717	 0.042446	-0.088652	 0.173701	-0.406502	 0.498903
 0.469390	 0.497895	 0.498849	 0.432608	 1.284250	 0.499767	 0.498717	 0.042446	-0.088652	 0.144137	-0.406502	 0.498903
 0.484102	 0.497895	 0.498849	 0.432579	 0.829196	 0.499767	 0.498717	 0.042446	-0.088652	 0.129356	-0.406502	 0.498903
 0.491457	 0.497895	 0.498849	 0.432564	 0.601669	 0.499767	 0.498717	 0.042446	-0.088652	 0.121965	-0.406502	 0.498903
 0.495135	 0.497895	 0.498849	 0.432557	 0.987905	 0.499767	 0.498717	 0.042446	-0.088652	 0.118269	-0.406502	 0.498903
 0.496974	 0.497895	 0.498849	 0.432554	 1.178275	 0.499767	 0.498717	 0.042446	-0.088652	 0.116422	-0.406502	 0.498903
 0.497893	 0.497895	 0.498849	 0.432552	 0.770723	 0.499767	 0.498717	 0.042446	-0.088651	 0.115498	-0.406502	 0.498903
 0.498353	 0.497895	 0.498849	 0.432551	 0.566947	 0.499767	 0.498717	 0.042446	-0.088651	 0.115036	-0.406502	 0.498903
 0.498583	 0.497895	 0.498849	 0.932550	 0.465059	 0.499767	 0.498717	 0.042446	-0.088651	 0.114805	-0.406502	 0.498903
 0.498698	 0.497895	 0.498849	 1.179685	 0.414115	 0.499767	 0.498717	 0.042446	-0.088651	 0.114690	-0.406502	 0.498903
 0.498755	 0.497895	 0.498849	 0.800399	 0.388643	 0.499767	 0.498717	 0.042446	-0.088651	 0.114632	-0.406502	 0.498903
 0.498784	 0.497895	 0.498849	 0.610756	 0.375907	 0.499767	 0.498717	 0.042446	-0.088651	 0.114603	-0.406502	 0.498903
 0.498799	 0.497895	 0.498849	 0.515934	 0.369539	 0.499767	 0.498717	 0.042446	-0.088651	 0.114588	-0.406502	 0.498903
 0.498806	 0.497895	 0.498849	 0.968523	 0.866355	-0.000233	 0.498717	 0.042446	-0.088651	 0.114581	-0.406502	 0.498903
 0.498809	 0.497895	 0.498849	 1.191976	 1.112036	-0.249233	 0.498717	 0.042446	-0.088651	 0.114578	-0.406502	 0.498903
 0.498811	 0.497895	 0.498849	 0.800871	 0.732162	 0.126268	 0.498717	 0.042446	-0.088651	 0.114576	-0.406502	 0.498903
 0.498812	 0.497895	 0.498849	 0.605319	 0.542224	 0.313014	 0.498717	 0.042446	-0.088651	 0.114575	-0.406502	 0.498903
-0.001188	 0.497895	 0.498849	 0.507543	 0.447256	 0.406387	 0.498717	 0.042446	-0.088651	 0.614574	-0.406502	 0.498903
-0.250185	 0.497895	 0.498849	 0.458654	 0.399771	 0.453074	 0.498717	 0.042446	-0.088651	 0.862345	-0.406502	 0.498903
-0.374684	 0.497895	 0.498849	 0.934210	 0.376029	 0.476417	 0.498717	 0.042446	-0.088651	 0.484010	-0.406502	 0.498903
-0.436933	 0.497895	 0.498849	 1.169169	 0.364158	 0.488089	 0.498717	 0.042446	-0.088651	 0.294843	-0.406502	 0.498903
-0.468058	 0.497895	 0.498849	 1.283840	 0.358223	 0.493925	 0.498717	 0.042446	-0.088651	 0.200259	-0.406502	 0.498903
-0.483620	 0.497895	 0.498849	 0.838378	 0.855255	 0.496843	 0.498717	 0.042446	-0.088651	 0.152967	-0.406502	 0.498903
-0.491401	 0.497895	 0.498849	 0.615647	 1.101066	 0.498302	 0.498717	 0.042446	-0.088651	 0.129321	-0.406502	 0.498903
-0.495292	 0.497895	 0.498849	 0.504282	 0.721278	 0.499031	 0.498717	 0.042446	-0.088651	 0.617498	-0.406502	 0.498903
-0.497237	 0.497895	 0.498849	 0.448599	 0.531384	 0.499396	 0.498717	 0.042446	-0.088651	 0.859375	-0.406502	 0.498903
-0.498210	 0.497895	 0.498849	 0.420758	 0.936437	 0.499578	 0.498717	 0.042446	-0.088651	 0.978111	-0.406502	 0.498903
-0.498696	 0.497895	 0.498849	 0.406837	 1.136281	 0.499670	 0.498717	 0.042446	-0.088651	 1.035286	-0.406502	 0.498903
 0.001061	 0.497895	 0.498849	 0.899877	 1.233530	 0.499715	 0.498717	 0.042446	-0.088651	 1.061688	-0.406502	 0.498903
 0.249938	 0.497895	 0.498849	 1.143611	 1.279494	 0.499738	 0.498717	 0.042446	-0.088651	 1.072713	-0.406502	 0.498903
 0.374376	 0.497895	 0.498849	 1.262703	 1.299824	 0.499749	 0.498717	 0.042446	-0.088651	 1.076058	-0.406502	 0.498903
 0.436595	 0.497895	 0.498849	 0.819486	 1.307349	 0.499755	 0.498717	 0.042446	-0.088651	 1.075572	-0.406502	 0.498903
 0.467705	 0.497895	 0.498849	 0.597877	 1.308482	 0.499758	 0.498717	 0.042446	-0.088651	 1.073178	-0.406502	 0.498903
-0.016740	 0.497895	 0.498849	 0.987073	 0.806429	 0.499759	 0.498717	 0.042446	-0.088651	 0.569840	-0.406502	 0.498903
-0.257961	 0.497895	 0.498849	 1.178918	 0.555403	 0.499760	 0.498717	 0.042446	-0.088651	 0.318171	-0.406502	 0.498903
-0.378571	 0.497895	 0.498849	 0.772099	 0.929890	-0.000240	 0.498717	 0.042446	-0.088651	 0.692336	-0.406502	 0.498903
-0.438876	 0.497895	 0.498849	 0.568690	 1.114524	-0.249239	 0.498717	 0.042446	-0.088651	 0.877286	-0.406502	 0.498903
-0.469028	 0.497895	 0.498849	 0.466985	 0.704243	 0.126261	 0.498717	 0.042446	-0.088651	 0.967637	-0.406502	 0.498903
-0.484105	 0.497895	 0.498849	 0.416133	 0.499103	 0.313008	 0.498717	 0.042446	-0.088651	 1.010696	-0.406502	 0.498903
-0.491643	 0.497895	 0.498849	 0.390707	 0.396533	 0.406381	 0.498717	 0.042446	-0.088651	 1.030118	-0.406502	 0.498903
 0.004588	 0.497895	 0.498849	 0.377993	 0.345247	 0.453068	 0.498717	 0.042446	-0.088651	 0.537730	-0.406502	 0.498903
 0.251702	 0.497895	 0.498849	 0.371637	 0.319605	 0.476411	 0.498717	 0.042446	-0.088651	 0.291536	-0.406502	 0.498903
 0.375259	 0.497895	 0.498849	 0.368459	 0.806784	 0.488083	 0.498717	 0.042446	-0.088651	 0.168439	-0.406502	 0.498903
 0.437037	 0.497895	 0.498849	 0.366869	 1.047785	 0.493919	 0.498717	 0.042446	-0.088651	 0.106890	-0.406502	 0.498903
-0.032073	 0.497895	 0.498849	 0.866075	 1.165708	 0.496837	 0.498717	 0.042446	-0.088651	 0.076116	-0.406502	 0.498903
-0.265626	 0.497895	 0.498849	 1.112947	 1.222102	 0.498296	 0.498717	 0.042446	-0.088651	 0.060729	-0.406502	 0.498903
-0.382403	 0.497895	 0.498849	 0.733664	 1.247743	 0.499025	 0.498717	 0.042446	-0.088651	 0.053035	-0.406502	 0.498903
-0.440791	 0.497895	 0.498849	 0.544022	 1.258016	 0.499390	 0.498717	 0.042446	-0.088651	 0.049189	-0.406502	 0.498903
-0.469985	 0.497895	 0.498849	 0.449201	 1.260616	 0.499572	 0.498717	 0.042446	-0.088651	 0.047265	-0.406502	 0.498903
-0.484582	 0.497895	 0.498849	 0.901790	 0.759390	 0.499663	 0.498717	 0.042446	-0.088651	 0.046304	-0.406502	 0.498903
-0.491881	 0.497895	 0.498849	 1.125376	 0.508776	 0.499709	 0.498717	 0.042446	-0.088651	 0.045823	-0.406502	 0.498903
 0.004470	 0.497895	 0.498849	 0.734472	 0.883470	 0.499732	 0.498717	 0.042446	-0.088651	 0.045582	-0.406502	 0.498903
 0.251644	 0.497895	 0.498849	 0.539019	 1.068300	 0.499743	 0.498717	 0.042446	-0.088651	 0.045462	-0.406502	 0.498903
-0.124770	 0.497895	 0.498849	 0.441293	 1.158209	 0.499749	 0.498717	 0.042446	-0.088651	 0.045402	-0.406502	 0.498903
-0.311974	 0.497895	 0.498849	 0.392430	 1.200667	 0.499752	 0.498717	 0.042446	-0.088651	 0.045372	-0.406502	 0.498903
-0.405576	 0.497895	 0.498849	 0.367998	 0.719410	 0.499753	 0.498717	 0.042446	-0.088651	 0.545357	-0.406502	 0.498903
-0.452377	 0.497895	 0.498849	 0.355782	 0.478782	 0.499754	 0.498717	 0.042446	-0.088651	 0.793259	-0.406502	 0.498903
-0.475777	 0.497895	 0.498849	 0.349674	 0.358467	 0.499754	 0.498717	 0.042446	-0.088651	 0.915127	-0.406502	 0.498903
-0.487478	 0.497895	 0.498849	 0.846621	 0.298310	 0.499755	 0.498717	 0.042446	-0.088651	 0.473988	-0.406502	 0.498903
-0.493328	 0.497895	 0.498849	 1.092406	 0.268232	 0.499755	 0.498717	 0.042446	-0.088651	 0.253418	-0.406502	 0.498903
-0.496253	 0.497895	 0.498849	 1.212623	 0.753192	 0.499755	 0.498717	 0.042446	-0.088651	 0.143133	-0.406502	 0.498903
-0.497715	 0.497895	 0.498849	 1.270066	 0.993196	 0.499755	 0.498717	 0.042446	-0.088651	 0.087990	-0.406502	 0.498903
-0.498447	 0.497895	 0.498849	 0.796132	 1.110732	 0.499755	 0.498717	 0.042446	-0.088651	 0.060419	-0.406502	 0.498903
-0.498812	 0.497895	 0.498849	 0.559165	 1.167043	 0.499755	 0.498717	 0.042446	-0.088651	 0.046633	-0.406502	 0.498903
-0.498995	 0.497895	 0.498849	 0.940682	 1.192752	 0.499755	 0.498717	 0.042446	-0.088651	 0.539741	-0.406502	 0.498903
-0.499087	 0.497895	 0.498849	 1.128795	 1.203170	 0.499755	 0.498717	 0.042446	-0.088651	 0.784229	-0.406502	 0.498903
-0.499132	 0.497895	 0.498849	 1.220219	 1.205951	 0.499755	 0.498717	 0.042446	-0.088651	 0.904415	-0.406502	 0.498903
-0.499155	 0.497895	 0.498849	 0.763307	 1.204925	 0.499755	 0.498717	 0.042446	-0.088651	 0.462459	-0.406502	 0.498903
-0.499167	 0.497895	 0.498849	 0.534851	 1.202004	 0.499755	 0.498717	 0.042446	-0.088651	 0.241481	-0.406502	 0.498903
 0.000828	 0.497895	 0.498849	 0.420623	 1.198145	 0.499755	 0.498717	 0.042446	-0.088651	 0.630992	-0.406502	-0.001097
 0.249823	 0.497895	 0.498849	 0.363509	 1.193827	 0.499755	 0.498717	 0.042446	-0.088651	 0.823707	-0.406502	-0.250094
 0.374321	 0.497895	 0.498849	 0.334952	 1.189289	 0.499755	 0.498717	 0.042446	-0.088651	 0.418031	-0.406502	 0.125407
 0.436570	 0.497895	 0.498849	 0.320674	 1.184650	 0.499755	 0.498717	 0.042446	-0.088651	 0.215193	-0.406502	 0.312155
 0.467694	 0.497895	 0.498849	 0.313534	 1.179971	 0.499755	 0.498717	 0.042446	-0.088651	 0.113774	-0.406502	 0.405530
