 0.250065	-0.883981	-0.250171	 0.496969	 0.390127	 0.499877	 0.404205	 1.015804	 0.852754	-1.040859	-0.384194	 0.498339
-0.125437	-0.880445	 0.125330	 0.497894	 0.444643	 0.499877	-0.042087	 1.011741	 0.849343	-0.655077	-0.384194	 0.498336
-0.312187	-0.876923	 0.312079	 0.498357	 0.471900	 0.499877	-0.265233	 1.007695	 0.845946	-0.462187	-0.384194	 0.498334
-0.405561	-0.873415	 0.405454	 0.498588	 0.485529	 0.499877	-0.376806	 1.003664	 0.842562	-0.365741	-0.384194	 0.498333
-0.452249	-0.869922	 0.452141	 0.498704	-0.007656	 0.499877	 0.067408	 0.999649	 0.839192	-0.317519	-0.384194	 0.498333
-0.475592	-0.866442	 0.475485	 0.498762	-0.253247	 0.499877	 0.288491	 0.995651	 0.835835	-0.293408	-0.384194	 0.498333
-0.487264	-0.862976	 0.487156	 0.498790	 0.123957	 0.999877	 0.398014	 0.991668	 0.832492	-0.781352	-0.384194	 0.498333
-0.493100	-0.859524	 0.492992	 0.498805	 0.311557	 1.246878	 0.451760	 0.987702	 0.829162	-1.022785	-0.384194	 0.498332
-0.496018	-0.856086	 0.495910	 0.498812	 0.405357	 0.867390	 0.477622	 0.983751	 0.825845	-1.140974	-0.384194	 0.498332
-0.497477	-0.852662	 0.497369	 0.498816	 0.452257	 0.677646	 0.489546	 0.979816	 0.822542	-1.197550	-0.384194	 0.498332
-0.498206	-0.849251	 0.498099	 0.498818	-0.024293	 0.582774	 0.494505	 0.975896	 0.819251	-1.223329	-0.384194	 0.498332
-0.498571	-0.845854	 0.498463	 0.498818	-0.261566	 0.535338	 0.496985	 0.971993	 0.815974	-1.233721	-0.384194	 0.498332
-0.498754	-0.842471	 0.498646	 0.498819	-0.380203	 0.511620	 0.498225	 0.968105	 0.812710	-1.236428	-0.384194	 0.498332
 0.001155	-0.839101	 0.498737	 0.498819	 0.060479	 0.499761	 0.498844	 0.964233	 0.809460	-0.735304	-0.384194	-0.001668
 0.250107	-0.835745	 0.498783	 0.498819	 0.279817	 0.493832	 0.499154	 0.960376	 0.806222	-0.484742	-0.384194	-0.250664
 0.374584	-0.832402	 0.498805	-0.001181	-0.110514	-0.009133	 0.499309	 0.956534	 0.802997	-0.359461	-0.384194	 0.124837
 0.436822	-0.829072	 0.498817	-0.250178	-0.304677	-0.259591	 0.499387	 0.952708	 0.799785	-0.296820	-0.384194	 0.311588
-0.032059	-0.825756	 0.498822	 0.125323	-0.401759	 0.116200	 0.499426	 0.948897	 0.796586	-0.265500	-0.384194	 0.404963
-0.265498	-0.822453	 0.498825	 0.312072	-0.450300	 0.304095	 0.499445	 0.945102	 0.793399	-0.249840	-0.384194	 0.451650
-0.382217	-0.819163	 0.498827	 0.405446	 0.025429	 0.398043	 0.499455	 0.941321	 0.790226	-0.242010	-0.384194	 0.474994
-0.440577	-0.815886	 0.498827	 0.452134	 0.262292	 0.445017	 0.499460	 0.937556	 0.787065	-0.238095	-0.384194	 0.486666
-0.469757	-0.812623	 0.498828	 0.475477	 0.380723	 0.468504	 0.499462	 0.933806	 0.783917	-0.236137	-0.384194	 0.492502
-0.484347	-0.809372	 0.498828	 0.487149	 0.439939	 0.480247	 0.499463	 0.930070	 0.780781	-0.235158	-0.384194	 0.495420
-0.491642	-0.806135	 0.498828	 0.492985	 0.469547	 0.486119	-0.000536	 0.426350	 0.777658	-0.234669	-0.384194	-0.003121
-0.495289	-0.802910	-1.501172	 0.495903	 0.484350	 0.489055	 0.250465	 0.674490	 0.774547	-0.234424	-0.384194	 0.248612
-0.497113	-0.799698	-2.494170	 0.497362	 0.491752	 0.490523	 0.374963	 0.796715	 0.771449	-0.234302	-0.384194	 0.373477
 0.001975	-0.796500	-0.983694	 0.498091	-0.004547	 0.491257	 0.437212	 0.855989	 0.768363	-0.734241	-0.384194	 0.435910
 0.250517	-0.793314	-0.229510	 0.498456	-0.251694	 0.491624	 0.468336	 0.883796	 0.765290	-0.981742	-0.384194	 0.467127
-0.125212	-0.790140	 0.146533	 0.498638	 0.124732	 0.491807	 0.483898	 0.895876	 0.762229	-0.603034	-0.384194	 0.482735
-0.312074	-0.786980	 0.333509	 0.498730	 0.311942	 0.491899	 0.491680	 0.900100	 0.759180	-0.413680	-0.384194	 0.490539
-0.405506	-0.783832	 0.425956	 0.498775	 0.405548	 0.491945	 0.495570	 0.900404	 0.756143	-0.319003	-0.384194	 0.494441
 0.047779	-0.780697	 0.471143	 0.498798	 0.452350	 0.491968	 0.497515	 0.898754	 0.753118	-1.271664	-0.384194	 0.496392
 0.273419	-0.777574	 0.492704	 0.498809	 0.475752	 0.491979	 0.498488	 0.896135	 0.750106	-1.743546	-0.384194	 0.497368
-0.113761	-0.774464	 0.502456	 0.498815	 0.487452	 0.491985	 0.498974	 0.893038	 0.747106	-0.975057	-0.384194	 0.497855
-0.306349	-0.771366	 0.506307	 0.498818	 0.493303	 0.491988	 0.499217	 0.889710	 0.744117	-0.590812	-0.384194	 0.498099
-0.402643	-0.768280	 0.507213	 0.498819	-0.003772	 0.491990	 0.499339	 0.886273	 0.741141	-0.398689	-0.384194	-0.001779
-0.450790	-0.765207	 0.506649	 0.498820	-0.251308	 0.491990	 0.499400	 0.882789	 0.738176	-0.302628	-0.384194	-0.250715
 0.025136	-0.762146	 0.505355	 0.498820	 0.124924	-0.008009	-0.000570	 0.879288	 0.735223	-0.254597	-0.384194	 0.124818
 0.262097	-0.759098	 0.503700	 0.498821	 0.312038	-0.256993	-0.249553	 0.875787	 0.732282	-0.230582	-0.384194	 0.311583
 0.380578	-0.756061	 0.501868	 0.498821	 0.405595	-0.380473	-0.374045	 0.872291	 0.729353	-0.218574	-0.384194	 0.404966
 0.439818	-0.753037	 0.499953	 0.498821	-0.047627	 0.058795	 0.063709	 0.868806	 0.726436	-0.212571	-0.384194	 0.451657
 0.469438	-0.750025	 0.498995	 0.498821	-0.273236	 0.278429	 0.281583	 0.865332	 0.723530	-0.209569	-0.384194	 0.475003
 0.484248	-0.747025	 0.498516	 0.498821	 0.113960	 0.388246	 0.390520	 0.861872	 0.720636	-0.208068	-0.384194	 0.486675
 0.491653	-0.744037	 0.498276	 0.498821	 0.306555	 0.443154	 0.444988	 0.858425	 0.717754	-0.207317	-0.384194	 0.492512
-0.004644	-0.741061	 0.498156	 0.498821	-0.097147	 0.970608	 0.472223	 0.854992	 0.714883	-0.206942	-0.384194	 0.495430
-0.251791	-0.738096	 0.498096	 0.498821	-0.297996	 1.231339	 0.485840	 0.851572	 0.712023	-0.206754	-0.384194	 0.496889
 0.124635	 1.264856	-0.001933	 0.498821	 0.101579	 1.358721	 0.992648	 0.348165	-0.290825	 1.793339	-0.384194	-0.002381
 0.311847	 2.259797	-0.250944	 0.498821	 0.300364	 1.419439	 1.243054	 0.096462	-0.789662	 2.785799	-0.384194	-0.251013
 0.405452	 2.750757	-0.375450	 0.498821	 0.399757	 1.446838	 1.365270	-0.029389	-1.036503	 3.274473	-0.384194	-0.375329
-0.047745	 3.989754	-0.437703	 0.498821	 1.449453	 0.957589	 1.923402	-2.092315	-3.157357	 5.511283	-0.884194	-0.437487
-0.273342	 4.598795	-0.468829	 0.498821	 1.969303	 0.712965	 2.197506	-3.115467	-4.207228	 6.614192	-1.131426	-0.468566
 0.613860	 7.392900	-0.984392	-0.501179	 2.224250	 0.590652	 2.829614	-4.118766	-5.221649	 9.650213	-1.252285	-0.984106
 1.054459	 8.769579	-1.239174	-0.998177	 2.346765	 0.529496	 3.138745	-4.610172	-5.716387	 11.142850	-1.309967	-1.238876
 0.771768	 11.437625	-1.363577	-1.243685	 2.903083	-0.001082	 3.286415	-4.845671	-6.951334	 13.363898	-1.336074	-1.363274
 0.630422	 12.743437	-1.422802	-1.363461	 3.174324	-0.265307	 3.353381	-4.953259	-7.552435	 14.443252	-1.346402	-1.422498
 0.559750	 14.368245	-1.449451	-1.420383	 3.303053	-0.396361	 3.380024	-4.996931	-7.836678	 15.451884	-1.348853	-1.449146
 0.524413	 15.148662	-1.459823	-1.445889	 3.360554	-0.460833	 3.386532	-5.008686	-7.962558	 15.923279	-1.347376	-1.459519
 0.506745	 15.507013	-1.462069	-1.455699	 3.382469	-0.492019	 3.383000	-5.004522	-8.009321	 16.126187	-1.343946	-1.461765
 0.497911	 16.654458	-1.460263	-1.457673	 3.386617	-0.506565	 3.374475	-5.492440	-8.016591	 16.694983	-1.339550	-1.959960
 0.493494	 17.192576	-1.456443	-1.455741	 3.381910	-0.512796	 3.363481	-5.724438	-8.004178	 16.944853	-1.334681	-2.204142
 0.491286	 17.926174	-1.951628	-1.451867	 3.872802	-0.514873	 3.851278	-5.828524	-7.981988	 17.535399	-1.329587	-2.321336
 0.490181	 18.255653	-2.194327	-1.447034	 4.109520	-0.514878	 4.086499	-5.868702	-7.954973	 17.794420	-1.324391	-2.375056
 0.489629	 18.883223	-2.310802	-1.441733	 4.219187	-0.513851	 4.195466	-5.876973	-7.925610	 17.887824	-1.319155	-2.397058
 0.489353	 19.157986	-2.364186	-1.436210	 4.265363	-0.512311	 4.241341	-5.869338	-7.895136	 17.898563	-1.313909	-2.403221
 0.489215	 19.256502	-2.386042	-1.430587	 4.279828	-0.510520	 4.255704	-6.853797	-7.864169	 17.868114	-1.308669	-2.401484
 0.489146	 19.267050	-2.392154	-1.424926	 4.278471	-0.508607	 4.254345	-7.330350	-7.833020	 17.817214	-1.303442	-2.395816
 0.489112	 19.233769	-2.390414	-1.419256	 4.269239	-0.506637	 4.245160	-7.553013	-7.801841	 17.756232	-1.298232	-2.388201
 0.489094	 19.678727	-2.384767	-1.413595	 4.756103	-0.504643	 4.232095	-6.648793	-7.770711	 18.190350	-1.293041	-2.379633
 0.489086	 19.860959	-2.377185	-1.407948	 4.989049	-0.502641	 4.217125	-6.185194	-7.739666	 18.370160	-1.287870	-2.370607
 0.489081	 19.911989	-2.368654	-1.402320	 5.095078	-1.000638	 4.201235	-5.941951	-7.708727	 18.422965	-1.282719	-2.361371
 0.489079	 19.897577	-2.359669	-1.396713	 5.137690	-1.246640	 4.184920	-5.808932	-7.677901	 18.412416	-1.277588	-2.352048
 0.489078	 19.850605	-2.350475	-1.391127	 5.148636	-0.866655	 4.168425	-5.731071	-7.647195	 18.370338	-1.272478	-2.342701
 0.489078	 19.787512	-2.341195	-1.385563	 5.143789	-0.676663	 4.151873	-5.680834	-7.616608	 18.312642	-1.267388	-2.333361
 0.489077	 19.716517	-2.331892	-1.380021	 5.131088	-1.081667	 4.135327	-5.644454	-7.586143	 18.247285	-1.262318	-2.324043
 0.489077	 19.641728	-2.322595	-1.374501	 5.114501	-1.281195	 4.118816	-5.615048	-7.555799	 18.178242	-1.257269	-2.314755
 0.489077	 19.565200	-2.313320	-1.369003	 5.096011	-0.877998	 4.102356	-5.589174	-7.525576	 18.107502	-1.252240	-2.305500
 0.489077	 19.487958	-2.304074	-1.363527	 5.076612	-0.676399	 4.085955	-5.565110	-7.495474	 18.036059	-1.247231	-2.296280
 0.489077	 19.410516	-2.294862	-1.358073	 5.056797	-0.575600	 4.069615	-5.541996	-7.465492	 17.964408	-1.242242	-2.287095
 0.489077	 19.833129	-2.285684	-1.352640	 5.036816	-1.025201	 4.053338	-5.519401	-7.435630	 17.892797	-1.237273	-2.277948
 0.489077	 20.003924	-2.276542	-1.347230	 5.016792	-1.247051	 4.037126	-5.497110	-7.405888	 17.821349	-1.232324	-2.268836
 0.489077	 19.548972	-2.267437	-0.841841	 4.996786	-0.855039	 4.020978	-5.475015	-7.376264	 17.750125	-1.227395	-2.259761
 0.489077	 19.283308	-2.258367	-0.589146	 4.976830	-0.659032	 4.004894	-5.453062	-7.346759	 17.679156	-1.222485	-2.250722
 0.489077	 19.612440	-2.249334	-0.962799	 4.956938	-0.561029	 4.488875	-5.431223	-7.317372	 18.108455	-1.217595	-2.241719
 0.489077	 19.737124	-2.240336	-1.146953	 4.937118	-0.512028	 4.720919	-5.409485	-7.288103	 18.286028	-1.212725	-2.232752
 0.489077	 19.759742	-2.231375	-1.236367	 4.917373	-0.487527	 4.827035	-5.387840	-7.258950	 18.337888	-1.207874	-2.223821
 0.489077	 19.731486	-2.222450	-1.278423	 4.897706	-0.475276	 4.870227	-5.366285	-7.229914	 18.327039	-1.203042	-2.214926
 0.489077	 19.677951	-2.213560	-1.296810	 4.878116	-0.469151	 4.881996	-5.344819	-7.200995	 18.284981	-1.198230	-2.206066
 0.489077	 19.611935	-2.204706	-0.803373	 4.858604	-0.466089	 4.878093	-5.323439	-7.172191	 18.227467	-1.193437	-2.197242
 0.489077	 19.539836	-2.195887	-0.556654	 4.839170	-0.464557	 4.866394	-5.302144	-7.143502	 18.162370	-1.188664	-2.188453
 0.489077	 19.464850	-2.187103	-0.933295	 4.819813	-0.463792	 4.850834	-5.280936	-7.114928	 18.093627	-1.183909	-2.179699
 0.489077	 19.388578	-2.178355	-1.118996	 4.800534	-0.463409	 4.833384	-5.259812	-7.086468	 18.023205	-1.179173	-2.170980
 0.489077	 19.311817	-2.169641	-1.209236	 4.781332	-0.463217	 4.815027	-5.238772	-7.058122	 17.952089	-1.174457	-2.162296
 0.489077	 19.234966	-2.160963	-1.251758	 4.762207	-0.463122	 4.796255	-5.217817	-7.029890	 17.880769	-1.169759	-2.153647
 0.489077	 18.658225	-2.152319	-0.770430	 4.243158	-0.463074	 4.277314	-5.196946	-7.001770	 15.309490	-1.165080	-2.145033
 0.489077	 18.333691	-2.143710	-0.529766	 3.976185	-0.463050	 4.010327	-5.176158	-6.973763	 13.998374	-1.160419	-2.136452
 0.489077	 18.135406	-2.135135	-0.409434	 3.835280	-0.463038	 3.869347	-5.155454	-6.945868	 13.317442	-1.155778	-2.127907
 0.989077	 12.000389	-1.626594	-0.349268	 2.257439	-0.463032	 1.291400	-4.134832	-5.418085	 6.951703	-1.151155	-1.619395
 1.236099	 8.921150	-1.370088	-0.319185	 1.467159	-0.463029	 0.005000	-3.618292	-4.646412	 3.767661	-1.146550	-1.362917
 0.856644	 3.869847	-1.239608	-0.304144	 0.570666	 0.036972	-0.635638	-2.853819	-3.252827	 1.174473	-1.141964	-0.732466
 0.666916	 1.346558	-1.172149	-0.296623	 0.122419	 0.285899	-0.953404	-2.467404	-2.552315	-0.119284	-1.137396	-0.417240
 0.572052	-0.912733	-0.636211	-0.292863	-0.601704	 0.409293	-1.609745	-1.770034	-1.198356	-2.763336	-0.632846	-0.259627
 0.524620	-2.036034	-0.368241	-0.290983	-0.961114	 0.469924	-1.933383	-1.419204	-0.521376	-4.074547	-0.380572	-0.180821
 0.500904	-3.591366	-0.234257	-0.290042	-1.638178	 0.499179	-2.090688	-0.741652	-0.182887	-4.719381	-0.254434	-0.141417
 0.489046	-4.358739	-0.167264	-0.289572	-1.972080	 0.512750	-2.164844	-0.402877	-0.013642	-5.031070	-0.191365	-0.121716
 0.483117	-4.732173	-0.133768	-0.289337	-2.134419	 0.518482	-2.197445	-0.233489	 0.070981	-5.176229	-0.159831	-0.111865
-0.019847	-4.908679	-0.117020	-0.289220	-2.210995	 0.520300	-2.209285	-0.148795	 0.113292	-5.238165	-0.144064	-0.106939
-0.270284	-4.986762	-0.108646	-0.289161	-2.244707	 0.520165	-2.210762	-0.106448	 0.134448	-5.258534	-0.136180	-0.104477
 0.105539	-5.015673	-0.104459	-0.289132	-2.257007	 0.519057	-2.207077	-0.085274	 0.645025	-5.258160	-0.132239	-0.103245
 0.293451	-5.020040	-0.102365	-0.289117	-2.258618	 0.517467	-2.200827	-0.074687	 0.898003	-5.247457	-0.130268	-0.102630
 0.387407	-5.012174	-0.101319	-0.289110	-2.254903	 0.515641	-2.193313	-0.069394	 1.022190	-5.231633	-0.129282	 0.397678
 0.434385	-4.998233	-0.100795	-0.289106	-2.248543	 0.513700	-2.185185	-0.066747	 1.081991	-5.213289	-0.128790	 0.646036
 0.457874	-4.981294	-0.100534	-0.289104	-2.240879	 0.511706	-1.676766	-0.065424	 1.109607	-4.693727	-0.128543	 0.768426
 0.469618	-4.962895	-0.100403	-0.289103	-2.232581	 0.509689	-1.420220	-0.064762	 1.121141	-4.425597	-0.128420	 0.827840
 0.475490	-4.943807	-0.100337	-0.289103	-2.223983	 0.507666	-1.289620	-0.064431	 1.124643	-4.283218	-0.128358	 0.855772
-0.021574	-4.924414	-0.100305	-0.289103	-2.215253	 0.505643	-1.222002	-0.064266	 1.124137	-4.203746	-0.128328	 0.367971
-0.269068	-4.904907	-0.100288	-0.289102	-2.206475	 0.503624	-1.185884	-0.064183	 1.121637	-4.155762	-0.128312	 0.124070
-0.391783	-4.885383	-0.100280	-0.289102	-2.197691	 0.501611	-1.165526	-0.064142	 1.118149	-4.123554	-0.128304	 0.502120
-0.452111	-4.865889	-0.100276	-0.289102	-2.188921	 0.500605	-1.153056	-0.064121	 1.114176	-4.099268	-0.128301	 0.689384
 0.018750	-4.846449	-0.100274	-0.289102	-2.180176	 0.500102	-1.144540	-0.064111	 1.109969	-4.078975	-0.128299	 0.781263
 0.254181	-4.827075	-0.100273	-0.289102	-2.171460	 0.499850	-1.138010	-0.064106	 1.105653	-4.060711	-0.128298	 0.825456
 0.371896	-4.807773	 0.399728	-0.289102	-2.162777	 0.499724	-1.132482	-0.064103	 1.101293	-4.043494	-0.128297	 0.845814
 0.430753	-4.788545	 0.647928	-0.289102	-2.154127	 0.499662	-1.127464	-0.064102	 1.096919	-4.026833	-0.128297	 0.854260
 0.460182	-4.769392	 0.770236	-0.289102	-2.145511	 0.499630	-1.122710	-0.064101	 1.092547	-4.010482	-0.128297	 0.856758
 0.474897	-4.750315	 0.329605	-0.289102	-2.136929	 0.499614	-1.118098	-0.064101	 1.088185	-3.994318	-0.128297	 0.856288
 0.482254	-4.731314	 0.109290	-0.289102	-2.128382	 0.499607	-1.113564	-0.064101	 1.083836	-3.978280	-0.128297	 0.854342
 0.485932	-4.712389	 0.499132	-0.289102	-2.119868	 0.499603	-1.109079	-0.064101	 1.079503	-3.962337	-0.128297	 0.851664
 0.487772	-4.693540	 0.692275	-0.289102	-2.111389	 0.499601	-1.104628	-0.064101	 1.075186	-3.946472	-0.128297	 0.848627
 0.488691	-4.674766	 0.787076	-0.289102	-2.102943	 0.499600	-1.100202	 0.435899	 1.070885	-3.930678	-0.128297	 0.845417
 0.489151	-4.656067	 0.832713	-0.289102	-2.094532	 0.499599	-1.095797	 0.684028	 1.066602	-3.914952	-0.128297	 0.842128
-0.010619	-4.637442	 0.353774	-0.289102	-2.086154	 0.499599	-1.091412	 0.806227	 1.062336	-4.399290	-0.128297	 0.838805
-0.259483	-4.618893	 0.114305	-0.289102	-2.077809	 0.499599	-1.087045	 0.865470	 1.058086	-4.631692	-0.128297	 0.835473
-0.382899	-4.600417	-0.005429	-0.289102	-2.069498	 0.499599	-1.082697	 0.893242	 1.053854	-4.738165	-0.128297	 0.832143
 0.056406	-4.582015	-0.065297	-0.289102	-1.561220	-0.000401	-1.578366	 0.405287	 1.049639	-4.281712	-0.128297	 0.328820
 0.276059	-4.563687	-0.095230	-0.289102	-1.304975	-0.249400	-1.822052	 0.161309	 1.045440	-4.045835	-0.128297	 0.077159
 0.385885	-4.045433	 0.389803	-0.289102	-1.174755	 0.126100	-1.439764	 0.539320	 1.041258	-3.920277	-0.128297	 0.451328
 0.440798	-3.779251	 0.630570	-0.289102	-1.107556	 0.312847	-1.246505	 0.726490	 1.037093	-3.849908	-0.128297	 0.636762
-0.031745	-4.139134	 0.749210	-0.289102	-1.071876	 0.406220	-1.147769	 0.818248	 1.032945	-3.807165	-0.128297	 0.727834
-0.267009	-4.310077	 0.806795	-0.289102	-1.051963	 0.452907	-1.096303	 0.862308	 1.028813	-3.778264	-0.128297	 0.771732
 0.116364	-4.386587	 0.833859	-0.289102	-1.539943	 0.476251	-1.068480	 0.882524	 1.524698	-3.756315	-0.128297	 0.792050
 0.308051	-4.415916	 0.845669	-0.289102	-1.779877	 0.487922	-1.052487	 0.890827	 1.768599	-3.737872	-0.128297	 0.800585
 0.403894	-4.421690	 0.849859	-0.289102	-1.895804	 0.493758	-1.042418	 0.893180	 1.886525	-3.721211	-0.128297	 0.803234
-0.048184	-4.415721	 0.850246	-0.289102	-1.949744	 0.496676	-1.035319	 0.892566	 1.441479	-3.705472	-0.128297	 0.802946
-0.273223	-4.403918	 0.848738	-0.289102	-1.972707	 0.498135	-1.029712	 0.890475	 1.216963	-3.690223	-0.128297	 0.801197
-0.385742	-4.389232	 0.846289	-0.289102	-1.980197	 0.498864	-1.024861	 0.887652	 1.102720	-3.675248	-0.128297	 0.798724
-0.442002	-4.373140	 0.843378	-0.289102	-1.979967	 0.499229	-1.020396	 0.884472	 1.043622	-3.660441	-0.128297	 0.795895
 0.029868	-3.856380	 0.840241	-0.289102	-1.975892	 0.499412	-1.516131	 0.881119	 1.512103	-3.645745	-0.128297	 0.292894
 0.264800	-3.591320	 0.836998	-0.289102	-1.969911	 0.499503	-1.759975	 0.877687	 1.742383	-3.631136	-0.128297	 0.041394
-0.117734	-3.952138	 0.833709	-0.289102	-1.462993	-0.000452	-1.377889	 0.874222	 1.853578	-3.616598	-0.128297	 0.415643
-0.308001	-4.123921	 0.830404	-0.289102	-1.207622	-0.249428	-1.184855	 0.870748	 1.905245	-3.602125	-0.128297	 0.601189
-0.403134	-4.201221	 0.827097	-0.289102	-1.078031	-0.373916	-1.086354	 0.867277	 1.927165	-3.587713	-0.128297	 0.692388
 0.049299	-4.231314	 0.823796	-0.289102	-1.011339	 0.063840	-1.035128	 0.863814	 1.434227	-3.573360	-0.128297	 0.736420
 0.274512	-4.237838	 0.820505	-0.289102	-0.976104	 0.281714	-1.007547	 0.860361	 1.185876	-3.559066	-0.128297	 0.756875
-0.112881	-3.732611	 0.817225	-0.289102	-0.956605	 0.390652	-0.991796	 0.856921	 1.059825	-3.544829	-0.128297	 0.265548
-0.305577	-3.473543	 0.813957	-0.289102	-0.944981	 0.445120	-0.981969	 0.853494	 0.994932	-3.530650	-0.128297	 0.019885
 0.098075	-3.837580	 0.810701	-0.289102	-1.437302	 0.472355	-0.975111	 0.850081	 0.460625	-3.516527	-0.128297	 0.397053
 0.298897	-4.011195	 0.807459	-0.289102	-1.679604	 0.485972	-0.969746	 0.846680	 0.193472	-3.502461	-0.128297	 0.584089
 0.399309	-3.589633	 0.804229	-0.289102	-1.296910	 0.492781	-0.965134	 0.843294	 1.059895	-3.488451	-0.128297	 0.176064
 0.449514	-3.372516	 0.801012	-0.289102	-1.103736	 0.496185	-0.960907	 0.839921	 1.489254	-3.474497	-0.128297	-0.027948
 0.474617	-3.257647	 0.797808	-0.289102	-1.505327	 0.497887	-0.956881	 0.836561	 1.700096	-3.460599	-0.128297	 0.370046
 0.487168	-3.193926	 0.794617	-0.289102	-1.702309	 0.498738	-0.952962	 0.833215	 1.801696	-3.446757	-0.128297	 0.567507
 0.493444	-3.155806	 0.791438	-0.289102	-1.797001	 0.499164	-0.949104	 0.829882	 1.848689	-3.432970	-0.128297	 0.664707
 0.496582	-3.130510	 0.788273	-0.289102	-1.840564	-0.000624	-0.945285	 0.826562	 1.868394	-3.419238	-0.128297	 0.211784
 0.498151	-3.111652	 0.785120	-0.289102	-1.858577	-0.249516	-0.941492	 0.823256	 1.874470	-3.405561	-0.128297	-0.014678
 0.498935	-3.096037	 0.781979	 0.210898	-1.863830	 0.126037	-0.937720	 0.819963	 1.373747	-3.391939	-0.128297	 0.372091
 0.499328	-3.082069	 0.778851	 0.459476	-1.862719	 0.312811	-0.933967	 0.816683	 1.121640	-3.378371	-0.128297	 0.563958
 0.499524	-3.068949	 0.775736	 0.582349	-1.858440	 0.406198	-0.930229	 0.813417	 1.493847	-3.364858	-0.128297	 0.158380
 0.499622	-3.056277	 0.772633	 0.642375	-1.852592	 0.452891	-0.926508	 0.810163	 1.676219	-3.351398	-0.128297	-0.044409
 0.499671	-3.043854	 0.769542	 0.170983	-1.345975	 0.476238	-0.922801	 0.806922	 1.763687	-3.337993	-0.128297	 0.354196
 0.499695	-3.031579	 0.766464	-0.064713	-1.090987	 0.487911	-0.919110	 0.803695	 1.803719	-3.324641	-0.128297	 0.551993
 0.499708	-3.019404	 0.763398	-0.182561	-0.961822	 0.493748	-0.915433	 0.800480	 1.820048	-3.311342	-0.128297	 0.649392
-0.000286	-3.007301	 0.760345	-0.241485	-0.895574	 0.496666	-0.911772	 0.797278	 1.324539	-3.298097	-0.128297	 0.696598
-0.249283	-2.995260	 0.757303	-0.270947	-0.860791	 0.498125	-0.908125	 0.794089	 1.075127	-3.284904	-0.128297	 0.718713
 0.126219	-2.983272	 0.754274	-0.285678	-0.841747	 0.498855	-0.904492	 0.790912	 1.448769	-3.271765	-0.128297	 0.228289
 0.312967	-2.971336	 0.751257	-0.293043	-0.830580	 0.499220	-0.900874	 0.787749	 1.631946	-3.258678	-0.128297	-0.016923
 0.406340	-2.959449	 0.748252	 0.203274	-0.823358	 0.499402	-0.897271	 0.784598	 1.719904	-3.245643	-0.128297	 0.360471
 0.453027	-2.947611	 0.745259	 0.450034	-0.818114	 0.499493	-0.893681	 0.781459	 1.760267	-3.232660	-0.128297	 0.547693
-0.023629	-2.935820	 0.742278	 0.572020	-0.813867	-0.000461	-0.890107	 0.778334	 1.776847	-3.219730	-0.128297	 0.139833
-0.260957	-2.924076	 0.739309	 0.631625	-0.810124	-0.249438	-0.886546	 0.775220	 1.781550	-3.206851	-0.128297	-0.064096
-0.379621	-2.912380	 0.736352	 0.660045	-0.806640	-0.373926	-0.883000	 0.772119	 1.780330	-3.194023	-0.128297	-0.166061
 0.061047	-2.900731	 0.733406	 0.672878	-0.803291	 0.063830	-0.879468	 0.769031	 1.776161	-3.181247	-0.128297	 0.282957
 0.280378	-2.889128	 0.730472	 0.677923	-0.800017	 0.281705	-0.875950	 0.765955	 1.770533	-3.168522	-0.128297	 0.506001
 0.390043	-2.877571	 0.227551	 0.679080	-0.796787	 0.390642	-0.872446	 0.762891	 1.764189	-3.155848	-0.128297	 0.616066
 0.444876	-2.866061	-0.023910	 0.678298	-0.793584	 0.445111	-0.868957	 0.759839	 1.757501	-3.143225	-0.128297	 0.669646
 0.472292	-2.854597	 0.350359	 0.176551	-0.790402	 0.472345	-0.865481	 0.756800	 1.750656	-3.130652	-0.128297	 0.694989
 0.486000	-2.843178	 0.536045	-0.074322	-0.787237	 0.485963	-0.862019	 0.753773	 1.743745	-3.118129	-0.128297	 0.706220
-0.007146	-2.831805	 0.627444	 0.300242	-0.784086	 0.492771	-0.858571	 0.750758	 1.736816	-3.105657	-0.128297	 0.710401
-0.252718	-2.820478	 0.671706	 0.486174	-0.780949	 0.496175	-0.855137	 0.747755	 1.729892	-3.093234	-0.128297	 0.711062
-0.375504	-2.809196	 0.692405	 0.577796	-0.777825	 0.497878	-0.851716	 0.744764	 1.722984	-3.080861	-0.128297	 0.709969
-0.436897	-2.797959	 0.701328	 0.122268	-0.774713	 0.498729	-0.848309	 0.741785	 1.716098	-3.068538	-0.128297	 0.208005
-0.467594	-2.786768	 0.704369	-0.105496	-0.771614	 0.499154	-0.844916	 0.738817	 1.709236	-3.056264	-0.128297	-0.042977
-0.482942	-2.775621	 0.704475	 0.280622	-0.768528	 0.499367	-0.841536	 0.735862	 1.702401	-3.044039	-0.128297	-0.168468
-0.490616	-2.764518	 0.703119	 0.472348	-0.765453	 0.499473	-0.838170	 0.732919	 1.695592	-3.031862	-0.128297	-0.231214
 0.005547	-2.753460	 0.701037	 0.066882	-0.762392	 0.499527	-0.834817	 0.729987	 1.688810	-3.019735	-0.128297	 0.237414
 0.252625	-2.742446	 0.698599	-0.135851	-0.759342	 0.499553	-0.831478	 0.727067	 1.682055	-3.007656	-0.128297	 0.470315
-0.123836	-2.731476	 0.195987	 0.262783	-1.756305	 0.499566	-0.828152	 0.724159	 1.175327	-2.995625	-0.128297	 0.585360
-0.311066	-2.720551	-0.055319	 0.460777	-2.249279	 0.499573	-0.824840	 0.721262	 0.920626	-2.983643	-0.128297	 0.641481
-0.404681	-2.709668	-0.180972	 0.558457	-2.490282	 0.499576	-0.821540	 0.718377	 0.791943	-2.971708	-0.128297	 0.668146
-0.451489	-2.698830	 0.256202	 0.605984	-1.605321	 0.499578	-0.318254	 0.715504	 1.226275	-2.959822	-0.128297	 0.180089
-0.474892	-2.688034	 0.473402	 0.628441	-1.161400	 0.499579	-0.066611	 0.712642	 1.440120	-2.947982	-0.128297	-0.063939
 0.013406	-2.677282	 0.580620	 0.638367	-0.938004	 0.499579	-0.440790	 0.709791	 1.543735	-3.436190	-0.128297	-0.185953
 0.256551	-2.666573	 0.632854	 0.642034	-0.824877	 0.499580	-0.626249	 0.706952	 1.592247	-3.672446	-0.128297	-0.246960
-0.121876	-2.655907	 0.157601	 0.642576	-0.766890	 0.499580	-0.717355	 0.704124	 1.613222	-3.282756	-0.128297	 0.222536
-0.310089	-2.645283	-0.080026	 0.641561	-0.736479	 0.499580	-0.761291	 0.701308	 1.620441	-3.082125	-0.128297	 0.455900
 0.095805	-2.634702	 0.301161	 0.639772	-0.719861	 0.499580	-0.781649	 0.698502	 1.620795	-2.976046	-0.128297	 0.571204
 0.297748	-2.624163	 0.490389	 0.637602	-0.710146	 0.499580	-0.790224	 0.695708	 1.617730	-2.917267	-0.128297	 0.627483
 0.398720	-2.613667	 0.583645	 0.635246	-0.703887	 0.499580	-0.792913	 0.692925	 1.612968	-2.882160	-0.128297	 0.654254
 0.449206	-2.603212	 0.128918	 0.632802	-0.699363	 0.499580	-0.292667	 0.690154	 1.607371	-2.858913	-0.128297	 0.666278
 0.474449	-2.592799	-0.098445	 0.630319	-0.695711	 0.499580	-0.042544	 0.687393	 1.601369	-2.841618	-0.128297	 0.670934
-0.012930	-2.582428	 0.287874	 0.627822	-0.692501	 0.499580	-0.417482	 0.684644	 1.595177	-2.827322	-0.128297	 0.671910
-0.255619	-2.572098	 0.479684	 0.625323	-0.689517	 0.499580	-0.603367	 0.681905	 1.588903	-2.814548	-0.128297	 0.671053
-0.376963	-2.561810	 0.574247	 0.622828	-1.186652	 0.499580	-0.194731	 0.679177	 1.582601	-2.802557	-0.128297	 0.669283
-0.437635	-2.551562	 0.620190	 0.620340	-1.431852	 0.499580	 0.009588	 0.676461	 1.576297	-2.790981	-0.128297	 0.667064
-0.467971	-2.541356	 0.641830	 0.617860	-1.051098	 0.499580	-0.388253	 0.673755	 1.570005	-3.279634	-0.128297	 0.664624
-0.483139	-2.531191	 0.651323	 0.615389	-0.859380	 0.499580	-0.585602	 0.671060	 1.563732	-3.516424	-0.128297	 0.662080
-0.490723	-2.521066	 0.654748	 0.612928	-0.762186	 0.499580	-0.682710	 0.668376	 1.557480	-3.627312	-0.128297	 0.659489
-0.494515	-2.510982	 0.655144	 0.110476	-0.712259	 0.499580	-0.729704	 0.665702	 1.551252	-3.175280	-0.128297	 0.656880
-0.496411	-2.500938	 0.654031	-0.140749	-0.685971	 0.499580	-0.751648	 0.663039	 1.545048	-2.943817	-0.128297	 0.654267
-0.497359	-2.490934	 0.652168	 0.233638	-0.671507	 0.499580	-0.761073	 0.660387	 1.038868	-2.822661	-0.128297	 0.651657
-0.497833	-2.480970	 0.649936	 0.419615	-0.662961	 0.499580	-0.764244	 0.657746	 0.784713	-2.756680	-0.128297	 0.649054
-0.498070	-2.471046	 0.647525	 0.511393	-1.157380	 0.499580	-0.264295	 1.155115	 1.156574	-2.718309	-0.128297	 0.646459
-0.498189	-2.461162	 0.645029	 0.556075	-1.401285	 0.499580	-0.014320	 1.400494	 1.339448	-2.693763	-0.128297	 0.643874
-0.498248	-2.451318	 0.642496	 0.077215	-1.019948	 0.499580	-0.389333	 1.019892	 1.427840	-2.676151	-0.128297	 0.641299
-0.498278	-2.441512	 0.639950	-0.162215	-0.828002	 0.499580	-0.575311	 0.828313	 1.469004	-2.662029	-0.128297	 0.638734
-0.498292	-2.431746	 0.637402	-0.281930	-0.730756	 0.499580	-0.666777	 0.731249	 1.486565	-2.649671	-0.128297	 0.636179
 0.001700	-2.422019	 0.634858	 0.158212	-0.680867	 0.499580	-0.210994	 0.681449	 1.492338	-2.638218	-0.128297	 0.633635
 0.250693	-2.412331	 0.632322	 0.377087	-0.654660	 0.499580	 0.016898	 0.655286	 1.492228	-2.627238	-0.128297	 0.631100
-0.124810	-2.402682	 0.629794	 0.485332	-0.640300	 0.499580	-0.369156	 1.140946	 0.989188	-2.616515	-0.128297	 0.128576
-0.311562	-2.393071	 0.627275	 0.538268	-0.631868	 0.499580	-0.560673	 1.380523	 0.737669	-2.605943	-0.128297	-0.122686
-0.404937	-2.383499	 0.624767	 0.063553	-0.626405	 0.499580	-0.154927	 0.997071	 1.111909	-2.595465	-0.128297	 0.251683
-0.451625	-2.373965	 0.622268	-0.173804	-0.622432	 0.499580	 0.047946	 0.804118	 1.296057	-2.585057	-0.128297	 0.437615
 0.025031	-2.364469	 0.619779	-0.292483	-0.619208	 0.499580	 0.149383	 1.206419	 1.385170	-2.574703	-0.128297	 0.529334
 0.262356	-2.355011	 0.617300	-0.351822	-0.616364	 0.499580	 0.200101	 1.404352	 1.426778	-2.564398	-0.128297	 0.573951
 0.381018	-2.345591	 0.614830	-0.381492	-0.613715	 0.499580	 0.225460	 1.500114	 1.444646	-2.554137	-0.128297	 0.595023
-0.059651	-2.336209	 0.612371	 0.103673	-0.611169	 0.499580	-0.261860	 1.544804	 0.950654	-2.543919	-0.128297	 0.604327
-0.278984	-2.326864	 0.609922	 0.345078	-0.608678	 0.499580	-0.504022	 1.563969	 0.703659	-2.533742	-0.128297	 0.607751
 0.111349	-2.317556	 0.607482	 0.464607	-0.606221	 0.499580	-0.623611	 1.070386	 0.580161	-2.523607	-0.128297	 0.108241
 0.305512	-2.308286	 0.605052	 0.523204	-0.603784	 0.499580	-0.681919	 0.822440	 0.518412	-2.513512	-0.128297	-0.141514
-0.097407	-2.299053	 0.602632	 0.551339	-0.601363	 0.499580	-0.709592	 0.697319	 0.487537	-2.503458	-0.128297	 0.233608
-0.297865	-2.289857	 0.600221	 0.564247	-0.598955	 0.499580	-0.721954	 0.633614	 0.472100	-2.493444	-0.128297	 0.419952
 0.101906	-2.280697	 0.597820	 0.569547	-0.596558	 0.499580	-1.226667	 0.600621	 0.964382	-2.483470	-0.128297	 0.511912
 0.300788	-2.271575	 0.595429	 0.571047	-0.594171	 0.499580	-1.475560	 0.582990	 1.207609	-2.473536	-0.128297	 0.556683
 0.400229	-2.262488	 0.593047	 0.570652	-0.591794	 0.499580	-1.596558	 0.573043	 1.326321	-2.463642	-0.128297	 0.577866
-0.050051	-2.253438	 0.590675	 0.569314	-1.089426	 0.499580	-1.153622	 0.566944	 1.382787	-2.453788	-0.128297	 0.587260
-0.274190	-2.244425	 0.588313	 0.567509	-1.335069	 0.499580	-0.930732	 0.562772	 1.408141	-2.443972	-0.128297	 0.590763
-0.386260	-2.235447	 0.585959	 0.065475	-0.954728	 0.499580	-0.817872	 1.059569	 1.417952	-2.434197	-0.128297	 0.591326
-0.442294	-2.226505	 0.583615	-0.185542	-0.763409	 0.499580	-0.760032	 1.304855	 1.420001	-2.424460	-0.128297	 0.590424
-0.470312	-2.217599	 0.581281	-0.311050	-0.666606	 0.499580	-0.229707	 0.924398	 1.418182	-2.414762	-0.128297	 0.088794
-0.484320	-2.208729	 0.578956	-0.373804	-0.617064	 0.499580	 0.035455	 0.733081	 1.414440	-2.405103	-0.128297	-0.162021
-0.491325	-2.199894	 0.576640	 0.094818	-1.091159	 0.499580	 0.168036	 0.636339	 1.409747	-2.895482	-0.128297	 0.212572
-0.494827	-2.191094	 0.574334	 0.328003	-1.325075	 0.499580	 0.234327	 0.586889	 1.404591	-3.133901	-0.128297	 0.398693
-0.496578	-2.182330	 0.572036	 0.443473	-0.938916	 0.499580	-0.232528	 0.561089	 1.399213	-2.746365	-0.128297	 0.490585
-0.497454	-2.173601	 0.569748	 0.500090	-0.744730	 0.499580	-0.464557	 0.547119	 1.393737	-2.547880	-0.128297	 0.535365
-0.497891	-2.164906	 0.567469	 0.527285	-0.646536	 0.499580	-0.579178	 0.539067	 1.388223	-2.443938	-0.128297	 0.556596
 0.001890	-2.156247	 0.565199	 0.539774	-0.596343	 0.499580	-0.135101	 0.533980	 0.882700	-2.387287	-0.128297	 0.566055
 0.250777	-2.147622	 0.562938	 0.544913	-0.570154	 0.499580	 0.086938	 0.530378	 0.629939	-2.354301	-0.128297	 0.569634
 0.375221	-2.139031	 0.560687	 0.046383	-1.055971	 0.499580	-0.802043	 1.027523	 1.003558	-2.333165	-0.128297	 0.570276
 0.437442	-2.130475	 0.558444	-0.202882	-1.295796	 0.499580	-1.243151	 1.273047	 1.187613	-2.317973	-0.128297	 0.569456
-0.031447	-2.121953	 0.556210	 0.172486	-0.912638	 0.499580	-0.460337	 0.892772	 1.276897	-2.305771	-0.128297	 0.567909
-0.264891	-2.113465	 0.553985	 0.359074	-0.720000	 0.499580	-0.068930	 0.701609	 1.318807	-2.295083	-0.128297	 0.566002
-0.381612	-2.105011	 0.551769	 0.451276	-0.622626	 0.499580	-0.373226	 1.105007	 1.337041	-2.285170	-0.128297	 0.563921
-0.439973	-2.096591	 0.549562	 0.496291	-0.572888	 0.499580	-0.524019	 1.303689	 1.343447	-2.275663	-0.128297	 0.561756
-0.469154	-2.088205	 0.547364	 0.517715	-0.546973	 0.499580	-0.598066	 1.400025	 1.343950	-2.266378	-0.128297	 0.559555
-0.483744	-2.079852	 0.545175	 0.527349	-0.532974	 0.499580	-0.633746	 0.945200	 1.341513	-1.757221	-0.128297	 0.557340
-0.491039	-2.071533	 0.542994	 0.531092	-0.524936	 0.499580	-0.650246	 0.717788	 1.337616	-1.500146	-0.128297	 0.555122
-0.494687	-2.063247	 0.540822	 0.531894	-0.519883	 0.499580	-0.657163	 0.604082	 1.333001	-1.869122	-0.128297	 0.552907
-0.496511	-2.054994	 0.538659	 0.531230	-0.516327	 0.499580	-0.659294	 0.547229	 1.328036	-2.049135	-0.128297	 0.550698
-0.497423	-2.046774	 0.536504	 0.529836	-0.513524	 0.499580	-0.159036	 1.018802	 1.322907	-2.134682	-0.128297	 0.548497
-0.497878	-2.038587	 0.534358	 0.528083	-0.511100	 0.499580	 0.091093	 1.251608	 1.317708	-2.173016	-0.128297	 0.546303
-0.498106	-2.030432	 0.532220	 0.526153	-0.508871	 0.499580	-0.283843	 0.865042	 1.312483	-2.187760	-0.128297	 0.544119
-0.498220	-2.022310	 0.530092	 0.524140	-0.506744	 0.499580	-0.469993	 0.671760	 1.307256	-2.190727	-0.128297	 0.541942
-0.498277	-2.014221	 0.527971	 0.522089	-0.504671	 0.499580	-0.561756	 0.575118	 1.302038	-2.187823	-0.128297	 0.539775
-0.498306	-2.006164	 0.525859	 0.520024	-1.002629	 0.499580	-0.606330	 0.526797	 0.796836	-2.182001	-0.128297	 0.537616
-0.498320	-1.998140	 0.523756	 0.517955	-1.248607	 0.499580	-0.627315	 0.502637	 0.544235	-2.174738	-0.128297	 0.535465
-0.498327	-1.990147	 0.521661	 0.515889	-0.868607	 0.499580	-0.136511	 0.990557	 0.917934	-2.166771	-0.128297	 0.533323
-0.498331	-1.982187	 0.519574	 0.513828	-0.678606	 0.499580	 0.108890	 1.231560	 1.102200	-2.158470	-0.128297	 0.531190
-0.498333	-1.974258	 0.517496	 0.511774	-0.583606	 0.499580	-0.268409	 1.349116	 1.191761	-2.150020	-0.128297	 0.029065
-0.498334	-1.966361	 0.515426	 0.509728	-0.536106	 0.499580	-0.455767	 1.404961	 1.233978	-2.141511	-0.128297	-0.221997
-0.498334	-1.958495	 0.513364	 0.507690	-0.512356	 0.499580	-0.548159	 1.429962	 1.252534	-2.132991	-0.128297	 0.152472
-0.498334	-1.950661	 0.511311	 0.505659	-0.500481	 0.499580	-0.593075	 1.439552	 1.259270	-2.124482	-0.128297	 0.338652
-0.498334	-1.942859	 0.509266	 0.503636	-0.494544	 0.499580	-0.614256	 1.441449	 1.260106	-2.115995	-0.128297	 0.430693
-0.498334	-1.935087	 0.507229	 0.001622	-0.491575	 0.499580	-0.623576	 1.439511	 1.258003	-1.607537	-0.128297	 0.475668
-0.498334	-1.927347	 0.505200	-0.248385	-0.490091	 0.499580	-0.626971	 1.435667	 1.254439	-1.351110	-0.128297	 0.497114
 0.001666	-1.919638	 0.503179	 0.126612	-0.489349	 0.499580	-0.627407	 1.430881	 1.250155	-1.720707	-0.128297	 0.006800
 0.250662	-1.911959	 0.501166	 0.313107	-0.488977	 0.499580	-0.626369	 1.425636	 1.245522	-1.901325	-0.128297	-0.238357
-0.124839	-1.904311	 0.500160	 0.406355	-0.488792	 0.499580	-0.124600	 1.420173	 1.240723	-1.987470	-0.128297	 0.139064
-0.311590	-1.896694	 0.499657	 0.452979	-0.488699	 0.499580	 0.126285	 1.414611	 1.235852	-2.026395	-0.128297	 0.326742
-0.404965	-1.889107	 0.499405	 0.476291	-0.988653	 0.499580	 0.251727	 0.909013	 0.730954	-1.541727	-0.128297	-0.080448
-0.451652	-1.881551	 0.499279	 0.487947	-1.235652	 0.499580	 0.314448	 0.656213	 0.478506	-1.297279	-0.128297	-0.284043
-0.474996	-1.874024	 0.499216	 0.493775	-1.356187	 0.499580	 0.345809	 0.529814	 0.352281	-1.172949	-0.128297	-0.385841
-0.486668	-1.866528	 0.499185	-0.003311	-0.913501	 0.499580	 0.361489	 0.466614	 0.789169	-1.108687	-0.128297	 0.063261
-0.492504	-1.859062	 0.499169	-0.250854	-0.692158	 0.499580	 0.369329	 0.435014	 1.005161	-1.074467	-0.128297	 0.286787
-0.495422	-1.851626	 0.499161	 0.125375	-0.581486	 0.499580	 0.373249	 0.419214	 1.110714	-1.555277	-0.128297	 0.397529
-0.496881	-1.844220	 0.499157	 0.312486	-0.526150	 0.499580	 0.375209	 0.411314	 1.161059	-1.791609	-0.128297	 0.451884
-0.497610	-1.836843	 0.499155	 0.406042	-0.498482	 0.499580	-0.123811	 0.407364	 1.183808	-1.905720	-0.128297	 0.478048
-0.497975	-1.829495	 0.499154	 0.452820	-0.484648	 0.499580	-0.372075	 0.405389	 1.192770	-1.958735	-0.128297	 0.490122
-0.498157	-1.822177	 0.499154	 0.476209	-0.477731	 0.499580	 0.005034	 0.404402	 1.194847	-1.981219	-0.128297	 0.495155
-0.498249	-1.814889	 0.499154	 0.487903	-0.474273	 0.499580	 0.193588	 0.403908	 1.193492	-1.988454	-0.128297	 0.496671
-0.498294	-1.807629	 0.499153	 0.493750	-0.472544	 0.499580	 0.287865	 0.403661	 1.190430	-1.988080	-0.128297	 0.497429
-0.498317	-1.800399	 0.499153	 0.496674	-0.471679	 0.499580	-0.164996	 0.903538	 1.186524	-1.983918	-0.128297	 0.497808
-0.498328	-1.793197	 0.499153	 0.498136	-0.471247	 0.499580	-0.390191	 1.150669	 1.182206	-1.977877	-0.128297	 0.497997
-0.498334	-1.786024	 0.499153	 0.498867	-0.471031	 0.499580	-0.001558	 1.271439	 1.177691	-1.970913	-0.128297	 0.498092
-0.498337	-1.778880	 0.499153	 0.499232	-0.470923	 0.499580	 0.192758	 1.329040	 1.173088	-1.963503	-0.128297	 0.498140
-0.498338	-1.771765	 0.499153	 0.499415	-0.470868	 0.499580	 0.289917	 1.355067	 1.168449	-1.455886	-0.128297	 0.498163
-0.498339	-1.764677	 0.499153	 0.499506	-0.470841	 0.499580	 0.338496	 1.365318	 1.163802	-1.200181	-0.128297	 0.498175
 0.001661	-1.757619	 0.499153	 0.499552	-0.470828	 0.499580	 0.362786	 0.867693	 1.159160	-1.570439	-0.128297	 0.498181
 0.250657	-1.750588	 0.499153	 0.499575	-0.470821	 0.499580	 0.374930	 0.618880	 1.154530	-1.751687	-0.128297	 0.498184
 0.375155	-1.743586	 0.499153	 0.499586	-0.470818	 0.499580	 0.381003	 0.494474	 1.149915	-1.838445	-0.128297	 0.498185
-0.062595	-1.736612	 0.499153	 0.499592	-0.470816	-0.000420	 0.384039	 0.932270	 1.145317	-1.877974	-0.128297	-0.001814
-0.280470	-1.729665	 0.499153	 0.499595	-0.470815	-0.249419	 0.385557	 1.148429	 1.140737	-1.893903	-0.128297	-0.250810
 0.110592	-1.722746	 0.499153	 0.499596	-0.470815	 0.126081	-0.113684	 1.253779	 1.136174	-1.898048	-0.128297	 0.124692
 0.305120	-1.715855	 0.499153	 0.499597	-0.470815	 0.312828	-0.362079	 1.303735	 1.131630	-1.896316	-0.128297	 0.311443
-0.097616	-1.708992	 0.499153	 0.499597	-0.470815	 0.406202	-0.485055	 1.326006	 1.127103	-1.891661	-0.128297	 0.404818
-0.297983	-1.702156	 0.499153	 0.499598	-0.470815	 0.452888	-0.545327	 1.334445	 1.122595	-1.885560	-0.128297	 0.451506
-0.398167	-1.695347	 0.499153	 0.499598	-0.470814	 0.476232	-0.074252	 1.335979	 1.118105	-1.378750	-0.128297	 0.474850
-0.448258	-1.688566	 0.499153	 0.499598	-0.470814	 0.487903	 0.161286	 1.334071	 1.113632	-1.123601	-0.128297	 0.486521
-0.473304	-1.681812	 0.499153	 0.499598	-0.470814	 0.493739	 0.279054	 1.330452	 1.109178	-0.994290	-0.128297	 0.492357
-0.485827	-1.675085	 0.499153	 0.499598	-0.470814	 0.496657	-0.162061	 0.825990	 1.104741	-0.927904	-0.128297	 0.495275
-0.492089	-1.668384	 0.499153	 0.499598	-0.470814	 0.498116	-0.381413	 0.573758	 1.100322	-0.892988	-0.128297	 0.496734
-0.495219	-1.661711	 0.499153	 0.499598	-0.470814	 0.498846	-0.489887	 0.947642	 1.095921	-0.873814	-0.128297	-0.002536
-0.496785	-1.655064	 0.499153	 0.499598	-0.470814	 0.499210	-0.542927	 1.131941	 1.091537	-0.862518	-0.128297	-0.251168
-0.497567	-1.648444	 0.499153	 0.499598	-0.470814	 0.499393	-0.068255	 1.221459	 1.087171	-1.355167	-0.128297	 0.124516
-0.497959	-1.641850	 0.499153	 0.499598	-0.470814	 0.499484	 0.169080	 1.263595	 1.082822	-1.597797	-0.128297	 0.311358
-0.498154	-1.635282	 0.499153	 0.499598	-0.470814	 0.499530	-0.212252	 1.282052	 1.078491	-1.715430	-0.128297	 0.404779
-0.498252	-1.628741	 0.499153	 0.499598	-0.470814	 0.499552	-0.401731	 1.288679	 1.074177	-1.770581	-0.128297	 0.451489
-0.498301	-1.622226	 0.499153	 0.499598	-0.470814	 0.499564	-0.495288	 1.289402	 1.069880	-1.794505	-0.128297	 0.474845
 0.001674	-1.615737	 0.499153	 0.499598	-0.470814	 0.499569	-0.540888	 1.287184	 1.065601	-1.802830	-0.128297	 0.486522
 0.250659	-1.609274	 0.499153	 0.499598	-0.470814	 0.499572	-0.562516	 1.283504	 1.061338	-1.803370	-0.128297	 0.492361
-0.124849	-1.602837	 0.499153	 0.499598	-0.470814	 0.499574	-0.072161	 1.279105	 1.057093	-1.800032	-0.128297	-0.004720
-0.311602	-1.596426	 0.499153	 0.499598	-0.470814	 0.499574	 0.173016	 1.274356	 1.052865	-1.794770	-0.128297	-0.252256
 0.095021	-1.590040	 0.499153	 0.499598	-0.470814	 0.499575	 0.295605	 1.269442	 1.048653	-1.788560	-0.128297	 0.123975
 0.297330	-1.583680	 0.499153	 0.499598	-0.470814	 0.499575	 0.356899	 1.264456	 1.044458	-1.781890	-0.128297	 0.311091
-0.101516	-1.577345	 0.499153	 0.499598	-0.470814	 0.499575	-0.112454	 1.259445	 1.040281	-1.775005	-0.128297	 0.404648
-0.299938	-1.571036	 0.499153	 0.499598	-0.470814	 0.499575	-0.345967	 1.254430	 1.036120	-1.768026	-0.128297	 0.451427
-0.399149	-1.564752	 0.499153	 0.499598	-0.470814	 0.499575	-0.461564	 1.249423	 1.031975	-1.761015	-0.128297	 0.474817
-0.448755	-1.558493	 0.499153	 0.499598	-0.470814	 0.499575	-0.018208	 1.244432	 1.027847	-1.254001	-0.128297	 0.486511
-0.473558	-1.552259	 0.499153	 0.499598	-0.470814	 0.499575	 0.203469	 1.239457	 1.023736	-0.999000	-0.128297	 0.492359
-0.485959	-1.546050	 0.499153	 0.499598	-0.970814	 0.499575	 0.314308	 1.234500	 1.019641	-1.370011	-0.128297	-0.004718
-0.492160	-1.539866	 0.499153	 0.499598	-1.217873	 0.499575	 0.369728	 1.229563	 1.015562	-1.552035	-0.128297	-0.252252
 0.004740	-1.533706	 0.499153	 0.499598	-0.838472	 0.499575	-0.102563	 1.224645	 1.011500	-1.139579	-0.128297	 0.123981
 0.252186	-1.527571	 0.499153	 0.499598	-0.648772	 0.499575	-0.337558	 1.219747	 1.007454	-0.931897	-0.128297	 0.311097
 0.375910	-1.521461	 0.499153	 0.499598	-0.553922	 0.499575	-0.453911	 1.214868	 1.003424	-0.826607	-0.128297	 0.404655
 0.437771	-1.515375	 0.499153	 0.499598	-0.506497	 0.499575	-0.510946	 1.210008	 0.999410	-0.772520	-0.128297	 0.451433
 0.468702	-1.509314	 0.499153	 0.499598	-0.482784	 0.499575	-0.538328	 1.205168	 0.995413	-0.744039	-0.128297	 0.474823
-0.015832	-1.503277	 0.499153	 0.499598	-0.470928	 0.499575	-0.050888	 0.700348	 0.991431	-0.728368	-0.128297	 0.486518
-0.257099	-1.497263	 0.499153	 0.499598	-0.465000	 0.499575	 0.192832	 0.447937	 0.987465	-0.719106	-0.128297	 0.492365
 0.122268	-1.491274	 0.499153	 0.499598	-0.462036	 0.499575	-0.185308	 0.821732	 0.983516	-1.213056	-0.128297	 0.495289
 0.310948	-1.485309	 0.499153	 0.499598	-0.460554	 0.499575	-0.373251	 1.006239	 0.979582	-1.456617	-0.128297	 0.496751
-0.094712	-1.479368	 0.499153	 0.499598	-0.459812	 0.499575	 0.033900	 1.096110	 0.975663	-1.574997	-0.128297	-0.002518
-0.296541	-1.473451	 0.499153	 0.499598	-0.459442	 0.499575	 0.237476	 1.138674	 0.971761	-1.630800	-0.128297	-0.251149
-0.397456	-1.467557	 0.499153	 0.499598	-0.459257	 0.499575	 0.339263	 0.657594	 0.967874	-1.155329	-0.128297	 0.124535
-0.447913	-1.461687	 0.499153	 0.499598	-0.459164	 0.499575	 0.390157	 0.417053	 0.964002	-0.916233	-0.128297	 0.311377
-0.473142	-1.455840	 0.499153	 0.499598	-0.459118	-0.000425	 0.415604	 0.296783	 0.960146	-0.795331	-0.128297	 0.404798
-0.485756	-1.450016	 0.499153	 0.499598	-0.459095	-0.249424	 0.428328	 0.736648	 0.956305	-1.233531	-0.128297	-0.048492
-0.492063	-1.444216	 0.499153	 0.499598	-0.459083	-0.373924	 0.434689	 0.954228	 0.952480	-1.449288	-0.128297	-0.274133
 0.004783	-1.438439	 0.499153	 0.499598	-0.459077	 0.063827	 0.437870	 1.060674	 0.948670	-2.053836	-0.128297	-0.386954
 0.252203	-1.432686	 0.499153	 0.499598	-0.459074	 0.281699	 0.439461	 1.111562	 0.944876	-2.350794	-0.128297	-0.443364
-0.124087	-1.426955	 0.499153	 0.499598	-0.459073	 0.390635	 0.440256	 1.134682	 0.941096	-1.993977	-0.128297	-0.471569
-0.311231	-1.421247	 0.499153	 0.499598	-0.459072	 0.445103	 0.440654	 1.143926	 0.937332	-1.812294	-0.128297	-0.485672
 0.095197	-1.415562	 0.499153	 0.499598	-0.459072	 0.472336	-0.059148	 1.146242	 0.933582	-2.218191	-0.128297	 0.007277
 0.297407	-1.409900	 0.499153	 0.499598	-0.459072	 0.485953	-0.307930	 1.145103	 0.929848	-2.415892	-0.128297	 0.252751
-0.101487	-1.404260	 0.499153	 0.499598	-0.459072	 0.492762	 0.068792	 1.142245	 0.926129	-2.009515	-0.128297	 0.375488
-0.299934	-1.398643	 0.499153	 0.499598	-0.459072	 0.496166	 0.257153	 1.138538	 0.922424	-1.803120	-0.128297	 0.436856
-0.399157	-1.393049	 0.499153	 0.499598	-0.459072	 0.497868	 0.351333	 1.134414	 0.918734	-1.696729	-0.128297	 0.467541
-0.448769	-1.387477	 0.499153	 0.499598	-0.459071	 0.498719	 0.398424	 1.130092	 0.915060	-1.140353	-0.128297	 0.482883
-0.473575	-1.381927	 0.499153	 0.499598	-0.459071	 0.499145	 0.421969	 1.125679	 0.911399	-0.860997	-0.128297	 0.490554
-0.485978	-1.376399	 0.499153	 0.499598	-0.459071	 0.499358	-0.066259	 1.121230	 0.907754	-1.220156	-0.128297	 0.494389
-0.492179	-1.370893	 0.499153	 0.499598	-0.459071	 0.499464	-0.309263	 1.116772	 0.904123	-1.396577	-0.128297	 0.496307
 0.004720	-1.365410	-0.000847	-0.000402	-0.459071	 0.499517	-0.429661	 1.112319	 0.900506	-1.481641	-0.128297	 0.497266
 0.252167	-1.359948	-0.249845	-0.249401	-0.459071	 0.499544	-0.488760	 1.107876	 0.896904	-1.521040	-0.128297	 0.497746
-0.124110	-1.354508	 0.125656	 0.126099	-0.459071	 0.499557	-0.517214	 1.103448	 0.893317	-1.037619	-0.128297	 0.497985
-0.311248	-1.349090	 0.312404	 0.312846	-0.459071	 0.499564	-0.530349	 1.099036	 0.889743	-0.794799	-0.128297	 0.498105
-0.404817	-1.343694	 0.405778	 0.406219	-0.459071	 0.499567	-0.535830	 1.094640	 0.886184	-0.672286	-0.128297	 0.498165
-0.451601	-1.338319	 0.452465	 0.452906	-0.459071	 0.499569	-0.537488	 0.590262	 0.882640	-0.609930	-0.128297	 0.498195
-0.474993	-1.332966	 0.475809	 0.476250	-0.459071	 0.499570	-0.537238	 0.338073	 0.879109	-0.577656	-0.128297	 0.498210
-0.486689	-1.327634	 0.487480	 0.487921	-0.459071	 0.499570	-0.036040	 0.711979	 0.875593	-0.560429	-0.128297	 0.498217
-0.492537	-1.322323	 0.493316	 0.493757	-0.459071	 0.499570	 0.214560	 0.896760	 0.872090	-0.550729	-0.128297	 0.498221
-0.495461	-1.317034	 0.496234	 0.496675	-0.459071	-0.000430	 0.339859	 0.986987	 0.868602	-1.044797	-0.128297	 0.498223
-0.496924	-1.311766	 0.497693	 0.498134	-0.459071	-0.249429	 0.402509	 1.029946	 0.865127	-1.288753	-0.128297	 0.498224
-0.497655	-1.306519	 0.498423	 0.498863	-0.459071	 0.126072	-0.066166	 0.549280	 0.861667	-1.407665	-0.128297	 0.498225
-0.498020	-1.301293	 0.498787	 0.499228	-0.459071	 0.312819	-0.299434	 0.308947	 0.858220	-1.464069	-0.128297	 0.498225
-0.498203	-1.296088	 0.498970	 0.499411	-0.459071	 0.406192	-0.415002	 0.188781	 0.854787	-1.489229	-0.128297	 0.498225
-0.498294	-1.290903	 0.499061	 0.499502	-0.459071	 0.452879	 0.028274	 0.628697	 0.851368	-0.998781	-0.128297	 0.498225
-0.498340	-1.285740	 0.499107	 0.499547	-0.459071	 0.476223	 0.249913	 0.846518	 0.847963	-0.752540	-0.128297	 0.498225
-0.498363	-1.280597	 0.499129	 0.499570	-0.459071	 0.487894	 0.360732	 0.953300	 0.844571	-0.628407	-0.128297	 0.498225
-0.498374	-1.275474	 0.499141	 0.499582	-0.459071	 0.493730	 0.416142	 1.004571	 0.841193	-0.565332	-0.128297	 0.498225
-0.498380	-1.270373	 0.499146	 0.499587	-0.959071	 0.496648	-0.056153	 1.028095	 0.837828	-0.532790	-0.128297	 0.498225
-0.498383	-1.265291	 0.499149	 0.499590	-1.206153	 0.498107	-0.291244	 1.037753	 0.834477	-0.515518	-0.128297	 0.498225
-0.498384	-1.260230	 0.499151	 0.499592	-0.826788	 0.498836	-0.407737	 1.040488	 0.831139	-0.506883	-0.128297	 0.498225
-0.498385	-1.255189	 0.499151	 0.499592	-0.637105	 0.499201	-0.464935	 1.039769	 0.827814	-0.502565	-0.128297	 0.498225
-0.498385	-1.250168	 0.499152	 0.499593	-0.542264	 0.499384	-0.492489	 1.037331	 0.824503	-0.500406	-0.128297	 0.498225
 0.001615	-1.245168	 0.499152	 0.499593	-0.494843	 0.499475	-0.005227	 1.034042	 0.821205	-0.999326	-0.128297	-0.001775
 0.250611	-1.240187	 0.499152	 0.499593	-0.471133	 0.499520	 0.238405	 1.030337	 0.817920	-1.245790	-0.128297	-0.250771
-0.124890	-1.235226	 0.499152	 0.499593	-0.459277	 0.499543	 0.360220	 1.026430	 0.814648	-1.366037	-0.128297	 0.124730
-0.311640	-1.230285	 0.499152	 0.499593	-0.453350	 0.499555	 0.421128	 1.022432	 0.811390	-1.423189	-0.128297	 0.311481
-0.405015	-1.225364	 0.499152	 0.499593	-0.450386	 0.499560	 0.451582	 1.018396	 0.808144	-0.948803	-0.128297	 0.404856
-0.451703	-1.220463	 0.499152	 0.499593	-0.448904	 0.499563	 0.466809	 1.014350	 0.804912	-0.711611	-0.128297	 0.451544
 0.024953	-1.215581	 0.499152	-0.000407	-0.448163	 0.499564	 0.474423	 1.010306	 0.801692	-0.593015	-0.128297	-0.025113
 0.262278	-1.210718	 0.499152	-0.249406	-0.447793	 0.499565	 0.478229	 1.006271	 0.798485	-0.533716	-0.128297	-0.262437
 0.380941	-1.205876	 0.499152	-0.373906	-0.447607	 0.499566	 0.480133	 1.002249	 0.795291	-0.504067	-0.128297	-0.381100
-0.059728	-1.201052	 0.499152	 0.063844	-0.447515	 0.499566	-0.018916	 0.998242	 0.792110	-0.489243	-0.128297	 0.059569
-0.279062	-1.196248	 0.499152	 0.281716	-0.447469	 0.499566	-0.267404	 0.994250	 0.788942	-0.481831	-0.128297	 0.278903
-0.388728	-1.191463	 0.499152	 0.390652	-0.447445	 0.499566	 0.109384	 0.990273	 0.785786	-0.978124	-0.128297	-0.111430
-0.443562	-1.186697	 0.499152	 0.445120	-0.447434	 0.499566	 0.297778	 0.986313	 0.782643	-1.223323	-0.128297	-0.305593
-0.470979	-1.181950	 0.499152	 0.472354	-1.447428	 0.499566	 0.391975	 0.982367	 0.779512	-1.342985	-0.128297	 0.097326
-0.484687	-1.177222	 0.499152	 0.485971	-1.942530	 0.499566	 0.439073	 0.978438	 0.776394	-1.399890	-0.128297	 0.297785
-0.491541	-1.172514	 0.499152	 0.492780	-1.185206	 0.499566	 0.462622	 0.974524	 0.773289	-0.925429	-0.128297	 0.398014
-0.494968	-1.167823	 0.499152	 0.496184	-0.806544	 0.499566	 0.474397	 0.970626	 0.770195	-0.688199	-0.128297	 0.448129
-0.496682	-1.163152	 0.499152	 0.497886	-0.617213	 0.499566	 0.480284	 0.966744	 0.767115	-0.569584	-0.128297	 0.473186
-0.497538	-1.158500	 0.499152	 0.498737	-0.522548	 0.999566	-0.016772	 0.962877	 0.764046	-1.010276	-0.128297	 0.485715
-0.497967	-1.153866	 0.499152	 0.499163	-0.475215	 1.246567	-0.264273	 0.959025	 0.760990	-1.227721	-0.128297	 0.491979
-0.498181	-1.149250	 0.499152	 0.499375	-0.451548	 0.867080	 0.113001	 0.955189	 0.757946	-0.833552	-0.128297	 0.495111
-0.498288	-1.144653	 0.499152	 0.499482	-0.439715	 0.677337	 0.301637	 0.951368	 0.754914	-0.636468	-0.128297	 0.496677
-0.498342	-1.140074	 0.499152	 0.499535	-0.433799	 0.582465	 0.395956	 0.947563	 0.251895	-0.537926	-0.128297	 0.497460
-0.498368	-1.135514	 0.499152	 0.499562	-0.430840	 0.535029	 0.443115	 0.943773	 0.000385	-0.488655	-0.128297	 0.497852
-0.498382	-1.130972	 0.499152	 0.499575	-0.429361	 0.511311	 0.466694	 0.939998	 0.374630	-0.464020	-0.128297	 0.498048
-0.498389	-1.126448	 0.499152	 0.499582	-0.428622	 0.499452	 0.478484	 0.936238	 0.560255	-0.451702	-0.128297	 0.498145
-0.498392	-1.121942	 0.499152	 0.499585	-0.428252	 0.493523	 0.484379	 0.932493	 0.651575	-0.445543	-0.128297	 0.498194
-0.498394	-1.117455	 0.499152	 0.499587	-0.928067	 0.490558	 0.487326	 0.928763	 0.695750	-1.442464	-0.128297	 0.498219
-0.498394	-1.112985	 0.499152	 0.499587	-1.175119	 0.489076	 0.488800	 0.925048	 0.716357	-1.936045	-0.128297	 0.498231
-0.498395	-1.108533	 0.499152	 0.499588	-1.295800	 0.488335	 0.489537	 0.921347	 0.725187	-1.677977	-0.128297	 0.498237
-0.498395	-1.104099	 0.499152	 0.499588	-1.353308	 0.487964	 0.489906	 0.917662	 0.728134	-1.546103	-0.128297	 0.498240
-0.498395	-1.099682	 0.499152	 0.499588	-0.879240	 0.987779	 0.490090	 0.913991	 0.728145	-0.977337	-0.128297	 0.498242
-0.498395	-1.095284	 0.499152	 0.499588	-0.642206	 1.234711	 0.490182	 0.910335	 0.726694	-0.692954	-0.128297	 0.498243
-0.498395	-1.090903	 0.499152	 0.499588	-0.523690	 0.855214	 0.490228	 0.906694	 0.724519	-0.550763	-0.128297	 0.498243
-0.498395	-1.086539	 0.499152	 0.499588	-0.464431	 0.665465	 0.490251	 0.903067	 0.721986	-0.479667	-0.128297	 0.498243
-0.498395	-1.082193	 0.499152	 0.499588	-0.434802	 0.570591	 0.490262	 0.899455	 0.719281	-0.444119	-0.128297	 0.498243
