 0.121791	 0.121309	 0.498694	 0.348897	 0.144632	-0.499237	-0.171171	 0.494912	 0.499694	-1.123072	-0.075651	 0.498467
 0.310117	 0.121309	 0.498694	 0.348897	 0.145120	-0.499237	-0.116013	 0.494912	 0.499694	-1.063785	 0.113270	 0.498467
 0.404281	 0.121309	 0.498694	 0.348897	 0.145365	-0.499237	-0.088434	-0.005088	 0.499694	-1.532133	 0.207730	 0.498467
 0.451362	 0.121309	 0.498694	 0.348897	 0.145487	-0.499237	-0.074645	-0.254078	 0.499694	-1.762306	 0.254960	 0.498467
 0.474903	 0.121309	 0.498694	 0.348897	-0.354452	-0.499237	-0.067750	 0.122433	 0.499694	-1.373407	 0.278575	 0.498467
 0.486674	 0.121309	 0.498694	 0.348897	-0.602713	-0.499237	-0.064303	 0.310689	 0.499694	-1.176989	 0.290383	 0.498467
 0.492559	 0.121309	 0.498694	 0.348897	-0.725141	-0.499237	-0.062579	 0.404817	 0.499694	-1.076819	 0.296287	 0.498467
 0.495502	 0.121309	 0.498694	 0.348897	-0.284660	-0.499237	-0.561717	 0.451881	 0.499694	-1.024780	-0.200761	 0.498467
 0.496973	 0.121309	 0.498694	 0.348897	-0.064420	-0.499237	-0.809164	 0.475412	 0.499694	-0.996815	-0.447890	 0.498467
-0.002292	 0.121309	 0.498694	 0.348897	 0.045701	-0.499237	-0.430775	 0.487178	 0.499694	-0.980895	-0.070064	 0.498467
-0.250921	 0.121309	 0.498694	 0.348897	 0.100761	-0.499237	-0.241580	 0.493061	 0.499694	-0.971005	 0.118849	 0.498467
 0.124765	 0.121309	 0.498694	 0.348897	 0.128291	-0.499237	-0.646983	 0.496003	 0.499694	-0.964138	 0.213305	 0.498467
 0.311607	 0.121309	 0.498694	 0.348897	 0.142056	-0.499237	-0.847579	 0.497474	 0.499694	-0.958790	 0.260533	 0.498467
 0.405028	 0.121309	 0.498694	 0.348897	-0.351062	-0.499237	-0.445781	 0.498209	 0.499694	-0.954209	 0.284148	 0.498467
 0.451738	 0.121309	 0.498694	 0.348897	-0.595932	-0.499237	-0.244882	 0.498577	 0.499694	-0.950019	 0.295955	 0.498467
 0.475093	 0.121309	 0.498694	 0.348897	-0.216686	-0.499237	-0.644433	 0.498761	 0.499694	-0.946033	 0.301858	 0.498467
 0.486771	 0.121309	 0.498694	 0.348897	-0.027062	-0.499237	-0.842120	 0.498853	 0.499694	-0.942155	 0.304810	 0.498467
 0.492610	 0.121309	 0.498694	 0.348897	 0.067749	-0.499237	-0.438884	 0.498898	 0.499694	-0.938340	 0.306286	 0.498467
 0.495529	 0.121309	 0.498694	 0.348897	 0.115155	-0.499237	-0.237266	 0.498921	 0.499694	-0.934564	 0.307024	 0.498467
 0.496989	 0.121309	 0.498694	 0.348897	 0.138858	-0.499237	-0.136457	 0.498933	 0.499694	-0.930814	 0.307393	 0.498467
 0.497719	 0.121309	 0.498694	-0.151103	-0.349291	-0.499237	-0.086052	 0.498939	 0.499694	-0.927085	-0.192423	 0.498467
 0.498084	 0.121309	 0.498694	-0.399801	-0.591690	-0.499237	-0.060850	 0.498942	 0.499694	-0.923373	-0.440946	 0.498467
 0.498266	 0.121309	 0.498694	-0.022853	-0.211222	-0.499237	-0.548249	 0.498943	 0.499694	-0.919678	-0.063829	 0.498467
 0.498357	 0.121309	 0.498694	 0.165621	-0.020987	-0.499237	-0.789877	 0.498944	 0.499694	-0.915999	 0.124730	 0.498467
 0.498403	 0.121309	 0.498694	 0.259858	 0.074130	-0.499237	-0.408628	 0.498944	 0.499694	-0.912335	-0.280991	 0.498467
 0.498426	 0.121309	 0.498694	 0.306977	 0.121688	-0.499237	-0.218004	 0.498944	 0.499694	-0.908685	-0.482478	 0.498467
 0.498437	 0.121309	 0.498694	 0.330536	 0.145468	-0.499237	-0.622692	 0.498944	 0.499694	-0.905050	-0.081853	 0.498467
 0.498443	 0.121309	 0.498694	 0.342316	 0.157357	-0.499237	-0.822981	 0.498944	 0.499694	-0.901430	 0.118459	 0.498467
 0.498446	 0.121309	 0.498694	 0.348206	 0.163302	-0.499237	-0.921079	 0.498944	 0.499694	-0.897824	 0.218615	 0.498467
-0.001553	 0.121309	 0.498694	 0.351150	-0.333726	-0.499237	-0.468089	 0.498944	 0.499694	-0.894233	 0.268693	 0.498467
-0.250549	 0.121309	 0.498694	 0.352623	-0.580578	-0.499237	-0.241595	 0.498944	 0.499694	-0.890656	 0.293732	 0.498467
 0.124953	 0.121309	 0.498694	 0.353359	-0.202349	-0.999237	-0.128347	 0.498944	 0.499694	-0.887093	-0.193748	 0.498467
 0.311703	 0.121309	 0.498694	 0.353727	-0.013235	-1.246239	-0.071724	 0.498944	 0.499694	-0.883545	-0.436126	 0.498467
 0.405078	 0.121309	 0.498694	 0.353911	 0.081322	-0.866753	-0.543412	 0.498944	 0.499694	-0.880011	-0.555958	 0.498467
 0.451765	 0.121309	 0.498694	 0.354003	 0.128601	-0.677010	-0.777226	 0.498944	 0.499694	-0.876491	-0.614522	 0.498467
 0.475109	 0.121309	 0.498694	 0.354049	 0.152240	-0.582139	-0.392111	-0.001056	 0.499694	-0.872985	-0.142458	 0.498467
 0.486781	 0.121309	 0.498694	 0.354072	 0.164060	-0.534703	-0.199553	-0.250053	 0.499694	-0.869493	 0.093574	 0.498467
 0.492617	 0.121309	 0.498694	 0.354084	 0.169970	-0.510985	-0.103274	-0.374552	 0.499694	-0.866015	 0.211590	 0.498467
 0.495535	 0.121309	 0.498694	 0.354090	 0.172925	-0.499126	-0.055135	-0.436802	 0.499694	-0.862551	 0.270598	 0.498467
 0.496994	 0.121309	 0.498694	 0.354092	 0.174402	-0.493197	-0.031065	-0.467927	 0.499694	-0.859101	 0.300102	 0.498467
 0.497723	 0.121309	 0.498694	 0.354094	 0.175141	-0.490232	-0.019030	 0.016511	-0.000306	-0.855664	 0.314854	 0.498467
 0.498088	 0.121309	 0.498694	 0.354095	 0.175510	-0.488750	-0.013013	 0.257728	-0.249305	-0.852242	 0.322230	 0.498467
-0.001729	 0.121309	 0.498694	 0.354095	 0.175695	-0.488008	-0.010004	 0.378336	 0.126195	-0.848833	 0.325918	 0.498467
-0.250635	 0.121309	 0.498694	 0.354095	 0.175787	-0.487638	-0.008500	 0.438641	 0.312942	-0.845437	 0.327762	 0.498467
 0.124912	 0.121309	 0.498694	 0.354095	 0.175833	 0.012547	 0.492252	-0.531207	-0.093685	 0.157944	 0.328684	 0.498467
 0.311685	 0.121309	 0.498694	 0.354095	 0.175856	 0.261615	 0.740642	-1.013129	-0.295997	 0.657313	 0.329145	 0.498467
 0.405071	 0.121309	 0.498694	 0.354095	 0.175868	 0.385127	 0.862859	-1.251100	-0.397154	 0.904683	 0.329375	 0.498467
 0.451764	 0.121309	 0.498694	-0.145905	 1.175874	-0.054134	 2.421998	-2.867107	-1.447732	 1.526065	-0.170510	 0.498467
 0.475111	 0.121309	 0.498694	-0.394613	 1.671525	-0.273765	 3.193605	-3.666145	-1.968024	 1.832460	-0.419111	 0.498467
 0.486784	 0.621309	 0.498694	-0.017680	 1.415016	 0.116420	 3.071478	-4.056733	-3.223194	 2.481381	-0.542077	 0.498467
 0.492621	 0.869067	 0.498694	 0.170786	 1.284445	 0.310499	 3.004515	-4.243132	-3.841822	 2.799580	-0.602229	 0.498467
 0.495539	 0.490712	 0.498694	 0.265019	 0.716851	 0.406529	 2.465159	-4.327473	-5.642215	 2.952444	-0.630981	 0.498467
 0.496998	 0.301534	 0.498694	 0.312136	 0.433055	 0.453539	 2.191630	-4.360820	-6.527527	 3.022666	-0.644037	 0.498467
 0.497728	 0.206945	 0.498694	 0.335694	 0.791156	-0.023957	 2.051028	-4.368705	-6.955357	 4.051591	-0.649251	 0.498467
 0.498093	 0.159651	 0.498694	 0.347473	 0.967908	-0.261702	 1.976907	-4.363894	-7.154505	 4.555892	-0.650549	 0.498467
 0.498275	 0.136004	 0.498694	 0.353363	 1.053995	-0.380574	 1.936041	-4.352771	-7.239372	 4.797922	-0.649894	 0.498467
 0.498366	 0.124180	 0.498694	-0.143693	 1.094759	-0.940011	 1.911817	-4.338526	-7.267157	 4.908858	-0.648269	-0.001533
 0.498412	 0.118268	 0.498694	-0.390939	 1.112869	-1.216730	 1.895930	-4.322755	-7.266460	 4.954286	-0.646162	-0.250530
 0.498435	 0.115313	 0.498694	-0.013285	 1.119662	-1.352103	 1.884227	-4.306255	-7.251580	 4.967000	-0.643821	 0.124971
 0.498446	 0.113835	 0.498694	 0.175541	 1.120806	-1.416814	 1.874630	-4.289426	-7.229666	 4.963398	-0.641368	 0.311721
 0.498452	 0.113096	 0.498694	 0.269955	 1.119134	-1.446207	 1.866102	-4.272466	-7.204294	 5.451678	-0.638863	 0.405096
 0.498454	 0.112726	 0.498694	 0.317161	 1.116063	-1.457952	 1.858122	-4.255475	-7.177250	 5.683937	-0.636338	 0.451783
 0.498456	 0.612541	 0.498694	 0.340765	 1.112302	-1.960885	 1.850432	-4.238503	-7.149427	 5.288235	-0.133808	-0.024873
 0.498457	 0.860224	 0.498694	 0.352566	 1.108204	-2.207424	 1.842902	-4.221573	-7.121273	 5.080599	 0.117457	-0.262198
 0.498457	 0.981850	 0.498694	 0.358467	 1.103947	-2.325785	 1.835466	-4.204699	-7.093010	 4.967034	 0.243090	-0.380861
-0.001543	 0.540456	 0.498694	 0.361418	 1.099619	-2.380078	 1.328092	-4.187887	-7.064748	 3.900545	-0.194094	 0.059808
-0.250540	 0.319759	 0.498694	 0.362893	 1.095264	-2.402355	 1.072763	-4.171138	-7.036545	 3.361633	-0.411423	 0.279142
 0.124962	 0.209410	 0.498694	 0.363630	 0.590905	-2.408645	-0.056536	-4.154455	-6.008426	-0.913469	-1.018830	-0.111192
 0.311712	 0.154236	 0.498694	 0.363999	 0.338726	-2.406960	-0.618814	-4.137838	-5.484406	-3.040643	-1.319281	-0.305355
 0.405087	 0.126649	 0.498694	 0.364184	 0.712636	-2.401307	-2.397591	-3.121287	-4.212476	-4.093894	-1.466268	-0.402437
 0.451774	 0.112855	 0.498694	 0.364276	 0.897418	-2.393689	-3.278626	-2.608802	-3.570629	-4.610225	-1.536534	-0.450978
 0.475118	 0.105958	 0.498694	 0.364322	 0.987645	-1.885108	-2.710825	-1.848367	-2.243849	-4.858138	-1.068454	 0.024752
 0.486790	 0.102510	 0.498694	 0.364345	 1.030602	-1.628064	-2.422638	-1.465974	-1.578624	-4.971882	-0.833213	 0.261615
 0.492626	 0.100786	 0.498694	 0.364356	 1.049934	-1.496800	-2.274276	-1.272610	-1.244185	-5.018583	-0.714396	 0.380047
 0.495544	 0.099924	 0.498694	 0.364362	 1.057461	-1.428437	-2.195843	-1.173770	-0.575146	-3.531803	-0.653797	 0.439263
 0.497003	 0.099493	 0.498694	 0.364365	 1.059095	-1.391536	-2.152391	-1.122199	-0.240626	-2.784322	-0.622311	 0.468871
 0.497732	 0.099277	 0.498694	 0.364367	 1.057790	-0.870376	-1.626448	-1.094273	-0.073367	-2.406509	-0.605386	 0.483675
 0.498097	 0.099169	 0.498694	 0.364367	 1.055025	-0.609796	-1.361275	-1.078177	 0.010263	-2.213544	-0.595747	 0.491077
 0.498279	 0.099116	 0.498694	 0.364368	 1.051538	-0.479505	-1.726496	-1.068005	 0.052078	-2.113021	-0.589755	 0.494778
 0.498370	 0.099089	 0.498694	 0.364368	 1.047698	-0.414360	-1.904924	-1.060804	 0.072986	-2.058735	-0.585592	 0.496629
-0.001584	 0.099075	 0.498694	 0.364368	 1.043691	-0.381788	-1.489971	-1.055095	 0.583439	-2.027582	-0.082347	 0.497554
-0.250558	 0.099068	 0.498694	 0.364368	 1.039607	-0.365502	-1.280344	-1.050143	 0.836478	-2.008013	 0.169275	 0.498017
-0.375045	 0.099065	 0.498694	 0.364368	 1.035495	-0.357359	-1.173389	-1.045576	 0.960819	-1.994252	 0.295086	 0.498248
-0.437289	 0.099063	 0.498694	 0.364368	 1.031376	-0.353287	-1.117779	-1.041211	 1.020819	-1.983410	-0.142008	 0.498364
-0.468410	 0.099063	 0.498694	 0.364368	 1.027262	-0.351251	-1.087850	-1.036954	 1.048657	-1.974044	-0.359397	 0.498421
-0.483971	 0.099062	 0.498694	-0.135632	 0.523158	-0.350233	-1.070769	-1.032761	 1.060423	-1.965432	 0.033062	 0.498450
-0.491752	 0.099062	 0.498694	-0.384361	 0.271107	-0.349724	-1.060121	-1.028607	 1.064162	-1.957212	 0.229291	 0.498465
 0.004358	 0.099062	 0.498694	-0.007459	 0.645081	-0.349470	-1.052699	-1.024481	 1.063896	-1.949204	-0.172594	 0.498472
 0.251412	 0.099062	 0.498694	 0.180992	 0.830030	-0.349343	-1.046897	-1.020377	 1.061635	-1.941318	-0.372387	 0.498476
 0.374939	 0.099062	 0.498694	-0.224783	 0.920474	-0.349279	-1.541913	-0.516293	 1.058386	-1.933508	-0.471140	 0.498477
 0.436702	 0.099062	 0.498694	-0.426409	 0.963675	-0.349247	-1.785348	-0.264251	 1.054651	-1.925752	-0.519376	 0.498478
-0.016975	 0.099062	 0.498694	-0.074493	 0.991049	-0.349223	-1.457796	-0.075219	 1.046604	-1.910360	-0.052720	 0.498479
-0.258251	 0.099062	 0.498694	 0.151243	 0.992945	-0.349219	-1.233165	-0.043714	 1.042480	-1.902715	 0.192099	 0.498479
-0.378890	 0.099062	 0.498694	 0.264111	 0.991903	-0.349217	-1.118833	-0.027961	 1.038341	-1.395103	 0.314509	 0.498479
-0.439209	 0.099062	 0.498694	 0.320545	 0.989401	-0.349216	-1.059658	-0.020085	 1.034204	-1.139522	 0.375714	 0.498479
 0.030632	 0.099062	 0.498694	 0.348762	 0.986176	-0.349216	-1.028069	-0.016146	 1.030075	-1.009964	 0.406317	 0.498479
 0.264551	 0.099062	 0.498694	 0.362871	 0.982597	-0.349216	-1.010282	-0.014177	 1.025958	-0.943424	 0.421618	 0.498479
 0.381511	 0.099062	 0.498694	 0.369925	 0.978850	-0.849216	-0.999403	-0.013193	 1.021856	-0.908400	 0.429268	 0.498479
 0.439990	 0.099062	 0.498694	 0.373452	 0.975026	-1.096517	-0.991987	-0.012701	 1.017770	-0.889141	 0.433094	 0.498479
-0.030770	 0.099062	 0.498694	 0.375216	 0.971172	-0.717480	-0.986309	-0.012454	 1.013699	-0.877772	 0.435006	 0.498479
-0.265147	 0.099062	 0.498694	 0.376098	 0.967310	-0.527962	-0.981510	-0.012331	 1.009645	-0.870355	 0.435963	 0.498479
-0.382335	 0.099062	 0.498694	 0.376538	 0.963452	-0.433203	-0.977156	-0.012270	 1.005606	-0.864920	 0.436441	 0.498479
-0.440929	 0.099062	 0.498694	 0.376759	 0.959604	-0.385823	-0.973034	-0.012239	 1.001584	-1.360484	 0.436680	 0.498479
-0.470227	 0.099062	 0.498694	 0.376869	 0.955769	-0.362133	-0.969035	-0.012224	 0.997578	-1.604554	 0.436799	 0.498479
 0.015125	 0.099062	 0.498694	 0.376924	 0.951947	-0.850288	-0.965105	-0.012216	 0.993587	-1.222891	 0.436859	 0.498479
 0.256800	 0.099062	 0.498694	 0.376952	 0.948140	-1.091689	-0.961218	-0.012212	 0.989613	-1.030378	 0.436889	 0.498479
 0.377637	 0.099062	 0.498694	 0.376966	 0.944348	-0.709723	-0.957360	-0.012210	 0.985654	-0.932445	 0.436904	 0.498479
 0.438056	 0.099062	 0.498694	 0.376972	 0.940570	-0.518740	-0.953524	-0.012209	 0.981712	-0.881810	 0.436912	 0.498479
 0.468265	 0.599062	 0.498694	 0.376976	 0.936808	-0.423249	-0.949706	-0.012209	 0.977785	-0.854830	 0.436915	 0.498479
 0.483370	 0.846864	 0.498694	 0.376978	 0.933061	-0.375503	-0.945906	-0.012209	 0.973874	-0.839684	 0.436917	 0.498479
 0.490922	 0.968575	 0.498694	 0.376978	 0.929329	-0.351630	-0.942121	-0.012208	 0.969978	-0.830462	 0.436918	 0.498479
 0.494698	 0.527250	 0.498694	 0.376979	 0.925611	-0.339694	-0.938353	-0.012208	 0.966098	-0.824209	 0.436919	 0.498479
 0.496586	 0.306588	 0.498694	 0.376979	 0.921909	-0.333725	-0.934599	-0.012208	 0.962234	-0.819446	 0.436919	 0.498479
 0.497530	 0.196257	 0.498694	 0.376979	 0.918221	-0.330741	-0.930860	-0.012208	 0.958385	-0.815435	 0.436919	 0.498479
 0.498002	 0.141091	 0.498694	 0.376979	 0.914549	-0.329249	-0.927137	-0.012208	 0.954552	-0.811807	 0.436919	 0.498479
-0.001762	 0.113508	 0.498694	 0.376979	 0.910890	-0.328503	-0.923428	-0.012208	 0.950733	-0.808377	 0.436919	 0.498479
-0.250641	 0.099717	 0.498694	 0.376979	 0.907247	-0.328130	-0.919735	-0.012208	 0.946930	-0.805052	 0.436919	 0.498479
 0.124920	 0.092821	 0.498694	 0.376979	 0.903618	-0.327944	-0.916056	-0.012208	 0.943143	-0.801786	 0.436919	 0.498479
 0.311699	 0.089374	 0.498694	 0.376979	 0.900003	-0.327850	-0.912391	-0.012208	 0.939370	-0.798556	 0.436919	 0.498479
 0.405089	 0.087650	 0.498694	 0.376979	 0.896403	-0.327804	-0.908742	-0.012208	 0.935613	-0.795350	 0.436919	 0.498479
 0.451784	 0.086788	 0.498694	 0.376979	-0.107182	-0.327781	-0.905107	-0.012208	 0.931870	-0.792163	 0.436919	 0.498479
 0.475131	 0.086357	 0.498694	 0.376979	-0.606754	-0.327769	-0.901486	-0.012208	 0.928143	-0.788991	 0.436919	 0.498479
 0.486805	 0.586141	 0.498694	 0.376979	 0.145673	-0.827763	-0.897881	-0.012208	 0.924430	-0.785834	 0.436919	 0.498479
 0.492642	 0.833862	 0.498694	 0.376979	 0.520091	-1.075105	-0.894289	-0.012208	 0.920732	-0.782690	 0.436919	 0.498479
-0.004440	 0.455559	 0.498694	 0.376979	 0.705510	-0.696130	-0.890712	-0.012208	 0.917049	-0.779559	-0.063081	 0.498479
-0.251978	 0.266407	 0.498694	 0.376979	 0.796438	-0.506643	-0.887149	-0.012208	 0.913381	-0.776440	-0.311955	 0.498479
 0.124254	 0.171831	 0.498694	 0.376979	 0.840128	-0.411900	-0.883600	-0.012208	 0.909728	-0.773334	 0.064730	 0.498479
 0.311368	 0.124543	 0.498694	 0.376979	 0.860205	-0.364528	-0.880066	-0.012208	 0.906089	-0.770241	 0.253072	 0.498479
 0.404925	 0.100900	 0.498694	 0.376979	 0.868483	-0.340842	-0.876546	-0.012208	 0.902464	-0.767160	 0.347243	 0.498479
 0.451704	 0.089078	 0.498694	 0.376979	 0.870868	-0.328999	-0.873040	 0.487792	 0.898855	-0.764091	 0.394329	 0.498479
 0.475093	 0.083167	 0.498694	 0.376979	 0.870314	-0.323078	-0.869547	 0.735816	 0.895259	-0.761035	 0.417872	 0.498479
 0.486788	 0.580211	 0.498694	 0.376979	 0.868298	-0.320117	-0.866069	 0.357861	 0.891678	-0.757991	 0.429643	 0.498479
 0.492635	 0.826579	 0.498694	 0.376979	 0.865557	-0.318637	-0.862605	 0.168883	 0.888111	-0.754959	 0.435529	 0.498479
 0.495559	 0.947617	 0.498694	 0.376979	 0.362461	-0.317897	-0.859155	 0.074394	 0.884559	-0.751939	 0.438472	 0.498479
 0.497021	 1.005999	 0.498694	 0.376979	 0.110913	-0.317526	-0.855718	 0.027150	 0.881021	-0.748931	 0.439943	 0.498479
 0.497752	 0.533061	 0.498694	 0.376979	 0.485139	-0.317341	-0.852295	 0.503527	 0.877497	-0.745936	 0.440679	 0.498479
 0.498117	 0.296592	 0.498694	 0.376979	 0.670533	-0.317249	-0.848886	 0.739756	 0.873987	-0.742952	 0.441047	 0.498479
 0.498300	 0.178357	 0.498694	 0.376979	 0.761519	-0.317203	-0.845490	 0.855919	 0.870491	-0.739980	 0.441231	 0.498479
-0.001609	 0.119240	 0.498694	 0.376979	 0.805306	-0.317180	-0.842108	 0.412056	 0.867009	-0.737020	 0.441323	 0.498479
-0.250560	 0.089681	 0.498694	 0.376979	 0.825502	-0.317168	-0.838740	 0.190125	 0.863541	-0.734072	 0.441369	 0.498479
 0.124964	 0.074902	 0.498694	 0.376979	 0.833908	-0.317162	-0.835385	 0.079159	 0.860087	-0.731136	 0.441392	 0.498479
 0.311726	 0.067512	 0.498694	 0.376979	 0.836427	-0.317159	-0.832043	 0.023676	 0.856646	-0.728211	 0.441403	 0.498479
-0.094894	 0.063817	 0.498694	 0.376979	 0.836008	-0.317158	-0.828715	 0.495935	 0.853220	-1.225298	 0.441409	 0.498479
-0.297200	 0.061970	 0.498694	 0.376979	 0.834128	-0.317157	-0.825400	 0.730128	 0.849807	-1.470397	 0.441412	 0.498479
 0.101646	 0.561046	 0.498694	 0.376979	 0.831523	-0.317157	-0.822099	 0.845295	 0.846408	-1.089516	 0.441413	 0.498479
 0.300069	 0.808464	 0.498694	 0.376979	 0.828563	-0.317157	-0.818810	 0.900958	 0.843022	-0.897658	 0.441414	 0.498479
 0.399280	 0.930061	 0.498694	 0.376979	 0.825431	-0.317156	-0.815535	 0.926877	 0.839650	-0.800317	 0.441414	 0.498479
-0.051115	 0.488757	 0.498694	-0.123021	 0.822221	-0.317156	-0.812273	 0.937930	 0.836291	-0.750241	 0.441414	 0.498479
-0.275309	 0.268104	 0.498694	-0.371775	 0.818978	-0.317156	-0.809024	 0.941559	 0.832946	-0.723802	 0.441415	 0.498479
-0.387406	 0.157778	 0.498694	 0.005089	 0.815725	-0.317156	-0.805788	 0.441483	 0.829614	-0.709188	 0.441415	 0.498479
-0.443455	 0.102615	 0.498694	 0.193521	 0.812474	-0.317156	-0.802565	 0.191445	 0.826296	-0.700492	 0.441415	 0.498479
 0.028521	 0.075034	 0.498694	 0.287738	 0.809229	-0.317156	-0.799354	 0.566426	 0.822991	-0.694760	 0.441415	 0.498479
 0.263508	 0.061243	 0.498694	 0.334846	 0.805995	-0.317156	-0.796157	 0.752034	 0.819699	-0.690517	 0.441415	 0.498479
 0.381002	 0.054347	 0.498694	 0.358400	 0.802773	-0.317156	-0.792972	 0.342962	 0.816420	-0.687022	 0.441415	 0.498479
 0.439748	 0.050900	 0.498694	 0.370177	 0.799562	-0.317156	-0.789800	 0.138427	 0.813154	-0.683908	 0.441415	 0.498479
 0.469122	 0.049176	 0.498694	 0.376065	 0.796364	-0.317156	-0.786641	 0.036159	 0.809902	-0.680989	 0.441415	 0.498479
 0.483808	 0.048314	 0.498694	 0.379009	 0.793179	-0.317156	-0.783495	-0.014975	 1.306662	-0.678174	 0.441415	 0.498479
 0.491152	 0.047883	 0.498694	 0.380481	 0.790007	-0.317156	-0.780361	-0.040542	 1.551435	-0.675415	 0.441415	 0.498479
-0.005177	 0.047667	 0.498694	 0.381217	 0.786847	-0.317156	-0.777239	 0.446674	 1.170230	-0.672691	 0.441415	 0.498479
-0.252338	 0.047560	 0.498694	 0.381586	 0.783699	-0.317156	-0.774130	 0.688415	 0.978049	-0.669988	 0.441415	 0.498479
 0.124082	 0.047506	 0.498694	 0.381770	 0.780564	-0.317156	-0.771034	 0.807425	 0.880386	-0.667303	 0.441415	 0.498479
 0.311290	 0.047479	 0.498694	 0.381862	 0.777442	-0.317156	-0.767950	 0.865077	 0.829990	-0.664631	 0.441415	 0.498479
 0.404895	 0.547465	 0.498694	 0.381908	 0.774332	-0.317156	-0.764878	 0.892057	 0.803232	-0.661971	 0.441415	 0.498479
 0.451697	 0.795364	 0.498694	 0.381931	 0.771235	-0.317156	-0.761818	 0.903710	 0.788301	-0.659322	 0.441415	 0.498479
 0.475098	 0.917227	 0.498694	 0.381942	 0.768150	-0.317156	-0.758771	 0.907705	 0.779288	-0.656684	 0.441415	 0.498479
 0.486798	 0.476080	 0.498694	 0.381948	 0.765078	-0.317156	-0.755736	 0.907879	 0.773241	-1.154057	 0.441415	 0.498479
 0.492649	 0.255506	 0.498694	 0.381951	 0.762017	-0.317156	-0.752713	 0.906150	 0.768684	-1.399441	 0.441415	 0.498479
 0.495574	 0.645220	 0.498694	 0.381952	 0.758969	-0.317156	-0.749702	 0.403477	 0.764876	-1.018843	 0.441415	 0.498479
 0.497036	 0.838006	 0.498694	 0.381953	 0.755933	-0.317156	-0.746703	 0.152140	 0.761451	-0.827268	 0.441415	 0.498479
 0.497768	 0.432338	 0.498694	 0.381953	 0.752910	-0.317156	-0.243717	 0.026472	 1.258222	-0.730209	 0.441415	 0.498479
 0.498133	 0.229504	 0.498694	 0.381953	 0.749898	-0.317156	 0.007777	-0.036362	 1.503097	-0.680413	 0.441415	 0.498479
-0.001684	 0.128087	 0.498694	 0.381953	 0.746898	-0.317156	-0.366476	 0.432221	 1.122039	-0.654254	 0.441415	 0.498479
-0.250589	 0.077378	 0.498694	 0.381953	 0.743911	-0.317156	-0.552122	 0.664711	 0.930028	-0.639918	 0.441415	 0.498479
-0.375042	 0.052024	 0.498694	 0.381954	 0.740935	-0.317156	-0.643469	 0.779161	 0.832547	-0.631499	 0.441415	 0.498479
 0.062731	 0.039347	 0.498694	 0.381954	 0.237971	-0.317156	-0.687673	 0.834599	 1.282336	-0.626043	 0.441415	 0.498479
 0.280617	 0.033008	 0.498694	 0.381954	-0.013511	-0.317156	-0.708311	 0.860538	 1.503766	-0.622074	 0.441415	 0.498479
 0.389560	 0.029839	 0.498694	 0.381954	 0.360749	-0.317156	-0.217172	 0.871735	 1.611031	-0.618854	-0.058585	 0.498479
 0.444031	 0.028255	 0.498694	 0.381954	 0.546408	-0.317156	 0.028397	 0.875567	 1.661227	-0.616012	-0.307468	 0.498479
 0.471267	 0.027462	 0.498694	 0.381954	 0.637774	-0.317156	-0.348818	 0.375724	 1.682902	-0.613365	 0.069203	 0.498479
 0.484885	 0.027066	 0.498694	 0.381954	 0.681998	-0.317156	-0.535974	 0.125803	 1.690330	-0.610820	 0.257539	 0.498479
-0.008306	 0.026868	 0.498694	 0.381954	 0.702658	-0.317156	-0.628105	 0.500842	 1.190649	-0.608331	 0.351707	 0.498479
-0.253899	 0.026769	 0.498694	 0.381954	 0.711541	-0.317156	-0.672730	 0.686610	 0.939426	-0.605875	 0.398790	 0.498479
-0.376695	 0.026719	 0.498694	 0.381954	 0.714542	-0.317156	-0.693608	 0.777750	 0.812438	-0.603440	 0.422332	 0.498479
-0.438093	 0.026695	 0.498694	 0.381954	 0.714607	-0.317156	-0.202618	 0.821581	 0.747574	-0.601020	 0.434103	 0.498479
-0.468792	 0.026682	 0.498694	 0.381954	 0.713211	-0.317156	 0.042877	 0.841766	 0.713776	-0.598613	 0.439989	 0.498479
-0.484142	 0.026676	 0.498694	 0.381954	 0.711089	-0.817156	-0.334376	 0.850135	 0.695517	-0.596217	 0.442932	 0.498479
-0.491816	 0.026673	 0.498694	 0.381954	 0.708610	-1.064522	-0.521579	 0.852602	 0.685033	-0.593832	 0.444403	 0.498479
 0.004346	 0.026671	 0.498694	 0.381954	 0.705958	-0.685581	-0.613763	 0.852126	 1.178442	-0.591456	 0.445139	 0.498479
 0.251427	 0.026671	 0.498694	 0.381954	 0.703226	-0.496111	-0.658443	 0.850184	 1.421803	-0.589090	 0.445507	 0.498479
 0.374967	 0.026670	 0.498694	 0.381954	 0.700458	-0.401375	-0.179377	 0.847517	 1.540153	-0.586734	 0.445690	 0.498479
 0.436737	 0.026670	 0.498694	 0.381954	 0.697679	-0.354008	 0.060157	 0.844494	 1.596011	-0.584387	 0.445782	 0.498479
 0.467622	 0.026670	 0.498694	 0.381954	 0.694900	-0.330324	 0.179923	 0.841299	 1.620636	-0.582049	 0.445828	 0.498479
 0.483064	 0.026670	 0.498694	 0.381954	 0.692126	-0.318482	 0.239806	 0.338026	 1.129658	-0.579721	 0.445851	 0.498479
 0.490786	 0.026670	 0.498694	 0.381954	 0.689361	-0.312561	 0.269748	 0.086389	 0.882892	-0.577402	 0.445863	 0.498479
 0.494646	 0.026670	 0.498694	 0.381954	 0.686605	-0.309601	-0.215281	 0.460571	 1.258236	-0.575092	 0.445869	 0.498479
 0.496577	 0.026670	 0.498694	 0.381954	 0.683859	-0.308120	-0.456395	 0.645992	 1.442642	-0.572792	 0.445872	 0.498479
 0.497542	 0.526670	 0.498694	 0.381954	 0.681124	-0.307380	-0.575557	 0.737040	 1.531590	-0.570501	 0.445873	 0.498479
 0.498024	 0.774617	 0.498694	 0.381954	 0.678399	-0.307010	-0.633749	 0.780907	 1.572823	-0.568219	 0.445874	 0.498479
 0.498266	 0.896545	 0.498694	 0.381954	 0.675686	-0.306825	-0.161461	 0.801192	 0.590212	-0.565946	 0.445874	 0.498479
 0.498386	 0.955472	 0.498694	 0.381954	 0.672983	-0.306733	 0.074684	 0.809691	 0.098906	-0.563682	 0.445874	 0.498479
 0.498447	 0.482907	 0.498694	 0.881954	 0.670291	-0.306686	-0.307244	 0.812304	 0.353253	-0.561427	 0.445874	 0.498479
 0.498477	 0.246624	 0.498694	 1.129190	 0.667610	-0.306663	-0.496830	 0.811981	 0.479211	-0.559182	 0.445874	 0.498479
 0.498492	 0.128483	 0.498694	 1.250055	 0.664940	-0.306652	-0.590250	 0.810196	 0.540980	-0.556945	 0.445874	 0.498479
 0.498499	 0.069412	 0.498694	 0.807746	 0.662280	-0.306646	-0.135593	 0.807687	 0.570659	-0.554717	 0.445874	 0.498479
 0.498503	 0.039877	 0.498694	 0.586591	 0.659631	-0.306643	 0.091736	 0.804822	 0.584298	-0.552498	 0.445874	 0.498479
-0.001495	 0.025109	 0.498694	 0.476014	 0.656992	-0.306642	 0.205400	 0.801785	 1.089921	-0.550288	 0.445874	 0.498479
-0.250491	 0.017725	 0.498694	 0.420725	 0.654364	-0.306641	 0.262232	 0.798670	 1.339542	-0.548087	 0.445874	 0.498479
 0.125011	 0.014033	 0.498694	 0.893081	 0.651747	-0.306641	-0.209351	 0.295521	 1.461174	-0.545895	 0.445874	 0.498479
 0.311761	 0.012187	 0.498694	 1.126528	 0.649140	-0.306640	-0.443782	 0.043946	 1.518824	-0.543711	 0.445874	 0.498479
-0.094864	 0.511264	 0.498694	 0.740531	 0.646543	-0.306640	-0.559640	 0.418159	 1.044497	-0.541536	 0.445874	 0.498479
-0.297174	 0.758782	 0.498694	 0.547533	 0.643957	-0.306640	-0.616218	 0.603681	 0.806193	-0.539370	 0.445874	 0.498479
-0.398328	 0.880529	 0.498694	 0.451034	 0.641381	-0.306640	-0.643162	 0.694863	 0.685905	-0.537213	 0.445874	 0.498479
 0.051094	 0.939397	 0.498694	 0.402784	 0.638816	-0.306640	-0.655294	 0.738882	 1.124629	-0.535064	 0.445874	 0.498479
 0.274804	 0.966835	 0.498694	 0.378659	 0.636261	-0.306640	-0.660025	 0.759326	 1.340865	-0.532924	 0.445874	 0.498479
 0.386660	 0.478565	 0.498694	 0.366597	 0.633716	-0.306640	-0.161061	 0.767988	 1.445869	-0.530792	 0.445874	 0.498479
 0.442587	 0.234430	 0.498694	 0.360566	 0.631181	-0.306640	 0.088422	 0.770766	 1.495269	-0.528669	 0.445874	 0.498479
 0.470551	 0.112363	 0.498694	 0.357550	 0.628656	-0.306640	 0.213163	 0.770608	 1.016880	-0.526554	 0.445874	 0.498479
 0.484533	 0.051329	 0.498694	 0.356042	 0.626141	-0.306640	 0.275533	 0.768988	 0.776608	-0.524448	 0.445874	 0.498479
 0.491524	 0.020813	 0.498694	 0.355289	 0.123637	-0.306640	-0.193282	 0.766643	 1.155399	-0.522350	 0.445874	 0.498479
 0.495019	 0.005554	 0.498694	 0.354912	-0.127616	-0.306640	-0.426365	 0.763942	 1.341727	-0.520261	 0.445874	 0.498479
 0.496767	-0.002075	 0.498694	 0.354723	-0.253242	-0.306640	-0.541588	 0.761069	 1.431834	-0.518180	 0.445874	 0.498479
-0.002359	 0.494110	 0.498694	 0.354629	 0.183945	-0.306640	-0.597885	 0.758116	 1.473844	-0.516107	 0.445874	 0.498479
-0.250919	 0.740222	 0.498694	 0.354582	 0.401296	-0.306640	-0.624726	 0.755130	 1.491818	-0.514043	 0.445874	 0.498479
-0.375199	 0.361306	 0.498694	 0.354558	 0.508735	-0.306640	-0.136843	 0.752132	 1.497785	-1.011986	 0.445874	 0.498479
-0.437339	 0.171847	 0.498694	 0.354546	 0.561222	-0.306640	 0.107098	 0.749135	 1.497761	-1.257938	 0.445874	 0.498479
 0.031591	 0.577118	 0.498694	 0.354541	 0.586238	-0.306640	-0.270931	 0.746144	 0.994753	-0.877907	 0.445874	 0.498479
 0.265055	 0.777789	 0.498694	 0.354538	 0.597523	-0.306640	-0.458647	 0.743162	 0.743249	-0.687891	 0.445874	 0.498479
 0.381787	 0.376167	 0.498694	 0.354536	 0.601948	-0.306640	-0.551213	 0.240191	 0.617498	-0.592883	 0.445874	 0.498479
 0.440153	 0.175357	 0.498694	 0.354535	 0.602948	-0.306640	-0.596208	-0.011294	 0.554622	-0.545379	 0.445874	 0.498479
 0.469336	 0.074951	 0.498694	 0.354535	 0.602240	-0.306640	-0.617424	-0.137037	 0.523184	-0.521627	 0.445874	 0.498479
 0.483927	 0.024748	 0.498694	 0.354535	 0.100683	-0.306640	-0.626754	 0.300091	 0.507465	-0.509751	 0.445874	 0.498479
 0.491223	-0.000353	 0.498694	 0.354535	-0.150096	-0.306640	-0.630147	 0.517181	 0.499605	-0.503813	 0.445874	 0.498479
 0.494871	 0.487096	 0.498694	 0.354535	 0.224515	-0.306640	-0.630576	 0.624258	 0.995675	-0.500844	-0.054126	 0.498479
 0.496695	 0.728872	 0.498694	 0.354535	 0.410622	-0.306640	-0.629529	 0.676333	 1.240727	-0.499359	-0.303017	 0.498479
-0.002393	 0.347818	 0.498694	 0.354535	 0.502482	-0.306640	-0.627748	 0.700914	 0.860281	-0.498617	 0.073641	 0.498479
-0.250934	 0.157292	 0.498694	 0.354535	 0.547224	-0.306640	-0.625606	 0.711754	 0.670058	-0.498246	 0.261970	 0.498479
 0.124795	 0.062028	 0.498694	 0.354535	 0.568410	-0.306640	-0.623288	 0.715728	 0.574947	-0.498060	 0.356134	 0.498479
 0.311659	 0.014397	 0.498694	 0.354535	 0.577825	-0.306640	-0.620887	 0.716276	 0.527391	-0.497968	 0.403216	 0.498479
 0.405091	-0.009419	 0.498694	 0.354535	 0.581357	-0.306640	-0.618450	 0.715116	 0.503613	-0.497921	 0.426757	 0.498479
 0.451806	-0.021327	 0.498694	 0.354535	 0.581954	-0.306640	-0.115999	 0.713108	 0.491725	-0.497898	 0.438528	 0.498479
 0.475164	-0.027281	 0.498694	 0.354535	 0.581087	-0.306640	 0.135226	 0.710682	 0.485780	-0.497886	 0.444413	 0.498479
-0.013157	-0.030258	 0.498694	 0.854535	 0.579493	-0.306640	-0.239161	 0.708053	 0.982808	-0.497881	 0.447356	 0.498479
-0.256314	-0.031747	 0.498694	 1.101826	 0.577540	-0.306640	-0.425127	 0.705327	 1.228362	-0.497878	 0.448827	 0.498479
 0.122107	 0.467509	 0.498694	 1.222773	 0.575413	-0.306640	-0.016889	 0.702559	 0.848191	-0.497876	 0.449563	 0.498479
 0.310317	 0.715204	 0.498694	 1.280559	 0.573203	-0.306640	 0.187231	 0.699776	 0.658106	-0.497876	 0.449931	 0.498479
 0.404421	 0.337125	 0.498694	 1.306775	 0.570955	-0.306640	-0.210709	 0.696990	 0.063063	-0.497875	 0.450115	 0.498479
 0.451474	 0.148086	 0.498694	 1.317218	 0.568694	-0.306640	-0.408462	 0.694209	-0.233394	-0.497875	 0.450207	 0.498479
 0.475000	 0.053566	 0.498694	 1.319783	 0.566431	-0.306640	-0.506126	 0.691435	-0.380563	-0.497875	 0.450253	 0.498479
-0.013237	 0.506306	 0.498694	 1.318422	 0.564171	-0.306640	-0.553751	 0.688671	 0.546908	-0.497875	 0.450276	 0.498479
-0.256352	 0.730758	 0.498694	 1.315107	 0.561917	-0.306640	-0.576360	 0.685917	 1.007695	-0.497875	 0.450287	 0.498479
-0.377910	 0.841074	 0.498694	 0.810826	 0.559671	-0.306640	-0.586467	 0.683174	 0.735151	-0.497875	 0.450293	 0.498479
-0.438689	 0.894329	 0.498694	 0.558685	 0.557433	-0.306640	-0.590327	 0.680441	 0.598879	-0.497875	 0.450296	 0.498479
 0.030922	 0.919061	 0.498694	 0.432615	 0.555204	-0.306640	-0.591069	 0.677720	 1.030743	-0.497875	 0.450297	 0.498479
 0.264726	 0.929540	 0.498694	 0.369580	 0.552983	-0.306640	-0.590256	 0.675009	 1.243750	-0.497875	 0.450298	 0.498479
-0.118372	 0.432899	 0.498694	 0.338062	 1.050771	-0.306640	-0.588671	 0.672309	 1.347340	-0.497875	 0.450298	 0.498479
-0.308918	 0.184579	 0.498694	 0.322303	 1.296568	-0.306640	-0.586704	 0.669620	 1.396233	-0.497875	 0.450298	 0.498479
-0.404191	 0.060418	 0.498694	 0.314424	 1.416382	-0.306640	-0.584551	 0.666941	 1.417789	-0.497875	 0.450298	 0.498479
 0.048172	 0.498338	 0.498694	 0.810484	 0.973216	-0.306640	-0.582310	 0.664273	 0.425689	-0.497875	-0.049702	 0.498479
 0.273353	 0.715426	 0.498694	 1.055901	 0.750573	-0.306640	-0.580029	 0.661616	-0.069229	-0.497875	-0.298602	 0.498479
 0.385943	 0.322104	 0.498694	 1.176007	 0.638196	-0.306640	-0.077733	 0.658970	 0.184441	-0.497875	 0.078043	 0.498479
 0.442239	 0.125444	 0.498694	 1.233468	 0.580956	-0.306640	 0.173415	 0.656334	 0.311276	-0.497875	 0.266365	 0.498479
-0.029614	 0.527113	 0.498694	 0.759616	 0.551288	-0.306640	-0.701011	 0.653709	 0.874693	-0.497875	 0.360526	 0.498479
-0.264537	 0.726091	 0.498694	 0.522691	 0.535411	-0.306640	-1.135074	 0.651094	 1.153526	-0.497875	 0.407607	 0.498479
-0.381999	 0.823729	 0.498694	 0.404228	 0.526434	-0.306640	-0.348966	 0.648489	 0.790077	-0.497875	 0.431147	 0.498479
-0.440730	 0.870706	 0.498694	 0.344996	 0.520910	-0.306640	 0.044087	 0.645895	 0.608353	-0.497875	 0.442917	 0.498479
-0.470095	 0.892359	 0.498694	 0.315381	 0.517117	-0.306640	 0.240614	 0.643312	 0.517491	-0.497875	 0.448802	 0.498479
 0.015222	 0.401357	 0.498694	 0.300573	 0.514194	-0.306640	 0.338877	 0.640739	 0.472060	-0.497875	 0.451745	 0.498479
 0.256880	 0.155856	 0.498694	 0.293169	 0.511710	-0.306640	 0.388009	 0.638176	 0.449344	-0.497875	 0.453216	 0.498479
 0.377709	 0.033106	 0.498694	 0.789467	 0.509450	-0.306640	-0.087425	 0.635623	 0.937986	-0.497875	 0.453952	 0.498479
 0.438123	-0.028269	 0.498694	 1.035044	 0.507305	-0.306640	-0.324016	 0.633080	 1.179454	-0.497875	 0.454320	 0.498479
 0.468330	-0.058957	 0.498694	 0.655272	 0.505223	 0.193360	-0.441191	 0.630548	 0.797346	-0.497875	 0.454503	 0.498479
 0.483434	-0.074301	 0.498694	 0.465386	 0.503175	 0.441973	-0.498661	 0.628026	 0.606292	-0.497875	 0.454595	 0.498479
 0.490986	 0.418027	 0.498694	 0.870442	 0.501149	 0.064899	-0.526284	 0.625514	 1.010765	-0.497875	 0.454641	 0.498479
 0.494762	 0.662371	 0.498694	 1.070420	 0.500136	-0.123639	-0.538988	 0.623012	 1.210172	-0.497875	 0.454664	 0.498479
 0.496649	 0.782729	 0.498694	 1.167868	 0.499629	-0.217907	-0.544236	 0.620520	 1.307055	-0.497875	 0.454676	 0.498479
 0.497593	 0.341102	 0.498694	 0.714061	 0.999376	-0.265042	-0.545762	 0.618038	 0.852689	-0.497875	 0.454682	 0.498479
 0.498065	 0.120288	 0.498694	 0.487158	 1.246251	-0.288609	-0.545430	 0.615566	 0.625506	-0.497875	 0.454684	 0.498479
 0.498301	 0.509882	 0.498694	 0.373706	 0.866703	-0.300392	-0.544174	 0.613103	 1.011915	-0.497875	 0.454686	 0.498479
 0.498419	 0.702879	 0.498694	 0.316980	 0.676928	-0.306284	-0.542460	 0.610651	 1.202323	-0.497875	 0.454687	 0.498479
-0.001522	 0.297586	 0.498694	 0.788617	 0.582041	-0.309230	-0.040521	 0.608208	 1.294741	-0.497875	 0.454687	 0.498479
-0.250489	 0.094940	 0.498694	 1.021915	 0.534598	-0.310703	 0.210448	 0.605775	 1.338176	-0.497875	 0.454687	 0.498479
 0.125027	 0.493617	 0.498694	 0.636054	 1.010876	-0.311440	-0.164067	 0.603352	 1.357130	-0.497875	 0.454687	 0.498479
 0.311784	 0.691170	 0.498694	 0.443123	 1.246041	-0.311808	-0.350248	 0.600939	 1.363855	-0.497875	 0.454687	 0.498479
 0.405163	 0.788170	 0.498694	 0.346658	 1.360661	-0.311992	-0.442265	 0.598535	 1.364476	-0.497875	 0.454687	 0.498479
 0.451852	 0.334899	 0.498694	 0.298425	 0.915020	-0.312084	-0.487205	 0.596141	 0.862057	-0.497875	 0.454687	 0.498479
 0.475196	 0.108264	 0.498694	 0.274309	 0.692200	-0.312130	-0.508611	 0.593756	 0.610847	-0.497875	 0.454687	 0.498479
-0.013131	 0.494946	 0.498694	 0.762251	 0.580790	-0.312153	-0.018254	 0.591381	 0.985242	-0.497875	 0.454687	 0.498479
-0.256292	 0.686524	 0.498694	 1.003721	 0.525084	-0.312164	 0.226924	 0.589016	 1.169720	-0.497875	 0.454687	 0.498479
 0.122127	 0.280557	 0.498694	 0.621966	 0.997232	-0.312170	 0.349514	 0.586660	 0.759251	-0.497875	 0.454687	 0.498479
 0.310336	 0.077573	 0.498694	 0.431089	 1.230367	-0.312173	 0.410808	 0.584313	 0.554016	-0.497875	 0.454687	 0.498479
-0.095560	-0.023918	 0.498694	 0.335650	 1.344007	-0.312175	-0.058544	 0.581976	 0.951399	-0.497875	 0.454687	 0.498479
-0.297505	-0.074664	 0.498694	 0.287930	 1.397912	-0.312175	-0.292165	 0.579648	 1.147393	-0.497875	 0.454687	 0.498479
-0.398477	 0.399963	 0.498694	 0.764071	 0.921961	-0.312176	-0.407924	 0.577329	 1.242703	-0.497875	 0.454687	 0.498479
-0.448963	 0.635527	 0.498694	 0.999660	 0.683986	-0.312176	-0.464755	 0.575020	 1.287682	-0.497875	 0.454687	 0.498479
-0.474206	 0.751567	 0.498694	 1.114985	 0.564998	-0.312176	-0.492128	 0.572720	 1.307506	-0.497875	 0.454687	 0.498479
 0.013172	 0.807852	 0.498694	 1.170186	 1.005504	-0.312176	-0.004776	 0.570429	 1.314764	-0.497875	 0.454687	 0.498479
 0.255860	 0.834266	 0.498694	 1.195336	 1.222865	-0.312176	 0.238901	 0.568147	 1.315748	-0.497875	 0.454687	 0.498479
-0.122796	 0.345752	 0.498694	 1.205470	 0.828665	-0.312176	-0.139261	 0.565875	 1.313607	-0.497875	 0.454687	 0.498479
-0.311121	 0.101494	 0.498694	 1.208106	 0.631565	-0.312176	-0.327307	 0.563611	 1.309914	-0.497875	 0.454687	 0.498479
 0.094717	-0.020634	 0.498694	 0.707003	 0.533015	-0.312176	-0.420300	 0.561357	 0.805455	-0.497875	-0.045313	 0.498479
 0.296634	-0.081698	 0.498694	 0.456451	 0.483740	-0.312176	-0.465769	 0.559111	 0.553225	-0.497875	-0.294222	 0.498479
-0.102407	-0.112231	 0.498694	 0.331175	 0.959103	-0.312176	-0.487482	 0.556875	-0.072890	-0.497875	 0.082410	 0.498479
-0.300925	-0.127497	 0.498694	 0.268537	 1.193915	-0.312176	-0.497319	 0.554648	-0.384549	-0.497875	 0.270725	 0.498479
-0.400183	-0.135130	 0.498694	 0.237218	 1.308464	-0.312176	-0.501224	 0.552429	-0.538987	-0.497875	 0.364883	 0.498479
 0.050187	-0.138946	 0.498694	 0.221559	 0.862892	-0.312176	-0.002166	 0.550219	 0.385182	-0.497875	 0.411962	 0.498479
 0.274371	-0.140854	 0.498694	 0.213729	 0.640106	-0.312176	 0.247363	 0.548018	 0.844647	-0.497875	 0.435502	 0.498479
 0.386463	 0.358191	 0.498694	 0.209814	 0.528713	-0.312176	 0.372128	 0.545826	 1.071772	-0.497875	 0.447271	 0.498479
 0.442509	 0.606000	 0.498694	 0.207856	 0.473017	-0.312176	 0.434510	 0.543643	 1.182736	-0.497875	 0.453156	 0.498479
-0.029468	 0.728196	 0.498694	 0.706878	 0.945168	-0.312176	-0.034299	 0.541468	 0.735631	-0.497875	 0.456099	 0.498479
-0.264453	 0.787594	 0.498694	 0.953977	 1.178410	-0.312176	-0.267697	 0.539303	 0.512078	-0.497875	 0.457570	 0.498479
 0.118054	 0.815599	 0.498694	 0.575124	 1.292207	-0.312176	-0.383394	 0.537145	 0.900302	-0.497875	 0.458306	 0.498479
 0.308307	 0.827914	 0.498694	 0.385697	 1.346294	-0.312176	-0.441243	 0.534997	 1.091837	-0.497875	 0.458673	 0.498479
 0.403433	 0.832391	 0.498694	 0.290984	 1.370536	-0.312176	-0.470167	 0.532857	 1.185037	-0.497875	 0.458857	 0.498479
-0.049004	 0.832956	 0.498694	 0.243628	 0.879868	-0.312176	 0.015371	 0.530725	 0.729081	-0.497875	 0.458949	 0.498479
-0.274220	 0.831571	 0.498694	 0.219949	 0.634534	-0.312176	 0.257138	 0.528602	 0.501103	-0.497875	 0.458995	 0.498479
 0.113173	 0.829219	 0.498694	 0.208110	 0.511867	-0.312176	-0.121978	 0.526488	 0.887114	-0.497875	 0.459018	 0.498479
 0.305868	 0.826389	 0.498694	 0.202191	 0.450533	-0.312176	-0.310534	 0.524382	 1.077573	-0.497875	 0.459030	 0.498479
 0.402215	 0.323326	 0.498694	 0.699231	 0.419866	-0.312176	 0.095188	 0.522285	 1.170267	-0.497875	 0.459035	 0.498479
 0.450389	 0.071795	 0.498694	 0.945358	 0.404533	-0.312176	 0.297047	 0.520195	 1.214088	-0.497875	 0.459038	 0.498479
-0.025524	 0.446030	 0.498694	 1.066039	 0.896866	-0.312176	-0.102024	 0.518115	 1.233482	-0.497875	 0.459040	 0.498479
-0.262478	 0.631506	 0.498694	 1.124006	 1.140255	-0.312176	-0.300557	 0.516042	 1.240674	-0.497875	 0.459040	 0.498479
-0.380955	 0.722611	 0.498694	 1.150626	 1.259181	-0.312176	-0.399823	 0.513978	 1.241774	-0.497875	 0.459041	 0.498479
 0.059807	 0.766536	 0.498694	 1.161581	 0.815889	-0.312176	-0.449456	 0.511922	 1.239838	-0.497875	 0.459041	 0.498479
 0.279186	 0.786877	 0.498694	 1.164714	 0.594242	-0.312176	-0.474273	 0.509874	 1.236395	-0.497875	 0.459041	 0.498479
 0.388876	 0.795433	 0.498694	 1.163944	 0.483419	-0.312176	 0.013319	 0.507835	 1.232207	-0.497875	 0.459041	 0.498479
 0.443721	 0.798104	 0.498694	 1.161233	 0.428008	-0.312176	 0.256113	 0.505804	 1.227657	-0.497875	 0.459041	 0.498479
-0.028856	 0.797837	 0.498694	 1.157561	 0.900302	-0.312176	 0.377510	 0.503780	 1.222936	-0.497875	 0.459041	 0.498479
-0.264142	 0.796109	 0.498694	 1.153417	 1.133704	-0.312176	 0.438208	 0.501765	 1.218139	-0.497875	 0.459041	 0.498479
 0.118215	 0.293656	 0.498694	 0.149046	 0.747670	 0.187824	 0.468557	 0.500758	 1.213314	-0.497875	 0.459041	 0.498479
 0.308392	 0.042429	 0.498694	-0.351429	 0.554654	 0.436448	 0.483732	 0.500254	 1.208484	-0.497875	 0.459041	 0.498479
 0.403481	-0.083184	 0.498694	-0.599962	 0.458145	 0.559390	 0.491319	 0.500002	 1.203662	-0.497875	 0.459041	 0.498479
 0.451025	 0.354009	 0.498694	-0.222532	 0.909891	 0.119497	 0.495113	 0.499876	 1.198853	-0.497875	 0.459041	 0.498479
 0.474797	 0.571024	 0.498694	-0.033817	 1.133041	-0.100450	 0.497010	 0.499813	 1.194061	-0.497875	 0.459041	 0.498479
 0.486683	 0.177955	 0.498694	 0.560541	 1.241903	-0.210424	 0.497958	 0.499782	 1.189286	-0.497875	 0.459041	 0.498479
 0.492626	-0.018580	 0.498694	 0.855410	 1.293633	-0.265410	 0.498432	 0.499766	 1.184530	-0.497875	 0.459041	 0.498479
 0.495598	-0.116847	 0.498694	 1.000544	 0.816807	-0.292904	 0.498670	 0.499758	 0.679792	-0.497875	 0.459041	 0.498479
 0.497084	-0.165981	 0.498694	 1.070819	 0.578394	-0.306650	 0.498788	 0.499754	 0.427423	-0.497875	 0.459041	 0.498479
-0.002173	-0.190547	 0.498694	 1.103675	 0.459188	-0.313524	-0.001153	 0.499752	 0.801239	-0.497875	 0.459041	 0.498479
-0.250799	-0.202831	 0.498694	 1.117830	 0.399585	-0.316960	-0.250121	 0.499751	 0.985796	-0.497875	 0.459041	 0.498479
-0.375112	-0.208972	 0.498694	 1.122643	 0.369783	-0.318679	-0.374605	 0.499751	 1.075734	-0.497875	 0.459041	 0.498479
 0.062732	 0.287957	 0.498694	 1.122795	 0.854882	-0.319538	-0.436847	 0.499750	 0.618372	-0.497875	 0.459041	 0.498479
 0.280652	 0.534852	 0.498694	 1.120625	 1.094752	-0.319967	-0.467968	 0.499750	 0.389691	-0.497875	 0.459041	 0.498479
 0.389613	 0.156735	 0.498694	 1.117303	 1.212017	-0.320182	-0.483528	 0.499750	 0.775350	-0.497875	 0.459041	 0.498479
 0.444093	-0.032323	 0.498694	 1.113414	 1.267992	-0.320290	-0.491309	 0.499750	 0.965858	-0.497875	 0.459041	 0.498479
-0.028667	 0.373148	 0.498694	 1.109250	 1.293331	-0.320343	 0.004801	 0.499750	 1.058799	-0.497875	 0.459041	 0.498479
-0.264044	 0.574327	 0.498694	 1.104959	 1.303363	-0.320370	 0.251854	 0.499750	 1.102966	-0.497875	 0.459041	 0.498479
 0.118267	 0.673365	 0.498694	 1.100611	 1.305752	-0.820383	 0.375381	 0.999750	 1.122755	-0.497875	-0.040959	 0.498479
 0.308422	 0.721339	 0.498694	 1.096245	 1.304331	-1.067749	 0.437144	 1.246751	 1.130365	-0.497875	-0.289877	 0.498479
 0.403499	 0.743787	 0.498694	 1.091878	 1.301014	-1.188802	 0.468026	 1.367263	 1.131894	-0.497875	-0.413258	 0.498479
-0.048962	 0.253479	 0.498694	 0.587520	 1.296760	-0.746709	-0.016533	 0.924544	 0.630391	-0.497875	 0.026124	 0.498479
-0.274190	 0.008325	 0.498694	 0.335341	 1.292048	-0.525662	-0.257811	 0.703185	 0.379640	-0.497875	 0.245815	 0.498479
-0.386804	-0.114252	 0.498694	 0.709251	 0.787118	-0.415139	 0.121550	 0.592505	 0.754265	-0.497875	 0.355661	 0.498479
-0.443111	-0.175540	 0.498694	 0.894040	 0.534653	-0.359877	 0.310229	 0.537165	 0.939319	-0.497875	 0.410584	 0.498479
 0.028735	 0.293815	 0.498694	 0.484277	 0.908420	-0.332246	 0.404569	 0.509495	 0.529597	-0.497875	 0.438045	 0.498479
 0.263658	 0.526967	 0.498694	 0.279395	 1.092739	-0.318431	 0.451738	 0.495660	 0.324737	-0.497875	 0.451776	 0.498479
 0.381119	 0.642022	 0.498694	 0.176954	 1.182345	-0.311523	 0.475323	 0.488742	 0.722306	-0.497875	 0.458641	 0.498479
 0.439849	 0.698036	 0.498694	 0.125734	 1.224604	-0.308069	 0.487116	 0.485284	 0.918851	-0.497875	 0.462074	 0.498479
 0.469214	 0.224535	 0.498694	 0.600124	 0.743199	-0.306342	 0.493012	 0.483554	 1.014893	-0.497875	 0.463790	 0.498479
 0.483897	-0.012216	 0.498694	 0.835169	 0.502497	-0.305479	 0.495960	 0.482690	 1.060692	-0.497875	 0.464649	 0.498479
 0.491238	-0.130591	 0.498694	 0.950552	 0.382146	-0.305047	 0.497434	 0.482257	 1.081379	-0.497875	 0.465078	 0.498479
-0.005091	 0.310221	 0.498694	 1.006111	 0.821971	-0.304831	-0.001829	 0.482041	 1.089518	-0.497875	-0.034708	 0.498479
-0.252253	 0.529125	 0.498694	 1.031768	 1.039359	-0.304723	-0.250458	 0.481933	 1.091392	-0.497875	-0.283532	 0.498479
 0.124166	 0.637081	 0.498694	 1.042481	 0.645540	-0.304669	 0.125227	 0.481879	 1.090143	-0.497875	 0.093121	 0.498479
 0.311375	 0.689569	 0.498694	 1.045731	 0.448630	-0.304642	 0.312068	 0.481852	 1.087340	-0.497875	 0.281448	 0.498479
-0.095021	 0.714329	 0.498694	 1.045258	 0.850176	-0.304629	-0.094512	 0.481838	 0.583770	-0.997875	 0.375611	 0.498479
-0.297216	 0.725231	 0.498694	 1.042932	 1.048445	-0.304622	-0.296799	 0.481832	 0.331985	-1.244879	 0.422692	 0.498479
 0.101686	 0.729209	 0.498694	 1.039688	 0.645086	-0.304619	-0.397943	 0.981828	 0.706092	-0.865398	 0.446233	 0.498479
 0.300136	 0.729732	 0.498694	 1.035993	 0.443407	-0.304617	-0.448515	 1.228863	 0.890985	-0.675657	 0.458004	 0.498479
 0.399361	 0.728533	 0.498694	 1.032081	 0.342567	-0.304616	-0.473801	 1.349429	 0.981280	-0.580786	 0.463889	 0.498479
-0.051026	 0.726479	 0.498694	 0.528069	 0.792147	-0.304616	-0.486444	 0.906771	 0.524285	-0.533351	 0.466831	 0.498479
-0.275217	 0.724003	 0.498694	 0.276063	 1.014454	-0.304616	-0.492765	 0.685443	 0.295787	-0.509633	 0.468303	 0.498479
 0.112687	 0.721322	 0.498694	 0.650060	 0.623133	-0.304616	 0.004074	 0.574778	 0.681538	-0.497775	 0.469038	 0.498479
 0.305638	 0.718544	 0.498694	 0.835010	 0.427473	-0.304615	 0.251492	 0.519446	 0.872279	-0.491845	 0.469406	 0.498479
 0.402114	 0.715724	 0.498694	 0.925445	 0.829643	-0.304615	 0.375201	 0.491780	 0.965523	-0.488881	-0.030410	 0.498479
 0.450352	 0.712888	 0.498694	 0.968631	 1.028265	-0.304615	 0.437055	 0.477947	 1.010028	-0.487398	-0.279257	 0.498479
 0.474471	 0.210050	 0.498694	 0.488200	 1.125121	-0.304615	 0.467982	 0.471031	 1.030171	-0.486657	 0.097375	 0.498479
 0.486530	-0.041369	 0.498694	 0.247985	 1.171106	-0.304615	 0.483446	 0.467572	 1.038142	-0.486286	 0.285691	 0.498479
 0.492560	-0.167079	 0.498694	 0.127877	 1.191664	-0.304615	 0.491178	 0.465843	 1.040035	-0.486101	 0.379849	 0.498479
 0.495575	-0.229934	 0.498694	 0.567823	 0.699519	-0.304615	 0.495044	 0.464979	 0.538898	-0.486009	 0.426928	 0.498479
 0.497082	-0.261361	 0.498694	 0.785781	 0.453446	-0.304615	 0.496977	 0.464546	 0.288330	-0.485962	 0.450468	 0.498479
 0.497836	 0.222925	 0.498694	 0.392752	 0.330410	-0.304615	-0.002057	 0.464330	 0.663045	-0.985939	 0.462238	 0.498479
 0.498213	 0.463654	 0.498694	 0.196238	 0.268891	-0.304615	-0.250572	 0.464222	 0.848328	-1.232956	 0.468123	 0.498479
 0.498401	 0.582610	 0.498694	 0.597981	 0.238132	-0.304615	-0.374829	 0.464168	 0.938902	-0.853504	 0.471065	 0.498479
 0.498495	 0.640684	 0.498694	 0.796853	 0.222753	-0.304615	-0.436957	 0.464141	 0.982130	-0.663778	 0.472536	 0.498479
 0.498542	 0.168324	 0.498694	 0.894297	 0.715063	-0.304615	 0.031978	 0.464128	 1.001693	-0.568915	 0.473272	 0.498479
 0.498566	-0.067856	 0.498694	 0.941036	 0.958803	-0.304615	 0.265444	 0.464121	 1.009432	-0.521484	 0.473640	 0.498479
 0.498578	-0.185946	 0.498694	 0.962430	 1.078268	-0.304615	 0.382177	 0.464117	 1.011267	-0.497768	 0.473824	 0.498479
 0.498584	 0.255009	 0.498694	 0.971159	 1.135606	-0.304615	 0.440544	 0.464116	 1.010159	-0.485910	 0.473915	 0.498479
 0.498587	 0.474094	 0.498694	 0.973564	 1.161888	-0.304615	 0.469727	 0.464115	 1.007586	-0.479981	 0.473961	 0.498479
 0.498588	 0.082251	 0.498694	 0.972814	 1.172653	-0.304615	 0.484319	 0.464115	 1.004290	-0.477017	 0.473984	 0.498479
 0.498589	-0.113671	 0.498694	 0.970496	 1.175669	-0.304615	 0.491614	 0.464114	 1.000640	-0.475535	 0.473996	 0.498479
-0.001411	 0.288368	 0.498694	 0.967400	 1.174819	-0.304615	 0.495262	 0.464114	 0.996821	-0.474793	 0.474002	 0.498479
-0.250408	 0.488007	 0.498694	 0.963923	 1.172047	-0.304615	 0.497086	 0.464114	 0.992925	-0.474423	 0.474005	 0.498479
-0.374906	 0.086451	 0.498694	 0.960264	 0.668322	-0.304615	-0.002002	 0.464114	 0.989000	-0.474238	 0.474006	 0.498479
-0.437156	-0.114327	 0.498694	 0.956521	 0.416459	-0.304615	-0.250544	 0.464114	 0.985067	-0.474145	 0.474007	 0.498479
-0.468280	-0.214716	 0.498694	 0.452744	 0.790528	-0.304615	 0.125186	 0.464114	 0.981138	-0.474099	 0.474007	 0.498479
-0.483842	-0.264910	 0.498694	 0.200856	 0.975233	-0.304615	 0.312048	 0.464114	 0.977219	-0.474075	 0.474007	 0.498479
-0.491624	-0.290008	 0.498694	 0.074912	 1.065266	-0.304615	 0.405480	 0.464114	 0.973313	-0.474064	 0.474007	 0.498479
 0.004486	-0.302556	 0.498694	 0.011940	 0.607972	-0.304615	 0.452195	 0.464114	 0.969421	-0.474058	 0.474007	 0.498479
 0.251539	-0.308831	 0.498694	-0.019546	 0.379325	-0.304615	 0.475553	 0.464114	 0.965544	-0.474055	 0.474007	 0.498479
 0.375066	-0.311968	 0.498694	 0.464710	 0.765001	-0.304615	-0.012768	 0.464114	 0.961682	-0.474054	 0.474007	 0.498479
 0.436829	-0.313536	 0.498694	 0.704941	 0.955538	-0.304615	-0.255926	 0.464114	 0.957836	-0.474053	 0.474007	 0.498479
 0.467711	 0.185679	 0.498694	 0.823166	 1.048514	-0.304615	 0.122494	 0.464114	 0.954004	-0.474053	 0.474007	 0.498479
 0.483152	 0.433917	 0.498694	 0.880396	 1.092719	-0.304615	 0.310703	 0.464114	 0.950189	-0.474052	 0.474007	 0.498479
-0.009128	 0.556672	 0.498694	 0.907135	 0.612548	-0.304615	 0.404807	 0.464114	 0.946388	-0.474052	 0.474007	 0.498479
-0.254265	 0.616691	 0.498694	 0.918637	 0.372462	-0.304615	 0.451860	 0.464114	 0.942602	-0.474052	 0.474007	 0.498479
-0.376833	 0.645346	 0.498694	 0.922528	 0.252420	-0.304615	 0.475386	 0.464114	 0.938832	-0.474052	 0.474007	 0.498479
-0.438117	 0.158326	 0.498694	 0.922621	 0.192398	-0.304615	 0.487149	 0.464114	 0.935077	-0.474052	 0.474007	 0.498479
-0.468759	-0.085184	 0.498694	 0.920821	 0.162387	-0.304615	 0.493030	 0.464114	 0.931336	-0.474052	 0.474007	 0.498479
 0.015920	 0.293061	 0.498694	 0.918084	 0.647382	-0.304615	 0.495971	 0.464114	 0.927611	-0.474052	-0.025993	 0.498479
 0.257258	 0.480841	 0.498694	 0.914884	 0.887615	-0.304615	 0.497441	 0.464114	 0.923900	-0.474052	-0.274941	 0.498479
 0.377927	 0.573394	 0.498694	 0.911461	 1.005475	-0.304615	 0.498176	 0.464114	 0.920205	-0.474052	 0.101633	 0.498479
 0.438262	 0.618338	 0.498694	 0.907934	 1.062159	-0.304615	 0.498544	 0.464114	 0.916524	-0.474052	 0.289920	 0.498479
 0.468429	 0.139484	 0.498694	 0.904361	 1.088263	-0.304615	 0.498728	 0.464114	 0.912858	-0.474052	 0.384063	 0.498479
 0.483512	-0.099943	 0.498694	 0.900773	 1.099086	-0.304615	 0.498820	 0.464114	 0.909206	-0.474052	 0.431135	 0.498479
 0.491054	-0.219657	 0.498694	 0.897185	 1.102278	-0.304615	 0.498866	 0.464114	 0.905570	-0.474052	 0.454671	 0.498479
 0.494825	 0.220486	 0.498694	 0.893603	 1.101663	-0.304615	 0.498889	 0.464114	 0.901947	-0.474052	 0.466439	 0.498479
 0.496711	 0.439237	 0.498694	 0.890033	 1.099154	-0.304615	 0.498900	 0.464114	 0.898340	-0.474052	 0.472323	 0.498479
 0.497653	 0.547296	 0.498694	 0.886474	 1.095705	-0.304615	 0.498906	 0.964114	 0.894746	-0.474052	 0.475265	 0.498479
 0.498125	 0.600015	 0.498694	 0.882929	 1.091797	-0.304615	 0.498909	 1.211186	 0.891167	-0.474052	 0.476736	 0.498479
 0.498360	 0.625069	 0.498694	 0.879398	 1.087667	-0.304615	-0.001090	 0.831805	 0.887603	-0.474052	 0.477471	 0.498479
 0.498478	 0.636296	 0.498694	 0.875881	 1.083435	-0.304615	-0.250087	 0.642115	 0.884052	-0.474052	 0.477839	 0.498479
 0.498537	 0.140614	 0.498694	 0.872377	 0.579160	-0.304615	 0.125415	 0.547270	 0.880516	-0.474052	 0.478023	 0.498479
 0.498567	-0.107227	 0.498694	 0.868888	 0.327023	-0.304615	 0.312163	 0.499847	 0.876994	-0.474052	 0.478115	 0.498479
 0.498581	-0.231147	 0.498694	 0.865412	 0.200954	-0.304615	 0.405538	 0.476136	 0.873486	-0.474052	 0.478161	 0.498479
 0.498589	-0.293108	 0.498694	 0.861951	 0.637920	-0.304615	 0.452225	 0.464280	 0.869992	-0.474052	 0.478184	 0.498479
 0.498592	-0.324088	 0.498694	 0.858503	 0.854253	-0.304615	 0.475569	 0.458352	 0.866512	-0.474052	 0.478195	 0.498479
 0.498594	 0.160422	 0.498694	 0.355069	 0.960279	-0.304615	 0.487241	 0.455389	 0.863046	-0.474052	 0.478201	 0.498479
 0.498595	 0.401387	 0.498694	 0.103352	 1.011159	-0.304615	 0.493076	 0.453907	 0.859594	-0.474052	 0.478204	 0.498479
 0.498596	 0.520585	 0.498694	 0.477493	 1.034475	-0.304615	 0.495994	 0.453166	 0.856155	-0.474052	 0.478205	 0.498479
 0.498596	 0.578905	 0.498694	 0.662861	 1.044017	-0.304615	 0.497453	 0.452795	 0.852731	-0.474052	 0.478206	 0.498479
 0.498596	 0.606790	 0.498694	 0.753848	 1.046681	 0.195385	 0.498183	 0.952610	 0.849320	-0.474052	 0.478207	 0.498479
 0.498596	 0.619463	 0.498694	 0.797652	 1.045914	 0.443994	 0.498548	 1.199612	 0.845923	-0.474052	 0.478207	 0.498479
 0.498596	 0.624535	 0.498694	 0.817871	 1.043441	 0.566913	 0.498730	 1.320220	 0.842539	-0.474052	 0.478207	 0.498479
-0.001404	 0.125812	 0.498694	 0.326305	 1.040122	 0.126993	 0.498821	 1.377643	 0.839169	-0.474052	 0.478207	 0.498479
