-0.378026	 0.498708	 0.499328	 0.426123	-0.461195	-0.000991	-0.814192	 1.221379	 0.559648	-0.499784	 0.498156	 0.498436
-0.438448	 0.498708	 0.499328	 0.799447	-0.384624	-0.249963	-0.810935	 1.216494	 0.557410	-0.499784	 0.498156	 0.498436
-0.468659	 0.498708	 0.499328	 0.983763	-0.346339	 0.125552	-0.807691	 0.711628	 0.555180	 0.000216	 0.498156	 0.498436
-0.483765	 0.498708	 0.499328	 1.073584	-0.327197	 0.312307	-0.804460	 0.459195	 0.552959	 0.249216	 0.498156	 0.498436
-0.491318	 0.498708	 0.499328	 1.116169	-0.317625	 0.405684	-0.801243	 0.332979	 0.550748	 0.373716	 0.498156	 0.498436
-0.495094	 0.498708	 0.499328	 1.135143	-0.812840	 0.452373	-1.298038	 0.769871	 0.548545	-0.064035	 0.498156	 0.498436
-0.496982	 0.498708	 0.499328	 1.142322	-1.057831	 0.475717	-1.542846	 0.985903	 0.546350	-0.281906	 0.498156	 0.498436
-0.497926	 0.498708	 0.499328	 1.143613	-1.177721	 0.487389	-1.661674	 1.091515	 0.544165	-0.390842	 0.498156	 0.498436
-0.498398	 0.498708	 0.499328	 1.141968	-0.735070	 0.493226	-1.217527	 1.141927	 0.541988	-0.445310	 0.498156	 0.498436
-0.498634	 0.498708	 0.499328	 1.138865	-0.513745	 0.496144	-0.993907	 1.164748	 0.539820	-0.472544	 0.498156	 0.498436
-0.498752	 0.498708	 0.499328	 1.135042	-0.403083	 0.497603	-0.880557	 1.173784	 0.537661	 0.013839	 0.498156	 0.498436
-0.498811	 0.498708	 0.499328	 1.130868	-0.347751	 0.498332	-0.822347	 1.175936	 0.535511	 0.256030	 0.498156	 0.498436
 0.001159	 0.498708	 0.499328	 1.126528	-0.320086	 0.498697	-0.791714	 1.174656	 0.533368	-0.122874	 0.498156	 0.498436
 0.250142	 0.498708	 0.499328	 1.122113	-0.306253	 0.498879	-0.774875	 1.171669	 0.531235	-0.311323	 0.498156	 0.498436
 0.374634	 0.498708	 0.499328	 1.117671	-0.299336	 0.498970	-0.764940	 1.167838	 0.529110	-0.405547	 0.498156	 0.498436
 0.436879	 0.498708	 0.499328	 1.113223	-0.295878	-0.000984	-0.758462	 1.163595	 0.026994	-0.452659	 0.498156	-0.001564
 0.468002	 0.498708	 0.499328	 0.608781	-0.294149	 0.250041	-0.753719	 1.159155	 0.275935	-0.476215	 0.498156	 0.249439
 0.483564	 0.498708	 0.499328	 0.356561	-0.293285	 0.374551	-0.749850	 1.154625	 0.399357	-0.487993	 0.498156	 0.373940
-0.008656	 0.498708	 0.499328	-0.269550	-0.292852	 0.436806	-0.746423	 0.650060	 0.460022	 0.006118	 0.498156	 0.436190
-0.253764	 0.498708	 0.499328	-0.580813	-0.292636	 0.467934	-0.743224	 0.397777	 0.489313	 0.252173	 0.498156	 0.467315
-0.376318	 0.498708	 0.499328	-0.734661	-0.292528	 0.483497	-0.740144	 0.271636	 0.502921	 0.375200	 0.498156	 0.482878
-0.437594	 0.498708	 0.499328	-0.309808	-0.292474	 0.491279	-0.737130	 0.708565	 0.508692	-0.063286	 0.498156	 0.490659
-0.468233	 0.498708	 0.499328	-0.097382	-0.292447	 0.495170	-0.734155	 0.924739	 0.510549	-0.281526	 0.498156	 0.494550
 0.016448	 0.498708	 0.499328	 0.508832	-0.792434	 0.497116	-0.731205	 1.030544	 0.510452	-0.390645	 0.498156	 0.496495
 0.257786	 0.498708	 0.499328	 0.809708	-1.039842	 0.498088	-0.728273	 1.081174	 0.509383	-0.445205	 0.498156	 0.497468
-0.121545	 0.498708	 0.499328	 0.957925	-0.660972	 0.498575	-0.725357	 1.104225	 0.507832	-0.472485	 0.498156	 0.497954
-0.310209	 0.498708	 0.499328	 1.029822	-0.471537	 0.498818	-0.722454	 1.113496	 0.506044	-0.486125	 0.498156	 0.498197
 0.095459	 0.498708	 0.499328	 1.063566	-0.876819	 0.498940	-0.719563	 1.115886	 0.504142	-0.492945	 0.498156	 0.498319
 0.297291	 0.498708	 0.499328	 1.078244	-1.076896	 0.499000	-0.716685	 1.114845	 0.502186	-0.496355	 0.498156	 0.498380
-0.101793	 0.498708	 0.499328	 1.083397	-1.174381	 0.499031	-0.713818	 1.112097	 0.500207	 0.001940	 0.498156	 0.498410
-0.300333	 0.498708	 0.499328	 1.083797	-1.220579	 0.499046	-0.710962	 1.108504	 0.499218	 0.250087	 0.498156	 0.498425
-0.399603	 0.498708	 0.499328	 1.081828	-0.741145	 0.499054	-0.708118	 1.104497	 0.498724	 0.374160	 0.498156	 0.498433
-0.449238	 0.498708	 0.499328	 1.078684	-0.501428	 0.499057	-0.705286	 1.100293	 0.498476	 0.436197	 0.498156	 0.498437
-0.474056	 0.498708	 0.499328	 1.074961	-0.381569	 0.499059	-0.702465	 1.095999	 0.498353	 0.467216	 0.498156	 0.498439
-0.486465	 0.498708	 0.499328	 1.070957	-0.321640	 0.499060	-0.699655	 1.091668	 0.498291	 0.482725	 0.498156	 0.498439
 0.007331	 0.498708	 0.499328	 1.066821	-0.291675	 0.499061	-0.196856	 1.087329	 0.498260	-0.009521	 0.498156	 0.498440
 0.253226	 0.498708	 0.499328	 1.062627	-0.276693	 0.499061	 0.054543	 1.082993	 0.498245	-0.254640	 0.498156	 0.498440
 0.376174	 0.498708	 0.499328	 1.058414	-0.269202	 0.499061	 0.180243	 1.078667	 0.498237	 0.122801	 0.498156	 0.498440
 0.437648	 0.498708	 0.499328	 1.054199	-0.265456	 0.499061	 0.243093	 1.074356	 0.498233	 0.310520	 0.498156	 0.498440
 0.468385	 0.498708	 0.499328	 1.049991	-0.263583	-0.000939	-0.225482	 1.070060	 0.498231	-0.095620	 0.498156	 0.498440
 0.483754	 0.498708	 0.499328	 1.045796	-0.262647	-0.249937	-0.458382	 1.065781	 0.498230	-0.297686	 0.498156	 0.498440
 0.491438	 0.498708	 0.499328	 1.041615	-0.262179	 0.125564	-1.073449	 1.061518	 0.498230	 0.101280	 0.498156	 0.498440
 0.495280	 0.498708	 0.499328	 1.037450	-0.261945	 0.312312	-1.377606	 1.057272	 0.498229	 0.299763	 0.498156	 0.498440
 0.497201	 0.498708	 0.499328	 1.033300	-0.261828	 0.405686	-1.526320	 1.053043	 0.498229	 0.399005	 0.498156	 0.498440
-0.001839	 0.498708	 0.499328	 1.029167	-0.261769	 0.452374	-0.597328	 1.048831	 0.498229	-0.051375	 0.498156	 0.498440
-0.250356	 0.498708	 0.499328	 1.025051	-0.261740	 0.475717	-0.132831	 1.044636	 0.498229	-0.275561	 0.498156	 0.498440
 0.125385	 0.498708	 0.499328	 1.020951	 0.738275	 0.487389	 1.099417	-0.959543	-1.501771	 1.112346	 0.498156	-0.001560
 0.312253	 0.498708	 0.499328	 1.016867	 1.234806	 0.493225	 1.710878	-1.955705	-2.494767	 1.801299	 0.498156	-0.250556
 0.405687	 0.498708	 0.499328	 0.012800	 2.479608	-0.003857	 3.011963	-3.447882	-3.484290	 2.140795	 0.498156	-0.375055
 0.452404	 0.498708	 0.499328	-0.487252	 3.094561	-0.251396	 3.653880	-4.184090	-3.970104	 2.305582	 0.498156	-0.437304
 0.475763	 0.498708	-0.000672	-1.735303	 4.394618	-0.375166	 4.966247	-5.542354	-4.704099	 2.383035	 0.498156	-0.468429
 0.487442	 0.498708	-0.249671	-2.353361	 5.033257	-0.437051	 5.609873	-6.207684	-5.060220	 2.416841	 0.498156	-0.483991
 0.493281	 0.498708	-0.374170	-2.656448	 5.341233	-0.467993	 5.919179	-6.526604	-5.227448	 2.428842	 0.498156	-0.491772
 0.496201	 0.498708	-0.436420	-3.302072	 4.983923	-0.483464	 6.061375	-6.672372	-6.800273	 2.429961	 0.498156	-0.495663
 0.497661	 0.498708	-0.467545	-3.616989	 4.796014	-0.491200	 6.120066	-6.731620	-7.569939	 2.425659	 0.498156	-0.497608
 0.498391	 0.498708	-0.483107	-4.266583	 5.192844	-0.495068	 6.137054	-6.747663	-6.938093	 2.418665	 0.498156	-0.498581
 0.498756	 0.498708	-0.490889	-4.581548	 5.380079	-0.497002	 6.133240	-6.742156	-6.609557	 2.410344	 0.498156	-0.499067
 0.498939	 0.498708	-0.994779	-4.729238	 4.962562	-0.997969	 5.619074	-6.725930	-6.432727	 2.401380	 0.498156	-0.499310
 0.499030	 0.498708	-1.243727	-4.793329	 4.744714	-1.245454	 5.351781	-6.704397	-6.331801	 2.392113	 0.498156	-0.499432
 0.499075	 0.498708	-1.365216	-5.315659	 4.626736	-1.366211	 4.707966	-6.680265	-7.268876	 2.382714	 0.498156	-0.499493
 0.499098	 0.498708	-1.422987	-5.565149	 4.558729	-1.423616	 4.377930	-6.654887	-7.721001	 2.373268	 0.498156	-0.499523
 0.499110	 0.498708	-1.448911	-5.678264	 4.515744	-1.449356	 4.204816	-6.628939	-7.930718	 2.363817	 0.498156	-0.499538
 0.499115	 0.498708	-1.458923	-5.723239	 3.485307	-1.459276	 4.110196	-6.602759	-8.019295	 1.854383	-0.001844	-0.499546
 0.499118	 0.498708	-1.460991	-5.734190	 2.965178	-1.461297	 4.054854	-6.576515	-8.047368	 1.596976	-0.250840	-0.499550
 0.999120	 0.498708	-1.959099	-3.728175	-1.799777	-1.959382	 2.019185	-6.550293	-8.045254	 0.465593	-1.375338	-0.499551
 1.246122	 0.498708	-2.203239	-2.721723	-4.169124	-2.203509	 1.001350	-6.524134	-8.028110	-0.098766	-1.932588	-0.499552
 1.366637	 0.498708	-1.320414	-1.715067	-4.340721	-2.320677	 0.492433	-6.498059	-8.003516	 0.120380	-1.706233	-0.499553
 0.923920	-1.501292	-0.379001	-2.210322	-5.417495	-2.874385	-1.762026	-6.472077	-7.975262	-2.770047	-2.090096	-0.499553
 0.702562	-2.494290	 0.090580	-2.452538	-5.942893	-3.144383	-2.881223	-6.446194	-7.945240	-4.203939	-2.277079	-0.499553
 0.591883	-2.983814	 0.324250	-2.568257	-6.192656	-3.272554	-3.432820	-6.420412	-7.914399	-4.909610	-2.365643	-0.499553
 0.536543	-3.221629	 0.439970	-2.620748	-6.304652	-3.329837	-3.700650	-6.394731	-7.883212	-5.251214	-2.405016	-0.499553
 0.508873	-3.333618	 0.496718	-2.141648	-6.347817	-3.351705	-4.826628	-6.369153	-7.851914	-7.410831	-2.919814	-0.499553
 0.495038	-3.382721	 0.523985	-1.898772	-6.356618	-3.355892	-5.377711	-6.343677	-7.820623	-8.471499	-3.170344	-0.499553
 0.488121	-2.900409	 0.536516	-2.774023	-5.348287	-2.851265	-5.141396	-6.318302	-4.789400	-7.982768	-2.288767	 0.000447
 0.484662	-2.654417	 0.541684	-3.204349	-4.835442	-2.594258	-5.013428	-6.293029	-3.270271	-7.723415	-1.845164	 0.249446
 0.482933	-2.026604	 0.543174	-2.912243	-4.570374	-2.961080	-4.939673	-6.267857	-2.507205	-7.578810	-1.620559	 0.373945
 0.482068	-1.709900	 0.542830	-2.760950	-4.429230	-3.137836	-4.893064	-6.242786	-2.122184	-7.491639	-1.505465	 0.436195
 0.481636	-1.548761	 0.541572	-2.680084	-4.350081	-3.219584	-4.860066	-5.217814	-1.926199	-7.433245	-1.445137	 0.467320
 0.481420	-1.465417	 0.539863	-2.634453	-4.301965	-3.253856	-4.833913	-4.696943	-1.824746	-7.389298	-1.412204	 0.482882
 0.481312	-1.420981	 0.537932	-2.606459	-4.269400	-3.264415	-4.811221	-4.428155	-1.770573	-7.352634	-1.392979	 0.490664
 0.481257	-1.396009	 0.535895	-2.587306	-4.244643	-3.263145	-4.790298	-4.285443	-1.740053	-7.319670	-1.380618	 0.494554
 0.481230	-1.380782	 0.533808	-2.572593	-4.223825	-3.255986	-4.770298	-4.205801	-1.721374	-7.288614	-1.371702	 0.496500
 0.981217	-1.370437	 0.531702	-2.560120	-4.205010	-2.745909	-4.750797	-4.157728	-1.708630	-7.258571	-1.364518	 0.497472
 1.228248	-1.362544	 0.529589	-2.548789	-4.187230	-2.486399	-4.731584	-4.125472	-1.698866	-7.229093	-1.358211	 0.497959
 0.848813	-1.355888	 0.527478	-2.538048	-4.170001	-2.352190	-4.712553	-4.101157	-1.690605	-6.699954	-1.352354	 0.498202
 0.659095	-1.349862	 0.525372	-2.527623	-4.153081	-2.280650	-4.693650	-4.080847	-1.683110	-6.423044	-1.346733	 0.498323
 0.564236	-1.344161	 0.523272	-2.517376	-4.136349	-2.240461	-4.674849	-4.062570	-1.676012	-6.772296	-1.341240	 0.498384
 0.516807	-1.338634	 0.521180	-2.507239	-4.119744	-2.215966	-4.656137	-4.045343	-1.669125	-6.932679	-1.335822	 0.498414
-0.006908	-1.333204	 0.519096	-2.497176	-4.103235	-2.199336	-4.637506	-4.028674	-2.162357	-6.998684	-1.330452	 0.498430
-0.267704	-1.327834	 0.517019	-2.487170	-4.086807	-2.186655	-4.618952	-4.012315	-2.403661	-7.017558	-1.325117	 0.498437
-0.397045	-1.322503	 0.514951	-2.477213	-4.070452	-2.175967	-4.600475	-3.996143	-2.519024	-7.012922	-1.319810	 0.498441
 0.039337	-1.317204	 0.512892	-1.967299	-4.054166	-2.166293	-4.582072	-3.980098	-1.571436	-6.496587	-1.314527	 0.498443
 0.257528	-1.311930	 0.510840	-1.709428	-4.037948	-2.157142	-4.563744	-3.964147	-1.096395	-6.226459	-1.309267	 0.498444
 0.366624	-1.306680	 0.508797	-1.577589	-4.021795	-2.148271	-4.545488	-3.948275	-0.857631	-6.079482	-1.304030	 0.498444
 0.421172	-1.301452	 0.506762	-1.508778	-4.005707	-2.139556	-4.527306	-3.932474	-0.737012	-5.994129	-1.298813	 0.498445
 0.448446	-1.296246	 0.504735	-1.471493	-3.989684	-2.130937	-4.009197	-3.916741	-0.675469	-5.939635	-1.293618	 0.498445
 0.462083	-1.291061	 0.502716	-1.449982	-3.973726	-2.122383	-3.743160	-3.401072	-0.643470	-5.900618	-1.288443	 0.498445
 0.468901	-1.285896	 0.500705	-1.436370	-3.957831	-2.113879	-3.603188	-3.137466	-0.626248	-5.869386	-1.283289	 0.498445
 0.472310	-1.280753	 0.499699	-1.426718	-3.941999	-2.105415	-3.526275	-2.999916	-0.616419	-5.842093	-1.278156	 0.498445
 0.474015	-1.275630	 0.499197	-1.919058	-3.926231	-2.096990	-3.980920	-2.925416	-0.610291	-5.816818	-1.273043	 0.498445
 0.474867	-1.270527	 0.498945	-2.160405	-3.910526	-2.088600	-4.199371	-2.882464	-0.606018	-5.792597	-1.267951	 0.498445
 0.475293	-1.265445	 0.498820	-1.776275	-3.894884	-2.080245	-3.799761	-3.355310	-1.102679	-5.768949	-1.262879	 0.498445
 0.475506	-1.260383	 0.498757	-1.581426	-3.879305	-2.071923	-3.593156	-3.584076	-1.347810	-5.745635	-1.257828	 0.498445
 0.475613	-1.255342	 0.498725	-1.981228	-3.863787	-2.063635	-3.483080	-3.190833	-0.967190	-5.722533	-1.252797	 0.498445
 0.475666	-1.250320	 0.498710	-2.176367	-3.848332	-2.055381	-3.421296	-2.988617	-0.775707	-5.699584	-1.247785	 0.498445
 0.475693	-1.245319	 0.498702	-1.769194	-3.832939	-1.547159	-3.883685	-2.881936	-0.678797	-5.676756	-1.242794	 0.498445
 0.475706	-1.240338	 0.498698	-1.562883	-3.817607	-1.290971	-4.106188	-2.823045	-0.629178	-5.654034	-1.237823	 0.498445
 0.475713	-1.235376	 0.498696	-1.457014	-3.802337	-1.160807	-4.208781	-2.788071	-0.603210	-5.631410	-1.232872	 0.498445
 0.475716	-1.230435	 0.498695	-1.401378	-3.787127	-1.093663	-4.251456	-2.765078	-0.589071	-6.108881	-1.227940	 0.498445
 0.475718	-1.225513	 0.498694	-1.370868	-3.771979	-1.058039	-4.264204	-2.748097	-0.580852	-6.334443	-1.223028	 0.498445
 0.475719	-1.220611	 0.498694	-1.352932	-3.756891	-1.038182	-4.262025	-2.734144	-0.575597	-5.934105	-1.218136	-0.001555
 0.475719	-1.215729	 0.498694	-1.341295	-3.741863	-1.026216	-4.252415	-2.721728	-0.571829	-5.722868	-1.213264	-0.250552
-0.024281	-1.210866	 0.498694	-1.832816	-3.726896	-1.018205	-4.239125	-2.710101	-0.568809	-5.606226	-1.208411	 0.124950
-0.273232	-1.206022	 0.498694	-2.073929	-3.711988	-1.012179	-4.224028	-2.698890	-0.566167	-5.536926	-1.203577	 0.311699
 0.103337	-1.201198	 0.498694	-1.689855	-3.197140	-1.007154	-4.208062	-2.687910	-0.563719	-5.491341	-1.198763	 0.405074
 0.291621	-1.196393	 0.498694	-1.495206	-2.934352	-1.002637	-4.191695	-2.677066	-0.561372	-5.457657	-1.193968	 0.451762
 0.385763	-1.191608	 0.498694	-1.395281	-2.797614	-0.998382	-4.175160	-2.666311	-0.559081	-5.429967	-1.189192	 0.475106
-0.067166	-1.186841	 0.498694	-1.342727	-3.223924	-0.994267	-4.158576	-2.655623	-0.556822	-5.405317	-1.184435	 0.486777
-0.292590	-1.182094	 0.498694	-1.313870	-3.429778	-0.990229	-4.142000	-2.644989	-0.554583	-5.382231	-1.179697	 0.492613
-0.404266	-1.177366	 0.498694	-1.296872	-3.525434	-0.986237	-4.125461	-2.634403	-0.552359	-5.359970	-1.174979	 0.495531
-0.459072	-1.172656	 0.498694	-1.285813	-3.566020	-1.482277	-4.108973	-2.623862	-0.550147	-5.338164	-1.170279	 0.496990
-0.485448	-1.167966	 0.498694	-1.277734	-3.579100	-1.726340	-4.092545	-2.613366	-0.547945	-5.316628	-1.165598	 0.497720
 0.002388	-1.163294	 0.498694	-1.271155	-3.578455	-1.844431	-3.576178	-2.602911	-0.545752	-5.295270	-1.160935	-0.001915
 0.246306	-1.158641	 0.498694	-1.265336	-3.570977	-1.899552	-3.311875	-2.592499	-0.543569	-5.274043	-1.156291	-0.250730
 0.368265	-1.154006	 0.498694	-1.259908	-3.060111	-1.423202	-3.673629	-2.582129	-0.541395	-5.252924	-1.151666	 0.124863
 0.429245	-1.149390	 0.498694	-1.254685	-2.799580	-1.183134	-3.846435	-2.571801	-0.539229	-5.231901	-1.147060	 0.311658
 0.459735	-1.144792	 0.498694	-1.249574	-2.664236	-1.061214	-3.924799	-2.561513	-0.537072	-5.210967	-1.142471	 0.405056
 0.474980	-1.140213	 0.498694	-1.244530	-2.591506	-0.998375	-3.955975	-2.551267	-0.534924	-5.190121	-1.137901	 0.451755
 0.482602	-1.135652	 0.498694	-1.239529	-2.550104	-0.965085	-3.963589	-2.541062	-0.532784	-5.169359	-1.133350	 0.475104
 0.486413	-1.131110	 0.498694	-1.234560	-3.024385	-0.946576	-3.459453	-2.530898	-0.530653	-5.148681	-1.128816	 0.486779
 0.488319	-1.126585	 0.498694	-1.229616	-3.254529	-0.935465	-3.201475	-2.520774	-0.528530	-5.128085	-1.124301	 0.492616
 0.489272	-1.122079	 0.498694	-1.224694	-3.362631	-0.928061	-3.066599	-2.510691	-0.526416	-5.107573	-1.119804	 0.495535
 0.489748	-1.117591	 0.498694	-1.219794	-2.909741	-0.922518	-3.493297	-2.500648	-0.524310	-5.087143	-1.115325	 0.496994
 0.489986	-1.113120	 0.498694	-1.214914	-2.678382	-0.917912	-3.698806	-2.490646	-0.522213	-5.066794	-1.110864	 0.497724
 0.490105	-1.108668	 0.498694	-1.210054	-2.557808	-0.913783	-3.793752	-2.480683	-0.520124	-5.046527	-1.106420	 0.498089
-0.009835	-1.104233	 0.498694	-1.205214	-2.992647	-0.909899	-3.333448	-2.470761	-1.018044	-5.026341	-1.101994	-0.001729
-0.258786	-1.099816	 0.498694	-1.200393	-3.203212	-0.906145	-3.097549	-2.460878	-1.263972	-5.006235	-1.097586	-0.250634
 0.117754	-1.095417	 0.498694	-1.195591	-2.801666	-0.902463	-2.973877	-2.451034	-0.883916	-4.986210	-1.093196	 0.124913
 0.306024	-1.091035	 0.498694	-1.190809	-2.596093	-0.898825	-2.906340	-2.441230	-0.692880	-4.966265	-1.088823	 0.311685
 0.400159	-1.086671	 0.498694	-1.186045	-2.988526	-0.895215	-2.866894	-2.431465	-0.096359	-4.946400	-1.084468	 0.405072
 0.447227	-1.082324	 0.498694	-1.181301	-3.177980	-0.891627	-2.841516	-2.421739	 0.200902	-4.926615	-1.080130	 0.451765
 0.470761	-1.077995	 0.498694	-1.176576	-2.765972	-0.888057	-2.823195	-2.412052	-0.150468	-4.906908	-1.075810	 0.475111
 0.482528	-1.073683	 0.498694	-1.171870	-2.555261	-0.884503	-2.808425	-2.402404	-0.325149	-4.887281	-1.071506	 0.486785
 0.488411	-1.069388	 0.498694	-1.167182	-2.445216	-0.880964	-2.795452	-2.392794	-0.412490	-4.867732	-1.067220	 0.492621
 0.491353	-1.065111	 0.498694	-1.162514	-2.385523	-0.877440	-2.783401	-2.383223	-0.456160	-4.848261	-1.062951	 0.495540
 0.492824	-1.060850	 0.498694	-1.157864	-2.351025	-0.873930	-2.771833	-2.373690	-0.477995	-4.828868	-1.058700	 0.496999
 0.493559	-1.056607	 0.498694	-1.153232	-2.329143	-0.870434	-2.760528	-2.364195	 0.011087	-4.809552	-1.054465	 0.497728
 0.493927	-1.052381	 0.498694	-1.148619	-2.313587	-0.866952	-2.749377	-2.354739	 0.254628	-4.790314	-1.050247	 0.498093
 0.494111	-1.048171	 0.498694	-1.144025	-2.301213	-0.863484	-2.738325	-2.345320	-0.123601	-4.771153	-1.046046	 0.498276
 0.494203	-1.043978	 0.498694	-1.139449	-2.290449	-0.860030	-2.727345	-2.335938	-0.311713	-4.752068	-1.041862	 0.498367
 0.494249	-1.039803	 0.498694	-1.134891	-2.280507	-0.856590	-2.716422	-2.326595	-0.905768	-4.733060	-1.037694	 0.498412
 0.494271	-1.035643	 0.498694	-1.130351	-2.270995	-0.853164	-2.705550	-2.317288	-1.199796	-4.714128	-1.033544	 0.498435
 0.494283	-1.031501	 0.498694	-1.125830	-2.261716	-0.849751	-2.694724	-2.308019	-1.343823	-4.695271	-1.029409	 0.498447
 0.494289	-1.027375	 0.498694	-1.121326	-2.252572	-0.846352	-2.683943	-2.298787	-0.912860	-4.676490	-1.025292	 0.498452
 0.494292	-1.023265	 0.498694	-1.116841	-2.243513	-0.842967	-2.673207	-2.289592	-0.697379	-4.657784	-1.021191	 0.498455
-0.005707	-1.019172	 0.498694	-1.112374	-2.234514	-0.839595	-2.662513	-2.280434	-0.089638	-4.639153	-1.017106	 0.498457
-0.254695	-1.015095	 0.498694	-1.107924	-2.225564	-0.836237	-2.651863	-2.271312	 0.213196	-4.620596	-1.013037	 0.498457
 0.121819	-1.011035	 0.498694	-1.103493	-2.216656	-0.832892	-2.641256	-1.762227	-0.136419	-4.602114	-1.008985	 0.498458
 0.310075	-1.006991	 0.498694	-1.099079	-2.207786	-0.829560	-2.630691	-1.505178	-0.311227	-4.583705	-1.004949	 0.498458
 0.404204	-1.002963	 0.498694	-1.094682	-2.198953	-0.826242	-2.620168	-1.874157	-0.398630	-4.565371	-1.000930	 0.498458
 0.451268	-0.998951	 0.498694	-1.090304	-2.190157	-0.822937	-2.609687	-2.054160	-0.442332	-4.547109	-0.996926	 0.498458
 0.474800	-0.994955	 0.498694	-1.085942	-2.181396	-0.819645	-2.599248	-2.139694	-0.464183	-4.528921	-0.992938	 0.498458
-0.013434	-0.990976	 0.498694	-1.081599	-2.172670	-0.816367	-2.588851	-1.678010	-0.475109	-4.510805	-0.988966	 0.498458
-0.256548	-0.987012	 0.498694	-1.077272	-2.163979	-0.813101	-2.578496	-1.444735	-0.480571	-4.492762	-0.985010	 0.498458
 0.121896	-0.983064	 0.498694	-1.072963	-2.155323	-0.809849	-2.568182	-1.325675	 0.016697	-4.474791	-0.981070	 0.498458
 0.310116	-0.979131	 0.498694	-1.068671	-2.146702	-0.806609	-2.557909	-1.263732	 0.264304	-4.456892	-0.977146	 0.498458
 0.404227	-0.475215	 0.498694	-1.064397	-2.138115	-0.803383	-2.547678	-1.730357	-0.112917	-4.439064	-0.473238	 0.498458
 0.451282	-0.223257	 0.498694	-1.060139	-2.129563	-0.800169	-2.537487	-1.959275	-0.301527	-4.421308	-0.221283	 0.498458
 0.474810	-0.097277	 0.498694	-1.055898	-2.621044	-0.796969	-2.527337	-1.569358	-0.395833	-4.403622	-0.095306	 0.498458
 0.486574	-0.034288	 0.498694	-1.051675	-2.860560	-0.793781	-2.517228	-1.372040	-0.442985	-4.386008	-0.032318	 0.498458
 0.492455	-0.502793	 0.498694	-1.047468	-2.474118	-0.790606	-2.507159	-1.271032	 0.033439	-4.368464	-0.500823	 0.498458
 0.495396	-0.735103	 0.498694	-1.043278	-2.276721	-0.787443	-2.497130	-1.218188	 0.270631	-4.350990	-0.733137	 0.498458
 0.496867	-0.849323	 0.498694	-1.039105	-2.173865	-0.784293	-2.487141	-1.189435	 0.388211	-4.333586	-0.847364	 0.498458
 0.497602	-0.904506	 0.498694	-1.034949	-2.118294	-1.281156	-2.477193	-1.172738	 0.445990	-4.316252	-0.402554	 0.498458
 0.497970	-0.930178	 0.498694	-1.030809	-2.086383	-1.526032	-2.467284	-1.162077	 0.473872	-4.298987	-0.180149	 0.498458
 0.498154	-0.441103	 0.498694	-1.026686	-2.066319	-1.144927	-2.457415	-1.154443	 0.486809	-4.281791	-0.068946	 0.498458
 0.498245	-0.196565	 0.498694	-1.022579	-2.052195	-0.952848	-2.447585	-1.148333	 0.493278	-4.264664	-0.013345	 0.498458
 0.498291	-0.074296	 0.498694	-1.018489	-2.041056	-0.855286	-2.437795	-1.142993	-0.003488	-4.247605	 0.014456	 0.498458
 0.498314	-0.013162	 0.498694	-1.014415	-2.031427	-0.804990	-2.428044	-1.138048	-0.250870	-4.230615	 0.028356	 0.498458
 0.498326	-0.482594	 0.498694	-1.010357	-2.022569	-0.778333	-2.418332	-1.133310	 0.125438	-4.213692	-0.464694	 0.498458
 0.498332	-0.715407	 0.498694	-1.006316	-2.014112	-0.763501	-2.408658	-1.128683	 0.312589	-4.196837	-0.709303	 0.498458
 0.498334	-0.829916	 0.498694	-1.002290	-2.005873	-0.754587	-2.399024	-1.124122	 0.406165	-4.180050	-0.829700	 0.498458
 0.498336	-0.385282	 0.498694	-0.998281	-1.997758	-0.748639	-2.389428	-1.119602	 0.452953	-4.163330	-0.887998	 0.498458
 0.498337	-0.162965	 0.498694	-0.994288	-1.989721	-0.744180	-2.379870	-1.115112	 0.476346	-4.146677	-0.915255	 0.498458
-0.001663	-0.051807	 0.498694	-0.990311	-1.981739	-0.740471	-2.370350	-1.610646	 0.488043	-4.130090	-0.926998	 0.498458
-0.250660	 0.003772	 0.498694	-0.986350	-1.973801	-0.737143	-2.360869	-1.854200	 0.493892	-4.113569	-0.930992	 0.498458
-0.375158	 0.031562	 0.498694	-0.982404	-1.965900	-0.734011	-2.351426	-1.971782	 0.496816	-4.097115	-0.931119	 0.498458
 0.062593	 0.045457	 0.498694	-0.978475	-1.958033	-0.730983	-2.342020	-2.026394	-0.001722	-4.080727	-0.429320	 0.498458
 0.280468	 0.052404	 0.498694	-0.974561	-1.950200	-0.728014	-2.332652	-2.049538	-0.249990	-4.064404	-0.178421	 0.498458
 0.389405	-0.444122	 0.498694	-0.970663	-1.942398	-0.725079	-2.323321	-1.556965	-0.374124	-3.548146	-0.552971	 0.498458
 0.443874	-0.690504	 0.498694	-0.966780	-1.934628	-0.722167	-2.314028	-1.308549	-0.436192	-3.283954	-0.738391	 0.498458
 0.471108	-0.811821	 0.498694	-0.962913	-1.926890	-0.719273	-2.304772	-1.182221	-0.467225	-3.145818	-0.829254	 0.498458
-0.015275	-0.370613	 0.498694	-0.959061	-1.919182	-0.716393	-2.295553	-1.116945	-0.482742	-3.570735	-0.872845	 0.498458
-0.257463	-0.150010	 0.498694	-0.955225	-1.911505	-0.713526	-2.286370	-1.082204	-0.490500	-3.775202	-0.892807	 0.498458
 0.121443	-0.039708	 0.498694	-0.951404	-1.903859	-1.210671	-2.277225	-1.062739	 0.005621	-3.369476	-0.900963	 0.498458
 0.309896	 0.015443	 0.498694	-0.947598	-1.896244	-1.455828	-2.268116	-1.050919	 0.252678	-3.160685	-0.903223	 0.498458
 0.404122	-0.456981	 0.498694	-0.943808	-1.888659	-1.075004	-2.259044	-1.542932	-0.123794	-3.550386	-0.402541	 0.498458
 0.451235	-0.691335	 0.498694	-0.940033	-1.881104	-0.883204	-2.250007	-1.784868	-0.311029	-3.737357	-0.152201	 0.498458
 0.474791	-0.306660	 0.498694	-0.936273	-1.873580	-0.785921	-2.241007	-1.401782	 0.095353	-3.822993	-0.527031	 0.498458
 0.486570	-0.114323	 0.498694	-0.932528	-1.866085	-0.735903	-2.232043	-1.208202	 0.297541	-3.857994	-0.712642	 0.498458
 0.492459	-0.018154	 0.498694	-0.928797	-1.858621	-0.709521	-2.223115	-1.109383	 0.398635	-3.867709	-0.803651	 0.498458
 0.495403	-0.470070	 0.498694	-0.925082	-1.851187	-0.694965	-2.214223	-1.057952	-0.050818	-3.864811	-0.847366	 0.498458
 0.496876	-0.694184	 0.498694	-0.921382	-1.843782	-0.686325	-2.205366	-1.030223	-0.274544	-3.855638	-0.867441	 0.498458
 0.497612	-0.804404	 0.498694	-0.917696	-1.836407	-1.180650	-2.196544	-1.014354	 0.113593	-3.843359	-0.875704	 0.498458
 0.497980	-0.857685	 0.498694	-0.914026	-1.829061	-1.424463	-2.187758	-1.004423	 0.306658	-3.829557	-0.878068	 0.498458
-0.001836	-0.382503	 0.498694	-0.910369	-1.821745	-1.043033	-2.179007	-1.497468	 0.403190	-3.815025	-0.377488	 0.498458
-0.250741	-0.144913	 0.498694	-0.906728	-1.814458	-0.850994	-2.170291	-1.740010	 0.451456	-3.800158	-0.127199	 0.498458
 0.124807	-0.526117	 0.498694	-0.403101	-1.807200	-0.753657	-2.161610	-1.357315	 0.475590	-3.785154	-0.002054	 0.498458
 0.311580	-0.714905	 0.498694	-0.151288	-1.799971	-0.703676	-2.152964	-1.164019	 0.487656	-3.770111	 0.060518	 0.498458
 0.404966	-0.307491	 0.498694	-0.525381	-1.792771	-0.677378	-2.144352	-1.065429	-0.006311	-3.755080	-0.408195	 0.498458
 0.451660	-0.103785	 0.498694	-0.710629	-1.785600	-0.662927	-2.135774	-1.014201	-0.252293	-3.740084	-0.640799	 0.498458
 0.475006	-0.001931	 0.498694	-0.801461	-1.778458	-0.654404	-2.127231	-0.986660	-0.375285	-3.725136	-0.755353	 0.498458
 0.486680	 0.048996	 0.498694	-0.845092	-2.271344	-0.648851	-2.118722	-0.970972	 0.063220	-3.210242	-0.810891	 0.498458
 0.492516	 0.074459	 0.498694	-0.865130	-2.512259	-0.644788	-2.110247	-0.961217	 0.281468	-2.947404	-0.836927	 0.498458
 0.495435	 0.087191	 0.498694	-0.873379	-2.127210	-0.641475	-2.101806	-0.954437	 0.390593	-3.310616	-0.348219	 0.498458
 0.496894	 0.093556	 0.498694	-0.875740	-1.931201	-0.638542	-2.093399	-0.949152	 0.445155	-3.484874	-0.103865	 0.498458
-0.002377	 0.096739	 0.498694	-0.375165	-1.829726	-0.635805	-2.085026	-0.944621	 0.472436	-3.564685	 0.018312	 0.498458
-0.251008	 0.098331	 0.498694	-0.124877	-1.775532	-0.633170	-2.076685	-0.940476	 0.486076	-3.597301	 0.079401	 0.498458
 0.124676	 0.099126	 0.498694	 0.000267	-2.244992	-0.630591	-2.068379	-0.936530	 0.492897	-3.606350	 0.109945	 0.498458
 0.311517	 0.099524	 0.498694	 0.062839	-2.474294	-0.628046	-2.060105	-0.932693	 0.496307	-3.603643	 0.125217	 0.498458
 0.404938	 0.099723	 0.498694	 0.094125	-2.583537	-0.625522	-2.051865	-0.928916	 0.498012	-3.595088	 0.132853	 0.498458
 0.451648	 0.099823	 0.498694	 0.109768	-2.132773	-0.623015	-2.043657	-0.925177	 0.498864	-3.083637	 0.136671	 0.498458
 0.475003	 0.099872	 0.498694	 0.117589	-1.904027	-0.620520	-2.035483	-0.921465	 0.499291	-2.822768	 0.138580	 0.498458
 0.486681	 0.099897	 0.498694	-0.378500	-1.786304	-0.618036	-2.027341	-0.917774	 0.499504	-2.687209	-0.360465	-0.001542
 0.492519	 0.099910	 0.498694	-0.624795	-1.724105	-0.615563	-2.019231	-0.914100	 0.499610	-2.614326	-0.608269	-0.250539
 0.495439	 0.099916	 0.498694	-0.746201	-1.689682	-0.613101	-2.011154	-0.910442	 0.499664	-3.072802	-0.730459	 0.124963
 0.496898	 0.099919	 0.498694	-0.805168	-1.669160	-0.610648	-2.003110	-0.906799	 0.499690	-3.294978	-0.789848	 0.311712
 0.497628	 0.099921	 0.498694	-0.332924	-1.655601	-0.608205	-1.995097	-0.903172	 0.499704	-2.899031	-0.817845	 0.405087
 0.497993	 0.099921	 0.498694	-0.096802	-1.645538	-0.605773	-1.987117	-0.899559	 0.499710	-2.696051	-0.830151	 0.451775
 0.498176	 0.099922	 0.498694	 0.021259	-1.637235	-0.603349	-1.979169	-0.895961	 0.499714	-2.589576	-0.834619	 0.475119
 0.498267	 0.099922	 0.498694	-0.419710	-1.629826	-0.600936	-1.971252	-0.892377	 0.499715	-2.531371	-0.835175	 0.486790
 0.498313	 0.099922	 0.498694	-0.638473	-1.622877	-0.598532	-1.963367	-0.888807	 0.499716	-2.497323	-0.833782	 0.492626
 0.498335	 0.099922	 0.498694	-0.746141	-1.616170	-1.096138	-1.955513	-0.885252	 0.499717	-2.475372	-0.831420	 0.495544
 0.498347	 0.099922	 0.498694	-0.798267	-1.609598	-1.341754	-1.947691	-0.881711	 0.499717	-2.459490	-0.828582	 0.497003
 0.498352	 0.099922	 0.498694	-0.822629	-1.603106	-0.961387	-2.439901	-0.878184	 0.499717	-2.446662	-0.325511	 0.497733
 0.498355	 0.099922	 0.498694	-0.833116	-1.596667	-0.770041	-2.680141	-0.874671	 0.499717	-2.435380	-0.073975	 0.498098
 0.498357	 0.099922	 0.498694	-0.336672	-1.590266	-0.673211	-2.294420	-0.871173	 0.499717	-2.424891	-0.448207	 0.498280
 0.498357	 0.099922	 0.498694	-0.088450	-1.583899	-0.623643	-2.097743	-0.867688	 0.499717	-2.414817	-0.633679	 0.498371
 0.498358	 0.099922	 0.498694	 0.035661	-1.577560	-0.597711	-1.995602	-0.864217	 0.499717	-2.404971	-0.724776	 0.498417
 0.498358	 0.099922	 0.498694	-0.402284	-1.571248	-0.583601	-1.940744	-0.860760	 0.499717	-2.895258	-0.268693	 0.498440
 0.498358	 0.099922	 0.498694	-0.619576	-1.564962	-0.575408	-1.909544	-0.857317	 0.499717	-3.133630	-0.040651	 0.498451
-0.001642	 0.099922	 0.498694	-0.726548	-1.558702	-0.570176	-1.890187	-0.853888	 0.499717	-3.246072	 0.073369	 0.498457
-0.250639	 0.099922	 0.498694	-0.778367	-1.552467	-0.566431	-1.876767	-0.850472	 0.499717	-3.295576	 0.130380	 0.498459
 0.124863	 0.099922	 0.498694	-0.802616	-1.546257	-0.563433	-1.866330	-0.847071	 0.499717	-2.813638	 0.158885	 0.498461
 0.311613	 0.099922	 0.498694	-0.813087	-1.540072	-0.560813	-1.857400	-0.843682	 0.499717	-2.568006	 0.173138	 0.498462
 0.404988	 0.099922	 0.498694	-0.816675	-1.533911	-0.558386	-1.849238	-0.840308	 0.499717	-2.440545	 0.180264	 0.498462
 0.451676	 0.099922	 0.498694	-0.816829	-1.527776	-0.556061	-1.841475	-0.836946	 0.499717	-2.372188	 0.183827	 0.498462
 0.475020	 0.099922	 0.498694	-0.815272	-1.521665	-0.553791	-1.833926	-0.833599	 0.499717	-2.333402	 0.185609	 0.498462
 0.486691	-0.400078	 0.498694	-0.312866	-1.515578	-0.551553	-1.826498	-0.830264	 0.499717	-2.309420	 0.186499	 0.498462
 0.492527	-0.648278	 0.498694	-0.061663	-1.509516	-0.549335	-1.819147	-0.826943	 0.499717	-2.292858	 0.186945	 0.498462
 0.495445	-0.270585	 0.498694	-0.436061	-1.503477	-0.547132	-1.811847	-0.823635	 0.499717	-2.280024	-0.312833	 0.498462
 0.496904	-0.081738	 0.498694	-0.621640	-1.497464	-0.544941	-1.804588	-0.820341	 0.499717	-2.269073	-0.561096	 0.498462
 0.497634	 0.012685	 0.498694	-0.712814	-1.491474	-0.542760	-2.297364	-0.817059	 0.499717	-2.259081	-0.183609	 0.498462
 0.497999	 0.059897	 0.498694	-0.756794	-1.485508	-0.540588	-2.538172	-0.813791	 0.499717	-2.249587	 0.005135	 0.498462
 0.498181	 0.083503	 0.498694	-0.777182	-1.479566	-0.538425	-2.153018	-0.810536	 0.499717	-2.240360	 0.099506	 0.498462
 0.498272	 0.095306	 0.498694	-0.785781	-1.473648	-0.536271	-1.956905	-0.807294	 0.499717	-2.231284	 0.146692	 0.498462
 0.498318	 0.101207	 0.498694	-0.788492	-1.467753	-0.534126	-1.855327	-0.804065	 0.499717	-2.222302	 0.170285	 0.498462
-0.001660	 0.104158	 0.498694	-0.788265	-1.461882	-0.531990	-1.801031	-0.800848	 0.499717	-2.213384	-0.317918	 0.498462
-0.250645	 0.105633	 0.498694	-0.786575	-1.456034	-0.529862	-1.770389	-0.797645	 0.499717	-2.204516	-0.560408	 0.498462
 0.124863	 0.106371	 0.498694	-0.784160	-1.450210	-1.027742	-1.751589	-0.794454	 0.499717	-2.195691	-0.180047	 0.498462
 0.311615	 0.106740	 0.498694	-0.781390	-1.444409	-1.273631	-1.738723	-0.791277	 0.499717	-2.186904	 0.010134	 0.498462
 0.404992	 0.106924	 0.498694	-0.778447	-1.438632	-0.893537	-1.728838	-0.788112	 0.499717	-2.178155	-0.394776	 0.498462
 0.451680	 0.107016	 0.498694	-0.775425	-1.432877	-0.702463	-1.720458	-0.784959	 0.499717	-2.169442	-0.595632	 0.498462
 0.475024	 0.107062	 0.498694	-0.272369	-1.427146	-0.605903	-1.712844	-0.781819	 0.499717	-2.160763	-0.694466	 0.498462
 0.486696	 0.107085	 0.498694	-0.020841	-1.421437	-0.556604	-1.705626	-0.778692	 0.499717	-2.152120	-0.742297	 0.498462
 0.492532	 0.107097	 0.498694	 0.104923	-1.415751	-0.530940	-1.698621	-0.775577	 0.499717	-2.143511	-0.764632	 0.498462
 0.495450	 0.107103	 0.498694	-0.832195	-1.410088	-0.517098	-1.691735	-0.772475	 0.499717	-2.134937	-0.274226	 0.498462
 0.496909	 0.107106	 0.498694	-1.297215	-1.404448	-0.509170	-1.684922	-0.769385	 0.499717	-2.126398	-0.029023	 0.498462
 0.497639	 0.107107	 0.498694	-1.026201	-1.398830	-0.504204	-1.678159	-0.766307	 0.499717	-2.617892	 0.093579	 0.498462
 0.498004	 0.107108	 0.498694	-0.889183	-1.393235	-0.501720	-1.671435	-0.763242	 0.499717	-2.857420	 0.154880	 0.498462
 0.498186	 0.107108	 0.498694	-0.819170	-1.387662	-0.500479	-1.664744	-0.760189	 0.499717	-2.470991	 0.185530	 0.498462
 0.498277	 0.107108	 0.498694	-0.782665	-1.382111	-0.499858	-1.658082	-0.757148	 0.499717	-2.273607	 0.200855	 0.498462
 0.498323	 0.107108	 0.498694	-0.262921	-1.376583	-0.499548	-1.651448	-0.754120	 0.499717	-2.170762	 0.208518	 0.498462
 0.498346	 0.107108	 0.498694	-0.003048	-1.371077	-0.499392	-1.644842	-0.751103	 0.499717	-2.115204	 0.212349	 0.498462
 0.498357	 0.107108	 0.498694	 0.126888	-1.365592	-0.499315	-1.638262	-0.748099	 0.499717	-2.083306	 0.214265	 0.498462
 0.498363	 0.107108	 0.498694	 0.191856	-1.360130	-0.499276	-1.631709	-0.745107	 0.499717	-2.563254	 0.215223	 0.498462
 0.498366	 0.107108	 0.498694	 0.224340	-1.354689	-0.499257	-1.625182	-0.742126	 0.499717	-2.797142	 0.215701	 0.498462
-0.001633	 0.107108	 0.498694	-0.259418	-1.349271	-0.499247	-2.118681	-0.739158	 0.499717	-2.908023	 0.215941	 0.498462
-0.250629	 0.107108	 0.498694	-0.499810	-1.343874	-0.499242	-2.360206	-0.736201	 0.499717	-2.957426	 0.216061	 0.498462
 0.124873	 0.107108	 0.498694	-0.618526	-1.338498	-0.499240	-1.975765	-0.733256	 0.499717	-2.476114	 0.216121	 0.498462
 0.311623	 0.107108	 0.498694	-0.676410	-1.333144	-0.499238	-1.780362	-0.730323	 0.499717	-2.231469	 0.216150	 0.498462
 0.404998	 0.107108	 0.498694	-0.703883	-1.327811	-0.499238	-1.679491	-0.727402	 0.499717	-2.105172	 0.216165	 0.498462
 0.451686	 0.107108	 0.498694	-0.716157	-1.322500	-0.499238	-1.625898	-0.724492	 0.499717	-2.038066	 0.216173	 0.498462
-0.024970	 0.107108	 0.498694	-0.720837	-1.317210	-0.499237	-1.595957	-0.721594	 0.499717	-2.000571	-0.283823	 0.498462
-0.262295	 0.107108	 0.498694	-0.721726	-1.311941	-0.499237	-1.577854	-0.718708	 0.499717	-1.977898	-0.532254	 0.498462
-0.380958	 0.107108	 0.498694	-0.720725	-1.306694	-0.499237	-1.565683	-0.715833	 0.499717	-1.962650	-0.654908	 0.498462
-0.440289	 0.107108	 0.498694	-0.218785	-1.301467	-0.499237	-1.556491	-0.712970	 0.499717	-1.951132	-0.214680	 0.498462
-0.469955	 0.107108	 0.498694	 0.032185	-1.296261	-0.499237	-1.548800	-0.710118	 0.499717	-1.941493	 0.005435	 0.498462
-0.484787	 0.107108	 0.498694	-0.342331	-1.291076	-0.499237	-1.041873	-0.707277	 0.499717	-1.932811	 0.115492	 0.498462
-0.492204	 0.107108	 0.498694	-0.528154	-1.285912	-0.499237	-0.787339	-0.704448	 0.499717	-1.924621	 0.170520	 0.498462
-0.495912	 0.107108	 0.498694	-0.119638	-1.280768	-0.499237	-1.159006	-0.701631	 0.499717	-2.416693	 0.198034	 0.498462
-0.497766	 0.107108	 0.498694	 0.084620	-1.275645	-0.499237	-1.341779	-0.698824	 0.499717	-2.656912	 0.211792	 0.498462
 0.001307	 0.107108	 0.498694	-0.313251	-1.270542	-0.499237	-0.930116	-0.696029	-0.000283	-2.271227	 0.218670	 0.498462
 0.249843	 0.107108	 0.498694	-0.510765	-1.265460	-0.499237	-0.723248	-0.693245	-0.249283	-2.074613	 0.222109	 0.498462
 0.374111	 0.107108	 0.498694	-0.608105	-1.260398	-0.499237	-0.618781	-0.690472	-0.373782	-1.972550	 0.223829	 0.498462
-0.063756	 0.107108	 0.498694	-0.155364	-1.255357	-0.499237	-1.065519	-0.687710	 0.063968	-1.917778	 0.224689	 0.498462
-0.281685	 0.107108	 0.498694	 0.071007	-1.250335	-0.499237	-1.285863	-0.684959	 0.281840	-1.886666	 0.225119	 0.498462
 0.109350	 0.107108	 0.498694	-0.315808	-1.245334	-0.499237	-1.393023	-0.682219	 0.390775	-1.867399	 0.225334	-0.001538
 0.303867	 0.107108	 0.498694	-0.507810	-1.240353	-0.499237	-1.443602	-0.679490	 0.445243	-1.854069	 0.225441	-0.250535
 0.401125	 0.107108	 0.498694	-0.102412	-1.235391	-0.499237	-1.465904	-0.676772	 0.472477	-2.343722	 0.225495	-0.375033
 0.449754	 0.107108	 0.498694	 0.100288	-1.230450	-0.499237	-1.474078	-0.674065	 0.486094	-2.582882	 0.225522	-0.437282
-0.025931	 0.107108	 0.498694	 0.201637	-1.225528	-0.499237	-1.475201	-0.671369	 0.492903	-2.196818	 0.225535	 0.031593
-0.262771	 0.107108	 0.498694	 0.252312	-1.220626	-0.499237	-1.472809	-0.668683	 0.496307	-2.000165	 0.225542	 0.265030
-0.381190	 0.107108	 0.498694	 0.277649	-1.215743	-0.499237	-1.468673	-0.666009	 0.498009	-1.898231	 0.225545	 0.381748
 0.059600	 0.107108	 0.498694	 0.290318	-1.210880	-0.499237	-1.463676	-0.663345	 0.498860	-1.843672	 0.225547	 0.440107
 0.278994	 0.107108	 0.498694	 0.296652	-1.206037	-0.499237	-1.458260	-0.660691	 0.499286	-1.812814	 0.225548	 0.469287
 0.388691	 0.107108	 0.498694	 0.299820	-1.201213	-0.499237	-1.452646	-0.658048	 0.499498	-1.793821	 0.225548	 0.483877
 0.443540	 0.107108	 0.498694	 0.301403	-1.196408	-0.499237	-1.446945	-0.655416	 0.499605	-1.780775	 0.225548	 0.491172
-0.029036	 0.107108	 0.498694	 0.302195	-1.191622	-0.499237	-1.441212	-0.652795	 0.499658	-2.270716	 0.225549	 0.494819
-0.264321	 0.107108	 0.498694	 0.302591	-1.186856	-0.499237	-1.435475	-0.650183	 0.499685	-2.510165	 0.225549	 0.496643
 0.118037	 0.107108	 0.498694	 0.302789	-1.182108	-0.499237	-1.429746	-0.147583	 0.499698	-2.124391	 0.225549	 0.497555
 0.308215	 0.107108	 0.498694	 0.302888	-1.177380	-0.499237	-1.424034	 0.103718	 0.499705	-1.928026	 0.225549	 0.498011
 0.403304	 0.107108	 0.498694	 0.302937	-1.172670	-0.499237	-1.418341	 0.229368	 0.499708	-1.826381	 0.225549	 0.498239
 0.450849	 0.107108	 0.498694	 0.302962	-1.167980	-0.499237	-1.412670	-0.207807	 0.499710	-1.772109	 0.225549	 0.498353
 0.474621	 0.107108	 0.498694	 0.302974	-1.163308	-0.499237	-1.407020	-0.425105	 0.499710	-1.741537	 0.225549	 0.498410
 0.486507	 0.107108	 0.498694	-0.197019	-0.658654	-0.499237	-1.401392	-0.532469	 0.499711	-1.722829	 0.225549	 0.498438
 0.492450	 0.107108	 0.498694	-0.445622	-0.406328	-0.499237	-1.395787	-0.584871	 0.499711	-1.710067	 0.225549	 0.498452
-0.004578	 0.107108	 0.498694	-0.568535	-0.780164	-0.499237	-1.890204	-0.609797	 0.499711	-1.700291	 0.225549	 0.498459
-0.252089	 0.107108	 0.498694	-0.628609	-0.964775	-0.499237	-2.132643	-0.620991	 0.499711	-1.692022	 0.225549	 0.498463
 0.124155	 0.107108	 0.498694	-0.157268	-1.054781	-0.499237	-1.749113	-0.625324	 0.499711	-1.684520	-0.274451	 0.498465
 0.311276	 0.107108	 0.498694	 0.078402	-1.097495	-0.499237	-1.554616	-0.626231	 0.499711	-1.677415	-0.522902	 0.498466
 0.404837	 0.107108	 0.498694	 0.196237	-1.116571	-0.499237	-1.454648	-0.625430	 0.499711	-1.670522	-0.645585	 0.498466
-0.048382	 0.107108	 0.498694	-0.244845	-1.123838	-0.499237	-1.401954	-0.623780	 0.499711	-1.663748	-0.205390	 0.498466
-0.273989	 0.107108	 0.498694	-0.464015	-1.125209	-0.499237	-1.372909	-0.621711	 0.499711	-1.657048	 0.014707	 0.498466
 0.113208	-0.392892	 0.498694	-0.572233	-0.623642	-0.499237	-1.355698	-0.619437	 0.499711	-1.650396	-0.375244	 0.498467
 0.305805	-0.641106	 0.498694	-0.624981	-0.372858	-0.499237	-1.344416	-0.617066	 0.499711	-1.643783	-0.568689	 0.498467
 0.402104	-0.263434	 0.498694	-0.150000	-0.747466	-0.499237	-1.336109	-0.114651	 0.499711	-1.637202	-0.163887	 0.498467
 0.450253	-0.074598	 0.498694	 0.087491	-0.932526	-0.499237	-1.329300	 0.136556	 0.499711	-1.630651	 0.038513	 0.498467
 0.474328	 0.019819	 0.498694	 0.206236	-1.022821	-0.499237	-1.323250	-0.237840	 0.499711	-1.624127	 0.139714	 0.498467
 0.486365	 0.067028	 0.498694	 0.265609	-1.065742	-0.499237	-1.317591	-0.423814	 0.499711	-1.617630	 0.190314	 0.498467
 0.492384	 0.090633	 0.498694	 0.295295	-1.084985	-0.499237	-1.312137	-0.515581	 0.499711	-1.611159	 0.215614	 0.498467
-0.004607	 0.102435	 0.498694	 0.310138	-1.092398	-0.499237	-1.306797	-0.560250	 0.499711	-1.604714	 0.228264	 0.498467
-0.252099	 0.108336	 0.498694	 0.317560	-1.093905	-0.499237	-1.301524	-0.581374	 0.499711	-1.598295	 0.234589	 0.498467
 0.124155	 0.111287	 0.498694	 0.321271	-1.092468	-0.499237	-0.796295	-0.590732	-0.000289	-2.091902	 0.237752	 0.498467
 0.311281	 0.112762	 0.498694	 0.323126	-1.089567	-0.499237	-0.543681	-0.594210	-0.249288	-2.333534	 0.239333	 0.498467
 0.404844	 0.113500	 0.498694	 0.324054	-0.585944	-0.499237	-0.917374	-0.594754	 0.126212	-1.949200	-0.259876	 0.498467
 0.451626	 0.113868	 0.498694	 0.324518	-0.334132	-0.499237	-1.101638	-0.593835	 0.312959	-1.753903	-0.507963	 0.498467
 0.475017	 0.114053	 0.498694	 0.324750	-0.708226	-0.499237	-1.191198	-0.592190	 0.406332	-1.653137	-0.130494	 0.498467
 0.486712	 0.114145	 0.498694	 0.324866	-0.893108	-0.499237	-1.233417	-0.590187	 0.453019	-1.599650	 0.058240	 0.498467
 0.492560	 0.114191	 0.498694	 0.324924	-0.983394	-0.499237	-1.251975	-0.588008	 0.476362	-1.569814	 0.152608	 0.498467
 0.495484	 0.114214	 0.498694	 0.324952	-1.026389	-0.499237	-1.258713	-0.585748	 0.488034	-2.051816	 0.199791	 0.498467
 0.496946	 0.114226	 0.498694	 0.324967	-1.045748	-0.499237	-1.259551	-0.583450	 0.493870	-2.287749	 0.223383	 0.498467
-0.002323	 0.114232	 0.498694	 0.324974	-0.553297	-0.499237	-1.257449	-0.081139	 0.496788	-1.900669	 0.235179	 0.498467
-0.250955	 0.114234	 0.498694	 0.324978	-0.307071	-0.499237	-1.253888	 0.170016	 0.498247	-1.704101	 0.241077	 0.498467
 0.124730	 0.114236	 0.498694	 0.324980	-0.683959	-0.499237	-0.749606	 0.295594	 0.498976	-1.602802	 0.244026	 0.498467
 0.311571	 0.114237	 0.498694	 0.324981	-0.870281	-0.499237	-0.497465	 0.358383	 0.499341	-1.549150	 0.245500	 0.498467
-0.095008	 0.114237	 0.498694	-0.175019	-0.961328	-0.499237	-0.871395	-0.110223	 0.499523	-1.519333	 0.246238	 0.498467
-0.297295	 0.114237	 0.498694	-0.423669	-1.004748	-0.499237	-1.055869	-0.343368	 0.499614	-1.501445	 0.246606	 0.498467
-0.398438	 0.114237	 0.498694	-0.546649	-1.024361	-0.499237	-1.145626	-0.458787	 0.499660	-1.489534	 0.246790	 0.498467
 0.050990	 0.114237	 0.498694	-0.106800	-1.032080	-0.499237	-1.188033	-0.515349	 0.499683	-1.480623	 0.246883	 0.498467
 0.274704	 0.114237	 0.498694	 0.113125	-1.033859	-0.499237	-1.206776	-0.542486	 0.499694	-1.473224	 0.246929	 0.498467
 0.386560	 0.114237	 0.498694	 0.223087	-1.032678	-0.499237	-1.213696	-0.554915	 0.499700	-1.966593	-0.253048	 0.498467
 0.442489	 0.114237	 0.498694	 0.278068	-1.030024	-0.499237	-1.214715	-0.559995	 0.499703	-2.208358	-0.501531	 0.498467
 0.470453	 0.114237	 0.498694	 0.305559	-1.026643	-0.499237	-1.212793	-0.561404	-0.000296	-1.824340	-0.124272	 0.498467
 0.484435	 0.114237	 0.498694	 0.319304	-1.022905	-0.499237	-1.209411	-0.560984	-0.249295	-1.629450	 0.064358	 0.498467
-0.008574	-0.385763	 0.498694	-0.173823	-0.518998	-0.499237	-0.705307	-0.059652	 0.126206	-1.529136	-0.341328	 0.498467
-0.254075	-0.633991	 0.498694	-0.419053	-0.267045	-0.499237	-0.453255	 0.191014	 0.312953	-1.476122	-0.542676	 0.498467
 0.123174	-0.256341	 0.498694	-0.040339	-0.641068	-0.499237	-0.827230	-0.183654	 0.406326	-1.446768	-0.141863	 0.498467
 0.310798	-0.067516	 0.498694	 0.149017	-0.826049	-0.499237	-1.011814	-0.369871	 0.453013	-1.429257	 0.058544	 0.498467
 0.404610	 0.026897	 0.498694	 0.243696	-0.916518	-0.499237	-1.101714	-0.461867	 0.476356	-1.417677	 0.158748	 0.498467
 0.451516	 0.074103	 0.498694	 0.291035	-0.459738	-0.499237	-1.144280	-0.006757	 0.488028	-1.409076	 0.208849	 0.498467
 0.474969	 0.097706	 0.498694	 0.314705	-0.231349	-0.499237	-1.163190	 0.220798	 0.493864	-1.401974	 0.233900	 0.498467
 0.486695	 0.109508	 0.498694	 0.326539	-0.617154	-0.499237	-0.670280	-0.165425	 0.496782	-1.395633	-0.253574	 0.498467
 0.492558	 0.115408	 0.498694	 0.332457	-0.808050	-0.499237	-0.423826	-0.357433	 0.498241	-1.389684	-0.495830	 0.498467
 0.495490	 0.118359	 0.498694	 0.335416	-0.901501	-0.499237	-0.800598	 0.047662	-0.001030	-1.383942	-0.615481	 0.498467
 0.496956	 0.119834	 0.498694	 0.336895	-0.946236	-0.499237	-0.986630	 0.250209	-0.249664	-1.378315	-0.673836	 0.498467
-0.002311	 0.120572	 0.498694	 0.337635	-0.466622	-0.499237	-0.577300	 0.351483	 0.126018	-1.872756	-0.701550	 0.498467
-0.250942	 0.120940	 0.498694	 0.338004	-0.226815	-0.499237	-0.372636	 0.402120	 0.312856	-2.115242	-0.713948	 0.498467
-0.375257	 0.121125	 0.498694	 0.338189	-0.106911	-0.499237	-0.270303	 0.427438	 0.406275	-2.231769	-0.718694	 0.498467
 0.062585	 0.121217	 0.498694	 0.338282	-0.546959	-0.499237	-0.719137	 0.440097	 0.452985	-1.785337	-0.219621	 0.498467
 0.280506	 0.121263	 0.498694	 0.338328	-0.765009	-0.499237	-0.941218	 0.446427	 0.476339	-1.559442	 0.029916	 0.498467
 0.389466	 0.121286	 0.498694	 0.338351	-0.872068	-0.499237	-0.549932	-0.050408	 0.488017	-1.443828	 0.154685	 0.498467
 0.443946	 0.121298	 0.498694	 0.338363	-0.923640	-0.499237	-0.354289	-0.297731	 0.493856	-1.383365	 0.217069	 0.498467
 0.471186	 0.121303	 0.498694	 0.338369	-0.447475	-0.499237	-0.756467	-0.420303	 0.496775	-1.350487	 0.248261	 0.498467
 0.484806	 0.121306	 0.498694	 0.338371	-0.209392	-0.499237	-0.955239	-0.480503	 0.498235	-1.331413	 0.263857	 0.498467
 0.491616	 0.121308	 0.498694	 0.338373	-0.590351	-0.499237	-1.052317	-0.009521	 0.498964	-1.319251	 0.271655	 0.498467
 0.495021	 0.121308	 0.498694	 0.338374	-0.778888	-0.499237	-1.098557	 0.225969	 0.499329	-1.310556	 0.275554	 0.498467
 0.496724	 0.121309	 0.498694	 0.338374	-0.871221	-0.499237	-1.119388	 0.343715	 0.499512	-1.303605	 0.277504	 0.498467
 0.497575	 0.121309	 0.498694	 0.338374	-0.915461	-0.499237	-1.127523	 0.402588	 0.499603	-1.297536	 0.278478	 0.498467
 0.498000	 0.121309	 0.498694	 0.338374	-0.935661	-0.499237	-1.129319	 0.432024	 0.499649	-1.291919	 0.278966	 0.498467
 0.498213	 0.121309	 0.498694	 0.338374	-0.943850	-0.499237	-0.627955	 0.446742	 0.499671	-1.286538	 0.279209	 0.498467
 0.498320	 0.121309	 0.498694	 0.338374	-0.946040	-0.499237	-0.377273	 0.454101	 0.499683	-1.281285	 0.279331	 0.498467
 0.498373	 0.121309	 0.498694	-0.161626	-0.445239	-0.499237	-0.251931	 0.457781	 0.499689	-1.276106	 0.279392	 0.498467
 0.498400	 0.121309	 0.498694	-0.410302	-0.194838	-0.499237	-0.189261	 0.459620	 0.499691	-1.270975	 0.279423	 0.498467
-0.001587	 0.121309	 0.498694	-0.033323	-0.569638	-0.499237	-0.657926	-0.039460	 0.499693	-1.265878	 0.279438	 0.498467
-0.250577	 0.121309	 0.498694	 0.155167	-0.755149	-0.499237	-0.890005	-0.287923	 0.499694	-1.260808	 0.279446	 0.498467
-0.375073	 0.121309	 0.498694	 0.249412	-0.846023	-0.499237	-1.003800	-0.411081	 0.499694	-1.255761	 0.279449	 0.498467
 0.062680	 0.121309	 0.498694	-0.203466	-0.389586	-0.499237	-0.558463	-0.471592	 0.499694	-1.250736	 0.279451	 0.498467
 0.280555	 0.121309	 0.498694	-0.428592	-0.161368	-0.499237	-0.335794	-0.500783	 0.499694	-1.245732	 0.279452	 0.498467
 0.389493	 0.121309	 0.498694	-0.039847	-0.047259	-0.499237	-0.224460	-0.014319	 0.499694	-1.240749	 0.279453	 0.498467
 0.443962	 0.121309	 0.498694	 0.154525	 0.009796	-0.499237	-0.168793	 0.228913	 0.499694	-1.235786	 0.279453	 0.498467
 0.471196	 0.121309	 0.498694	 0.251711	-0.461677	-0.499237	-0.640959	-0.149471	 0.499694	-1.230843	-0.220547	 0.498467
 0.484813	 0.121309	 0.498694	 0.300304	-0.695547	-0.499237	-0.874816	-0.337607	 0.499694	-1.225919	-0.469106	 0.498467
 0.491622	 0.121309	 0.498694	 0.324600	-0.810623	-0.499237	-0.489527	 0.069376	 0.499694	-1.221016	-0.091950	 0.498467
 0.495026	 0.121309	 0.498694	 0.336749	-0.866310	-0.499237	-0.296883	 0.272868	 0.499694	-1.216131	 0.096628	 0.498467
 0.496729	 0.121309	 0.498694	 0.342823	-0.892309	-0.499237	-0.200560	 0.374614	 0.499694	-1.211267	 0.190917	 0.498467
 0.497580	 0.121309	 0.498694	 0.345860	-0.903472	-0.499237	-0.152399	-0.074513	 0.499694	-1.206422	 0.238061	 0.498467
 0.498005	 0.121309	 0.498694	 0.347378	-0.907224	-0.499237	-0.128319	-0.298030	 0.499694	-1.201596	 0.261634	 0.498467
 0.498218	 0.121309	 0.498694	 0.348138	-0.407279	-0.499237	-0.116278	-0.408745	 0.499694	-1.196790	 0.273420	 0.498467
 0.498324	 0.121309	 0.498694	 0.348517	-0.157306	-0.499237	-0.110258	-0.463063	 0.499694	-1.192003	 0.279313	 0.498467
 0.498377	 0.121309	 0.498694	 0.348707	-0.032319	-0.499237	-0.107248	 0.010812	 0.499694	-1.187235	 0.282259	 0.498467
 0.498404	 0.121309	 0.498694	 0.348802	 0.030174	-0.499237	-0.105743	 0.247750	 0.499694	-1.182486	 0.283733	 0.498467
 0.498417	 0.121309	 0.498694	 0.348849	-0.438579	-0.499237	-0.104991	-0.133781	 0.499694	-1.177756	 0.284469	 0.498467
 0.498424	 0.121309	 0.498694	 0.348873	-0.671141	-0.499237	-0.104614	-0.323516	 0.499694	-1.173045	 0.284838	 0.498467
 0.498427	 0.121309	 0.498694	 0.348885	-0.785615	-0.499237	-0.104426	-0.417357	 0.499694	-1.168353	 0.285022	 0.498467
 0.498429	 0.121309	 0.498694	 0.348891	-0.341052	-0.499237	-0.104332	 0.036745	 0.499694	-1.163679	 0.285114	 0.498467
 0.498430	 0.121309	 0.498694	 0.348894	-0.118770	-0.499237	-0.104285	 0.263796	 0.499694	-1.159024	 0.285160	 0.498467
 0.498430	 0.121309	 0.498694	 0.348895	-0.007629	-0.499237	-0.604262	 0.377321	 0.499694	-1.154388	 0.285183	 0.498467
 0.498430	 0.121309	 0.498694	 0.348896	 0.047941	-0.499237	-0.852041	 0.434084	 0.499694	-1.149771	 0.285194	 0.498467
 0.498431	 0.121309	 0.498694	 0.348897	 0.075727	-0.499237	-0.473732	-0.037535	 0.499694	-1.145172	-0.214800	 0.498467
 0.498431	 0.121309	 0.498694	 0.348897	 0.089619	-0.499237	-0.284577	-0.272326	 0.499694	-1.140591	-0.463367	 0.498467
 0.498431	 0.121309	 0.498694	 0.348897	-0.403434	-0.499237	-0.689999	 0.111293	 0.499694	-1.136029	-0.086227	 0.498467
 0.498431	 0.121309	 0.498694	 0.348897	-0.648168	-0.499237	-0.890520	 0.303102	 0.499694	-1.131484	 0.102343	 0.498467
 0.498431	 0.121309	 0.498694	 0.348897	-0.768750	-0.499237	-0.988598	 0.399007	 0.499694	-1.126959	 0.196628	 0.498467
 0.498431	 0.121309	 0.498694	 0.348897	-0.827261	-0.499237	-0.535464	 0.446959	 0.499694	-1.122451	 0.243770	 0.498467
 0.498431	 0.121309	 0.498694	 0.348897	-0.854746	-0.499237	-0.308897	 0.470936	 0.499694	-1.117961	 0.267342	 0.498467
 0.498431	 0.121309	 0.498694	 0.348897	-0.366724	-0.499237	-0.695613	 0.482924	 0.499694	-1.113489	 0.279127	 0.498467
 0.498431	 0.121309	 0.498694	 0.348897	-0.122712	-0.499237	-0.886807	 0.488918	 0.499694	-1.109035	 0.285020	 0.498467
-0.001569	 0.121309	 0.498694	 0.348897	-0.500707	-0.499237	-0.480247	 0.491915	 0.499694	-1.104599	 0.287966	 0.498467
-0.250566	 0.121309	 0.498694	 0.348897	-0.687947	-0.499237	-0.276968	 0.493413	 0.499694	-1.100181	 0.289440	 0.498467
-0.375065	 0.121309	 0.498694	 0.348897	-0.779816	-0.499237	-0.175328	 0.494163	 0.499694	-1.595780	 0.290176	 0.498467
-0.437314	 0.121309	 0.498694	 0.348897	-0.824008	-0.499237	-0.124508	 0.494537	 0.499694	-1.839397	 0.290545	 0.498467
-0.468438	 0.121309	 0.498694	 0.348897	-0.844367	-0.499237	-0.099098	 0.494724	 0.499694	-1.957039	 0.290729	 0.498467
 0.015999	 0.121309	 0.498694	 0.348897	-0.852817	-0.499237	-0.086393	 0.494818	 0.499694	-1.511711	-0.209179	 0.498467
 0.257217	 0.121309	 0.498694	 0.348897	-0.855320	-0.499237	-0.080041	 0.494865	 0.499694	-1.286914	-0.457715	 0.498467
-0.122174	 0.121309	 0.498694	 0.348897	-0.354855	-0.499237	-0.076864	 0.494888	 0.499694	-1.172391	-0.080570	 0.498467
-0.310866	 0.121309	 0.498694	 0.348897	-0.104623	-0.499237	-0.075276	 0.494900	 0.499694	-1.113014	 0.108002	 0.498467
 0.094788	 0.121309	 0.498694	 0.348897	 0.020493	-0.499237	-0.074482	 0.494906	 0.499694	-1.081219	 0.202288	 0.498467
 0.296614	 0.121309	 0.498694	 0.348897	 0.083051	-0.499237	-0.074085	 0.494909	 0.499694	-1.063222	 0.249431	 0.498467
 0.397527	 0.121309	 0.498694	 0.348897	 0.114330	-0.499237	-0.573887	 0.494910	 0.499694	-1.552133	 0.273003	 0.498467
 0.447983	 0.121309	 0.498694	 0.348897	 0.129970	-0.499237	-0.821640	 0.494911	 0.499694	-1.792507	 0.284788	 0.498467
 0.473211	 0.121309	 0.498694	 0.348897	 0.137789	-0.499237	-0.943378	 0.494911	 0.499694	-1.908628	 0.290681	 0.498467
-0.014174	 0.121309	 0.498694	 0.348897	 0.141699	-0.499237	-0.502117	 0.494912	 0.499694	-1.462639	-0.206372	 0.498467
-0.256864	 0.121309	 0.498694	 0.348897	 0.143654	-0.499237	-0.281486	 0.494912	 0.499694	-1.237611	-0.453492	 0.498467
