-0.257424	-0.837598	 0.499382	 0.541068	-0.035277	 0.474828	-0.391517	 0.537812	 0.677859	-0.428966	 0.498343	 0.498559
-0.378033	-0.834248	 0.499382	 0.538904	-0.519527	 0.486500	-0.391492	 0.535874	 0.175170	-0.428750	 0.498343	 0.498559
-0.438337	-0.830911	 0.499382	 0.536748	-0.759645	 0.492336	-0.391480	 0.533837	-0.076174	-0.428642	 0.498343	 0.498559
-0.468490	-0.827587	 0.499382	 0.534601	-0.377704	 0.495254	-0.891474	 0.531754	 0.298154	-0.428588	 0.498343	 0.498559
-0.483566	-0.824277	 0.499382	 0.532463	-0.186734	 0.496713	-1.138688	 0.529654	 0.483973	-0.428561	 0.498343	 0.498559
 0.008896	-0.820979	 0.499382	 0.530333	-0.091249	 0.497443	-0.759523	 0.527549	 0.575543	-0.428548	 0.498343	 0.498559
 0.254124	-0.817696	 0.499382	 0.528211	-0.043506	 0.497807	-0.569941	 0.525445	 0.619993	-0.428541	 0.498343	 0.498559
 0.376738	-0.814425	 0.499382	 0.526098	-0.019635	 0.497990	-0.475150	 0.523347	 0.640890	-0.428538	 0.498343	 0.498559
 0.438045	-0.811167	 0.499382	 0.523994	-0.007699	 0.498081	-0.427754	 0.521255	 0.650014	-0.428536	 0.498343	 0.498559
 0.468699	-0.807922	 0.499382	 0.521898	-0.001731	 0.498127	-0.404056	 0.519171	 0.653259	-0.428535	 0.498343	 0.498559
-0.015974	-0.804691	 0.499382	 0.519811	 0.001252	 0.498149	-0.392207	 0.517094	 0.653568	-0.428535	 0.498343	 0.498559
-0.257310	-0.801472	 0.499382	 0.517731	 0.002744	 0.498161	-0.386283	 0.515026	 0.652414	-0.428534	 0.498343	 0.498559
-0.377977	-0.798266	 0.499382	 0.515660	-0.496510	 0.498166	-0.383321	 0.512966	 0.650535	-0.428534	 0.498343	 0.498559
-0.438311	-0.795073	 0.499382	 0.513598	-0.744145	 0.498169	-0.381840	 0.510914	 0.648298	-0.428534	 0.498343	 0.498559
-0.468478	-0.791893	 0.499382	 0.511543	-0.365979	 0.498171	-0.381099	 0.508871	 0.645888	-0.428534	 0.498343	 0.498559
-0.483561	-0.788725	 0.499382	 0.509497	-0.176896	 0.498171	-0.380729	 0.506835	 0.643396	-0.428534	 0.498343	 0.498559
-0.491103	-0.785570	 0.499382	 0.507459	-0.082355	 0.498172	-0.380544	 0.504808	 0.640868	-0.428534	 0.498343	 0.498559
-0.494874	-0.782428	 0.499382	 0.505429	-0.035084	 0.498172	-0.880451	 0.502789	 0.638327	-0.428534	 0.498343	 0.498559
-0.496760	-0.779298	 0.499382	 0.503408	-0.011449	 0.498172	-1.127644	 0.500778	 0.635785	-0.428534	 0.498343	 0.498559
-0.497702	-0.776181	 0.499382	 0.501394	 0.000369	 0.498172	-1.248491	 0.499772	 0.633248	-0.428534	 0.498343	 0.498559
-0.498174	-0.773076	 0.499382	 0.500387	-0.493722	 0.498172	-0.806176	 0.499269	 0.630717	-0.428534	 0.498343	 0.498559
-0.498409	-0.769984	 0.499382	 0.499884	-0.738792	 0.498172	-0.585018	 0.499018	 0.628196	-0.428534	 0.498343	 0.498559
-0.498527	-0.766904	 0.499382	 0.499632	-0.359360	 0.498172	-0.474439	 0.498892	 0.625684	-0.428534	 0.498343	 0.498559
-0.498586	-0.763836	 0.499382	 0.499506	-0.169643	 0.498172	-0.419150	 0.498829	 0.623182	-0.428534	 0.498343	 0.498559
-0.498615	-0.760781	 0.499382	 0.499443	-0.074785	 0.498172	-0.391505	 0.498798	 0.620689	-0.428534	 0.498343	 0.498559
-0.498630	-0.757738	 0.499382	 0.499412	-0.027356	 0.498172	-0.377683	 0.498782	 0.618206	-0.428534	 0.498343	 0.498559
-0.498638	-0.254707	 0.499382	 0.499396	-0.503641	 0.498172	-0.370771	 0.498774	 0.615734	-0.428534	 0.498343	 0.498559
-0.498641	-0.003192	 0.499382	 0.499388	-0.739824	 0.498172	-0.367316	 0.498770	 0.613271	-0.428534	 0.498343	 0.498559
-0.498643	 0.122566	 0.499382	 0.499384	-0.855964	 0.498172	-0.365588	 0.498768	 0.610818	-0.428534	 0.498343	 0.498559
 0.001356	-0.314555	 0.499382	 0.499382	-0.412089	 0.498172	-0.364724	 0.498768	 0.608374	-0.428534	 0.498343	 0.498559
 0.250353	-0.531612	 0.499382	 0.499381	-0.190152	 0.498172	-0.364292	 0.498767	 0.605941	-0.428534	 0.498343	 0.498559
 0.374851	-0.638643	 0.499382	 0.499381	-0.079183	 0.498172	-0.364076	 0.498767	 0.603517	-0.928534	 0.498343	 0.498559
 0.437100	-0.690668	 0.499382	 0.499381	-0.023699	 0.498172	-0.363968	 0.498767	 0.601103	-1.175677	 0.498343	 0.498559
-0.031775	-0.715195	 0.499382	 0.499380	 0.004043	 0.498172	-0.363914	 0.498767	 0.598699	-0.796403	 0.498343	 0.498559
-0.265211	-0.725978	 0.499382	-0.000620	 0.017914	 0.498172	-0.363887	 0.498767	 0.596304	-0.606766	 0.498343	 0.498559
-0.381930	-0.729897	 0.499382	-0.249618	 0.024850	 0.498172	-0.363874	 0.498767	 0.593919	-0.511947	 0.498343	 0.498559
 0.059711	-0.230388	 0.499382	 0.125882	-0.471682	 0.498172	-0.363867	 0.498767	 0.591543	-0.464538	 0.498343	 0.498559
 0.279529	 0.019366	 0.499382	 0.312630	-0.718012	 0.498172	-0.363864	 0.498767	 0.589177	-0.440833	 0.498343	 0.498559
 0.389438	 0.144243	 0.499382	 0.406004	-0.839248	 0.498172	-0.363862	 0.498767	 0.586820	-0.428981	 0.498343	 0.498559
 0.444392	 0.206681	 0.499382	 0.452690	-0.897945	 0.498172	-0.363861	 0.498767	 0.584473	-0.423055	 0.498343	 0.498559
-0.028130	-0.262099	 0.499382	 0.476034	-0.425381	 0.998172	-0.363861	 0.498767	 0.582135	-0.420092	 0.498343	 0.498559
-0.263390	-0.495028	 0.499382	 0.487706	-0.189098	 1.245176	-0.363860	 0.498767	 0.579806	-0.418610	 0.498343	 0.498559
-0.381021	-0.610036	 0.499382	 0.493541	-0.070957	 0.865693	-0.363860	 0.498767	 0.077487	-0.917870	 0.498343	 0.498559
-0.439836	-0.666090	 0.499382	 0.496459	-0.011886	 0.675952	-0.363860	 0.498767	-0.173673	-1.164665	 0.498343	 0.498559
 0.030757	-0.192673	 0.499382	 0.497918	-0.482351	 1.081081	-0.863860	 0.998767	 0.200748	-0.785240	 0.498343	 0.498559
-0.234949	 0.044035	 0.499382	 0.498648	-0.215678	 1.280674	 0.388867	-0.254231	-1.113193	 0.404473	 0.498343	-0.001441
-0.366801	 0.162390	 0.499382	 0.499013	-0.082341	 1.377509	 1.011948	-0.877715	-1.765308	 0.996141	 0.498343	-0.250438
-0.432727	 0.221567	 0.499382	 0.499195	-0.015673	 1.422978	 1.320218	-1.186455	-2.086531	 1.288799	 0.498343	-0.374936
-0.465690	 0.251155	 0.499382	 0.499286	 0.017661	 1.442776	 1.471097	-1.337835	-2.242328	 1.431966	 0.498343	-0.437186
-0.482172	 0.765950	 0.499382	-0.000668	 1.534328	 0.949750	 2.043292	-2.410546	-3.315429	 1.500398	 0.498343	-0.468310
 0.009587	 1.520785	 0.499382	-0.749644	 4.286560	 0.203236	 3.824158	-3.939935	-4.843203	 2.031477	-0.001657	-0.483873
 0.254464	 1.893652	 0.499382	-1.121135	 5.648598	-0.168934	 4.703382	-4.693691	-5.594348	 2.291891	-0.250653	-0.491654
 0.376903	 2.075552	-0.000618	-1.803895	 7.315596	-0.353936	 6.631828	-6.059674	-5.957230	 1.916994	-0.375152	-0.495544
 0.438122	 2.161987	-0.249616	-2.140302	 8.131130	-0.445360	 7.578931	-6.727814	-6.126030	 1.726461	-0.437401	-0.497490
 0.468732	 2.200708	-0.374116	-2.303552	 10.021003	-0.989998	 8.535430	-7.047092	-6.197841	 1.628123	-0.468525	-0.498462
 0.484036	 2.215590	-0.436366	-2.380243	 10.942118	-1.259248	 8.994696	-7.191999	-6.221207	 1.575894	-0.484088	-0.498949
 0.491689	 2.218570	-0.467490	-2.413675	 11.378949	-1.390816	 9.205421	-7.249778	-6.220401	 1.546732	-0.491869	-0.499192
 0.495515	 2.215616	-0.483053	-2.425497	 11.573733	-1.453555	 9.291951	-7.264053	-7.207558	 1.529116	-0.495759	-0.499313
 0.497428	 2.209714	-0.490834	-2.426533	 11.647588	-1.481892	 9.316459	-7.256633	-7.684748	 1.517285	-0.497705	-0.499374
 0.498385	 2.702356	-0.494725	-2.922196	 12.161073	-0.993040	 10.310031	-7.238425	-6.907019	 1.508359	-0.498677	-0.499405
 0.498863	 2.942287	-0.496670	-3.163192	 12.392466	-0.747606	 10.784210	-7.214881	-6.505895	 1.500897	-0.499164	-0.499420
 0.499102	 3.055888	-0.997643	-3.276881	 12.982915	-1.123884	 10.998783	-7.188726	-7.293124	 1.494179	-0.499407	-0.999427
 0.499222	 3.106349	-1.245132	-3.326945	 13.250992	-1.309023	 11.083642	-7.161323	-7.670578	 1.487845	-0.499528	-1.246432
 0.499282	 3.125266	-0.865891	-2.845223	 13.857993	-1.898604	 11.103735	-7.133354	-7.843209	 1.481715	-0.499589	-0.866948
 0.499311	 3.128436	-0.676271	-2.599634	 14.132564	-2.188418	 11.091534	-7.105159	-7.913493	 1.475699	-0.499619	-0.677206
 0.499326	 3.123758	-0.581460	-2.472132	 14.241034	-2.328369	 11.063274	-7.076907	-7.932667	 1.469752	-0.499635	-0.582335
 0.499334	 3.115181	-0.534055	-2.403692	 14.266571	-2.393408	 11.027075	-7.048684	-7.926350	 1.463850	-0.499642	-0.534899
 0.499338	 3.104679	-0.510353	-2.364801	 14.250755	-1.921010	 10.986993	-7.020532	-7.907352	 1.457984	-0.499646	-0.511181
 0.499339	 3.093240	-0.498502	-2.340704	 14.214377	-1.681914	 10.945059	-6.992471	-7.882076	 1.452146	-0.499648	-0.499322
 0.499340	 3.081357	-0.492576	-2.824022	 14.667832	-1.559481	 10.902285	-6.964511	-7.853725	 1.446335	-0.499649	-0.493393
 0.499341	 3.069276	-0.489613	-3.059067	 14.864317	-1.495390	 10.859179	-6.936658	-7.823898	 1.440548	-0.499649	-0.490428
 0.499341	 3.557121	-0.988132	-3.170001	 14.932438	-1.460482	 11.315994	-6.908914	-7.793397	 1.434785	-0.499650	-0.988946
 0.499341	 3.792954	-1.234418	-3.218906	 14.936497	-1.440176	 11.520856	-6.881280	-7.762620	 1.429046	-0.499650	-1.235230
 0.499341	 3.402813	-1.354599	-3.236823	 14.908646	-1.427184	 11.599835	-6.853756	-7.731768	 1.423329	-0.499650	-0.855409
 0.499341	 3.201717	-1.411741	-3.239272	 14.864958	-1.417860	 11.615968	-6.826341	-7.700940	 1.417636	-0.499650	-0.665498
 0.499341	 3.095168	-1.437373	-3.234013	 14.813472	-1.410380	 11.600769	-6.799036	-7.670186	 1.411965	-0.499650	-0.570543
 0.499341	 3.035916	-1.447264	-2.724926	 14.758205	-1.403835	 11.569999	-6.771840	-7.639530	 1.406317	-0.499650	-0.523065
 0.499341	 3.000337	-1.449295	-2.465951	 14.701166	-1.397767	 11.531536	-6.744752	-7.608985	 1.400692	-0.499650	-0.499326
 0.499341	 3.476618	-1.447407	-2.832049	 14.643358	-1.391950	 11.489318	-6.717773	-7.578555	 1.395089	-0.499650	-0.987457
 0.499341	 3.706852	-1.443573	-3.008702	 14.585283	-1.386270	 11.445315	-6.690902	-7.548244	 1.389509	-0.499650	-1.228571
-0.000659	 3.814095	-1.438776	-3.090658	 14.527191	-1.380668	 11.900510	-6.664139	-7.518052	 1.383951	-0.499650	-1.346189
-0.249657	 3.859874	-1.433510	-3.125291	 14.469207	-1.375117	 12.103397	-6.637482	-7.487981	 1.378415	-0.499650	-1.402070
 0.125843	 3.874952	-1.428020	-3.136287	 14.411392	-1.369602	 11.680228	-6.610932	-7.458029	 1.372901	-0.499650	-0.927095
 0.312591	 3.874711	-1.422430	-3.135491	 14.353778	-1.364117	 11.446129	-6.584489	-7.428197	 1.367410	-0.499650	-0.689607
 0.405965	 3.866842	-1.416801	-3.128823	 14.296378	-1.358657	 11.306655	-6.558151	-7.398485	 1.361940	-0.499650	-0.570863
-0.047348	 3.855189	-1.411165	-2.619245	 14.739200	-1.353221	 11.714584	-6.531918	-7.368891	 1.356492	-0.499650	-1.011491
-0.273004	 3.841676	-1.405535	-2.360237	 14.930247	-1.347807	 11.894304	-6.505790	-7.339415	 1.351066	-0.499650	-1.228901
-0.385831	 3.327263	-1.399921	-2.726530	 14.995528	-0.842415	 11.960015	-6.479767	-7.310058	 1.345662	-0.499650	-1.334713
-0.442245	 3.064431	-1.394325	-2.903491	 14.998047	-0.589719	 11.968820	-6.453848	-7.280817	 1.340280	-0.499650	-1.384739
 0.029548	 3.427411	-1.388750	-2.985811	 14.969306	-0.963371	 11.949267	-6.428033	-7.251694	 1.334918	-0.999650	-0.906882
 0.264442	 3.601321	-1.383196	-3.020834	 14.925054	-1.147523	 11.915631	-6.402321	-7.222687	 1.329579	-1.246651	-0.667953
-0.118111	 3.680725	-1.377663	-3.032234	 14.873166	-1.236936	 11.875049	-6.376711	-7.193797	 1.324260	-0.867164	-0.548489
-0.308386	 3.712907	-1.372153	-3.031847	 14.817580	-1.278990	 11.831089	-6.351204	-7.165022	 1.318963	-0.677420	-0.488757
-0.403524	 3.721508	-1.366664	-3.025590	 14.760262	-1.297374	 11.785535	-6.325800	-7.136361	 1.313688	-0.582548	-0.458891
-0.451093	 3.718348	-1.361198	-2.516424	 14.702198	-1.303935	 11.239278	-6.300496	-7.107816	 1.308433	-0.535113	-0.443958
-0.474877	 3.709338	-1.355753	-2.257826	 14.643878	-1.304595	 10.944763	-6.275294	-7.079385	 1.303199	-0.511395	-0.436491
 0.013231	 3.697432	-1.350330	-2.624528	 14.085546	-1.302314	 10.776205	-6.250193	-7.051067	 1.297986	-0.499536	-0.432758
 0.256282	 3.684108	-1.344929	-2.801897	 13.779326	-1.298573	 10.670711	-6.225192	-7.022863	 1.292794	-0.493606	-0.430891
-0.122192	 3.170104	-0.839549	-2.384623	 10.599270	-1.294114	 8.096833	-6.200292	-5.994771	 1.287623	-0.490641	-0.429958
-0.310428	 2.907790	-0.586859	-2.172051	 8.994403	-1.289304	 6.798849	-6.175491	-5.470792	 1.282473	-0.489159	-0.429491
 0.095454	 2.271343	-0.460514	-2.061846	 4.677191	-0.784331	 4.138855	-4.650789	-4.698909	 1.277343	-0.488418	-0.429258
 0.297392	 1.949849	-0.397342	-2.002841	 2.518585	-0.531844	 2.805900	-3.882185	-4.305114	 1.272233	-0.488047	-0.429141
 0.398361	 0.785845	 0.134244	-1.969450	-0.060718	-0.405600	 1.136477	-2.991657	-3.100393	 1.267144	-0.487862	-0.429083
 0.448846	 0.203843	 0.398706	-1.948883	-1.345090	-0.342479	 0.302831	-2.542190	-2.494242	 1.262076	-0.487769	-0.429054
 0.474088	-0.087157	 0.529610	-1.934742	-1.982017	-0.310918	-0.112930	-2.313271	-2.187390	 1.257028	-0.487723	-0.429039
 0.486709	-0.232658	 0.593741	-1.923831	-2.795242	 0.204863	-1.819754	-1.694643	-1.030203	-0.248001	 0.012300	 0.070968
 0.493020	-0.305408	 0.624491	-1.914549	-3.194638	 0.461311	-2.666112	-1.383177	-0.451609	-0.997009	 0.261287	 0.319830
-0.003825	-0.841783	 0.638556	-1.906098	-3.887148	 0.588100	-3.082266	-1.225301	-0.162312	-1.368020	 0.384760	-0.056877
-0.251246	-1.107215	 0.644283	-1.898077	-4.224244	 0.650065	-3.283347	-1.144228	-0.017664	-1.550048	 0.445480	-0.245230
 0.125044	-1.237185	 0.645846	-1.390287	-4.883669	 0.679623	-3.376918	-1.101565	 0.554660	-1.637598	 0.474828	 0.160593
 0.312186	-1.299436	 0.645333	-1.134626	-5.202295	 0.692984	-3.416763	-1.078116	 0.838568	-1.677923	 0.488493	 0.362372
 0.405757	-1.327838	 0.643787	-1.005038	-5.850566	 0.698252	-3.429772	-0.564282	 0.978278	-1.694649	 0.494321	 0.462133
 0.452542	-1.339326	 0.641729	-0.938493	-6.161704	 0.699479	-3.429391	-0.307365	 1.045896	-1.699589	 0.496235	 0.510890
 0.475935	-1.342369	 0.639421	-0.903477	-6.304328	 0.698691	-3.422342	-0.178906	 1.077478	-1.698650	 0.497192	 0.534149
 0.487631	-1.341199	 0.636993	-0.884232	-5.862745	 0.196901	-3.411987	-0.114677	 0.591051	-1.694785	 0.497671	 0.544664
 0.493480	-1.337935	 0.634510	-0.872879	-5.631112	-0.053994	-3.400007	-0.082562	 0.347838	-1.689471	 0.497910	 0.548811
 0.496404	-1.333633	 0.632004	-0.865480	-5.504496	 0.320559	-3.387240	-0.066505	 0.726231	-1.683445	 0.498030	 0.549779
 0.497866	-1.328823	 0.629492	-0.860064	-5.430433	 0.506445	-3.374108	-0.058476	 0.913219	-1.677078	 0.498089	 0.549161
-0.001403	-1.323771	 0.626982	-0.855647	-5.382688	 0.598003	-3.360820	-0.054462	 1.004512	-1.670552	 0.498119	 0.547755
-0.250036	-1.318607	 0.624478	-0.851736	-5.348146	 0.642403	-3.347481	-0.052455	 1.047967	-1.663962	 0.498134	 0.545959
 0.125647	-1.313398	 0.621982	-0.848085	-4.820248	 0.663229	-3.334143	-0.051451	 1.067512	-1.657352	 0.498142	 0.543973
 0.312486	-1.308177	 0.619496	-0.844570	-4.547714	 0.672275	-3.320833	-0.050949	 1.075110	-1.650745	 0.498146	 0.541896
 0.405906	-1.302961	 0.617018	-0.841131	-4.402897	 0.675434	-3.307562	-0.050699	 1.076743	-1.644154	 0.498147	 0.539778
 0.452615	-1.297757	 0.614550	-0.837736	-4.321972	 0.675657	-3.294339	-0.050573	 1.075404	-1.637583	 0.498148	 0.537643
 0.475970	-1.292570	 0.612092	-0.834370	-4.273027	 0.674417	-3.281164	-0.050510	 1.072585	-1.631035	 0.498149	 0.535505
-0.012352	-1.287402	 0.609644	-0.331025	-4.740107	 0.172450	-3.268041	-0.050479	 1.069037	-1.624512	 0.498149	 0.533369
-0.255512	-1.282253	 0.607205	-0.079352	-4.963232	-0.078533	-3.254970	-0.050463	 1.065132	-1.618015	 0.498149	 0.531239
 0.122908	-1.277125	 0.604776	-0.453516	-4.564422	 0.295975	-3.241951	-0.050455	 1.061057	-1.611543	 0.498149	 0.529116
 0.311115	-1.272017	 0.602357	-0.638942	-4.356686	 0.481889	-3.228983	-0.050452	 1.056905	-1.605097	 0.498149	 0.527000
 0.405219	-1.266929	 0.599948	-0.230007	-4.744520	 0.573510	-3.216067	-0.050450	 1.052724	-1.598677	 0.498149	 0.024892
 0.452271	-1.261861	 0.597548	-0.025539	-4.928172	 0.617990	-3.203203	-0.050449	 1.048536	-1.592282	 0.498149	-0.226162
 0.475797	-1.256814	 0.595158	 0.076695	-5.009775	 0.638905	-3.190390	-0.050448	 1.044354	-1.585913	 0.498149	-0.351688
-0.012440	-1.251786	 0.592777	-0.372188	-4.540393	 0.648043	-3.177629	-0.050448	 1.040182	-1.579570	 0.498149	 0.085548
-0.255558	-1.246779	 0.590406	-0.594988	-4.297561	 0.651298	-3.164918	-0.050448	 1.036024	-1.573251	 0.498149	 0.303121
-0.377116	-1.241792	 0.588045	-0.204752	-4.168035	 0.651616	-3.152258	-0.050448	 1.031881	-1.066958	 0.498149	 0.410866
-0.437895	-1.236825	 0.585692	-0.009634	-4.095195	 0.650471	-3.139649	-0.050448	 1.027755	-0.812691	 0.498149	 0.463701
-0.468285	-1.231878	 0.583350	-0.412075	-4.050730	 0.148600	-2.627091	-0.050448	 1.023644	-1.184440	 0.498149	 0.489086
-0.483480	-1.226950	 0.581016	-0.611666	-4.020485	-0.102336	-2.366582	-0.050448	 1.019550	-1.367202	 0.498149	 0.500749
-0.491077	-1.222042	 0.578692	-0.709839	-3.997382	 0.272197	-2.732116	 0.449552	 1.015471	-1.455483	 0.498149	 0.505556
-0.494876	-1.217154	 0.576377	-0.757310	-3.977882	 0.458169	-2.908688	 0.697653	 1.011410	-1.496536	 0.498149	 0.506938
 0.003225	-1.212286	 0.574072	-0.279436	-3.960216	 0.549867	-2.990803	 0.819812	 1.007364	-1.513988	 0.498149	 0.506613
 0.251272	-1.207437	 0.571776	-0.040499	-3.943497	 0.594433	-3.025715	 0.879008	 1.003335	-1.519651	 0.498149	 0.505438
 0.375296	-1.202607	 0.569489	 0.078970	-3.927284	 0.615438	-3.037049	 0.906729	 0.999321	-1.519431	 0.498149	 0.503842
-0.062692	-1.197796	 0.567211	 0.138704	-3.911356	 0.624668	-3.036620	 0.918721	 0.995324	-1.516283	 0.498149	 0.502039
-0.280685	-1.193005	 0.564942	 0.168571	-3.895601	 0.628015	-3.030333	 0.922855	 0.991343	-1.511683	 0.498149	 0.500138
 0.110319	-1.188233	 0.562682	 0.183505	-3.879963	 0.628426	-3.021141	 0.923069	 0.987377	-1.506369	 0.498149	 0.499187
 0.304818	-1.183480	 0.560431	 0.190972	-3.864416	 0.627373	-3.010521	 0.921329	 0.983428	-1.500709	 0.498149	 0.498711
 0.402068	-1.178746	 0.558190	 0.194705	-4.348945	 0.625595	-2.999212	 0.918620	 0.979494	-1.494890	 0.498149	-0.001527
 0.450693	-1.174031	 0.555957	 0.196572	-4.581542	 0.623458	-2.987581	 0.915433	 0.975576	-1.489002	 0.498149	-0.250642
 0.475005	-1.169335	 0.553733	 0.197505	-4.188212	 0.621146	-2.975814	 0.912015	 1.471674	-1.483091	 0.498149	 0.124800
 0.487161	-1.164658	 0.551518	 0.197972	-3.983958	 0.618753	-2.964002	 0.908489	 1.715787	-1.477182	 0.498149	 0.311521
 0.493239	-1.159999	 0.549312	 0.198205	-3.874271	 0.616324	-2.952192	 0.904916	 1.833924	-1.471285	 0.498149	 0.404882
-0.003722	-1.155359	 0.547115	 0.198322	-3.811899	 0.613881	-2.940406	 0.901327	 0.889088	-1.465405	 0.498149	 0.451562
-0.251201	-1.150738	 0.544926	 0.198380	-3.773213	 0.611437	-2.928656	 0.897737	 0.416670	-1.459546	 0.498149	 0.474902
-0.374940	-1.146135	 0.542747	-0.301591	-3.746402	 0.608997	-2.916947	 0.894154	 0.680461	-1.453710	 0.498149	 0.486572
-0.436810	-1.141550	 0.540576	-0.549973	-3.725557	 0.606564	-2.905282	 0.890581	 0.810469	-1.447896	 0.498149	 0.492407
 0.032255	-1.136984	 0.538413	-0.672567	-3.707725	 0.604139	-2.893662	 0.887021	 0.373591	-1.442104	 0.498149	 0.495324
 0.265785	-1.132436	 0.536260	-0.732274	-3.691429	 0.601723	-2.882088	 0.883474	 0.155152	-1.436336	 0.498149	 0.496783
 0.382550	-1.127906	 0.534115	-0.260544	-4.175931	 0.599317	-2.870560	 0.879940	 1.045933	-1.430591	 0.498149	 0.497512
 0.440932	-1.123395	 0.531978	-0.024679	-4.408861	 0.596920	-2.859078	 0.876421	 1.487450	-1.424869	 0.498149	 0.497877
 0.470124	-1.118901	 0.529850	 0.093254	-4.516042	 0.594532	-2.847642	 0.872915	 1.704350	-1.419169	 0.498149	 0.498060
 0.484719	-1.114426	 0.527731	 0.152220	-4.060387	 0.092154	-2.836252	 0.869423	 1.808958	-0.913492	 0.498149	 0.498151
 0.492017	-1.109968	 0.525620	 0.181704	-3.825349	-0.159035	-2.824907	 0.865946	 1.857435	-0.660654	 0.498149	 0.498196
 0.495666	-1.105528	 0.523517	 0.196445	-3.700650	 0.215371	-2.813607	 0.862482	 1.377861	-1.034235	 0.498149	 0.498219
 0.497490	-1.101106	 0.521423	 0.203816	-3.631148	 0.401394	-2.802353	 0.859032	 1.136278	-1.218210	 0.498149	 0.498230
 0.498403	-1.096701	 0.519338	 0.207501	-3.589274	 0.493230	-2.791143	 0.855596	 1.513697	-1.307393	 0.498149	 0.498236
 0.498859	-1.092315	 0.517260	 0.209344	-3.561243	 0.537979	-2.779979	 0.852174	 1.698624	-1.349191	 0.498149	 0.498239
 0.499087	-1.087945	 0.515191	 0.210265	-3.540160	 0.059187	-2.768859	 0.848765	 1.787321	-1.367308	 0.498149	 0.498240
 0.499201	-1.083594	 0.513130	 0.210726	-3.522581	-0.180208	-2.757783	 0.845370	 1.827917	-1.373596	 0.498149	 0.498241
 0.499258	-1.079259	 0.511078	 0.210956	-3.506781	-0.299906	-2.746752	 0.841988	 1.844478	-1.373980	 0.498149	 0.498241
 0.499286	-1.074942	 0.509034	 0.211072	-3.491899	-0.859755	-2.735765	 0.838620	 1.849037	-1.371424	 0.498149	 0.498242
 0.499301	-1.070642	 0.506997	 0.211129	-3.477504	-1.136840	-2.724822	 0.835266	 1.847609	-1.367407	 0.498149	 0.498242
 0.499308	-1.066360	 0.504969	 0.211158	-3.463381	-0.272555	-2.713923	 0.831925	 1.843202	-0.862673	 0.498149	-0.001758
 0.499311	-1.062094	 0.502950	 0.211172	-3.449420	 0.158404	-2.703067	 0.828597	 1.837322	-0.610305	 0.498149	-0.250755
 0.499313	-1.057846	 0.500938	 0.211180	-3.935569	-0.127295	-2.692255	 0.825283	 1.830718	-0.984122	 0.498149	 0.124747
 0.499314	-1.053615	 0.499932	 0.211183	-4.169800	-0.270145	-2.681486	 0.821982	 1.823768	-1.168314	 0.498149	 0.311498
-0.000686	-1.049400	 0.499429	-0.288815	-3.778108	 0.158431	-2.670760	 0.818694	 1.816660	-0.757705	 0.498149	 0.404873
-0.249684	-1.045203	 0.499177	-0.537237	-3.575489	 0.371544	-2.660077	 0.815419	 1.809487	-0.552400	 0.498149	 0.451560
-0.374183	-1.041022	 0.499052	-0.659876	-3.467433	 0.476932	-2.649437	 0.812157	 1.802295	-0.449748	 0.498149	 0.474904
-0.436433	-0.536858	 0.998989	-0.219631	-3.406687	 0.528461	-3.138839	 0.808909	 1.795109	-0.898422	 0.498149	 0.486576
-0.467558	-0.284776	 1.245960	 0.000492	-3.369622	 0.553065	-3.376283	 0.805673	 1.787941	-1.120065	 0.498149	 0.492412
 0.016880	-0.658735	 0.866459	 0.110553	-3.344424	 0.564212	-2.987778	 0.802450	 1.780795	-1.228203	 0.498149	 0.495330
 0.258096	-0.843649	 0.676709	 0.165584	-3.325187	 0.568635	-2.788327	 0.799240	 1.773674	-1.279599	 0.498149	 0.496789
 0.378704	-0.934049	 0.581834	 0.193099	-3.308956	 0.569700	-2.683424	 0.796044	 1.766581	-1.302635	 0.498149	 0.497518
 0.439008	-0.977200	 0.534396	 0.206857	-3.294256	 0.569091	-2.625815	 0.792859	 1.759516	-1.311502	 0.498149	 0.497883
 0.469160	-0.996735	 0.510677	-0.286264	-3.280346	 0.567650	-2.591874	 0.789688	 1.752478	-0.813295	 0.498149	 0.498066
 0.484236	-1.004469	 0.498818	-0.531266	-3.266859	 0.565797	-2.569788	 0.786529	 1.745468	-0.564191	 0.498149	 0.498157
 0.491774	-1.006312	 0.492888	-0.652214	-3.253608	 0.563742	-2.553650	 0.783383	 1.738486	-0.439639	 0.498149	 0.498202
-0.004457	-1.005218	 0.489923	-0.211142	-2.740502	 0.561592	-2.540505	 0.780250	 1.731532	-0.877363	 0.498149	 0.498225
-0.251571	-1.002662	 0.488441	 0.009394	-2.479494	 0.559398	-2.528879	 0.777129	 1.724606	-1.093595	 0.498149	 0.498236
-0.375128	-0.999384	 0.487700	 0.119662	-2.844553	 0.557186	-2.518031	 0.774020	 1.717708	-1.199091	 0.498149	 0.498242
-0.436906	-0.995753	 0.487329	 0.174796	-3.020664	 0.554970	-2.507592	 0.770924	 1.710837	-1.249230	 0.498149	 0.498245
 0.032204	-0.991953	 0.487144	 0.202363	-3.102325	 0.552757	-2.497379	 0.767840	 1.703994	-1.271701	 0.498149	 0.498246
 0.265757	-0.988077	 0.487051	 0.216146	-3.136788	 0.550549	-2.487298	 0.764769	 1.697178	-1.280348	 0.498149	 0.498247
 0.382533	-0.984170	 0.487005	 0.223038	-2.647677	 0.548349	-2.477303	 0.761710	 1.190389	-1.282094	 0.498149	 0.498248
 0.440922	-0.980256	 0.486982	 0.226484	-2.398804	 0.546156	-2.467371	 0.758663	 0.935627	-1.280399	 0.498149	 0.498248
 0.470116	-0.976347	 0.486970	 0.228207	-2.270068	 0.543972	-2.457490	 0.755628	 0.806885	-1.276994	 0.498149	 0.498248
 0.484713	-0.972447	 0.486964	 0.229068	-2.701418	 0.541796	-2.447654	 0.752606	 0.741157	-0.772744	 0.498149	 0.498248
 0.492011	-0.968560	 0.486961	 0.229499	-2.910827	 0.539629	-2.437861	 0.749595	 0.706943	-0.520619	 0.498149	 0.498248
-0.004339	-0.964687	 0.486960	 0.229715	-3.009291	 0.537471	-2.428108	 0.746597	 1.188490	-0.394557	 0.498149	-0.001752
-0.251513	-0.960829	 0.486959	 0.229822	-3.052307	 0.535321	-2.418395	 0.743611	 1.425924	-0.331526	 0.498149	-0.250749
-0.375100	-0.956986	 0.486959	 0.229876	-2.567625	 0.533180	-1.908721	 0.740636	 1.541314	-0.800010	 0.498149	 0.124753
-0.436894	-0.953159	 0.486959	 0.229903	-2.321118	 0.531047	-1.651086	 0.737674	 1.595695	-1.031715	 0.498149	 0.311504
 0.032209	-0.949346	 0.486959	 0.229916	-2.193715	 0.528923	-2.019481	 0.734723	 1.619586	-1.145041	 0.498149	 0.404879
 0.265758	-0.945549	 0.486959	 0.229923	-2.125881	 0.526807	-2.198903	 0.731784	 1.628244	-1.199187	 0.498149	 0.451566
 0.382533	-0.941767	 0.486959	 0.229927	-2.087848	 0.524700	-2.283857	 0.728857	 1.629300	-1.223754	 0.498149	 0.474910
 0.440920	-0.938000	 0.486959	 0.229928	-2.064732	 0.522601	-2.321597	 0.725941	 1.626567	-1.233540	 0.498149	-0.013418
 0.470114	-0.934248	 0.486959	 0.229929	-2.049090	 0.520511	-2.335748	 0.723038	 1.621952	-1.235947	 0.498149	-0.256579
-0.015289	-0.930511	 0.986959	 0.229930	-2.037203	 0.018429	-2.338124	 0.720146	 1.616411	-1.234674	 0.498149	-0.378159
-0.256990	-0.926789	 1.233985	 0.229930	-2.027208	-0.232613	-2.334631	 0.717265	 1.610418	-1.231570	 0.498149	-0.438949
-0.377840	-0.923081	 0.854536	 0.229930	-2.518177	 0.141867	-2.328222	 0.714396	 1.604213	-0.727561	 0.498149	 0.030656
-0.438265	-0.919389	 0.664811	 0.229930	-2.757643	 0.328074	-2.320374	 0.711538	 1.597914	-0.475557	 0.498149	 0.264458
 0.031523	-0.415711	 0.569949	 0.229930	-2.871381	 0.420149	-2.311825	 0.708692	 1.591582	-0.349555	 0.498149	 0.381359
 0.265414	-0.163873	 0.522518	 0.229930	-2.922281	 0.465162	-2.302944	 0.705857	 1.585245	-0.286554	 0.498149	 0.439809
 0.382359	-0.037953	 0.498802	 0.229930	-2.941784	 0.486648	-2.293915	 0.703034	 1.578919	-0.255053	 0.498149	 0.469035
 0.440832	-0.474994	 0.486944	 0.229930	-2.945613	 0.496375	-1.784831	 0.700222	 1.572611	-0.739303	 0.498149	 0.483647
 0.470068	-0.691690	 0.481016	 0.229930	-2.941628	 0.500226	-1.527737	 0.697421	 1.566324	-0.978981	 0.498149	 0.490954
-0.015313	-0.298221	 0.478051	 0.229930	-2.433761	 0.501144	-1.896649	 1.194631	 1.560060	-1.096382	 0.498149	 0.494607
-0.257003	-0.101487	 0.476569	 0.229930	-2.175975	 0.500598	-2.076574	 1.439853	 1.553821	-1.152655	 0.498149	 0.496433
-0.377848	-0.503119	 0.975828	 0.229930	-2.043246	 0.499325	-2.162024	 1.059093	 1.047606	-1.178374	 0.498149	 0.497347
-0.438270	-0.702126	 1.222507	 0.229930	-1.973061	 0.498689	-2.200253	 0.867357	 0.793416	-1.188825	 0.498149	 0.497803
-0.468481	-0.799828	 1.342908	 0.229930	-2.434162	 0.498371	-1.714891	 0.770138	 1.165242	-0.691652	 0.498149	 0.498031
-0.483587	-0.846883	 1.400182	 0.229930	-2.658922	 0.498212	-1.469751	 0.720182	 1.348082	-0.443066	 0.498149	 0.498146
 0.008860	-0.868623	 0.925904	 0.229930	-2.265535	 0.498132	-1.844732	 0.693864	 1.436439	-0.318773	 0.498149	-0.001797
 0.254081	-0.877712	 0.688766	 0.229930	-2.065097	 0.498092	-2.027783	 0.679370	 1.477569	-0.256626	 0.498149	-0.250765
 0.376692	-0.880483	 0.570196	 0.229930	-1.961149	 0.498073	-2.114887	 0.670793	 1.495096	-0.225553	 0.498149	-0.375249
-0.062003	-0.880102	 1.010911	 0.229930	-1.905460	-0.001937	-2.154035	 0.665180	 1.000834	-0.710016	 0.498149	-0.437491
-0.280349	-0.878152	 1.228366	 0.229930	-1.873916	-0.250938	-2.169222	 0.661054	 0.752690	-0.949859	 0.498149	-0.468612
-0.389522	-0.875425	 0.834201	-0.770070	-1.854460	 0.124561	-2.172447	 1.157678	 0.627609	-0.567401	 0.498149	 0.015827
-0.444108	-0.872316	 0.637119	-1.266530	-1.841061	 0.311311	-2.169708	 1.402681	 0.564063	-0.376172	 0.498149	 0.257046
 0.028598	-0.869023	 0.538578	-0.511234	-1.830707	 0.404685	-1.664005	 1.021887	 1.031290	-0.780557	 0.498149	 0.377656
 0.263949	-0.865645	 0.489307	-0.133586	-1.821889	 0.451373	-1.408837	 0.830208	 1.261906	-0.980380	 0.498149	 0.437961
 0.381625	-0.862231	 0.464672	 0.055238	-2.313854	 0.474716	-1.278945	 1.233091	 1.374229	-0.577931	 0.498149	 0.468113
 0.440462	-0.858807	 0.452354	 0.149650	-2.554225	 0.486388	-1.211701	 1.431261	 1.427417	-0.376707	 0.498149	 0.483190
 0.469881	-0.855384	 0.446196	 0.196856	-2.668821	 0.492224	-1.175791	 1.527087	 1.451050	-0.276094	 0.498149	 0.490728
-0.015409	-0.851969	 0.443116	 0.220459	-2.220552	 0.495142	-1.655555	 1.071754	 1.459917	-0.225788	 0.498149	 0.494497
-0.257053	-0.848564	 0.441576	 0.232261	-1.992873	 0.496601	-1.891167	 0.842855	 1.461413	-0.200635	 0.498149	 0.496381
 0.122125	-0.345171	 0.440807	 0.238161	-2.375503	 0.497331	-2.004719	 1.227177	 1.459235	-0.688059	 0.498149	 0.497323
 0.310711	-0.093475	 0.440422	 0.241112	-2.561302	 0.497695	-2.057259	 1.416116	 1.455232	-0.929420	 0.498149	 0.497795
-0.094996	 0.032373	 0.940229	 0.242587	-2.148707	 0.497878	-1.579309	 1.007375	 1.450328	-1.047758	 0.498149	 0.498030
-0.296848	 0.095298	 1.187253	 0.243325	-1.938938	 0.497969	-1.338132	 0.801807	 1.444986	-1.104596	 0.498149	 0.498148
-0.397774	 0.126760	 1.307896	 0.243693	-1.830595	 0.498015	-1.215349	 0.697830	 1.439435	-0.630691	 0.498149	 0.498207
-0.448237	 0.142491	 1.365361	 0.243878	-1.772979	 0.498037	-1.151772	 0.644655	 1.433792	-0.393739	 0.498149	 0.498236
-0.473468	 0.150356	 1.391247	 0.243970	-1.740740	 0.498049	-1.117808	 0.616884	 1.428114	-0.275263	 0.498149	 0.498251
-0.486084	-0.345711	 0.901356	 0.244016	-1.721203	 0.498054	-1.098658	 1.101820	 1.422430	-0.716025	 0.498149	 0.498258
-0.492392	-0.592061	 0.656411	 0.244039	-1.708032	 0.498057	-1.086924	 1.341115	 1.416755	-0.934092	 0.498149	 0.498262
-0.495546	-0.713559	 0.533938	 0.244051	-1.698056	 0.498059	-1.078906	 1.457601	 1.411095	-1.040822	 0.498149	 0.498264
-0.497123	-0.772638	 0.472702	 0.244056	-1.689692	 0.498059	-1.072756	 1.512696	 1.405454	-1.091891	 0.498149	 0.498265
-0.497911	-0.300514	 0.942084	 0.244059	-1.682148	 0.498060	-1.067547	 1.537108	 1.399834	-1.115140	 0.498149	 0.498265
-0.498305	-0.064452	 1.173952	 0.244061	-1.675026	 0.498060	-1.062819	 1.546191	 1.394236	-1.124488	 0.498149	 0.498265
 0.001497	 0.053579	 0.787074	 0.244061	-1.668130	 0.498060	-1.058338	 1.047622	 1.388659	-0.626894	 0.498149	 0.498266
 0.250396	 0.112594	 0.593635	 0.244062	-1.661359	 0.498060	-1.053990	 0.797239	 1.383105	-0.378097	 0.498149	 0.498266
 0.374846	 0.142102	 0.496916	 0.244062	-1.654664	 0.498060	-1.049717	 0.670954	 1.377572	-0.253699	 0.498149	 0.498266
 0.437070	 0.156856	 0.448556	 0.244062	-1.648021	-0.001940	-1.545489	 0.606722	 1.372062	-0.191500	 0.498149	 0.498266
 0.468183	 0.164233	 0.424376	 0.244062	-1.641417	-0.250936	-1.789293	 0.573522	 1.366574	-0.160400	 0.498149	 0.498266
 0.483739	-0.332079	 0.412286	 0.244062	-1.634845	 0.124566	-1.407128	 0.555840	 1.361108	-0.644850	 0.498149	 0.498266
 0.491517	-0.578578	 0.406241	 0.244062	-1.628303	 0.311317	-1.213996	 0.545924	 1.355663	-0.884817	 0.498149	 0.498266
 0.495406	-0.700177	 0.403219	 0.244062	-1.621788	 0.404692	-1.115389	 1.039893	 1.350241	-0.502550	 0.498149	 0.498266
 0.497351	-0.759333	 0.401708	 0.244062	-1.615300	 0.451380	-1.064051	 1.283810	 1.344840	-0.311417	 0.498149	 0.498266
-0.001677	-0.287274	 0.400952	 0.244062	-1.608838	 0.474724	-1.036357	 0.902713	 1.339460	-0.215851	 0.498149	 0.498266
-0.250190	-0.051245	 0.400574	 0.244062	-1.602403	 0.486396	-1.020493	 0.711122	 1.334102	-0.168067	 0.498149	 0.498266
-0.374446	 0.066770	 0.400385	 0.244062	-1.595993	 0.492232	-1.010551	 0.614287	 1.328766	-0.144176	 0.498149	 0.498266
-0.436574	 0.125777	 0.400291	-0.255938	-1.589609	 0.495150	-1.003579	 1.064834	 1.323451	-0.632230	 0.498149	 0.498266
-0.467638	 0.155281	 0.400244	-0.504426	-1.583251	 0.496609	-0.998100	 1.287077	 1.318157	-0.874016	 0.498149	 0.498266
-0.483170	-0.329967	 0.400220	-0.127164	-1.576918	 0.497338	-0.993375	 1.395180	 1.312884	-0.492678	 0.498149	 0.498266
-0.490936	-0.570961	 0.400208	 0.061467	-1.570610	 0.497703	-0.989035	 1.446225	 1.307633	-0.302009	 0.498149	 0.498266
-0.494819	-0.189834	 0.900202	 0.155782	-1.564328	 0.497885	-0.984896	 1.468753	 1.302402	-0.706674	 0.498149	 0.498266
-0.496761	 0.000730	 1.147399	 0.202940	-1.558070	 0.497976	-0.980865	 1.477034	 1.297193	-0.906784	 0.498149	 0.498266
 0.002269	-0.403989	 0.768208	 0.226519	-1.551838	 0.498022	-0.976896	 1.478204	 1.292004	-1.004625	 0.498149	 0.498266
 0.250781	-0.604730	 0.578613	 0.238308	-1.545631	 0.498045	-0.972965	 1.475831	 1.286836	-1.051341	 0.498149	 0.498266
 0.375037	-0.703490	 0.483815	 0.244203	-1.539448	 0.498056	-0.969062	 1.471697	 1.281689	-1.072503	 0.498149	 0.498266
-0.062835	-0.751266	 0.436416	 0.247150	-1.533290	 0.498062	-0.965180	 1.466695	 1.276562	-1.080896	 0.498149	 0.498266
-0.280770	-0.773555	 0.412717	 0.248624	-1.527157	 0.498065	-0.961316	 1.461271	 1.271456	-1.082915	 0.498149	 0.498266
-0.389737	-0.283108	 0.400867	 0.249361	-1.521048	 0.498066	-0.957470	 1.455647	 1.266370	-1.081754	 0.498149	 0.498266
-0.444221	-0.037885	 0.394942	 0.249729	-1.514964	 0.498067	-0.953639	 1.449935	 1.261304	-1.079012	 0.498149	 0.498266
 0.028537	 0.084727	 0.391980	 0.749913	-1.508904	 0.498067	-0.949824	 0.944190	 1.256259	-1.075489	 0.498149	 0.498266
 0.263914	 0.146033	 0.390498	 0.997505	-1.502869	 0.498068	-0.946025	 0.691318	 1.251234	-1.071583	 0.498149	 0.498266
-0.118398	-0.323315	 0.389758	 0.618811	-1.496857	 0.498068	-0.942241	 1.064882	 1.246229	-1.067495	 0.498149	 0.498266
-0.308552	-0.556403	 0.389388	 0.429464	-1.490870	 0.498068	-0.938472	 1.248787	 1.241244	-1.063324	 0.498149	 0.498266
-0.403629	-0.671368	 0.389202	 0.334790	-1.484906	 0.498068	-0.934718	 1.337874	 1.236279	-1.059121	 0.498149	 0.498266
 0.048832	-0.727278	 0.389110	 0.287454	-1.478967	 0.498068	-0.930979	 1.379564	 1.231334	-0.554909	 0.498149	-0.001734
 0.274060	-0.753666	 0.389064	 0.263785	-1.473051	 0.498068	-0.927255	 1.397566	 1.226409	-0.302803	 0.498149	-0.250731
 0.386674	-0.765301	 0.389040	 0.251951	-1.467159	 0.498068	-0.923546	 1.403736	 1.221503	-0.176750	 0.498149	 0.124771
 0.442981	-0.769564	 0.389029	 0.246034	-1.461290	 0.498068	-0.919852	 1.404001	 1.216617	-0.113724	 0.498149	 0.311521
 0.471135	-0.270148	 0.389023	 0.243075	-1.955445	 0.498068	-0.916172	 1.401325	 1.211751	-0.582210	 0.498149	 0.404896
 0.485211	-0.020440	 0.389020	 0.241596	-2.197623	 0.498068	-0.912508	 1.397190	 1.206904	-0.814352	 0.498149	 0.451584
 0.492250	 0.104414	 0.389019	 0.240856	-1.813833	 0.498068	-0.908858	 1.392336	 1.202076	-0.428330	 0.498149	-0.025072
 0.495769	 0.166841	 0.389018	 0.240487	-1.619077	 0.498068	-0.905222	 1.387135	 1.197268	-0.235319	 0.498149	-0.262397
 0.497529	 0.198055	 0.389018	 0.240302	-1.518851	 0.498068	-0.901601	 1.381770	 1.192479	-0.138814	 0.498149	-0.381059
-0.001592	 0.213662	 0.389017	 0.240209	-1.465901	 0.498068	-0.897995	 1.376335	 1.187709	-0.090561	 0.498149	 0.059610
-0.250150	 0.221465	 0.389017	 0.240163	-1.436600	 0.498068	-0.894403	 1.370875	 1.182958	-0.066435	 0.498149	 0.278943
-0.374430	 0.225367	 0.389017	 0.240140	-1.419134	 0.498068	-0.890825	 1.365415	 1.178226	-0.554372	 0.498149	-0.111390
-0.436569	 0.227317	 0.389017	 0.240128	-1.407598	 0.498068	-0.887262	 1.359964	 1.173513	-0.796255	 0.498149	-0.305553
-0.467639	 0.228293	 0.389017	 0.240123	-1.399038	 0.498068	-0.883713	 1.354530	 1.168819	-0.415121	 0.498149	 0.097366
-0.483174	 0.228781	 0.389017	 0.240120	-1.391977	 0.498068	-0.880178	 1.349115	 1.164144	-0.224554	 0.498149	 0.297824
 0.009058	-0.270976	 0.389017	 0.240118	-1.385677	 0.498068	-0.876657	 1.343720	 1.159487	-0.629270	 0.498149	 0.398054
 0.254172	-0.519312	 0.389017	 0.240118	-1.379768	 0.498068	-0.873151	 1.338346	 1.154849	-0.829560	 0.498149	 0.448168
 0.376729	-0.641945	 0.389017	 0.240117	-1.374066	 0.498068	-0.869658	 1.332993	 1.150230	-0.927646	 0.498149	 0.473226
-0.061993	-0.701732	 0.389017	 0.240117	-1.868478	 0.498068	-0.866179	 1.327661	 1.145629	-0.474637	 0.498149	 0.485754
-0.280352	-0.730103	 0.389017	 0.240117	-2.110958	 0.498068	-0.862715	 1.322351	 1.141047	-0.248133	 0.498149	 0.492019
 0.110468	-0.242771	 0.389017	 0.240117	-1.727492	 0.498068	-0.859264	 1.317061	 1.136482	-0.134880	 0.498149	 0.495151
 0.304876	 0.000894	 0.389017	 0.240117	-1.533070	 0.498068	-0.855827	 1.311793	 1.131936	-0.078254	 0.498149	 0.496717
-0.097920	-0.377273	 0.389017	 0.240117	-1.433182	 0.498068	-0.852404	 1.306546	 1.127409	-0.049941	 0.498149	 0.497500
-0.298317	-0.564845	 0.389017	 0.240117	-1.380572	 0.498068	-0.848994	 1.301320	 1.122899	-0.035785	 0.498149	 0.497892
 0.101485	-0.157127	 0.389017	 0.240117	-1.351611	 0.498068	-1.345598	 1.296114	 0.618407	-0.028707	 0.498149	 0.498087
 0.300383	 0.046732	 0.389017	 0.240117	-1.334485	 0.498068	-1.590216	 1.290930	 0.366162	-0.025167	 0.498149	 0.498185
 0.399832	 0.148662	 0.389017	 0.240117	-1.323287	 0.498068	-1.708855	 1.285766	 0.240039	-0.023398	 0.498149	 0.498234
-0.050443	-0.300373	 0.389017	 0.240117	-1.315064	 0.498068	-1.764519	 0.780623	 0.676977	-0.022513	 0.498149	 0.498259
-0.274580	-0.523392	 0.389017	 0.240117	-1.308339	 0.498068	-1.788711	 0.528052	 0.893219	-0.022071	 0.498149	 0.498271
-0.386648	-0.633409	 0.389017	 0.240117	-1.302373	 0.498068	-1.797181	 0.401766	 0.999121	-1.021849	 0.498149	 0.498277
-0.442682	-0.686930	 0.389017	 0.240117	-1.296797	 0.498068	-1.797805	 0.338623	 1.049861	-1.517696	 0.498149	 0.498280
-0.470699	-0.212210	 0.389017	-0.259883	-1.291427	 0.498068	-1.794520	 0.807051	 1.073031	-0.761592	 0.498149	 0.498282
-0.484707	 0.025150	 0.389017	-0.508363	-1.286170	 0.498068	-1.789295	 1.038715	 1.082423	-0.383540	 0.498149	 0.498282
-0.491712	 0.143830	 0.389017	-0.131090	-1.280979	 0.498068	-1.783115	 1.152006	 1.084935	-0.694514	 0.498149	 0.498283
-0.495214	 0.203170	 0.389017	 0.057547	-1.275832	 0.498068	-1.776470	 1.206121	 1.084017	-0.847990	 0.498149	 0.498283
-0.496965	 0.232840	 0.389017	 0.151865	-1.270718	 0.498068	-1.769609	 1.230658	 1.081391	-0.922725	 0.498149	 0.498283
-0.497840	-0.252325	 0.889017	 0.199025	-1.265629	 0.498068	-1.762652	 1.240416	 1.077921	-0.458097	 0.498149	 0.498283
-0.498278	-0.493432	 1.136239	 0.222604	-1.260564	 0.498068	-1.755663	 1.242794	 1.074037	-0.225784	 0.498149	 0.498283
 0.001503	-0.612517	 0.757083	 0.234394	-1.255520	 0.498068	-1.248671	 1.241493	 1.069954	-0.609627	 0.498149	-0.001717
 0.250391	-0.670596	 0.567505	 0.240289	-1.250497	 0.498068	-0.993691	 1.238362	 1.065782	-0.799561	 0.498149	-0.250713
-0.125165	-0.698178	 0.472716	 0.243236	-1.245495	 0.498068	-0.864724	 1.234327	 1.061572	-0.892550	 0.498149	-0.375212
-0.311942	-0.710518	 0.425322	 0.244710	-1.240513	 0.498068	-0.798769	 1.229848	 1.057352	-0.937073	 0.498149	-0.437461
-0.405330	-0.715242	 0.901625	 0.745447	-1.235550	 0.498068	-0.764326	 1.225158	 1.053136	-0.457371	 0.498149	 0.031415
-0.452024	-0.716164	 1.137020	 0.993323	-1.230608	 0.498068	-0.745644	 1.220372	 1.048930	-0.217520	 0.498149	 0.264852
-0.475371	-0.215191	 0.751973	 1.114779	-1.225686	 0.498068	-0.734850	 0.715548	 1.044738	-0.097595	 0.498149	 0.381570
-0.487045	 0.035296	 0.559449	 1.173034	-1.220783	 0.498068	-0.728004	 0.463136	 1.040561	-0.037632	 0.498149	 0.439930
-0.492881	 0.160539	 0.463188	 1.199699	-1.215900	 0.498068	-0.723139	 0.336930	 1.036399	-0.007651	 0.498149	 0.469109
 0.004200	-0.276839	 0.415057	 0.710579	-1.211036	 0.498068	-1.219270	 0.773827	 1.032254	-0.492660	 0.498149	 0.483699
 0.251738	-0.494100	 0.390991	 0.466019	-1.206192	 0.498068	-1.463905	 0.989854	 1.028125	-0.733210	 0.498149	 0.490994
-0.124492	-0.601308	 0.378959	 0.343739	-1.201367	 0.498068	-1.082805	 1.095456	 1.024013	-0.351537	 0.498149	 0.494641
-0.311606	-0.653495	 0.372942	 0.282599	-1.196562	 0.498068	-0.890852	 1.145854	 1.019917	-0.160700	 0.498149	 0.496465
-0.405163	-0.178177	 0.369934	 0.252029	-1.191776	-0.001932	-0.793478	 0.668661	 1.015837	-0.065282	 0.498149	 0.497377
-0.451942	 0.059482	 0.368430	 0.236744	-1.187009	-0.250928	-0.743398	 0.430065	 1.011774	-0.017573	 0.498149	 0.497833
-0.475331	 0.178312	 0.367678	 0.229101	-1.182261	 0.124573	-0.716972	 0.810766	 1.007727	 0.006282	 0.498149	 0.498061
-0.487026	 0.237727	 0.367302	 0.225280	-1.177531	 0.311324	-0.702377	 0.998734	 1.003696	 0.018209	 0.498149	 0.498175
-0.492873	 0.267434	 0.367114	 0.223369	-1.172821	 0.404700	-0.693705	 1.090345	 0.999681	 0.024173	 0.498149	 0.498232
-0.495797	-0.217712	 0.367020	 0.722414	-1.168130	-0.048613	-0.687998	 1.133786	 0.995682	-0.472846	 0.498149	 0.498260
-0.497259	-0.458880	 0.366973	 0.969493	-1.163458	-0.274265	-0.683781	 1.153152	 0.991700	-0.719415	 0.498149	 0.498275
-0.497989	-0.578063	 0.366949	 0.590600	-1.158804	 0.112909	-0.680313	 1.160491	 0.987733	-0.340768	 0.498149	 0.498282
-0.498355	-0.636261	 0.366938	 0.401153	-1.154168	 0.305496	-0.677225	 1.161824	 0.983782	-0.151444	 0.498149	 0.498285
 0.001462	-0.663970	 0.366932	 0.306430	-1.149552	 0.401789	-0.674333	 1.160164	 0.979847	-0.056782	 0.498149	 0.498287
 0.250368	-0.676442	 0.366929	 0.259068	-1.144954	 0.449936	-0.671544	 1.157017	 0.975927	-0.009451	 0.498149	 0.498288
 0.374821	-0.181300	 0.366927	 0.735387	-1.140374	 0.474009	-0.668812	 0.653136	 0.972024	-0.485786	 0.498149	-0.001712
 0.437048	 0.066271	 0.366927	 0.971123	-1.135812	 0.486046	-0.666114	 0.401196	 0.968136	-0.722029	 0.498149	-0.250708
 0.468161	 0.190057	 0.366926	 1.086578	-1.131269	 0.492064	-0.663438	 0.275225	 0.964263	-0.838234	 0.498149	-0.375206
 0.483718	-0.248051	 0.366926	 0.641901	-1.126744	 0.495073	-0.660778	 0.712240	 0.960406	-0.394428	 0.498149	 0.062545
 0.491496	-0.465732	 0.366926	 0.419563	-1.122237	 0.496578	-0.658132	 0.928449	 0.956564	-0.172524	 0.498149	 0.280420
 0.495385	-0.573206	 0.366926	 0.308393	-1.117748	 0.497330	-0.655498	 1.034264	 0.952738	-0.061573	 0.498149	-0.110643
 0.497330	-0.625581	 0.366926	 0.252809	-1.113277	 0.497706	-0.652876	 1.084892	 0.948927	-0.006097	 0.498149	-0.305171
-0.001698	-0.150413	 0.366926	 0.225016	-1.108824	 0.497894	-0.650264	 1.107934	 0.945132	 0.021641	 0.498149	 0.097565
-0.250210	 0.087171	 0.366926	 0.211120	-1.104389	 0.497988	-0.647663	 1.117194	 0.941351	 0.035510	 0.498149	 0.297933
-0.374466	 0.205963	 0.366926	 0.204172	-1.099971	 0.498035	-1.145072	 1.119571	 0.937586	 0.042444	 0.498149	-0.101884
-0.436595	 0.265359	 0.366926	 0.200698	-1.095571	 0.498059	-1.390491	 1.118515	 0.933835	 0.045912	 0.498149	-0.300788
-0.467659	 0.295057	 0.366926	 0.198961	-1.091189	 0.498071	-1.509929	 1.115752	 0.930100	 0.047645	 0.498149	-0.400241
-0.483191	 0.309906	 0.366926	 0.198093	-1.086824	 0.498077	-1.066390	 1.112145	 0.926380	-0.451488	 0.498149	 0.050033
-0.490957	 0.317331	 0.366926	 0.197658	-1.082477	 0.498080	-0.843374	 1.108124	 0.922674	-0.699153	 0.498149	 0.274169
-0.494840	-0.178957	 0.366926	 0.197441	-1.078147	 0.498081	-0.730626	 1.103906	 0.918983	-0.321092	 0.498149	 0.386238
-0.496781	-0.425751	 0.366926	 0.197333	-1.073834	 0.498082	-0.673016	 1.099597	 0.915307	-0.132062	 0.498149	 0.442272
-0.497752	-0.547802	 0.366926	 0.197278	-1.069539	 0.498082	-0.642980	 1.095252	 0.911646	-0.037547	 0.498149	 0.470289
-0.498237	-0.607488	 0.366926	 0.197251	-1.065261	 0.498082	-0.626736	 1.090898	 0.908000	 0.009711	 0.498149	 0.484297
-0.498480	-0.135997	 0.366926	 0.697238	-1.061000	 0.498082	-1.117393	 1.086548	 0.904368	 0.033340	 0.498149	 0.491301
-0.498601	 0.099749	 0.366926	 0.944836	-1.056756	 0.498082	-1.359506	 1.082208	 0.900750	 0.045154	 0.498149	 0.494804
-0.498662	 0.217621	 0.366926	 1.066251	-1.052529	 0.498082	-1.477359	 1.077883	 0.897147	 0.051061	 0.498149	 0.496555
-0.498692	 0.276558	 0.366926	 1.124583	-1.048319	 0.498082	-1.033095	 1.073573	 0.893559	-0.945985	 0.498149	 0.497430
-0.498707	 0.306026	 0.366926	 1.151383	-1.044125	 0.498082	-0.809785	 1.069279	 0.889984	-1.440622	 0.498149	 0.497868
-0.498715	 0.320760	 0.366926	 1.162427	-1.039949	 0.498082	-1.196957	 1.065003	 0.886424	-1.184070	 0.498149	 0.498087
-0.498719	 0.328127	 0.366926	 1.165602	-1.035789	 0.498082	-1.387375	 1.060743	 0.882879	-1.053939	 0.498149	 0.498196
 0.001279	 0.331811	 0.866926	 0.664852	-1.031646	 0.498082	-1.479429	 1.056500	 0.379347	-0.487026	 0.498149	 0.498251
 0.250276	 0.333653	 1.114192	 0.414476	-1.027519	 0.498082	-1.522312	 1.052274	 0.127581	-0.203569	 0.498149	 0.498278
-0.125226	-0.165427	 0.735102	 0.789289	-1.023409	 0.498082	-1.540624	 0.548065	 0.501698	-0.061841	 0.498149	 0.498292
-0.311975	-0.413637	 0.545557	 0.974367	-1.019316	 0.498082	-1.546662	 0.295961	 0.687005	 0.009023	 0.498149	 0.498299
-0.405350	-0.536419	 0.450785	 1.064587	-1.015238	 0.498082	-1.546575	 0.169908	 0.777914	 0.044455	 0.498149	 0.498302
-0.452037	-0.596491	 0.903399	 0.607388	-1.011177	 0.498082	-1.043439	 0.606882	 0.821631	 0.062171	 0.498149	 0.498304
-0.475381	-0.625214	 1.126993	 0.378788	-1.007133	 0.498082	-0.790790	 0.823281	 0.841759	 0.071029	 0.498149	 0.498305
 0.012947	-0.138268	 0.736090	 0.764488	-1.003104	 0.498082	-0.663390	 0.929402	 0.350099	 0.075458	 0.498149	 0.498305
 0.256109	 0.105205	 0.540638	 0.955038	-0.999092	 0.498082	-0.598617	 0.980391	 0.104269	 0.077673	 0.498149	 0.498305
 0.377689	 0.226942	 0.942912	 0.548021	-0.995095	 0.498082	-0.565163	 1.003822	 0.481354	 0.078780	 0.498149	 0.498306
 0.438480	 0.287810	 1.141359	 0.344513	-0.991115	 0.498082	-0.547373	 1.013484	 0.668179	 0.079333	 0.498149	 0.498306
-0.031125	 0.318244	 0.737902	 0.242759	-0.987151	 0.498082	-0.537419	 1.016268	 0.759882	 0.079610	 0.498149	-0.001694
-0.264926	 0.333461	 0.536174	 0.191882	-0.983202	 0.498082	-0.531387	 1.015622	 0.804031	 0.079749	 0.498149	-0.250691
-0.381827	 0.341070	 0.435310	 0.166443	-0.979269	 0.498082	-0.527320	 1.013269	 0.824408	 0.079818	 0.498149	-0.375189
 0.059723	 0.344874	 0.384878	 0.653724	-0.975352	 0.498082	-0.524240	 1.010071	 0.832908	 0.079853	 0.498149	 0.062562
 0.279496	 0.346776	 0.359662	 0.895083	-0.971451	 0.498082	-0.521658	 1.006458	 0.835474	 0.079870	 0.498149	 0.280436
-0.110618	 0.347727	 0.347054	 1.013489	-0.967565	 0.498082	-0.519328	 1.002646	 0.835082	 0.079878	 0.498149	 0.389374
-0.304674	 0.348203	 0.340750	 1.070428	-0.963695	 0.498082	-0.517130	 0.998742	 0.833216	 0.079883	 0.498149	 0.443843
-0.401701	 0.348441	 0.837598	 0.596643	-0.959840	 0.498082	-0.515001	 0.994801	 0.830620	-0.420115	 0.498149	 0.471077
-0.450215	 0.348560	 1.083353	 0.359751	-0.956000	 0.498082	-0.512910	 0.990848	 0.827667	-0.668274	 0.498149	 0.484694
 0.025528	 0.348619	 1.203572	 0.741304	-0.952176	 0.498082	-0.510843	 0.986898	 0.824540	-0.290520	 0.498149	-0.008497
 0.262397	 0.348649	 1.261035	 0.929835	-0.948368	 0.498082	-0.508793	 0.982957	 0.821334	-0.101643	 0.498149	-0.254090
-0.119169	 0.348664	 0.787129	 0.521864	-0.944574	 0.498082	-0.506754	 0.979029	 0.818095	-0.007205	 0.498149	 0.123114
-0.308950	 0.348671	 0.550176	 0.317879	-0.940796	 0.498082	-0.504725	 0.975114	 0.814846	 0.040014	 0.498149	 0.310715
-0.403841	 0.348675	 0.431699	 0.215886	-0.937033	 0.498082	-0.502705	 0.971215	 0.811598	 0.063624	 0.498149	 0.404516
-0.451286	-0.151323	 0.372461	 0.664890	-0.933285	 0.498082	-0.500693	 0.967330	 0.808357	 0.075429	 0.498149	 0.451416
-0.475009	-0.400020	 0.342842	 0.887164	-0.929552	 0.498082	-0.499688	 0.963461	 0.805127	 0.081331	 0.498149	 0.474867
-0.486870	-0.023071	 0.328032	 0.496082	-0.925833	 0.498082	-0.499185	 0.959608	 0.801908	 0.084282	 0.498149	 0.486592
-0.492801	 0.165404	 0.320627	 0.300541	-0.922130	 0.498082	-0.498934	 0.955769	 0.798701	 0.085758	 0.498149	 0.492454
-0.495766	-0.240359	 0.316925	 0.202770	-0.918442	 0.498082	-0.498808	 0.951946	 0.795506	 0.086495	 0.498149	 0.495385
-0.497249	-0.441948	 0.315074	 0.153885	-0.914768	 0.498082	-0.498745	 0.948138	 0.792324	 0.086864	 0.498149	 0.496851
 0.002010	-0.041455	 0.314148	 0.129442	-0.911109	 0.498082	-0.498714	 0.944346	 0.789155	 0.087049	 0.498149	 0.497584
 0.250637	 0.158791	 0.313685	 0.117221	-0.907464	 0.498082	-0.498698	 0.940568	 0.785999	 0.087141	 0.498149	 0.497950
 0.374950	 0.258914	 0.313454	 0.111110	-0.903834	 0.498082	-0.498690	 0.936806	 0.782855	 0.087187	 0.498149	 0.498133
-0.062893	 0.308976	 0.313338	 0.608055	-0.900219	 0.498082	-0.498686	 0.933059	 0.779723	 0.087210	 0.498149	 0.498225
-0.280813	 0.334007	 0.313281	 0.854318	-0.896618	 0.498082	-0.498684	 0.929327	 0.776604	 0.087222	 0.498149	 0.498271
-0.389773	 0.346522	 0.313252	 0.975248	-0.893032	 0.498082	-0.498683	 0.925609	 0.773498	 0.087228	 0.498149	 0.498294
-0.444253	 0.352780	 0.313237	 1.033520	-0.889460	 0.498082	-0.498683	 0.921907	 0.770404	 0.087230	 0.498149	 0.498305
-0.471493	-0.144092	 0.813230	 1.060473	-0.885902	 0.498082	-0.498682	 0.918219	 0.767322	 0.087232	 0.498149	 0.498311
-0.485113	-0.391245	 1.060600	 1.071774	-0.882358	 0.498082	-0.498682	 0.914546	 0.764253	 0.087233	 0.498149	 0.498314
-0.491923	-0.013545	 0.681669	 0.575259	-0.878829	 0.498082	-0.998682	 0.910888	 0.761196	 0.087233	 0.498149	 0.498315
-0.495328	 0.175305	 0.492203	 0.327001	-0.875313	 0.498082	-1.245685	 0.907245	 0.758151	 0.087233	 0.498149	 0.498316
-0.497031	 0.269730	 0.397471	 0.202872	-0.871812	 0.498082	-1.366201	 0.903616	 0.755119	 0.087233	 0.498149	 0.498316
-0.497882	 0.316942	 0.350104	-0.359192	-0.868325	 0.498082	-0.923485	 0.900001	 0.752098	 0.087233	 0.498149	 0.498317
-0.498308	 0.340548	 0.326421	-0.638382	-0.864852	 0.498082	-0.702128	 0.896401	 0.749090	 0.087233	 0.498149	 0.498317
-0.498521	 0.352352	 0.314579	-0.276141	-0.861392	 0.498082	-0.591449	 0.892816	 0.746093	-0.412767	 0.498149	 0.498317
-0.498627	 0.358253	 0.308659	-0.095021	-0.857947	 0.498082	-0.536109	 0.889244	 0.743109	-0.660941	 0.498149	 0.498317
 0.001320	 0.361204	 0.305698	-0.004461	-1.354515	 0.498082	-1.008440	 0.885687	 0.740137	-0.283210	 0.498149	 0.498317
 0.250291	 0.362679	 0.304218	 0.040819	-1.599097	 0.498082	-1.241643	 0.882145	 0.737176	-0.094345	 0.498149	 0.498317
 0.374776	-0.136583	 0.303478	 0.063459	-1.217700	 0.498082	-1.355295	 0.878616	 0.734227	 0.000088	 0.498149	 0.498317
 0.437019	-0.384942	 0.303108	 0.074779	-1.025330	 0.498082	-1.409183	 0.875102	 0.731290	 0.047304	 0.498149	 0.498317
 0.468140	-0.507856	 0.302923	 0.080439	-0.927478	 0.498082	-1.433201	 0.871601	 0.728365	 0.070913	 0.498149	 0.498317
-0.016299	-0.068051	 0.302830	 0.583269	-0.876893	 0.498082	-0.942296	 0.868115	 0.725452	-0.417283	 0.498149	 0.498317
-0.257517	 0.151852	 0.302784	 0.832512	-0.849948	 0.498082	-0.696843	 0.864642	 0.722550	-0.659570	 0.498149	 0.498317
 0.121874	 0.261803	 0.802761	 0.954970	-0.834830	 0.498082	-0.574117	 0.861184	 0.719660	-0.778910	 0.498149	 0.498317
 0.310566	 0.316779	 1.050144	 1.014044	-0.825631	 0.498082	-0.512754	 0.857739	 0.716781	-0.836783	 0.498149	 0.498317
-0.095087	 0.344267	 0.671240	 0.541435	-0.819399	-0.001918	-0.482072	 0.854308	 0.713914	-0.363931	 0.498149	 0.498317
-0.296912	 0.358010	 0.481789	 0.305130	-0.814656	-0.250914	-0.466731	 0.850891	 0.711058	-0.127505	 0.498149	 0.498317
 0.102175	-0.135118	 0.387063	 0.686978	-0.810665	 0.124588	-0.459061	 0.847487	 0.708214	-0.009291	 0.498149	 0.498317
 0.300716	-0.380425	 0.339700	 0.875764	-0.807056	 0.311339	-0.455226	 0.844097	 0.705381	 0.049815	 0.498149	 0.498317
 0.399987	-0.501827	 0.316018	 0.968028	-0.803645	 0.404714	-0.453308	 0.840721	 0.702560	 0.079369	 0.498149	 0.498317
