-0.001820	 0.499006	 0.498696	 0.499785	 0.122918	 0.405094	 0.123811	 1.093860	 0.499457	 0.016871	 0.405749	 0.498487
-0.250450	 0.499006	 0.498696	 0.499812	 0.311129	 0.451781	 0.311018	 1.090951	 0.499485	 0.205286	 0.452528	 0.498487
 0.125235	 0.499006	 0.498696	 0.499825	 0.405234	 0.475125	 0.404622	 1.087321	 0.499498	 0.299493	-0.024083	 0.498487
 0.312075	 0.499006	 0.498696	 0.499832	 0.452286	 0.486797	 0.451424	 1.083338	 0.499505	 0.346596	-0.261387	 0.498487
 0.405495	 0.499006	 0.498696	 0.499835	 0.475813	 0.492633	 0.474825	 1.079188	 0.499509	 0.370148	-0.380039	 0.498487
 0.452206	 0.499006	 0.498696	 0.499837	 0.487576	 0.495551	 0.486525	 1.074963	 0.499510	 0.381924	-0.439365	 0.498487
 0.475561	 0.499006	 0.498696	 0.499838	 0.493457	 0.497010	 0.492376	 1.070709	 0.499511	 0.387812	-0.469028	 0.498487
-0.012762	 0.499006	 0.498696	 0.499838	 0.496398	-0.002261	-0.004699	 1.066449	 0.499512	-0.109244	 0.016140	 0.498487
-0.255921	 0.499006	 0.498696	 0.499838	 0.497869	-0.250893	-0.252233	 1.062195	 0.499512	-0.356559	 0.257722	 0.498487
 0.122500	 0.499006	 0.498696	 0.499838	 0.498604	 0.124791	 0.124000	 1.057952	 0.499512	-0.479009	 0.378513	 0.498487
 0.310708	 0.499006	 0.498696	 0.499838	 0.498971	 0.311632	 0.311116	 1.053723	 0.499512	-0.539031	 0.438908	 0.498487
 0.404812	 0.499006	 0.498696	 0.499838	 0.499155	-0.094947	 0.404674	 0.549509	 0.499512	-0.067844	 0.469106	 0.498487
 0.451864	 0.499006	 0.498696	 0.499838	 0.499247	-0.297234	 0.451453	 0.297402	 0.499512	 0.167749	 0.484205	 0.498487
 0.475390	 0.499006	 0.498696	 0.499838	 0.499293	-0.398378	 0.474842	 0.171349	 0.499512	 0.285546	 0.491754	 0.498487
 0.487153	 0.499006	 0.498696	-0.000162	 0.499316	 0.051051	-0.013463	 0.608322	 0.499512	 0.344444	-0.004471	 0.498487
 0.493035	 0.499006	 0.498696	-0.249161	 0.499328	 0.274764	-0.256612	 0.824718	 0.499512	 0.373894	-0.251582	 0.498487
-0.004024	 0.499006	 0.498696	 0.126339	 0.499333	 0.386621	-0.378186	 0.430834	 0.499512	 0.388618	-0.375138	 0.498487
-0.251552	 0.499006	 0.498696	 0.313085	 0.499336	 0.442549	-0.438974	 0.233892	 0.499512	 0.395981	-0.436916	 0.498487
-0.375315	 0.499006	 0.498696	-0.093541	 0.499338	 0.470513	 0.030633	 0.635421	 0.499512	 0.399662	 0.032195	 0.498487
-0.437197	 0.499006	 0.498696	-0.295854	 0.499338	 0.484495	 0.264435	 0.834112	 0.499512	 0.401502	 0.265748	 0.498487
 0.031862	 0.499006	 0.498696	 0.102989	 0.499339	 0.491486	 0.381337	 0.431391	 0.499512	-0.097577	 0.382525	 0.498487
 0.265389	 0.499006	 0.498696	 0.301407	 0.499339	 0.494982	 0.439787	 0.230031	 0.499512	-0.345924	 0.440913	 0.498487
 0.382153	 0.499006	 0.498696	 0.400616	 0.499339	 0.496729	 0.469013	 0.129351	 0.499512	-0.468909	 0.470107	 0.498487
-0.059465	 0.499006	 0.498696	 0.450221	 0.499339	-0.002397	 0.483625	 0.579011	 0.499512	-0.029217	-0.015296	 0.498487
-0.279272	 0.499006	 0.498696	 0.475023	 0.499339	-0.250957	 0.490932	 0.801784	 0.499512	 0.190628	-0.256996	 0.498487
 0.110825	 0.499006	 0.498696	 0.487424	 0.499339	-0.375237	 0.494585	 0.911121	 0.499512	 0.300551	 0.122154	 0.498487
 0.304871	 0.499006	 0.498696	 0.493625	 0.499339	-0.437377	 0.496411	 0.963749	 0.499512	 0.355513	 0.310726	 0.498487
-0.098105	 0.499006	 0.498696	 0.496725	 0.499339	 0.031553	 0.497325	 0.988030	-0.000488	 0.382993	 0.405013	 0.498487
-0.298592	 0.499006	 0.498696	 0.498275	 0.499339	 0.265017	 0.497781	 0.998146	-0.249487	 0.396734	 0.452156	 0.498487
 0.101165	 0.499006	 0.498696	 0.499050	 0.499339	 0.381749	 0.498010	 1.001187	 0.126013	 0.403604	-0.024273	 0.498487
 0.300042	 0.499006	 0.498696	 0.499438	 0.499339	 0.440115	 0.498124	 1.000699	 0.312761	 0.407039	-0.261486	 0.498487
 0.399480	 0.499006	 0.498696	 0.499631	 0.499339	 0.469298	 0.498181	 0.998455	 0.406134	 0.408757	-0.380092	 0.498487
-0.050801	 0.499006	 0.498696	 0.499728	 0.499339	 0.483890	 0.498210	 0.995340	 0.452821	 0.409615	-0.439395	 0.498487
-0.274939	 0.499006	 0.498696	 0.499777	 0.499339	 0.491186	 0.498224	 0.991799	 0.476164	 0.410045	-0.469047	 0.498487
 0.112992	 0.499006	 0.498696	 0.499801	 0.499339	 0.494833	 0.498231	 0.488051	 0.487836	-0.089741	 0.016127	 0.498487
 0.305955	 0.499006	 0.498696	 0.499813	 0.499339	 0.496657	 0.498235	 0.236178	 0.493672	-0.338454	 0.257712	 0.498487
 0.402437	 0.499006	 0.498696	 0.499819	 0.499339	 0.497569	 0.498236	 0.610241	 0.496590	 0.038363	 0.378504	 0.498487
 0.450678	 0.499006	 0.498696	 0.499822	 0.499339	 0.498025	 0.498237	 0.795304	 0.498049	 0.226772	 0.438900	 0.498487
 0.474799	 0.499006	 0.498696	 0.499824	 0.499339	-0.001747	-0.001762	 0.885875	 0.498778	-0.179023	 0.469098	 0.498487
 0.486859	 0.499006	 0.498696	 0.499824	 0.499339	-0.250630	-0.250759	 0.929207	 0.499143	-0.380752	 0.484197	 0.498487
 0.492889	 0.499006	 0.498696	 0.499825	 0.499339	-0.375071	-0.375257	 0.948928	 0.499325	-0.480451	 0.491747	 0.498487
 0.495904	 0.499006	 0.498696	 0.499825	 0.499339	-0.437292	 0.062494	 0.956851	 0.499417	-0.529140	-0.004478	 0.498487
 0.497412	 0.499006	 0.498696	 0.499825	 0.499339	-0.468402	 0.280369	 0.958884	 0.499462	-0.552329	-0.251590	 0.498487
 0.498165	 0.499006	 0.498696	 0.499825	-0.000661	 0.016043	 0.389307	 0.957978	 0.499485	-0.062772	 0.124855	 0.498487
 0.498542	 0.499006	 0.498696	 0.499825	-0.249660	 0.257264	 0.443775	 0.955611	 0.499496	 0.182006	 0.312074	 0.498487
 0.498731	 0.499006	 0.498696	-0.000175	 0.125841	-0.122125	 0.471010	 0.952521	 0.499502	 0.304395	 0.405684	 0.498487
 0.498825	 0.499006	 0.498696	-0.249175	 0.312589	-0.310817	 0.484627	 0.949077	 0.499505	 0.365590	 0.452489	 0.498487
-0.001128	 0.499006	 0.498696	 0.126326	 0.405963	 0.094837	 0.491436	 0.945464	-0.000494	 0.396187	-0.024109	 0.498487
-0.250102	 0.499006	 0.498696	 0.313072	 0.452649	 0.296663	 0.494840	 0.941773	-0.249492	 0.411485	-0.261406	 0.498487
 0.125410	 0.499006	 0.498696	 0.406445	 0.475993	 0.397577	 0.496542	 0.438052	 0.126009	 0.419135	 0.119945	 0.498487
 0.312165	 0.499006	 0.498696	 0.453132	 0.487665	 0.448033	 0.497393	 0.186191	 0.312756	 0.422959	 0.309618	 0.498487
 0.405542	 0.499006	 0.498696	 0.476475	 0.493500	 0.473261	 0.497819	 0.060261	 0.406130	 0.424872	 0.404455	 0.498487
 0.452231	 0.499006	 0.498696	 0.488147	-0.003582	 0.485875	 0.498031	-0.002704	 0.452817	 0.425828	-0.048127	 0.498487
 0.475575	 0.499006	 0.498696	 0.493983	-0.251121	 0.492183	 0.498138	-0.034187	 0.476160	 0.426306	-0.273416	 0.498487
-0.012752	 0.499006	 0.498696	 0.496901	 0.125109	 0.495336	-0.001809	 0.450072	-0.012168	 0.426545	 0.113939	 0.498487
-0.255914	 0.499006	 0.498696	 0.498360	 0.312221	 0.496913	-0.250779	 0.690333	-0.255331	 0.426665	 0.306614	 0.498487
-0.377495	 0.499006	 0.498696	 0.499089	 0.405777	 0.497701	 0.124736	 0.808602	 0.123087	 0.426724	 0.402952	 0.498487
-0.438286	 0.499006	 0.498696	 0.499454	 0.452556	 0.498095	 0.311493	 0.865883	 0.311294	 0.426754	 0.451120	 0.498487
-0.468681	 0.499006	 0.498696	 0.499636	 0.475945	-0.001708	 0.404872	 0.892677	 0.405397	 0.426769	 0.475205	 0.498487
-0.483878	 0.499006	 0.498696	 0.499727	 0.487639	-0.250606	 0.451561	 0.904235	 0.452448	 0.426777	 0.487247	 0.498487
-0.491477	 0.499006	 0.498696	 0.499773	 0.493486	-0.375055	 0.474906	 0.908182	 0.475974	 0.426780	 0.493268	 0.498487
 0.004723	 0.499006	 0.498696	 0.499796	 0.996410	 0.062720	 0.486578	 0.908332	 0.487737	 0.426782	 0.496279	 0.498487
 0.251822	 0.499006	 0.498696	 0.499807	 1.244873	 0.280607	 0.492414	 0.906590	 0.493618	 0.426783	 0.497784	 0.498487
-0.124629	 0.499006	 0.498696	 0.499813	 0.866118	 0.389550	 0.495332	 0.403909	 0.496559	 0.426784	-0.001463	 0.498487
-0.311852	 0.499006	 0.498696	 0.499816	 0.676741	 0.444022	 0.496791	 0.152568	 0.498029	 0.426784	-0.250086	 0.498487
 0.094536	 0.499006	 0.498696	 0.499817	 0.582052	 0.471258	 0.497521	 0.526898	 0.498765	 0.426784	 0.125603	 0.498487
 0.296729	 0.499006	 0.498696	 0.499818	 0.534707	 0.484876	 0.497885	 0.712261	 0.499132	 0.426784	 0.312445	 0.498487
 0.397825	 0.499006	 0.498696	 0.499818	 0.511035	-0.008315	-0.501932	 0.303147	 0.499316	 0.426784	 0.405866	 0.498487
 0.448373	 0.499006	 0.498696	 0.499818	 0.499199	-0.253908	-0.998838	 0.098590	 0.499408	 0.426784	 0.452576	 0.498487
 0.473647	 0.499006	 0.498696	 0.499818	 0.493281	-0.376704	-1.244299	-0.003689	 0.499454	 0.426784	 0.475932	 0.498487
 0.486284	 0.499006	 0.498696	-0.000182	 0.490322	 0.061898	-0.364050	 0.445172	 0.499477	 0.426784	 0.487609	 0.498487
 0.492602	 0.499006	 0.498696	-0.249181	 0.488842	 0.280198	 0.075042	 0.667814	 0.499488	 0.426784	 0.493448	 0.498487
-0.004238	 0.499006	 0.498696	 0.126319	 0.488103	 0.389348	 0.293560	 0.277354	-0.500506	 0.426784	 0.496367	 0.498487
-0.251657	 0.499006	 0.498696	 0.313065	 0.487733	 0.443923	 0.401795	 0.082125	-0.997502	 0.426784	 0.497827	 0.498487
 0.124634	 0.499006	 0.498696	 0.406439	 0.487548	 0.471210	-0.045108	 0.484510	-0.243011	 0.426784	 0.498557	 0.498487
 0.311778	 0.499006	 0.498696	 0.453125	 0.487455	 0.484854	-0.268559	 0.683928	 0.133211	 0.426784	 0.498922	 0.498487
 0.405350	 0.499006	 0.498696	 0.476469	-0.012591	 0.491676	 0.119715	 0.781871	 0.320304	 0.426784	 0.499104	 0.498487
 0.452136	 0.499006	 0.498696	 0.488140	-0.261589	 0.495087	 0.312836	 0.829083	 0.412835	 0.426784	 0.499196	 0.498487
 0.475529	 0.499006	 0.498696	 0.493976	-0.385066	 0.496792	 0.408385	 0.850936	 0.458090	 0.426784	 0.499241	 0.498487
 0.487225	 0.499006	 0.498696	-0.003106	 0.054212	 0.497645	-0.044849	 0.860117	-0.020289	-0.073216	 0.499264	 0.498487
 0.493073	 0.499006	 0.498696	-0.250647	 0.273851	 0.498071	-0.271465	 0.862969	-0.259479	-0.322069	 0.499275	 0.498487
-0.004003	 0.499006	 0.498696	 0.125583	 0.383670	 0.498284	 0.115226	 0.862663	 0.120926	 0.054646	-0.000719	 0.498487
-0.251538	 0.499006	 0.498696	 0.312694	 0.438580	 0.498391	 0.307568	 0.860786	 0.310126	 0.243003	-0.249715	 0.498487
-0.375306	 0.499006	 0.498696	 0.406250	 0.466035	 0.498444	-0.096261	 0.858129	 0.404726	 0.337182	 0.125788	 0.498487
-0.437190	 0.499006	 0.498696	 0.453028	 0.479763	 0.498471	-0.297175	 0.855090	 0.452026	 0.384271	 0.312536	 0.498487
-0.468132	 0.499006	 0.498696	 0.476417	 0.486626	 0.498484	 0.102368	 0.851866	 0.475676	 0.407816	 0.405910	 0.498487
-0.483603	 0.499006	 0.498696	 0.488111	 0.490058	 0.498491	 0.301135	 0.848557	 0.487501	 0.419588	 0.452597	 0.498487
-0.491339	 0.499006	 0.498696	 0.493958	 0.491774	 0.498494	 0.400519	 0.845212	 0.493414	 0.425474	 0.475941	 0.498487
 0.004794	 0.499006	 0.498696	 0.496882	 0.492632	 0.498496	 0.450211	 0.841856	 0.496370	 0.428418	-0.012387	 0.498487
 0.251858	 0.499006	 0.498696	 0.498344	 0.493061	 0.498497	 0.475057	 0.838501	 0.497848	 0.429889	-0.255550	 0.498487
-0.124610	 0.499006	 0.498696	 0.499075	 0.493276	-0.001503	 0.487480	 0.835153	 0.498587	 0.430625	 0.122869	 0.498487
-0.311842	 0.499006	 0.498696	 0.499440	 0.493383	-0.250500	 0.493691	 0.831815	 0.498957	 0.430993	 0.311076	 0.498487
 0.094542	 0.499006	 0.498696	 0.499623	 0.493436	-0.374998	 0.496797	 0.828489	 0.499142	-0.068823	-0.094821	 0.498487
 0.296733	 0.499006	 0.498696	 0.499714	 0.493463	-0.437247	 0.498350	 0.825176	 0.499234	-0.317594	-0.296768	 0.498487
-0.102172	 0.499006	 0.498696	 0.499760	 0.493477	 0.031628	 0.499126	 0.321876	 0.499280	 0.059153	-0.397741	 0.498487
-0.300623	 0.499006	 0.498696	 0.499783	 0.493483	 0.265065	 0.499515	 0.070226	 0.499303	 0.247527	-0.448228	 0.498487
-0.399848	 0.499006	 0.498696	 0.499794	 0.493487	 0.381783	 0.499709	-0.055599	 0.499315	 0.341714	-0.473471	 0.498487
 0.050540	 0.499006	 0.498696	 0.499800	 0.493488	 0.440142	 0.499806	 0.381488	 0.499321	 0.388807	 0.013907	 0.498487
 0.274731	 0.499006	 0.498696	 0.499803	 0.493489	 0.469322	 0.499854	 0.598395	 0.499323	 0.412354	 0.256593	 0.498487
 0.386827	 0.499006	 0.498696	 0.499804	 0.493490	-0.016088	 0.499879	 0.705217	 0.499325	 0.424127	 0.377937	 0.498487
 0.442875	 0.499006	 0.498696	 0.499805	 0.493490	-0.257790	 0.499891	 0.757005	 0.499326	 0.430014	 0.438608	 0.498487
 0.470899	 0.499006	 0.498696	 0.499805	 0.493490	-0.878641	 0.499897	 0.781281	 0.499326	-0.067043	-0.031056	 0.498487
 0.484911	 0.499006	 0.498696	 0.499805	 0.493490	-1.186068	 0.499900	 0.791808	 0.499326	-0.314443	-0.264886	 0.498487
 0.491917	 0.499006	 0.498696	 0.499805	 0.493490	-0.336794	 0.499901	 0.795466	 0.499326	-0.437019	-0.381802	 0.498487
 0.495420	 0.499006	 0.498696	 0.499805	 0.493490	 0.086818	 0.499902	 0.795698	 0.499326	-0.497188	-0.440259	 0.498487
 0.497172	 0.499006	 0.498696	 0.499805	 0.493490	 0.297603	 0.499903	 0.794221	 0.499326	-0.526158	-0.469488	 0.498487
-0.001952	 0.499006	 0.498696	 0.499805	 0.493490	 0.401979	-0.000097	 0.791898	 0.499326	-0.039533	 0.015897	 0.498487
-0.250512	 0.499006	 0.498696	 0.499805	 0.493490	 0.453154	-0.249097	 0.789157	 0.499326	 0.203780	 0.257588	 0.498487
 0.125208	 0.499006	 0.498696	 0.499805	 0.493490	 0.477733	 0.126403	 0.286213	 0.499326	 0.325436	 0.378433	 0.498487
 0.312066	 0.499006	 0.498696	 0.499805	 0.493490	 0.489018	 0.313149	 0.034742	 0.499326	 0.386265	 0.438855	 0.498487
 0.405495	 0.499006	 0.498696	 0.499805	 0.493490	-0.006341	-0.093477	 0.409006	 0.499326	 0.416679	 0.469066	 0.498487
 0.452209	 0.499006	 0.498696	 0.499805	 0.493490	-0.253016	-0.295791	 0.594571	 0.499326	 0.431886	 0.484172	 0.498487
 0.475567	 0.499006	 0.498696	 0.499805	 0.493490	 0.123646	 0.103053	 0.685794	 0.499326	 0.439489	 0.491725	 0.498487
 0.487245	 0.499006	 0.498696	 0.499805	 0.493490	 0.310976	 0.301471	 0.729851	 0.499326	 0.443291	 0.495501	 0.498487
 0.493085	 0.499006	 0.498696	 0.499805	 0.493490	 0.404642	 0.400680	 0.750332	 0.499326	 0.445192	 0.497390	 0.498487
 0.496004	 0.499006	 0.498696	 0.499805	 0.493490	 0.451474	 0.450284	 0.759031	 0.499326	 0.446142	 0.498334	 0.498487
 0.497464	 0.499006	 0.498696	 0.499805	 0.493490	 0.474890	 0.475086	 0.761845	 0.499326	 0.446618	 0.498806	 0.498487
-0.001806	 0.499006	 0.498696	 0.499805	 0.493490	 0.486599	 0.487487	 0.761722	 0.499326	 0.446855	-0.000958	 0.498487
-0.250439	 0.499006	 0.498696	 0.499805	 0.493490	 0.492453	 0.493688	 0.760138	 0.499326	 0.446974	-0.249839	 0.498487
-0.374755	 0.499006	 0.498696	 0.499805	 0.493490	 0.495380	 0.496788	 0.757829	-0.000674	-0.052967	-0.374279	 0.498487
-0.436914	 0.499006	 0.498696	 0.499805	 0.493490	 0.496843	 0.498338	 0.755163	-0.249672	-0.301831	-0.436499	 0.498487
 0.032007	 0.499006	 0.498696	-0.000195	 0.993490	 0.497575	 0.499113	 0.752325	 0.125828	 0.074838	 0.032391	 0.498487
 0.265466	 0.499006	 0.498696	-0.249194	 1.240503	 0.497941	 0.499501	 0.749407	 0.312576	 0.263173	 0.265833	 0.498487
 0.382195	 0.499006	 0.498696	 0.126306	 0.861035	 0.498124	 0.499695	 0.746455	 0.405950	-0.142660	-0.117446	 0.498487
 0.440560	 0.499006	 0.498696	 0.313053	 0.671300	 0.498215	 0.499792	 0.743492	 0.452637	-0.344479	-0.308084	 0.498487
 0.469742	 0.499006	 0.498696	 0.406426	 0.576433	 0.498261	 0.499840	 0.740530	 0.475980	-0.444297	-0.403403	 0.498487
 0.484333	 0.499006	 0.498696	 0.453112	 0.529000	 0.498284	 0.499864	 0.737573	 0.487652	 0.006883	 0.048938	 0.498487
 0.491629	 0.499006	 0.498696	 0.476456	 0.505283	 0.498295	 0.499876	 0.734626	 0.493488	 0.232473	 0.274106	 0.498487
-0.004723	 0.499006	 0.498696	 0.488127	 0.493424	 0.498301	 0.499882	 0.731689	 0.496406	-0.154732	-0.113311	 0.498487
-0.251897	 0.499006	 0.498696	 0.493963	 0.487495	 0.498304	 0.499886	 0.728763	 0.497865	-0.347251	-0.306017	 0.498487
 0.124516	 0.499006	 0.498696	 0.496881	 0.984531	 0.498305	 0.499887	 0.725848	 0.498594	 0.057569	 0.097630	 0.498487
 0.311720	 0.499006	 0.498696	 0.498340	 1.230085	 0.498306	 0.499888	 0.722945	 0.498959	 0.259980	 0.298450	 0.498487
 0.405323	 0.499006	 0.498696	 0.499070	 0.849911	 0.498306	 0.499888	 0.720053	 0.499141	 0.361185	 0.398861	 0.498487
 0.452124	 0.499006	 0.498696	 0.499434	 0.659824	 0.498307	 0.499888	 0.717173	 0.499233	 0.411787	 0.449066	 0.498487
 0.475525	 0.499006	 0.498696	 0.499617	 0.564781	 0.498307	 0.499888	 0.714304	 0.499278	 0.437088	 0.474169	 0.498487
 0.487225	 0.499006	 0.498696	 0.499708	 0.517259	 0.498307	 0.499888	 0.711447	 0.499301	 0.449739	 0.486720	 0.498487
 0.493075	 0.499006	 0.498696	 0.499753	 0.493498	 0.498307	 0.499889	 0.708601	 0.499312	 0.456064	 0.492995	 0.498487
 0.496000	 0.499006	 0.498696	 0.499776	 0.481618	 0.498307	 0.499889	 0.705767	 0.499318	 0.459227	 0.496133	 0.498487
 0.497463	 0.499006	 0.498696	 0.499788	 0.475677	 0.498307	 0.499889	 0.702944	 0.499321	 0.460808	 0.497702	 0.498487
-0.001806	 0.499006	 0.498696	 0.499793	 0.472707	 0.498307	 0.499889	 0.700132	 0.499322	 0.461599	-0.001513	 0.498487
-0.250438	 0.499006	 0.498696	 0.499796	 0.471222	 0.498307	 0.499889	 0.697332	 0.499323	 0.461994	-0.250120	 0.498487
-0.374754	 0.499006	 0.498696	 0.499798	 0.470480	 0.498307	 0.499889	 0.694542	 0.499323	 0.462192	 0.125577	 0.498487
-0.436913	 0.499006	 0.498696	 0.499798	 0.470108	 0.498307	 0.499889	 0.691764	 0.499324	 0.462291	 0.312423	 0.498487
-0.467992	 0.499006	 0.498696	 0.499799	 0.469923	 0.498307	 0.499889	 0.688997	 0.499324	 0.462340	 0.405846	 0.498487
 0.016469	 0.499006	 0.498696	 0.499799	 0.469830	-0.001693	-0.000111	 0.686241	 0.499324	 0.462365	 0.452557	 0.498487
 0.257697	 0.499006	 0.498696	 0.499799	 0.469784	-0.250690	-0.249111	 0.683496	 0.499324	 0.462377	 0.475913	 0.498487
 0.378312	 0.499006	 0.498696	 0.499799	 0.469760	-0.375188	 0.126389	 0.680762	 0.499324	 0.462383	 0.487591	 0.498487
 0.438619	 0.499006	 0.498696	 0.499799	 0.469749	-0.437437	 0.313135	 0.678039	 0.499324	 0.462387	 0.493430	 0.498487
-0.031228	 0.499006	 0.498696	 0.499799	 0.469743	 0.031438	 0.406508	 0.675327	 0.499324	 0.462388	 0.496349	 0.498487
-0.265149	 0.499006	 0.498696	 0.499799	 0.469740	 0.264875	 0.453195	 0.672626	 0.499324	 0.462389	 0.497809	 0.498487
 0.117891	 0.499006	 0.498696	 0.499799	 0.469739	 0.381594	 0.476538	 0.669935	 0.499324	 0.462389	 0.498539	 0.498487
 0.308408	 0.499006	 0.498696	 0.499799	 0.469738	 0.439953	 0.488210	 0.667255	 0.499324	 0.462389	 0.498904	 0.498487
 0.403667	 0.499006	 0.498696	 0.499799	 0.469738	 0.469133	 0.494046	 0.664586	 0.499324	 0.462390	 0.499086	 0.498487
-0.048703	 0.499006	 0.498696	 0.499799	 0.469737	 0.483722	 0.496964	 0.661928	 0.499324	 0.462390	 0.499178	 0.498487
-0.273886	 0.499006	 0.498696	 0.499799	 0.469737	 0.491017	 0.498422	 0.659280	 0.499324	 0.462390	 0.499223	 0.498487
 0.113522	 0.499006	 0.498696	 0.499799	 0.469737	 0.494665	 0.499152	 0.656643	 0.499324	 0.462390	 0.499246	 0.498487
 0.306224	 0.499006	 0.498696	 0.499799	 0.469737	 0.496489	 0.499517	 0.654017	 0.499324	 0.462390	 0.499258	 0.498487
 0.402576	 0.499006	 0.498696	 0.499799	 0.469737	 0.497400	 0.499699	 0.651401	 0.499324	 0.462390	 0.499263	 0.498487
 0.450751	 0.499006	 0.498696	 0.499799	 0.469737	 0.497856	 0.499790	 0.648795	 0.499324	 0.462390	 0.499266	 0.498487
 0.474839	 0.499006	 0.498696	 0.499799	 0.469737	 0.498084	 0.499836	 0.646200	 0.499324	-0.037610	-0.000732	 0.498487
 0.486883	 0.499006	 0.498696	 0.499799	 0.469737	 0.498198	 0.499859	 0.643615	 0.499324	-0.286535	-0.249730	 0.498487
 0.492905	 0.499006	 0.498696	 0.499799	 0.469737	 0.498255	 0.499870	 0.641040	 0.499324	-0.409927	-0.374229	 0.498487
 0.495916	 0.499006	 0.498696	 0.499799	 0.469737	 0.498284	 0.499876	 0.638476	 0.499324	 0.029444	-0.436479	 0.498487
 0.497421	 0.499006	 0.498696	 0.499799	 0.469737	 0.498298	 0.499879	 0.635922	 0.499324	 0.249130	-0.467603	 0.498487
-0.001826	 0.499006	 0.498696	 0.499799	 0.469737	 0.498305	 0.499880	 0.633379	 0.499324	-0.141028	 0.016834	 0.498487
-0.250447	 0.499006	 0.498696	 0.499799	 0.469737	 0.498309	 0.499881	 0.630845	 0.499324	-0.335044	 0.258051	 0.498487
 0.125242	 0.499006	 0.498696	 0.499799	 0.469737	 0.498311	-0.000119	 0.628322	 0.499324	 0.069006	-0.121341	 0.498487
 0.312085	 0.499006	 0.498696	 0.499799	 0.469737	 0.498311	-0.249119	 0.625809	 0.499324	 0.271031	-0.310036	 0.498487
 0.405506	 0.499006	 0.498696	-0.000201	 0.469737	 0.498312	 0.126382	 0.623305	 0.499324	 0.372044	 0.095617	 0.498487
 0.452217	 0.499006	 0.498696	-0.249201	 0.469737	 0.498312	 0.313128	 0.620812	 0.499324	 0.422550	 0.297441	 0.498487
 0.475572	 0.499006	 0.498696	-0.373700	 0.469737	 0.498312	 0.406501	 0.618329	 0.499324	 0.447803	 0.398353	 0.498487
-0.012750	 0.499006	 0.498696	 0.064050	 0.469737	 0.498312	 0.453188	 0.615856	 0.499324	 0.460430	-0.051191	 0.498487
-0.255909	 0.499006	 0.498696	 0.281921	 0.469737	 0.498312	 0.476531	 0.613392	 0.499324	 0.466743	-0.274962	 0.498487
-0.377489	 0.499006	 0.498696	 0.390857	 0.469737	 0.498312	 0.488203	 0.610939	 0.499324	 0.469900	-0.386847	 0.498487
-0.438279	 0.499006	 0.498696	 0.445325	 0.469737	 0.498312	 0.494039	 0.608495	 0.499324	 0.471478	-0.442790	 0.498487
-0.468673	 0.499006	 0.498696	 0.472559	 0.469737	 0.498312	 0.496956	 0.606061	 0.499324	-0.027733	 0.029239	 0.498487
-0.483871	 0.499006	 0.498696	 0.486176	 0.469737	 0.498312	 0.498415	 0.603637	 0.499324	-0.276285	 0.264251	 0.498487
 0.008530	 0.499006	 0.498696	 0.492984	 0.469737	 0.498312	 0.499145	 0.601222	 0.499324	 0.100489	-0.118243	 0.498487
 0.253729	 0.499006	 0.498696	 0.496388	 0.469737	 0.498312	 0.499510	 0.598817	 0.499324	 0.288876	-0.308489	 0.498487
 0.376329	 0.499006	 0.498696	 0.498090	 0.469737	 0.498312	 0.499692	 0.596422	 0.499324	 0.383070	-0.403612	 0.498487
 0.437628	 0.499006	 0.498696	 0.498942	 0.469737	 0.498312	 0.499783	 0.594036	 0.499324	 0.430167	 0.048827	 0.498487
 0.468278	 0.499006	 0.498696	 0.499367	 0.469737	 0.498312	 0.499829	 0.591660	 0.499324	 0.453715	 0.274044	 0.498487
 0.483603	 0.499006	 0.498696	-0.000420	 0.469737	 0.498312	 0.499852	 0.589293	-0.000676	 0.465489	 0.386652	 0.498487
 0.491266	 0.499006	 0.498696	-0.249313	 0.469737	 0.498312	 0.499863	 0.586936	-0.249675	 0.471376	 0.442956	 0.498487
-0.004903	 0.499006	 0.498696	 0.126240	 0.469737	 0.498312	 0.499869	 0.584588	 0.125826	 0.474320	 0.471108	 0.498487
-0.251985	 0.499006	 0.498696	 0.313013	 0.469737	 0.498312	 0.499872	 0.582250	 0.312573	 0.475792	 0.485184	 0.498487
-0.375527	 0.499006	 0.498696	 0.406400	 0.469737	 0.498312	 0.499873	 0.579921	 0.405947	 0.476527	 0.492222	 0.498487
-0.437297	 0.499006	 0.498696	 0.453093	 0.469737	 0.498312	 0.499874	 0.577601	 0.452634	 0.476895	 0.495741	 0.498487
-0.468182	 0.499006	 0.498696	 0.476440	 0.469737	 0.498312	 0.499874	 0.575291	 0.475978	 0.477079	 0.497501	 0.498487
-0.483625	 0.499006	 0.498696	 0.488113	 0.469737	 0.498312	-0.000126	 0.572990	 0.487649	 0.477171	 0.498381	 0.498487
-0.491346	 0.499006	 0.498696	 0.493950	 0.469737	 0.498312	-0.249125	 0.570698	 0.493485	 0.477217	 0.498821	 0.498487
-0.495207	 0.499006	 0.498696	 0.496868	 0.469737	 0.498312	 0.126375	 0.568415	 0.496403	 0.477240	 0.499040	-0.001513
-0.497137	 0.499006	 0.498696	 0.498327	 0.469737	 0.498312	 0.313121	 0.566141	 0.497862	 0.477252	 0.499150	-0.250510
 0.001897	 0.499006	 0.498696	 0.499057	 0.469737	 0.498312	 0.406494	 0.563877	 0.498592	 0.477258	-0.000795	 0.124992
 0.250413	 0.499006	 0.498696	 0.499421	 0.469737	 0.498312	 0.453181	 0.561621	 0.498956	 0.477260	-0.249766	 0.311742
 0.374671	 0.499006	 0.498696	 0.499604	 0.469737	 0.498312	 0.476524	 0.559375	 0.499139	 0.477262	 0.125749	 0.405117
 0.436800	 0.499006	 0.498696	 0.499695	 0.469737	 0.498312	 0.488196	 0.557137	 0.499230	 0.477263	 0.312504	 0.451804
-0.032136	 0.499006	 0.498696	 0.499741	 0.469737	 0.498312	 0.494032	 0.554909	 0.499276	 0.477263	-0.094119	 0.475148
-0.265602	 0.499006	 0.498696	 0.499763	 0.469737	 0.498312	 0.496949	 0.552689	 0.499298	 0.477263	-0.296429	 0.486820
-0.382334	 0.499006	 0.498696	 0.499775	 0.469737	 0.498312	 0.498408	 0.550478	 0.499310	 0.477263	-0.397584	 0.492656
