-0.443972	-1.178354	 0.499388	 0.508903	-0.453305	 0.499859	-0.294533	 0.804229	 0.578967	-0.600430	 0.295800	 0.499074
-0.471253	-0.701283	 0.499388	-0.017979	-0.076150	 0.499859	-0.414976	 0.801208	 0.576651	-0.570685	 0.295800	 0.499074
-0.484894	-0.462747	 0.499388	-0.280331	 0.112427	 0.499859	-0.474126	 0.798101	 0.574345	-0.554730	 0.295800	 0.499074
-0.491714	-0.843479	 0.499388	 0.089579	-0.293284	 0.499859	-0.002635	 0.794958	 0.572047	-1.045675	 0.295800	 0.499074
-0.495124	-1.031396	 0.499388	 0.274533	-0.494742	 0.499859	 0.233111	 0.791803	 0.569759	-1.288075	 0.295800	 0.499074
-0.496829	-1.122917	 0.499388	 0.367011	-0.594078	 0.499859	 0.350984	 0.788648	 0.567480	-1.406213	 0.295800	 0.499074
-0.497682	-0.666248	 0.499388	 0.413249	-0.142360	 0.499859	 0.409920	 0.785499	 1.065210	-0.962234	 0.295800	 0.499074
-0.498108	-0.437913	 0.499388	 0.436369	 0.083499	 0.499859	 0.439388	 0.782360	 1.310949	-0.739208	 0.295800	 0.499074
-0.498321	-0.323746	 0.499388	 0.447929	 0.196429	 0.499859	 0.454123	 0.779232	 1.430706	-0.626662	 0.295800	 0.499074
-0.498428	-0.266663	 0.499388	 0.453708	 0.252894	 0.499859	 0.461490	 0.776116	 1.487483	-0.569361	 0.295800	 0.499074
-0.498481	-0.238121	 0.499388	 0.456598	 0.281126	 0.499859	 0.465173	 0.773012	 0.512783	-0.539687	 0.295800	 0.499074
-0.498508	-0.223850	 0.499388	 0.458043	 0.295243	 0.499859	 0.467015	 0.769920	 0.025433	-0.523829	 0.295800	 0.499074
-0.498521	-0.216714	 0.499388	 0.458766	 0.302301	 0.499859	 0.467936	 0.266841	 0.281758	-0.514885	 0.295800	-0.000926
-0.498528	-0.213147	 0.499388	 0.459127	 0.305830	 0.499859	 0.468396	 0.015301	 0.408844	-0.509401	 0.295800	-0.249924
-0.498531	-0.211363	 0.499388	 0.459308	 0.307594	 0.499859	 0.468626	-0.110469	 0.471316	-0.505651	 0.295800	-0.374423
-0.498533	-0.210471	 0.499388	-0.040602	 0.308476	 0.499859	 0.468742	 0.326646	 0.501484	-0.502772	 0.295800	 0.063327
-0.498533	-0.210025	 0.499388	-0.289476	 0.308918	 0.499859	 0.468799	 0.543676	 0.515504	-0.501333	 0.295800	 0.281201
-0.498534	-0.209802	 0.499388	 0.087164	 0.309138	 0.499859	 0.468828	 0.650670	 0.521456	-0.500613	 0.295800	 0.390137
-0.498534	-0.209690	 0.499388	 0.275484	 0.309248	 0.499859	 0.468842	 0.702651	 0.523377	-0.500253	 0.295800	 0.444605
-0.498534	-0.209635	 0.499388	 0.369644	 0.309304	 0.499859	 0.468850	 0.727132	 1.023286	-0.500073	 0.295800	 0.471839
-0.498534	-0.209607	 0.499388	 0.416724	 0.309331	 0.499859	 0.468853	 0.737870	 1.270195	-0.499983	 0.295800	 0.485457
-0.498534	-0.209593	 0.499388	 0.440264	-0.190655	 0.499859	 0.468855	 0.741742	 1.390615	-0.499938	 0.295800	 0.492265
-0.498534	-0.209586	 0.499388	 0.452034	-0.439267	 0.499859	 0.468856	 0.742186	 1.447803	-0.499916	 0.295800	 0.495669
-0.498534	-0.209582	 0.499388	 0.457919	-0.562197	 0.499859	 0.468856	 0.740923	 1.473387	-0.499904	 0.295800	 0.497371
-0.498534	-0.209581	 0.499388	 0.460861	-0.622292	 0.999859	 0.468856	 0.738812	 1.483181	-0.499899	 0.295800	 0.498223
-0.498534	-0.209580	 0.499388	 0.462332	-0.650974	 1.246859	 0.468857	 0.736283	 1.485092	-0.499896	 0.295800	 0.498648
-0.498534	-0.209579	 0.499388	 0.963068	-0.163956	 0.867372	 0.468857	 0.733552	 1.483074	-0.499895	 0.295800	 0.498861
-0.498534	-0.209579	 0.499388	 1.210508	 0.079552	 0.677628	 0.468857	 0.730724	 1.479102	-0.499894	 0.295800	 0.498967
-0.498534	-0.209579	 0.499388	 1.331312	 0.201307	 0.582756	 0.468857	 0.727854	 0.974166	-0.499894	 0.295800	 0.499020
-0.498534	-0.209579	 0.499388	 1.388810	 0.262184	 0.535320	 0.468857	 0.724970	 0.721698	-0.499893	 0.295800	 0.499047
-0.498534	-0.709579	 0.499388	 0.914667	 0.292623	 0.511602	 0.468857	 0.722083	 1.095464	-0.499893	 0.295800	 0.499060
-0.498534	-0.957160	 0.499388	 0.677595	 0.307842	 0.499743	 0.468857	 0.719201	 1.279409	-0.499893	 0.295800	 0.499067
-0.498534	-1.078541	 0.499388	 0.559059	 0.315452	 0.493814	 0.468857	 0.716328	 1.368455	-0.499893	 0.295800	 0.499070
-0.498534	-1.136831	 0.499388	 0.499791	 0.319257	 0.490849	 0.468857	 0.713464	 0.910062	-0.499893	 0.295800	 0.499072
-0.498534	-1.163586	 0.499388	 0.470157	 0.321159	 0.489367	 0.468857	 0.710611	 0.680866	-0.499893	 0.295800	 0.499073
-0.498534	-0.674583	 0.499388	 0.955340	 0.322110	 0.488625	 0.468857	 0.707769	 1.066268	-0.499893	 0.295800	 0.499073
-0.498534	-0.430082	 0.499388	 1.195050	 0.322586	 0.488255	 0.468857	 0.704938	 1.256066	-0.499893	 0.295800	 0.499073
-0.498534	-0.807831	 0.499388	 1.312036	 0.322824	 0.988069	 0.468857	 0.702119	 1.348073	-0.499893	 0.295800	 0.499074
-0.498534	-0.994334	 0.499388	 1.367671	 0.322943	 1.235001	 0.468857	 0.699310	 1.391196	-0.499893	 0.295800	 0.499074
-0.498534	-0.585224	 0.499388	 0.892642	 0.323002	 0.855503	 0.468857	 0.196513	 1.409889	-0.499893	 0.295800	 0.499074
-0.498534	-0.380669	 0.499388	 0.655127	 0.323032	 0.665754	 0.468857	-0.054886	 1.416379	-0.499893	 0.295800	 0.499074
-0.498534	-0.278392	 0.499388	 0.536370	 0.323047	 0.570879	 0.468857	-0.180585	 1.416778	-0.499893	 0.295800	 0.499074
 0.001466	-0.227253	 0.499388	 0.476991	-0.176946	 0.523442	 0.468857	 0.256565	 1.414143	-0.499893	 0.295800	-0.000926
 0.250463	-0.201684	 0.499388	 0.447302	-0.425588	 0.499724	 0.468857	 0.473753	 1.410002	-0.499893	 0.295800	-0.249925
-0.125039	-0.188899	 0.499388	 0.432457	-0.048561	 0.487864	 0.468857	 0.580965	 1.405120	-0.499893	 0.295800	 0.125576
-0.311788	-0.182507	 0.499388	 0.425035	 0.139953	 0.481935	 0.468857	 0.633195	 1.399879	-0.499893	 0.295800	 0.312325
-0.405163	-0.179311	 0.499388	 0.921324	 0.234209	 0.978970	 0.468857	 0.657939	 0.894469	-0.499893	 0.295800	 0.405699
-0.451851	-0.177713	 0.499388	 1.166633	 0.281338	 1.224535	 0.468857	 0.668945	 0.641764	-0.499893	 0.295800	 0.452386
-0.475194	 0.323086	 0.499388	 0.786464	 1.804902	 0.844378	 1.468857	-0.326911	-0.484589	 1.000107	 0.295800	-0.024271
-0.486866	 0.571838	 0.499388	 0.596379	 2.560027	 0.654299	 1.963919	-0.822194	-1.044543	 1.745107	 0.295800	-0.261597
-0.492702	 0.694573	 0.499388	 0.501337	 2.930959	 0.559260	 2.206532	-1.067200	-1.321311	 2.112626	 0.295800	-0.380260
-0.495620	 1.754306	 0.499388	-0.046185	 3.109822	 0.511740	 2.822940	-2.687079	-2.956499	 3.291426	 0.295800	-0.439592
-0.497079	 2.278544	 0.499388	-0.318758	 3.192676	 0.487980	 3.124266	-3.488405	-3.764910	 3.871885	 0.295800	-0.469257
 0.002191	 3.535057	-0.000612	-1.453862	 4.727551	 0.476100	 4.268077	-4.880488	-4.659968	 4.653210	-0.204200	-0.484090
 0.250824	 4.153731	-0.249611	-2.016236	 5.482464	 0.470160	 4.829159	-5.563984	-5.096388	 5.033004	-0.452792	-0.491507
 0.375140	 4.953523	-0.374110	-1.792265	 6.347446	-0.532810	 6.098920	-5.893238	-5.803532	 5.212075	-0.575685	-0.495215
 0.437298	 5.341913	-0.436360	-1.677144	 6.765512	-1.031223	 6.719063	-6.045419	-6.144082	 5.290828	-0.635734	-0.497069
-0.031623	 6.024647	-0.467485	-2.116459	 7.460178	-0.777370	 7.014456	-6.109115	-6.301388	 5.819465	-0.664368	-0.497996
-0.265082	 6.352599	-0.483047	-2.331005	 7.791201	-0.649397	 7.147533	-6.128617	-6.367124	 6.071088	-0.677298	-0.498460
-0.381812	 6.503214	-0.490828	-2.433187	 7.940469	-0.584368	 7.199510	-6.126072	-6.387126	 6.184254	-0.682383	-0.498692
 0.059823	 7.565214	-0.494719	-2.479207	 8.498923	-0.550814	 7.210996	-7.112552	-7.384313	 6.728242	-0.683550	-0.498807
 0.279638	 8.078959	-0.496664	-2.497167	 8.760035	-0.533003	 7.202293	-7.589595	-7.866143	 6.985691	-0.682765	-0.498865
 0.389545	 8.818647	-0.997637	-2.501116	 9.372549	-0.523067	 7.183555	-7.811982	-8.090363	 7.599930	-0.681008	-0.998894
 0.444499	 9.169374	-1.245126	-2.498081	 9.658836	-0.517073	 7.159856	-7.907107	-8.185843	 7.890621	-0.678771	-1.245911
 0.471976	 9.325697	-1.365885	-2.491573	 9.782089	-1.013053	 7.133735	-7.938666	-8.217021	 8.019604	-0.676299	-0.866433
 0.485714	 9.384895	-1.423292	-2.483349	 9.823905	-1.258026	 7.106459	-7.938504	-8.216113	 8.067798	-0.673716	-0.676695
-0.007417	 9.895605	-1.449033	-2.474287	 9.825081	-0.877506	 7.078662	-7.922547	-8.199229	 8.075663	-0.671082	-1.081825
-0.252981	 10.130148	-1.458955	-2.464825	 9.806017	-0.687246	 7.050662	-7.898755	-8.174422	 8.063429	-0.668428	-1.281417
-0.375763	 10.226690	-1.460978	-2.455184	 9.776911	-0.592116	 7.022617	-7.871109	-8.145719	 8.041209	-0.665770	-1.378250
-0.437154	 10.254314	-1.459063	-2.445472	 10.242862	-1.044551	 7.494605	-6.841599	-8.115134	 8.014061	-0.663114	-0.923717
-0.467850	 10.247563	-1.455192	-2.435744	 10.454420	-1.267775	 7.714666	-6.315220	-8.083672	 7.984513	-0.660466	-0.696450
-0.483198	 10.223705	-1.450353	-2.426029	 10.538867	-0.876404	 7.808827	-7.040453	-8.051837	 8.453830	-1.157826	-1.082817
-0.490871	 10.191377	-1.445043	-2.416338	 10.559844	-0.680719	 7.840102	-7.387538	-8.019879	 8.670641	-1.403195	-1.273062
-0.494708	 10.154895	-1.439508	-2.406680	 10.549171	-0.582877	 7.839996	-6.545611	-7.987925	 8.761272	-1.522583	-1.365258
-0.496627	 10.116417	-1.433873	-2.397056	 10.522758	-0.533955	 7.824264	-6.113240	-7.956035	 8.788884	-1.578993	-1.408441
-0.497586	 10.577022	-1.428199	-2.387470	 10.488558	-1.009495	 7.800780	-6.885693	-7.924242	 8.785057	-1.603927	-1.427129
-0.498066	 10.785249	-1.422517	-2.377921	 10.450550	-1.244294	 7.773484	-7.256603	-7.892561	 8.765581	-1.613136	-1.433582
-0.498306	 10.867376	-1.416842	-2.368410	 10.410720	-1.358736	 7.744344	-7.426804	-7.860999	 8.738351	-1.614496	-1.433928
-0.498425	 10.386540	-1.411182	-2.358936	 10.370064	-1.413010	 7.714343	-7.496710	-7.829559	 8.707313	-1.611945	-1.431232
-0.498485	 10.126311	-1.405542	-2.349500	 10.329077	-1.437213	 7.683974	-7.516529	-7.798242	 8.674442	-1.607450	-1.427028
-0.498515	 10.476464	-1.399921	-2.340103	 10.288007	-0.946392	 7.653482	-7.511366	-7.767050	 8.640723	-1.601997	-1.422080
-0.498530	 10.629887	-1.394323	-2.330742	 10.246978	-0.700981	 7.622990	-7.493773	-7.735983	 8.606650	-1.596077	-1.416771
 0.001462	 10.685032	-1.388746	-2.321419	 10.706052	-0.578275	 7.592559	-7.470023	-7.705039	 8.572468	-1.589937	-1.411294
 0.250455	 10.691125	-1.383191	-2.312134	 10.913259	-0.516923	 7.562220	-7.443256	-7.674219	 8.538301	-1.583699	-1.405744
-0.125048	 10.672776	-1.377658	-2.302885	 10.994621	-0.486246	 7.531986	-6.415040	-7.643522	 8.504209	-1.577425	-1.400169
-0.311798	 10.642293	-1.372148	-2.293673	 11.013150	-0.470908	 7.501866	-5.890158	-7.612948	 8.470222	-1.571146	-1.394592
-0.405174	 10.605828	-1.366659	-2.784499	 11.000352	-0.463239	 7.471862	-5.616986	-7.582496	 8.436357	-1.564877	-1.389025
-0.451861	 10.566457	-1.361193	-3.023361	 10.971977	-0.459405	 7.441977	-5.469713	-7.552166	 8.402619	-1.558625	-1.383475
-0.475205	 10.525717	-1.355748	-3.136267	 10.935903	-0.457487	 7.412210	-5.385431	-7.521958	 8.369012	-1.552394	-1.377944
-0.486877	 10.484377	-1.350325	-2.686222	 10.896066	-0.956529	 7.382561	-6.332688	-7.491870	 8.335538	-1.546187	-1.372434
-0.492713	 10.442821	-1.344924	-2.456727	 10.854435	-1.203138	 7.353031	-6.791757	-7.461902	 8.302197	-1.540003	-1.366945
-0.495631	 10.401241	-1.339544	-1.837525	 10.811994	-0.823543	 7.823619	-7.006789	-7.432055	 8.768989	-1.533843	-1.361477
-0.497090	 10.359731	-1.334186	-1.525488	 10.769234	-0.633746	 8.042325	-7.099862	-7.402326	 8.983913	-1.527708	-1.356032
-0.497819	 10.318340	-1.328849	-1.367042	 10.726401	-1.038847	 7.635156	-7.132013	-7.372717	 9.072978	-1.521598	-1.350608
-0.498184	 10.277090	-1.323534	-1.285402	 10.683618	-1.238510	 7.417115	-7.133759	-7.343226	 9.099186	-1.515511	-1.345205
 0.001633	 10.735994	-1.818239	-1.242175	 10.640944	-1.335465	 7.293696	-7.120362	-7.313853	 8.594039	-1.509449	-1.339824
 0.250539	 10.943056	-2.060966	-1.218163	 10.598411	-1.381078	 7.217647	-7.099449	-7.284598	 8.325288	-1.503411	-1.334465
 0.374992	 11.024287	-2.177723	-1.203769	 10.556033	-1.401031	 7.165339	-7.074836	-7.255459	 8.174799	-1.497398	-1.329127
 0.437219	 9.542691	-1.731512	-1.194193	 8.513816	-0.908165	 6.124958	-6.048429	-7.226438	 6.083506	-0.991408	-0.823811
 0.468332	 8.785771	-1.505836	-1.187036	 7.479765	-0.661733	 5.594599	-5.525181	-7.197532	 5.029875	-0.738413	-0.571152
 0.483889	 5.891253	-0.890437	-1.181097	 4.449848	-0.538516	 3.819291	-5.253553	-5.668742	 2.995107	-0.611916	-0.444823
 0.491667	 4.438001	-0.582738	-1.175778	 2.932049	-0.476908	 2.927549	-5.107776	-4.896067	 1.975803	-0.548667	-0.381659
 0.495556	 1.705405	-0.428889	-1.170777	 0.670322	-0.446104	 0.977607	-4.024963	-3.501483	 0.964237	-0.517043	-0.350077
 0.497501	 0.341162	-0.351964	-1.165945	-0.457359	-0.430702	 0.004580	-3.477672	-2.799977	 0.458455	-0.501231	-0.334285
 0.498473	-1.338914	 0.186499	-1.661207	-2.018030	 0.076999	-1.479996	-2.698166	-1.445027	-0.794437	 0.006675	 0.173610
 0.498959	-2.172914	 0.454280	-1.904525	-2.791208	 0.329680	-2.216356	-2.304576	-0.767552	-1.416788	 0.259599	 0.426195
 0.499202	-2.583900	 0.586726	-2.021889	-3.170668	 0.454856	-2.578630	-2.103958	-0.428814	-1.723885	 0.385036	 0.551130
 0.499324	-2.783403	 0.651511	-1.576292	-3.353298	 0.516284	-2.753885	-1.999843	 0.240554	-1.873371	 0.446734	 0.612245
 0.499384	-2.877189	 0.682471	-1.351232	-3.437541	 0.545842	-2.835654	-1.943994	 0.573419	-1.944069	 0.476565	 0.641456
 0.499415	-2.918140	 0.696524	-1.236450	-3.972619	 0.559471	-2.870704	-1.412293	 0.738039	-1.975388	 0.490469	 0.154720
 0.499430	-2.932697	 0.702130	-1.176815	-4.231142	 0.565139	-2.882417	-1.144682	 0.818543	-1.987035	 0.496411	-0.088648
 0.499438	-2.934081	 0.703517	-1.144764	-5.351425	 0.066831	-2.882486	-1.009122	 0.356997	-2.488860	 0.498378	 0.289668
 0.499441	-2.928902	 0.702801	-1.126512	-5.898623	-0.182323	-2.876755	-0.939595	 0.126224	-2.733792	 0.498361	 0.477490
-0.000557	-2.920465	 0.701038	-1.115170	-5.159330	 0.193101	-2.868148	-0.903091	 0.510838	-2.850300	 0.498352	 0.070071
-0.249555	-2.910423	 0.698759	-1.107292	-4.780843	 0.379675	-2.858125	-0.883106	 0.701354	-2.902621	 0.498348	-0.133639
-0.374054	-2.899601	 0.696226	-1.101153	-4.582795	 0.471830	-2.847417	-0.871387	 0.794828	-2.922871	 0.498346	-0.235494
 0.063697	-2.888412	 0.693572	-1.095894	-4.475002	 0.516779	-2.836390	-0.863808	 0.839789	-2.427110	 0.498345	 0.213579
 0.281569	-2.877064	 0.690863	-1.091083	-4.412371	 0.538130	-2.825226	-0.858307	 0.860499	-2.175367	 0.498344	 0.436789
 0.390505	-2.865658	 0.688133	-0.586505	-4.372356	 0.547687	-2.814015	-0.853850	 0.869092	-2.545648	 0.498344	 0.547075
 0.444974	-2.854246	 0.685397	-0.334216	-4.343684	 0.551351	-2.802804	-0.849923	 0.871633	-2.724957	 0.498344	 0.600903
 0.472208	-2.842855	 0.682663	-0.208072	-4.320717	 0.052073	-2.791616	-0.346267	 0.871156	-2.808802	 0.498344	 0.626508
 0.485825	-2.831496	 0.679937	-0.145000	-4.300639	-0.197566	-2.780461	-0.094440	 0.869175	-2.844940	 0.498344	 0.638006
 0.492633	-2.820177	 0.677219	-0.113464	-4.282038	-0.322386	-2.769345	-0.468526	 0.866451	-2.857247	 0.498344	 0.642456
 0.496037	-2.808899	 0.674511	-0.097696	-4.264211	-0.384795	-2.758270	-0.653884	 0.863361	-2.857661	 0.498344	 0.643387
 0.497740	-2.797665	 0.671814	-0.089811	-4.246805	-0.416000	-2.747238	-0.744884	 0.860096	-2.852152	 0.498344	 0.642564
 0.498591	-2.786475	 0.669127	-0.585869	-4.729643	 0.068397	-2.736250	-0.288713	 0.856749	-2.843704	 0.498343	 0.640869
 0.499016	-2.775330	 0.666450	-0.831735	-4.960637	 0.309490	-2.725305	-0.060627	 0.853369	-2.833810	 0.498343	 0.638743
-0.000771	-2.764229	 0.663784	-0.952512	-4.565751	 0.428936	-2.714404	 0.053416	 0.849979	-2.323215	 0.498343	 0.636407
-0.249664	-2.753172	 0.661129	-1.010754	-4.359966	 0.487562	-2.703547	 0.110438	 0.846591	-2.064292	 0.498343	 0.633971
 0.125890	-3.242159	 0.658485	-0.537737	-4.248765	 0.515782	-2.692733	-0.361052	 0.843211	-2.431220	 0.498343	 0.131489
 0.312664	-3.479191	 0.655851	-0.301229	-4.184890	 0.528805	-2.681962	-0.595131	 0.839841	-2.609087	 0.498343	-0.119751
-0.093949	-3.090274	 0.653228	-0.182974	-4.144710	 0.534232	-2.671234	-0.210513	 0.836483	-2.692447	 0.498343	 0.254628
-0.296254	-2.890413	 0.650615	-0.123847	-4.116411	 0.535867	-2.660549	-0.018203	 0.833138	-2.728576	 0.498343	 0.440560
-0.397407	-2.785101	 0.648012	-0.094284	-4.094085	 0.535609	-2.649907	 0.077951	 0.829806	-2.741110	 0.498343	 0.532273
 0.052017	-2.727086	 0.645420	-0.079502	-4.074779	 0.534409	-2.639307	 0.126029	 0.826487	-2.241871	 0.498343	 0.576882
 0.275726	-2.692740	 0.642838	-0.072111	-4.057015	 0.532743	-2.628750	 0.150067	 0.823181	-1.988765	 0.498343	 0.597943
 0.387580	-2.670250	 0.640267	-0.068416	-4.040054	 0.530848	-2.618235	 0.162087	 0.819888	-1.858741	 0.498343	 0.607236
 0.443507	-2.653710	 0.637706	-0.066568	-4.023528	 0.528842	-2.607762	 0.168096	 0.816608	-1.790272	 0.498343	 0.610649
-0.028529	-2.640165	 0.635155	-0.065644	-4.007251	 0.526786	-2.597331	-0.328899	 0.813342	-2.252594	 0.498343	 0.611127
-0.263546	-2.628140	 0.632615	-0.065182	-3.991130	 0.524708	-2.586942	-0.575745	 0.810089	-2.478325	 0.498343	 0.610143
 0.118945	-3.116895	 0.630084	-0.064951	-3.975120	 0.522624	-2.576594	-0.197522	 0.806848	-2.585782	 0.498343	 0.608433
 0.309188	-3.354061	 0.627564	-0.064836	-3.959196	 0.520541	-2.566288	-0.008411	 0.803621	-2.634124	 0.498343	 0.606365
 0.404310	-3.465462	 0.625054	-0.064778	-3.943348	 0.518462	-2.556022	 0.086144	 0.800406	-2.652930	 0.498343	 0.604122
-0.048130	-3.014008	 0.622553	-0.564749	-3.927569	 0.516390	-2.545798	 0.133422	 0.797205	-2.656990	 0.498343	 0.601796
-0.273348	-2.783157	 0.620063	-0.812605	-3.911856	 0.514326	-2.535615	 0.157061	 0.794016	-2.653698	 0.498343	 0.599435
 0.114043	-2.662626	 0.617583	-0.434412	-3.896207	 0.512269	-2.525473	 0.168880	 1.290840	-2.646751	 0.498343	 0.097060
 0.306735	-2.597277	 0.615112	-0.245316	-3.880621	 0.510220	-2.515371	 0.174790	 1.535677	-2.637998	 0.498343	-0.154127
 0.403081	-2.559538	 0.612652	-0.150768	-3.865099	 0.508179	-2.505309	 0.177745	 1.654534	-2.628363	 0.498343	 0.220279
 0.451255	-2.535625	 0.610201	-0.103494	-3.849638	 0.506147	-2.495288	 0.179223	 1.710416	-2.618308	 0.498343	 0.406293
 0.475341	-2.518645	 0.607761	-0.079857	-3.834239	 0.504122	-2.485307	 0.179961	 1.734824	-2.608064	 0.498343	 0.498115
 0.487384	-2.505152	 0.605330	-0.068038	-3.818902	 0.502106	-2.475366	 0.180331	 1.743510	-2.597746	 0.498343	 0.542846
 0.493406	-2.493422	 0.602908	-0.062129	-3.803627	 0.500097	-2.465464	 0.180515	 1.744348	-2.587412	 0.498343	 0.564037
-0.003583	-2.482594	 0.600497	-0.059174	-3.788412	 0.499093	-2.455602	 0.180608	 1.741277	-2.577091	 0.498343	 0.573461
-0.251077	-2.472236	 0.598095	-0.057697	-3.773259	 0.498591	-2.445780	 0.180654	 1.736265	-2.566797	 0.498343	 0.577008
-0.374823	-2.462133	 0.595702	-0.056958	-3.258166	 0.498340	-2.435997	 0.180677	 1.730297	-2.056537	 0.498343	 0.577620
-0.436697	-2.452178	 0.593319	-0.056589	-2.995133	 0.498214	-2.426253	 0.180688	 1.723864	-1.798315	 0.498343	 0.576770
 0.032367	-2.442316	 0.590946	-0.056404	-2.858152	 0.498151	-2.416548	 0.180694	 1.217212	-1.666123	 0.498343	 0.575193
 0.265895	-2.432520	 0.588582	-0.056312	-2.784220	 0.498120	-2.406882	 0.180697	 0.962466	-1.596960	 0.498343	 0.573257
 0.382660	-2.422777	 0.586228	-0.056266	-2.741833	 0.498104	-2.397254	 0.180698	 1.333677	-2.059322	 0.498343	 0.571147
 0.441042	-2.413079	 0.583883	-0.056243	-2.715241	 0.498097	-2.387665	 0.180699	 1.515873	-2.285460	 0.498343	 0.568953
 0.470233	-2.403423	 0.581548	-0.056231	-2.696567	 0.498093	-2.378114	 0.180700	 1.603574	-2.393506	 0.498343	 0.566723
 0.484829	-2.393808	 0.579221	-0.056225	-3.181875	 0.498091	-2.368602	 0.180700	 1.644043	-1.942526	 0.498343	 0.564479
 0.492126	-2.384232	 0.576905	-0.056222	-3.417194	 0.498090	-2.359128	 0.180700	 1.660908	-1.714053	 0.498343	 0.562232
-0.004225	-2.374694	 0.574597	-0.056221	-3.027549	 0.498089	-2.349691	 0.180700	 1.665985	-2.096845	 0.498343	 0.559989
-0.251399	-2.365195	 0.572299	-0.056220	-2.827450	 0.498089	-2.340292	 0.180700	 1.665181	-2.283282	 0.498343	 0.557752
-0.374986	-2.355734	 0.570009	-0.056220	-3.222146	-0.001911	-2.330931	 0.180700	 1.661451	-1.871561	 0.498343	 0.555523
-0.436780	-2.346311	 0.567729	-0.056220	-3.412261	-0.250907	-2.321607	 0.180700	 1.656270	-1.662781	 0.498343	 0.553301
-0.467677	-2.336926	 0.565458	-0.056220	-3.000113	 0.124594	-2.312321	 0.180700	 1.650377	-1.555482	 0.498343	 0.551088
-0.483125	-2.327578	 0.563197	-0.056220	-2.788863	 0.311345	-2.303072	 0.180700	 1.644142	-1.498937	 0.498343	 0.548884
-0.490849	-2.318268	 0.560944	-0.056220	-2.678083	 0.404721	-2.293859	 0.180700	 1.637749	-1.467780	 0.498343	 0.546689
-0.494711	-2.308995	 0.558700	-0.056219	-3.117558	 0.451408	-2.284684	 0.180700	 1.631289	-1.449328	 0.498343	 0.544502
-0.496642	-2.299759	 0.556465	-0.056219	-3.330182	 0.474752	-2.275545	 0.180700	 1.624810	-1.437240	 0.498343	 0.542324
-0.497608	-2.290560	 0.554239	-0.056219	-2.929408	 0.486424	-2.766443	 0.180700	 1.618334	-1.428346	 0.498343	 0.540155
-0.498091	-2.281398	 0.552022	-0.056219	-2.723964	 0.492260	-3.005377	 0.180700	 1.611872	-1.421060	 0.498343	 0.537994
-0.498332	-2.272272	 0.549814	-0.056219	-3.116205	 0.495178	-2.618356	 0.180700	 1.605430	-1.914589	 0.498343	 0.535842
-0.498453	-2.263183	 0.547615	-0.056219	-3.305309	 0.496637	-2.420382	 0.180700	 1.599011	-2.156538	 0.498343	 0.533699
 0.001487	-2.254130	 0.545425	-0.056219	-2.892871	 0.497366	-2.316951	 0.180700	 1.092616	-1.772715	 0.498343	 0.531564
 0.250454	-2.245114	 0.543243	-0.056219	-2.681692	 0.497731	-2.260808	 0.180700	 0.838247	-1.578026	 0.498343	 0.529438
 0.374937	-2.236133	 0.541070	-0.056219	-2.571161	 0.497914	-2.228327	 0.180700	 0.709894	-1.477914	 0.498343	 0.527320
-0.062821	-2.227189	 0.538906	-0.056219	-2.510975	 0.498005	-2.207695	 0.680700	 1.144555	-1.925103	 0.498343	 0.025211
-0.280699	-2.218280	 0.536750	-0.056219	-2.475980	 0.498050	-2.193005	 0.928339	 1.358727	-2.143953	 0.498343	-0.225844
-0.389638	-2.209407	 0.534603	-0.056219	-2.453600	 0.498073	-2.181303	 0.549806	 1.462667	-1.748652	 0.498343	 0.148629
-0.444107	-2.200569	 0.532465	-0.056219	-2.437548	 0.498085	-2.171113	 0.360540	 1.511504	-1.548295	 0.498343	 0.334819
-0.471342	-2.191767	 0.530335	-0.056219	-2.424679	 0.498090	-2.161696	 0.265906	 1.532801	-1.445421	 0.498343	 0.426872
-0.484959	-2.183000	 0.528213	-0.056219	-2.413421	 0.498093	-2.152683	 0.218590	 1.540342	-1.391299	 0.498343	 0.471861
 0.008232	-2.174268	 0.526101	-0.056219	-2.402988	 0.498095	-2.143890	 0.194932	 1.541017	-1.861563	 0.498343	 0.493321
 0.253825	-2.165571	 0.523996	-0.056219	-2.392986	 0.498095	-2.135222	 0.183102	 1.538270	-2.092032	 0.498343	 0.503022
-0.123379	-2.156909	 0.521900	-0.056219	-2.383219	 0.498096	-2.126636	 0.177188	 1.533826	-2.202621	 0.498343	 0.506847
-0.310980	-2.148281	 0.519813	-0.056219	-2.373589	 0.498096	-2.118106	 0.674231	 1.528546	-2.253289	 0.498343	 0.507738
-0.404780	-2.139688	 0.517733	-0.056219	-2.364046	 0.498096	-2.109623	 0.920409	 1.522859	-2.274015	 0.498343	 0.507166
-0.451680	-2.131129	 0.515662	-0.056219	-2.354565	-0.001904	-2.101178	 0.541166	 1.516981	-1.779789	 0.498343	 0.505867
-0.475130	-2.122605	 0.513600	-0.056219	-2.345135	-0.250900	-2.092771	 0.351544	 1.511020	-1.530105	 0.498343	 0.504209
 0.013145	-2.114114	 0.511545	-0.056219	-2.335748	 0.124602	-1.584398	 0.256733	 1.005029	-1.902702	 0.498343	 0.002374
 0.256279	-2.105658	 0.509499	-0.056219	-2.326402	 0.311352	-1.328060	 0.209327	 0.752034	-2.084450	 0.498343	-0.248543
-0.122153	-2.097235	 0.507461	-0.056219	-2.317095	 0.404728	-1.197747	 0.185625	 1.125536	-1.670791	 0.498343	 0.125998
-0.310368	-2.088846	 0.505431	-0.056219	-2.307826	 0.451415	-1.130456	 0.173773	 1.309289	-1.461448	 0.498343	 0.312268
-0.404476	-2.080491	 0.503410	-0.056219	-2.298594	 0.474759	-1.594684	 0.667847	 1.398180	-1.354272	 0.498343	 0.405403
-0.451530	-2.072169	 0.501396	-0.056219	-2.289399	 0.486431	-1.822680	 0.912561	 1.439651	-1.298190	 0.498343	 0.451970
-0.475057	-2.063880	 0.500389	-0.056219	-2.280242	 0.492267	-1.932577	 1.032603	 1.457424	-1.267664	 0.498343	 0.475254
-0.486820	-2.055625	 0.499886	-0.056219	-2.271121	 0.495185	-1.983441	 0.590319	 1.463360	-1.249927	 0.498343	 0.486896
-0.492702	-2.047402	 0.499634	-0.056219	-2.262036	 0.496644	-2.004804	 0.369177	 1.463390	-1.238594	 0.498343	 0.492717
-0.495643	-2.039213	 0.499508	-0.056219	-2.252988	 0.497374	-2.011433	 0.258605	 1.460478	-1.230474	 0.498343	 0.495627
-0.497113	-2.031056	 0.499445	-0.056219	-2.243976	 0.497738	-2.010711	 0.203320	 1.456107	-1.223968	 0.498343	 0.497082
-0.497848	-2.022931	 0.499414	-0.056219	-2.735000	 0.497921	-1.506331	 0.175677	 1.451017	-1.718281	 0.498343	 0.497810
-0.498216	-2.014840	 0.499398	-0.056219	-2.974060	 0.498012	-1.252136	 0.161856	 1.445581	-1.961012	 0.498343	 0.498174
-0.498400	-2.006780	 0.499390	-0.056219	-2.587164	 0.498058	-1.123043	 0.654945	 1.439983	-2.077970	 0.498343	 0.498356
-0.498492	-1.998753	 0.499386	-0.056219	-2.389315	 0.498080	-1.056509	 0.899194	 1.434315	-2.132059	 0.498343	 0.498447
-0.498538	-1.990758	 0.499384	-0.056219	-2.286008	 0.498092	-1.021262	 1.019031	 1.428623	-2.154731	 0.498343	 0.498492
 0.001439	-1.982795	 0.499383	-0.056219	-2.229989	 0.498097	-1.001666	 0.576672	 1.422932	-1.661713	 0.498343	 0.498515
 0.250425	-1.974864	 0.499383	-0.056219	-2.197631	 0.498100	-0.989904	 0.355493	 1.417252	-1.412866	 0.498343	 0.498526
-0.125082	-1.966965	 0.499383	-0.056219	-2.177122	 0.498102	-0.982067	 0.244903	 0.911588	-1.286115	 0.498343	 0.498532
-0.311834	-1.959097	 0.499382	-0.056219	-2.162554	 0.498102	-0.976200	 0.189608	 0.658757	-1.220420	 0.498343	 0.498535
-0.405211	-1.951260	 0.499382	-0.056219	-2.150974	 0.498103	-1.471326	 0.661960	 1.032341	-1.185264	 0.498343	 0.498536
-0.451899	-1.943455	 0.499382	-0.056219	-2.140906	 0.498103	-1.714956	 0.895868	 1.216321	-1.165385	 0.498343	 0.498537
-0.475243	-1.935681	 0.499382	-0.056219	-2.131610	 0.498103	-1.332854	 1.010562	 0.805511	-1.653155	 0.498343	 0.498537
-0.486915	-1.927939	 0.499382	-0.056219	-2.122717	 0.498103	-1.139901	 1.065659	 0.600105	-1.892758	 0.498343	 0.498537
-0.492751	-1.920227	 0.499382	-0.056219	-2.114043	 0.498103	-1.041531	 1.090966	 0.497403	-2.008294	 0.498343	 0.498538
-0.495669	-1.912546	 0.499382	-0.056219	-2.105495	 0.498103	-0.990459	 0.601387	 0.946051	-1.561815	 0.498343	 0.498538
-0.497128	-1.904896	 0.499382	-0.056219	-2.097028	 0.498103	-0.963045	 0.356597	 1.167586	-1.336345	 0.498343	 0.498538
-0.497857	-1.897276	 0.499382	-0.056219	-2.088617	 0.498103	-0.947466	 0.734202	 1.275576	-1.221388	 0.498343	 0.498538
-0.498222	-1.889687	 0.499382	-0.056219	-2.080251	 0.498103	-0.937813	 0.920781	 1.326803	-1.161697	 0.498343	 0.498538
-0.498404	-1.882128	 0.499382	 0.443781	-2.071924	 0.498103	-0.931131	 1.011856	 1.349661	-1.129647	 0.498343	 0.498538
-0.498496	-1.874600	 0.499382	 0.691893	-2.063633	 0.498103	-0.925940	 1.055188	 1.358345	-1.111427	 0.498343	 0.498538
-0.498541	-1.867102	 0.499382	 0.314069	-2.055377	 0.498103	-1.421504	 0.574656	 0.859952	-1.100131	 0.498343	 0.498538
-0.498564	-1.859633	 0.499382	 0.125157	-2.047155	 0.498103	-1.665451	 0.334391	 0.610756	-1.092305	 0.498343	 0.498538
-0.498575	-1.852195	 0.499382	 0.030701	-2.038966	 0.498103	-1.783606	 0.214258	 0.486158	-1.086223	 0.498343	 0.498538
-0.498581	-1.844786	 0.499382	-0.016527	-2.030810	 0.498103	-1.338880	 0.154191	 0.923859	-1.081022	 0.498343	 0.498538
-0.498584	-1.837407	 0.499382	-0.040141	-2.022687	 0.498103	-1.114729	 0.124158	 1.139987	-1.076269	 0.498343	 0.498538
-0.498585	-1.830057	 0.499382	-0.051948	-2.014596	 0.498103	-1.000872	 0.109142	 1.245338	-1.071750	 0.498343	-0.001462
-0.498586	-1.822737	 0.499382	-0.057851	-2.006538	 0.498103	-0.942169	 0.101633	 1.295312	-1.067356	 0.498343	-0.250459
-0.498586	-1.815446	 0.499382	 0.439197	-1.998511	 0.498103	-0.911051	 0.597879	 1.317609	-1.063033	 0.498343	 0.125042
-0.498587	-1.808184	 0.499382	 0.685849	-1.990517	 0.498103	-0.893732	 0.843814	 1.326078	-1.058754	 0.498343	 0.311792
-0.498587	-1.800951	 0.499382	 0.307310	-1.982555	-0.001897	-0.883320	 0.964602	 0.827643	-1.054506	 0.498343	 0.405166
-0.498587	-1.793748	 0.499382	 0.118040	-1.974625	-0.250893	-0.876368	 1.022825	 0.578425	-1.050281	 0.498343	 0.451854
-0.498587	-1.786573	 0.499382	 0.023405	-1.966727	-0.375391	-0.871153	 1.049774	 0.453817	-1.046077	 0.498343	 0.475198
 0.001413	-1.779426	 0.499382	-0.023912	-1.958860	 0.062360	-0.866814	 0.561096	 0.891512	-1.541891	 0.498343	 0.486869
 0.250410	-1.772309	 0.499382	-0.047571	-1.951024	 0.280235	-0.862919	 0.316756	 1.107702	-1.785722	 0.498343	 0.492705
-0.125091	-1.765219	 0.499382	-0.059400	-1.943220	 0.389173	-0.859254	 0.694587	 1.213149	-1.403579	 0.498343	 0.495623
-0.311841	-1.758158	 0.499382	-0.065315	-1.935447	 0.443642	-0.855710	 0.881357	 1.263235	-1.210464	 0.498343	 0.497082
-0.405215	-1.751126	 0.499382	 0.431728	-1.927706	 0.470876	-0.852234	 0.972606	 1.285651	-1.611872	 0.498343	 0.497812
-0.451903	-1.744121	 0.499382	 0.678392	-1.919995	 0.484493	-0.848798	 1.016103	 1.294243	-1.808550	 0.498343	 0.498177
-0.475246	-1.737145	 0.499382	 0.799873	-1.912315	 0.491302	-0.845390	 1.035732	 1.295934	-1.402878	 0.498343	 0.498359
-0.486918	-1.730196	 0.499382	 0.858771	-1.904665	 0.494706	-0.842002	 1.043436	 1.294184	-1.198048	 0.498343	 0.498450
-0.492754	-1.723275	 0.499382	 0.886385	-1.897047	 0.496408	-0.838630	 1.045185	 1.290724	-1.093646	 0.498343	 0.498496
 0.004328	-1.716382	 0.499382	 0.398364	-1.889459	 0.497259	-0.835274	 1.043966	 1.286419	-1.039467	 0.498343	 0.498518
 0.251866	-1.709517	 0.499382	 0.154354	-1.881901	 0.497685	-0.831932	 1.041271	 1.281703	-1.010407	 0.498343	 0.498530
-0.124365	-1.702679	 0.499382	 0.032348	-1.874373	 0.497898	-0.828604	 1.037847	 1.276791	-0.993914	 0.498343	-0.001464
-0.311479	-1.695868	 0.499382	-0.028654	-1.866876	 0.498004	-0.825289	 1.034065	 1.271791	-0.983713	 0.498343	-0.250459
-0.405036	-1.689085	 0.499382	-0.059156	-1.859408	 0.498057	-0.821988	 0.530114	 0.766757	-1.476665	 0.498343	 0.125044
-0.451815	-1.682328	 0.499382	-0.074406	-1.851971	 0.498084	-0.818700	 0.278139	 0.514241	-1.719202	 0.498343	 0.311795
-0.475204	-1.675599	 0.499382	-0.082032	-1.844563	 0.498097	-0.815425	 0.652151	 0.887982	-1.336547	 0.498343	 0.405170
-0.486899	-1.668897	 0.499382	-0.085844	-1.837184	 0.498104	-0.812163	 0.837105	 1.072330	-1.143312	 0.498343	 0.451857
-0.492746	-1.662221	 0.499382	-0.087751	-1.829836	 0.498107	-0.808915	 0.927537	 1.161990	-1.044794	 0.498343	 0.475201
 0.004330	-1.655572	 0.499382	 0.411296	-1.822516	 0.498109	-0.805679	 0.970718	 1.204317	-1.493643	 0.498343	 0.486873
 0.251866	-1.648950	 0.499382	 0.658999	-1.815226	 0.498109	-0.802456	 0.990280	 1.222987	-1.714182	 0.498343	 0.492709
-0.124367	-1.642354	 0.499382	 0.281037	-1.807965	 0.498110	-0.799247	 0.998042	 1.229839	-1.320582	 0.498343	 0.495627
-0.311482	-1.635785	 0.499382	 0.092056	-1.800733	 0.498110	-0.796050	 0.999911	 1.230791	-1.121928	 0.498343	 0.497086
-0.405039	-1.629241	 0.499382	 0.497565	-1.793531	 0.498110	-0.792865	 0.998842	 1.228804	-1.020755	 0.498343	 0.497815
-0.451818	-1.622724	 0.499382	 0.698514	-1.786356	 0.498110	-0.789694	 0.996312	 1.225357	-0.968329	 0.498343	 0.498180
-0.475207	-1.616234	 0.499382	 0.297189	-1.779211	 0.498110	-0.786535	 0.993059	 1.221189	-1.440284	 0.498343	 0.498363
-0.486902	-1.609769	 0.499382	 0.096527	-1.772094	 0.498110	-0.783389	 0.989453	 1.216671	-1.672437	 0.498343	 0.498454
-0.492749	-1.603330	 0.499382	-0.003804	-1.765006	 0.498110	-0.780255	 0.985679	 1.211988	-1.784705	 0.498343	 0.498499
-0.495673	-1.596916	 0.499382	 0.446030	-1.757946	 0.498110	-0.777134	 0.981828	 1.207232	-1.837044	 0.498343	 0.498522
-0.497135	-1.590529	 0.499382	 0.669156	-1.750914	 0.498110	-0.774026	 0.977946	 1.202449	-1.859435	 0.498343	 0.498534
 0.002134	-1.584166	 0.499382	 0.778934	-1.743910	 0.498110	-1.270930	 0.974057	 1.197662	-1.366867	 0.498343	 0.498539
 0.250766	-1.577830	 0.499382	 0.832046	-1.736935	 0.498110	-1.515846	 0.970172	 1.192883	-1.118835	 0.498343	 0.498542
 0.375082	-1.571518	 0.499382	 0.856831	-1.729987	 0.498110	-1.134783	 0.466298	 1.188117	-0.993077	 0.498343	-0.001456
 0.437240	-1.565232	 0.499382	 0.867461	-1.723067	 0.498110	-0.942744	 0.214360	 1.183368	-0.928463	 0.498343	-0.250453
 0.468319	-1.558971	 0.499382	 0.371019	-1.716175	-0.001890	-0.845223	 0.588391	 1.178636	-0.894429	 0.498343	 0.125049
 0.483858	-1.552736	 0.499382	 0.122798	-1.709310	-0.250886	-0.794967	 0.773482	 1.173922	-0.875691	 0.498343	 0.311799
 0.491628	-1.546525	 0.499382	-0.001312	-1.702473	-0.375384	-0.768349	 0.864110	 1.169226	-0.864608	 0.498343	 0.405174
-0.004487	-1.540339	 0.499382	-0.063367	-1.695663	 0.062367	-1.253557	 0.907515	 1.164550	-0.857359	 0.498343	-0.048139
-0.251543	-1.534177	 0.499382	-0.094395	-1.688880	 0.280242	-1.492684	 0.927315	 1.159892	-0.852035	 0.498343	-0.273792
-0.375072	-1.528040	 0.499382	-0.109908	-1.682125	 0.389180	-1.108783	 0.935321	 1.155252	-0.847679	 0.498343	 0.113381
-0.436836	-1.521928	 0.499382	-0.117665	-1.675396	 0.443649	-0.915383	 0.937438	 1.150631	-0.843815	 0.498343	 0.305967
-0.467718	-1.515841	 0.499382	-0.121544	-1.668695	 0.470883	-0.817239	 0.436617	 1.146028	-1.340202	 0.498343	 0.402259
-0.483159	-1.509777	 0.499382	-0.123483	-1.662020	 0.484500	-0.766729	 0.186206	 1.141444	-1.584723	 0.498343	 0.450406
-0.490879	-1.503738	 0.499382	-0.124453	-1.655372	 0.491309	-0.740042	 0.561001	 1.136879	-1.203325	 0.498343	 0.474479
-0.494740	-1.497723	 0.499382	-0.124937	-1.648750	 0.494713	-0.725271	 0.746527	 1.132331	-1.010982	 0.498343	 0.486516
-0.496670	-1.491732	 0.499382	-0.125180	-1.642155	 0.496415	-0.716465	 0.837426	 1.127802	-0.913173	 0.498343	 0.492534
-0.497635	-1.485765	 0.499382	 0.374699	-1.635587	 0.497266	-0.710646	 0.881019	 1.123291	-0.862638	 0.498343	 0.495543
-0.498117	-1.479822	 0.499382	 0.622889	-1.629044	 0.497692	-0.706328	 0.900966	 1.118797	-0.835747	 0.498343	 0.497048
 0.001641	-1.473903	 0.499382	 0.745242	-1.622528	 0.497905	-1.202764	 0.909097	 1.114322	-0.820683	 0.498343	 0.497800
 0.250518	-1.468007	 0.499382	 0.804683	-1.616038	 0.498011	-1.447584	 0.911329	 1.109865	-0.811540	 0.498343	 0.498176
-0.125044	-1.462135	 0.499382	 0.832676	-1.609574	 0.498064	-1.566609	 0.410617	 1.105425	-1.305364	 0.498343	 0.498364
-0.311823	-1.456287	 0.499382	 0.844951	-1.603136	 0.498091	-1.622750	 0.160262	 1.101004	-1.548677	 0.498343	 0.498458
-0.405213	-1.450462	 0.499382	 0.849374	-1.596723	 0.498104	-1.147463	 0.535084	 1.096600	-1.166750	 0.498343	 0.498505
-0.451908	-1.444660	 0.499382	 0.849878	-1.590336	 0.498111	-0.908475	 0.720675	 1.092213	-0.974217	 0.498343	 0.498529
-0.475256	-1.438881	 0.499382	 0.348429	-1.583975	 0.498114	-0.787642	 0.811658	 1.087844	-0.876387	 0.498343	 0.498540
-0.486929	-1.433126	 0.499382	 0.097704	-1.577639	 0.498116	-0.725892	 0.855344	 1.083493	-0.825915	 0.498343	 0.498546
-0.492766	-1.427393	 0.499382	-0.027658	-1.571328	 0.498117	-0.693689	 0.875390	 1.079159	-0.799128	 0.498343	 0.498549
 0.004315	-1.421684	 0.499382	-0.090339	-1.565043	 0.498117	-0.676264	 0.883621	 1.074843	-1.284189	 0.498343	 0.498551
 0.251853	-1.415997	 0.499382	-0.121679	-1.558783	 0.498117	-0.666234	 0.885953	 1.070543	-1.523182	 0.498343	 0.498551
-0.124378	-1.410333	 0.499382	 0.362650	-1.552548	 0.498117	-1.159907	 0.885343	 1.066261	-1.639154	 0.498343	 0.498552
-0.311492	-1.404692	 0.499382	 0.603121	-1.546338	 0.498117	-1.403436	 0.883268	 1.061996	-1.693629	 0.498343	 0.498552
-0.405049	-1.399073	 0.499382	 0.721669	-1.540152	 0.498117	-1.021907	 0.880468	 1.057748	-1.217371	 0.498343	 0.498552
-0.451828	-1.393476	 0.499382	 0.779263	-1.533992	 0.498117	-0.829861	 0.877313	 1.053517	-0.977760	 0.498343	 0.498552
-0.475217	-1.387903	 0.499382	 0.806386	-1.527856	 0.498117	-0.732563	 0.873987	 1.049303	-1.356478	 0.498343	 0.498552
-0.486912	-1.382351	 0.499382	 0.818281	-1.521744	 0.498117	-0.682643	 0.870583	 1.045106	-1.542366	 0.498343	 0.498552
-0.492759	-1.376822	 0.499382	 0.822568	-1.515657	 0.498117	-0.656418	 0.867146	 1.040925	-1.631854	 0.498343	 0.498552
-0.495682	-1.371314	 0.499382	 0.323057	-1.509595	 0.498117	-0.642045	 0.863701	 1.036762	-1.173155	 0.498343	 0.498552
-0.497144	-1.365829	 0.499382	 0.073302	-1.503556	 0.498117	-0.633603	 0.860257	 1.032614	-0.942377	 0.498343	 0.498552
-0.497875	-1.360366	 0.499382	 0.448425	-1.497542	 0.498117	-0.628132	 0.856822	 0.528484	-0.825565	 0.498343	 0.498552
-0.498241	-1.354924	 0.499382	 0.634339	-1.491552	 0.498117	-0.624151	 0.853398	 0.276419	-0.765741	 0.498343	 0.498552
 0.001577	-1.349505	 0.499382	 0.725655	-1.485586	 0.498117	-0.620920	 0.849986	 0.650386	-0.734417	 0.498343	 0.498552
 0.250482	-1.344107	 0.499382	 0.769680	-1.479643	 0.498117	-0.618069	 0.846586	 0.835321	-0.717349	 0.498343	 0.498552
-0.125065	-1.338730	 0.499382	 0.790065	-1.473725	 0.498117	-0.615413	 0.843200	 0.425748	-0.707415	 0.498343	 0.498552
-0.311837	-1.333375	 0.499382	 0.798636	-1.467830	 0.498117	-0.612860	 0.839828	 0.220962	-0.701052	 0.498343	 0.498552
-0.405223	-1.328042	 0.499382	 0.801307	-1.461958	 0.498117	-0.610363	 0.836469	 0.118568	-0.696482	 0.498343	 0.498552
-0.451916	-1.322729	 0.499382	 0.801035	-1.456111	 0.498117	-1.607898	 0.833123	 0.567372	-0.692813	 0.498343	 0.498552
-0.475263	-1.317439	 0.499382	 0.799297	-1.450286	 0.498117	-2.101455	 0.829790	 0.789741	-0.689600	 0.498343	 0.498552
 0.013064	-1.312169	 0.499382	 0.796833	-1.944485	 0.498117	-1.343044	 0.326471	 0.898902	-0.686621	 0.498343	 0.498552
 0.256225	-1.306920	 0.499382	 0.794013	-2.186707	 0.498117	-0.962669	 0.074811	 0.951466	-0.683764	 0.498343	 0.498552
 0.377805	-1.301692	 0.499382	 0.291020	-1.802960	-0.001883	-0.771316	 0.448982	 0.975740	-0.680974	 0.498343	 0.498552
 0.438595	-1.296486	 0.499382	 0.039524	-1.608248	-0.250879	-0.674480	 0.634421	 0.985877	-0.678222	 0.498343	 0.498552
 0.468990	-1.291300	 0.499382	-0.086225	-1.508065	 0.124623	-1.124907	 0.725500	 0.988953	-1.175495	 0.498343	-0.001448
 0.484188	-1.286135	 0.499382	-0.149099	-1.455158	 0.311374	-1.346970	 0.769407	 0.988507	-1.420787	 0.498343	-0.250445
 0.491786	-1.280990	 0.499382	-0.180536	-1.425900	 0.404749	-1.454863	 0.789734	 0.986308	-1.540100	 0.498343	-0.374944
 0.495586	-1.275866	 0.499382	 0.303746	-1.408478	 0.451437	-1.005684	 0.798277	 0.983240	-1.096438	 0.498343	 0.062807
 0.497485	-1.270763	 0.499382	 0.544310	-1.396984	 0.474781	-0.779982	 0.800935	 0.979746	-0.873301	 0.498343	 0.280681
 0.498435	-1.265680	 0.499382	 0.163023	-1.388467	 0.486453	-0.666022	 0.300657	 0.976047	-0.760433	 0.498343	 0.389619
 0.498910	-1.260617	 0.499382	-0.027621	-1.381448	 0.492288	-0.607938	 0.050518	 0.972252	-0.702703	 0.498343	 0.444087
 0.499148	-1.255574	 0.499382	 0.377057	-1.375190	 0.495206	-0.577796	 0.425448	 0.968418	-0.672548	 0.498343	 0.471321
 0.499266	-1.250552	 0.499382	 0.577833	-1.369323	 0.496665	-0.561630	 0.611312	 0.964572	-0.656186	 0.498343	 0.484939
-0.000674	-1.245550	 0.499382	 0.676664	-1.363663	 0.497395	-0.552456	 0.702650	 0.460727	-0.646726	 0.498343	 0.491747
-0.249643	-1.240568	 0.499382	 0.724528	-1.358116	 0.497760	-0.546783	 0.746731	 0.208805	-0.640721	 0.498343	 0.495151
-0.374128	-1.235605	 0.499382	 0.746915	-1.352638	 0.497942	-0.542864	 0.767190	 0.082844	-0.636449	 0.498343	 0.496854
-0.436370	-1.230663	 0.499382	-0.243430	-1.347205	-0.001967	-0.539826	 0.775844	 0.519863	-1.133049	 0.498343	 0.497705
-0.467491	-1.225740	 0.499382	-0.736134	-1.341804	-0.250917	-0.537234	 0.778602	 0.736459	-1.378089	 0.498343	 0.498130
-0.483052	-1.220837	 0.499382	 0.019971	-1.336431	 0.124607	-1.034869	 0.778419	 0.842851	-0.997363	 0.498343	 0.498343
-0.490832	-1.215954	 0.499382	 0.396471	-1.331083	 0.311369	-1.280621	 0.776770	 0.894148	-0.805767	 0.498343	 0.498449
-0.494722	-1.211090	 0.499382	 0.583175	-1.325757	 0.404750	-0.900444	 0.774396	 0.917906	-0.708740	 0.498343	 0.498503
-0.496667	-1.206246	 0.499382	 0.674988	-1.320453	 0.451441	-0.709315	 0.771665	 0.927902	-0.659004	 0.498343	 0.498529
-0.497640	-1.201421	 0.499382	 0.719360	-1.315171	 0.474786	-1.112715	 0.768761	 0.931024	-0.632917	 0.498343	 0.498542
-0.498126	-1.196615	 0.499382	 0.740019	-1.309910	 0.486459	-1.311382	 0.765778	 0.930717	-0.618660	 0.498343	 0.498549
-0.498369	-1.191829	 0.499382	 0.748827	-1.304671	 0.492295	-1.407696	 0.762760	 0.928702	-0.610322	 0.498343	 0.498552
-0.498491	-1.187061	 0.499382	 0.251716	-1.299452	 0.495213	-0.952844	 0.759732	 0.925841	-0.604950	 0.498343	 0.498554
-0.498552	-1.182313	 0.499382	 0.003160	-1.294254	 0.496672	-0.725419	 0.756705	 0.922565	-0.601064	 0.498343	 0.498555
 0.001418	-0.677584	 0.499382	 0.378883	-1.289077	 0.497402	-0.611706	 0.753684	 0.919088	-0.597927	 0.498343	 0.498555
 0.250400	-0.425219	 0.499382	 0.565235	-1.283921	 0.497767	-0.554849	 0.750672	 0.915519	-0.595169	 0.498343	 0.498555
-0.125109	-0.799037	 0.499382	 0.156907	-0.778785	 0.497949	-0.526421	 0.747671	 0.911910	-0.592605	 0.498343	 0.498556
-0.311862	-0.983600	 0.499382	-0.047256	-0.526217	 0.498040	-0.512207	 0.744681	 0.908289	-0.590143	 0.498343	 0.498556
-0.405239	-1.073545	 0.499382	 0.350662	-0.899933	 0.498086	-1.005100	 0.741702	 0.904669	-0.587737	 0.498343	 0.498556
-0.451927	-1.116191	 0.499382	 0.548124	-1.084244	 0.498109	-1.248551	 0.738736	 0.901057	-0.585363	 0.498343	 0.498556
-0.475271	-1.135196	 0.499382	 0.645364	-1.173862	 0.498120	-1.367292	 0.735781	 0.897457	-0.583010	 0.498343	 0.498556
-0.486943	-1.142390	 0.499382	 0.692498	-1.216144	 0.498126	-0.923690	 0.732838	 0.393868	-0.580672	 0.498343	 0.498556
-0.492779	-1.143688	 0.499382	 0.714586	-1.234769	 0.498129	-0.701890	 0.729906	 0.142074	-0.578347	 0.498343	 0.498556
-0.495697	-1.142047	 0.499382	 0.724157	-1.741574	-0.001870	-0.590989	 0.726987	 0.516177	-0.576032	 0.498343	 0.498556
-0.497156	-1.138946	 0.499382	 0.727475	-1.990480	-0.250866	-0.535539	 0.724079	 0.701448	-0.573727	 0.498343	 0.498556
 0.002114	-1.135124	 0.499382	 0.727672	-1.610454	 0.124637	-0.507814	 0.721182	 0.792310	-0.571432	 0.498343	 0.498556
 0.250747	-1.130950	 0.499382	 0.726315	-1.417980	 0.311388	-0.493952	 0.718298	 0.835975	-0.569146	 0.498343	 0.498556
-0.124937	-1.126609	 0.499382	 0.724187	-1.319292	-0.095237	-0.987020	 0.715425	 0.856048	-1.566869	 0.498343	 0.498556
-0.311778	-1.122195	 0.499382	 0.721679	-1.267507	-0.297546	-1.230594	 0.712563	 0.864332	-2.060602	 0.498343	 0.498556
-0.405198	-1.117752	 0.499382	 0.718986	-1.239183	-0.398700	-1.349433	 0.709713	 0.866729	-2.302359	 0.498343	 0.498556
-0.451908	-1.113304	 0.499382	 0.716207	-1.222599	 0.050723	-0.905916	 0.706874	 0.866189	-1.418150	 0.498343	 0.498556
-0.475263	-1.108862	 0.499382	 0.713391	-1.211896	 0.274434	-0.684157	 0.704046	 0.864188	-0.974977	 0.498343	 0.498556
-0.486941	-1.104432	 0.499382	 0.210562	-0.704141	-0.113710	-0.573278	 0.701230	 0.861463	-1.252327	 0.498343	 0.498556
-0.492780	-1.100017	 0.499382	-0.040853	-0.450264	-0.306779	-0.517839	 0.698425	 0.858383	-1.387943	 0.498343	 0.498556
 0.004301	-1.095619	 0.499382	 0.333440	-0.823325	 0.096687	-0.490119	 0.695631	 0.855133	-0.952704	 0.498343	 0.498556
 0.251838	-1.091237	 0.499382	 0.519170	-1.007463	 0.297419	-0.476259	 0.692849	 0.851804	-0.734049	 0.498343	 0.498556
 0.375607	-1.086872	 0.499382	 0.610626	-1.097149	 0.397786	-0.469329	 0.690078	 0.348442	-0.623691	 0.498343	 0.498556
 0.437492	-1.082525	 0.499382	 0.654950	-1.139618	 0.447969	-0.465864	 0.687317	 0.096761	-0.567485	 0.498343	 0.498556
 0.468434	-1.078195	 0.499382	 0.675713	-1.158489	 0.473060	-0.464131	 0.684568	-0.029079	-0.538360	 0.498343	 0.498556
 0.483905	-1.073882	 0.499382	 0.684702	-0.665569	 0.485606	-0.463265	 0.681830	 0.408001	-1.022779	 0.498343	 0.498556
 0.491640	-1.069587	 0.499382	 0.687809	-0.419110	 0.491879	-0.462832	 0.679102	 0.624851	-1.261974	 0.498343	 0.498556
-0.004492	-1.065308	 0.499382	 0.687980	-0.295880	 0.495016	-0.462615	 0.676386	 0.731592	-0.878569	 0.498343	 0.498556
-0.251557	-1.061047	 0.499382	 0.686690	-0.234265	 0.496584	-0.462507	 0.673680	 0.783286	-0.686867	 0.498343	 0.498556
 0.124911	-1.056803	 0.499382	 0.684674	-0.703457	 0.497368	-0.962453	 0.670986	 0.807463	-0.591015	 0.498343	 0.498556
 0.312142	-1.052576	 0.499382	 0.682301	-0.935708	 0.497760	-1.209501	 0.668302	 0.817888	-0.543090	 0.498343	 0.498556
-0.094243	-1.048365	 0.499382	 0.679754	-0.549498	 0.497956	-1.330112	 0.665629	 0.821444	-0.519127	 0.498343	 0.498556
-0.296434	-1.044172	 0.499382	 0.677126	-0.356393	 0.498054	-1.387516	 0.662966	 0.821572	-0.507146	 0.498343	 0.498556
-0.397529	-1.039995	 0.499382	 0.674463	-0.259840	 0.498103	-1.413328	 0.660314	 0.819993	-0.501155	 0.498343	 0.498556
-0.448077	-1.035835	 0.499382	 0.671788	-0.711564	 0.498128	-0.923356	 0.657673	 0.317566	-0.498160	 0.498343	 0.498556
-0.473351	-1.031692	 0.499382	 0.669113	-0.935099	 0.498140	-0.678370	 0.655042	 0.066353	-0.496662	 0.498343	 0.498556
 0.014012	-1.027565	 0.499382	 0.666442	-1.044549	 0.498146	-0.555877	 0.152422	 0.440747	-0.495913	 0.498343	 0.498556
 0.256691	-1.023455	 0.499382	 0.663779	-1.096967	 0.498149	-0.494630	-0.098888	 0.626313	-0.495539	 0.498343	 0.498556
 0.378031	-1.019361	 0.499382	 0.661125	-1.120876	-0.001850	-0.464007	 0.275457	 0.217472	-0.495351	 0.498343	 0.498556
 0.438700	-1.015284	 0.499382	 0.658482	-1.130542	-0.250845	-0.448696	 0.461330	 0.013052	-0.495258	 0.498343	 0.498556
-0.030965	-1.011222	 0.499382	 0.655848	-0.633094	 0.124657	-0.441040	 0.552972	-0.089158	-0.995211	 0.498343	-0.001444
-0.264796	-1.007178	 0.499382	 0.653225	-0.384370	 0.311408	-0.437212	 0.597504	-0.140263	-1.242197	 0.498343	-0.250441
-0.381712	-1.003149	 0.499382	 0.150612	-0.760008	 0.404783	-0.435298	 0.618485	 0.334184	-1.362712	 0.498343	 0.125060
-0.440170	-0.999136	 0.499382	-0.100694	-0.945556	 0.451471	-0.434341	 0.627697	 0.569791	-1.420003	 0.498343	 0.311810
-0.469399	-0.995140	 0.499382	-0.226348	-1.036068	 0.474815	-0.433862	 0.631030	 0.685983	-1.445694	 0.498343	 0.405184
 0.015987	-0.991159	 0.499382	 0.210826	-0.579070	 0.486487	-0.433623	 0.131427	 0.742475	-0.955597	 0.498343	 0.451872
 0.257677	-0.987195	 0.499382	 0.428116	-0.350572	 0.492323	-0.433504	-0.118374	 0.769123	-0.710548	 0.498343	 0.475216
 0.378522	-0.983246	 0.499382	 0.535471	-0.236322	 0.495241	-1.433444	 0.256725	 0.280856	-0.588024	 0.498343	 0.486887
 0.438944	-0.979313	 0.499382	 0.587863	-0.179198	 0.496700	-1.928547	 0.443011	 0.036722	-0.526761	 0.498343	 0.492723
 0.469156	-0.975396	 0.499382	 0.612778	-1.150635	 0.497429	-1.171251	 0.534895	 0.414655	-1.496130	 0.498343	 0.495641
 0.484261	-0.971494	 0.499382	 0.623960	-1.632110	 0.497794	-0.792604	 0.579584	 0.602036	-1.975884	 0.498343	 0.497100
-0.008186	-0.967608	 0.499382	 0.628281	-1.368620	-0.002024	-0.603280	 0.600680	 0.694148	-1.210849	 0.498343	 0.497830
-0.253408	-0.963738	 0.499382	 0.629176	-1.234665	-0.250929	-0.508618	 0.609984	 0.738632	-0.828332	 0.498343	 0.498194
-0.376019	-0.959883	 0.499382	 0.628364	-1.165486	-0.375381	-0.461287	 0.613398	 0.759307	-0.637073	 0.498343	 0.498377
-0.437325	-0.956043	 0.499382	 0.626702	-1.128704	 0.062392	-0.437621	 0.613871	 0.768085	-0.541444	 0.498343	 0.498468
-0.467978	-0.952219	 0.499382	 0.624622	-1.108129	 0.280279	-0.425789	 0.612879	 0.770920	-0.493629	 0.498343	 0.498514
-0.483304	-0.948410	 0.499382	 0.622336	-0.595666	 0.389222	-0.419872	 0.611159	 0.770790	-0.469722	 0.498343	 0.498536
-0.490967	-0.944616	 0.499382	 0.619953	-0.339435	 0.443694	-0.416914	 0.609080	 0.769184	-0.457768	 0.498343	 0.498548
 0.005201	-0.440838	 0.499382	 0.617527	-0.711319	 0.470930	-0.415435	 0.606827	 0.766846	-0.451791	 0.498343	 0.498554
 0.252283	-0.188949	 0.499382	 0.615083	-0.895095	 0.484548	-0.414695	 0.604491	 0.764147	-0.448803	 0.498343	 0.498556
-0.124177	-0.563004	 0.499382	 0.612636	-0.484825	 0.491357	-0.414326	 0.602119	 0.761275	-0.447309	 0.498343	 0.498558
-0.311405	-0.748158	 0.499382	 0.610192	-0.279690	 0.494761	-0.414141	 0.599733	 0.758323	-0.446562	 0.498343	 0.498559
-0.405019	-0.838868	 0.499382	 0.607755	-0.177123	 0.496463	-0.414048	 0.597346	 0.755335	-0.446188	 0.498343	 0.498559
 0.048174	-0.882364	 0.499382	 0.605326	-0.625839	 0.497314	-0.414002	 0.594962	 0.752337	-0.446001	 0.498343	 0.498559
 0.273767	-0.902260	 0.499382	 0.602905	-0.848048	 0.497740	-0.413979	 0.592585	 0.749339	-0.445908	 0.498343	 0.498559
 0.386564	-0.910364	 0.499382	 0.600494	-0.457012	 0.497953	-0.413967	 0.590216	 0.746348	-0.445861	 0.498343	 0.498559
 0.442963	-0.912579	 0.499382	 0.598092	-0.261494	 0.498059	-0.413962	 0.587856	 0.743365	-0.445838	 0.498343	 0.498559
-0.028838	-0.411857	 0.499382	 0.595700	-0.663735	 0.498112	-0.413959	 0.585505	 0.740393	-0.445826	 0.498343	 0.498559
-0.263737	-0.161496	 0.499382	 0.593317	-0.862724	 0.498139	-0.413957	 0.583163	 0.737432	-0.445820	 0.498343	 0.498559
 0.118813	-0.536315	 0.499382	 0.590944	-0.460095	 0.498152	-0.413957	 0.580830	 0.734483	-0.445818	 0.498343	 0.498559
 0.309086	-0.721903	 0.499382	 0.588580	-0.258780	 0.498159	-0.413956	 0.578507	 0.731545	-0.445816	 0.498343	 0.498559
 0.404222	-0.812881	 0.499382	 0.586226	-0.158123	 0.498162	-0.413956	 0.576193	 0.728619	-0.445815	 0.498343	 0.498559
-0.048210	-0.856563	 0.499382	 0.583881	-0.107794	 0.498164	-0.913956	 0.573888	 0.725705	-0.445815	 0.498343	 0.498559
-0.273425	-0.876603	 0.499382	 0.581545	-0.082630	 0.498165	-1.161128	 0.571593	 0.722802	-0.445815	 0.498343	 0.498559
-0.386032	-0.884830	 0.499382	 0.579219	-0.570048	 0.498165	-0.781897	 0.569306	 0.719911	-0.445815	 0.498343	 0.498559
-0.442336	-0.887157	 0.499382	 0.576902	-0.811642	 0.498165	-0.592282	 0.567029	 0.717031	-0.445815	 0.498343	 0.498559
-0.470487	-0.886542	 0.499382	 0.574595	-0.930332	 0.498165	-0.997474	 0.564761	 0.214163	-0.445815	 0.498343	 0.498559
-0.484563	-0.884463	 0.499382	 0.572296	-0.987579	 0.498165	-1.197265	 0.562502	-0.037271	-0.445815	 0.498343	 0.498559
-0.491601	-0.881658	 0.499382	 0.570007	-1.014113	 0.498165	-0.794367	 0.060252	 0.337012	-0.945815	 0.498343	 0.498559
-0.495120	-0.878498	 0.499382	 0.567727	-1.025299	 0.498165	-0.592917	-0.190873	 0.522731	-1.192923	 0.498343	 0.498559
-0.496880	-0.875168	 0.499382	 0.565456	-1.028819	 0.498165	-0.492193	-0.316435	 0.614173	-1.313597	 0.498343	 0.498559
-0.497759	-0.871759	 0.499382	 0.563194	-1.028514	 0.498165	-0.441830	 0.120783	 0.658483	-0.871066	 0.498343	 0.498559
-0.498199	-0.868317	 0.499382	 0.560942	-1.026305	 0.498165	-0.416649	 0.338277	 0.679233	-0.649800	 0.498343	 0.498559
-0.498419	-0.864867	 0.499382	 0.558698	-1.023153	 0.498165	-0.404058	 0.445912	 0.688208	-0.539167	 0.498343	 0.498559
-0.498529	-0.861419	 0.499382	 0.556463	-1.019536	 0.498165	-0.397763	 0.498622	 0.691301	-0.483851	 0.498343	 0.498559
 0.001416	-0.857979	 0.499382	 0.554237	-1.015696	-0.001835	-0.394616	 0.523875	 0.691458	-0.456192	 0.498343	 0.498559
 0.250386	-0.854550	 0.499382	 0.552020	-1.011753	-0.250831	-0.393042	 0.535403	 0.690154	-0.442363	 0.498343	 0.498559
 0.374870	-0.851133	 0.499382	 0.549812	-0.507765	 0.124671	-0.392255	 0.540073	 0.688124	-0.435449	 0.498343	 0.498559
 0.437113	-0.847729	 0.499382	 0.547613	-0.255772	 0.311422	-0.391861	 0.541319	 0.685737	-0.431991	 0.498343	 0.498559
 0.468234	-0.844339	 0.499382	 0.545422	-0.129775	 0.404797	-0.391665	 0.540856	 0.683177	-0.430263	 0.498343	 0.498559
-0.016205	-0.840962	 0.499382	 0.543241	-0.066776	 0.451484	-0.391566	 0.539544	 0.680535	-0.429398	 0.498343	 0.498559
