-0.250401	-0.123549	 0.498694	 0.080521	 1.036389	-0.092967	 0.498867	 1.403484	 0.835812	-0.474052	 0.478207	 0.498479
 0.125100	 0.251770	 0.498694	 0.457630	 1.032457	-0.202947	 0.498890	 1.413546	 0.832469	-0.474052	 0.478207	 0.498479
 0.311850	 0.438176	 0.498694	 0.644514	 1.028434	-0.257937	 0.498901	 1.415729	 0.829139	-0.474052	 0.478207	 0.498479
 0.405225	 0.030129	 0.498694	 0.736294	 0.524374	-0.285432	 0.498907	 0.913985	 0.825822	-0.474052	 0.478207	 0.498479
 0.451912	-0.173894	 0.498694	 0.780527	 0.272344	-0.299179	 0.498909	 0.663113	 0.822519	-0.474052	 0.478207	 0.498479
-0.024744	 0.224094	 0.498694	 0.800995	 0.146329	-0.306053	-0.001089	 0.537678	 0.819229	-0.474052	 0.478207	 0.498479
-0.262070	 0.421844	 0.498694	 0.809585	 0.083321	-0.309490	-0.250086	 0.474960	 0.815952	-0.474052	 0.478207	 0.498479
-0.380732	 0.519480	 0.498694	 0.812244	 0.051818	-0.311208	-0.374585	 0.443601	 0.812688	-0.474052	 0.478207	 0.498479
-0.440064	 0.567064	 0.498694	 0.811944	 0.536066	-0.312068	 0.063166	 0.427921	 0.809438	-0.474052	 0.478207	 0.498479
-0.469729	 0.589626	 0.498694	 0.810171	 0.776149	-0.312497	 0.281040	 0.420081	 0.806200	-0.474052	 0.478207	 0.498479
 0.015438	 0.599683	 0.498694	 0.807667	 0.894158	-0.312712	 0.389976	 0.916161	 0.802975	-0.474052	 0.478207	 0.498479
 0.257020	 0.603492	 0.498694	 0.804805	 0.951139	-0.312819	 0.444445	 1.161377	 0.799763	-0.474052	 0.478207	 0.498479
-0.122189	 0.604182	 0.498694	 0.801770	 0.977613	-0.312873	 0.471679	 0.781172	 0.796564	-0.474052	 0.478207	 0.498479
-0.310790	 0.603317	 0.498694	 0.798655	 0.988841	-0.312900	 0.485296	 0.591069	 0.793378	-0.474052	 0.478207	 0.498479
 0.094909	 0.101680	 0.498694	 0.795507	 0.992456	-0.312913	 0.492104	 0.496018	 0.790204	-0.474052	-0.021793	 0.498479
 0.296757	-0.149139	 0.498694	 0.792348	 0.992271	-0.312920	 0.495509	 0.448492	 0.787043	-0.474052	-0.270749	 0.498479
 0.397681	-0.274548	 0.498694	 0.789190	 0.990194	-0.312923	 0.497211	 0.424729	 0.783895	-0.474052	-0.394188	 0.498479
 0.448144	 0.162747	 0.498694	 0.286039	 0.987179	-0.312925	 0.498062	 0.912848	 0.780760	 0.025948	 0.045128	 0.498479
 0.473375	 0.380195	 0.498694	 0.034463	 0.983704	-0.312926	 0.498487	 1.154105	 0.777637	 0.274896	 0.264786	 0.498479
 0.485990	 0.487723	 0.498694	 0.408676	 0.980005	-0.312926	 0.498700	 1.271943	 0.774526	-0.101678	 0.374614	 0.498479
 0.492298	 0.540297	 0.498694	 0.594216	 0.976204	-0.312927	 0.498807	 1.328082	 0.771428	-0.289965	 0.429529	 0.498479
 0.495452	 0.065398	 0.498694	 0.685427	 0.972358	-0.312927	 0.498860	 1.353384	 0.268342	-0.384108	 0.456986	 0.498479
 0.497029	-0.172051	 0.498694	 0.729479	 0.968498	-0.312927	 0.498886	 1.363277	 0.016799	-0.431180	 0.470715	 0.498479
 0.497817	 0.209224	 0.498694	 0.749958	 0.964639	-0.312927	 0.498900	 0.865477	-0.108972	-0.454716	 0.477579	 0.498479
 0.498211	 0.398681	 0.498694	 0.758656	 0.960788	-0.312927	 0.498906	 0.616577	-0.171858	-0.466484	 0.481011	 0.498479
 0.498409	 0.492233	 0.498694	 0.761471	 0.956948	-0.312927	 0.498910	 0.492127	-0.203301	-0.472368	 0.482727	 0.498479
-0.001493	 0.537837	 0.498694	 0.761350	 0.453122	-0.312927	 0.498911	 0.929902	 0.280978	-0.475309	 0.483585	 0.498479
-0.250441	 0.559473	 0.498694	 0.759766	 0.201209	-0.312927	 0.498912	 1.146055	 0.521587	-0.476780	 0.484014	 0.498479
 0.125085	 0.569128	 0.498694	 0.757459	 0.575253	-0.312927	 0.498913	 1.251406	 0.640367	-0.477516	 0.484229	 0.498479
 0.311847	 0.572798	 0.498694	 0.754794	 0.760376	-0.312927	 0.498913	 1.301369	 0.698238	-0.477884	 0.484336	 0.498479
 0.405228	 0.573480	 0.498694	 0.751958	 0.351047	-0.312927	 0.498913	 1.323647	 0.725662	-0.478068	 0.484390	 0.498479
 0.451918	 0.572673	 0.498694	 0.749041	 0.146382	-0.312927	 0.498913	 1.332094	 0.737868	-0.478160	 0.484417	 0.498479
-0.024736	 0.571126	 0.498694	 0.746091	 0.544050	-0.312927	 0.498913	 1.333637	 0.242470	-0.478206	 0.484430	 0.498479
-0.262061	 0.569213	 0.498694	 0.743130	 0.741000	-0.312927	 0.498913	 1.331738	-0.005228	-0.478228	 0.484437	 0.498479
-0.380723	 0.567122	 0.498694	 0.740168	 0.837599	-0.312927	 0.498913	 1.328129	-0.129078	-0.478240	 0.484440	 0.498479
 0.059945	 0.564946	 0.498694	 0.737213	 0.884030	-0.312927	 0.498913	 1.323675	 0.308998	-0.478246	 0.484442	 0.498479
 0.279279	 0.562733	 0.498694	 0.734267	 0.905385	-0.312927	 0.498913	 1.318810	 0.526541	-0.478249	 0.484443	 0.498479
 0.388945	 0.060505	 0.498694	 0.731332	 0.414209	-0.312927	-0.001087	 0.813749	 0.633825	-0.478250	 0.484443	 0.498479
 0.443779	-0.190608	 0.498694	 0.728407	 0.168621	-0.312927	-0.250085	 0.561219	 0.685984	-0.478251	 0.484443	 0.498479
-0.028805	 0.183835	 0.498694	 0.725494	 0.545827	 0.187073	 0.125416	 0.934954	 0.210588	-0.478251	 0.484443	 0.498479
-0.264094	 0.369940	 0.498694	 0.722592	 0.732584	 0.435699	 0.312165	 1.119204	-0.027110	-0.478251	 0.484443	 0.498479
 0.118262	 0.461880	 0.498694	 0.719702	 0.824124	 0.058643	 0.405539	 1.208722	 0.354041	-0.478251	 0.484443	 0.498479
 0.308438	 0.506743	 0.498694	 0.716823	 0.868062	-0.129884	 0.452227	 1.250885	 0.543146	-0.478251	 0.484443	 0.498479
 0.403527	 0.528071	 0.498694	 0.713956	 0.888208	-0.224148	 0.475570	 1.269380	 0.636234	-0.478251	 0.484443	 0.498479
 0.451071	 0.537636	 0.498694	 0.711100	 0.896463	 0.228720	 1.487242	 0.776052	 0.181319	 0.521749	 0.484443	 0.498479
 0.474843	 0.541324	 0.498694	 0.708256	 0.898782	 0.453790	 1.988080	 0.529388	-0.046138	 1.018705	 0.484443	 0.498479
 0.486729	 0.542078	 0.498694	 0.705423	 0.898139	 0.564968	 2.733521	-0.593944	-0.659867	 1.764152	 0.484443	 0.498479
 0.492672	 0.541370	 0.498694	 0.702601	 0.896023	 0.619205	 3.099284	-1.152176	-0.964184	 2.131856	 0.484443	 0.498479
-0.004357	 0.539934	 0.498694	 0.699790	 0.893177	 0.644976	 3.275235	-1.927871	-1.613806	 2.810709	 0.484443	 0.498479
-0.251868	 0.538139	 0.498694	 0.696991	 0.889973	 0.656520	 3.356308	-2.310311	-1.934090	 3.143157	 0.484443	 0.498479
 0.124376	 0.536169	 0.498694	 0.694203	 0.886597	 0.160956	 3.389970	-3.496146	-3.089723	 3.802429	-0.015557	 0.498479
 0.311497	 0.534116	 0.498694	 0.691427	 0.883143	-0.086826	 3.399954	-4.079699	-3.659049	 4.123142	-0.264525	 0.498479
 0.405058	 0.532025	 0.498694	 0.688661	 0.879657	-0.210717	 3.398126	-4.362149	-3.935255	 4.274611	-0.387983	 0.498479
 0.451838	 0.529919	 0.498694	 0.685906	 0.876161	-0.772662	 3.390419	-4.494085	-4.564935	 4.841493	-0.448689	-0.001521
 0.475228	 0.527811	 0.498694	 0.683163	 0.872668	-1.050966	 3.379800	-4.550801	-4.869386	 5.114117	-0.478023	-0.250518
 0.486923	 0.525706	 0.498694	 0.180430	 0.369183	-1.187459	 3.867753	-4.569944	-5.011264	 5.239656	-0.491675	 0.124984
 0.492770	 0.523606	 0.498694	-0.070936	 0.117441	-1.253058	 4.103017	-4.570337	-5.071896	 5.291695	-0.497491	 0.311734
 0.495694	 0.521513	 0.498694	 0.303380	 0.491570	-1.283220	 3.711973	-4.561392	-5.091948	 5.307027	 0.000608	 0.405108
 0.497156	 0.519427	 0.498694	 0.489183	 0.676903	-1.295674	 3.509809	-4.547815	-5.091749	 5.304048	 0.249658	 0.451796
 0.497887	 0.517350	 0.498694	 0.580735	 0.767845	-1.299285	 3.902112	-4.531958	-5.081467	 5.291957	 0.374182	 0.475140
 0.498253	 0.515281	 0.498694	 0.625166	 0.811598	-1.298485	 4.089675	-4.514997	-5.066183	 5.275351	 0.436445	 0.486811
 0.498435	 0.513220	 0.498694	 0.646043	 0.831764	-1.295489	 4.174901	-4.497521	-5.048440	 5.256531	 0.467576	 0.492647
 0.498527	 0.511167	 0.498694	 0.655147	 0.840143	-1.791406	 3.708995	-4.479822	-5.029507	 4.736645	 0.483141	-0.004435
 0.498572	 0.509122	 0.498694	 0.658371	 0.842636	-2.034790	 3.469555	-4.462049	-5.010019	 4.468269	 0.490924	-0.251973
-0.001405	 0.507086	 0.498694	 0.658659	 0.842192	-2.151926	 1.843375	-4.444274	-3.990294	 2.325681	 0.494816	 0.124258
-0.250391	 0.505057	 0.498694	 0.657486	 0.840286	-2.205956	 1.030285	-4.426533	-3.474490	 1.254387	 0.496761	 0.311373
 0.125116	 0.503037	 0.498694	 0.655586	 0.837657	-2.228450	-0.376260	-2.908845	-2.210671	-0.781260	 0.497734	 0.404930
 0.311869	 0.501025	 0.498694	 0.653329	 0.834672	-2.235196	-1.075967	-2.147219	-1.576868	-1.793449	 0.498221	 0.451709
-0.094755	 0.000019	 0.498694	 0.650899	 0.831516	-2.234085	-1.422269	-0.763635	-0.258080	-2.293933	 0.498464	 0.475098
-0.297064	-0.249482	 0.498694	 0.648386	 0.828282	-2.229063	-1.591883	-0.073082	 0.399192	-2.538586	 0.498585	 0.486793
-0.398219	-0.374233	 0.498694	 0.645838	 0.825014	-2.222104	-1.673167	 0.270959	 0.725716	-2.655346	 0.498646	 0.492640
 0.051204	-0.436608	 0.498694	 0.143278	 0.821737	-1.714195	-1.710300	-0.058251	 0.386873	-3.708182	 0.498677	 0.495564
 0.274914	-0.467796	 0.498694	-0.108002	 0.818461	-1.457827	-1.725372	-0.222855	 0.217451	-4.225078	 0.498692	 0.497026
 0.386769	-0.483389	 0.498694	 0.266357	 0.815193	-1.327241	-1.229427	-0.805158	 0.132741	-2.974042	 0.498699	 0.497757
 0.442697	-0.491186	 0.498694	 0.452256	 0.811935	-1.259554	-0.979987	-1.093534	 0.090385	-2.345078	 0.498703	 0.498122
 0.470660	-0.495085	 0.498694	 0.543929	 0.308689	-1.223327	-0.853806	-0.734958	 0.069208	-1.527163	 0.498705	 0.498305
 0.484642	-0.497034	 0.498694	 0.588494	 0.057066	-1.202839	-0.789261	-0.555670	 0.058619	-1.116788	 0.498706	 0.498396
-0.008367	-0.498009	 0.498694	 0.609511	 0.431254	-1.190231	-0.755538	-0.966026	 0.053324	-0.910187	 0.498706	 0.498442
-0.253869	-0.498496	 0.498694	 0.618758	 0.616738	-1.181571	-0.737234	-1.168452	 0.050677	-0.805480	 0.498707	 0.498465
 0.123380	-0.498740	 0.498694	 0.622125	 0.207875	-1.174896	-0.726643	-0.766923	 0.049354	-0.751724	 0.498707	 0.498476
 0.311004	-0.498861	 0.498694	 0.622558	 0.003444	-1.169221	-0.719916	-0.566158	 0.048692	-0.723451	 0.498707	 0.498482
 0.404815	-0.498922	 0.498694	 0.621529	-0.098772	-1.164057	-0.715126	-0.465776	 0.048361	-0.707924	 0.498707	 0.498485
 0.451721	-0.498953	 0.498694	 0.119773	 0.350120	-1.159157	-0.711311	-0.915585	 0.048195	-0.698775	 0.498707	 0.498486
 0.475174	-0.498968	 0.498694	-0.131105	 0.572968	-1.154399	-0.707988	-1.137758	 0.048113	-0.692822	 0.498707	 0.498487
 0.486901	-0.498976	 0.498694	 0.243456	 0.682800	-1.149720	-0.704917	-0.746125	 0.048071	-1.188471	 0.498707	 0.498487
 0.492764	-0.498979	 0.498694	 0.429501	 0.736131	-1.145091	-0.701978	-0.550309	 0.048051	-1.432928	 0.498707	 0.498487
 0.495695	 0.001019	 0.498694	 0.521292	 0.761218	-1.140495	-0.699110	-0.452400	 0.048040	-1.051801	 0.498707	 0.498487
 0.497161	 0.250016	 0.498694	 0.565961	 0.772189	-1.135926	-0.696284	-0.403446	 0.048035	-0.859897	 0.498707	 0.498487
 0.497894	-0.125486	 0.498694	 0.587075	 0.776108	-1.131378	-0.693484	-0.378969	 0.048033	-0.762608	 0.498707	 0.498487
 0.498261	-0.312235	 0.498694	 0.596415	 0.776507	-1.126851	-0.690703	-0.366731	 0.048031	-0.712634	 0.498707	 0.498487
 0.498444	-0.405609	 0.498694	 0.599874	 0.775153	-1.122343	-0.687936	-0.360611	 0.048031	-0.686321	 0.498707	 0.498487
 0.498535	-0.452296	 0.498694	 0.600396	 0.772928	-1.117853	-0.685182	-0.357552	 0.048030	-0.671845	 0.498707	 0.498487
 0.498581	-0.475640	 0.498694	 0.599456	 0.770275	-1.113381	-0.682441	-0.356022	 0.048030	-0.663292	 0.498707	 0.498487
 0.498604	-0.487312	 0.498694	 0.597788	 0.767412	-1.108927	-0.679711	-0.355257	-0.451970	-0.657706	 0.498707	 0.498487
 0.498616	-0.493147	 0.498694	 0.595763	 0.764452	-1.104492	-0.676991	-0.354875	-0.700066	-0.653609	 0.498707	 0.498487
 0.498621	-0.496065	 0.498694	 0.593562	 0.261449	-1.100074	-0.674283	-0.354683	-0.322218	-0.650261	 0.498707	 0.498487
 0.498624	-0.497524	 0.498694	 0.591279	 0.009948	-1.095673	-0.671586	-0.354588	-0.133294	-0.647293	 0.498707	 0.498487
 0.498626	-0.498254	 0.498694	 0.588960	 0.384197	-1.091291	-0.668900	-0.354540	-0.038832	-0.644521	 0.498707	 0.498487
 0.498626	-0.498619	 0.498694	 0.586627	 0.569805	-1.086925	-0.666224	-0.354516	 0.008400	-0.641851	 0.498707	 0.498487
 0.498627	-0.498801	 0.498694	 0.584292	 0.661098	-1.082578	-0.663559	-0.354504	 0.032015	-0.639238	 0.498707	 0.498487
 0.498627	 0.001108	 0.498694	 0.581960	 0.705239	-1.078247	-0.660905	-0.354498	 0.043823	-0.636658	 0.498707	 0.498487
 0.498627	 0.250060	 0.498694	 0.579635	 0.725812	-1.073934	-0.658261	-0.354495	 0.049727	-0.634100	 0.498707	 0.498487
 0.498627	-0.125464	 0.498694	 0.577318	 0.734605	-1.069639	-0.655628	-0.354494	 0.052679	-0.631558	 0.498707	 0.498487
 0.498627	-0.312223	 0.498694	 0.575010	 0.737515	-1.065360	-0.653006	-0.354493	 0.054155	-0.629029	 0.498707	 0.498487
 0.498627	 0.094397	 0.498694	 0.572710	 0.737489	-1.061099	-0.650394	-0.354493	 0.054893	-0.626511	 0.498707	 0.498487
 0.498627	 0.296705	 0.498694	 0.570419	 0.736001	-1.056854	-0.647792	-0.354492	 0.055262	-0.624004	 0.498707	 0.498487
 0.498627	-0.102141	 0.498694	 0.568138	 0.733788	-1.052627	-0.645201	-0.354492	 0.055446	-0.621508	 0.498707	 0.498487
 0.498627	-0.300563	 0.498694	 0.565865	 0.731218	-1.048416	-0.642620	-0.354492	 0.055538	-0.619022	 0.498707	 0.498487
 0.498627	-0.399773	 0.498694	 0.563602	 0.728476	-1.044223	-0.640050	-0.354492	 0.055584	-0.616546	 0.498707	 0.498487
 0.498627	 0.050622	 0.498694	 0.561347	 0.725654	-1.040046	-0.637490	-0.354492	 0.055607	-0.614079	 0.498707	 0.498487
 0.498627	 0.274817	 0.498694	 0.559102	 0.722797	-1.035886	-0.634940	-0.354492	 0.055619	-0.611623	 0.498707	 0.498487
 0.498627	-0.113085	 0.498694	 0.056866	 0.719928	-1.031742	-0.632400	-0.354492	 0.055625	-0.609177	 0.498707	 0.498487
 0.498627	-0.306034	 0.498694	-0.194253	 0.717060	-1.027615	-0.629870	-0.354492	 0.055628	-0.606740	 0.498707	 0.498487
-0.001373	-0.402509	 0.498694	 0.180188	 0.714198	-1.023505	-0.627351	-0.354492	 0.055629	-0.604313	 0.498707	 0.498487
-0.250370	-0.450746	 0.498694	 0.366299	 0.711344	-1.019411	-0.624841	-0.354492	 0.055630	-0.601896	 0.498707	 0.498487
 0.125131	-0.474865	 0.498694	 0.458250	 0.708500	-1.015333	-0.622342	-0.354492	 0.055630	-0.599488	 0.498707	 0.498487
 0.311881	-0.486924	 0.498694	 0.503125	 0.705666	-1.011272	-0.619853	-0.354492	 0.055630	-0.597090	 0.498707	 0.498487
 0.405255	-0.492954	 0.498694	 0.524467	 0.702844	-1.007227	-0.617373	-0.354492	 0.055630	-0.594702	 0.498707	 0.498487
 0.451943	-0.495969	 0.498694	 0.034046	 0.700033	-1.003198	-0.114904	-0.354492	 0.055631	-0.592323	 0.498707	 0.498487
 0.475286	-0.497476	 0.498694	-0.211165	 0.697233	-0.999185	 0.136331	-0.354492	 0.055631	-0.589954	 0.498707	 0.498487
 0.486958	-0.498230	 0.498694	 0.166230	 0.694444	-0.995188	 0.261948	-0.354492	 0.055631	-0.587594	 0.498707	 0.498487
 0.492794	-0.498607	 0.498694	 0.353840	 0.691666	-0.991207	 0.324757	-0.354492	 0.055631	-0.585243	 0.498707	 0.498487
-0.004288	-0.498795	 0.498694	 0.446562	 0.688900	-0.987243	-0.143839	-0.354492	 0.055631	-0.582902	 0.498707	 0.498487
-0.251826	-0.498889	 0.498694	 0.491845	 0.686144	-0.983294	-0.376912	-0.354492	 0.055631	-0.580571	 0.498707	 0.498487
-0.375595	-0.498937	 0.498694	 0.513412	 0.683399	-0.979360	-0.492228	 0.145508	 0.055631	-0.078249	 0.498707	 0.498487
-0.437480	-0.498960	 0.498694	 0.523126	 0.680666	-0.975443	-0.548671	 0.394217	 0.055631	 0.172913	 0.498707	 0.498487
-0.468422	-0.498972	 0.498694	 0.526917	 0.677943	-0.971541	-0.575683	 0.517285	 0.055631	 0.298493	 0.498707	 0.498487
 0.016107	-0.498978	 0.498694	 0.527751	 0.675231	-0.967655	-0.587983	 0.077539	 0.055631	-0.138717	 0.498707	 0.498487
 0.257370	-0.498981	 0.498694	 0.527111	 0.672530	-0.963784	-0.592932	-0.142334	 0.055631	-0.356170	 0.498707	 0.498487
 0.378001	-0.498982	 0.498694	 0.525738	 0.669840	-0.959929	-0.094211	-0.252271	 0.055631	-0.463749	 0.498707	 0.498487
 0.438317	-0.498983	 0.498694	 0.524002	 0.667161	-0.956090	 0.155149	-0.307239	 0.055631	-0.516396	 0.498707	 0.498487
 0.468475	-0.498983	 0.498694	 0.522090	 0.164492	-0.952265	-0.220171	-0.334723	 0.055631	-0.541581	 0.498707	 0.498487
 0.483554	-0.498983	 0.498694	 0.520094	-0.086842	-0.948456	-0.406640	-0.348465	 0.055631	-0.553040	 0.498707	 0.498487
 0.491093	 0.001016	 0.498694	 0.518059	 0.287491	-0.944662	-0.498688	 0.144664	 0.055631	-0.557641	 0.498707	 0.498487
 0.494863	 0.250014	 0.498694	 0.516010	 0.473334	-0.940884	-0.543531	 0.389953	 0.055631	-0.558817	 0.498707	 0.498487
 0.496748	 0.374513	 0.498694	 0.513958	 0.564937	-0.937120	-0.564775	 0.511327	 0.055631	-0.558285	 0.498707	 0.498487
-0.002309	 0.436763	 0.498694	 0.511908	 0.609425	-0.933372	-0.074225	 0.570748	 0.055631	-0.556903	 0.498707	 0.498487
-0.250836	 0.467888	 0.498694	 0.509863	 0.630361	-0.929638	 0.171050	 0.599199	 0.055631	-0.555101	 0.498707	 0.498487
 0.124901	 0.483450	 0.498694	 0.007825	 0.639527	-0.925920	 0.293687	 0.612168	 0.055631	-0.053094	 0.498707	 0.498487
 0.311769	 0.491231	 0.498694	-0.243194	 0.642812	-0.922216	 0.355006	 0.617403	 0.055631	 0.197910	 0.498707	 0.498487
 0.405202	-0.004878	 0.498694	 0.131296	 0.643163	-0.918527	-0.114335	 0.118775	 0.055631	 0.323412	 0.498707	 0.498487
 0.451919	-0.251931	 0.498694	 0.317530	 0.642051	-0.914853	-0.347838	-0.130539	 0.055631	 0.386163	 0.498707	 0.498487
 0.475277	-0.375457	 0.498694	 0.409639	 0.640213	-0.911194	-0.463427	 0.244804	 0.055631	-0.082462	 0.498707	 0.498487
 0.486957	-0.437221	 0.498694	 0.454690	 0.638018	-0.907549	-0.520063	 0.431235	 0.055631	-0.315672	 0.498707	 0.498487
 0.492796	-0.468102	 0.498694	 0.477216	 0.635648	-0.903919	-0.547228	 0.523216	 0.055631	-0.431179	 0.498707	 0.498487
 0.495716	 0.016457	 0.498694	 0.488479	 0.633197	-0.900303	-0.559662	 0.067976	 0.055631	-0.487839	 0.498707	 0.498487
 0.497176	 0.257735	 0.498694	 0.494110	 0.630710	-0.896702	-0.564734	-0.159645	 0.055631	-0.515081	 0.498707	 0.498487
 0.497906	-0.121627	 0.498694	 0.496926	 0.628210	-0.893115	-0.566131	-0.273455	 0.055631	-0.527616	 0.498707	 0.498487
 0.498271	-0.310305	 0.498694	 0.498334	 0.625708	-0.889542	-0.565694	-0.330360	 0.055631	-0.532804	 0.498707	 0.498487
-0.001547	-0.404645	 0.498694	 0.499038	 0.623211	-0.885984	-0.064345	-0.358812	 0.055631	-0.034322	 0.498707	 0.498487
-0.250453	-0.451814	 0.498694	 0.499390	 0.620721	-0.882440	 0.186329	-0.373038	 0.055631	 0.214919	 0.498707	 0.498487
-0.374906	-0.475399	 0.498694	 0.499566	 0.618240	-0.878911	 0.311666	 0.119848	 0.055631	-0.160460	 0.498707	 0.498487
-0.437132	-0.487191	 0.498694	 0.499654	 0.615768	-0.875395	 0.374335	 0.365066	 0.055631	-0.347078	 0.498707	 0.498487
-0.468245	-0.493088	 0.498694	 0.499698	 0.613305	-0.871893	 0.405669	 0.486455	 0.055631	-0.439320	 0.498707	 0.498487
 0.016198	 0.003964	 0.498694	 0.499720	 0.610852	-0.868406	 0.421336	 0.545933	 0.055631	 0.015622	 0.498707	 0.498487
 0.257418	 0.251488	 0.498694	 0.499731	 0.608409	-0.864932	 0.429170	 0.574462	 0.055631	 0.243093	 0.498707	 0.498487
 0.378029	-0.124750	 0.498694	 0.499736	 0.605975	-0.861472	 0.433087	 0.587520	 0.055631	-0.143171	 0.498707	 0.498487
 0.438334	-0.311867	 0.498694	 0.499739	 0.603551	-0.858027	 0.435045	 0.592848	 0.055631	-0.335244	 0.498707	 0.498487
-0.031514	 0.094575	 0.498694	 0.499740	 0.601137	-0.854594	-0.063976	 0.594316	 0.055631	-0.430226	 0.498707	 0.498487
-0.265435	 0.296793	 0.498694	 0.499741	 0.598732	-0.851176	-0.312360	 0.593858	 0.055631	-0.476667	 0.498707	 0.498487
 0.117605	 0.397903	 0.498694	 0.499741	 0.596337	-0.847771	-0.435431	 0.592442	 0.055631	-0.498841	 0.498707	 0.498487
 0.308123	 0.448457	 0.498694	 0.499741	 0.593952	-0.844380	-0.495849	 0.590552	 0.055631	-0.508886	 0.498707	 0.498487
 0.403382	 0.473735	 0.498694	 0.499741	 0.591576	-0.841003	-0.524946	 0.588430	 0.055631	-0.512871	 0.498707	 0.498487
 0.451012	-0.013627	 0.498694	 0.499742	 0.589210	-0.837639	-0.038386	 0.586196	 0.055631	-0.013829	 0.498707	 0.498487
 0.474827	-0.256305	 0.498694	 0.499742	 0.586853	-0.834288	 0.204894	 0.583911	 0.055631	 0.235691	 0.498707	 0.498487
 0.486734	-0.377645	 0.498694	 0.499742	 0.584506	-0.830951	 0.326534	 0.581606	 0.055631	-0.139548	 0.498707	 0.498487
 0.492688	-0.438314	 0.498694	 0.499742	 0.582168	-0.827627	 0.387354	 0.579294	 0.055631	-0.326139	 0.498707	 0.498487
-0.004335	 0.031351	 0.498694	 0.499742	 0.579839	-0.824317	 0.417764	 0.576985	 0.055631	-0.418408	 0.498707	 0.498487
-0.251844	 0.265181	 0.498694	 0.499742	 0.577520	-0.821019	 0.432969	 0.574680	 0.055631	-0.463522	 0.498707	 0.498487
 0.124401	 0.382097	 0.498694	 0.499742	 0.575210	-0.817735	 0.440571	 0.572384	 0.055631	 0.014939	 0.498707	 0.498487
 0.311523	 0.440554	 0.498694	 0.499742	 0.572909	-0.814464	 0.444373	 0.570095	 0.055631	 0.254169	 0.498707	 0.498487
 0.405084	 0.469783	 0.498694	 0.499742	 0.570617	-0.811207	 0.446273	 0.567815	 0.055631	 0.373784	 0.498707	 0.498487
 0.451864	 0.484397	 0.498694	 0.499742	 0.568335	-0.807962	 0.447224	 0.065544	-0.444369	 0.433592	 0.498707	 0.498487
 0.475254	 0.491705	 0.498694	 0.499742	 0.566061	-0.804730	 0.447699	-0.185591	-0.692481	 0.463496	 0.498707	 0.498487
 0.486949	-0.004642	 0.498694	 0.499742	 0.563797	-0.801511	-0.052064	 0.188841	-0.314655	 0.478448	 0.498707	 0.498487
 0.492797	-0.251813	 0.498694	 0.499742	 0.561542	-0.798305	-0.300841	 0.374930	-0.125742	 0.485923	 0.498707	 0.498487
 0.495721	 0.124601	 0.498694	 0.499742	 0.559296	-0.795112	 0.075869	-0.033147	-0.031286	 0.489661	 0.498707	 0.498487
 0.497183	 0.311807	 0.498694	 0.499742	 0.557059	-0.791931	 0.264224	-0.237185	 0.015942	 0.491530	 0.498707	 0.498487
 0.497914	-0.094591	 0.498694	 0.499742	 0.554830	-0.788764	 0.358402	 0.160795	 0.039556	 0.492465	 0.498707	 0.498487
 0.498279	-0.296788	 0.498694	 0.499742	 0.552611	-0.785608	 0.405491	 0.358668	 0.051363	 0.492932	 0.498707	 0.498487
 0.498462	-0.397886	 0.498694	 0.499742	 0.550401	-0.782466	 0.429035	 0.456491	 0.057267	 0.493166	 0.498707	 0.498487
-0.001447	-0.448435	 0.498694	 0.499742	 0.548199	-0.779336	 0.440807	 0.504294	 0.060219	-0.006717	 0.498707	 0.498487
-0.250399	-0.473710	 0.498694	 0.499742	 0.546006	-0.776219	 0.446694	 0.527092	 0.061695	-0.255646	 0.498707	 0.498487
 0.125126	 0.013653	 0.498694	 0.499742	 0.543822	-0.773114	 0.449637	 0.537391	 0.062432	-0.379101	 0.498707	 0.498487
 0.311886	 0.256332	 0.498694	 0.499742	 0.541647	-0.770022	 0.451108	 0.541445	 0.062801	-0.439823	 0.498707	 0.498487
 0.405267	 0.377672	 0.498694	 0.499742	 0.539480	-0.766941	 0.451844	 0.542381	 0.062986	 0.030817	 0.498707	 0.498487
 0.451957	 0.438342	 0.498694	 0.499742	 0.537322	-0.763874	 0.452212	 0.541762	 0.063078	 0.265134	 0.498707	 0.498487
-0.024698	 0.468677	 0.498694	 0.499742	 0.535173	-0.760818	 0.452396	 0.540370	 0.063124	 0.382292	 0.498707	 0.498487
-0.262023	 0.483844	 0.498694	 0.499742	 0.533032	-0.757775	 0.452488	 0.538597	 0.063147	 0.440871	 0.498707	 0.498487
 0.119315	-0.008572	 0.498694	 0.499742	 0.530900	-0.754744	 0.452534	 0.536636	 0.063159	 0.470161	 0.498707	 0.498487
 0.308983	-0.253778	 0.498694	 0.499742	 0.528777	-0.751725	 0.452557	 0.534587	 0.063165	 0.484806	 0.498707	 0.498487
 0.403816	-0.376381	 0.498694	 0.499742	 0.526662	-0.748718	 0.452568	 0.532497	 0.063168	 0.492128	 0.498707	 0.498487
 0.451233	 0.062317	 0.498694	 0.499742	 0.524555	-0.745723	 0.452574	 0.530391	 0.063169	-0.004211	 0.498707	 0.498487
 0.474942	 0.280664	 0.498694	 0.499742	 0.522457	-0.742740	 0.452577	 0.528281	 0.063170	-0.251379	 0.498707	 0.498487
 0.486796	 0.389838	 0.498694	 0.499742	 0.520367	-0.739769	 0.452578	 0.526174	 0.063170	 0.125037	 0.498707	 0.498487
 0.492723	 0.444425	 0.498694	 0.499742	 0.518285	-0.736810	 0.452579	 0.524073	 0.063170	 0.312242	 0.498707	 0.498487
 0.495687	-0.028282	 0.498694	 0.499742	 0.516212	-0.733863	 0.452579	 0.521978	 0.063170	 0.405845	 0.498707	 0.498487
 0.497168	-0.263633	 0.498694	 0.499742	 0.514147	-0.730927	 0.452579	 0.519891	 0.063170	 0.452646	 0.498707	 0.498487
-0.002091	 0.118691	 0.498694	 0.499742	 0.512091	-0.728004	 0.452580	 0.517812	 0.063170	-0.023954	 0.498707	 0.498487
-0.250718	 0.308851	 0.498694	 0.499742	 0.510042	-0.725092	 0.452580	 0.515741	 0.063170	-0.261252	 0.498707	 0.498487
-0.375031	 0.403931	 0.498694	 0.499742	 0.508002	-0.722191	 0.452580	 0.513678	 0.063170	-0.379901	 0.498707	 0.498487
 0.062812	 0.451471	 0.498694	 0.499742	 0.505970	-0.719303	-0.047420	 0.511623	 0.063170	 0.060774	 0.498707	 0.498487
 0.280733	 0.475241	 0.498694	 0.499742	 0.503946	-0.716425	-0.296326	 0.509577	 0.063170	 0.280109	 0.498707	 0.498487
 0.389693	 0.487126	 0.498694	 0.499742	 0.501931	-0.713560	-0.419688	 0.507538	 0.063170	 0.389776	 0.498707	 0.498487
 0.444173	 0.493069	 0.498694	 0.499742	 0.500923	-0.710705	-0.480283	 0.505508	 0.063170	 0.444610	 0.498707	 0.498487
-0.028587	-0.003960	 0.498694	 0.499742	 0.500419	-0.707863	-0.009498	 0.503486	 0.063170	-0.027973	 0.498707	 0.498487
-0.263964	-0.251472	 0.498694	 0.499742	 0.500167	-0.705031	 0.225894	 0.501472	 0.063170	-0.263264	 0.498707	 0.498487
-0.381653	-0.375228	 0.498694	 0.499742	 0.500041	-0.702211	 0.343590	 0.500465	-0.436830	 0.119091	 0.498707	 0.498487
-0.440497	-0.437107	 0.498694	 0.499742	 0.499978	-0.699402	 0.402438	 0.499962	-0.684956	 0.309265	 0.498707	 0.498487
-0.469920	-0.468046	 0.498694	 0.499742	 0.499946	-0.696605	 0.431862	 0.499710	-0.807153	 0.404353	 0.498707	 0.498487
 0.015369	 0.016485	 0.498694	 0.499742	 0.499931	-0.693818	-0.053426	 0.499584	-0.366393	-0.048104	 0.498707	 0.498487
 0.257012	 0.257748	 0.498694	 0.499742	 0.499923	-0.691043	-0.294993	 0.499521	-0.146013	-0.273331	 0.498707	 0.498487
 0.377834	 0.378380	 0.498694	 0.499742	 0.499919	-0.688279	 0.085297	 0.499490	-0.035823	-0.385944	 0.498707	 0.498487
 0.438245	 0.438695	 0.498694	 0.499742	 0.499917	-0.685526	 0.275442	 0.499474	 0.019272	-0.442251	 0.498707	 0.498487
-0.031550	-0.031147	 0.498694	 0.499742	 0.499916	-0.682783	 0.370515	 0.499466	 0.046820	-0.470404	 0.498707	 0.498487
-0.265444	-0.265066	 0.498694	 0.499742	 0.499915	-0.680052	 0.418051	 0.499462	 0.060594	-0.484481	 0.498707	 0.498487
 0.117608	 0.117975	 0.498694	 0.499742	 0.499915	-0.677332	 0.441819	 0.499460	 0.567481	 0.008481	 0.498707	 0.498487
 0.308133	 0.308493	 0.498694	 0.499742	 0.499915	-0.674623	 0.453703	 0.499459	 0.818775	 0.253958	 0.498707	 0.498487
 0.403396	 0.403752	 0.498694	 0.499742	 0.499915	-0.671924	 0.459645	 0.499459	 0.942282	 0.376697	 0.498707	 0.498487
-0.048973	-0.048618	 0.498694	 0.499742	 0.499915	-0.669237	 0.462616	 0.499458	 0.501905	 0.438067	 0.498707	 0.498487
-0.274155	-0.273802	 0.498694	 0.499742	 0.499915	-0.666560	 0.464102	 0.499458	 0.281716	 0.468752	 0.498707	 0.498487
 0.113255	-0.386393	 0.498694	 0.499742	 0.499915	-0.663893	 0.464844	 0.499458	 0.171621	 0.484094	 0.498707	 0.498487
 0.305958	-0.442689	 0.498694	 0.499742	 0.499915	-0.661238	 0.465216	 0.499458	 0.116574	 0.491765	 0.498707	 0.498487
-0.097691	-0.470837	 0.498694	 0.499742	-0.000085	-0.658593	 0.465401	 0.499458	 0.089050	 0.495601	 0.498707	 0.498487
-0.298512	-0.484911	 0.498694	 0.499742	-0.249085	-0.655959	 0.465494	 0.499458	 0.075288	 0.497519	 0.498707	 0.498487
 0.101077	 0.008052	 0.498694	 0.499742	 0.126415	-0.653335	 0.465541	 0.499458	 0.068407	 0.498477	 0.498707	 0.498487
 0.299870	 0.253532	 0.498694	 0.499742	 0.313161	-0.650721	 0.465564	 0.499458	 0.064967	 0.498957	 0.498707	 0.498487
 0.399267	 0.376271	 0.498694	 0.499742	 0.406534	-0.648118	 0.465575	 0.499458	 0.063247	 0.499197	 0.498707	 0.498487
 0.448965	-0.062359	 0.498694	 0.499742	 0.453221	-0.645526	 0.465581	 0.499458	 0.062387	 0.499317	 0.498707	 0.498487
 0.473815	-0.280672	 0.498694	 0.499742	 0.476564	-0.642944	 0.465584	 0.499458	 0.061957	 0.499376	 0.498707	 0.498487
-0.013761	-0.389828	 0.498694	 0.499742	 0.488236	-0.640372	 0.465586	 0.499458	-0.438258	 0.499406	 0.498707	 0.498487
-0.256546	-0.444407	 0.498694	 0.499742	 0.494072	-0.637811	 0.465586	 0.499458	-0.686489	 0.499421	 0.498707	 0.498487
 0.122062	 0.028304	 0.498694	 0.499742	 0.496990	-0.635259	 0.465587	-0.000542	-0.808735	 0.499429	 0.498707	 0.498487
 0.310364	 0.263658	 0.498694	 0.499742	 0.498449	-0.632718	 0.465587	-0.249541	-0.867996	 0.499433	 0.498707	 0.498487
-0.095485	-0.118666	 0.498694	 0.499742	 0.499178	-0.630187	-0.034413	 0.125960	-0.395772	 0.499435	 0.498707	 0.498487
-0.297407	-0.308825	 0.498694	 0.499742	 0.499543	-0.627667	-0.283344	 0.312707	-0.159660	 0.499435	 0.498707	 0.498487
-0.398367	-0.403905	 0.498694	 0.499742	 0.499725	-0.625156	-0.406745	 0.406081	-0.041604	 0.499436	 0.498707	 0.498487
 0.051152	 0.048555	 0.498694	 0.499742	 0.499816	-0.622655	 0.032615	 0.452768	 0.017424	 0.499436	 0.498707	 0.498487
 0.274911	 0.273783	 0.498694	 0.499742	 0.499862	-0.620165	 0.252294	 0.476111	 0.046938	 0.499436	 0.498707	 0.498487
 0.386790	 0.386397	 0.498694	 0.499742	 0.499885	-0.617684	 0.362134	 0.487783	 0.061695	-0.000564	 0.498707	 0.498487
 0.442729	 0.442704	 0.498694	 0.499742	 0.499896	-0.615213	 0.417054	 0.493619	 0.069074	-0.249563	 0.498707	 0.498487
-0.029301	-0.029143	 0.498694	 0.499742	 0.499902	-0.612753	 0.444514	 0.496537	 0.072763	 0.125938	 0.498707	 0.498487
-0.264313	-0.264064	 0.498694	 0.499742	 0.499905	-0.610302	 0.458244	 0.497996	 0.074608	 0.312685	 0.498707	 0.498487
-0.381819	-0.381525	 0.498694	 0.499742	 0.499906	-0.607860	 0.465109	 0.498725	 0.075530	 0.406059	 0.498707	 0.498487
-0.440573	-0.440255	 0.498694	 0.499742	 0.499907	-0.605429	 0.468542	 0.499090	 0.075991	 0.452746	 0.498707	 0.498487
-0.469949	-0.469620	 0.498694	 0.499742	 0.499907	-0.603007	 0.470258	 0.499272	 0.076222	 0.476089	 0.498707	 0.498487
 0.015363	 0.015697	 0.498694	 0.499742	 0.499907	-0.600595	 0.471116	 0.499363	 0.076337	-0.012239	 0.498707	 0.498487
 0.257017	 0.257354	 0.498694	 0.499742	 0.499907	-0.598193	 0.471545	 0.499409	 0.076395	-0.255402	 0.498707	 0.498487
-0.122156	-0.121818	 0.498694	 0.499742	 0.499907	-0.595800	 0.471760	 0.499432	-0.423577	-0.376983	 0.498707	 0.498487
-0.310739	-0.310401	 0.498694	 0.499742	 0.499907	-0.593417	 0.471867	 0.499443	-0.671715	-0.437774	 0.498707	 0.498487
-0.405031	 0.095307	 0.498694	 0.499742	 0.499907	-0.591043	 0.471921	 0.499449	-0.293945	 0.031831	 0.498707	 0.498487
-0.452177	 0.297159	 0.498694	 0.499742	 0.499907	-0.588679	 0.471948	 0.499452	-0.105059	 0.265630	 0.498707	 0.498487
-0.475750	-0.101915	 0.498694	 0.499742	 0.499907	-0.586324	 0.471961	 0.499453	-0.010617	-0.117470	 0.498707	 0.498487
-0.487537	-0.300450	 0.498694	 0.499742	 0.499907	-0.583979	 0.471968	 0.499454	 0.036605	-0.308019	 0.498707	 0.498487
-0.493430	-0.399718	 0.498694	 0.499742	 0.499907	-0.581643	 0.471971	 0.499454	 0.060215	-0.403294	 0.498707	 0.498487
 0.003624	 0.050648	 0.498694	 0.499742	 0.499907	-0.579316	 0.471973	 0.499454	 0.572021	-0.450931	 0.498707	 0.498487
 0.251149	 0.274829	 0.498694	 0.499742	 0.499907	-0.576999	 0.471974	 0.499454	 0.825756	-0.474750	 0.498707	 0.498487
 0.374912	 0.386920	 0.498694	 0.499742	 0.499907	-0.574691	 0.471974	 0.499454	 0.450464	 0.013341	 0.498707	 0.498487
 0.436793	 0.442965	 0.498694	 0.499742	 0.499907	-0.572392	 0.471974	 0.499454	 0.262818	 0.256383	 0.498707	 0.498487
 0.467734	-0.029012	 0.498694	 0.499742	 0.499907	-1.070103	 0.471974	 0.499454	 0.168995	 0.377905	 0.498707	 0.498487
 0.483204	-0.263999	 0.498694	 0.499742	 0.499907	-1.315822	 0.471974	 0.499455	 0.122084	 0.438665	 0.498707	 0.498487
 0.490939	 0.118508	 0.498694	 0.499742	 0.499907	-0.935559	 0.471974	 0.499455	 0.098628	 0.469046	 0.498707	 0.498487
 0.494807	 0.308759	 0.498694	 0.499742	 0.499907	-0.744317	 0.471974	 0.499455	 0.086900	 0.484236	 0.498707	 0.498487
 0.496741	 0.403885	 0.498694	 0.499742	 0.499907	-0.647590	 0.471974	 0.499455	 0.081037	 0.491831	 0.498707	 0.498487
 0.497707	 0.451448	 0.498694	 0.499742	 0.499907	-0.598124	 0.471974	-0.000545	-0.421895	-0.004372	 0.498707	 0.498487
 0.498191	 0.475229	 0.498694	 0.499742	 0.499907	-0.572294	 0.471974	-0.249544	-0.671512	-0.251472	 0.498707	 0.498487
 0.498433	 0.487120	 0.498694	 0.499742	 0.499907	-0.558286	 0.471974	 0.125956	-0.294478	 0.124978	 0.498707	 0.498487
 0.498553	 0.493065	 0.498694	 0.499742	 0.499907	-0.550194	 0.471974	 0.312704	-0.105961	 0.312200	 0.498707	 0.498487
 0.498614	-0.003962	 0.498694	 0.499742	 0.499907	-0.545063	 0.471974	 0.406077	-0.011702	 0.405811	 0.498707	 0.498487
 0.498644	-0.251474	 0.498694	 0.499742	 0.499907	-0.541418	 0.471974	 0.452764	 0.035427	 0.452617	 0.498707	 0.498487
 0.498659	 0.124770	 0.498694	 0.499742	 0.499907	-0.538520	 0.471974	 0.476107	 0.058992	-0.023980	 0.498707	 0.498487
 0.498667	 0.311890	 0.498694	 0.499742	 0.499907	-0.536000	 0.471974	 0.487779	 0.070774	-0.261278	 0.498707	 0.498487
 0.498671	 0.405450	 0.498694	 0.499742	 0.499907	-0.533673	 0.471974	 0.493615	 0.076665	-0.379926	 0.498707	 0.498487
-0.001328	-0.047770	 0.498694	 0.499742	 0.499907	-0.531447	 0.471974	 0.496533	 0.079611	 0.060749	 0.498707	 0.498487
-0.250324	-0.273378	 0.498694	 0.499742	 0.499907	-0.529275	 0.471974	 0.497992	 0.081084	 0.280084	 0.498707	 0.498487
-0.374822	 0.113818	 0.498694	 0.499742	 0.499907	-0.527135	 0.471974	 0.498721	 0.081820	 0.389752	 0.498707	 0.498487
-0.437071	 0.306414	 0.498694	 0.499742	 0.499907	-0.525015	 0.471974	 0.499086	 0.082188	 0.444585	 0.498707	 0.498487
 0.031804	-0.097288	 0.498694	 0.499742	 0.499907	-0.522909	-0.028026	 0.499268	 0.082372	 0.472002	 0.498707	 0.498487
 0.265241	-0.298137	 0.498694	 0.499742	 0.499907	-0.520815	-0.276970	 0.499360	 0.082464	 0.485711	 0.498707	 0.498487
-0.118041	 0.101439	 0.498694	 0.499742	 0.499907	-0.518730	 0.099610	 0.499405	 0.082510	 0.492565	 0.498707	 0.498487
-0.308680	 0.300224	 0.498694	 0.499742	 0.499907	-0.516654	 0.287900	 0.499428	 0.082533	 0.495992	 0.498707	 0.498487
-0.403999	 0.399617	 0.498694	 0.499742	 0.499907	-0.514587	 0.382045	 0.499439	 0.082545	 0.497706	 0.498707	 0.498487
 0.048342	 0.449314	 0.498694	 0.499742	 0.499907	-0.512529	 0.429118	 0.499445	 0.082551	-0.001438	 0.998707	 0.498487
 0.273511	 0.474162	 0.498694	 0.499742	 0.499907	-0.510479	 0.452654	 0.499448	 0.082554	-0.250008	 1.245710	 0.498487
 0.386095	 0.486586	 0.498694	 0.499742	 0.499907	-0.508437	 0.464422	-0.000551	 0.082555	-0.374293	 0.866225	 0.498487
 0.442387	 0.492798	 0.498694	 0.499742	 0.499907	-0.506403	 0.470306	-0.249549	 0.082556	-0.436436	 0.676483	 0.498487
 0.470533	-0.004096	 0.498694	 0.499742	 0.499907	-0.504377	 0.473248	 0.125952	-0.417444	 0.032493	 0.581612	 0.498487
 0.484606	-0.251541	 0.498694	 0.499742	 0.499907	-0.502360	 0.474719	 0.312700	-0.665609	 0.265954	 0.534177	 0.498487
-0.008357	 0.124737	 0.498694	 0.499742	 0.499907	-0.500350	 0.475455	 0.406073	-0.287864	 0.382685	 0.510459	 0.498487
-0.253836	 0.311873	 0.498694	 0.499742	 0.499907	-0.499346	 0.475822	 0.452760	-0.098991	 0.441050	 0.498600	 0.498487
-0.376576	 0.405442	 0.498694	 0.499742	 0.499907	-0.498843	 0.476006	 0.476104	-0.004555	 0.470233	 0.492671	 0.498487
-0.437945	 0.452226	 0.498694	 0.499742	 0.499907	-0.498592	 0.476098	 0.487776	 0.042663	 0.484824	 0.489706	 0.498487
-0.468630	 0.475618	 0.498694	 0.499742	 0.499907	-0.498467	 0.476144	 0.493611	 0.066272	 0.492120	 0.488224	 0.498487
 0.016027	-0.012686	 0.498694	 0.499742	 0.499907	-0.498404	 0.476167	 0.496529	 0.078077	 0.495768	 0.487482	 0.498487
 0.257355	-0.255836	 0.498694	 0.499742	 0.499907	-0.498372	 0.476179	 0.497988	 0.083979	 0.497592	 0.487112	 0.498487
-0.121982	 0.122589	 0.498694	 0.499742	-0.000093	-0.498357	 0.476184	 0.498718	 0.086930	 0.498504	 0.486927	 0.498487
-0.310647	 0.310799	 0.498694	 0.499742	-0.249092	-0.498349	 0.476187	 0.499083	 0.088406	 0.498960	 0.486834	 0.498487
-0.404980	 0.404905	 0.498694	 0.499742	 0.126408	-0.498345	 0.476189	 0.499265	 0.589144	 0.499188	 0.486788	 0.498487
-0.452146	 0.451957	 0.498694	 0.499742	 0.313154	-0.498343	 0.476189	 0.499356	 0.837333	 0.499302	 0.486764	 0.498487
-0.475730	 0.475484	 0.498694	 0.499742	 0.406527	-0.498342	 0.476190	 0.499402	 0.459256	-0.000641	 0.486753	 0.498487
-0.487521	 0.487247	 0.498694	 0.499742	 0.453214	-0.498341	 0.476190	 0.499424	 0.270218	-0.249612	 0.486747	 0.498487
-0.493417	 0.493128	 0.498694	 0.499742	 0.476557	-0.498341	 0.476190	 0.499436	 0.175699	-0.374097	 0.486744	 0.498487
-0.496365	 0.496069	 0.498694	 0.499742	 0.488229	-0.998341	 0.476190	 0.499442	 0.128439	-0.436339	 0.486743	 0.498487
-0.497839	 0.497540	 0.498694	 0.499742	 0.494064	-1.245344	 0.476190	 0.499444	 0.104809	-0.467461	 0.486742	 0.498487
 0.001424	-0.001725	 0.498694	 0.499742	 0.496982	-0.865861	 0.476190	 0.499446	 0.092995	 0.016979	 0.486742	 0.498487
 0.250054	-0.250356	 0.498694	 0.499742	 0.498441	-0.676120	 0.476190	 0.499447	 0.087087	 0.258196	 0.486741	 0.498487
 0.374369	 0.125329	 0.498694	 0.499742	 0.499171	-0.581249	-0.023810	 0.499447	 0.084133	 0.378804	 0.486741	 0.498487
 0.436527	 0.312170	 0.498694	 0.499742	 0.499535	-0.533814	-0.272762	 0.499447	 0.082657	 0.439108	 0.486741	 0.498487
 0.467606	 0.405590	 0.498694	 0.499742	 0.499718	-0.510096	 0.103805	 0.499447	 0.581918	 0.469260	 0.486741	 0.498487
 0.483145	 0.452300	 0.498694	 0.499742	 0.499809	-0.498237	 0.292089	 0.499447	 0.829387	 0.484336	 0.486741	 0.498487
 0.490915	 0.475655	 0.498694	 0.499742	 0.499855	-0.492308	 0.386230	 0.499447	 0.950967	 0.491874	 0.486741	 0.498487
 0.494800	 0.487332	 0.498694	 0.499742	 0.999877	-0.489343	 0.433301	 0.499447	 0.509612	 0.495643	 0.486741	 0.498487
 0.496742	 0.493171	 0.498694	 0.499742	 1.246889	-0.487861	 0.456837	 0.499447	 0.288935	 0.497528	 0.486741	 0.498487
-0.002287	 0.496090	 0.498694	 0.499742	 0.367407	-0.487119	 0.468604	 0.499447	 0.178596	 0.498470	 0.486741	 0.498487
-0.250798	 0.497550	 0.498694	 0.499742	-0.071310	-0.486749	 0.474488	 0.499447	 0.123427	 0.498941	 0.486741	 0.498487
-0.375054	 0.498280	 0.498694	 0.499742	 0.210352	-0.486564	 0.477430	 0.499447	 0.095842	-0.000823	 0.486741	 0.498487
-0.437182	 0.498645	 0.498694	 0.499742	 0.351183	-0.486471	 0.478901	 0.499447	 0.082050	-0.249704	 0.486741	 0.498487
 0.031754	 0.498827	 0.498694	 0.499742	 0.421598	-0.486425	 0.479637	 0.499447	 0.075154	 0.125855	 0.486741	 0.498487
 0.265220	 0.498919	 0.498694	 0.499742	 0.456806	-0.486401	 0.480004	 0.499447	 0.071705	 0.312632	 0.486741	 0.498487
 0.381954	 0.498964	 0.498694	 0.499742	 0.474410	-0.486390	 0.480188	 0.499447	 0.069981	 0.406021	 0.486741	 0.498487
 0.440320	 0.498987	 0.498694	 0.499742	 0.483211	-0.486384	 0.480280	 0.499447	 0.069119	-0.047285	 0.486741	 0.498487
 0.469504	 0.498998	 0.498694	 0.499742	 0.487612	-0.486381	 0.480326	 0.499447	 0.068688	-0.272937	 0.486741	 0.498487
 0.484095	 0.499004	 0.498694	 0.499742	 0.489813	-0.486380	 0.480349	 0.499447	 0.068473	 0.114237	 0.486741	 0.498487
 0.491391	 0.499007	 0.498694	 0.499742	 0.490913	-0.486379	 0.480361	 0.499447	 0.068365	 0.306822	 0.486741	 0.498487
-0.004961	 0.499008	 0.498694	 0.499742	 0.491463	-0.486379	-0.019634	 0.499447	 0.068311	 0.403114	 0.486741	 0.498487
-0.252134	 0.499009	 0.498694	 0.499742	 0.491738	-0.486378	-0.268591	 0.499447	 0.068284	 0.451260	 0.486741	 0.498487
 0.124279	 0.499010	 0.498694	 0.499742	 0.491876	-0.486378	 0.107965	 0.499447	 0.068271	 0.475333	 0.486741	 0.498487
 0.311484	 0.499010	 0.498694	 0.499742	 0.491945	-0.486378	 0.296243	 0.499447	 0.068264	 0.487369	 0.486741	 0.498487
 0.405087	 0.499010	 0.498694	 0.499742	 0.491979	-0.486378	 0.390382	 0.499447	 0.068261	 0.493388	 0.486741	 0.498487
-0.048112	-0.000990	 0.498694	 0.499742	 0.491996	-0.486378	 0.437451	 0.499447	 0.068259	 0.496397	 0.486741	 0.498487
-0.273709	-0.249988	 0.498694	 0.499742	 0.492005	-0.486378	 0.460986	 0.499447	 0.068258	 0.497901	 0.486741	 0.498487
 0.113493	-0.374487	 0.498694	 0.499742	 0.492009	-0.486378	 0.472754	 0.499447	 0.068258	 0.498654	 0.486741	 0.498487
 0.306093	-0.436737	 0.498694	 0.499742	 0.492011	-0.486378	 0.478637	 0.499447	 0.068258	 0.499030	 0.486741	 0.498487
 0.402392	 0.032139	 0.498694	 0.499742	 0.492012	-0.486378	 0.481579	 0.499447	 0.068257	-0.000782	 0.486741	 0.498487
 0.450542	 0.265574	 0.498694	 0.499742	 0.492013	-0.486378	 0.483050	 0.499447	 0.068257	-0.249687	 0.486741	 0.498487
 0.474617	-0.117708	 0.498694	 0.499742	 0.492013	-0.486378	 0.483785	 0.499447	 0.068257	 0.125861	 0.486741	 0.498487
 0.486654	-0.308347	 0.498694	 0.499742	 0.492013	-0.486378	 0.484153	 0.499447	 0.068257	 0.312632	 0.486741	 0.498487
 0.492673	-0.403667	 0.498694	 0.499742	 0.492013	-0.486378	 0.484337	 0.499447	 0.068257	 0.406017	 0.486741	 0.498487
-0.004317	-0.451326	 0.498694	 0.499742	 0.492013	-0.486378	 0.484429	 0.499447	 0.068257	 0.452710	 0.486741	 0.498487
-0.251810	-0.475156	 0.498694	 0.499742	 0.492013	-0.486378	 0.484475	 0.499447	 0.068257	 0.476056	 0.486741	 0.498487
 0.124444	 0.012929	 0.498694	 0.499742	 0.492013	-0.486378	 0.484498	 0.499447	 0.068257	 0.487729	 0.486741	 0.498487
 0.311569	 0.255969	 0.498694	 0.499742	 0.492013	-0.486378	 0.484509	 0.499447	 0.068257	 0.493566	 0.486741	 0.498487
-0.094868	 0.377489	 0.498694	 0.499742	 0.492013	-0.486378	 0.484515	 0.499447	 0.068257	 0.496484	 0.486741	 0.498487
-0.297084	 0.438250	 0.498694	 0.499742	 0.492013	-0.486378	 0.484518	 0.499447	 0.068257	 0.497943	 0.486741	 0.498487
-0.398192	-0.031370	 0.498694	 0.499742	 0.492013	-0.486378	 0.484519	 0.499447	 0.068257	 0.498673	 0.486741	 0.498487
-0.448746	-0.265178	 0.498694	 0.499742	 0.492013	-0.486378	 0.484520	 0.499447	 0.068257	 0.499038	 0.486741	 0.498487
-0.474023	-0.382082	 0.498694	 0.499742	 0.492013	-0.486378	 0.484521	 0.499447	 0.068257	 0.499220	 0.486741	 0.498487
-0.486662	 0.059466	 0.498694	 0.499742	 0.492013	-0.486378	 0.484521	 0.499447	 0.068257	 0.499311	 0.486741	 0.498487
-0.492981	 0.279238	 0.498694	 0.499742	 0.492013	-0.486378	 0.484521	 0.499447	 0.068257	 0.499357	 0.486741	 0.498487
-0.496141	 0.389124	 0.498694	 0.499742	 0.492013	-0.486378	 0.484521	 0.499447	 0.068257	 0.499380	 0.486741	 0.498487
-0.497721	 0.444067	 0.498694	 0.499742	 0.492013	-0.486378	 0.484521	 0.499447	 0.068257	 0.499391	 0.486741	 0.498487
-0.498510	-0.028462	 0.498694	 0.499742	 0.492013	-0.486378	 0.484521	 0.499447	 0.068257	 0.499397	 0.486741	 0.498487
-0.498905	-0.263724	 0.498694	 0.499742	 0.492013	-0.486378	 0.484521	 0.499447	 0.068257	 0.499400	 0.486741	 0.498487
 0.000897	 0.118645	 0.498694	 0.499742	 0.492013	-0.486378	 0.484521	 0.499447	 0.068257	 0.499401	 0.486741	 0.498487
 0.249797	 0.308827	 0.498694	 0.499742	 0.492013	-0.486378	 0.484521	 0.499447	 0.068257	 0.499402	 0.486741	 0.498487
 0.374247	 0.403918	 0.498694	 0.499742	 0.492013	-0.486378	 0.484521	 0.499447	 0.068257	 0.499402	 0.486741	 0.498487
-0.063528	-0.048536	 0.498694	 0.499742	 0.492013	-0.486378	 0.484521	 0.499447	 0.068257	 0.499402	 0.486741	 0.498487
-0.281413	-0.273761	 0.498694	 0.499742	 0.492013	-0.486378	 0.484521	 0.499447	 0.068257	 0.499403	 0.486741	 0.498487
 0.109644	 0.113626	 0.498694	 0.499742	-0.007987	-0.486378	 0.484521	 0.499447	 0.568257	 0.499403	 0.486741	 0.498487
 0.304172	 0.306318	 0.498694	 0.499742	-0.256971	-0.486378	 0.484521	 0.499447	 0.816121	 0.499403	 0.486741	 0.498487
-0.098564	-0.097336	 0.498694	 0.499742	 0.119549	-0.486378	 0.484521	 0.499447	 0.437925	 0.499403	 0.486741	 0.498487
-0.298930	-0.298162	 0.498694	 0.499742	 0.307809	-0.486378	 0.484521	 0.499447	 0.248826	 0.499403	 0.486741	 0.498487
-0.399113	 0.101426	 0.498694	 0.499742	 0.401939	-0.486378	 0.484521	 0.499447	 0.154277	 0.499403	 0.486741	 0.498487
-0.449204	 0.300218	 0.498694	 0.499742	 0.449004	-0.486378	 0.484521	 0.499447	 0.107003	 0.499403	 0.486741	 0.498487
-0.474250	 0.399613	 0.498694	 0.499742	 0.472537	-0.486378	 0.484521	 0.499447	 0.083366	 0.499403	 0.486741	 0.498487
 0.013227	 0.449311	 0.498694	 0.499742	 0.484303	-0.486378	 0.484521	 0.499447	 0.071547	 0.499403	 0.486741	 0.498487
 0.255964	 0.474160	 0.498694	 0.499742	 0.490186	-0.486378	 0.484521	 0.499447	 0.065638	 0.499403	 0.486741	 0.498487
-0.122667	-0.013415	 0.498694	 0.499742	-0.006872	-0.486378	 0.484521	 0.499447	 0.562683	 0.499403	 0.486741	 0.498487
-0.310980	-0.256201	 0.498694	 0.499742	-0.254394	-0.486378	 0.484521	 0.499447	 0.809086	 0.499403	 0.486741	 0.498487
 0.094863	-0.377594	 0.498694	 0.499742	 0.122849	-0.486378	 0.484521	 0.499447	 0.430177	-0.000597	 0.486741	 0.498487
 0.296784	-0.438290	 0.498694	 0.499742	 0.310471	-0.486378	 0.484521	 0.499447	 0.240722	-0.249596	 0.486741	 0.498487
-0.102256	 0.031362	 0.498694	 0.499742	 0.404281	-0.486378	 0.484521	 0.499447	 0.145995	 0.125904	 0.486741	 0.498487
-0.300774	 0.265185	 0.498694	 0.499742	 0.451187	-0.486378	 0.484521	 0.499447	 0.098631	 0.312652	 0.486741	 0.498487
-0.400032	 0.382097	 0.498694	 0.499742	 0.474640	-0.486378	 0.484521	 0.499447	 0.074949	 0.406026	 0.486741	 0.498487
-0.449661	-0.059447	 0.498694	 0.499742	 0.986366	-0.486378	 0.484521	-0.000553	 0.063108	 0.452713	 0.486741	 0.498487
-0.474476	-0.279217	 0.498694	 0.499742	 1.239233	-0.486378	 0.484521	-0.249552	 0.057188	 0.476056	 0.486741	 0.498487
 0.013117	 0.110898	 0.498694	 0.499742	 0.862682	-0.486378	 0.484521	 0.125949	 0.054228	 0.487728	 0.486741	 0.498487
 0.255911	 0.304954	 0.498694	 0.499742	 0.674407	-0.486378	 0.484521	 0.312696	 0.052748	 0.493564	 0.486741	 0.498487
-0.122691	 0.401981	 0.498694	 0.499742	 0.580269	-0.486378	 0.484521	 0.406070	 0.552008	 0.496481	 0.486741	 0.498487
-0.310990	 0.450495	 0.498694	 0.499742	 0.533200	-0.486378	 0.484521	 0.452757	 0.799535	 0.497940	 0.486741	 0.498487
 0.094861	 0.474752	 0.498694	 0.499742	 0.509666	-0.486378	 0.484521	 0.476100	 0.421205	 0.498670	 0.486741	 0.498487
 0.296785	 0.486881	 0.498694	 0.499742	 0.497899	-0.486378	 0.484521	 0.487772	 0.232039	 0.499035	 0.486741	 0.498487
 0.397747	 0.492945	 0.498694	 0.499742	 0.492015	-0.486378	 0.484521	 0.493608	 0.137457	 0.499217	 0.486741	 0.498487
 0.448228	 0.495977	 0.498694	 0.499742	 0.489073	-0.486378	 0.484521	 0.496526	 0.090165	-0.000692	 0.486741	 0.498487
 0.473468	 0.497493	 0.498694	 0.499742	 0.487602	-0.486378	 0.484521	 0.497985	 0.066520	-0.249645	 0.486741	 0.498487
 0.486088	 0.498251	 0.498694	 0.499742	 0.486867	-0.486378	 0.484521	 0.498714	 0.054697	 0.125878	 0.486741	 0.498487
 0.492399	 0.498630	 0.498694	 0.499742	 0.486499	-0.486378	 0.484521	 0.499079	 0.048786	 0.312637	 0.486741	 0.498487
-0.004446	 0.498820	 0.498694	 0.499742	 0.486315	-0.486378	 0.484521	 0.499261	 0.045830	 0.406017	 0.486741	 0.498487
-0.251866	 0.498914	 0.498694	 0.499742	 0.486223	-0.486378	 0.484521	 0.499352	 0.044352	 0.452706	 0.486741	 0.498487
-0.375576	 0.498962	 0.498694	 0.499742	 0.486177	-0.486378	 0.484521	 0.499398	 0.043613	 0.476051	 0.486741	 0.498487
-0.437431	 0.498985	 0.498694	 0.499742	 0.486154	-0.486378	 0.484521	 0.499421	 0.043244	 0.487724	 0.486741	 0.498487
-0.468359	-0.001003	 0.498694	 0.499742	-0.013857	-0.486378	 0.484521	 0.499432	 0.043059	 0.493560	 0.486741	 0.498487
-0.483822	-0.249995	 0.498694	 0.499742	-0.262835	-0.486378	 0.484521	 0.499438	 0.042967	 0.496478	 0.486741	 0.498487
-0.491554	-0.374491	 0.498694	 0.499742	-0.386300	-0.486378	 0.484521	 0.499441	 0.042920	 0.497937	 0.486741	 0.498487
-0.495420	-0.436739	 0.498694	 0.499742	 0.552986	-0.486378	 0.484521	 0.499442	 0.042897	 0.498667	 0.486741	 0.498487
-0.497353	-0.467863	 0.498694	 0.499742	 1.019645	-0.486378	 0.484521	 0.499443	 0.042886	 0.499031	 0.486741	 0.498487
 0.001680	 0.016575	 0.498694	 0.499742	 0.750002	-0.486378	 0.484521	 0.499443	 0.042880	 0.499214	 0.486741	 0.498487
 0.250196	 0.257792	 0.498694	 0.499742	 0.615180	-0.486378	 0.484521	 0.499443	 0.042877	 0.499305	 0.486741	 0.498487
 0.374453	 0.378401	 0.498694	 0.499742	 0.547770	-0.486378	 0.484521	 0.499444	 0.042876	 0.499351	 0.486741	 0.498487
 0.436582	 0.438705	 0.498694	 0.499742	 0.514064	-0.486378	 0.484521	 0.499444	 0.042875	 0.499373	 0.486741	 0.498487
 0.467647	 0.468857	 0.498694	 0.499742	 0.497212	-0.486378	 0.484521	 0.499444	 0.042875	 0.499385	 0.486741	 0.498487
 0.483179	 0.483933	 0.498694	 0.499742	 0.488785	-0.486378	 0.484521	 0.499444	 0.042874	 0.499390	 0.486741	 0.498487
 0.490945	 0.491471	 0.498694	 0.499742	 0.484572	-0.486378	 0.484521	 0.499444	 0.042874	 0.499393	 0.486741	 0.498487
-0.005172	 0.495240	 0.498694	 0.999742	 0.982465	-0.486378	 0.484521	 0.499444	 0.042874	 0.499395	 0.486741	 0.498487
-0.252228	 0.497125	 0.498694	 1.246742	 1.228451	-0.486378	 0.484521	 0.499444	 0.042874	 0.499395	 0.486741	 0.498487
 0.124244	 0.498067	 0.498694	 0.867255	 0.848496	-0.486378	 0.484521	 0.499444	 0.042874	 0.499396	 0.486741	 0.498487
 0.311479	 0.498538	 0.498694	 0.677511	 0.658518	-0.486378	 0.484521	 0.499444	 0.042874	 0.499396	 0.486741	 0.498487
 0.405096	 0.498773	 0.498694	 0.582639	 1.063529	-0.486378	 0.484521	 0.499444	 0.042874	 0.499396	 0.486741	 0.498487
 0.451905	 0.498891	 0.498694	 0.535204	 1.263097	-0.486378	 0.484521	 0.499444	 0.042874	 0.499396	 0.486741	 0.498487
 0.475309	 0.498950	 0.498694	 0.511486	 0.859956	-0.486378	 0.484521	 0.499444	 0.042874	 0.499396	 0.486741	 0.498487
 0.487011	 0.498980	 0.498694	 0.499627	 0.658385	-0.486378	 0.484521	 0.499444	 0.042874	 0.499396	 0.486741	 0.498487
 0.492862	 0.498994	 0.498694	 0.493697	 0.557600	-0.486378	 0.484521	 0.499444	 0.042874	 0.499396	 0.486741	 0.498487
 0.495788	 0.499002	 0.498694	 0.490732	 0.507208	-0.486378	 0.484521	 0.499444	 0.042874	 0.499396	 0.486741	 0.498487
 0.497250	 0.499005	 0.498694	 0.489250	 0.482011	-0.486378	 0.484521	 0.499444	 0.042874	 0.499396	 0.486741	 0.498487
-0.002018	 0.499007	 0.498694	 0.488509	-0.030587	-0.486378	 0.484521	 0.499444	 0.042874	 0.499396	 0.486741	 0.498487
-0.250650	 0.499008	 0.498694	 0.488138	-0.285800	-0.486378	 0.484521	 0.499444	 0.042874	 0.499396	 0.486741	 0.498487
-0.374966	-0.000991	 0.498694	 0.487953	 0.587676	-0.486378	 0.484521	 0.499444	 0.042874	-0.000604	 0.486741	 0.498487
-0.437124	-0.249989	 0.498694	 0.487860	 1.021492	-0.486378	 0.484521	 0.499444	 0.042874	-0.249603	 0.486741	 0.498487
 0.031797	-0.374488	 0.498694	 0.487814	 1.235489	-0.486378	 0.484521	 0.499444	 0.042874	 0.125898	 0.486741	 0.498487
 0.265256	-0.436738	 0.498694	 0.487791	 1.339588	-0.486378	 0.484521	 0.499444	 0.042874	 0.312646	 0.486741	 0.498487
 0.381986	-0.467862	 0.498694	 0.487779	 1.388751	-0.486378	 0.484521	 0.499444	 0.042874	 0.406019	 0.486741	 0.498487
 0.440351	 0.016575	 0.498694	 0.487773	 0.910456	-0.486378	 0.484521	 0.499444	 0.042874	 0.452706	 0.486741	 0.498487
 0.469533	 0.257792	 0.498694	 0.487771	 0.671309	-0.486378	 0.484521	 0.499444	 0.042874	 0.476050	 0.486741	 0.498487
-0.015876	 0.378401	 0.498694	 0.487769	 0.551735	-0.486378	 0.484521	 0.999444	 0.042874	 0.487721	 0.486741	 0.498487
-0.257577	 0.438705	 0.498694	 0.487768	 0.491948	-0.486378	 0.484521	 1.246445	 0.042874	 0.493557	 0.486741	 0.498487
 0.121572	-0.031143	 0.498694	 0.487768	 0.462055	-0.486378	 0.484521	 0.866958	 0.042874	 0.496475	 0.486741	 0.498487
 0.310145	-0.265065	 0.498694	 0.487768	 0.447108	-0.486378	 0.484521	 0.677215	 0.042874	 0.497934	 0.486741	 0.498487
-0.095569	 0.117974	 0.498694	 0.487768	 0.439635	-0.486378	 0.484521	 0.582344	 0.042874	 0.498664	 0.486741	 0.498487
-0.297423	 0.308491	 0.498694	 0.487768	 0.435898	-0.486378	 0.484521	 0.534908	 0.042874	 0.499028	 0.486741	 0.498487
-0.398350	 0.403750	 0.498694	 0.487768	 0.434030	-0.486378	 0.484521	 0.511190	 0.042874	 0.499211	 0.486741	 0.498487
-0.448814	 0.451380	 0.498694	 0.487768	 0.433096	-0.486378	 0.484521	 0.499331	 0.042874	 0.499302	 0.486741	 0.498487
-0.474045	 0.475194	 0.498694	 0.487768	 0.432629	-0.486378	 0.484521	 0.493402	 0.042874	 0.499347	 0.486741	 0.498487
 0.013339	-0.012898	 0.498694	 0.487768	 0.432395	-0.486378	 0.484521	 0.490437	 0.042874	 0.499370	 0.486741	 0.498487
