 0.256029	-0.255943	 0.498694	 0.487768	 0.432278	-0.486378	 0.484521	 0.488954	 0.042874	 0.499382	 0.486741	 0.498487
-0.122625	 0.122535	 0.498694	 0.487768	 0.432220	-0.486378	 0.484521	 0.488213	 0.042874	 0.499387	 0.486741	 0.498487
-0.310950	 0.310772	 0.498694	 0.487768	 0.432191	-0.486378	 0.484521	 0.487843	 0.042874	 0.499390	 0.486741	 0.498487
-0.405112	 0.404890	 0.498694	 0.487768	 0.432176	-0.486378	 0.484521	 0.487657	 0.042874	 0.499392	 0.486741	 0.498487
-0.452194	 0.451950	 0.498694	 0.487768	 0.432169	-0.486378	 0.484521	 0.487565	 0.042874	 0.499392	 0.486741	 0.498487
-0.475734	 0.475479	 0.498694	 0.487768	 0.432165	-0.486378	 0.484521	 0.487518	 0.042874	 0.499393	 0.986741	 0.498487
-0.487505	 0.487244	 0.498694	 0.487768	 0.432163	-0.486378	 0.484521	 0.487495	 0.042874	 0.499393	 1.233768	 0.498487
-0.493390	 0.493126	 0.498694	 0.487768	 0.432162	-0.486378	 0.484521	 0.487484	 0.042874	 0.499393	 1.354319	 0.498487
 0.003668	-0.003932	 0.498694	 0.487768	 0.432162	-0.486378	 0.484521	 0.987478	 0.042874	 0.499393	 1.411646	 0.498487
 0.251195	-0.251460	 0.498694	 0.487768	 0.432162	-0.486378	 0.484521	 1.234500	 0.042874	 0.499393	 1.437371	 0.498487
-0.125041	 0.124776	 0.498694	 0.487768	 0.432162	-0.486378	 0.484521	 0.855048	 0.042874	-0.000607	 1.447307	 0.498487
-0.312157	 0.311893	 0.498694	 0.487768	 0.432162	-0.486378	 0.484521	 0.665322	 0.042874	-0.249606	 1.449361	 0.498487
 0.094285	 0.405451	 0.498694	 0.487768	 0.932162	-0.486378	 0.484521	 0.570459	 0.042874	 0.125895	 0.947485	 0.498487
 0.296505	 0.452230	 0.498694	 0.487768	 1.179297	-0.486378	 0.484521	 0.523028	 0.042874	 0.312642	 0.696547	 0.498487
 0.397615	 0.475619	 0.498694	 0.487768	 1.300012	-0.486378	 0.484521	 0.499312	 0.042874	 0.406016	 0.571078	 0.498487
 0.448170	 0.487314	 0.498694	 0.487768	 1.357528	-0.486378	 0.484521	 0.487454	 0.042874	 0.452703	 0.508343	 0.498487
 0.473447	 0.493161	 0.498694	 0.487768	 1.383456	-0.486378	 0.484521	 0.481525	 0.042874	 0.476046	 0.476976	 0.498487
-0.013914	 0.496085	 0.498694	 0.487768	 0.893601	-0.486378	 0.484521	 0.478561	 0.042874	 0.487718	 0.461292	 0.498487
-0.256592	 0.497547	 0.498694	 0.487768	 0.648674	-0.486378	 0.484521	 0.477078	 0.042874	 0.493554	 0.453451	 0.498487
-0.377931	 0.498278	 0.498694	 0.487768	 0.526210	-0.486378	 0.484521	 0.476337	 0.042874	 0.496472	 0.449530	 0.498487
-0.438601	 0.498643	 0.498694	 0.487768	 0.464978	-0.486378	 0.484521	 0.475967	 0.042874	 0.497931	 0.447569	 0.498487
-0.468936	 0.498826	 0.498694	 0.487768	 0.434362	-0.486378	 0.484521	 0.975781	 0.042874	 0.498660	 0.446589	 0.498487
-0.484103	 0.498917	 0.498694	 0.487768	 0.419054	-0.486378	 0.484521	 1.222738	 0.042874	 0.499025	 0.446099	 0.498487
-0.491687	-0.001037	 0.498694	 0.487768	 0.411400	-0.486378	 0.484521	 0.843276	 0.042874	 0.499207	 0.445854	 0.498487
-0.495479	-0.250012	 0.498694	 0.487768	 0.407573	-0.486378	 0.484521	 0.653546	 0.042874	 0.499299	 0.445731	 0.498487
-0.497375	-0.374500	 0.498694	 0.487768	 0.405660	-0.486378	 0.484521	 0.558680	 0.042874	 0.499344	 0.445670	 0.498487
 0.001678	 0.063256	 0.498694	 0.487768	 0.404703	-0.486378	 0.484521	 1.011248	 0.042874	 0.499367	 0.445639	 0.498487
 0.250202	 0.281133	 0.498694	 0.487768	 0.404225	-0.486378	 0.484521	 1.234604	 0.042874	 0.499378	 0.445624	 0.498487
-0.125536	 0.390071	 0.498694	 0.487768	 0.903986	-0.486378	 0.484521	 0.843366	 0.042874	 0.499384	 0.445616	 0.498487
-0.312402	 0.444540	 0.498694	 0.487768	 1.151059	-0.486378	 0.484521	 0.647747	 0.042874	 0.499387	 0.445613	 0.498487
 0.094165	 0.471774	 0.498694	 0.487768	 1.271799	-0.486378	 0.484521	 0.549937	 0.042874	 0.499388	 0.445611	 0.498487
 0.296447	 0.485391	 0.498694	 0.487768	 1.329384	-0.486378	 0.484521	 0.501033	 0.042874	 0.499389	 0.445610	 0.498487
 0.397588	-0.007800	 0.498694	 0.487768	 0.855402	-0.486378	 0.484521	 0.476580	 0.042874	 0.499389	 0.445609	 0.498487
 0.448158	-0.253394	 0.498694	 0.487768	 0.618412	-0.486378	 0.484521	 0.464354	 0.042874	 0.499390	 0.445609	 0.498487
 0.473444	-0.376191	 0.498694	 0.487768	 0.499916	-0.486378	 0.484521	 0.458241	 0.042874	 0.499390	 0.445609	 0.498487
-0.013914	 0.062411	 0.498694	 0.487768	-0.059331	-0.486378	 0.484521	 0.955184	 0.042874	 0.499390	 0.945609	 0.498487
-0.256590	 0.280710	 0.498694	 0.487768	-0.337718	-0.486378	 0.484521	 1.200752	 0.042874	 0.499390	 1.192718	 0.498487
-0.377928	 0.389859	 0.498694	 0.987768	 0.524321	-0.486378	 0.484521	 0.820643	 0.042874	 0.499390	 0.813392	 0.498487
-0.438597	 0.444434	 0.498694	 1.234792	 0.952568	-0.486378	 0.484521	 0.630589	 0.042874	 0.499390	 0.623730	 0.498487
 0.031068	 0.471721	 0.498694	 0.855341	 1.163929	-0.486378	 0.484521	 0.535561	 0.042874	 0.499390	 0.528898	 0.498487
 0.264900	 0.485365	 0.498694	 0.665615	 1.266860	-0.486378	 0.484521	 0.488048	 0.042874	 0.499390	 0.481483	 0.498487
 0.381815	 0.492187	 0.498694	 0.570752	 0.815585	-0.486378	 0.484521	 0.464291	 0.042874	 0.499390	 0.957775	 0.498487
 0.440273	 0.495598	 0.498694	 0.523321	 0.589948	-0.486378	 0.484521	 0.452412	 0.042874	 0.499390	 1.193053	 0.498487
 0.469502	 0.497303	 0.498694	 0.499605	 0.477129	-0.486378	 0.484521	 0.446473	 0.042874	 0.499390	 1.307835	 0.498487
 0.484116	-0.001844	 0.498694	 0.487747	 0.920720	-0.486378	 0.484521	 0.943504	 0.542874	 0.499390	 0.862381	 0.498487
 0.491424	-0.250416	 0.498694	 0.481818	 1.139787	-0.486378	 0.484521	 1.189138	 0.790788	 0.499390	 0.639654	 0.498487
-0.004923	 0.125298	 0.498694	 0.978854	 1.246602	-0.486378	 0.984521	 0.809085	-0.087332	 0.499390	 0.528290	 0.498487
-0.252093	 0.312153	 0.498694	 1.224420	 1.297303	-0.486378	 1.231552	 0.619059	-0.524461	 0.499390	 0.472609	 0.498487
 0.124321	 0.405581	 0.498694	 1.344263	 1.319958	-0.986378	 2.352110	-0.475954	-1.241103	 1.999390	 0.444768	 0.498487
 0.311527	 0.452295	 0.498694	 1.401256	 1.328600	-1.233405	 2.905444	-1.020319	-1.595508	 2.742391	 0.430847	 0.498487
 0.405130	 0.475652	 0.498694	 1.426836	 0.830246	-1.353958	 3.675193	-2.789372	-2.268811	 4.606921	 0.423887	 0.498487
 0.451932	 0.487330	 0.498694	 1.436721	 0.581070	-1.411286	 4.051178	-3.664781	-2.599578	 5.526243	 0.420407	 0.498487
 0.475332	 0.493169	 0.498694	 1.438771	 0.456481	-1.437012	 4.230316	-4.093406	-2.759101	 5.973013	 0.418667	 0.498487
 0.487033	 0.496089	 0.498694	 1.436914	 0.894187	-0.946950	 4.311066	-4.298674	-3.833025	 5.683558	 0.417797	 0.498487
 0.492883	 0.497549	 0.498694	 1.433115	 1.110376	-0.701919	 4.342658	-4.392300	-4.360173	 5.528043	 0.417362	 0.498487
-0.004192	 0.498279	 0.498694	 1.428357	 1.215818	-0.579403	 4.849705	-4.430141	-4.613972	 5.439540	 0.417144	 0.498487
-0.251727	 0.498643	 0.498694	 1.423131	 1.265896	-0.518145	 5.092515	-4.440126	-4.731137	 5.384586	 0.417036	 0.498487
 0.124506	 0.498826	 0.498694	 0.917682	 1.288303	-0.487516	 4.703250	-4.436218	-4.780022	 5.346450	-0.083019	 0.498487
 0.311620	 0.498917	 0.498694	 0.664958	 1.296885	-0.472202	 4.499989	-4.425399	-4.794807	 5.316766	-0.331880	 0.498487
-0.094822	 0.498963	 0.498694	 1.038596	 1.298565	-0.464545	 4.889765	-4.411161	-4.792580	 5.291349	 0.044851	 0.498487
-0.297041	 0.498986	 0.498694	 1.222590	 1.296805	-0.460716	 5.074094	-4.395248	-4.781886	 5.268109	 0.233217	 0.498487
-0.398150	 0.498997	 0.498694	 1.311774	 1.293335	-0.458802	 5.155742	-4.378533	-4.766997	 5.245999	 0.327399	 0.498487
 0.051295	 0.499003	 0.498694	 0.853564	 1.289020	-0.957845	 4.686091	-4.361451	-4.750048	 5.724497	 0.374491	 0.498487
 0.275016	 0.499006	 0.498694	 0.624459	 1.284293	-1.204452	 4.442832	-4.344222	-4.732107	 5.951339	 0.398037	 0.498487
-0.113123	 0.499007	 0.498694	 1.009907	 1.279370	-1.324854	 3.312804	-4.326953	-4.213709	 4.052404	 0.409809	 0.498487
-0.306190	 0.499008	 0.498694	 1.199840	 1.274360	-1.382164	 2.743424	-4.309700	-3.947119	 3.098630	 0.415696	 0.498487
 0.097276	 0.499008	 0.498694	 0.792027	 1.269316	-1.407941	 0.954386	-3.292488	-2.806463	 1.117453	 0.418639	 0.498487
 0.298008	 0.499008	 0.498694	 0.588120	 1.264266	-1.417961	 0.061537	-2.779332	-2.232803	 0.128592	 0.420111	 0.498487
-0.101626	-0.000992	 0.498694	 0.486167	 0.759222	-1.420116	-0.883226	-1.518221	-0.942655	-0.864118	 0.420846	 0.498487
-0.300441	-0.249990	 0.498694	 0.435190	 0.506700	-1.418348	-1.351951	-0.887666	-0.297581	-1.356759	 0.421214	 0.498487
-0.399848	-0.374489	 0.498694	 0.409702	 0.380439	-1.414631	-1.582672	-0.572388	 0.024956	-1.599381	 0.421398	 0.498487
 0.050448	 0.063262	 0.498694	 0.396958	 0.317309	-0.909951	-1.694406	-0.414749	 0.186225	-1.717008	 0.421490	 0.498487
 0.274595	 0.281135	 0.498694	 0.390586	 0.285744	-0.657611	-1.746660	-0.335930	 0.266859	-1.772152	 0.421536	 0.498487
-0.113332	-0.109928	 0.498694	 0.387400	 0.269961	-0.531441	-1.269190	-0.796520	-0.192824	-1.296070	 0.421559	 0.498487
-0.306293	-0.304458	 0.498694	 0.385807	 0.262070	-0.468356	-1.028871	-1.024301	-0.421360	-1.056389	 0.421571	 0.498487
 0.097227	-0.401723	 0.498694	 0.385010	 0.258124	-0.436813	-0.407135	-0.635687	-0.034329	-0.934915	 0.421576	 0.498487
 0.297985	-0.450355	 0.498694	 0.384612	 0.256151	-0.421042	-0.096267	-0.441381	 0.159187	-0.872551	 0.421579	 0.498487
-0.101636	 0.025329	 0.498694	 0.384413	 0.255165	-0.413157	-0.440832	-0.344227	 0.255945	-0.339748	 0.421581	 0.498487
-0.300444	 0.262168	 0.498694	 0.384313	 0.254672	-0.409214	-0.611545	-0.295650	 0.304324	-0.073347	 0.421581	 0.498487
-0.399848	 0.380588	 0.498694	 0.384264	 0.254425	-0.407242	-0.695336	-0.271362	 0.328513	 0.059853	 0.421582	 0.498487
 0.050450	 0.439798	 0.498694	 0.384239	 0.254302	-0.406257	-0.735674	-0.759218	-0.159392	-0.373546	 0.421582	 0.498487
 0.274598	 0.469403	 0.498694	 0.384226	 0.254240	-0.405764	-0.754290	-1.000652	-0.402050	-0.588632	 0.421582	 0.498487
-0.113328	-0.015794	 0.498694	 0.384220	 0.254209	-0.405517	-0.762053	-0.618884	-0.022090	-0.694568	 0.421582	 0.498487
-0.306289	-0.257391	 0.498694	 0.384217	 0.254194	-0.405394	-0.764395	-0.428001	 0.167891	-0.745935	 0.421582	 0.498487
 0.097231	 0.121811	 0.498694	 0.384215	 0.254186	-0.405333	-0.764032	-0.332559	 0.262881	-0.270023	 0.421582	 0.498487
 0.297989	 0.310409	 0.498694	 0.384215	 0.254182	-0.405302	-0.762323	-0.284838	 0.310376	-0.032068	 0.421582	 0.498487
-0.101632	 0.404709	 0.498694	 0.384214	 0.254181	-0.405286	-0.759948	-0.260978	 0.334123	 0.086910	 0.421582	 0.498487
-0.300440	 0.451859	 0.498694	 0.384214	 0.254180	-0.405279	-0.757245	-0.249047	 0.345997	 0.146399	 0.421582	 0.498487
-0.399843	 0.475433	 0.498694	 0.384214	 0.254179	-0.405275	-0.754384	-0.243082	 0.351934	 0.176143	 0.421582	 0.498487
-0.449545	 0.487221	 0.498694	 0.384214	 0.254179	-0.405273	-0.751451	-0.240100	 0.354902	-0.308984	 0.421582	 0.498487
-0.474396	 0.493114	 0.498694	 0.384214	 0.254179	-0.405272	-0.748487	-0.238608	 0.356387	-0.549960	 0.421582	 0.498487
 0.013178	 0.496061	 0.498694	 0.384214	 0.254179	-0.405271	-0.745514	-0.237863	 0.357129	-0.668866	 0.421582	 0.498487
 0.255964	 0.497535	 0.498694	 0.384214	 0.254179	-0.405271	-0.742543	-0.237490	 0.357500	-0.726744	 0.421582	 0.498487
 0.377357	 0.498271	 0.498694	 0.384214	 0.254179	-0.405271	-0.739578	-0.237303	 0.357685	-0.754113	 0.421582	 0.498487
 0.438053	 0.498640	 0.498694	 0.384214	 0.254179	-0.405271	-0.736622	-0.237210	 0.357778	-0.766235	 0.421582	 0.498487
-0.031599	 0.498824	 0.498694	 0.384214	 0.754179	-0.405271	-0.733677	-0.237164	 0.357824	-0.270739	 0.421582	 0.498487
-0.265422	 0.498916	 0.498694	 0.384214	 1.001670	-0.405271	-0.730743	-0.237140	 0.357848	-0.022991	 0.421582	 0.498487
-0.382334	 0.498962	 0.498694	 0.384214	 1.122918	-0.405271	-0.727820	-0.237129	 0.357859	 0.100883	 0.421582	 0.498487
 0.059210	 0.498985	 0.498694	 0.384214	 0.681053	-0.405271	-0.224909	-0.237123	-0.142135	 0.162820	 0.421582	 0.498487
 0.278981	 0.498997	 0.498694	 0.384214	 0.460121	-0.405271	 0.026546	-0.237120	-0.390848	 0.193788	 0.421582	 0.498487
 0.388866	 0.499002	 0.498694	 0.384214	 0.349655	-0.405271	 0.152274	-0.237119	-0.013925	 0.209273	 0.421582	 0.498487
 0.443809	 0.499005	 0.498694	 0.384214	 0.294422	-0.405271	 0.215138	-0.237118	 0.174536	 0.217015	 0.421582	 0.498487
 0.471280	 0.499007	 0.498694	 0.884214	 0.266805	-0.405271	 0.246570	-0.237117	 0.268767	 0.220886	 0.421582	 0.498487
 0.485016	 0.499007	 0.498694	 1.131445	 0.252997	-0.405271	 0.262286	-0.237117	 0.315882	 0.222821	 0.421582	 0.498487
-0.008116	 0.499008	 0.498694	 0.752304	 0.246093	-0.405271	 0.270144	-0.237117	 0.339440	 0.223789	 0.421582	 0.498487
-0.253680	 0.499008	 0.498694	 0.562733	 0.242641	-0.405271	 0.274073	-0.237117	 0.351219	 0.224273	 0.421582	 0.498487
-0.376462	 0.499008	 0.498694	 0.467948	-0.259085	-0.405271	-0.223963	-0.237117	 0.357108	 0.224515	 0.421582	 0.498487
-0.437853	 0.499008	 0.498694	 0.420555	-0.508427	-0.405271	-0.471536	-0.237117	 0.360053	 0.224636	 0.421582	 0.498487
-0.468548	 0.499008	 0.498694	 0.396859	-0.631582	-0.405271	-0.593885	-0.237117	 0.361525	 0.224696	 0.421582	 0.498487
-0.483896	 0.499008	 0.498694	 0.385010	-0.191650	-0.405271	-0.653627	-0.237117	 0.362261	-0.275273	 0.921582	 0.498487
-0.491570	 0.499008	 0.498694	 0.379086	 0.028316	-0.405271	-0.682071	-0.237117	 0.362630	-0.523708	 1.168739	 0.498487
 0.004593	-0.000992	 0.498694	 0.876124	 0.138299	-0.405271	-0.694872	-0.237117	 0.362814	-0.646381	 0.789486	 0.498487
 0.251673	-0.249990	 0.498694	 1.121897	 0.193290	-0.405271	-0.699857	-0.237117	 0.362906	-0.706179	 0.599859	 0.498487
 0.375213	 0.125511	 0.498694	 0.742048	 0.220786	-0.405271	-0.200940	-0.237117	 0.362952	-0.234546	 0.505046	 0.498487
 0.436983	 0.312260	 0.498694	 0.552123	 0.234534	-0.405271	 0.048518	-0.237117	 0.362975	 0.001270	 0.457639	 0.498487
-0.032132	 0.405634	 0.498694	 0.457161	 0.741408	 0.094729	 0.173248	-0.237117	 0.362986	 0.119178	 0.433936	 0.498487
-0.265687	 0.452321	 0.498694	 0.409680	 0.992348	 0.343540	 0.235612	-0.237117	 0.362992	 0.178132	 0.422084	 0.498487
-0.382464	 0.475665	 0.498694	 0.385940	 1.115332	 0.466760	 0.266795	-0.237117	 0.362995	 0.207610	 0.416158	 0.498487
-0.440853	 0.487336	 0.498694	 0.374069	 0.674347	 0.527190	-0.217614	-0.237117	 0.362996	 0.222348	 0.413195	 0.498487
-0.470047	 0.493172	 0.498694	 0.368134	 0.453855	 0.556230	-0.458415	-0.237117	 0.362997	 0.229717	 0.411714	 0.498487
 0.015356	 0.496090	 0.498694	 0.365167	 0.343608	 0.069580	-0.077416	-0.237117	-0.637003	 0.233402	 0.410973	 0.498487
 0.257056	 0.497549	 0.498694	 0.363683	 0.288485	-0.173745	 0.113083	-0.237117	-1.133729	 0.235244	 0.410603	 0.498487
 0.377905	 0.498279	 0.498694	 0.362941	-0.239076	-0.295408	-0.291668	-0.237117	-0.378831	 0.236165	 0.410417	 0.498487
 0.438330	 0.498643	 0.498694	 0.362570	-0.501324	-0.356239	-0.492650	-0.237117	-0.001382	 0.236626	 0.410325	 0.498487
-0.031457	 0.498826	 0.498694	 0.362384	 0.369080	-0.386655	-0.091754	-0.237117	 0.187343	 0.236856	 0.410279	 0.498487
-0.265348	 0.498917	 0.498694	 0.362292	 0.801802	-0.401863	 0.108694	-0.237117	 0.281705	 0.236971	 0.410255	 0.498487
-0.382294	 0.498963	 0.498694	 0.362245	 1.015695	-0.409467	 0.208918	-0.237117	 0.328886	 0.237029	 0.410244	 0.498487
 0.059233	 0.498985	 0.498694	 0.362222	 0.620182	-0.413269	 0.259030	-0.237117	 0.352477	 0.237058	 0.410238	 0.498487
 0.278995	 0.498997	 0.498694	 0.362211	 0.422425	-0.415170	 0.284086	-0.237117	 0.364272	 0.237072	 0.410235	 0.498487
-0.111124	 0.499002	 0.498694	-0.137795	 0.323547	-0.416120	-0.703386	-0.237117	 0.370170	-0.262921	 0.410234	 0.498487
-0.305181	 0.499005	 0.498694	-0.386523	 0.274108	-0.416596	-1.193740	-0.237117	 0.373119	-0.511391	 0.410233	 0.498487
-0.402209	 0.499007	 0.498694	-0.009616	 0.249388	-0.416833	-0.435549	-0.237117	 0.374593	-0.134107	 0.410233	 0.498487
-0.450723	 0.499007	 0.498694	 0.178838	 0.237029	-0.416952	-0.056454	-0.237117	 0.375330	 0.054535	 0.410232	 0.498487
-0.474981	 0.499008	 0.498694	 0.773064	 0.730849	-0.417011	 0.133094	 0.262883	 0.375699	-0.351143	 0.910232	 0.498487
-0.487109	 0.499008	 0.498694	 1.067443	 0.975309	-0.417041	 0.227868	 0.511357	 0.375883	-0.552469	 1.157412	 0.498487
-0.493173	 0.499008	 0.498694	 1.211909	 1.095100	-0.417056	 0.275255	 0.634075	 0.375975	-0.651625	 1.278192	 0.498487
 0.003794	 0.499008	 0.498694	 0.781429	 0.652566	 0.082937	 0.298948	 0.193920	 0.376021	-0.199701	 0.835785	 0.498487
 0.251277	 0.499008	 0.498694	 0.566189	 0.431299	 0.331767	 0.310795	-0.026158	 0.376044	 0.026261	 0.614581	 0.498487
 0.375018	 0.499008	 0.498694	 0.458569	 0.820665	-0.044979	 0.316718	 0.363804	 0.376056	 0.139242	 0.503979	 0.498487
 0.436889	 0.499008	 0.498694	 0.404759	 1.012928	-0.233352	 0.319680	 0.557277	 0.376062	 0.195733	 0.448678	 0.498487
-0.032176	 0.499008	 0.498694	 0.377854	 1.106649	-0.327538	-0.178839	 0.652512	 0.376065	-0.276022	 0.421028	 0.498487
-0.265706	 0.499008	 0.498694	 0.364402	 1.151109	-0.374632	-0.426744	 0.698634	 0.376066	-0.510404	 0.407202	 0.498487
-0.382471	 0.499008	 0.498694	 0.357675	 1.170948	-0.398178	-0.049347	 0.720205	 0.376067	-0.626105	 0.900290	 0.498487
-0.440853	 0.499008	 0.498694	 0.354312	 1.178486	-0.409952	 0.139351	 0.729508	 0.376067	-0.682472	 1.144047	 0.498487
-0.470045	 0.499008	 0.498694	 0.352631	 1.179883	-0.415838	 0.233701	 0.732681	 0.376067	-0.709178	 1.263150	 0.498487
-0.484640	-0.000992	 0.498694	 0.351790	 0.678219	-0.418782	 0.280875	 0.232796	 0.376067	-0.221059	 0.819936	 0.498487
-0.491938	-0.249990	 0.498694	 0.351370	 0.427386	-0.420253	 0.304463	-0.017146	 0.376067	 0.023000	 0.598330	 0.498487
 0.004413	 0.125511	 0.498694	 0.351159	 0.801970	-0.420989	 0.316256	-0.142118	 0.376067	 0.145030	 0.487527	 0.498487
 0.251587	 0.312260	 0.498694	 0.351054	 0.986909	-0.421357	 0.322153	-0.204603	 0.376067	 0.206045	 0.432125	 0.498487
 0.375174	-0.094366	 0.498694	 0.851002	 1.077035	-0.421541	 0.325101	-0.235846	 0.376067	 0.236552	 0.404424	 0.498487
 0.436968	-0.296677	 0.498694	 1.098274	 1.119764	-0.421633	 0.326576	-0.251468	 0.376067	 0.251806	 0.390574	 0.498487
-0.032136	-0.397833	 0.498694	 0.719218	 0.638803	-0.421679	 0.327313	 0.240722	 0.376067	 0.259433	 0.383649	 0.498487
-0.265685	-0.448410	 0.498694	 0.529691	 0.398323	-0.421702	 0.327681	 0.485351	 0.376067	 0.263246	 0.380186	 0.498487
-0.382459	-0.473699	 0.498694	 0.434927	 0.278082	-0.421713	 0.327866	 0.606205	 0.376067	 0.265153	 0.378455	 0.498487
-0.440847	 0.013656	 0.498694	 0.887545	 0.217962	-0.421719	 0.327958	 0.665178	-0.123933	 0.266106	 0.877589	 0.498487
-0.470040	 0.256332	 0.498694	 1.111174	 0.187902	-0.421722	 0.328004	 0.693216	-0.372685	 0.266583	 1.124403	 0.498487
-0.484637	 0.377670	 0.498694	 1.220319	 0.672872	-0.421723	 0.328027	 0.705793	 0.004182	 0.266821	 0.745067	 0.498487
-0.491935	 0.438339	 0.498694	 1.272232	 0.913042	-0.421724	 0.328038	 0.710645	 0.192616	 0.266940	 0.555399	 0.498487
-0.495585	-0.031327	 0.498694	 0.795541	 0.530820	-0.421725	 0.328044	 0.711639	 0.286832	-0.233000	 0.460565	 0.498487
-0.497409	-0.265157	 0.498694	 0.557195	 0.339709	-0.421725	 0.328047	 0.710712	 0.333941	-0.481504	 0.413149	 0.498487
 0.001678	 0.117927	 0.498694	 0.438022	 0.744153	-0.421725	 0.328048	 0.208828	 0.357495	-0.104296	 0.389440	 0.498487
 0.250221	 0.308468	 0.498694	 0.378435	 0.944078	-0.421725	 0.328049	-0.042114	 0.369272	 0.084307	 0.377586	 0.498487
 0.374492	 0.403738	 0.498694	 0.348642	 1.041753	-0.421725	 0.328049	-0.167585	 0.375160	 0.178609	 0.371659	 0.498487
 0.436628	 0.451373	 0.498694	 0.333746	 0.588311	 0.078275	 0.328050	 0.269680	 0.378105	 0.225760	 0.368695	 0.498487
 0.467695	 0.475190	 0.498694	 0.326297	 0.361591	 0.327119	 0.328050	 0.486898	 0.379577	 0.249336	 0.367213	 0.498487
 0.483229	 0.487099	 0.498694	 0.322573	 0.748230	-0.049612	 0.328050	 0.594099	 0.380313	 0.261124	 0.866472	 0.498487
 0.490996	 0.493053	 0.498694	 0.320711	 0.939280	-0.237977	 0.328050	 0.646297	 0.380681	 0.267018	 1.113371	 0.498487
-0.005120	 0.496031	 0.498694	 0.319780	 1.032545	-0.332159	 0.328050	 0.670999	 0.380865	 0.269964	 0.734099	 0.498487
-0.252176	 0.497519	 0.498694	 0.319314	 1.076925	-0.379251	 0.328050	 0.681959	 0.380957	 0.271438	 0.544463	 0.498487
 0.124296	 0.498264	 0.498694	 0.319082	 1.096873	-0.402796	 0.328050	 0.186053	 0.381003	 0.272175	 0.449645	 0.498487
 0.311530	 0.498636	 0.498694	 0.318965	 1.104613	-0.414569	 0.328050	-0.061900	 0.381026	 0.272543	 0.402237	 0.498487
 0.405148	 0.498822	 0.498694	 0.318907	 1.106259	-0.420455	 0.328050	-0.185877	 0.381037	 0.272727	 0.378532	 0.498487
-0.048044	 0.498915	 0.498694	 0.818878	 0.604865	-0.423399	 0.328050	-0.247865	 0.381043	 0.272819	 0.366680	 0.498487
-0.273637	 0.498961	 0.498694	 1.066226	 0.354169	-0.424870	 0.328050	-0.278859	 0.381046	 0.272865	 0.360754	 0.498487
-0.386433	 0.498985	 0.498694	 0.687273	 0.228821	-0.425606	 0.328050	 0.205644	 0.381047	 0.272888	 0.357791	 0.498487
-0.442832	 0.498996	 0.498694	 0.497796	 0.166146	-0.425974	 0.328050	 0.446515	 0.381048	 0.272900	 0.356309	 0.498487
-0.471031	 0.499002	 0.498694	 0.403058	 0.134809	 0.073842	 0.328050	 0.565576	 0.381049	 0.272906	 0.855568	 0.498487
-0.485131	 0.499005	 0.498694	 0.355688	 0.119141	 0.322603	 0.328050	 0.623737	 0.381049	 0.272909	 1.102488	 0.498487
-0.492180	 0.499006	 0.498694	 0.332004	 0.111307	 0.445840	 0.328050	 0.651454	 0.381049	 0.272910	 1.223249	 0.498487
-0.495705	 0.499007	 0.498694	 0.320162	 0.107389	 0.506321	 0.328050	 0.663954	 0.381049	 0.272911	 1.280942	 0.498487
-0.497468	 0.499008	 0.498694	 0.314240	 0.105431	 0.535428	 0.328050	 0.668851	 0.381049	 0.272911	 1.307111	 0.498487
-0.498349	 0.499008	 0.498694	 0.311280	 0.104452	 0.048852	 0.328050	 0.669952	 0.381049	 0.272911	 0.817529	 0.498487
-0.498789	 0.499008	 0.498694	 0.309800	 0.103962	-0.194436	 0.328050	 0.669160	 0.381049	 0.272911	 0.572738	 0.498487
-0.499010	 0.499008	 0.498694	 0.309059	 0.103717	-0.316080	 0.328050	 0.667428	 0.381049	-0.227089	 0.450342	 0.498487
-0.499120	 0.499008	 0.498694	 0.308689	 0.103595	-0.376902	 0.328050	 0.665230	 0.381049	-0.475634	 0.389145	 0.498487
-0.499175	 0.499008	 0.498694	 0.808504	 0.103533	-0.407313	 0.328050	 0.662805	 0.381049	-0.098459	 0.358546	 0.498487
-0.499203	 0.499008	 0.498694	 1.055795	 0.103503	-0.422518	 0.328050	 0.660272	 0.381049	 0.090129	 0.343246	 0.498487
-0.499216	 0.499008	 0.498694	 0.676834	 0.103488	-0.430121	 0.328050	 0.657690	 0.381049	 0.184423	 0.335597	 0.498487
-0.499223	 0.499008	 0.498694	 0.487354	 0.103480	-0.433922	 0.328050	 0.655089	 0.381049	 0.231570	 0.331772	 0.498487
-0.499227	 0.499008	 0.498694	 0.392614	 0.603476	-0.435823	 0.328050	 0.652483	 0.381049	 0.255143	 0.329859	 0.498487
-0.499228	 0.499008	 0.498694	 0.345244	 0.851267	-0.436773	 0.328050	 0.649880	 0.381049	 0.266930	 0.328903	 0.498487
-0.499229	 0.499008	 0.498694	 0.321559	 0.972965	-0.437248	 0.328050	 0.647285	 0.381049	 0.272823	 0.328425	 0.498487
 0.000770	 0.499008	 0.498694	 0.309716	 1.031624	 0.062514	 0.328050	 0.644697	 0.381049	 0.275770	 0.328186	 0.498487
 0.249769	 0.499008	 0.498694	 0.303795	 1.058773	 0.311271	 0.328050	 0.642119	 0.381049	 0.277243	 0.328066	 0.498487
 0.374268	 0.499008	 0.498694	 0.300834	 1.070176	-0.065471	 0.328050	 0.639551	 0.381049	 0.277980	 0.328007	 0.498487
 0.436517	 0.499008	 0.498694	 0.299354	 1.073714	-0.253842	 0.328050	 0.636993	 0.381049	 0.278348	 0.327977	 0.498487
 0.467642	-0.000992	 0.498694	 0.298614	 0.573329	-0.348027	 0.328050	 0.634446	 0.381049	 0.278532	 0.327962	 0.498487
 0.483204	-0.249990	 0.498694	 0.298244	 0.323136	-0.395120	 0.328050	 0.631908	 0.381049	 0.278624	 0.327954	 0.498487
 0.490986	 0.125511	 0.498694	 0.298059	 0.698040	-0.418666	-0.171950	 0.129380	-0.118951	 0.278670	 0.327951	 0.498487
 0.494876	 0.312259	 0.498694	 0.297966	 0.883346	-0.430440	-0.420606	-0.121884	-0.367713	 0.278693	 0.327949	 0.498487
 0.496822	 0.405634	 0.498694	 0.297920	 0.973861	-0.436326	-0.543596	-0.247515	-0.490861	 0.278705	 0.327948	 0.498487
 0.497794	 0.452321	 0.498694	 0.297897	 0.516990	-0.439269	-0.103757	 0.189669	-0.051207	 0.278711	 0.327947	 0.498487
 0.498281	 0.475664	 0.498694	 0.297885	 0.288555	-0.440741	 0.116162	 0.407007	 0.168620	 0.278714	 0.327947	 0.498487
-0.001476	 0.487336	 0.498694	 0.297879	 0.674337	-0.441477	 0.226121	 0.014427	 0.278533	 0.278715	 0.327947	 0.498487
-0.250352	 0.493172	 0.498694	 0.297877	 0.865108	-0.441845	 0.281101	-0.181862	 0.333490	 0.278716	 0.327947	 0.498487
-0.374790	 0.496090	 0.498694	 0.297875	 0.458382	-0.442029	 0.308591	 0.219993	 0.360968	 0.278716	 0.827947	 0.498487
-0.437009	 0.497549	 0.498694	 0.297874	 0.255019	-0.442121	 0.322336	 0.419677	 0.374707	 0.278716	 1.075291	 0.498487
 0.031881	 0.498278	 0.498694	 0.297874	 0.153337	-0.442167	 0.329209	 0.518280	-0.118423	 0.278716	 0.696318	 0.498487
 0.265325	 0.498643	 0.498694	 0.297874	 0.102496	-0.442190	 0.332645	 0.566348	-0.363765	 0.278716	 0.506831	 0.498487
 0.382047	 0.498825	 0.498694	 0.297874	 0.077076	-0.442201	 0.334363	 0.589153	-0.485218	 0.278716	 0.412088	 0.498487
 0.440408	 0.498917	 0.498694	 0.297874	 0.064366	-0.442207	 0.335222	 0.599331	-0.044731	 0.278716	 0.364716	 0.498487
 0.469588	 0.498962	 0.498694	 0.297874	 0.058011	-0.442210	 0.335652	 0.603202	 0.175513	 0.278716	 0.341030	 0.498487
-0.015822	-0.001015	 0.498694	 0.297874	 0.554833	-0.442211	 0.335866	 0.603923	 0.285634	 0.278716	 0.329188	 0.498487
-0.257524	-0.250002	 0.498694	 0.297874	 0.801141	-0.442212	 0.335974	 0.603074	 0.340695	 0.278716	 0.323266	 0.498487
 0.121625	 0.125505	 0.498694	 0.297874	 0.922200	-0.442212	 0.336027	 0.601445	 0.368226	 0.278716	 0.820305	 0.498487
 0.310198	 0.312256	 0.498694	 0.297874	 0.980643	-0.442213	 0.336054	 0.599431	 0.381991	 0.278716	 1.066190	 0.498487
-0.095516	 0.405632	 0.498694	 0.297874	 1.007786	-0.442213	 0.336068	 0.597229	 0.388873	 0.278716	 0.686509	 0.498487
-0.297370	 0.452320	 0.498694	 0.297874	 1.019288	-0.442213	 0.336074	 0.594938	 0.392315	 0.278716	 0.496668	 0.498487
-0.398297	 0.475664	 0.498694	 0.297874	 1.022977	-0.442213	 0.336078	 0.592607	 0.394035	 0.278716	 0.401747	 0.498487
 0.051239	 0.487336	 0.498694	 0.297874	 1.022769	-0.442213	 0.336079	 0.590261	 0.394896	 0.278716	 0.354287	 0.498487
 0.275006	 0.493172	 0.498694	 0.297874	 1.020619	-0.442213	 0.336080	 0.587913	 0.395326	 0.278716	 0.330557	 0.498487
-0.113111	 0.496090	 0.498694	 0.297874	 1.017508	-0.442213	 0.336081	 0.585567	 0.395541	 0.278716	 0.318692	 0.498487
-0.306167	 0.497549	 0.498694	 0.297874	 1.013923	-0.442213	 0.336081	 0.583228	 0.395648	 0.278716	 0.312759	 0.498487
 0.097305	 0.498278	 0.498694	 0.297874	 1.010110	-0.442213	 0.336081	 0.580897	 0.395702	 0.278716	 0.309793	 0.498487
 0.298040	 0.498643	 0.498694	 0.297874	 1.006191	-0.442213	 0.336081	 0.578574	 0.395729	 0.278716	 0.308310	 0.498487
-0.101593	 0.498825	 0.498694	 0.797874	 0.502227	-0.442213	 0.336081	 0.076260	 0.395743	 0.278716	 0.307569	 0.498487
-0.300407	 0.498917	 0.498694	 1.045278	 0.250245	-0.442213	 0.336081	-0.174897	 0.395749	 0.278716	 0.307198	 0.498487
-0.399814	 0.498962	 0.498694	 1.166395	 0.124254	-0.442213	 0.336081	-0.300476	 0.395753	 0.278716	 0.307012	 0.498487
-0.449517	 0.498985	 0.498694	 0.724378	 0.061258	-0.442213	 0.336081	 0.136735	 0.395754	 0.278716	 0.306920	 0.498487
-0.474369	 0.498996	 0.498694	 0.503370	 0.029761	-0.442213	 0.336081	 0.354193	 0.395755	 0.278716	 0.306873	 0.498487
-0.486795	 0.499002	 0.498694	 0.392866	 0.014012	-0.442213	 0.336081	 0.461778	 0.395756	 0.278716	 0.806850	 0.498487
-0.493008	 0.499005	 0.498694	 0.337613	 0.006137	-0.442213	 0.336081	 0.514432	 0.395756	 0.278716	 1.054225	 0.498487
-0.496115	 0.499006	 0.498694	 0.309987	 0.002200	-0.442213	 0.336081	 0.539625	 0.395756	 0.278716	 0.675309	 0.498487
-0.497668	 0.499007	 0.498694	 0.296174	 0.000231	-0.442213	 0.336081	 0.551092	 0.395756	 0.278716	 0.485851	 0.498487
-0.498444	 0.499007	 0.498694	 0.289268	 0.499247	-0.442213	 0.336081	 0.555700	 0.395756	 0.278716	 0.391122	 0.498487
-0.498833	 0.499008	 0.498694	 0.285815	 0.746758	-0.442213	 0.336081	 0.556883	 0.395756	 0.278716	 0.343758	 0.498487
-0.499027	 0.499008	 0.498694	 0.284088	 0.868526	-0.442213	 0.336081	 0.556359	 0.395756	 0.278716	 0.320075	 0.498487
 0.000876	 0.499008	 0.498694	 0.783225	 0.927429	-0.442213	 0.336081	 0.554985	 0.395756	 0.278716	 0.308234	 0.498487
 0.249826	 0.499008	 0.498694	 1.030228	 0.954907	-0.442213	 0.336081	 0.553191	 0.395756	 0.278716	 0.302314	 0.498487
 0.374301	 0.499008	 0.498694	 0.651176	 0.966682	-0.442213	 0.336081	 0.551191	 0.395756	 0.278716	 0.299354	 0.498487
 0.436538	 0.499008	 0.498694	 0.461649	 0.970612	-0.442213	 0.336081	 0.549093	 0.395756	 0.278716	 0.297873	 0.498487
 0.467657	 0.499008	 0.498694	 0.866886	 0.970629	-0.442213	-0.163919	 0.546950	 0.395756	 0.278716	 0.297133	 0.498487
 0.483217	 0.499008	 0.498694	 1.066960	 0.968695	-0.442213	-0.412591	 0.544789	 0.395756	 0.278716	 0.296763	 0.498487
 0.490996	 0.499008	 0.498694	 0.664463	 0.965795	-0.442213	-0.035605	 0.542623	 0.395756	 0.278716	 0.796578	 0.498487
 0.494886	 0.499008	 0.498694	 0.463215	 0.962419	-0.442213	 0.152889	 0.540459	 0.395756	 0.278716	 1.043893	 0.498487
 0.496831	 0.499008	 0.498694	 0.362591	 0.958813	-0.442213	 0.247135	 0.538300	 0.395756	 0.278716	 1.164968	 0.498487
-0.002197	 0.499008	 0.498694	 0.312278	 0.955100	-0.442213	 0.294258	 0.536149	 0.395756	 0.278716	 0.722933	 0.498487
-0.250708	 0.499008	 0.498694	 0.287122	 0.951340	-0.442213	 0.317820	 0.534005	 0.395756	 0.278716	 0.501916	 0.498487
-0.374964	 0.499008	 0.498694	 0.274544	 0.947565	-0.442213	 0.329601	 0.531869	 0.395756	 0.278716	 0.891407	 0.498487
-0.437091	 0.499008	 0.498694	 0.268255	 0.943790	-0.442213	 0.335491	 0.529742	 0.395756	 0.278716	 1.083591	 0.498487
 0.031845	-0.000992	 0.498694	 0.765111	 0.440023	-0.442213	 0.338437	 0.527623	 0.395756	-0.221284	 1.177132	 0.498487
 0.265311	-0.249990	 0.498694	 1.011015	 0.188139	-0.442213	 0.339909	 0.525513	 0.395756	-0.469841	 1.221360	 0.498487
 0.382044	 0.125511	 0.498694	 1.131453	 0.562197	-0.442213	 0.340645	 0.523411	 0.395756	-0.092683	 0.740944	 0.498487
 0.440411	 0.312259	 0.498694	 1.189168	 0.747354	-0.442213	 0.341014	 0.521317	 0.395756	 0.095896	 0.500735	 0.498487
 0.469594	 0.405633	 0.498694	 1.215532	 0.838067	-0.442213	 0.341198	 0.519232	 0.395756	 0.190186	 0.380631	 0.498487
-0.015814	 0.452321	 0.498694	 0.726230	 0.381566	-0.442213	 0.341290	 0.517155	 0.395756	 0.237330	 0.320579	 0.498487
-0.257516	 0.475664	 0.498694	 0.481579	 0.153316	-0.442213	 0.341336	 0.515086	 0.395756	 0.260903	 0.290553	 0.498487
-0.378367	 0.487336	 0.498694	 0.359254	 0.039190	-0.442213	 0.341359	 0.513026	 0.395756	 0.272689	 0.775540	 0.498487
-0.438792	 0.493172	 0.498694	 0.298091	-0.017872	-0.442213	 0.341370	 0.510974	 0.395756	 0.278582	 1.015512	 0.498487
 0.030995	 0.496090	 0.498694	 0.267510	 0.453596	-0.442213	 0.341376	 0.508930	 0.395756	-0.218471	 0.632988	 0.498487
 0.264887	 0.497549	 0.498694	 0.252219	 0.687481	-0.442213	 0.341379	 0.506894	 0.395756	-0.465567	 0.441725	 0.498487
 0.381833	 0.498278	 0.498694	 0.244573	 0.802580	-0.442213	 0.341380	 0.504867	 0.395756	-0.087690	 0.346094	 0.498487
 0.440306	 0.498643	 0.498694	 0.240751	 0.858294	-0.442213	 0.341381	 0.502847	 0.395756	 0.101249	 0.298278	 0.498487
 0.469543	 0.498825	 0.498694	 0.238839	 0.884324	-0.442213	 0.341381	 0.500836	 0.395756	 0.195719	 0.274371	 0.498487
-0.015839	 0.498916	 0.498694	-0.262116	 0.895517	-0.442213	 0.341382	 0.499830	 0.395756	 0.242953	 0.762417	 0.498487
-0.257527	 0.498962	 0.498694	-0.511068	 0.899301	-0.442213	 0.341382	 0.499327	 0.395756	 0.266571	 1.003939	 0.498487
-0.378371	 0.498985	 0.498694	 0.365976	 0.899386	 0.057787	 0.341382	 0.499076	 0.395756	 0.278379	 0.622209	 0.498487
-0.438794	 0.498996	 0.498694	 0.802012	 0.897630	 0.306672	 0.341382	 0.498950	 0.395756	 0.284284	 0.431344	 0.498487
 0.030995	 0.499002	 0.498694	 0.517554	 0.894961	-0.069997	 0.341382	 0.498887	 0.395756	 0.287236	 0.835912	 0.498487
 0.264888	 0.499005	 0.498694	 0.375325	 0.891841	-0.258332	 0.341382	 0.498856	 0.395756	 0.288712	 1.035714	 0.498487
 0.381835	 0.499006	 0.498694	 0.804211	 0.388504	-0.352499	 0.341382	 0.498840	 0.395756	 0.289450	 0.633145	 0.498487
 0.440308	 0.499007	 0.498694	 1.016187	 0.136835	-0.399583	 0.341382	 0.498832	 0.395756	 0.289819	 0.431860	 0.498487
 0.469545	 0.499007	 0.498694	 1.119719	 0.011001	-0.423124	 0.341382	 0.498828	 0.395756	 0.290003	 0.331218	 0.498487
 0.484163	 0.499007	 0.498694	 0.669039	-0.051916	-0.434895	 0.341382	 0.498826	 0.395756	 0.290096	 0.780896	 0.498487
 0.491472	 0.499008	 0.498694	 0.443698	-0.083375	-0.440781	 0.341382	 0.498825	 0.395756	 0.290142	 1.003275	 0.498487
-0.004873	 0.499008	 0.498694	 0.831028	-0.099104	 0.056277	 0.341382	 0.498825	 0.395756	 0.290165	 1.112012	 0.498487
-0.252044	 0.499008	 0.498694	 1.022257	-0.106969	 0.303699	 0.341382	 0.498825	 0.395756	 0.290176	 1.163940	 0.498487
 0.124371	 0.499008	 0.498694	 0.615444	 0.389099	 0.426307	 0.341382	 0.498825	 0.395756	 0.290182	 0.687472	 0.498487
 0.311577	 0.499008	 0.498694	 0.412037	 0.635362	 0.486514	 0.341382	 0.498825	 0.395756	 0.290185	 0.449238	 0.498487
 0.405180	 0.499008	 0.498694	 0.310334	 0.756731	 0.515524	 0.341382	-0.001175	 0.395756	 0.290187	 0.330121	 0.498487
 0.451981	 0.499008	 0.498694	 0.259482	 0.815659	 0.528940	 0.341382	-0.250173	 0.395756	 0.290187	 0.270562	 0.498487
 0.475382	 0.499008	 0.498694	 0.234057	 0.343374	 0.034563	 0.341382	 0.125328	 0.395756	 0.290188	 0.240783	 0.498487
 0.487083	 0.499008	 0.498694	 0.221344	 0.107231	-0.212626	 0.341382	 0.312077	 0.395756	 0.290188	 0.225893	 0.498487
 0.492933	 0.499008	 0.498694	 0.214987	-0.010840	-0.336220	 0.341382	 0.405451	 0.395756	 0.290188	 0.218449	 0.498487
-0.004142	 0.499008	 0.498694	 0.211809	 0.430124	-0.398017	 0.341382	-0.047861	 0.395756	 0.290188	 0.714726	 0.498487
-0.251677	 0.499008	 0.498694	 0.210220	 0.648864	-0.428916	 0.341382	-0.273515	 0.395756	 0.290188	 0.960443	 0.498487
 0.124555	 0.499008	 0.498694	 0.709425	 0.756499	-0.444365	 0.341382	 0.113658	 0.395756	 0.290188	 1.080889	 0.498487
 0.311670	 0.499008	 0.498694	 0.956611	 0.808588	-0.452089	 0.341382	 0.306242	 0.395756	 0.290188	 1.138709	 0.498487
-0.094773	 0.499008	 0.498694	 1.077796	 0.832912	-0.455952	 0.341382	 0.402535	 0.395756	 0.290188	 0.665227	 0.498487
-0.296992	 0.499008	 0.498694	 1.135991	 0.843359	-0.457883	 0.341382	 0.450681	 0.395756	 0.290188	 0.428485	 0.498487
-0.398101	 0.499008	 0.498694	 1.162700	 0.846875	-0.458848	 0.341382	 0.474754	 0.395756	-0.209812	 0.310114	 0.498487
-0.448656	 0.499008	 0.498694	 1.173675	 0.846932	-0.459331	 0.341382	 0.486791	 0.395756	-0.458392	 0.250929	 0.498487
-0.473933	 0.499008	 0.498694	 1.176794	 0.845266	-0.459573	 0.341382	 0.492809	 0.395756	-0.581269	 0.221336	 0.498487
 0.013428	 0.499008	 0.498694	 0.675993	-0.157253	-0.459693	 0.341382	 0.495818	 0.395756	-0.141298	 0.706540	 0.498487
 0.256107	 0.499008	 0.498694	 0.425593	-0.656194	-0.459754	 0.341382	 0.497323	 0.395756	 0.078687	 0.946758	 0.498487
-0.122553	 0.499008	 0.498694	 0.300393	 0.096646	-0.459784	 0.341382	 0.498075	 0.395756	 0.188679	 0.564494	 0.498487
-0.310881	 0.499008	 0.498694	 0.237793	 0.471367	-0.459799	 0.341382	 0.498451	 0.395756	 0.243675	 0.373361	 0.498487
 0.094955	 0.499008	 0.498694	 0.206493	 0.157036	-0.459807	 0.341382	 0.498639	 0.395756	 0.271174	 0.277795	 0.498487
 0.296872	 0.499008	 0.498694	 0.190843	-0.000130	-0.459810	 0.341382	 0.498733	 0.395756	 0.284923	 0.230012	 0.498487
-0.102170	 0.499008	 0.498694	 0.183018	 0.421287	-0.459812	 0.341382	 0.498780	 0.395756	 0.291797	 0.206120	 0.498487
-0.300689	 0.499008	 0.498694	 0.179105	 0.630310	-0.459813	 0.341382	 0.498804	 0.395756	 0.295234	 0.194175	 0.498487
-0.399948	 0.499008	 0.498694	 0.177149	 0.733143	-0.459814	 0.341382	 0.498815	 0.395756	 0.296953	 0.188202	 0.498487
 0.050422	 0.499008	 0.498694	 0.676171	 0.282887	-0.459814	 0.341382	 0.498821	 0.395756	 0.297812	 0.185215	 0.498487
 0.274606	 0.499008	 0.498694	 0.923331	 0.057760	-0.459814	 0.341382	 0.498824	 0.395756	 0.298242	 0.183722	 0.498487
 0.386698	 0.499008	 0.498694	 0.544571	 0.445196	-0.459814	 0.341382	 0.498826	 0.395756	 0.298457	 0.182975	 0.498487
 0.442744	 0.499008	 0.498694	 0.355190	 0.637249	-0.459814	 0.341382	 0.498827	 0.395756	 0.298564	 0.182602	 0.498487
-0.029233	 0.499008	 0.498694	 0.260500	 0.731616	-0.459814	 0.341382	 0.498827	 0.395756	 0.298618	 0.182415	 0.498487
-0.264219	 0.499008	 0.498694	 0.213155	 0.777148	-0.459814	 0.341382	 0.498827	 0.395756	 0.298645	 0.182322	 0.498487
-0.381712	 0.499008	 0.498694	 0.189482	 0.298269	-0.459814	 0.341382	 0.498827	 0.395756	 0.298658	 0.182275	 0.498487
-0.440459	 0.499008	 0.498694	 0.177646	 0.058829	-0.459814	 0.341382	 0.498827	 0.395756	 0.298665	 0.182252	 0.498487
-0.469832	 0.499008	 0.498694	 0.171728	-0.060891	-0.459814	 0.341382	 0.498827	 0.395756	 0.298668	 0.182240	 0.498487
 0.015481	 0.499008	 0.498694	 0.168769	 0.379249	-0.459814	 0.341382	 0.498827	 0.395756	-0.201330	 0.682235	 0.498487
 0.257136	 0.499008	 0.498694	 0.167289	 0.597681	-0.459814	 0.341382	 0.498827	 0.395756	-0.449926	 0.929867	 0.498487
-0.122036	 0.499008	 0.498694	 0.666550	 0.205264	-0.459814	 0.341382	 0.498827	 0.395756	-0.072828	 0.551329	 0.498487
-0.310620	 0.499008	 0.498694	 0.913848	 0.009056	-0.459814	 0.341382	 0.498827	 0.395756	 0.115722	 0.362059	 0.498487
 0.095088	 0.499008	 0.498694	 0.535175	 0.410952	-0.459814	 0.341382	 0.498827	 0.395756	 0.209996	 0.267425	 0.498487
 0.296941	 0.499008	 0.498694	 0.345839	 0.610274	-0.459814	 0.341382	 0.498827	 0.395756	 0.257134	 0.220107	 0.498487
-0.102133	 0.499008	 0.498694	 0.751170	 0.208316	-0.459814	 0.341382	-0.001173	 0.395756	 0.280702	 0.696449	 0.498487
-0.300668	 0.499008	 0.498694	 0.951523	 0.007337	-0.459814	 0.341382	-0.250170	 0.395756	 0.292487	 0.932274	 0.498487
-0.399935	 0.499008	 0.498694	 1.049396	-0.093153	-0.459814	 0.341382	-0.374669	 0.395756	 0.298379	 1.047850	 0.498487
 0.050431	 0.499008	 0.498694	 1.096038	-0.143398	 0.040186	 0.341382	 0.063081	 0.395756	-0.198675	 0.603311	 0.498487
 0.274613	 0.499008	 0.498694	 1.117073	-0.168520	 0.289106	 0.341382	 0.280955	 0.395756	-0.445810	 0.381042	 0.498487
-0.113296	 0.499008	 0.498694	 0.625315	 0.318919	 0.412489	 0.341382	 0.389892	 0.395756	-0.067992	 0.269907	 0.498487
-0.306248	 0.499008	 0.498694	 0.379435	 0.561026	 0.473109	 0.341382	 0.444360	 0.395756	 0.120917	 0.214340	 0.498487
 0.097276	 0.499008	 0.498694	 0.256496	 0.180473	 0.502352	 0.341382	 0.471594	 0.395756	 0.215371	 0.686556	 0.498487
 0.298036	 0.499008	 0.498694	 0.195026	-0.009804	 0.515910	 0.341382	 0.485212	 0.395756	 0.262599	 0.920347	 0.498487
-0.101584	 0.499008	 0.498694	 0.164291	 0.395058	 0.521630	 0.341382	 0.492020	 0.395756	 0.286212	 0.534934	 0.498487
-0.300391	 0.499008	 0.498694	 0.148924	 0.595889	 0.523436	 0.341382	 0.495424	 0.395756	 0.298019	 0.342227	 0.498487
-0.399795	 0.499008	 0.498694	 0.141240	 0.694711	 0.523288	 0.341382	 0.497126	 0.395756	 0.303922	 0.245874	 0.498487
-0.449497	 0.499008	 0.498694	 0.637398	 0.742535	 0.022168	 0.341382	 0.497978	 0.395756	 0.306874	 0.697698	 0.498487
-0.474348	 0.499008	 0.498694	 0.883210	 0.764866	-0.228392	 0.341382	 0.498403	 0.395756	 0.308350	 0.921310	 0.498487
-0.486773	 0.499008	 0.498694	 0.503858	 0.274458	-0.353672	 0.341382	 0.498616	 0.395756	 0.309088	 1.030827	 0.498487
-0.492986	 0.499008	 0.498694	 0.314182	 0.029253	-0.416312	 0.341382	 0.498722	 0.395756	 0.309457	 1.083304	 0.498487
 0.003907	 0.499008	 0.498694	 0.719344	-0.093349	 0.052368	 0.341382	 0.498775	 0.395756	 0.309641	 0.607272	 0.498487
 0.251353	 0.499008	 0.498694	 0.919676	-0.154650	 0.285665	 0.341382	 0.498802	 0.395756	 0.309734	 0.369255	 0.498487
 0.375075	 0.499008	 0.498694	 0.517602	-0.185301	 0.401276	 0.341382	 0.498815	 0.395756	 0.309780	 0.750247	 0.498487
 0.436937	 0.499008	 0.498694	 0.316565	-0.200626	 0.458048	 0.341382	 0.498822	 0.395756	 0.309803	 0.938480	 0.498487
 0.467867	 0.499008	 0.498694	 0.216046	-0.208289	 0.485404	 0.341382	 0.498825	 0.395756	 0.309814	 1.030344	 0.498487
 0.483333	 0.499008	 0.498694	 0.665787	-0.212120	 0.498057	 0.341382	 0.498827	 0.395756	 0.309820	 0.574031	 0.498487
 0.491065	 0.499008	 0.498694	 0.888426	-0.214035	 0.503362	 0.341382	 0.498828	 0.395756	 0.309823	 0.345874	 0.498487
-0.005068	 0.499008	 0.498694	 0.997524	 0.285007	 0.004997	 0.341382	 0.498828	 0.395756	 0.309824	 0.231796	 0.498487
-0.252133	 0.499008	 0.498694	 1.049859	 0.532960	-0.244185	 0.341382	 0.498828	 0.395756	 0.309825	 0.174757	 0.498487
 0.124335	 0.499008	 0.498694	 1.073823	 0.655374	 0.131223	 0.341382	 0.498829	-0.604244	 0.309825	 0.146238	 0.498487
 0.311567	 0.499008	 0.498694	 1.083609	 0.715026	 0.317914	 0.341382	 0.498829	-1.101036	 0.309826	 0.131978	 0.498487
 0.405183	 0.499008	 0.498694	 1.086315	 0.243303	 0.410251	 0.341382	 0.498829	-0.346236	 0.309826	 0.624848	 0.498487
 0.451991	 0.499008	 0.498694	 1.085490	 0.007441	 0.455414	 0.341382	 0.498829	 0.031164	 0.309826	 0.869048	 0.498487
 0.475395	 0.499008	 0.498694	 1.082909	-0.110490	 0.476994	 0.341382	 0.498829	 0.219864	 0.309826	 0.988921	 0.498487
-0.012903	 0.499008	 0.498694	 0.579457	-0.169455	 0.487784	 0.341382	 0.498829	 0.314214	 0.309826	 1.046640	 0.498487
-0.256049	 0.499008	 0.498694	 0.327731	-0.198938	 0.493179	 0.341382	 0.498829	 0.361389	 0.309826	 1.073291	 0.498487
-0.377622	 0.499008	 0.498694	 0.701868	 0.286321	-0.004123	 0.341382	 0.498829	 0.384977	 0.309826	 0.584416	 0.498487
-0.438409	 0.499008	 0.498694	 0.886785	 0.527407	-0.251771	 0.341382	 0.498829	 0.396771	 0.309826	 0.339979	 0.498487
-0.468802	 0.499008	 0.498694	 0.977100	 0.146413	-0.375596	 0.341382	 0.498829	 0.402667	 0.309826	 0.217760	 0.498487
-0.483999	 0.499008	 0.498694	 1.020122	-0.044084	-0.437508	 0.341382	 0.498829	 0.405616	 0.309826	 0.156651	 0.498487
 0.008403	 0.499008	 0.498694	 0.539507	-0.139333	-0.468464	 0.341382	 0.498829	 0.407090	 0.309826	 0.126097	 0.498487
 0.253602	 0.499008	 0.498694	 0.299200	-0.186957	-0.483942	 0.341382	 0.498829	 0.407827	 0.309826	 0.110819	 0.498487
 0.376201	 0.499008	 0.498694	 0.179046	-0.210769	-0.491681	 0.341382	 0.498829	 0.408196	 0.309826	 0.103181	 0.498487
 0.437501	-0.000992	 0.498694	 0.118969	 0.277325	-0.495550	 0.341382	 0.498829	 0.408380	 0.309826	 0.099361	 0.498487
 0.468151	-0.249990	 0.498694	 0.088931	 0.519841	-0.497485	 0.341382	 0.498829	 0.408472	 0.309826	 0.097452	 0.498487
 0.483476	 0.125511	 0.498694	 0.073912	 0.639574	-0.498452	 0.341382	 0.498829	 0.408518	 0.309826	 0.596497	 0.498487
 0.491139	 0.312259	 0.498694	 0.066402	 0.697922	-0.498936	 0.341382	 0.498829	 0.408541	 0.309826	 0.843828	 0.498487
 0.494970	-0.094367	 0.498694	 0.562647	 0.225584	-0.499178	 0.341382	 0.498829	 0.408553	 0.309826	 0.965312	 0.498487
 0.496885	-0.296678	 0.498694	 0.808652	-0.010585	-0.499299	 0.341382	 0.498829	 0.408559	 0.309826	 1.023880	 0.498487
-0.002157	 0.102167	 0.498694	 0.429545	 0.371330	-0.499359	 0.341382	 0.498829	 0.408561	 0.309826	 1.050999	 0.498487
-0.250675	 0.300587	 0.498694	 0.239992	 0.560781	-0.499390	 0.341382	 0.498829	 0.408563	 0.309826	 1.062402	 0.498487
-0.374935	 0.399797	 0.498694	 0.145215	 0.654006	-0.499405	 0.341382	 0.498829	 0.408564	 0.309826	 1.065956	 0.498487
-0.437064	 0.449402	 0.498694	 0.097827	 0.699124	-0.499412	 0.341382	 0.498829	 0.408564	 0.309826	 0.565594	 0.498487
-0.468129	 0.474205	 0.498694	 0.074132	 0.720195	-0.499416	 0.341382	 0.498829	 0.408564	 0.309826	 0.315413	 0.498487
 0.016338	 0.486606	 0.498694	 0.062285	 0.729248	 0.000582	 0.341382	 0.498829	 0.408564	 0.309826	 0.190323	 0.498487
 0.257570	 0.492807	 0.498694	 0.056362	 0.732298	 0.249580	 0.341382	 0.498829	 0.408564	 0.309826	 0.127778	 0.498487
 0.378187	 0.495907	 0.498694	 0.553400	 0.732352	 0.374079	 0.341382	 0.498829	 0.408564	-0.190174	 0.096505	 0.498487
 0.438495	 0.497457	 0.498694	 0.799818	 0.730914	 0.436328	 0.341382	 0.498829	 0.408564	-0.438794	 0.080869	 0.498487
-0.031351	 0.498232	 0.498694	 0.420935	 0.228736	-0.032547	 0.341382	 0.498829	 0.408564	-0.061729	 0.073050	 0.498487
-0.265272	 0.498620	 0.498694	 0.231493	-0.022353	-0.265982	 0.341382	 0.498829	 0.408564	 0.126804	 0.069141	 0.498487
-0.382232	 0.498814	 0.498694	 0.136772	-0.147897	-0.382699	 0.341382	 0.498829	 0.408564	 0.221070	 0.067187	 0.498487
-0.440712	 0.498911	 0.498694	 0.089412	-0.210669	-0.441058	 0.341382	 0.498829	 0.408564	 0.268203	 0.066210	 0.498487
-0.469952	 0.498959	 0.498694	 0.065732	-0.242055	-0.470237	 0.341382	 0.498829	 0.408564	 0.291770	 0.065721	 0.498487
 0.015427	-0.001017	 0.498694	 0.053892	-0.257748	-0.484827	 0.341382	 0.498829	 0.408564	 0.303553	 0.065477	 0.498487
 0.257116	-0.250003	 0.498694	 0.047972	-0.265595	-0.492122	 0.341382	 0.498829	 0.408564	 0.309444	 0.065354	 0.498487
-0.122040	 0.125504	 0.498694	 0.045012	 0.230482	-0.495769	 0.341382	 0.498829	 0.408564	 0.312390	 0.565293	 0.498487
-0.310615	 0.312256	 0.498694	 0.043532	 0.477067	-0.497593	 0.341382	 0.498829	 0.408564	 0.313863	 0.813132	 0.498487
 0.095097	 0.405632	 0.498694	 0.042792	 0.598912	-0.498505	 0.341382	 0.498829	 0.408564	 0.314600	 0.434930	 0.498487
 0.296951	 0.452320	 0.498694	 0.042421	 0.658393	-0.498961	 0.341382	 0.498829	 0.408564	 0.314968	 0.245829	 0.498487
 0.397878	 0.475663	 0.498694	 0.042236	-0.313302	-0.499188	 0.341382	 0.498829	 0.408564	 0.315152	 0.151278	 0.498487
 0.448342	 0.487335	 0.498694	 0.042144	-0.796579	-0.499302	 0.341382	 0.498829	 0.408564	 0.315244	 0.104003	 0.498487
 0.473574	 0.493171	 0.498694	 0.042098	-1.035658	-0.499359	 0.341382	 0.498829	 0.408564	 0.315290	 0.080365	 0.498487
 0.486190	 0.496089	 0.498694	 0.542075	-0.152648	-0.499388	 0.341382	 0.498829	 0.408564	 0.315313	 0.068546	 0.498487
 0.492498	 0.497548	 0.498694	 0.789979	 0.287396	-0.499402	 0.341382	 0.498829	 0.408564	 0.315325	 0.062637	 0.498487
-0.004348	 0.498278	 0.498694	 0.411855	 0.505963	-0.499409	 0.341382	 0.498829	 0.408564	 0.315330	 0.559682	 0.498487
-0.251769	 0.498643	 0.498694	 0.222794	 0.613798	-0.499413	 0.341382	 0.498829	 0.408564	 0.315333	 0.806091	 0.498487
 0.124521	 0.498825	 0.498694	 0.628263	 0.666272	-0.499415	 0.341382	 0.498829	 0.408564	 0.315335	 0.427191	 0.498487
 0.311664	 0.498916	 0.498694	 0.828930	 0.691071	-0.499416	 0.341382	 0.498829	 0.408564	 0.315335	 0.237741	 0.498487
 0.405236	 0.498962	 0.498694	 0.427204	 0.702039	 0.000584	 0.341382	 0.498829	 0.408564	 0.315336	 0.643016	 0.498487
 0.452021	 0.498985	 0.498694	 0.226341	 0.706097	 0.249583	 0.341382	 0.498829	 0.408564	 0.315336	 0.843557	 0.498487
 0.475414	 0.498996	 0.498694	 0.125910	 0.706706	 0.374082	 0.341382	 0.498829	 0.408564	 0.315336	 0.941739	 0.498487
 0.487111	 0.499002	 0.498694	 0.575694	 0.705595	-0.063668	 0.341382	 0.498829	-0.591436	 0.315336	 0.488750	 0.498487
 0.492959	 0.499005	 0.498694	 0.798535	 0.703631	-0.281541	 0.341382	 0.498829	-1.088253	 0.315336	 0.262256	 0.498487
 0.495883	 0.499006	 0.498694	 0.907913	 0.701246	-0.390477	 0.341382	 0.498829	-0.333491	 0.315336	 0.649009	 0.498487
 0.497345	 0.499007	 0.498694	 0.960568	 0.698656	-0.444945	 0.341382	 0.498829	 0.043889	 0.315336	 0.840313	 0.498487
-0.001924	 0.499007	 0.498694	 0.984868	 0.695968	-0.472179	 0.341382	 0.498829	 0.232580	 0.315336	 0.933903	 0.498487
-0.250556	 0.499007	 0.498694	 0.995000	 0.693238	-0.485796	 0.341382	 0.498829	 0.326925	 0.315336	 0.978642	 0.498487
-0.374872	 0.499007	 0.498694	 0.498056	 0.690492	-0.492605	 0.341382	 0.498829	 0.374098	 0.315336	 0.998965	 0.498487
-0.437030	 0.499007	 0.498694	 0.249584	 0.687743	-0.496009	 0.341382	 0.498829	 0.397684	 0.315336	 1.007088	 0.498487
-0.468109	 0.499007	 0.498694	 0.125348	 0.684999	-0.497711	 0.341382	 0.498829	 0.409477	 0.315336	 1.009119	 0.498487
 0.016352	 0.499007	 0.498694	 0.563230	 0.682262	-0.498562	 0.341382	 0.498829	 0.415374	 0.315336	 0.508113	 0.498487
 0.257580	 0.499007	 0.498694	 0.780169	 0.679535	-0.498988	 0.341382	 0.498829	 0.418322	 0.315336	 0.257609	 0.498487
 0.378194	 0.499007	 0.498694	 0.386644	 0.676818	-0.499200	 0.341382	 0.498829	 0.419796	 0.315336	 0.132357	 0.498487
 0.438502	 0.499007	 0.498694	 0.189881	 0.674111	-0.499307	 0.341382	 0.498829	 0.420533	 0.315336	 0.069732	 0.498487
-0.031345	 0.499007	 0.498694	 0.591500	 0.671415	-0.499360	 0.341382	 0.498829	 0.420902	-0.184664	 0.038419	 0.498487
 0.234734	 0.499007	 0.498694	 0.790323	 0.168729	 0.000613	 0.341382	 0.498829	 0.421086	 0.066705	 0.022762	 0.498487
 0.366772	 0.499007	 0.498694	 0.887757	-0.082614	 0.249599	 0.341382	 0.498829	 0.421178	 0.192390	 0.014934	 0.498487
 0.432791	 0.499007	 0.498694	 0.934503	-0.208285	 0.374092	 0.341382	 0.498829	 0.421224	 0.255232	 0.011020	 0.498487
-0.034199	 0.499007	 0.498694	 0.455913	 0.228879	-0.063662	 0.341382	 0.498829	-0.078753	 0.286654	 0.009063	 0.498487
-0.266692	 0.499007	 0.498694	 0.216619	 0.446129	-0.281536	 0.341382	 0.498829	-0.327584	 0.302364	 0.008084	 0.498487
 0.117062	 0.499007	 0.498694	 0.096971	 0.553428	-0.390473	 0.341382	 0.498829	-0.450846	 0.310220	 0.007595	 0.498487
 0.307937	 0.499007	 0.498694	 0.037148	 0.605755	-0.444941	 0.341382	 0.498829	-0.511330	 0.314147	 0.007350	 0.498487
-0.096626	 0.499007	 0.498694	 0.007236	 0.630603	 0.027824	 0.341382	 0.498829	-0.040428	 0.316111	 0.007228	 0.498487
-0.297905	 0.499007	 0.498694	-0.007720	 0.641716	 0.263206	 0.341382	 0.498829	 0.195024	 0.317093	 0.007167	 0.498487
-0.398544	 0.499007	 0.498694	 0.484802	 0.645967	 0.380897	 0.341382	 0.498829	 0.312749	 0.317584	 0.507136	 0.498487
-0.448864	 0.499007	 0.498694	 0.729108	 0.646792	 0.439742	 0.341382	 0.498829	 0.371612	 0.317829	 0.755107	 0.498487
-0.474024	 0.499007	 0.498694	 0.849315	 0.645909	 0.469165	 0.341382	 0.498829	 0.401043	 0.317952	 0.877086	 0.498487
 0.013396	 0.499007	 0.498694	 0.407479	 0.144177	-0.016124	 0.341382	 0.498829	 0.415759	 0.318013	 0.436077	 0.498487
 0.256105	 0.499007	 0.498694	 0.186561	-0.106688	-0.257765	 0.341382	 0.498829	 0.423117	 0.318044	 0.215573	 0.498487
-0.122541	 0.499007	 0.498694	 0.576102	 0.267879	-0.378586	 0.341382	 0.498829	 0.426796	 0.318059	 0.105321	 0.498487
-0.310861	 0.499007	 0.498694	 0.768941	 0.453878	-0.438996	 0.341382	 0.498829	 0.428635	 0.318067	 0.050195	 0.498487
 0.094978	 0.499007	 0.498694	 0.863437	 0.045597	-0.469201	 0.341382	 0.498829	-0.070445	 0.318071	 0.022632	 0.498487
 0.296897	 0.499007	 0.498694	 0.908769	-0.158543	-0.484304	 0.341382	 0.498829	-0.318846	 0.318073	 0.008850	 0.498487
 0.397856	 0.499007	 0.498694	 0.929527	 0.239387	-0.491855	-0.158618	 0.498829	 0.058088	 0.318074	 0.001960	 0.498487
 0.448335	 0.499007	 0.498694	 0.938006	 0.437077	-0.495631	-0.407301	 0.498829	 0.246555	 0.318074	-0.001486	 0.498487
 0.473575	 0.499007	 0.498694	 0.940352	 0.534653	-0.497519	-0.530330	 0.498829	 0.340788	 0.318075	-0.003209	 0.498487
 0.486195	 0.499007	 0.498694	 0.939640	 0.582176	 0.001537	-0.090538	 0.498829	 0.387905	 0.318075	 0.495930	 0.498487
 0.492505	 0.499007	 0.498694	 0.937406	 0.604678	 0.250064	 0.129358	 0.498829	 0.411463	 0.318075	 0.743509	 0.498487
-0.004340	 0.499007	 0.498694	 0.934418	 0.614675	-0.125672	 0.239306	 0.498829	 0.423242	 0.318075	 0.365317	 0.498487
-0.251760	 0.499007	 0.498694	 0.931062	 0.618424	-0.312538	 0.294280	 0.498829	 0.429132	 0.318075	 0.176220	 0.498487
-0.375470	 0.499007	 0.498694	 0.927528	 0.619054	-0.405971	 0.321767	 0.498829	 0.432077	 0.318075	 0.081672	 0.498487
