 0.498722	 0.498385	 0.498879	 0.547086	 0.649600	 0.498047	 0.263976	 0.492723	 0.793054	 0.292015	-0.220933	 0.498779
-0.001278	 0.498385	 0.498879	 0.544898	 0.647004	 0.498898	 0.270833	 0.495641	 0.802438	 0.292022	-0.220933	 0.498779
-0.250275	 0.498385	 0.498879	 0.542718	 0.644416	 0.499324	 0.274262	 0.497100	 0.805506	 0.292026	-0.220933	 0.498779
 0.125226	 0.498385	 0.498879	 0.540547	 0.641839	-0.000463	 0.275976	 0.497830	 0.805423	 0.292028	-0.220933	 0.498779
 0.311975	 0.498385	 0.498879	 0.538385	 0.639272	-0.249357	 0.276833	 0.498194	 0.803771	 0.292029	-0.220933	 0.498779
 0.405350	 0.498385	 0.498879	 0.536232	 0.136715	 0.126197	 0.277262	 0.498377	 0.301341	-0.207971	-0.220933	 0.498779
 0.452037	 0.498385	 0.498879	 0.534087	-0.114563	 0.312970	 0.277476	 0.498468	 0.050126	-0.456555	-0.220933	 0.498779
 0.475381	 0.498385	 0.498879	 0.531950	 0.259797	 0.406357	-0.222417	 0.498514	 0.424518	-0.579436	-0.220933	 0.498779
 0.487053	 0.498385	 0.498879	 0.529822	 0.445709	 0.453050	-0.470918	 0.498536	 0.610117	-0.639473	-0.220933	 0.498779
 0.492889	 0.498385	 0.498879	 0.527703	 0.537402	 0.476397	-0.593730	 0.498548	 0.701324	-0.668092	-0.220933	 0.498779
 0.495807	 0.498385	 0.498879	 0.525592	 0.581990	 0.488070	-0.153703	 0.498553	 0.745343	-0.181008	-0.220933	 0.498779
 0.497266	 0.498385	 0.498879	 0.523490	 0.603031	 0.493907	 0.066310	 0.498556	 0.765774	 0.062534	-0.220933	 0.498779
 0.497995	 0.498385	 0.498879	 0.521396	 0.112304	 0.496825	 0.176317	 0.498558	 0.774417	 0.184305	-0.220933	 0.498779
 0.498360	 0.498385	 0.498879	 0.519310	-0.133060	 0.498284	 0.231320	 0.498558	 0.777172	 0.245191	-0.220933	 0.498779
 0.498542	 0.498385	 0.498879	 0.517233	 0.244258	 0.499014	 0.258822	 0.498559	 0.776990	 0.275633	-0.220933	 0.498779
 0.498633	 0.498385	 0.498879	 0.515164	 0.431674	 0.499379	 0.272573	 0.498559	 0.775345	 0.290855	-0.220933	 0.498779
 0.498679	 0.498385	 0.498879	 0.513104	 0.524144	-0.000439	 0.279448	 0.498559	 0.272975	-0.201535	-0.220933	 0.498779
 0.498702	 0.498385	 0.498879	 0.511051	 0.569145	-0.249347	 0.282886	 0.498559	 0.021791	-0.446341	-0.220933	 0.498779
 0.498713	 0.498385	 0.498879	 0.509007	 0.590418	-0.373801	 0.284605	 0.498559	-0.103802	-0.567362	-0.220933	 0.498779
-0.001281	 0.498385	 0.498879	 0.506971	 0.599831	 0.063971	 0.285464	 0.498559	 0.333402	-0.126496	-0.220933	 0.498779
-0.250276	 0.498385	 0.498879	 0.504943	 0.603319	 0.281854	 0.285894	 0.498559	 0.550463	 0.093937	-0.220933	 0.498779
 0.125227	 0.498385	 0.498879	 0.502923	 0.603849	 0.390796	 0.286109	 0.498559	 0.657458	 0.204153	-0.220933	 0.498779
 0.311977	 0.498385	 0.498879	 0.500912	 0.602905	 0.445267	 0.286216	 0.498559	 0.709427	 0.259262	-0.220933	 0.498779
 0.405352	 0.498385	 0.498879	 0.499906	 0.601230	 0.472502	 0.286270	 0.498559	 0.733888	 0.286816	-0.220933	 0.498779
 0.452039	 0.498385	 0.498879	 0.499403	 0.599193	 0.486120	 0.286297	 0.498559	 0.744602	 0.300593	-0.220933	 0.498779
 0.475383	 0.498385	 0.498879	 0.499151	 0.596980	 0.492929	 0.286310	 0.498559	 0.748449	-0.192519	-0.220933	 0.498779
 0.487055	 0.498385	 0.498879	 0.499026	 0.594684	 0.496333	 0.286317	 0.498559	 0.748867	-0.437703	-0.220933	 0.498779
 0.492891	 0.498385	 0.498879	 0.498963	 0.592351	-0.001965	 0.286320	 0.498559	 0.747578	-0.058929	-0.220933	 0.498779
 0.495809	 0.498385	 0.498879	 0.498931	 0.590005	-0.250113	 0.286322	 0.498559	 0.745441	 0.130457	-0.220933	 0.498779
 0.497268	 0.498385	 0.498879	 0.498916	 0.587656	-0.374187	 0.286323	 0.498559	 0.742886	 0.225151	-0.220933	 0.498779
 0.497997	 0.498385	 0.498879	 0.498908	 0.585311	 0.063776	 0.286323	 0.498559	 0.740127	 0.272497	-0.220933	 0.498779
 0.498362	 0.498385	 0.498879	 0.498904	 0.582973	 0.281754	 0.286323	 0.498559	 0.737273	 0.296171	-0.220933	 0.498779
 0.498544	 0.498385	 0.498879	 0.498902	 0.580643	 0.390743	 0.286324	 0.498559	 0.734378	 0.308007	-0.220933	 0.498779
 0.498636	 0.498385	 0.498879	 0.498901	 0.578321	 0.445237	 0.286324	 0.498559	 0.731467	 0.313926	-0.220933	 0.498779
 0.498681	 0.498385	 0.498879	 0.498900	 0.576008	 0.472484	 0.286324	 0.498559	 0.728554	 0.316885	-0.220933	 0.498779
 0.498704	 0.498385	 0.498879	 0.498900	 0.573704	 0.486108	 0.286324	 0.498559	 0.725647	 0.318364	-0.220933	 0.498779
 0.498715	 0.498385	 0.498879	 0.498900	 0.571409	 0.492920	 0.286324	 0.498559	 0.222748	 0.319104	-0.220933	 0.498779
 0.498721	 0.498385	 0.498879	 0.498900	 0.569124	 0.496326	 0.286324	 0.498559	-0.028702	 0.319474	-0.220933	 0.498779
 0.498724	 0.498385	 0.498879	 0.498900	 0.566847	 0.498029	 0.286324	 0.498559	-0.154427	 0.319659	-0.220933	 0.498779
 0.498725	 0.498385	 0.498879	 0.498900	 0.564580	 0.498880	 0.286324	 0.498559	 0.282711	 0.319752	-0.220933	 0.498779
 0.498726	 0.498385	 0.498879	 0.498900	 0.562321	 0.499306	 0.286324	 0.498559	 0.499840	 0.319798	-0.220933	 0.498779
 0.498726	 0.498385	 0.498879	 0.498900	 1.060072	 0.499519	 0.286324	 0.498559	 0.606970	-0.180179	-0.220933	 0.498779
 0.498727	 0.498385	 0.498879	 0.498900	 1.305832	 0.499625	 0.286324	 0.498559	 0.659107	-0.428807	-0.220933	 0.498779
 0.498727	 0.498385	 0.498879	 0.498900	 0.925609	 0.499678	 0.286324	 0.498559	 0.683754	-0.551766	-0.220933	 0.498779
 0.498727	 0.498385	 0.498879	 0.498900	 0.734406	 0.499705	 0.286324	 0.498559	 0.694660	-0.611897	-0.220933	 0.498779
 0.498727	 0.498385	 0.498879	 0.998900	 1.137719	 0.499718	 1.286324	 0.498559	 0.198702	 0.359382	-0.220933	 0.498779
 0.498727	 0.498385	 0.498879	 1.245902	 1.336293	 0.499725	 1.781751	 0.498559	-0.049277	 0.842361	-0.220933	 0.498779
 0.498727	 0.498385	 0.498879	 1.366417	 1.432510	 0.499728	 2.024910	 0.498559	-0.173267	 1.081199	-0.220933	 0.498779
 0.498727	 0.498385	 0.498879	 0.923701	 1.477561	 1.499730	 3.141954	-1.001441	-0.235261	 2.197978	-0.220933	 0.498779
 0.498727	 0.498385	 0.498879	 0.702343	 1.497042	 1.994731	 3.691958	-1.746438	-0.266259	 2.749738	-0.220933	 0.498779
-0.001273	 0.498385	 0.498879	 0.591664	 1.503749	 2.237252	 3.458476	-2.113954	-0.781758	 3.019015	-0.220933	 0.498779
-0.250271	 0.498385	 0.498879	 0.536325	 1.504081	 2.353553	 3.335285	-2.292749	-1.036912	 3.147077	-0.220933	 0.498779
 0.125231	 0.498385	 0.498879	 0.508655	 1.501239	 1.906764	 3.267265	-3.377203	-2.161906	 4.204558	-0.220933	 0.498779
 0.311980	 0.498385	 0.498879	 0.494820	 1.496821	 1.680450	 3.226856	-3.910507	-2.717829	 4.722774	-0.220933	 0.498779
 0.405354	 0.498385	 0.498879	 0.487902	 0.991627	 1.064384	 3.700279	-4.168271	-2.989242	 4.971400	-0.220933	 0.498779
 0.452042	 0.498385	 0.498879	 0.484444	 0.739030	 0.756351	 3.928643	-4.288301	-3.118428	 5.085273	-0.220933	 0.498779
 0.475385	 0.498385	 0.498879	 0.482714	 0.612732	 0.602335	 4.034512	-4.339500	-3.176526	 5.131811	-0.220933	 0.498779
 0.487057	 0.498385	 0.498879	 0.481850	 0.549582	 0.525327	 4.079165	-4.356317	-3.699105	 5.644724	-0.720933	-0.001221
 0.492893	 0.498385	 0.498879	 0.481417	 0.518008	 0.486823	 4.093244	-4.355980	-3.951952	 5.888865	-0.968491	-0.250218
 0.495811	 0.498385	 0.498879	 0.481201	 0.502220	 0.467571	 4.592069	-4.347100	-4.069965	 5.998669	-1.089838	 0.125283
 0.497270	 0.498385	 0.498879	 0.481093	 0.494327	 0.457945	 4.831299	-4.333984	-4.120596	 6.041355	-1.148090	 0.312032
 0.498000	 0.498385	 0.498879	 0.481039	 0.990380	 0.453132	 4.440773	-4.318784	-4.137569	 6.050529	-1.174802	 0.405406
 0.498364	 0.498385	 0.498879	 0.481012	 1.235434	 0.450725	 4.237410	-4.302577	-4.137746	 6.042997	-1.185756	 0.452094
 0.498547	 0.498385	 0.498879	 0.480999	 0.855000	-0.050478	 4.127660	-4.285900	-3.629559	 6.027160	-0.688839	 0.475437
 0.498638	 0.498385	 0.498879	 0.480992	 0.664783	-0.299976	 4.064750	-4.269024	-3.369223	 6.007219	-0.440381	 0.487109
 0.498683	 0.498385	 0.498879	 0.480988	 0.569674	-0.423627	 4.025291	-4.252081	-3.232837	 5.985274	-0.316152	 0.492945
 0.498706	 0.498385	 0.498879	 0.480987	 0.522120	-0.484357	 3.497589	-4.235139	-2.658451	 4.462375	-0.254037	 0.495863
 0.498718	 0.498385	 0.498879	 0.480986	 0.498343	-0.513632	 3.227799	-4.218232	-2.367090	 3.695046	-0.222980	 0.497322
 0.498723	 0.498385	 0.498879	 0.480985	 0.486454	-0.527184	 1.086988	-2.201376	-1.217258	 0.805526	-0.207451	 0.498051
 0.498726	 0.498385	 0.498879	 0.480985	 0.480510	-0.532878	 0.018690	-1.192948	-0.642342	-0.635066	-0.199687	 0.498416
 0.498728	 0.498385	 0.498879	 0.480985	 0.477538	-0.534648	-0.513360	 0.311266	 0.645116	-1.351210	-0.195805	 0.498599
 0.498728	 0.498385	 0.498879	 0.480985	 0.476052	-0.534461	-0.777294	 1.059742	 1.284980	-1.705148	-0.193863	 0.498690
-0.001271	 0.498385	 0.498879	 0.480985	 0.475309	-0.533298	-0.907178	 0.430364	 0.601062	-1.377998	-0.192893	 0.498735
-0.250269	 0.498385	 0.498879	 0.480985	 0.474937	-0.531653	-0.970047	 0.115675	 0.259103	-1.212322	-0.192408	 0.498758
-0.374767	 0.498385	 0.498879	 0.480985	 0.474751	-0.529770	-0.999415	-0.041670	 0.088124	-1.127391	-0.192165	 0.498769
 0.062983	 0.498385	 0.498879	 0.480985	 0.474658	-0.027773	-1.012041	-0.120342	 0.002634	-0.582840	-0.192044	 0.498775
 0.280857	 0.498385	 0.498879	 0.480985	 0.474612	 0.223226	-1.016305	-0.159678	-0.040111	-0.310565	-0.191983	 0.498778
 0.389794	 0.498385	 0.498879	 0.480985	 0.474589	 0.348725	-1.016396	-0.179346	-0.061483	-0.174427	-0.191953	 0.498779
 0.444263	 0.498385	 0.498879	 0.480985	 0.474577	 0.411475	-1.014409	-0.189181	-0.072170	-0.106358	-0.191938	 0.498780
-0.028503	 0.498385	 0.498879	 0.480985	 0.474571	-0.057150	-1.011390	-0.194098	-0.077513	-0.072324	-0.191930	 0.498781
-0.263883	 0.498385	 0.498879	 0.480985	 0.474568	-0.290411	-1.007864	-0.196556	-0.080184	-0.055307	-0.191926	 0.498781
 0.118426	 0.498385	 0.498879	 0.480985	 0.474567	 0.094005	-1.004092	-0.197785	-0.081520	-0.046798	-0.191924	 0.498781
 0.308580	 0.498385	 0.498879	 0.480985	 0.474566	 0.286214	-1.000206	-0.198400	-0.082188	-0.042544	-0.191923	 0.498781
 0.403657	 0.498385	 0.498879	 0.480985	 0.474566	 0.382318	-0.996270	-0.198707	-0.082522	-0.040416	-0.191923	 0.498781
-0.048805	 0.498385	 0.498879	-0.019015	 0.474566	 0.430370	-0.992317	-0.198861	-0.082689	-0.039353	-0.191923	 0.498781
-0.274033	 0.498385	 0.498879	-0.267977	 0.474566	 0.454396	-0.988364	-0.198938	-0.082772	-0.038821	-0.191923	 0.498781
 0.113352	 0.498385	 0.498879	 0.108576	 0.474566	-0.033591	-0.984419	-0.198976	-0.082814	-0.038555	-0.191922	 0.498781
 0.306044	 0.498385	 0.498879	 0.296852	 0.474566	-0.276541	-0.980485	-0.198995	-0.082835	-0.038422	-0.191922	 0.498781
 0.402390	 0.498385	 0.498879	 0.390991	 0.474565	 0.103023	-0.476565	-0.199005	-0.082845	-0.538356	-0.191922	 0.498781
 0.450563	 0.498385	 0.498879	 0.438060	 0.474565	 0.292805	-0.224605	-0.199010	-0.082851	-0.786246	-0.191922	 0.498781
 0.474649	 0.498385	 0.498879	 0.461594	 0.474565	-0.612304	-0.098625	-0.199012	 0.417147	-0.408123	-0.191922	 0.498781
 0.486692	 0.498385	 0.498879	 0.473362	 0.474565	-1.061824	-0.035635	-0.199013	 0.665311	-0.219061	-0.191922	 0.498781
 0.492714	 0.498385	 0.498879	 0.479245	 0.474565	-1.283561	-0.004140	-0.199014	 0.787566	-0.124530	-0.191922	 0.498781
 0.495725	 0.498385	 0.498879	 0.482187	 0.474565	-0.891419	 0.011607	-0.199014	 0.846874	-0.577265	-0.191922	 0.498781
 0.497230	 0.498385	 0.498879	 0.483658	 0.474565	-0.695348	 0.019481	-0.199014	 0.874716	-0.801572	-0.191922	 0.498781
 0.497983	 0.498385	 0.498879	 0.484393	 0.474565	-0.097313	-0.476582	-0.199014	 0.386832	-0.411674	-0.191922	 0.498781
 0.498359	 0.498385	 0.498879	 0.484761	 0.474565	 0.200704	-0.722669	-0.199015	 0.142890	-0.216725	-0.191922	 0.498781
 0.498547	 0.498385	 0.498879	 0.484945	 0.474565	 0.349712	-0.843774	-0.199015	 0.020919	-0.119251	-0.191922	 0.498781
 0.498641	 0.498385	 0.498879	 0.485037	 0.474565	 0.424216	-0.902397	-0.199015	-0.040067	-0.070513	-0.191922	 0.498781
-0.001312	 0.498385	-0.001121	-0.014917	 0.474565	 0.461468	-0.429787	-0.199015	-0.070560	-0.046145	-0.191922	 0.498781
-0.250286	 0.498385	-0.250118	-0.263864	 0.474565	 0.480094	-0.193482	-0.199015	-0.085806	-0.033960	-0.191922	 0.498781
-0.374773	 0.498385	-0.374617	-0.387312	 0.474565	 0.489407	-0.075329	-0.199015	-0.093429	-0.027868	-0.191922	 0.498781
 0.062984	 0.498385	 0.063133	 0.051985	 0.474565	 0.494063	-0.016253	-0.199015	-0.097241	-0.524822	-0.191922	 0.498781
 0.280861	 0.498385	 0.281007	 0.271634	 0.474565	 0.496392	 0.013286	-0.199015	-0.099147	-0.771256	-0.191922	 0.498781
 0.389799	 0.498385	 0.389944	 0.381458	-0.025435	 0.497556	 0.028055	 0.300985	-0.600100	-0.392437	-0.191922	 0.498781
 0.444268	 0.498385	 0.444412	 0.436370	-0.274384	 0.498138	 0.035439	 0.549383	-0.848374	-0.203028	-0.191922	 0.498781
 0.471503	 0.498385	 0.471646	 0.463826	 0.102188	 0.498429	-0.460869	 0.171987	-0.470318	-0.108323	-0.191922	 0.498781
 0.485120	 0.498385	 0.485263	 0.477555	 0.290475	 0.498574	-0.707108	-0.016711	-0.281290	-0.060971	-0.191922	 0.498781
-0.008071	 0.498385	 0.492072	 0.484419	 0.384618	-0.001353	-0.328321	-0.111060	-0.186776	-0.037294	-0.191922	 0.498781
-0.253664	 0.498385	 0.495476	 0.487851	 0.431689	-0.250314	-0.138928	-0.158235	-0.139519	-0.025456	-0.191922	 0.498781
-0.376461	 0.498385	 0.497178	 0.489567	 0.455225	-0.374794	-0.044231	-0.181822	-0.115890	-0.019537	-0.191922	 0.498781
 0.062141	 0.498385	 0.498029	 0.490425	 0.466993	-0.437035	-0.496883	-0.193616	 0.395924	-0.016578	-0.191922	 0.498781
 0.280440	 0.498385	 0.498455	 0.490854	 0.472877	-0.468155	-0.721309	-0.199513	 0.650016	-0.015098	-0.191922	 0.498781
-0.110410	 0.498385	 0.498668	 0.491068	 0.475819	-0.483715	-0.331631	-0.202461	 0.775253	-0.014358	-0.191922	 0.498781
-0.304833	 0.498385	 0.498774	 0.491175	 0.477290	-0.491495	-0.136792	-0.203935	 0.836071	-0.013988	-0.191922	 0.498781
 0.097956	 0.498385	 0.498827	 0.491229	 0.478025	 0.004615	-0.039373	 0.295327	 0.364686	-0.013803	-0.191922	 0.498781
 0.298349	 0.498385	 0.498854	 0.491256	 0.478393	 0.251669	 0.009337	 0.543370	 0.128994	-0.013711	-0.191922	 0.498781
 0.398545	 0.498385	 0.498867	 0.491269	 0.478577	 0.375195	 0.033692	 0.665808	 0.011148	-0.013664	-0.191922	 0.498781
 0.448643	 0.498385	 0.498874	 0.491276	 0.478669	 0.436959	 0.045869	 0.725451	-0.047776	-0.013641	-0.191922	 0.498781
 0.473693	 0.498385	 0.498877	 0.491279	-0.021285	-0.532160	 0.051958	 0.253702	-0.077237	-0.513630	-0.191922	 0.498781
 0.486217	 0.498385	 0.498879	 0.491281	-0.270220	-1.013716	 0.055003	 0.017827	-0.091968	-0.761597	-0.191922	 0.498781
 0.492479	 0.498385	 0.498880	 0.491282	-0.393649	-1.251504	 0.056525	-0.100110	-0.099333	-0.883561	-0.191922	 0.498781
 0.495610	 0.498385	 0.498880	 0.491282	 0.045671	-0.867419	 0.057286	-0.159078	-0.103016	-0.442532	-0.191922	 0.498781
 0.497176	 0.498385	 0.498880	 0.491282	 0.265331	-0.675377	 0.057666	-0.188563	-0.104857	-0.222018	-0.191922	 0.498781
-0.002041	 0.498385	 0.498880	 0.491282	 0.375161	-0.079356	 0.057857	 0.296695	-0.105778	-0.111761	-0.191922	 0.498781
-0.250647	 0.498385	 0.498880	 0.491283	 0.430075	 0.217622	 0.057952	 0.537760	-0.106238	-0.056632	-0.191922	 0.498781
 0.125050	 0.498385	 0.498880	 0.491283	 0.457533	 0.365081	 0.057999	 0.656735	-0.106468	-0.529068	-0.191922	 0.498781
 0.311897	 0.498385	 0.498880	 0.491283	 0.471262	 0.437786	 0.058023	 0.714671	-0.106584	-0.763283	-0.191922	 0.498781
 0.405320	 0.498385	 0.498880	 0.491283	 0.478126	-0.026883	-0.441965	 0.242094	 0.393359	-0.378395	-0.191922	 0.498781
 0.452032	 0.498385	 0.498880	 0.491283	 0.481558	-0.259217	-0.690075	 0.005805	 0.641544	-0.185951	-0.191922	 0.498781
 0.475388	 0.498385	 0.498880	 0.491283	 0.483274	-0.375385	-0.812254	-0.112339	 0.763856	-0.089729	-0.191922	 0.498781
 0.487066	 0.498385	 0.498880	 0.491283	 0.484132	-0.433468	-0.371474	 0.328589	 0.323240	-0.041618	-0.191922	 0.498781
 0.492905	 0.498385	 0.498880	 0.491283	 0.484561	-0.462510	-0.151085	 0.547514	 0.102933	-0.017563	-0.191922	 0.498781
 0.495824	 0.498385	 0.498880	 0.491283	 0.484776	-0.477031	-0.040890	 0.655443	-0.007221	-0.005535	-0.191922	 0.498781
 0.497284	 0.498385	 0.498880	 0.491283	 0.484883	-0.484291	 0.014208	 0.707881	-0.062298	 0.000479	-0.191922	 0.498781
 0.498014	 0.498385	 0.498880	 0.491283	 0.484937	 0.012079	 0.041756	 0.732580	-0.089837	 0.003486	-0.191922	 0.498781
 0.498379	 0.498385	 0.498880	 0.491283	 0.484964	 0.259247	 0.055531	 0.743414	-0.103606	 0.004989	-0.191922	 0.498781
 0.498561	 0.498385	 0.498880	 0.491283	 0.484977	-0.118182	-0.437582	 0.747323	-0.110491	 0.005741	-0.191922	 0.498781
 0.498652	 0.498385	 0.498880	 0.491283	 0.484984	-0.306897	-0.682277	 0.747775	-0.113933	 0.006117	-0.191922	 0.498781
 0.498698	 0.498385	 0.498880	 0.491283	 0.484987	-0.401254	-0.802771	 0.746505	-0.115654	 0.006305	-0.191922	 0.498781
 0.498721	 0.498385	 0.498880	 0.491283	 0.484989	 0.051567	-0.361171	 0.744379	 0.383485	 0.006399	-0.191922	 0.498781
 0.498732	 0.498385	 0.498880	 0.491283	 0.484990	 0.276969	-0.140371	 0.741832	 0.631290	 0.006446	-0.191922	 0.498781
 0.498738	 0.498385	 0.498880	 0.491283	-0.015010	 0.388666	-0.529971	 0.739079	 0.253434	 0.006469	-0.191922	 0.498781
 0.498741	 0.498385	 0.498880	 0.491283	-0.263980	 0.443513	-0.722932	 0.736230	 0.064506	 0.006481	-0.191922	 0.498781
 0.498742	 0.498385	 0.498880	 0.491283	 0.112561	 0.470937	-0.317581	 0.733339	-0.029958	 0.006487	-0.191922	 0.498781
 0.498743	 0.498385	 0.498880	 0.491283	 0.300832	 0.484649	-0.114905	 0.730433	-0.077190	 0.006490	-0.191922	 0.498781
 0.498743	 0.498385	 0.498880	 0.491283	 0.394967	-0.008496	-0.013567	 0.727525	 0.399194	 0.006491	-0.191922	 0.498781
 0.498744	 0.498385	 0.498880	 0.491283	 0.442035	-0.254064	 0.037102	 0.724621	 0.635635	 0.006492	-0.191922	 0.498781
 0.498744	 0.498385	 0.498880	 0.491283	 0.465568	-0.376849	 0.062436	 0.721726	 0.752111	 0.006492	-0.191922	 0.498781
 0.498744	 0.498385	 0.498880	 0.491283	 0.477335	 0.061759	 0.075104	 0.718841	 0.308612	 0.006492	-0.191922	 0.498781
 0.498744	 0.498385	 0.498880	 0.491283	 0.483219	 0.280062	 0.081437	 0.715966	 0.086862	 0.006493	-0.191922	 0.498781
 0.498744	 0.498385	 0.498880	 0.491283	 0.486161	 0.389214	 0.084604	 0.713103	 0.475987	-0.493507	-0.191922	 0.498781
 0.498744	 0.498385	 0.498880	 0.491283	 0.487631	 0.443790	 0.086187	 0.710251	 0.668820	-0.741520	-0.191922	 0.498781
 0.498744	 0.498385	 0.498880	 0.491283	 0.488367	-0.028922	 0.086979	 0.707410	 0.263513	-0.363548	-0.191922	 0.498781
 0.498744	 0.498385	 0.498880	 0.491283	 0.488735	-0.264275	 0.087375	 0.704580	 0.060859	-0.174562	-0.191922	 0.498781
 0.498744	 0.498385	 0.498880	 0.491283	 0.488918	 0.118048	 0.087573	 0.701762	-0.040468	-0.080068	-0.191922	 0.498781
 0.498744	 0.498385	 0.498880	 0.491283	 0.489010	 0.308209	 0.087672	 0.698955	-0.091131	-0.032822	-0.191922	 0.498781
 0.498744	 0.498385	 0.498880	 0.491283	 0.489056	 0.403290	 0.087721	 0.696159	-0.116463	-0.009199	-0.191922	 0.498781
 0.498744	 0.498385	 0.498880	 0.491283	 0.489079	 0.450830	 0.087746	 0.693374	 0.370872	 0.002613	-0.191922	 0.498781
 0.498744	 0.498385	 0.498880	 0.491283	 0.489091	 0.474600	 0.087758	 0.690601	 0.612822	 0.008519	-0.191922	 0.498781
 0.498744	 0.498385	 0.498880	 0.491283	 0.489097	 0.486485	 0.087765	 0.687839	 0.232088	 0.011472	-0.191922	 0.498781
 0.498744	 0.498385	 0.498880	 0.491283	 0.489099	 0.492428	 0.087768	 0.685087	 0.041721	 0.012948	-0.191922	 0.498781
 0.498744	 0.498385	 0.498880	 0.491283	 0.489101	 0.495399	 0.087769	 0.682347	 0.446537	 0.013687	-0.191922	 0.498781
 0.498744	 0.498385	 0.498880	 0.491283	 0.489102	 0.496885	 0.087770	 0.679617	 0.647243	 0.014056	-0.191922	 0.498781
 0.498744	 0.498385	 0.498880	 0.491283	 0.489102	 0.497628	 0.087770	 0.676899	 0.745900	 0.014240	-0.191922	 0.498781
 0.498744	 0.498385	 0.498880	 0.491283	 0.489102	 0.497999	 0.087771	 0.674191	 0.793539	 0.014333	-0.191922	 0.498781
 0.498744	 0.498385	 0.498880	 0.491283	 0.489102	 0.498185	 0.087771	 0.671495	 0.815676	 0.014379	-0.191922	 0.498781
 0.498744	 0.498385	 0.498880	 0.491283	 0.489102	 0.498278	-0.912229	 0.668809	 0.825069	 0.014402	-0.191922	 0.498781
 0.498744	 0.498385	 0.498880	 0.491283	 0.489102	 0.498324	-1.408405	 0.666133	 0.828097	 0.014413	-0.191922	 0.498781
-0.001256	 0.498385	 0.498880	 0.491283	-0.010898	 0.498347	-1.152683	 0.663469	 0.327948	-0.485581	-0.191922	 0.498781
-0.250254	 0.498385	 0.498880	 0.491283	-0.259876	 0.498359	-1.023029	 0.660815	 0.077874	-0.733607	-0.191922	 0.498781
 0.125247	 0.498385	 0.498880	 0.491283	 0.116653	 0.498365	-0.456415	 0.658172	-0.047163	-0.355657	-0.191922	 0.498781
 0.311997	 0.498385	 0.498880	 0.491283	 0.304917	 0.498368	-0.173108	 0.655539	-0.109681	-0.166682	-0.191922	 0.498781
 0.405371	 0.498385	 0.498880	 0.491283	 0.399049	 0.498369	-0.031454	 0.652917	-0.140941	-0.072194	-0.191922	 0.498781
 0.452058	 0.498385	 0.498880	 0.491283	 0.446115	 0.498370	 0.039373	 0.650305	-0.156570	-0.024950	-0.191922	 0.498781
 0.475402	 0.498385	 0.498880	 0.491283	 0.469648	 0.498370	 0.074786	 0.647704	-0.164385	-0.001328	-0.191922	 0.498781
 0.487074	 0.498385	 0.498880	-0.008717	 0.481415	 0.498370	 0.092493	 0.645113	-0.168293	 0.010483	-0.191922	 0.498781
 0.492910	 0.498385	 0.498880	-0.257700	 0.487298	 0.498370	 0.101346	 0.642533	-0.170246	 0.016388	-0.191922	 0.498781
 0.495828	 0.498385	 0.498880	 0.118822	 0.490240	-0.001630	-0.394227	 0.639963	-0.171223	 0.019341	-0.191922	 0.498781
 0.497287	 0.498385	 0.498880	 0.307083	 0.491710	-0.250626	-0.640234	 0.637403	-0.171712	 0.020817	-0.191922	 0.498781
 0.498016	 0.498385	 0.498880	 0.401214	 0.492446	 0.124875	-0.261465	 0.634853	 0.328044	 0.021555	-0.191922	 0.498781
 0.498381	 0.498385	 0.498880	 0.448279	 0.492814	 0.311625	-0.072081	 0.632314	 0.576267	 0.021925	-0.191922	 0.498781
 0.498563	 0.498385	 0.498880	 0.471812	 0.492997	-0.094999	-0.977389	 0.629784	 0.198729	 0.022109	-0.191922	 0.498781
 0.498655	 0.498385	 0.498880	 0.483578	 0.493089	-0.297309	-1.426277	 0.627265	 0.009960	 0.022201	-0.191922	 0.498781
 0.498700	 0.498385	 0.498880	 0.489461	 0.493135	-0.398463	-1.646971	 0.624756	-0.084425	 0.022247	-0.191922	 0.498781
 0.498723	 0.498385	 0.498880	 0.492403	 0.993158	 0.050959	-1.253583	 0.122257	 0.368383	 0.022271	-0.191922	 0.498781
 0.498734	 0.498385	 0.498880	 0.493873	 1.240183	 0.274670	-1.055168	-0.128992	 0.593145	 0.022282	-0.191922	 0.498781
 0.498740	 0.498385	 0.498880	 0.494609	 0.860722	 0.386525	-0.954247	 0.245383	 0.703890	 0.022288	-0.191922	 0.498781
 0.498743	 0.498385	 0.498880	 0.494976	 0.670991	 0.442453	-0.902080	 0.431331	 0.757633	 0.022291	-0.191922	 0.498781
 0.498744	 0.498385	 0.498880	 0.495160	 0.576125	-0.029583	-0.374297	 0.523071	 0.782882	-0.477708	-0.191922	 0.498781
 0.498745	 0.498385	 0.498880	 0.495252	 0.528692	-0.264598	-0.110405	 0.567711	 0.793890	-0.725752	-0.191922	 0.498781
 0.498745	 0.498385	 0.498880	 0.495298	 0.504976	 0.117894	 0.021541	 0.588806	 0.797784	-0.347826	-0.191922	 0.498781
 0.498746	 0.498385	 0.498880	 0.495321	 0.493118	 0.308140	 0.087513	 0.598134	 0.798128	-0.158863	-0.191922	 0.498781
-0.001254	 0.498385	 0.498880	 0.495333	 0.487189	 0.403263	 0.120500	 0.601583	 0.796703	-0.064382	-0.191922	 0.498781
-0.250252	 0.498385	 0.498880	 0.495338	 0.484224	 0.450824	 0.136993	 0.602097	 0.794400	-0.017141	-0.191922	 0.498781
-0.374751	 0.498385	 0.498880	 0.495341	 0.482742	 0.474605	 0.145240	 0.601149	 0.791664	 0.006479	-0.191922	 0.498781
 0.063000	 0.498385	 0.498880	 0.495343	 0.482001	-0.013505	 0.149363	 0.599475	 0.788718	 0.018289	-0.191922	 0.498781
 0.280874	 0.498385	 0.498880	 0.495343	 0.481630	-0.256557	 0.151425	 0.597442	 0.785674	 0.024195	-0.191922	 0.498781
 0.389811	 0.498385	 0.498880	 0.495344	 0.481445	-0.378082	 0.152456	 0.595235	 0.282586	 0.027147	-0.191922	 0.498781
 0.444279	 0.498385	 0.498880	 0.495344	 0.481352	-0.438845	 0.152971	 0.592945	 0.031043	 0.028623	-0.191922	 0.498781
 0.471513	 0.498385	 0.498880	 0.495344	 0.481306	 0.030773	 0.153229	 0.590619	 0.405271	 0.029361	-0.191922	 0.498781
 0.485131	 0.498385	 0.498880	 0.495344	 0.481283	 0.264582	 0.153358	 0.588279	 0.590826	 0.029731	-0.191922	 0.498781
 0.491939	 0.498385	 0.498880	 0.495344	 0.481271	-0.618514	 0.153422	 0.585938	 0.682051	 0.029915	-0.191922	 0.498781
 0.495343	 0.498385	 0.498880	 0.495344	 0.481266	-1.057059	 0.153454	 0.583600	 0.726116	 0.030007	-0.191922	 0.498781
 0.497046	 0.498385	 0.498880	 0.495344	 0.481263	-1.273340	 0.153470	 0.581268	 0.746609	 0.030053	-0.191922	 0.498781
 0.497897	 0.498385	 0.498880	 0.495344	 0.481261	-0.378501	 0.153478	 0.578945	 0.755321	 0.030077	-0.191922	 0.498781
 0.498322	 0.498385	 0.498880	 0.495344	 0.481260	 0.067886	 0.153482	 0.576629	 0.758149	 0.030088	-0.191922	 0.498781
 0.498535	 0.498385	 0.498880	 0.495344	 0.481260	 0.290050	 0.153484	 0.574323	 0.758041	 0.030094	-0.191922	 0.498781
 0.498641	 0.498385	 0.498880	 0.495344	 0.481260	 0.400108	 0.153485	 0.572026	 0.756471	 0.030097	-0.191922	 0.498781
 0.498695	 0.498385	 0.498880	 0.495344	 0.481260	 0.454117	 0.153486	 0.569738	 0.754176	 0.030098	-0.191922	 0.498781
 0.498721	 0.498385	 0.498880	 0.495344	 0.481260	 0.480105	 0.153486	 0.567459	 0.751525	 0.030099	-0.191922	 0.498781
 0.498734	 0.498385	 0.498880	 0.495344	 0.481260	 0.492087	 0.153486	 0.565189	 0.248702	 0.030099	-0.191922	 0.498781
 0.498741	 0.498385	 0.498880	 0.495344	 0.481260	 0.497070	 0.153486	 0.562929	-0.002710	 0.030099	-0.191922	 0.498781
 0.498744	 0.498385	 0.498880	 0.495344	 0.481260	 0.498557	 0.153486	 0.560677	-0.128415	 0.030100	-0.191922	 0.498781
-0.001254	 0.498385	 0.498880	 0.495344	 0.981260	 0.498301	 0.153486	 0.558434	 0.308732	 0.030100	-0.191922	 0.498781
-0.250251	 0.498385	 0.498880	 0.495344	 1.228297	 0.498172	 0.153486	 0.556201	 0.525813	 0.030100	-0.191922	 0.498781
-0.374749	 0.498385	 0.498880	 0.495344	 0.848865	 0.498108	 0.153486	 0.553976	 0.632869	 0.030100	-0.191922	 0.498781
-0.436998	 0.498385	 0.498880	 0.495344	 0.659149	 0.498076	 0.153486	 0.551760	 0.684916	 0.030100	-0.191922	 0.498781
-0.468123	 0.498385	 0.498880	 0.495344	 0.564291	 0.498060	 0.153486	 0.549553	 0.709466	-0.469900	-0.191922	 0.498781
-0.483685	 0.498385	 0.498880	 0.495344	 0.516862	 0.498052	 0.153486	 0.547355	 0.720273	-0.717961	-0.191922	 0.498781
-0.491466	 0.498385	 0.498880	 0.495344	 0.993148	 0.498048	 0.153486	 0.545165	 0.724214	-0.340059	-0.191922	 0.498781
-0.495357	 0.498385	 0.498880	 0.495344	 1.228352	 0.498046	 0.153486	 0.542985	 0.724729	-0.151108	-0.191922	 0.498781
-0.497302	 0.498385	 0.498880	 0.495344	 1.343027	 0.498045	 0.153486	 0.540813	 0.723535	-0.056632	-0.191922	 0.498781
 0.001725	 0.498385	 0.498880	 0.495344	 0.897449	 0.498045	 0.153486	 0.538649	 0.721494	-0.009394	-0.191922	 0.498781
 0.250238	 0.498385	 0.498880	 0.495344	 0.674660	 0.498044	 0.153486	 0.536495	 0.719035	 0.014224	-0.191922	 0.498781
 0.374494	 0.498385	 0.498880	 0.495344	 0.563265	 0.498044	 0.153486	 0.534349	 0.716372	 0.026034	-0.191922	 0.498781
 0.436622	 0.498385	 0.498880	 0.495344	 0.507568	 0.498044	 0.153486	 0.532211	 0.713613	 0.031939	-0.191922	 0.498781
 0.467686	 0.498385	 0.498880	 0.495344	 0.479719	 0.498044	 0.153486	 0.530083	 0.710812	 0.034891	-0.191922	 0.498781
 0.483218	 0.498385	 0.498880	 0.495344	 0.465795	 0.498044	 0.153486	 0.527962	 0.707995	 0.036367	-0.191922	 0.498781
 0.490984	 0.498385	 0.498880	 0.495344	 0.958833	 0.498044	 0.153486	 0.525850	 0.705176	 0.037105	-0.191922	 0.498781
 0.494867	 0.498385	 0.498880	 0.495344	 1.202448	 0.498044	 0.153486	 0.523747	 0.702362	 0.037474	-0.191922	 0.498781
 0.496808	 0.498385	 0.498880	 0.495344	 1.321363	 0.498044	 0.153486	 0.521652	 0.699556	 0.037659	-0.191922	 0.498781
 0.497779	 0.498385	 0.498880	 0.495344	 1.377941	 0.498044	 0.153486	 0.519565	 0.696760	 0.037751	-0.191922	 0.498781
 0.498264	 0.498385	 0.498880	 0.495344	 1.403360	 0.498044	 0.153486	 0.517487	 0.693973	 0.037797	-0.191922	 0.498781
 0.498507	 0.498385	 0.498880	 0.495344	 0.913212	 0.498044	 0.153486	 0.515417	 0.191198	 0.037820	-0.191922	 0.498781
 0.498628	 0.498385	 0.498880	 0.495344	 0.668138	 0.498044	 0.153486	 0.513355	-0.060190	 0.037832	-0.191922	 0.498781
-0.001311	 0.498385	 0.498880	 0.495344	 0.545601	 0.498044	 0.153486	 0.511302	 0.314116	 0.037838	-0.191922	 0.498781
-0.250278	 0.498385	 0.498880	 0.495344	 0.484333	 0.498044	 0.153486	 0.509257	 0.499892	 0.037840	-0.191922	 0.498781
-0.374762	 0.498385	 0.498880	 0.495344	 0.953699	 0.498044	 0.153486	 0.507220	 0.591409	 0.037842	-0.191922	 0.498781
-0.437003	 0.498385	 0.498880	 0.495344	 1.185536	 0.498044	 0.153486	 0.505191	 0.635802	 0.037843	-0.191922	 0.498781
-0.468124	 0.498385	 0.498880	 0.495344	 1.298619	 0.498044	 0.153486	 0.503170	 0.656638	 0.037843	-0.191922	 0.498781
 0.016315	 0.498385	 0.498880	-0.004656	 0.852338	 0.498044	 0.153486	 0.501157	 0.665701	 0.037843	-0.191922	 0.498781
 0.257533	 0.498385	 0.498880	-0.253647	 0.629197	 0.498044	 0.153486	 0.500151	 0.668883	 0.037843	-0.191922	 0.498781
 0.378143	 0.498385	 0.498880	-0.377137	 0.517626	 0.498044	 0.153486	 0.499648	 0.669129	 0.037843	-0.191922	 0.498781
 0.438447	 0.498385	 0.498880	 0.062120	 0.461841	 0.498044	 0.153486	 0.499396	 0.667914	 0.037843	-0.191922	 0.498781
 0.468599	 0.498385	 0.498880	 0.280745	 0.433949	 0.498044	 0.153486	 0.499271	 0.665973	 0.037843	-0.191922	 0.498781
 0.483676	 0.498385	 0.498880	 0.390058	 0.920002	 0.498044	 0.153486	 0.499208	 0.663675	 0.037843	-0.191922	 0.498781
 0.491214	 0.498385	 0.498880	 0.444714	 1.160217	 0.498044	 0.153486	 0.499176	 0.661202	 0.037843	-0.191922	 0.498781
-0.005017	 0.498385	 0.498880	 0.472042	 1.277524	 0.498044	-0.346514	 0.499161	 0.158649	 0.037843	-0.191922	 0.498781
-0.252130	 0.498385	 0.498880	 0.485706	 1.333387	 0.498044	-0.594821	 0.499153	-0.092628	 0.037843	-0.191922	 0.498781
-0.375687	 0.498385	 0.498880	 0.492538	 1.358540	 0.498044	-0.717288	 0.499149	-0.218266	 0.037843	-0.191922	 0.498781
 0.062535	 0.498385	 0.498880	 0.495954	 0.868350	 0.498044	-0.276842	 0.499147	 0.218915	 0.037843	-0.191922	 0.498781
 0.280644	 0.498385	 0.498880	 0.497662	 0.623254	 0.498044	-0.056619	 0.499146	 0.436193	 0.037843	-0.191922	 0.498781
 0.389699	 0.498385	 0.498880	 0.498516	 0.500707	 0.498044	 0.053492	 0.499145	 0.543525	 0.037843	-0.191922	 0.498781
 0.444226	 0.498385	 0.498880	 0.498943	 0.439433	 0.498044	 0.108548	 0.499145	 0.595889	 0.037843	-0.191922	 0.498781
 0.471490	 0.498385	 0.498880	 0.499157	 0.408796	 0.498044	 0.136076	 0.499145	 0.120775	 0.037843	-0.191922	 0.498781
 0.485122	 0.498385	 0.498880	 0.499264	 0.393477	 0.498044	 0.149840	 0.499145	-0.116782	 0.037843	-0.191922	 0.498781
-0.008062	 0.498385	 0.498880	 0.499317	 0.885818	-0.001956	-0.343278	 0.499145	 0.264439	 0.037843	-0.191922	 0.498781
-0.253652	 0.498385	 0.498880	 0.499344	 1.129232	-0.250952	-0.588164	 0.499145	 0.453759	 0.037843	-0.191922	 0.498781
-0.376447	 0.498385	 0.498880	 0.499357	 1.248194	-0.375450	-0.708941	 0.499145	 0.547132	 0.037843	-0.191922	 0.498781
-0.437844	 0.498385	 0.498880	 0.499364	 0.804941	 0.062301	-0.267670	 0.499145	 0.592538	 0.037843	-0.191922	 0.498781
-0.468543	 0.498385	 0.498880	 0.499367	 0.583314	 0.280176	-0.047035	 0.499145	 0.613965	 0.037843	-0.191922	 0.498781
 0.016108	 0.498385	 0.498880	 0.499369	 0.472500	 0.389114	 0.063283	 0.499145	 0.623408	 0.037843	-0.191922	 0.498781
 0.257432	 0.498385	 0.498880	 0.499370	 0.417094	 0.443583	 0.118442	 0.499145	 0.626863	 0.037843	-0.191922	 0.498781
-0.121906	 0.498385	 0.498880	 0.499370	 0.389390	 0.470817	 0.146021	 0.499145	 0.627331	 0.037843	-0.191922	 0.498781
-0.310573	 0.498385	 0.498880	 0.499370	 0.375539	 0.484435	 0.159811	 0.499145	 0.626309	 0.037843	-0.191922	 0.498781
 0.095094	 0.498385	 0.498880	 0.499370	 0.368613	-0.008757	 0.166706	 0.499145	 0.624547	 0.037843	-0.191922	 0.498781
 0.296926	 0.498385	 0.498880	 0.499370	 0.365150	-0.254349	 0.170153	 0.499145	 0.622421	 0.037843	-0.191922	 0.498781
 0.397842	 0.498385	 0.498880	 0.499370	 0.363419	-0.377145	 0.171877	 0.499145	 0.620117	 0.037843	-0.191922	 0.498781
-0.051700	 0.498385	 0.498880	 0.499370	 0.862553	 0.061458	 0.172739	 0.499145	 0.617729	 0.037843	-0.191922	 0.498781
-0.275469	 0.498385	 0.498880	 0.499370	 1.109397	 0.279758	 0.173170	 0.499145	 0.615305	 0.037843	-0.191922	 0.498781
 0.112647	 0.498385	 0.498880	 0.499370	 0.730106	 0.388909	 0.173385	 0.499145	 0.612867	 0.037843	-0.191922	 0.498781
 0.305703	 0.498385	 0.498880	 0.499370	 0.540461	 0.443484	 0.173493	 0.499145	 0.610427	 0.037843	-0.191922	 0.498781
 0.402231	 0.498385	 0.498880	 0.499370	 0.945638	 0.470772	 0.173547	 0.499145	 0.107991	-0.462157	-0.191922	 0.498781
 0.450495	 0.498385	 0.498880	 0.499370	 1.145525	 0.484416	 0.173574	 0.499145	-0.143227	-0.710232	-0.191922	 0.498781
 0.474627	 0.498385	 0.498880	 0.499370	 1.242778	 0.491237	 0.173587	 0.499145	 0.231164	-0.332354	-0.191922	 0.498781
 0.486693	 0.498385	 0.498880	 0.499370	 1.288724	 0.494648	 0.173594	 0.499145	 0.417149	-0.143414	-0.191922	 0.498781
 0.492726	 0.498385	 0.498880	 0.499370	 1.309028	 0.496354	 0.173597	 0.499145	 0.508935	-0.048945	-0.191922	 0.498781
 0.495743	 0.498385	 0.498880	 0.499370	 0.816521	 0.497207	 0.173599	 0.499145	 0.553626	-0.001710	-0.191922	 0.498781
 0.497251	 0.498385	 0.498880	 0.499370	 0.570268	 0.497633	 0.173600	 0.499145	 0.574775	 0.021908	-0.191922	 0.498781
 0.498005	 0.498385	 0.498880	 0.499370	 0.447141	-0.002154	 0.173600	 0.499145	 0.584158	 0.033716	-0.191922	 0.498781
 0.498382	 0.498385	 0.498880	 0.499370	 0.385578	-0.251043	 0.173600	 0.499145	 0.587662	 0.039621	-0.191922	 0.498781
 0.498571	 0.498385	 0.498880	 0.499370	 0.854796	 0.124512	 0.173600	 0.499145	 0.588232	 0.042573	-0.191922	 0.498781
 0.498665	 0.498385	 0.498880	 0.499370	 1.086757	 0.311289	 0.173601	 0.499145	 0.587339	 0.044049	-0.191922	 0.498781
-0.001288	 0.498385	 0.498880	 0.499370	 0.700100	 0.404678	-0.326399	 0.499145	 0.585720	 0.044787	-0.191922	 0.498781
-0.250262	 0.498385	 0.498880	 0.499370	 0.506772	 0.451372	-0.574747	 0.499145	 0.583742	 0.045156	-0.191922	 0.498781
-0.374749	 0.498385	 0.498880	-0.000630	 0.910108	 0.474720	-0.197274	 0.499145	 0.581590	 0.045341	-0.191922	 0.498781
-0.436992	 0.498385	 0.498880	-0.249628	 1.109149	 0.486393	-0.008538	 0.499145	 0.579355	 0.045433	-0.191922	 0.498781
-0.468114	 0.498385	 0.498880	-0.374128	 1.206053	 0.492230	 0.085830	 0.499145	 0.577083	 0.045479	-0.191922	 0.498781
-0.483675	 0.498385	 0.498880	 0.063623	 0.751899	-0.004852	 0.133015	 0.499145	 0.574797	 0.045502	-0.191922	 0.498781
-0.491455	 0.498385	 0.498880	 0.281495	 0.524822	-0.252389	 0.156607	 0.499145	 0.572510	 0.045514	-0.191922	 0.498781
 0.004655	 0.498385	 0.498880	 0.390431	 0.911284	 0.123843	 0.168403	 0.499145	 0.570225	 0.045519	-0.191922	 0.498781
 0.251708	 0.498385	 0.498880	 0.444899	 1.101919	 0.310959	 0.174301	 0.499145	 0.567947	 0.045522	-0.191922	 0.498781
-0.124765	 0.498385	 0.498880	 0.472133	 0.694651	-0.095484	 0.177250	 0.499145	 0.565677	 0.045524	-0.191922	 0.498781
-0.311999	 0.498385	 0.498880	 0.485750	 0.491018	-0.297701	 0.178724	 0.499145	 0.563415	 0.045524	-0.191922	 0.498781
-0.405617	 0.498385	 0.498880	 0.492559	 0.889201	 0.101191	 0.179461	 0.499145	 0.561162	 0.045525	-0.191922	 0.498781
-0.452425	 0.498385	 0.498880	 0.495963	 1.085718	 0.299636	 0.179830	 0.499145	 0.558917	 0.045525	-0.191922	 0.498781
-0.475829	 0.498385	 0.498880	 0.497665	 1.181411	 0.398859	 0.180014	 0.499145	 0.556682	 0.045525	-0.191922	 0.498781
-0.487532	 0.498385	 0.498880	 0.498516	 0.726704	-0.051530	 0.180106	 0.499145	 0.554455	 0.045525	-0.191922	 0.498781
-0.493383	 0.498385	 0.498880	 0.498942	 0.499351	-0.275720	 0.180152	 0.499145	 0.552237	 0.045525	-0.191922	 0.498781
 0.003692	 0.498385	 0.498880	 0.499155	 0.385674	 0.112185	 0.180176	 0.499145	 0.550028	 0.045525	-0.191922	 0.498781
 0.251228	 0.498385	 0.498880	 0.499261	 0.328835	 0.305137	 0.180187	 0.499145	 0.547828	 0.045525	-0.191922	 0.498781
 0.374995	 0.498385	 0.498880	 0.499314	 0.300416	-0.098387	 0.180193	 0.499145	 0.545637	 0.045525	-0.191922	 0.498781
 0.436879	 0.498385	 0.498880	 0.499341	 0.286207	-0.299145	 0.180196	 0.499145	 0.543454	 0.045525	-0.191922	 0.498781
 0.467821	 0.498385	 0.498880	 0.499354	 0.279102	-0.399524	 0.180197	 0.499145	 0.041280	 0.045525	-0.191922	 0.498781
 0.483292	 0.498385	 0.498880	 0.499361	 0.275549	-0.449714	 0.180198	 0.499145	-0.209807	 0.045525	-0.191922	 0.498781
 0.491028	 0.498385	 0.498880	 0.999364	 0.273773	-0.474809	 0.180198	 0.499145	 0.164650	 0.045525	-0.191922	 0.498781
 0.494896	 0.498385	 0.498880	 1.246367	 0.272885	-0.487356	 0.180198	 0.499145	 0.350800	 0.045525	-0.191922	 0.498781
 0.496829	 0.498385	 0.498880	 1.366882	 0.272441	-0.493630	 0.180198	 0.499145	 0.442801	 0.045525	-0.191922	 0.498781
 0.497796	 0.498385	 0.498880	 0.924164	 0.772219	 0.003233	 0.180199	 0.499145	 0.487732	 0.045525	-0.191922	 0.498781
-0.001720	 0.498385	 0.498880	 0.702806	 0.519564	 0.250665	 0.180199	 0.499145	 0.509132	 0.045525	-0.191922	 0.498781
-0.250476	 0.498385	 0.498880	 0.592126	 0.393236	 0.374381	 0.180199	 0.499145	 0.518771	 0.045525	-0.191922	 0.498781
 0.125146	 0.498385	 0.498880	 0.536787	 0.330073	 0.436238	 0.180199	 0.499145	 0.522534	 0.045525	-0.191922	 0.498781
 0.311956	 0.498385	 0.498880	 0.509117	 0.298491	 0.467167	 0.180199	 0.499145	 0.523363	 0.045525	-0.191922	 0.498781
 0.405360	 0.498385	 0.498880	 0.495282	 0.782700	 0.482632	 0.180199	 0.499145	 0.022729	 0.045525	-0.191922	 0.498781
 0.452063	 0.498385	 0.498880	 0.488364	 1.022271	 0.490364	 0.180199	 0.499145	-0.227588	 0.045525	-0.191922	 0.498781
 0.475414	 0.498385	 0.498880	 0.484906	 1.139532	 0.494230	 0.180199	 0.499145	-0.352747	 0.045525	-0.191922	 0.498781
 0.487090	 0.498385	 0.498880	 0.483176	 1.195650	 0.496163	 0.180199	 0.499145	 0.084674	 0.045525	-0.191922	 0.498781
 0.492927	 0.498385	 0.498880	 0.482312	 1.221205	 0.497130	 0.180199	 0.499145	 0.302340	 0.045525	-0.191922	 0.498781
 0.495846	 0.498385	 0.498880	 0.481879	 1.231489	 0.497613	 0.180199	 0.499145	-0.089867	 0.045525	-0.191922	 0.498781
 0.497306	 0.498385	 0.498880	 0.481663	 1.234147	 0.497855	 0.180199	 0.499145	-0.285970	 0.045525	-0.191922	 0.498781
 0.498035	 0.498385	 0.498880	 0.481555	 1.233003	 0.497975	 0.180199	 0.499145	-0.384022	 0.045525	-0.191922	 0.498781
 0.498400	 0.498385	 0.498880	 0.481501	 0.729967	 0.498036	 0.180199	 0.499145	-0.433048	 0.045525	-0.191922	 0.498781
 0.498583	 0.498385	 0.498880	 0.481474	 0.478449	 0.498066	 0.180199	 0.499145	-0.457561	 0.045525	-0.191922	 0.498781
 0.498674	 0.498385	 0.498880	 0.481460	 0.852690	 0.498081	 0.180199	 0.499145	-0.469817	 0.045525	-0.191922	 0.498781
 0.498720	 0.498385	 0.498880	 0.481454	 1.037357	 0.498089	 0.180199	 0.499145	-0.475945	 0.045525	-0.191922	 0.498781
 0.498742	 0.498385	 0.498880	 0.481450	 1.127246	 0.498092	 0.180199	 0.499145	-0.479010	 0.045525	-0.191922	 0.498781
 0.498754	 0.498385	 0.498880	 0.481449	 0.669756	-0.001906	 0.180199	 0.499145	 0.019458	 0.045525	-0.191922	 0.498781
 0.498759	 0.498385	 0.498880	 0.481448	 0.441011	-0.250901	 0.180199	 0.499145	 0.267657	 0.045525	-0.191922	 0.498781
 0.498762	 0.498385	 0.498880	 0.481447	 0.826639	 0.124601	 0.180199	 0.499145	 0.390724	 0.045525	-0.191922	 0.498781
 0.498764	 0.498385	 0.498880	 0.481447	 1.017028	 0.311352	 0.180199	 0.499145	 0.451230	 0.045525	-0.191922	 0.498781
 0.498764	 0.498385	 0.498880	 0.481447	 0.609808	 0.404728	 0.180199	 0.499145	 0.480460	 0.045525	-0.191922	 0.498781
 0.498765	 0.498385	 0.498880	 0.481447	 0.406198	 0.451416	 0.180199	 0.499145	 0.494055	 0.045525	-0.191922	 0.498781
-0.001235	 0.498385	-0.001120	 0.481447	 0.304393	-0.025240	 0.180199	 0.499145	 0.499837	 0.045525	-0.191922	 0.498781
-0.250232	 0.498385	-0.250117	 0.481447	 0.253490	-0.262565	 0.180199	 0.499145	 0.501717	 0.045525	-0.191922	 0.498781
-0.374731	 0.498385	-0.374616	 0.481447	 0.228039	-0.381227	 0.180199	 0.499145	 0.501650	 0.045525	-0.191922	 0.498781
 0.063019	 0.498385	 0.063134	 0.481447	 0.715313	 0.059442	 0.180199	 0.499145	 0.000613	 0.045525	-0.191922	 0.498781
 0.280893	 0.498385	 0.281008	 0.481447	 0.956545	 0.278776	 0.180199	 0.499145	-0.248904	 0.045525	-0.191922	 0.498781
 0.389830	 0.498385	 0.389945	 0.481447	 0.574766	 0.388443	 0.180199	 0.499145	 0.126337	 0.045525	-0.191922	 0.498781
 0.444299	 0.498385	 0.444413	 0.481447	 0.383876	 0.443277	 0.180199	 0.499145	 0.312954	 0.045525	-0.191922	 0.498781
-0.028467	 0.498385	 0.471647	 0.481447	 0.288431	 0.470694	 0.180199	 0.499145	 0.406263	 0.045525	-0.191922	 0.498781
-0.263848	 0.498385	 0.485264	 0.481447	 0.240709	 0.484402	 0.180199	 0.499145	 0.452918	 0.045525	-0.191922	 0.498781
 0.118462	 0.498385	 0.492073	 0.481447	 0.716848	 0.491256	 0.180199	 0.499145	 0.476245	 0.045525	-0.191922	 0.498781
 0.308615	 0.498385	 0.495477	 0.481447	 0.952531	 0.494683	 0.180199	 0.499145	 0.487908	 0.045525	-0.191922	 0.498781
 0.403692	 0.498385	 0.497179	 0.481447	 1.067996	 0.496397	 0.180199	 0.499145	 0.493740	 0.045525	-0.191922	 0.498781
 0.451231	 0.498385	 0.498030	 0.481447	 1.123362	 0.497254	 0.180199	 0.499145	 0.496656	 0.045525	-0.191922	 0.498781
 0.475000	 0.498385	 0.498456	 0.481447	 1.148687	 0.497682	 0.180199	 0.499145	 0.498114	 0.045525	-0.191922	 0.498781
 0.486884	 0.498385	 0.498669	 0.481447	 0.659002	 0.497896	 0.180199	 0.499145	-0.001157	 0.045525	-0.191922	 0.498781
 0.492827	 0.498385	 0.498775	 0.481447	 0.414159	 0.498003	 0.180199	 0.499145	-0.249792	 0.045525	-0.191922	 0.498781
 0.495798	 0.498385	 0.498828	 0.481447	 0.291738	 0.498057	 0.180199	 0.499145	 0.125891	 0.045525	-0.191922	 0.498781
 0.497283	 0.498385	 0.498855	 0.481447	 0.230527	 0.498084	 0.180199	 0.499145	 0.312729	 0.045525	-0.191922	 0.498781
 0.498026	 0.498385	 0.498868	 0.481447	 0.199922	 0.498097	 0.180199	 0.499145	 0.406148	 0.045525	-0.191922	 0.498781
 0.498397	 0.498385	 0.498875	 0.481447	 0.184619	 0.498104	 0.180199	 0.499145	 0.452858	 0.045525	-0.191922	 0.498781
 0.498583	 0.498385	 0.498878	 0.481447	 0.176968	 0.498107	 0.180199	 0.499145	 0.476213	 0.045525	-0.191922	 0.498781
 0.498676	 0.498385	 0.498880	 0.481447	 0.173142	 0.498109	 0.180199	 0.499145	 0.487890	 0.045525	-0.191922	 0.498781
 0.498722	 0.498385	 0.498880	 0.481447	 0.171230	 0.498110	 0.180199	 0.499145	 0.493729	 0.045525	-0.191922	 0.498781
 0.498746	 0.498385	 0.498881	 0.481447	 0.670273	 0.498110	 0.180199	 0.499145	-0.003352	 0.045525	-0.191922	 0.498781
 0.498757	 0.498385	 0.498881	 0.481447	 0.917456	 0.498110	 0.180199	 0.499145	-0.250891	 0.045525	-0.191922	 0.498781
-0.001237	 0.498385	 0.498881	 0.481447	 0.538719	 0.498110	 0.180199	 0.499145	 0.125339	 0.045525	-0.191922	 0.498781
-0.250232	 0.498385	 0.498881	 0.481447	 0.349350	 0.498110	 0.180199	 0.499145	 0.312451	 0.045525	-0.191922	 0.498781
-0.374729	 0.498385	 0.498881	 0.481447	 0.254665	 0.498111	 0.180199	 0.999145	 0.406007	 0.045525	-0.191922	 0.498781
-0.436978	 0.498385	 0.498881	 0.481447	 0.207323	 0.498111	 0.180199	 1.246147	 0.452785	 0.045525	-0.191922	 0.498781
-0.468102	 0.498385	 0.498881	 0.481447	 0.183652	 0.498111	 0.180199	 1.366661	 0.476174	 0.045525	-0.191922	 0.498781
 0.016336	 0.498385	 0.498881	 0.481447	 0.671817	 0.498111	 0.180199	 0.923944	-0.012132	 0.045525	-0.191922	 0.498781
 0.257553	 0.498385	 0.498881	 0.481447	 0.913579	 0.498111	 0.180199	 0.702585	-0.255284	 0.045525	-0.191922	 0.498781
 0.378162	 0.498385	 0.498881	 0.481447	 1.032149	 0.498111	 0.180199	 1.091906	 0.123141	 0.045525	-0.191922	 0.498781
 0.438466	 0.498385	 0.498881	 0.481447	 1.089133	 0.498111	 0.180199	 1.283604	 0.311349	 0.045525	-0.191922	 0.498781
 0.468619	 0.498385	 0.498881	-0.018553	 1.115333	 0.498111	 0.180199	 0.876502	 0.405454	 0.045525	-0.191922	 0.498781
 0.483695	 0.498385	 0.498881	-0.267516	 1.126149	 0.498111	 0.180199	 0.672952	 0.452506	 0.045525	-0.191922	 0.498781
 0.491233	 0.498385	 0.498881	 0.109035	 1.129284	 0.498111	 0.180199	 0.571176	-0.023968	 0.045525	-0.191922	 0.498781
 0.495002	 0.498385	 0.498881	 0.297311	 1.128586	 0.498111	 0.180199	 0.520289	-0.261204	 0.045525	-0.191922	 0.498781
 0.496886	 0.498385	 0.498881	 0.391449	 1.125982	 0.498111	 0.180199	 0.494845	-0.379822	 0.045525	-0.191922	 0.498781
-0.002172	 0.498385	 0.498881	 0.438518	 0.622433	-0.001889	 0.180199	 0.982123	 0.060869	 0.045525	-0.191922	 0.498781
-0.250698	 0.498385	 0.498881	 0.462053	 0.370658	-0.250886	 0.180199	 1.222823	 0.280211	 0.045525	-0.191922	 0.498781
-0.374961	 0.498385	 0.498881	 0.473820	 0.744771	 0.124616	 0.180199	 0.840246	-0.110117	 0.045525	-0.191922	 0.498781
-0.437093	 0.498385	 0.498881	 0.479703	 0.929589	 0.311367	 0.180199	 0.648958	-0.304281	 0.045525	-0.191922	 0.498781
 0.031841	 0.498385	 0.498881	 0.482645	 1.019770	 0.404742	 0.180199	 0.553313	-0.401363	 0.045525	-0.191922	 0.498781
 0.265307	 0.498385	 0.498881	 0.484116	 1.062640	 0.451430	 0.180199	 0.505491	-0.449903	 0.045525	-0.191922	 0.498781
 0.382040	 0.498385	 0.498881	 0.484852	 0.581864	 0.474774	 0.180199	 0.481580	 0.025826	 0.045525	-0.191922	 0.498781
 0.440406	 0.498385	 0.498881	 0.485219	 0.341476	 0.486446	 0.180199	 0.469625	 0.262688	 0.045525	-0.191922	 0.498781
 0.469589	 0.498385	 0.498881	 0.485403	 0.221283	 0.492282	 0.180199	 0.463647	 0.381119	 0.045525	-0.191922	 0.498781
 0.484181	 0.498385	 0.498881	-0.014505	 0.661186	 0.495200	 0.180199	 0.460658	 0.440334	 0.045525	-0.191922	 0.498781
 0.491477	 0.498385	 0.498881	-0.263430	 0.878935	 0.496659	 0.180199	 0.459164	 0.469942	 0.045525	-0.191922	 0.498781
 0.495125	 0.498385	 0.498881	 0.113132	 0.985616	 0.497388	 0.180199	 0.458416	 0.484746	 0.045525	-0.191922	 0.498781
 0.496949	 0.498385	 0.498881	 0.301413	 1.036772	 0.497753	 0.180199	 0.458043	 0.492147	 0.045525	-0.191922	 0.498781
-0.002139	 0.498385	 0.498881	 0.395554	 1.060174	 0.497935	 0.180199	 0.457856	 0.495848	 0.045525	-0.191922	 0.498781
-0.250681	 0.498385	 0.498881	 0.442624	 1.069708	 0.498026	 0.180199	 0.457763	 0.497699	 0.045525	-0.191922	 0.498781
-0.374952	 0.498385	 0.498881	 0.466159	 1.072317	 0.498072	 0.180199	 0.457716	 0.498624	 0.045525	-0.191922	 0.498781
-0.437087	 0.498385	 0.498881	 0.477926	 1.071471	 0.498095	 0.180199	 0.457692	 0.499087	 0.045525	-0.191922	 0.498781
-0.468155	 0.498385	 0.498881	 0.483810	 1.068907	 0.498106	 0.180199	 0.457681	 0.499318	 0.045525	-0.191922	 0.498781
 0.016311	 0.498385	 0.498881	 0.486752	 1.065492	 0.498112	 0.180199	 0.457675	 0.499434	 0.045525	-0.191922	 0.498781
 0.257543	 0.498385	 0.498881	 0.488223	 1.061661	 0.498115	 0.180199	 0.457672	 0.499492	 0.045525	-0.191922	 0.498781
 0.378159	 0.498385	 0.498881	 0.488959	 1.057630	 0.498116	 0.180199	 0.957671	 0.499520	 0.045525	-0.191922	 0.498781
 0.438466	 0.498385	 0.498881	 0.489326	 1.053507	 0.498117	 0.180199	 1.204755	 0.499535	 0.045525	-0.191922	 0.498781
 0.468620	 0.498385	 0.498881	 0.489510	 1.049346	-0.001883	 0.180199	 0.825393	 0.499542	 0.045525	-0.191922	 0.498781
 0.483697	 0.498385	 0.498881	 0.489602	 1.045176	-0.250879	 0.180199	 0.635712	 0.499546	 0.045525	-0.191922	 0.498781
 0.491236	 0.498385	 0.498881	 0.489648	 1.041009	 0.124623	 0.180199	 0.540872	 0.499548	 0.045525	-0.191922	 0.498781
 0.495005	 0.498385	 0.498881	 0.489671	 1.036851	 0.311374	 0.180199	 0.493451	 0.499549	 0.045525	-0.191922	 0.498781
-0.003110	 0.498385	 0.498881	 0.489683	 1.032707	-0.095251	 0.180199	 0.469741	 0.499549	 0.045525	-0.191922	 0.498781
-0.251166	 0.498385	 0.498881	 0.489688	 1.028578	-0.297559	 0.180199	 0.457886	 0.499549	 0.045525	-0.191922	 0.498781
-0.375193	 0.498385	 0.498881	 0.489691	 1.024465	-0.398714	 0.180199	 0.451959	 0.499549	 0.045525	-0.191922	 0.498781
 0.062793	 0.498385	 0.498881	 0.489693	 0.520367	 0.050709	 0.180199	 0.948995	 0.499549	 0.045525	-0.191922	 0.498781
 0.280785	 0.498385	 0.498881	 0.489693	 0.268319	 0.274420	 0.180199	 1.194621	 0.499549	 0.045525	-0.191922	 0.498781
-0.110220	 0.498385	 0.498881	 0.489694	 0.642294	 0.386276	 0.180199	 0.814553	 0.499549	 0.045525	-0.191922	 0.498781
-0.304719	 0.498385	 0.498881	 0.489694	 0.827249	 0.442204	 0.180199	 0.624520	 0.499549	 0.045525	-0.191922	 0.498781
-0.401969	 0.498385	 0.498881	 0.489694	 0.917703	 0.470168	 0.180199	 0.529503	-0.000451	 0.045525	-0.191922	 0.498781
-0.450594	 0.498385	 0.498881	 0.489694	 0.960913	 0.484150	 0.180199	 0.481994	-0.249450	 0.045525	-0.191922	 0.498781
 0.025093	 0.498385	 0.498881	 0.489694	 0.980510	 0.491141	 0.180199	 0.458240	 0.126051	 0.045525	-0.191922	 0.498781
 0.261936	 0.498385	 0.498881	 0.489694	 0.988308	 0.494636	 0.180199	 0.446363	 0.312798	 0.045525	-0.191922	 0.498781
 0.380357	 0.498385	 0.498881	 0.489694	 0.990215	 0.496384	 0.180199	 0.440425	 0.406171	 0.045525	-0.191922	 0.498781
 0.439567	 0.498385	 0.498881	 0.989694	 0.489184	 0.497258	 0.180199	 0.437455	-0.047142	 0.045525	-0.191922	 0.498781
 0.469173	 0.498385	 0.498881	 1.236715	 0.238669	 0.497695	 0.180199	 0.435971	-0.272797	 0.045525	-0.191922	 0.498781
 0.483975	 0.498385	 0.498881	 0.857258	 0.613411	 0.497913	 0.180199	 0.435228	 0.114375	 0.045525	-0.191922	 0.498781
 0.491377	 0.498385	 0.498881	 0.667529	 0.798806	 0.498022	 0.180199	 0.434857	 0.306958	 0.045525	-0.191922	 0.498781
-0.004923	 0.498385	 0.498881	 0.572665	 0.889535	-0.001923	 0.180199	 0.934672	 0.403249	 0.045525	-0.191922	 0.498781
-0.252070	 0.498385	 0.498881	 0.525232	 0.932939	-0.250892	 0.180199	 1.181710	 0.451395	 0.045525	-0.191922	 0.498781
 0.124356	 0.498385	 0.498881	 1.001516	 0.952688	 0.124624	 0.180199	 1.302371	 0.475468	 0.045525	-0.191922	 0.498781
 0.311568	 0.498385	 0.498881	 1.236703	 0.960618	 0.311381	 0.180199	 1.359856	 0.487504	 0.045525	-0.191922	 0.498781
 0.405174	 0.498385	 0.498881	 1.351352	 0.962646	 0.404760	 0.180199	 1.385764	 0.493522	 0.045525	-0.191922	 0.498781
-0.048023	 0.498385	 0.498881	 0.905745	 0.961730	 0.451449	 0.180199	 0.895894	-0.003468	 0.045525	-0.191922	 0.498781
-0.273619	 0.498385	 0.498881	 0.682941	 0.959351	 0.474794	 0.180199	 0.650960	-0.250963	 0.045525	-0.191922	 0.498781
-0.386417	 0.498385	 0.498881	 0.571539	 0.956247	 0.486466	 0.180199	 0.528492	 0.125290	 0.045525	-0.191922	 0.498781
-0.442816	 0.498385	 0.498881	 0.515838	 0.952789	 0.492302	 0.180199	 0.467259	 0.312413	 0.045525	-0.191922	 0.498781
 0.028984	 0.498385	 0.498881	 0.987988	 0.949162	 0.495220	 0.180199	 0.936642	 0.405975	 0.045525	-0.191922	 0.498781
 0.263883	 0.498385	 0.498881	 1.221143	 0.945457	 0.496680	 0.180199	 1.168521	 0.452755	 0.045525	-0.191922	 0.498781
 0.381332	 0.498385	 0.498881	 0.834811	 0.941721	 0.497409	 0.180199	 0.781660	 0.476146	 0.045525	-0.191922	 0.498781
 0.440057	 0.498385	 0.498881	 0.641646	 0.937977	 0.497774	 0.180199	 0.588230	 0.487841	 0.045525	-0.191922	 0.498781
 0.469419	 0.498385	 0.498881	 0.545063	 0.934236	 0.497956	 0.180199	 0.491514	 0.493689	 0.045525	-0.191922	 0.498781
 0.484100	 0.498385	 0.498881	 0.496771	 0.930505	-0.001953	 0.180199	 0.943157	-0.003387	 0.045525	-0.191922	 0.498781
 0.491441	 0.498385	 0.498881	 0.472626	 0.926786	-0.250903	 0.180199	 1.166188	-0.250925	 0.045525	-0.191922	 0.498781
 0.495111	 0.498385	 0.498881	 0.960553	 0.923080	 0.124621	 0.180199	 1.274926	 0.125307	 0.045525	-0.191922	 0.498781
 0.496946	 0.498385	 0.498881	 1.201619	 0.919389	 0.311383	 0.180199	 1.326527	 0.312419	 0.045525	-0.191922	 0.498781
-0.002136	 0.498385	 0.498881	 0.819267	 0.415711	 0.404764	 0.180199	 1.349571	 0.405976	 0.045525	-0.191922	 0.498781
-0.250675	 0.498385	 0.498881	 0.628091	 0.163873	 0.451455	 0.180199	 1.358348	 0.452754	 0.045525	-0.191922	 0.498781
 0.125056	 0.498385	 0.498881	 0.532503	 0.537954	-0.025200	 0.180199	 1.360003	-0.023857	 0.045525	-0.191922	 0.498781
