-0.495287	 0.498385	 0.498882	 0.586265	-0.249264	 0.498884	 0.001896	 0.416183	 0.484390	-0.223831	-0.229868	 0.498781
-0.497220	 0.498385	 0.498882	 0.619016	-0.373718	 0.499310	-0.098360	 0.386077	 0.484390	-0.225306	-0.229868	 0.498781
 0.001813	 0.498385	 0.498882	 0.634088	 0.064055	 0.499523	 0.351513	 0.371023	 0.484390	-0.226043	-0.229868	 0.498781
 0.250328	 0.498385	 0.498882	 0.640325	 0.281938	 0.499630	 0.574846	 0.363496	 0.484390	-0.226412	-0.229868	 0.498781
-0.125414	 0.498385	 0.498882	 0.642151	 0.390879	 0.499683	 0.184916	 0.859733	 0.484390	-0.226596	-0.229868	 0.498781
-0.312283	 0.498385	 0.498882	 0.641776	 0.445350	 0.499709	-0.010048	 1.105139	 0.484390	-0.226689	-0.229868	 0.498781
 0.094282	 0.498385	 0.498882	 0.640306	 0.472585	 0.499723	-0.107531	 0.725142	 0.484390	-0.226735	-0.229868	 0.498781
 0.296563	 0.498385	 0.498882	 0.638293	 0.486203	 0.499729	-0.156272	 0.535143	 0.484390	-0.226758	-0.229868	 0.498781
 0.397704	 0.498385	 0.498882	 0.136014	 0.493012	 0.499733	-0.180643	 0.440143	 0.484390	-0.226769	-0.229868	 0.498781
 0.448274	 0.498385	 0.498882	-0.115126	 0.496416	 0.499734	-0.192828	 0.392643	 0.484390	-0.226775	-0.229868	 0.498781
 0.473559	 0.498385	 0.498882	-0.240695	 0.498118	 0.499735	-0.198921	 0.368893	 0.484390	-0.226778	-0.229868	 0.498781
 0.486202	 0.498385	 0.498882	 0.196520	 0.498969	 0.499736	-0.201967	 0.357019	 0.484390	-0.226779	-0.229868	 0.498781
 0.492523	 0.498385	 0.498882	 0.413860	 0.499395	 0.499736	-0.203490	 0.351081	 0.484390	-0.226780	-0.229868	 0.498781
 0.495684	 0.498385	 0.498882	 0.521267	 0.499608	 0.499736	-0.204252	 0.848112	 0.484390	-0.226780	-0.229868	 0.498781
 0.497264	 0.498385	 0.498882	 0.573714	 0.499714	 0.499736	-0.204633	 1.093938	 0.484390	-0.226781	-0.229868	 0.498781
-0.001946	 0.498385	 0.498882	 0.598685	 0.499767	 0.499736	-0.204823	 1.214171	 0.484390	-0.226781	-0.229868	 0.498781
-0.250548	 0.498385	 0.498882	 0.609923	 0.499794	 0.499736	-0.204918	 1.271619	 0.484390	-0.226781	-0.229868	 0.498781
 0.125150	 0.498385	 0.498882	 0.614300	 0.499807	 0.499736	-0.204966	 1.297684	 0.484390	-0.226781	-0.229868	 0.498781
 0.311998	 0.498385	 0.498882	 0.615251	 0.499814	 0.499736	-0.204990	 1.308070	 0.484390	-0.226781	-0.229868	 0.498781
 0.405422	 0.498385	 0.498882	 0.614494	 0.499817	 0.499736	-0.205001	 1.310626	 0.484390	-0.226781	-0.229868	 0.498781
 0.452134	 0.498385	 0.498882	 0.112888	 0.499819	 0.499736	 0.294993	 0.809277	 0.484390	-0.226781	-0.229868	 0.498781
 0.475490	 0.498385	 0.498882	-0.137915	 0.499820	 0.499736	 0.543400	 0.558603	 0.484390	-0.226781	-0.229868	 0.498781
-0.012832	 0.498385	 0.498882	 0.236684	 0.499820	 0.499736	 0.166020	 0.933266	 0.984390	-0.226781	-0.229868	 0.498781
-0.255991	 0.498385	 0.498882	 0.422760	 0.499820	 0.499736	-0.022670	 1.117981	 1.231422	-0.226781	-0.229868	 0.498781
-0.377570	 0.498385	 0.498882	 0.014581	 0.499820	-0.000264	 0.382985	 0.707734	 0.851980	-0.226781	-0.229868	 0.498781
-0.438360	 0.498385	 0.498882	-0.189509	 0.499821	-0.249263	 0.584235	 0.502610	 0.662260	-0.226781	-0.229868	 0.498781
 0.031245	 0.498385	 0.498882	-0.291554	 0.499821	 0.126237	 0.683289	 0.900048	 0.567399	-0.226781	-0.229868	 0.498781
 0.265046	 0.498385	 0.498882	-0.342576	 0.499821	 0.312984	 0.731251	 1.096172	 0.519969	-0.226781	-0.229868	 0.498781
 0.381947	 0.498385	 0.498882	-0.368087	 0.499821	 0.406357	 0.753674	 1.191649	 0.496254	-0.226781	-0.229868	 0.498781
-0.059603	 0.498385	 0.498882	 0.119157	 0.499821	 0.453044	 0.263333	 0.736814	 0.484397	-0.226781	-0.229868	 0.498781
-0.279376	 0.498385	 0.498882	 0.361567	 0.499821	 0.476387	 0.018163	 0.509396	 0.478468	-0.226781	-0.229868	 0.498781
 0.110738	 0.498385	 0.498882	-0.018437	 0.499821	 0.488059	 0.395578	 0.395687	 0.975503	 0.273219	-0.229868	 0.498781
 0.304793	 0.498385	 0.498882	-0.208438	 0.499821	 0.493894	 0.582739	 0.338833	 1.221076	 0.521673	-0.229868	 0.498781
-0.098179	 0.498385	 0.498882	 0.196561	 0.499821	 0.496812	 0.674780	 0.810406	 0.840929	 0.144359	-0.229868	 0.498781
-0.298663	 0.498385	 0.498882	 0.397857	 0.499821	 0.498271	 0.719267	 1.043628	 0.650856	-0.044297	-0.229868	 0.498781
 0.101095	 0.498385	 0.498882	-0.002693	 0.499821	 0.499001	 0.739983	 1.157686	 0.555819	-0.138626	-0.229868	 0.498781
 0.299972	 0.498385	 0.498882	-0.202968	 0.499821	 0.499365	 0.748819	 1.212171	 0.508301	-0.185790	-0.229868	 0.498781
 0.399411	 0.498385	 0.498882	-0.303105	 0.499821	 0.499548	 0.751722	 1.236880	 0.484542	-0.209372	-0.229868	 0.498781
 0.449130	 0.498385	 0.498882	 0.146826	 0.499821	 0.499639	 0.751664	 1.246712	 0.472662	-0.221163	-0.229868	 0.498781
 0.473990	 0.498385	 0.498882	 0.370598	 0.499821	 0.499685	 0.750132	 1.249114	 0.466722	-0.227059	-0.229868	 0.498781
 0.486420	 0.498385	 0.498882	 0.481295	 0.499821	 0.499707	 0.747869	 1.247813	 0.463752	-0.730006	-0.229868	 0.498781
 0.492634	 0.498385	 0.498882	 0.535460	 0.499821	 0.499719	 0.745246	 1.244669	 0.462267	-0.979014	-0.229868	 0.498781
-0.004258	 0.498385	 0.498882	 0.561363	 0.499821	-0.000276	 0.742450	 1.240614	 0.461525	-0.601062	-0.229868	 0.498781
-0.251702	 0.498385	 0.498882	 0.573140	 0.499821	-0.249272	 0.739572	 1.236113	 0.461154	-0.412086	-0.229868	 0.498781
 0.124576	 0.498385	 0.498882	 0.577859	 0.499821	 0.126230	 0.736660	 1.231400	 0.460968	 0.182402	-0.229868	 0.498781
 0.311713	 0.498385	 0.498882	 0.579053	 0.499821	 0.312977	 0.733736	 1.226589	 0.460875	 0.478092	-0.229868	 0.498781
 0.405282	 0.498385	 0.498882	 0.578490	 0.499821	 0.406351	 0.730813	 1.221741	 0.460829	 0.624390	-0.229868	 0.498781
 0.452066	 0.498385	 0.498882	 0.577052	 0.999821	 0.953037	 1.227895	 0.716883	 0.460806	 1.695997	-0.229868	 0.498781
 0.475458	 0.498385	 0.498882	 0.575182	 1.246821	 1.223381	 1.472986	 0.464454	 0.460794	 2.226265	-0.229868	 0.498781
 0.487154	 0.498385	 0.498882	 0.573100	 1.367333	 1.855566	 2.592096	-0.661761	-0.039212	 2.985887	-0.229868	 0.498781
 0.493003	 0.498385	 0.498882	 0.570918	 1.424614	 2.166683	 3.144228	-1.221292	-0.288136	 3.358206	-0.229868	 0.498781
 0.495927	 0.498385	 0.498882	 0.568689	 1.450291	 1.817286	 3.412902	-2.497496	-0.911524	 4.536905	-0.229868	 0.498781
 0.497389	 0.498385	 0.498882	 0.566441	 1.460177	 1.639651	 3.539875	-3.128051	-1.220149	 5.114823	-0.229868	 0.498781
 0.498120	 0.498385	 0.498882	 0.564189	 0.462180	 2.047910	 4.096028	-4.435811	-2.371403	 5.392397	-0.229868	 0.498781
 0.498485	 0.498385	 0.498882	 0.561939	-0.035747	 2.247127	 4.364801	-5.078204	-2.939985	 5.519844	-0.229868	 0.498781
 0.498668	 0.498385	 0.498882	 0.559695	-0.283643	 2.341843	 4.489920	-5.387959	-3.217259	 5.572272	-0.229868	 0.498781
 0.498759	 0.498385	 0.498882	 0.557458	 0.093472	 2.384328	 4.543249	-5.531441	-3.348907	 5.587237	-0.229868	 0.498781
 0.498805	 0.498385	 0.498882	 0.555229	 0.282030	 2.400716	 4.560720	-5.591832	-3.407770	 5.583516	-0.229868	 0.498781
-0.001172	 0.498385	 0.498882	 0.553008	 0.376308	 1.904077	 4.560300	-5.610724	-3.430268	 5.570495	-0.229868	 0.498781
-0.250159	 0.498385	 0.498882	 0.550797	 0.423448	 1.652942	 4.550970	-5.608910	-3.434611	 5.552870	-0.229868	 0.498781
 0.125348	 0.498385	 0.498882	 0.548594	 0.447017	 1.524571	 4.537221	-5.596789	-3.429905	 5.532987	-0.229868	 0.498781
 0.312100	 0.498385	 0.498882	 0.546399	 0.458802	 1.457593	 4.521300	-5.579559	-3.420702	 5.512019	-0.229868	 0.498781
 0.405476	 0.498385	 0.498882	 0.544214	 0.464695	 1.421323	 4.504329	-5.559820	-3.409277	 5.490553	-0.229868	 0.498781
 0.452164	 0.498385	 0.498882	 0.542037	 0.467641	 1.400418	 4.486869	-5.538870	-3.396769	 5.468882	-0.229868	 0.498781
 0.475508	 0.498385	 0.498882	 0.539869	 0.469114	 1.387206	 4.469200	-5.517359	-3.383746	 5.447152	-0.229868	 0.498781
 0.487180	 0.498385	 0.498882	 0.037709	 0.469850	 0.877852	 3.951462	-4.495612	-2.870494	 5.425436	-0.229868	 0.498781
 0.493016	 0.498385	 0.498882	-0.213371	 0.470219	 0.623175	 3.685726	-3.977790	-2.609153	 5.403771	-0.229868	 0.498781
 0.495934	 0.498385	 0.498882	 0.161090	 0.470403	 0.495837	 1.546018	-3.211960	-2.473787	 2.882174	-0.229868	 0.498781
 0.497393	 0.498385	 0.498882	 0.347249	 0.470495	 0.432168	 0.477351	-2.824152	-2.401427	 1.621375	-0.229868	 0.498781
 0.498122	 0.498385	 0.498882	 0.439261	 0.470541	-0.099667	-0.555800	-1.625376	-0.860589	-0.009024	-0.229868	 0.498781
 0.498487	 0.498385	 0.498882	 0.484205	 0.470564	-0.364321	-1.069197	-1.025988	-0.091530	-0.820945	-0.229868	 0.498781
 0.498669	 0.498385	 0.498882	 0.005619	 0.470576	-0.495391	-1.322731	-0.226293	 0.791644	-1.723639	-0.229868	 0.498781
 0.498761	 0.498385	 0.498882	-0.233675	 0.470581	-0.559672	-1.446345	 0.172407	 1.229881	-2.169734	-0.229868	 0.498781
 0.498806	 0.498385	 0.498882	-0.353321	 0.470584	-0.590565	-1.505012	 0.370615	 1.445664	-2.387550	-0.229868	 0.498781
-0.001171	 0.498385	 0.498882	 0.086856	 0.470586	-0.104769	-1.031218	-0.031419	 0.550232	-1.491247	-0.229868	 0.498781
-0.250157	 0.498385	 0.498882	 0.305890	 0.470586	 0.138129	-0.793207	-0.232436	 0.102516	-1.041906	-0.229868	 0.498781
 0.125349	 0.498385	 0.498882	 0.414357	 0.470587	-0.240421	-0.673090	-0.332944	 0.378658	-0.816050	-0.229868	 0.498781
 0.312101	 0.498385	 0.498882	 0.467545	 0.470587	-0.428459	-0.611926	-0.383198	 0.515420	-0.701941	-0.229868	 0.498781
-0.094523	 0.498385	 0.498882	 0.493098	 0.470587	-0.021245	-0.580243	-0.408326	 0.582496	-0.643712	-0.229868	 0.498781
-0.296833	 0.498385	 0.498882	 0.504837	 0.470587	 0.182362	-0.563304	-0.420889	 0.614735	-0.613426	-0.229868	 0.498781
 0.102012	 0.498385	 0.498882	 0.009673	 0.470587	 0.284166	-0.553742	-0.427171	 0.629561	-0.597117	-0.229868	 0.498781
 0.300433	 0.498385	 0.498882	-0.237909	 0.470587	 0.335068	-0.547872	-0.430312	 0.635685	-0.587800	-0.229868	 0.498781
 0.399644	 0.498385	 0.498882	-0.361700	 0.470587	 0.360519	-0.543853	-0.431882	 0.637463	-0.581985	-0.229868	 0.498781
-0.050751	 0.498385	 0.498882	 0.076405	 0.470587	 0.373244	-0.540764	-0.432667	 0.637074	-0.577925	-0.229868	 0.498781
-0.274946	 0.498385	 0.498882	 0.294428	 0.470587	 0.379607	-0.538144	-0.433060	 0.635606	-0.574748	-0.229868	 0.498781
-0.387044	 0.498385	 0.498882	-0.097585	 0.470587	 0.382788	-0.535763	-0.433256	 0.633604	-0.572016	 0.270132	 0.498781
-0.443093	 0.498385	 0.498882	-0.293592	 0.470587	 0.384379	-0.533506	-0.433355	 0.631339	-0.569511	 0.518592	 0.498781
 0.028883	 0.498385	 0.498882	 0.108405	-0.029413	 0.385174	-0.531315	-0.433404	 0.628949	-0.567125	 0.141287	 0.498781
 0.263869	 0.498385	 0.498882	 0.308382	-0.278354	 0.385572	-0.529161	-0.433428	 0.626501	-0.564802	-0.047365	 0.498781
 0.381362	 0.498385	 0.498882	-0.092646	-0.401770	 0.385771	-0.527030	-0.433440	 0.624028	-0.562516	-0.141691	 0.498781
 0.440109	 0.498385	 0.498882	-0.293160	-0.462428	 0.385870	-0.524915	-0.433447	 0.621549	-0.560252	-0.188854	 0.498781
 0.469482	 0.498385	 0.498882	-0.393417	-0.491710	 0.385920	-0.522812	-0.433450	 0.619071	-0.558005	-0.212435	 0.498781
 0.484169	 0.498385	 0.498882	 0.056455	-0.005310	-0.114055	-0.520719	-0.433451	 0.616599	-0.555769	-0.224226	 0.498781
 0.491512	 0.498385	 0.498882	 0.280378	 0.237891	-0.362815	-0.518635	-0.433452	 0.614135	-0.553544	-0.230121	 0.498781
 0.495184	 0.498385	 0.498882	 0.391331	 0.359491	 0.014029	-0.516560	 0.066548	-0.388320	-0.551329	-0.233069	 0.498781
 0.497019	 0.498385	 0.498882	 0.445803	 0.420291	 0.202450	-0.514494	 0.315414	-0.886767	-0.549124	-0.234543	 0.498781
 0.497937	 0.498385	 0.498882	 0.472038	 0.450691	 0.296661	-0.512436	-0.061281	-0.133219	-0.546927	 0.264720	 0.498781
 0.498396	 0.498385	 0.498882	 0.485156	 0.465891	 0.343767	-0.510386	-0.249628	 0.242314	-0.544739	 0.512824	 0.498781
-0.001374	 0.498385	 0.498882	 0.491715	 0.473491	 0.367319	-0.508344	-0.343802	 0.428845	-0.542560	 0.135354	 0.498781
-0.250257	 0.498385	 0.498882	 0.494994	 0.477291	 0.379096	-0.506311	-0.390889	 0.520879	-0.540390	-0.053381	 0.498781
-0.374699	 0.498385	 0.498882	 0.496634	 0.479191	 0.384984	-0.504286	-0.414433	 0.565671	-0.538228	-0.147749	 0.498781
 0.063081	 0.498385	 0.498882	-0.002546	 0.480141	 0.387928	-1.002268	 0.073796	 0.586846	-0.536075	 0.305067	 0.498781
 0.280968	 0.498385	 0.498882	-0.251133	 0.480616	 0.389400	-1.248259	 0.316786	 0.596217	-0.533931	 0.529960	 0.498781
-0.110088	 0.498385	 0.498882	-0.375426	 0.480853	 0.390136	-0.868266	 0.437161	 0.599691	-0.031795	 0.140896	 0.498781
-0.304613	 0.498385	 0.498882	-0.437573	 0.480972	 0.390504	-0.678270	 0.496234	 0.600222	 0.219273	-0.053636	 0.498781
 0.098124	 0.498385	 0.498882	 0.031354	-0.018968	-0.109312	-0.583271	 0.024660	 0.599286	-0.155194	-0.150902	 0.498781
 0.298491	 0.498385	 0.498882	 0.264817	-0.267901	-0.358002	-0.535772	-0.211127	 0.597622	-0.341367	-0.199534	 0.498781
-0.101326	 0.498385	 0.498882	-0.618452	 0.108666	-0.481133	-0.512023	 0.170979	 0.595597	-0.433399	-0.223851	 0.498781
-0.300232	 0.498385	 0.498882	-1.057083	 0.296950	-0.541490	-0.500148	 0.360926	 0.593398	-0.478364	-0.236009	 0.498781
-0.399685	 0.498385	 0.498882	-1.273407	 0.391092	-0.570465	-0.494211	 0.454798	 0.591116	-0.499800	-0.242088	 0.498781
 0.050589	 0.498385	 0.498882	-0.878589	 0.438163	-0.083754	-0.491242	 0.500636	 0.588797	-0.509475	 0.254872	 0.498781
 0.274724	 0.498385	 0.498882	-0.681181	 0.461698	 0.159602	-0.489758	 0.522463	 0.586465	-0.513275	 0.501849	 0.498781
 0.386791	 0.498385	 0.498882	-0.082476	 0.473466	 0.281280	-0.489015	 0.532287	 0.584131	-0.014140	 0.123839	 0.498781
 0.442825	 0.498385	 0.498882	 0.215843	 0.479350	 0.342119	-0.488644	 0.536115	 0.581800	 0.235427	-0.065165	 0.498781
 0.470842	 0.498385	 0.498882	-0.136025	 0.482292	 0.372538	-0.488459	 0.536950	 0.579475	-0.139790	-0.159668	 0.498781
 0.484850	 0.498385	 0.498882	-0.311959	 0.483763	 0.387748	-0.488366	 0.536291	 0.577159	-0.326368	-0.206919	 0.498781
 0.491854	 0.498385	 0.498882	 0.100074	 0.484498	-0.104647	-0.488320	 0.534890	 0.574851	-0.418631	-0.230544	 0.498781
 0.495356	 0.498385	 0.498882	 0.305066	 0.484866	-0.349651	-0.488296	 0.533123	 0.572552	-0.463741	-0.242357	 0.498781
-0.002892	 0.498385	 0.498882	 0.406542	 0.485050	 0.029037	-0.988285	 0.031177	 0.570262	 0.014722	-0.248264	 0.498781
-0.251015	 0.498385	 0.498882	 0.456264	 0.485142	 0.218380	-1.235302	-0.219796	 0.567981	 0.253953	-0.251217	 0.498781
-0.375076	 0.498385	 0.498882	 0.480113	 0.485188	 0.313052	-1.355847	-0.345283	 0.565709	 0.373569	-0.252693	 0.498781
 0.062894	 0.498385	 0.498882	-0.008971	 0.485211	 0.360388	-0.913166	 0.091974	 0.563446	-0.066623	 0.246568	 0.498781
 0.280877	 0.498385	 0.498882	-0.253512	 0.485222	 0.384056	-0.691826	 0.309544	 0.561193	-0.285705	 0.494707	 0.498781
 0.389868	 0.498385	 0.498882	 0.124217	-0.014772	 0.395890	-0.581155	 0.417275	 0.558948	 0.105763	 0.117291	 0.498781
 0.444364	 0.498385	 0.498882	 0.312078	-0.263739	 0.401807	-0.525820	 0.470090	 0.556712	 0.301497	-0.071417	 0.498781
 0.471612	 0.498385	-0.001118	 0.406008	 0.112802	 0.404766	-0.498153	 0.495452	 0.554485	-0.100636	-0.165771	 0.498781
 0.485236	 0.498385	-0.250116	 0.452973	 0.301073	 0.406245	-0.484319	 0.507091	 0.552267	-0.300697	-0.212948	 0.498781
 0.492048	 0.498385	 0.125386	 0.476456	-0.104792	 0.406985	-0.477402	 0.511873	 0.550058	-0.399726	-0.236536	 0.498781
 0.495454	 0.498385	 0.312134	 0.488197	-0.306703	 0.407354	-0.473944	 0.513231	 0.547858	-0.449240	-0.248330	 0.498781
 0.497157	 0.498385	 0.405509	 0.494068	-0.406641	 0.407539	-0.472215	 0.512881	 0.545666	-0.473997	-0.254228	 0.498781
 0.498008	 0.498385	 0.452196	 0.497003	 0.044403	 0.407632	-0.471350	 0.511681	 0.543484	-0.486376	 0.242824	 0.498781
 0.498434	 0.498385	 0.475540	 0.498471	 0.269925	 0.407678	-0.470918	 0.510059	 0.541310	-0.492565	 0.489870	 0.498781
 0.498647	 0.498385	 0.487211	-0.000796	 0.382686	-0.092299	-0.470701	 0.508232	 0.539145	-0.495660	 0.111919	 0.498781
 0.498753	 0.498385	 0.493047	-0.249429	 0.439067	-0.341103	-0.470593	 0.506306	 0.536988	-0.497207	-0.077056	 0.498781
 0.498806	 0.498385	 0.495965	 0.126255	 0.467257	 0.035675	-0.970539	 0.504334	 0.534840	-0.497981	-0.171544	 0.498781
 0.498833	 0.498385	 0.497424	 0.313093	 0.481352	 0.224064	-1.217571	 0.502343	 0.532701	-0.498368	-0.218788	 0.498781
 0.498846	 0.498385	 0.498154	 0.406512	 0.488400	 0.318259	-0.838158	 0.000347	 0.530570	-0.498561	-0.242410	 0.498781
 0.498853	 0.498385	 0.498518	 0.453221	 0.491923	 0.365356	-0.648452	-0.249648	 0.528448	-0.498658	-0.254221	 0.498781
 0.498856	 0.498385	 0.498701	 0.476576	 0.493685	 0.388904	-0.553598	-0.374645	 0.526334	-0.498706	-0.260126	 0.498781
 0.498858	 0.498385	 0.498792	 0.488253	 0.494566	-0.099321	-0.506172	 0.062856	 0.524229	 0.001270	-0.263079	 0.498781
 0.498859	 0.498385	 0.498838	 0.494092	 0.495007	-0.342259	-0.482458	 0.280606	 0.522132	 0.250255	-0.264556	 0.498781
 0.498859	 0.498385	 0.498860	 0.497011	 0.495227	 0.037442	-0.470602	 0.389481	 0.520043	-0.125252	-0.265294	 0.498781
 0.498859	 0.498385	 0.498872	 0.498471	 0.495337	 0.227293	-0.464673	 0.443918	 0.517963	-0.312004	-0.265663	 0.498781
 0.498860	 0.498385	 0.498877	 0.499201	 0.495392	 0.322219	-0.461709	-0.028863	 0.515891	-0.405381	-0.265847	 0.498781
 0.498860	 0.498385	 0.498880	 0.499566	 0.495420	 0.369681	-0.460227	-0.264250	 0.513828	-0.452069	-0.265940	 0.498781
-0.001140	 0.498385	 0.498882	 0.499748	 0.495433	 0.393413	-0.459486	 0.118056	 0.511772	 0.024587	-0.265986	 0.498781
-0.250138	 0.498385	 0.498882	 0.499839	 0.495440	 0.405278	-0.459115	 0.308208	 0.509725	 0.261913	-0.266009	 0.498781
-0.374637	 0.498385	 0.498883	 0.499885	 0.495444	 0.411211	-0.458930	 0.403285	 0.507686	 0.380576	-0.266020	 0.498781
-0.436886	 0.498385	 0.498883	 0.499908	 0.495445	 0.414178	-0.458838	 0.450823	 0.505655	-0.060093	-0.266026	 0.498781
-0.468011	 0.498385	 0.498883	 0.499919	 0.495446	 0.415661	-0.458791	 0.474592	 0.503633	-0.279426	-0.266029	 0.498781
-0.483573	 0.498385	 0.498883	 0.499925	 0.495447	 0.416402	-0.958768	 0.486476	 0.501618	-0.389092	 0.233970	 0.498781
-0.491355	 0.498385	 0.498883	 0.499928	 0.495447	 0.416773	-1.205839	 0.492419	 0.500611	-0.443925	 0.482501	 0.498781
 0.004755	 0.498385	 0.498883	 0.499929	-0.004553	 0.416959	-0.826469	 0.495390	 0.500107	-0.471342	 0.105304	 0.498781
 0.251808	 0.498385	 0.498883	 0.499930	-0.253544	 0.417051	-0.636783	 0.496875	 0.499856	-0.485050	-0.083294	 0.498781
-0.124666	 0.498385	 0.498883	-0.000070	 0.122966	-0.082902	-0.541941	 0.497618	 0.499730	-0.491904	 0.322407	 0.498781
-0.311900	 0.498385	 0.498883	-0.249069	 0.311221	-0.331713	-0.494520	 0.497990	 0.499667	-0.495331	 0.523801	 0.498781
-0.405517	 0.498385	 0.498883	-0.373569	 0.405348	-0.454958	-0.470809	 0.498175	 0.499635	-0.497045	 0.623048	 0.498781
-0.452326	 0.498385	 0.498883	 0.064181	 0.452412	-0.015424	-0.958954	 0.498268	 0.499620	-0.497902	 0.171227	 0.498781
-0.475730	 0.498385	 0.498883	 0.282052	 0.475944	 0.204343	-1.200132	 0.498315	 0.499612	-0.498330	-0.054684	 0.498781
-0.487432	 0.498385	 0.498883	 0.390988	 0.487710	 0.314227	-0.317838	 0.498338	 0.499608	 0.001456	-0.167639	 0.498781
-0.493284	 0.498385	 0.498883	 0.445455	 0.493593	 0.369169	 0.122180	 0.498349	 0.499606	 0.250346	-0.224117	 0.498781
-0.496209	 0.498385	 0.498883	 0.472689	-0.003466	 0.396639	-0.158936	 0.498355	 0.499605	-0.125209	-0.252355	 0.498781
-0.497672	 0.498385	 0.498883	 0.486306	-0.250994	 0.410375	-0.299494	 0.498358	 0.499604	-0.311985	-0.266475	 0.498781
 0.001597	 0.498385	 0.498883	 0.493115	 0.125242	 0.417243	 0.130228	 0.498359	 0.499604	-0.405372	-0.273535	 0.498781
 0.250229	 0.498385	 0.498883	 0.496519	 0.312357	 0.420676	 0.343968	 0.498360	 0.499604	-0.452066	-0.277064	 0.498781
 0.374546	 0.498385	 0.498883	 0.498221	 0.405914	 0.422393	 0.449723	 0.498361	 0.499604	-0.475413	-0.278829	 0.498781
-0.063296	 0.498385	 0.498883	 0.499072	 0.452693	 0.423252	 0.001490	 0.498361	 0.499604	 0.012913	 0.220288	 0.498781
-0.281215	 0.498385	 0.498883	 0.499498	 0.476082	 0.423681	-0.222627	 0.498361	 0.499604	 0.256074	 0.468408	 0.498781
-0.390174	 0.498385	 0.498883	 0.499710	-0.012223	 0.423896	-0.334685	 0.498361	 0.499604	-0.122346	 0.091035	 0.498781
-0.444654	 0.498385	 0.498883	 0.499817	-0.255375	 0.424003	-0.390715	 0.498361	 0.499604	-0.310554	-0.097651	 0.498781
-0.471894	 0.498385	 0.498883	 0.499870	 0.123050	 0.424057	-0.418729	 0.498361	 0.499604	-0.404658	-0.191995	 0.498781
-0.485514	 0.498385	 0.498883	 0.499897	 0.311259	 0.424083	-0.432737	 0.498361	 0.499604	-0.451710	-0.239166	 0.498781
 0.007676	 0.498385	 0.498883	 0.499910	 0.405363	 0.424097	-0.439740	 0.498361	 0.499604	 0.024764	-0.262752	 0.498781
 0.253270	 0.498385	 0.498883	 0.499917	 0.452416	 0.424104	-0.443242	 0.498361	 0.499604	 0.261998	-0.274545	 0.498781
 0.376066	 0.498385	 0.498883	 0.499920	 0.475942	 0.424107	-0.444993	 0.498361	 0.499604	 0.380615	-0.280442	 0.498781
-0.062535	 0.498385	 0.498883	 0.499922	 0.487705	 0.424109	-0.445868	 0.498361	 0.499604	-0.060076	 0.216610	 0.498781
-0.280834	 0.498385	 0.498883	 0.499922	 0.493586	 0.424109	-0.446306	 0.498361	 0.499604	-0.279420	 0.463709	 0.498781
-0.389983	 0.498385	 0.498883	 0.499923	-0.003473	 0.424110	-0.446525	 0.498361	 0.499604	 0.110908	 0.085836	 0.498781
-0.444558	 0.498385	 0.498883	 0.499923	-0.251001	 0.424110	-0.446634	 0.498361	 0.499604	 0.305069	-0.103100	 0.498781
 0.028155	 0.498385	 0.498883	-0.000077	 0.125234	-0.075890	-0.446689	 0.498361	 0.499604	 0.402150	-0.197568	 0.498781
 0.263509	 0.498385	 0.498883	-0.249077	 0.312349	-0.324738	-0.446716	 0.498361	 0.499604	 0.450690	-0.244802	 0.498781
-0.118813	 0.498385	 0.498883	 0.126423	 0.405907	 0.051985	-0.446730	 0.498361	 0.499604	 0.474961	-0.268419	 0.498781
-0.308972	 0.498385	 0.498883	 0.313170	 0.452685	 0.240347	-0.446737	 0.498361	 0.499604	 0.487096	-0.280227	 0.498781
 0.095948	 0.498385	 0.498883	 0.406543	 0.476075	 0.334527	 0.053260	 0.498361	 0.499604	-0.006837	-0.286132	 0.498781
 0.297407	 0.498385	 0.498883	 0.453229	 0.487770	 0.381618	 0.302151	 0.498361	 0.499604	-0.252801	-0.289084	 0.498781
 0.398136	 0.498385	 0.498883	 0.476573	 0.493617	 0.405163	 0.425495	 0.498361	 0.499604	-0.375784	-0.290560	 0.498781
-0.051499	 0.498385	 0.498883	 0.488244	 0.496541	 0.416936	-0.513931	 0.498361	 0.499604	-0.437275	-0.291298	 0.498781
-0.275315	 0.498385	 0.498883	 0.494080	 0.498002	 0.422822	-0.980737	 0.498361	 0.499604	-0.468020	-0.291667	 0.498781
 0.112777	 0.498385	 0.498883	 0.496998	-0.001267	-0.074235	-0.711245	 0.498361	 0.499604	 0.016607	-0.291851	 0.498781
 0.305822	 0.498385	 0.498883	 0.498457	-0.249900	-0.321621	-0.576499	 0.498361	 0.499604	 0.257918	-0.291944	 0.498781
 0.402344	 0.498385	 0.498883	 0.499186	 0.125783	 0.055824	-0.509126	 0.498361	 0.499604	 0.378573	-0.291990	 0.498781
 0.450605	 0.498385	 0.498883	 0.499551	 0.312622	 0.244547	-0.475439	 0.498361	 0.499604	 0.438901	-0.292013	 0.498781
 0.474736	 0.498385	 0.498883	-0.000267	 0.406041	 0.338908	-0.458596	 0.498361	 0.499604	 0.469065	-0.292024	 0.498781
 0.486801	 0.498385	 0.498883	-0.249175	 0.452751	 0.386089	-0.450174	 0.498361	 0.499604	 0.484147	-0.292030	 0.498781
 0.492834	 0.498385	 0.498883	-0.373629	 0.476106	 0.409679	-0.445964	 0.498361	 0.499604	 0.491688	-0.292033	 0.498781
 0.495850	 0.498385	 0.498883	 0.064143	 0.487783	-0.578526	-0.443858	 0.498361	 0.499604	 0.495459	 0.207966	 0.498781
 0.497358	 0.498385	 0.498883	 0.282026	 0.493622	-1.069495	-0.442805	 0.498361	 0.499604	 0.497344	 0.456549	 0.498781
-0.001888	 0.498385	 0.498883	 0.390967	 0.496541	-0.311858	-0.442279	 0.498361	 0.499604	-0.001714	 0.079430	 0.498781
-0.250509	 0.498385	 0.498883	 0.445438	 0.498001	 0.066960	-0.442016	 0.498361	 0.499604	-0.250241	-0.109129	 0.498781
-0.374819	 0.498385	 0.498883	 0.472673	 0.498731	 0.256369	-0.441884	 0.498361	 0.499604	-0.374504	 0.296591	 0.498781
-0.436974	 0.498385	 0.498883	 0.486291	 0.499096	 0.351074	-0.441819	 0.498361	 0.499604	-0.436636	 0.498047	 0.498781
-0.468052	 0.498385	 0.498883	 0.493100	 0.499278	 0.398426	-0.441786	 0.498361	 0.499604	 0.032298	 0.097376	 0.498781
-0.483590	 0.498385	 0.498883	 0.496504	 0.499369	 0.422102	-0.441769	 0.498361	 0.499604	 0.265763	-0.102960	 0.498781
-0.491360	 0.498385	 0.498883	 0.498206	 0.499415	 0.433940	-0.441761	 0.498361	 0.499604	 0.382495	-0.203128	 0.498781
-0.495245	 0.498385	 0.498883	 0.499057	 0.499438	 0.439859	 0.058243	 0.498361	 0.499604	 0.440861	-0.253212	 0.498781
-0.497187	 0.498385	 0.498883	 0.499483	 0.499449	 0.442819	 0.307129	 0.498361	 0.499604	 0.470044	-0.278254	 0.498781
-0.498158	 0.498385	 0.498883	 0.499696	 0.499455	 0.444298	-0.069541	 0.498361	 0.499604	-0.015364	 0.209225	 0.498781
-0.498644	 0.498385	 0.498883	 0.499802	 0.499458	 0.445038	-0.257875	 0.498361	 0.499604	-0.257067	 0.451572	 0.498781
-0.498886	 0.498385	 0.498883	 0.499855	 0.499459	 0.445408	 0.147957	 0.498361	 0.499604	 0.122082	 0.571357	 0.498781
-0.499008	 0.498385	 0.498883	 0.499882	 0.499460	 0.445593	 0.349766	 0.498361	 0.499604	 0.310653	 0.629867	 0.498781
 0.000931	 0.498385	 0.498883	 0.499895	 0.499460	 0.445686	 0.449567	 0.498361	 0.499604	 0.404939	 0.157745	 0.498781
 0.249899	 0.498385	 0.498883	 0.499902	 0.499460	 0.445732	 0.498369	 0.498361	 0.499604	 0.452082	-0.078315	 0.498781
 0.374383	 0.498385	 0.498883	 0.499905	 0.499460	 0.445755	 0.521676	 0.498361	 0.499604	 0.475654	-0.196346	 0.498781
 0.436625	 0.498385	 0.498883	 0.499907	 0.499460	 0.445767	 0.032239	 0.498361	 0.499604	-0.012560	-0.255361	 0.498781
 0.467746	 0.498385	 0.498883	 0.499908	 0.499460	 0.445772	-0.212479	 0.498361	 0.499604	-0.255666	-0.284869	 0.498781
 0.483307	 0.498385	 0.498883	 0.499908	 0.499460	 0.445775	-0.334838	 0.498361	 0.499604	 0.122781	-0.299622	 0.498781
 0.491087	 0.498385	 0.498883	 0.499908	 0.499460	 0.445777	-0.396018	 0.498361	 0.499604	 0.311002	-0.306999	 0.498781
 0.494977	 0.498385	 0.498883	 0.499908	 0.499460	 0.445777	-0.426608	 0.498361	 0.499604	 0.405113	-0.310688	 0.498781
 0.496922	 0.498385	 0.498883	 0.499908	 0.499460	 0.445778	-0.441902	 0.498361	 0.499604	 0.452168	-0.312532	 0.498781
 0.497895	 0.498385	 0.498883	 0.499908	 0.499460	 0.445778	 0.050450	 0.498361	 0.499604	 0.475696	-0.313454	 0.498781
 0.498381	 0.498385	 0.498883	 0.499909	 0.499460	 0.445778	 0.295541	 0.498361	 0.499604	 0.487460	-0.313915	 0.498781
 0.498624	 0.498385	 0.498883	 0.499909	 0.499460	 0.445778	 0.417005	 0.498361	 0.499604	 0.493342	-0.314146	 0.498781
 0.498746	 0.498385	 0.498883	 0.499909	-0.000540	-0.054222	-0.023340	 0.498361	 0.499604	-0.003717	-0.314261	 0.498781
 0.498806	 0.498385	 0.498883	 0.499909	-0.249538	-0.303113	-0.243513	 0.498361	 0.499604	-0.251245	-0.314318	 0.498781
 0.498837	 0.498385	 0.498883	-0.000091	 0.125962	 0.073545	-0.353599	 0.498361	 0.499604	 0.124991	-0.314347	 0.498781
 0.498852	 0.498385	 0.498883	-0.249091	 0.312709	 0.261874	-0.408642	 0.498361	 0.499604	 0.312106	-0.314362	 0.498781
 0.498860	 0.498385	 0.498883	 0.126409	 0.406083	 0.356039	-0.436163	 0.498361	 0.499604	-0.094336	-0.314369	 0.498781
 0.498863	 0.498385	 0.498883	 0.313155	 0.452770	 0.403121	-0.449924	 0.498361	 0.499604	-0.296556	-0.314373	 0.498781
 0.498865	 0.498385	 0.498883	 0.406528	 0.476113	 0.426662	-0.456805	 0.498361	-0.500396	 0.102335	 0.185626	 0.498781
 0.498866	 0.498385	 0.498883	 0.453215	 0.487785	 0.438433	-0.460245	 0.498361	-0.997395	 0.300777	 0.434254	 0.498781
 0.498867	 0.498385	 0.498883	 0.476558	 0.493621	 0.444318	-0.461965	 0.498361	-1.242906	 0.399999	 0.557202	 0.498781
 0.498867	 0.498385	 0.498883	-0.011770	 0.496539	 0.447260	-0.462825	 0.498361	-0.362685	 0.449609	 0.617315	 0.498781
 0.498867	 0.498385	 0.498883	-0.254934	 0.497998	 0.448732	-0.463255	 0.498361	 0.076391	 0.474415	 0.646018	 0.498781
 0.498867	 0.498385	 0.498883	 0.123484	-0.001273	 0.449467	-0.463470	 0.498361	 0.294898	 0.486817	 0.159019	 0.498781
 0.498867	 0.498385	 0.498883	 0.311689	-0.249907	 0.449835	-0.463577	 0.498361	 0.403124	 0.493019	-0.084480	 0.498781
-0.001133	 0.498385	 0.498883	 0.405791	-0.374224	 0.450019	 0.036369	 0.498361	 0.456215	 0.496119	-0.206230	 0.498781
-0.250130	 0.498385	 0.498883	 0.452843	-0.436383	 0.450111	 0.285269	 0.498361	 0.481742	 0.497670	-0.267105	 0.498781
-0.374629	 0.498385	 0.498883	 0.476368	 0.032538	 0.450157	 0.408651	 0.498361	 0.493490	 0.498445	 0.202458	 0.498781
-0.436879	 0.498385	 0.498883	 0.488131	 0.265996	 0.450180	 0.469278	 0.498361	 0.498354	 0.498832	 0.435895	 0.498781
-0.468004	 0.498385	 0.498883	 0.494013	 0.382724	 0.450192	 0.498532	 0.498361	 0.499780	 0.499026	 0.551275	 0.498781
 0.016434	 0.498385	 0.498883	 0.496953	 0.441089	 0.450197	 0.012103	 0.498361	 0.499490	-0.000877	 0.107632	 0.498781
 0.257651	 0.498385	 0.498883	 0.498424	 0.470271	 0.450200	-0.231111	 0.498361	 0.499345	-0.249827	-0.114190	 0.498781
-0.121740	 0.498385	 0.498883	 0.499159	 0.484862	 0.450202	-0.352719	 0.498361	 0.499273	 0.125698	 0.274899	 0.498781
-0.310434	 0.498385	 0.498883	 0.499526	 0.492158	 0.450202	-0.413522	 0.498361	 0.499237	 0.312458	 0.468116	 0.498781
-0.404780	 0.498385	 0.498883	 0.499710	 0.495805	 0.450203	-0.443924	 0.498361	 0.499219	-0.094162	 0.063402	 0.498781
-0.451954	 0.498385	 0.498883	 0.499802	 0.497629	 0.450203	-0.459125	 0.498361	 0.499210	-0.296470	-0.138955	 0.498781
-0.475540	 0.498385	 0.498883	 0.499848	 0.498541	 0.450203	-0.466725	 0.498361	 0.499205	 0.102375	-0.240134	 0.498781
-0.487334	 0.498385	 0.498883	 0.499871	 0.498997	 0.450203	-0.470526	 0.498361	 0.499203	 0.300796	-0.290723	 0.498781
-0.493231	 0.498385	 0.498883	 0.499883	 0.499225	 0.450203	-0.472426	 0.498361	 0.499202	 0.400006	-0.316018	 0.498781
 0.003821	 0.498385	 0.498883	 0.499888	 0.499339	 0.450203	 0.026624	 0.498361	 0.499201	-0.050389	 0.171335	 0.498781
 0.251345	 0.498385	 0.498883	 0.499891	 0.499396	 0.450203	 0.275098	 0.498361	 0.499201	-0.274585	 0.413694	 0.498781
-0.124893	 0.498385	 0.498883	 0.499893	-0.000575	 0.450203	-0.101712	 0.498361	 0.499201	 0.113317	 0.033561	 0.498781
-0.312009	 0.498385	 0.498883	 0.499893	-0.249560	 0.450203	-0.290118	 0.498361	 0.499201	 0.306266	-0.156505	 0.498781
-0.405568	 0.498385	 0.498883	 0.499894	 0.125948	 0.450203	 0.115680	 0.498361	 0.499201	 0.402740	-0.251538	 0.498781
-0.452347	 0.498385	 0.498883	 0.499894	 0.312699	 0.450203	 0.317536	 0.498361	 0.499201	 0.450978	-0.299055	 0.498781
-0.475737	 0.498385	-0.001117	 0.499894	 0.406074	 0.450203	-0.582575	 0.498361	 0.499201	-0.024904	-0.322813	 0.498781
-0.487431	 0.498385	-0.250115	 0.499894	 0.452762	 0.450203	-1.029665	 0.498361	 0.499201	-0.261843	-0.334692	 0.498781
-0.493279	 0.498385	-0.374613	 0.499894	 0.476106	 0.450203	-1.250257	 0.498361	 0.499201	-0.380313	-0.340632	 0.498781
 0.003798	 0.498385	 0.063137	 0.499894	 0.487778	-0.049797	-0.857611	 0.498361	 0.499201	 0.060453	-0.343602	 0.498781
 0.251334	 0.498385	 0.281011	 0.499894	 0.493614	-0.298697	-0.661288	 0.498361	 0.499201	 0.279833	-0.345087	 0.498781
-0.124898	 0.498385	 0.389947	 0.499894	 0.496531	 0.077948	-0.063127	 0.498361	 0.499201	 0.389523	-0.345829	 0.498781
-0.312011	 0.498385	 0.444416	 0.499894	 0.497990	 0.266270	 0.234884	 0.498361	 0.499201	 0.444368	-0.346200	 0.498781
 0.094432	 0.498385	 0.471650	 0.499894	 0.498720	 0.360431	 0.382824	 0.498361	 0.499201	 0.471790	-0.346386	 0.498781
 0.296652	 0.498385	 0.485267	 0.499894	 0.499085	 0.407512	 0.455732	 0.498361	 0.499201	 0.485502	-0.346479	 0.498781
 0.397761	 0.498385	 0.492076	 0.499894	-0.000733	 0.431052	-0.008871	 0.498361	-0.000799	 0.492357	-0.346525	 0.498781
 0.448316	 0.498385	 0.495480	 0.499894	-0.249641	 0.442823	-0.241173	 0.498361	-0.249798	 0.495785	-0.346548	 0.498781
 0.473594	 0.498385	 0.497182	 0.499894	-0.374094	 0.448708	-0.357324	 0.498361	-0.374297	 0.497499	-0.346560	 0.498781
 0.486233	 0.498385	 0.498033	 0.499894	 0.063679	 0.451650	 0.084601	 0.498361	 0.063453	 0.498356	-0.346566	 0.498781
 0.492552	 0.498385	 0.498459	 0.499894	 0.281562	 0.453121	 0.304510	 0.498361	 0.281326	 0.498784	-0.346569	 0.498781
-0.004288	 0.498385	 0.498671	 0.499894	 0.390504	 0.453857	-0.086584	 0.498361	 0.390263	 0.498999	-0.346570	 0.498781
-0.251706	 0.498385	 0.498778	 0.499894	 0.444975	 0.454225	-0.282131	 0.498361	 0.444731	 0.499106	-0.346571	 0.498781
-0.375415	 0.498385	 0.498831	 0.499894	 0.472210	 0.454409	 0.120095	 0.498361	 0.471965	 0.499159	-0.346571	 0.498781
-0.437270	 0.498385	 0.498857	 0.499894	 0.485828	 0.454501	 0.320164	 0.498361	 0.485582	 0.499186	-0.346571	 0.498781
-0.468197	 0.498385	 0.498871	 0.499894	 0.492637	 0.454547	 0.419158	 0.498361	 0.492390	 0.499200	-0.346572	 0.498781
-0.483660	 0.498385	 0.498877	 0.499894	 0.496041	 0.454570	 0.467618	 0.498361	 0.495795	 0.499206	-0.346572	 0.498781
-0.491392	 0.498385	 0.498881	 0.499894	 0.497744	 0.454581	 0.490816	 0.498361	 0.497497	-0.000790	-0.346572	 0.498781
-0.495258	 0.498385	 0.498882	 0.499894	 0.498595	 0.454587	 0.501388	 0.498361	 0.498348	-0.249787	-0.346572	 0.498781
-0.497191	 0.498385	 0.498883	 0.499894	 0.499020	 0.454590	 0.505649	 0.498361	 0.498773	-0.374286	-0.346572	 0.498781
 0.001842	 0.498385	 0.498884	 0.499894	 0.499233	 0.454591	 0.506760	 0.498361	 0.498986	 0.063465	-0.346572	 0.498781
 0.250357	 0.498385	 0.498884	 0.499894	 0.499339	 0.454592	 0.506300	 0.498361	 0.499093	 0.281338	-0.346572	 0.498781
-0.125385	 0.498385	 0.498884	 0.499894	 0.499393	 0.454592	-0.494942	 0.498361	 0.499146	 0.390275	 0.153428	 0.498781
-0.312254	 0.498385	 0.498884	 0.499894	 0.499419	 0.454592	-0.992570	 0.498361	 0.499172	 0.444743	 0.402122	 0.498781
 0.094311	 0.498385	 0.498884	 0.499894	 0.499433	 0.454593	-0.238404	 0.498361	 0.499186	 0.471977	 0.525166	 0.498781
 0.296592	 0.498385	 0.498884	 0.499894	 0.499439	 0.454593	 0.137647	 0.498361	 0.499192	 0.485594	 0.585393	 0.498781
-0.102267	 0.498385	 0.498884	 0.499894	 0.499443	 0.454593	 0.324646	 0.498361	 0.499196	-0.007597	 0.614214	 0.498781
-0.300695	 0.498385	 0.498884	 0.499894	 0.499444	 0.454593	 0.417121	 0.498361	 0.499197	-0.253191	 0.627339	 0.498781
-0.399908	 0.498385	 0.498884	 0.499894	 0.499445	 0.454593	 0.462340	 0.498361	 0.499198	-0.375989	 0.632621	 0.498781
 0.050485	 0.498385	 0.498884	 0.499894	 0.499445	 0.454593	 0.483934	 0.998361	 0.499199	 0.062613	 0.133986	 0.498781
 0.274680	 0.498385	 0.498884	 0.499894	 0.499446	 0.454593	 0.493721	 1.245364	 0.499199	 0.280911	-0.115332	 0.498781
-0.113223	 0.498385	 0.498884	 0.499894	 0.499446	-0.045407	-0.502393	 0.865881	 0.499199	-0.109940	-0.239991	 0.498781
-0.306172	 0.498385	 0.498884	 0.499894	 0.499446	-0.294317	-0.997453	 0.676140	 0.499199	-0.304363	-0.302320	 0.498781
 0.097353	 0.498385	 0.498884	 0.499894	 0.499446	 0.082315	-0.741998	 0.581269	 0.499199	 0.098425	-0.333485	 0.498781
 0.298114	 0.498385	 0.498884	 0.499894	 0.499446	 0.270631	-0.614271	 0.533833	 0.499199	 0.298816	-0.349067	 0.498781
 0.398495	 0.498385	 0.498884	-0.000106	 0.499446	 0.364789	-0.050407	 0.510116	 0.499199	-0.100988	-0.356858	 0.498781
 0.448685	 0.498385	 0.498884	-0.249106	 0.499446	 0.411868	 0.230498	 0.498257	 0.499199	-0.299889	-0.360754	 0.498781
 0.473780	 0.498385	 0.498884	-0.373606	 0.499446	 0.435408	 0.369928	 0.492327	 0.499199	-0.399339	-0.362702	 0.498781
-0.013672	 0.498385	 0.498884	-0.435856	 0.499446	-0.052823	-0.061376	 0.489363	 0.499199	-0.449064	-0.363676	 0.498781
-0.256396	 0.498385	 0.498884	-0.466981	 0.499446	-0.295856	-0.277028	 0.487880	 0.499199	-0.473926	-0.364163	 0.498781
-0.377758	 0.498385	 0.498884	 0.017457	 0.499446	 0.083706	 0.115146	 0.487139	 0.499199	 0.013642	-0.364406	 0.498781
-0.438439	 0.498385	 0.498884	 0.258672	 0.499446	 0.273486	 0.310218	 0.486769	 0.499199	 0.256424	-0.364528	 0.498781
 0.031220	 0.498385	 0.498884	 0.379279	 0.499446	 0.368377	 0.406744	 0.486583	 0.499199	-0.122185	-0.364589	 0.498781
 0.265048	 0.498385	 0.498884	 0.439583	 0.499446	 0.415822	 0.454000	 0.486491	 0.499199	-0.310488	-0.364619	 0.498781
-0.118038	 0.498385	 0.498884	 0.469735	 0.499446	 0.439544	-0.023374	 0.486444	 0.499199	-0.404639	-0.364634	 0.498781
-0.308578	 0.498385	 0.498884	 0.484811	 0.499446	 0.451406	-0.261060	 0.486421	 0.499199	-0.451715	-0.364642	 0.498781
-0.403849	 0.498385	 0.498884	 0.492349	 0.499446	 0.457336	-0.379903	 0.486410	 0.499199	-0.475253	-0.364646	 0.498781
 0.048516	 0.498385	 0.498884	-0.003882	 0.499446	 0.460302	 0.060676	 0.986404	 0.499199	 0.012978	-0.364648	 0.498781
 0.273697	 0.498385	 0.498884	-0.250997	 0.499446	 0.461784	 0.279962	 1.233428	 0.499199	 0.256091	-0.364649	 0.498781
 0.386287	 0.498385	 0.498884	 0.125445	 0.499446	 0.462526	-0.610394	 0.853979	 0.499199	 0.377648	-0.364649	 0.498781
 0.442582	 0.498385	 0.498884	 0.312662	 0.499446	 0.462896	-1.052571	 0.664255	 0.499199	 0.438426	-0.364649	 0.498781
 0.470730	 0.498385	 0.498884	 0.406271	-0.000554	 0.463082	-0.770670	 1.069393	 0.499199	 0.468815	-0.364649	 0.498781
 0.484804	 0.498385	 0.498884	 0.453075	-0.249553	 0.463174	-0.629719	 1.269013	 0.499199	 0.484010	-0.364649	 0.498781
-0.008160	 0.498385	 0.498884	 0.476478	 0.125948	 0.463221	-0.059244	 0.865885	 0.499199	 0.491607	-0.364649	 0.498781
-0.253639	 0.498385	 0.498884	 0.488179	 0.312695	 0.463244	 0.224971	 0.664322	 0.499199	 0.495406	-0.364649	 0.498781
-0.376379	 0.498385	 0.498884	 0.494029	 0.406069	 0.463255	 0.366060	 0.563540	 0.499199	 0.497305	-0.364650	 0.498781
 0.062252	 0.498385	 0.498884	 0.496955	 0.452755	 0.463261	 0.435591	 0.513149	 0.499199	 0.498255	 0.135350	 0.498781
 0.280565	 0.498385	 0.498884	 0.498417	 0.476099	 0.463264	 0.469346	 0.487953	 0.499199	 0.498730	 0.384080	 0.498781
 0.389722	 0.498385	 0.498884	 0.499148	 0.487771	 0.463266	 0.485217	 0.475356	 0.499199	-0.001033	 0.007179	 0.498781
 0.444300	 0.498385	 0.498884	 0.499514	 0.493606	 0.463266	 0.492150	 0.469057	 0.499199	-0.249913	-0.181272	 0.498781
 0.471589	 0.498385	 0.498884	 0.499697	 0.496524	 0.463267	 0.495617	 0.965907	 0.499199	 0.125648	-0.275497	 0.498781
 0.485234	 0.498385	 0.498884	 0.499788	 0.497983	 0.463267	 0.497350	 1.211407	 0.499199	 0.312425	-0.322610	 0.498781
 0.492056	 0.498385	 0.498884	 0.499834	 0.498713	-0.036733	-0.001783	 0.831243	 0.499199	 0.405814	-0.346166	 0.498781
 0.495467	 0.498385	 0.498884	 0.499857	 0.499078	-0.285660	-0.250348	 0.641161	 0.499199	 0.452508	-0.357944	 0.498781
 0.497173	 0.498385	 0.498884	 0.499868	 0.499260	-0.409054	-0.374630	 0.546120	 0.499199	 0.475856	-0.363833	 0.498781
 0.498025	 0.498385	 0.498884	 0.499874	 0.499351	 0.030314	 0.063229	 0.998600	 0.499199	 0.487529	-0.366778	 0.498781
 0.498452	 0.498385	 0.498884	 0.499877	 0.499397	 0.249998	 0.281156	 1.221937	 0.499199	 0.493366	-0.368250	 0.498781
 0.498665	 0.498385	 0.498884	 0.499878	 0.499420	 0.359840	 0.390119	 0.830716	 0.499199	-0.003716	 0.131014	 0.498781
 0.498772	 0.498385	 0.498884	 0.499879	 0.499431	 0.414761	 0.444601	 0.635105	 0.499199	-0.251255	 0.379385	 0.498781
 0.498825	 0.498385	 0.498884	 0.499879	 0.499437	 0.442222	 0.471842	 0.537299	 0.499199	 0.124976	 0.502316	 0.498781
 0.498852	 0.498385	 0.498884	 0.499880	 0.499439	 0.455952	 0.485463	 0.488397	 0.499199	 0.312088	 0.562530	 0.498781
 0.498865	 0.498385	 0.498884	-0.000120	 0.499441	 0.462817	 0.492273	 0.463945	 0.499199	-0.094355	 0.091392	 0.498781
 0.498872	 0.498385	 0.498884	-0.249120	 0.499442	 0.466249	 0.495678	 0.451720	 0.499199	-0.296575	-0.144177	 0.498781
 0.498875	 0.498385	 0.498884	-0.373620	 0.499442	 0.467966	 0.497380	 0.445607	 0.499199	-0.397686	-0.261962	 0.498781
-0.001123	 0.498385	 0.498884	-0.435870	 0.499442	 0.468824	 0.498232	 0.442550	 0.499199	 0.051759	-0.320854	 0.498781
-0.250120	 0.498385	 0.498884	-0.466995	 0.499442	 0.469253	 0.498657	 0.441022	 0.499199	 0.275480	-0.350300	 0.498781
 0.125381	 0.498385	 0.498884	 0.017443	 0.499442	 0.469467	 0.498870	 0.440258	 0.499199	 0.387340	-0.365023	 0.498781
 0.312130	 0.498385	 0.498884	 0.258658	 0.499442	 0.469575	 0.498977	 0.439876	 0.499199	 0.443270	-0.372385	 0.498781
 0.405505	 0.498385	 0.498884	 0.379265	 0.499442	 0.469628	 0.499030	 0.439685	 0.499199	-0.028765	-0.376065	 0.498781
 0.452192	 0.498385	 0.498884	 0.439569	 0.499442	 0.469655	 0.499056	 0.439589	 0.499199	-0.263781	-0.377906	 0.498781
-0.024464	 0.498385	 0.498884	 0.469721	 0.499442	 0.469669	 0.499070	 0.439542	 0.499199	 0.118711	-0.378826	 0.498781
-0.261790	 0.498385	 0.498884	 0.484797	 0.499442	 0.469675	 0.499076	 0.439518	 0.499199	 0.308954	-0.379286	 0.498781
-0.380453	 0.498385	 0.498884	 0.492335	 0.499442	 0.469679	 0.499080	 0.439506	 0.499199	 0.404076	-0.379516	 0.498781
 0.060215	 0.498385	 0.498884	 0.496104	 0.499442	 0.469680	 0.499081	 0.439500	 0.499199	 0.451637	 0.120369	 0.498781
 0.279548	 0.498385	 0.498884	 0.497988	 0.499442	 0.469681	 0.499082	 0.439497	 0.499199	 0.475418	 0.369071	 0.498781
 0.389214	 0.498385	 0.498884	 0.498931	 0.499442	 0.469682	 0.499083	 0.439495	 0.499199	 0.487308	-0.007814	 0.498781
 0.444047	 0.498385	 0.498884	 0.499402	 0.499442	 0.469682	 0.499083	 0.439495	 0.499199	 0.493253	-0.196256	 0.498781
 0.471464	 0.498385	 0.498884	 0.499637	 0.499442	 0.469682	 0.499083	 0.439494	 0.499199	-0.003775	-0.290477	 0.498781
 0.485172	 0.498385	 0.498884	 0.499755	 0.499442	 0.469682	 0.499083	 0.439494	 0.499199	-0.251287	-0.337588	 0.498781
 0.492026	 0.498385	 0.498884	 0.499814	 0.499442	 0.469682	 0.499083	 0.439494	 0.499199	-0.375043	-0.361143	 0.498781
 0.495453	 0.498385	 0.498884	 0.499843	 0.499442	 0.469682	 0.499083	 0.439494	 0.499199	-0.436921	-0.372921	 0.498781
 0.497167	 0.498385	 0.498884	 0.499858	 0.499442	 0.469682	 0.499083	 0.439494	 0.499199	-0.467860	-0.378810	 0.498781
-0.001977	 0.498385	 0.498884	 0.499865	-0.000558	 0.469682	-0.000917	 0.439494	 0.499199	-0.483329	 0.118246	 0.498781
-0.250546	 0.498385	 0.498884	 0.499869	-0.249557	 0.469682	-0.249915	 0.439494	 0.499199	-0.491064	 0.365543	 0.498781
 0.125169	 0.498385	 0.498884	 0.499871	 0.125944	 0.469682	 0.125586	 0.439494	 0.499199	-0.494931	 0.487966	 0.498781
 0.312025	 0.498385	 0.498884	 0.499872	 0.312691	 0.469682	 0.312334	 0.439494	 0.499199	-0.496865	 0.547957	 0.498781
-0.094547	 0.498385	 0.498884	 0.499872	 0.906065	 0.469682	 0.405708	 0.439494	 0.499199	 0.002168	 0.076736	 0.498781
-0.296831	 0.498385	 0.498884	 0.499873	 1.199753	 0.469682	 0.452395	 0.439494	 0.499199	 0.250682	-0.158874	 0.498781
 0.102028	 0.498385	 0.498884	 0.499873	 0.843610	 0.469682	 0.475739	 0.939494	 0.499199	 0.374939	-0.276679	 0.498781
 0.300455	 0.498385	 0.498884	 0.499873	 0.665539	 0.469682	 0.487411	 1.186615	 0.499199	 0.437068	-0.335582	 0.498781
-0.100332	 0.498385	 0.498884	 0.499873	 0.576503	 0.469682	 0.493246	 1.307308	 0.499199	 0.468132	-0.365033	 0.498781
-0.299723	 0.498385	 0.498884	 0.499873	 0.531985	 0.469682	 0.496164	 1.364798	 0.499199	 0.483664	-0.379759	 0.498781
-0.399418	 0.498385	 0.498884	 0.499873	 0.509726	 0.469682	 0.497623	 1.390699	 0.499199	 0.491430	-0.387121	 0.498781
-0.449266	 0.498385	 0.498884	 0.499873	 0.498597	 0.469682	 0.498353	 1.400816	 0.499199	 0.495313	-0.390803	 0.498781
-0.474190	 0.498385	 0.498884	 0.499873	 0.493032	 0.469682	 0.498718	 1.403053	 0.499199	 0.497255	-0.392644	 0.498781
 0.013348	 0.498385	 0.498884	 0.499873	 0.490250	 0.469682	 0.498900	 0.901361	 0.499199	 0.498226	-0.393564	 0.498781
 0.256116	 0.498385	 0.498884	 0.499873	 0.488858	 0.469682	 0.498991	 0.650515	 0.499199	 0.498711	-0.394024	 0.498781
-0.122501	 0.498385	 0.498884	 0.499873	 0.488163	 0.469682	 0.499037	 1.025092	 0.499199	 0.498954	 0.105746	 0.498781
-0.310807	 0.498385	 0.498884	 0.499873	 0.487815	 0.469682	 0.499060	 1.209581	 0.499199	 0.499075	 0.354420	 0.498781
-0.404960	 0.498385	 0.498884	 0.499873	 0.487641	 0.469682	 0.499071	 0.799037	 0.499199	 0.499136	 0.477551	 0.498781
-0.452036	 0.498385	 0.498884	 0.499873	 0.487554	 0.469682	 0.499077	 0.593765	 0.499199	 0.499166	 0.537915	 0.498781
-0.475574	 0.498385	 0.498884	 0.499873	 0.487511	 0.469682	 0.499080	 0.491129	 0.499199	 0.499181	 0.566900	 0.498781
 0.012657	 0.498385	 0.498884	 0.499873	 0.487489	 0.469682	 0.499081	 0.939812	 0.499199	 0.499189	 0.080201	 0.498781
 0.255770	 0.498385	 0.498884	 0.499873	 0.487478	 0.469682	 0.499082	 1.161376	 0.499199	 0.499193	-0.163149	 0.498781
 0.377327	 0.498385	 0.498884	 0.499873	 0.487473	 0.469682	 0.499082	 1.269392	 0.499199	 0.499194	 0.215177	 0.498781
 0.438105	 0.498385	 0.498884	 0.499873	 0.487470	 0.469682	 0.499082	 1.320645	 0.499199	 0.499195	 0.403152	 0.498781
 0.468495	 0.498385	 0.498884	 0.499873	 0.487469	 0.469682	 0.499082	 1.343528	 0.499199	 0.499196	 0.495958	 0.498781
 0.483689	 0.498385	 0.498884	 0.499873	 0.487468	 0.469682	 0.499082	 1.352236	 0.499199	 0.499196	 0.541183	 0.498781
 0.491287	 0.498385	 0.498884	 0.499873	 0.487468	 0.469682	 0.499082	 1.353869	 0.499199	 0.499196	 0.062623	 0.498781
 0.495085	 0.498385	 0.498884	 0.499873	 0.487467	 0.469682	 0.499082	 1.351974	 0.499199	 0.499196	-0.176657	 0.498781
 0.496985	 0.498385	 0.498884	 0.499873	 0.487467	 0.469682	 0.499082	 1.348326	 0.499199	 0.499196	-0.296297	 0.498781
 0.497934	 0.498385	 0.498884	 0.499873	 0.487467	 0.469682	 0.499082	 0.843813	 0.499199	-0.000804	-0.356117	 0.498781
 0.498409	 0.498385	 0.498884	 0.499873	 0.487467	 0.469682	 0.499082	 0.591557	 0.499199	-0.249802	-0.386027	 0.498781
 0.498646	 0.498385	 0.498884	 0.499873	 0.487467	 0.469682	 0.499082	 0.965428	 0.499199	 0.125699	-0.400982	 0.498781
 0.498765	 0.498385	 0.498884	 0.499873	 0.487467	 0.469682	 0.499082	 1.149686	 0.499199	 0.312447	-0.408460	 0.498781
-0.001175	 0.498385	 0.498884	 0.499873	 0.487467	 0.469682	 0.499082	 0.739146	 0.499199	 0.405821	-0.412199	 0.498781
-0.250144	 0.498385	 0.498884	 0.499873	 0.487467	 0.469682	 0.499082	 0.533877	 0.499199	 0.452508	-0.414068	 0.498781
-0.374628	 0.498385	 0.498884	 0.499873	 0.487467	 0.469682	 0.499082	 0.931242	 0.499199	-0.024149	 0.084997	 0.498781
-0.436870	 0.498385	 0.498884	 0.499873	 0.487467	 0.469682	 0.499082	 1.127267	 0.499199	-0.261475	 0.333362	 0.498781
-0.467991	 0.498385	 0.498884	 0.499873	 0.487467	 0.469682	 0.499082	 1.222633	 0.499199	-0.380139	 0.456381	 0.498781
 0.016449	 0.498385	 0.498884	-0.000127	 0.487467	 0.469682	 0.499082	 0.767681	 0.499199	-0.439470	 0.516731	 0.498781
 0.257667	 0.498385	 0.498884	-0.249127	 0.487467	 0.469682	 0.499082	 0.540204	 0.499199	-0.469136	 0.545752	 0.498781
 0.378276	 0.498385	 0.498884	 0.126373	-0.012533	 0.469682	 0.499082	 0.426466	 0.499199	 0.016031	 0.059114	 0.498781
 0.438580	 0.498385	 0.498884	 0.313119	-0.261508	 0.469682	 0.499082	 0.369597	 0.499199	 0.257612	-0.184206	 0.498781
 0.468733	 0.498385	 0.498884	 0.406493	 0.115026	 0.469682	 0.499082	 0.341162	 0.499199	 0.378403	 0.194134	 0.498781
 0.483809	 0.498385	 0.498884	 0.453179	 0.303293	 0.469682	 0.499082	 0.326945	 0.499199	 0.438798	 0.382159	 0.498781
 0.491347	 0.498385	 0.498884	 0.476522	 0.897426	 0.469682	 0.499082	 0.819836	 0.499199	 0.468996	-0.024968	 0.498781
 0.495116	 0.498385	 0.498884	 0.488194	 1.191509	 0.469682	 0.499082	 1.063656	 0.499199	 0.484094	-0.228532	 0.498781
 0.497000	 0.498385	 0.498884	 0.494030	 1.335580	 0.469682	 0.499082	 1.182952	 0.499199	 0.491644	-0.330314	 0.498781
 0.497943	 0.498385	 0.498884	 0.496948	 0.904656	 0.469682	 0.499082	 0.739995	 0.499199	 0.495419	-0.381205	 0.498781
 0.498649	 0.498385	 0.498884	 0.499136	 0.581463	 0.469682	 0.499082	 0.407777	 0.499199	 0.498250	-0.419373	 0.498781
 0.498767	 0.498385	 0.498884	 0.499501	 0.527598	 0.469682	 0.499082	 0.352407	 0.499199	 0.498721	-0.425735	 0.498781
 0.498826	 0.498385	 0.498884	-0.000317	 0.500665	 0.469682	 0.499082	 0.824723	 0.499199	 0.498957	-0.428915	 0.498781
 0.498855	 0.498385	 0.498884	-0.249225	 0.487198	 0.469682	 0.499082	 1.058286	 0.499199	 0.499075	-0.430506	 0.498781
-0.001130	 0.498385	 0.498884	-0.373679	 0.480465	 0.469682	 0.499082	 1.172484	 0.499199	-0.000866	-0.431301	 0.498781
-0.250120	 0.498385	 0.498884	-0.435907	 0.477099	 0.469682	 0.499082	 1.227010	 0.499199	-0.249835	-0.431699	 0.498781
 0.125384	 0.498385	 0.498884	 0.032980	 0.475415	 0.469682	 0.499082	 0.751710	 0.499199	 0.125681	-0.431897	 0.498781
 0.312135	 0.498385	 0.498884	 0.266419	 0.474574	 0.469682	 0.499082	 0.514059	 0.499199	 0.312436	-0.431997	 0.498781
 0.405510	 0.498385	 0.498884	 0.383139	 0.474153	 0.469682	 0.499082	 0.395234	 0.499199	 0.405814	-0.432046	 0.498781
 0.452198	 0.498385	 0.498884	 0.441499	 0.473942	 0.469682	 0.499082	 0.835822	 0.499199	 0.452503	-0.432071	 0.498781
 0.475542	 0.498385	 0.498884	 0.470679	 0.473837	 0.469682	 0.499082	 1.053563	 0.499199	 0.475847	-0.432084	 0.498781
-0.012786	 0.498385	 0.498884	 0.485269	 0.473785	 0.469682	-0.000918	 1.159891	 0.499199	 0.487519	-0.432090	 0.498781
-0.255948	 0.498385	 0.498884	 0.492564	 0.473758	 0.469682	-0.249916	 1.210522	 0.499199	 0.493356	-0.432093	 0.498781
-0.377529	 0.498385	 0.498884	 0.496211	 0.473745	 0.469682	-0.374415	 1.233316	 0.499199	-0.003726	-0.432095	 0.498781
-0.438319	 0.498385	 0.498884	 0.498035	 0.473739	 0.469682	-0.436664	 1.242200	 0.499199	-0.251266	-0.432095	 0.498781
 0.031285	 0.498385	 0.498884	 0.498947	 0.473735	 0.469682	 0.032211	 1.244140	 0.499199	 0.124965	-0.432096	 0.498781
 0.265086	 0.498385	 0.498884	 0.499403	 0.473734	 0.469682	 0.265646	 1.242618	 0.499199	 0.312077	-0.432096	 0.498781
 0.381986	 0.498385	 0.498884	 0.499631	 0.473733	 0.469682	 0.382364	 1.239375	 0.499199	 0.405634	-0.432096	 0.498781
-0.059564	 0.498385	 0.498884	 0.499745	 0.473732	-0.030318	 0.440723	 0.735281	 0.499199	 0.452412	-0.432096	 0.498781
-0.279336	 0.498385	 0.498884	 0.499802	 0.473732	-0.279257	 0.469902	 0.483234	 0.499199	 0.475801	-0.432096	 0.498781
-0.389223	 0.498385	 0.498884	 0.499830	 0.473732	 0.097329	 0.484492	 0.857210	 0.499199	 0.487496	-0.432096	 0.498781
-0.444166	 0.498385	 0.498884	 0.499845	 0.473732	 0.285623	 0.491787	 1.041736	 0.499199	 0.493343	-0.432096	 0.498781
-0.471637	 0.498385	 0.498884	 0.499852	 0.473732	 0.379769	 0.495434	 1.131547	 0.499199	 0.496266	-0.432096	 0.498781
-0.485373	 0.498385	 0.498884	 0.499855	 0.473732	 0.426843	 0.497258	 1.174009	 0.499199	 0.497728	-0.432096	 0.498781
 0.007759	 0.498385	 0.498884	 0.499857	 0.973732	 0.450379	 0.498170	 1.192808	 0.499199	 0.498459	-0.432096	 0.498781
 0.253323	 0.498385	 0.498884	 0.499858	 1.220785	 0.462148	 0.498626	 1.199784	 0.499199	 0.498825	-0.432096	 0.498781
 0.376105	 0.498385	 0.498884	 0.499858	 1.341375	 0.468032	 0.498854	 1.200858	 0.499199	 0.499007	-0.432096	 0.498781
-0.062504	 0.498385	 0.498884	 0.499859	 1.398747	 0.470974	 0.498968	 1.198991	 0.499199	-0.000901	-0.432096	 0.498781
-0.280806	 0.498385	 0.498884	 0.499859	 1.424520	 0.472445	 0.499025	 1.195664	 0.499199	-0.249854	-0.432096	 0.498781
 0.110043	 0.498385	 0.498884	 0.499859	 1.434506	 0.473181	 0.499053	 1.191615	 0.499199	 0.125670	 0.067904	 0.498781
 0.304466	 0.498385	 0.498884	 0.499859	 1.436610	 0.473548	 0.499067	 1.187216	 0.499199	 0.312429	 0.316768	 0.498781
 0.401677	 0.498385	 0.498884	 0.499859	 0.934785	 0.473732	 0.499075	 1.182651	 0.499199	 0.405809	 0.440069	 0.498781
 0.450283	 0.498385	 0.498884	 0.499859	 0.683872	 0.473824	 0.499078	 1.178012	 0.499199	 0.452499	 0.500593	 0.498781
 0.474586	 0.498385	 0.498884	 0.499859	 0.558416	 0.473870	 0.499080	 0.673346	 0.499199	-0.024156	 0.029732	 0.498781
 0.486737	 0.498385	 0.498884	 0.499859	 0.495688	 0.473893	 0.499081	 0.421013	 0.499199	-0.261482	-0.205698	 0.498781
 0.492813	 0.498385	 0.498884	 0.499859	 0.464324	 0.473905	 0.499081	 0.294846	 0.499199	-0.380145	-0.323413	 0.498781
