-0.063905	-0.499362	 0.498859	 0.499518	-0.036647	 0.052365	-0.259367	 1.172470	 0.636323	-0.625149	 0.076826	 0.498280
-0.281791	-0.499107	 0.498859	 0.499518	-0.060258	 0.276076	-0.259367	 1.168211	 0.633777	-0.849350	 0.076826	 0.498280
 0.109266	-0.498980	 0.498859	-0.000482	-0.072064	 0.387931	-0.259367	 1.163754	 0.631242	-0.959303	 0.076826	 0.498280
 0.303794	-0.498917	 0.498859	-0.249481	-0.077966	 0.443859	-0.259367	 1.159207	 0.628717	-1.012141	 0.076826	 0.498280
-0.098942	-0.498885	 0.498859	 0.126019	-0.080918	 0.471823	-0.259367	 1.154624	 0.626202	-1.036430	 0.076826	 0.498280
-0.299307	-0.498869	 0.498859	 0.312766	-0.082394	 0.485805	-0.259367	 1.150032	 0.623698	-1.046453	 0.076826	 0.498280
-0.399489	-0.498861	 0.498859	 0.406140	-0.083131	 0.492796	-0.259367	 1.145445	 0.621203	-1.049352	 0.076826	 0.498280
-0.449580	-0.498857	 0.498859	 0.452827	-0.083500	 0.496291	-0.259367	 1.140870	 0.618718	-1.048697	 0.076826	 0.498280
-0.474626	-0.498855	 0.498859	 0.476170	-0.083685	 0.498039	-0.259367	 1.136310	 0.616243	-1.046273	 0.076826	 0.498280
-0.487149	-0.498854	 0.498859	 0.487842	 0.416223	 0.498913	-0.259367	 1.131767	 0.613778	-0.542974	 0.076826	 0.498280
-0.493410	-0.498854	 0.498859	 0.493678	 0.664345	 0.499350	-0.259367	 1.127241	 0.611323	-0.291324	 0.076826	 0.498280
-0.496541	-0.498853	 0.498859	-0.003404	 0.286581	 0.499568	-0.259367	 0.622732	 0.608878	-0.665499	 0.076826	 0.498280
-0.498106	-0.498853	 0.498859	-0.250944	 0.097698	 0.499678	-0.259367	 0.370478	 0.606442	-0.850507	 0.076826	 0.498280
-0.498889	-0.498853	 0.498859	-0.374714	 0.003257	 0.499732	-0.259367	 0.244351	 0.604016	-0.940940	 0.076826	 0.498280
-0.499280	-0.498853	 0.498859	 0.063401	-0.043963	 0.499760	-0.259367	 0.681287	 0.601600	-0.484094	 0.076826	 0.498280
-0.499476	-0.498853	 0.498859	 0.281455	 0.432427	-0.000227	-0.259367	 0.897519	 0.599194	-0.255671	 0.076826	 0.498280
-0.499574	-0.498853	 0.498859	 0.390482	 0.668804	-0.249220	-0.259367	 1.003407	 0.596797	-0.141459	 0.076826	 0.498280
-0.499623	-0.498853	 0.498859	 0.444996	 0.785182	 0.126284	-0.259367	 1.054133	 0.594410	-0.084354	 0.076826	 0.498280
-0.499647	-0.498853	 0.498859	 0.472253	 0.841568	 0.313032	-0.259367	 1.077286	 0.592032	-0.055801	 0.076826	 0.498280
-0.499659	-0.498853	 0.498859	 0.485881	 0.867965	 0.406406	-0.259367	 1.086662	 0.589664	-0.041524	 0.076826	 0.498280
-0.499665	-0.498853	 0.498859	 0.492695	 0.379375	-0.046906	-0.259367	 1.089157	 0.587306	-0.534386	 0.076826	 0.498280
-0.499668	-0.498853	 0.498859	 0.496102	 0.135080	-0.272562	-0.259367	 1.088222	 0.584956	-0.778762	 0.076826	 0.498280
-0.499670	-0.498853	 0.498859	 0.497806	 0.512932	-0.385391	-0.259367	 1.085580	 0.582616	-0.398904	 0.076826	 0.998280
-0.499671	-0.498853	 0.498859	 0.498658	 0.700077	-0.441805	-0.259367	 1.082093	 0.580286	-0.208975	 0.076826	 1.245284
-0.499671	-0.498853	 0.498859	-0.000916	 0.291875	 0.029988	-0.259367	 1.078192	 0.577965	-0.114011	 0.076826	 0.865801
-0.499671	-0.498853	 0.498859	-0.249702	 0.087774	 0.264881	-0.259367	 1.074093	 0.575653	-0.066528	 0.076826	 0.676059
 0.000329	-0.498853	 0.498859	 0.125905	-0.014277	 0.382328	-0.259367	 1.069903	 0.573350	-0.042787	 0.076826	 0.581189
 0.249328	-0.498853	 0.498859	 0.312705	-0.065302	 0.441051	-0.259367	 1.065677	 0.571057	-0.030917	 0.076826	 0.533753
 0.373828	-0.498853	 0.498859	 0.406105	-0.090814	 0.470413	-0.259367	 1.061441	 0.568773	-0.024982	 0.076826	 0.510036
-0.063923	-0.498853	 0.498859	 0.452805	-0.103571	 0.485094	-0.259367	 1.057209	 0.566498	-0.022014	 0.076826	 0.498177
-0.281794	-0.498853	 0.498859	 0.476155	-0.109949	 0.492434	-0.259367	 1.052987	 0.564232	-0.020530	 0.076826	 0.492247
-0.390730	-0.498853	 0.498859	 0.487830	-0.113138	 0.496104	-0.259367	 1.048778	 0.061975	-0.019788	 0.076826	 0.489283
-0.445198	-0.498853	 0.498859	 0.493668	-0.114733	 0.497939	-0.259367	 1.044585	-0.189154	-0.019417	 0.076826	 0.487800
 0.027568	-0.498853	 0.498859	 0.496587	-0.115530	 0.498857	-0.259367	 1.040407	 0.185282	-0.019232	 0.076826	 0.487059
 0.262950	-0.498853	 0.498859	 0.498046	-0.115928	 0.499316	-0.259367	 1.036246	 0.371381	-0.019139	 0.076826	 0.486689
-0.119359	-0.498853	 0.498859	-0.001224	 0.383872	 0.499545	-0.259367	 1.032101	 0.463315	-0.519093	 0.076826	 0.986503
-0.309510	-0.498853	 0.498859	-0.249858	 0.632005	 0.499660	-0.259367	 1.027973	 0.508171	-0.767031	 0.076826	 1.233438
-0.404585	-0.498853	 0.498859	-0.374176	 0.754311	 0.499717	-0.259367	 1.023861	 0.529494	-0.888971	 0.076826	 1.353945
-0.452123	-0.498853	 0.498859	 0.063666	 0.813711	-0.000254	-0.259367	 1.019766	 0.539053	-0.947919	 0.076826	 0.911249
-0.475892	-0.498853	 0.498859	 0.281584	 0.841665	-0.249240	-0.259367	 1.015687	 0.542736	-0.975379	 0.076826	 0.689901
-0.487776	-0.498853	 0.498859	 0.390543	 0.353903	 0.126268	-0.259367	 1.011624	 0.543484	-0.987103	 0.076826	 0.579227
-0.493719	-0.498853	 0.498859	 0.445022	 0.110021	 0.313018	-0.259367	 1.007577	 0.542770	-0.990968	 0.076826	 0.523890
 0.003310	-0.498853	 0.498859	 0.472262	 0.488081	 0.406393	-0.259367	 1.003547	 0.541329	-0.490910	 0.076826	 0.496222
 0.250824	-0.498853	 0.498859	 0.485882	 0.675378	 0.453081	-0.259367	 0.999533	 0.539528	-0.240882	 0.076826	 0.482388
-0.125419	-0.498853	 0.498859	 0.492691	 0.767302	 0.476424	 0.240633	 0.995535	 0.037553	-0.615867	 0.076826	 0.475471
-0.312537	-0.498853	 0.498859	 0.496096	 0.811545	 0.488096	 0.489151	 0.991553	-0.213435	-0.801379	 0.076826	 0.472012
-0.406096	-0.498853	 0.498859	 0.497799	 0.831955	 0.493932	 0.611935	 0.987586	-0.338929	-0.892160	 0.076826	 0.470283
-0.452876	-0.498853	 0.498859	 0.498650	 1.340455	 0.496850	 0.171858	-0.016364	-1.401676	 1.064415	 0.076826	 0.469418
-0.476266	-0.498853	 0.498859	 0.499076	 1.591007	 0.498309	-0.048181	-0.516299	-1.928121	 2.036660	 0.076826	 0.468986
 0.012039	 1.001147	 0.498859	 0.499289	 1.712600	 0.499039	-0.158200	-1.264233	-2.686434	 3.516765	-0.423174	-0.031230
 0.255191	 1.746145	 0.498859	 0.499395	 1.769729	 0.499403	-0.213210	-1.634176	-3.058701	 4.246824	-0.671328	-0.280276
 1.376767	 4.113661	-0.001141	-0.000552	 1.794639	-0.000414	 1.259285	-2.815140	-4.237973	 6.601899	-0.293566	-1.403740
 1.932558	 5.284457	-0.250139	-0.249524	 1.803455	-0.249323	 1.990069	-3.397629	-4.816774	 7.761523	-0.104684	-1.960417
 2.705477	 7.356945	-0.874638	-0.374010	 2.304238	-0.373777	 2.850020	-4.680914	-6.095383	 9.823493	 0.489756	-2.733722
 3.084980	 8.374329	-1.183889	-0.436254	 2.549020	-0.436004	 3.272575	-5.310627	-6.719940	 10.830707	 0.784808	-3.113360
 3.267802	 8.864238	-1.335528	-0.467375	 2.665823	-0.467117	 3.476462	-5.613604	-7.017530	 11.310638	 0.930174	-3.296193
 3.852312	 10.090485	-1.408374	-0.482936	 3.218660	-0.982674	 3.571045	-5.753259	-7.151694	 12.027022	 1.000706	-3.880652
 4.135694	 10.680974	-1.441834	-0.490716	 3.487535	-1.237456	 3.611005	-5.811300	-7.204205	 12.359728	 1.033830	-4.163951
 4.768546	 11.453676	-1.955613	-0.994606	 3.614460	-1.361863	 3.623684	-5.828582	-7.215946	 13.000696	 1.548258	-4.796706
 5.074170	 11.815574	-2.207564	-1.243555	 3.670439	-1.421093	 3.622750	-5.825532	-7.207362	 13.293896	 1.801346	-5.102224
 5.216222	 12.472169	-2.328621	-1.365044	 3.690976	-1.447748	 3.615039	-5.812361	-7.188672	 13.413322	 1.923782	-5.244168
 5.276531	 12.774208	-2.384250	-1.422815	 3.693822	-1.458127	 3.603970	-5.794178	-7.164987	 13.445970	 1.980907	-5.304368
 5.296012	 13.399075	-2.407184	-0.948740	 3.687851	-1.460379	 3.591249	-5.773534	-7.138862	 13.435336	 2.005393	-5.323738
 5.295122	 13.683461	-2.413791	-0.711702	 3.677502	-1.458580	 3.577731	-5.751707	-7.111574	 13.403170	 2.013577	-5.322738
 5.284088	 13.797718	-2.412254	-0.593183	 3.664993	-1.454767	 3.563844	-5.729333	-7.083762	 13.360345	 2.013625	-5.311594
 4.768025	 13.827023	-2.406664	-0.533924	 4.151434	-0.949958	 3.549801	-5.706732	-7.055744	 13.812298	 2.009622	-5.295421
 4.501490	 13.813963	-2.399067	-0.504294	 4.385378	-0.697554	 3.535708	-5.684064	-7.027679	 14.009745	 2.003609	-5.276776
 4.859752	 14.279831	-2.390485	-0.489479	 4.493112	-1.071352	 3.521618	-5.661407	-6.999647	 14.080055	 1.996607	-5.256937
 5.028448	 14.483273	-2.381431	-0.482072	 4.537777	-1.255360	 3.507558	-5.638800	-6.971688	 14.086909	 1.989127	-5.236544
 5.102401	 14.555621	-2.372159	-0.478368	 4.550945	-1.344486	 3.493541	-5.616265	-6.943822	 14.062148	 1.981424	-5.215914
 5.129025	 14.562539	-2.362797	-0.476516	 4.548400	-1.386181	 3.479573	-5.593810	-6.916056	 14.021693	 1.973625	-5.195209
 5.132025	 14.536859	-2.353409	-0.475590	 4.538037	-1.404174	 3.965658	-5.571440	-6.888397	 13.973503	 1.965794	-5.174508
 5.123256	 14.494997	-2.344027	-0.475127	 4.523799	-1.410325	 4.199797	-5.549156	-6.860846	 13.921558	 1.957962	-5.153849
 5.108642	 14.445159	-2.334667	-0.474896	 4.007662	-0.910568	 3.807999	-5.526961	-6.833404	 13.867846	 1.950146	-5.133254
 5.091147	 14.391450	-2.325336	-0.474780	 3.742610	-0.660690	 3.605267	-5.504854	-6.806071	 13.813361	 1.942354	-5.112731
 5.072252	 14.335920	-2.316039	-0.474722	 3.603128	-0.535750	 3.497096	-5.482835	-6.778847	 13.758601	 1.934588	-5.092285
 5.052698	 14.279594	-2.306777	-0.474693	 4.026461	-0.973281	 3.436233	-5.460903	-6.751731	 13.703814	 1.926852	-5.071918
 5.032855	 14.222985	-2.297551	-0.474679	 4.229227	-1.189224	 3.399051	-5.439060	-6.724725	 13.649122	 1.919145	-5.051632
 5.012907	 14.166347	-2.288361	-0.474671	 4.321746	-1.294386	 3.373736	-5.417304	-6.697826	 13.594587	 1.911469	-5.031426
 4.992947	 14.109809	-2.279208	-0.474668	 4.359178	-1.344167	 3.354382	-5.395634	-6.671034	 13.540240	 1.903824	-5.011300
 4.973021	 14.053433	-2.270091	-0.474666	 4.369100	-1.366270	 3.338034	-5.374052	-6.644350	 13.486094	 1.896208	-4.991255
 4.953152	 13.997251	-2.261011	-0.474665	 4.365303	-1.374545	 3.323217	-5.352556	-6.617773	 13.432157	 1.888624	-4.971290
 4.933351	 13.941278	-2.251967	-0.474665	 4.354682	-0.875917	 3.309192	-5.331146	-6.591302	 13.378433	 1.881069	-4.951405
 4.913623	 13.885521	-2.242959	-0.474664	 4.340683	-0.626602	 3.295589	-5.309821	-6.564937	 13.324921	 1.873545	-4.931600
 4.893972	 13.829983	-2.233987	-0.474664	 4.325030	-0.501945	 3.282224	-5.288582	-6.538677	 13.271622	 1.866051	-4.911873
 4.374397	 14.274665	-2.225051	-0.474664	 4.308585	-0.939617	 3.769003	-5.267427	-6.512522	 13.218536	 1.858587	-4.892226
 4.106900	 14.467567	-2.216151	-0.474664	 4.291778	-1.155698	 4.003881	-5.246358	-6.486472	 13.165662	 1.851152	-4.872657
 4.465473	 14.534698	-2.207286	-0.474664	 4.274825	-1.260995	 4.112843	-5.225372	-6.460526	 13.113000	 1.843748	-4.853166
 4.635112	 14.539059	-2.198457	-0.474664	 4.257832	-1.310911	 4.158880	-5.204471	-6.434684	 13.060548	 1.836373	-4.833754
 4.710321	 14.512153	-2.189663	-0.474664	 4.240854	-0.833147	 4.173489	-5.183653	-6.408945	 13.008306	 1.829027	-4.814419
 4.738355	 14.469729	-2.180905	-0.474664	 4.223917	-0.594265	 4.172417	-5.162918	-6.383310	 12.956272	 1.821711	-4.795161
 4.742839	 14.419663	-2.172181	-0.474664	 4.707035	-0.974824	 3.663538	-5.142267	-6.357776	 12.904447	 1.814424	-4.775980
 4.735586	 14.365891	-2.163492	-0.474664	 4.938214	-1.162393	 3.402790	-5.121697	-6.332345	 12.852829	 1.807167	-4.756876
 4.722503	 14.310380	-2.154838	-0.474664	 5.043464	-1.253478	 3.266131	-5.101211	-6.307016	 12.801418	 1.799938	-4.737849
 4.706543	 13.254115	-1.646219	-0.474664	 4.085792	-0.796331	 3.191543	-5.080806	-6.281788	 10.750212	 0.792738	-3.718897
 4.689182	 12.701587	-1.389634	-0.474664	 3.600700	-0.567757	 3.148015	-5.060483	-6.256661	 9.707212	 0.289138	-3.204022
 3.171158	 8.401025	-1.259076	-0.474664	 2.351922	-0.453471	 2.120042	-4.040241	-5.231634	 5.668383	-0.962662	-1.941206
 2.408839	 6.242543	-1.191539	-0.474664	 1.725327	-0.396327	 1.603872	-3.524080	-4.710707	 3.645709	-1.584133	-1.308441
 1.024387	 3.655134	-0.655523	-0.474664	 0.909832	-0.367756	 0.843611	-2.759983	-3.441865	 2.131126	-1.390457	-0.490707
 0.332161	 2.359294	-0.387515	-0.474664	 0.502085	-0.353470	 0.463481	-2.373943	-2.803097	 1.372602	-1.291226	-0.081840
-0.013952	-0.290753	-0.253511	-0.474664	-0.201789	 0.153673	-1.226585	-1.176948	-1.479385	-1.007889	-1.239226	 0.622593
-0.187009	-1.609895	-0.186509	-0.474664	-0.551914	 0.405923	-2.065784	-0.578450	-0.817529	-2.191357	-1.210852	 0.972156
-0.273537	-2.263608	-0.153008	-0.474664	-0.725173	 0.530732	-2.479573	-0.279201	-0.486600	-2.776342	-1.194300	 1.144294
-0.316801	-3.084630	-0.136258	-0.474664	-1.310006	 0.591825	-2.180682	-0.129576	-0.321136	-3.062111	-1.183668	 1.227730
-0.338433	-3.487329	-0.127882	-0.474664	-1.598632	 0.621066	-2.027472	-0.054764	-0.238404	-3.198300	-1.176006	 1.266826
-0.849249	-3.680899	-0.123695	-0.474664	-1.739171	 0.134385	-1.947119	-0.017358	-0.197038	-3.259726	-1.169839	 1.283762
-1.101937	-3.769935	-0.121601	-0.474664	-1.805681	-0.108955	-1.903209	 0.001345	-0.176355	-3.283796	-1.164427	 1.289628
-1.225572	-3.806735	-0.120554	-0.974664	-1.835191	-0.230625	-1.877535	 0.010697	 0.333986	-4.289216	-1.159404	 1.289970
-1.284691	-3.817448	-0.120030	-1.221715	-1.846217	-0.291460	-1.860994	 0.015372	 0.587468	-4.781336	-1.154583	 1.287561
-0.811563	-3.815148	-0.119769	-0.842303	-1.848016	-0.321877	-1.849035	 0.017710	 0.712527	-4.016850	-0.649873	 1.283786
-0.574999	-3.806372	-0.119638	-0.652597	-1.845215	-0.337086	-1.839381	 0.018879	 0.773382	-3.628101	-0.397519	 1.279338
-0.456717	-3.794389	-0.119572	-0.557743	-1.840130	-0.344691	-1.830895	 0.019464	 0.802141	-3.427249	-0.271341	 1.274565
-0.897576	-3.780833	 0.380460	-0.510317	-1.833918	-0.348493	-1.823007	 0.019756	 0.814858	-3.320370	-0.708252	 1.269639
-1.115328	-3.766520	 0.628716	-0.486604	-1.827156	-0.350394	-1.815433	 0.019902	 0.819562	-3.260503	-0.924418	 1.264646
-0.721538	-3.751860	 0.251089	-0.474747	-1.820134	-0.351344	-1.808030	 0.019975	 0.820265	-3.224168	-1.030219	 1.259630
-0.524643	-3.737055	 0.062276	-0.468819	-1.812997	-0.351820	-1.800727	 0.020012	 0.818975	-3.199626	-1.080848	 1.254613
-0.926196	-3.722208	 0.467870	-0.465855	-1.805817	-0.352057	-1.293489	 0.020030	 0.816694	-3.181004	-0.603899	 1.249606
-1.124317	-3.707370	 0.668919	-0.464373	-1.798630	-0.352176	-1.038298	 0.020039	 0.813925	-3.165368	-0.365425	 1.244613
-1.220732	-3.692566	 0.767704	-0.463631	-1.791453	-0.352236	-0.909136	 0.520044	 0.810918	-3.151251	-0.246188	 1.239637
-1.266306	-3.677808	 0.815364	-0.463261	-1.784296	-0.352265	-0.842995	 0.768006	 0.807799	-3.137918	-0.186569	 1.234680
-1.286469	-3.663103	 0.837468	-0.463076	-1.777164	-0.352280	-0.808370	 0.889955	 0.804630	-3.125003	-0.156760	 1.229741
-1.293937	-3.648454	 0.846800	 0.037017	-1.770057	 0.147712	-0.789511	 0.948906	 0.801443	-3.112321	-0.141855	 1.224823
-1.295068	-3.633862	 0.849754	 0.285989	-1.762978	 0.396413	-0.778540	 0.976365	 0.798252	-3.099780	-0.134403	 1.219924
-0.793041	-3.619327	 0.849526	-0.090595	-1.755927	 0.019474	-0.771519	 0.988087	 0.795067	-3.087336	-0.130677	 1.215044
-0.542028	-3.604850	 0.847713	-0.278887	-1.748903	-0.168996	-0.766480	 0.991949	 0.791891	-3.074964	-0.128814	 1.210184
-0.916521	-3.590431	 0.845115	-0.373033	-1.741908	 0.236769	-0.762437	 0.991888	 1.288725	-3.062652	-0.127882	 1.205343
-1.101186	-3.576069	 0.842131	-0.420106	-1.734940	 0.438366	-0.758899	 0.989874	 1.533571	-3.050396	-0.127416	 1.200522
-0.690947	-3.561765	 0.838961	 0.056358	-1.728001	 0.537885	-0.755619	 0.486891	 1.152437	-3.038192	-0.127184	 1.195720
-0.485827	-3.547518	 0.835704	 0.293524	-1.721089	 0.586370	-0.752475	 0.235400	 0.960328	-3.026037	-0.127067	 1.190937
-0.383267	-3.533328	 0.832411	 0.411046	-1.714204	 0.609342	-0.749404	 0.109654	 0.862737	-3.013933	-0.127009	 1.186173
-0.831987	-3.519195	 0.829106	-0.031251	-1.707347	 0.619564	-0.746376	 0.546781	 0.812411	-3.001876	-0.126980	 1.181429
-1.053786	-3.505118	 0.825802	-0.252399	-1.700518	 0.623415	-0.743375	 0.763377	 0.785724	-2.989869	-0.126965	 1.176703
-1.162134	-3.491097	 0.822505	-0.362973	-1.693716	 0.624086	-0.740394	 0.869715	 1.270862	-2.977909	-0.126958	 1.171996
-1.213767	-3.477133	 0.819218	-0.418260	-1.686941	 0.623172	-0.737428	 0.920932	 1.509919	-2.965998	-0.126954	 1.167308
-0.737053	-3.463224	 0.815942	-0.445904	-1.680193	 0.621471	-0.734477	 0.944596	 1.625950	-2.954134	-0.126952	 1.162639
-0.498696	-3.449372	 0.812679	-0.459725	-1.673473	 0.619380	-0.731538	 0.954492	 1.680481	-2.942317	-0.126952	 1.157988
-0.379517	-3.435574	 0.809429	 0.033364	-1.166779	 0.617101	-0.728611	 0.957511	 1.204277	-2.930548	-0.126951	 1.153356
-0.319928	-3.421832	 0.806192	 0.278855	-0.912112	 0.614731	-0.725697	 0.957099	 0.964719	-2.918826	-0.126951	 1.148743
-0.290133	-3.408144	 0.802967	 0.400553	-0.783463	 0.612322	-0.722794	 0.954980	 0.843489	-2.907150	-0.126951	 1.144148
-0.775236	-3.394512	 0.799755	-0.039643	-1.217829	 0.609897	-0.719903	 0.952015	 0.781430	-2.895522	-0.126951	 1.139571
-1.015267	-3.380934	 0.796556	-0.259741	-1.431708	 0.607470	-0.717023	 0.948634	 0.748961	-2.883940	-0.126951	 1.135013
-0.632771	-3.367410	 0.793370	-0.369790	-1.535356	 0.605046	-0.714155	 0.945053	 0.731294	-2.872404	-0.626951	 1.130473
-0.441524	-3.353940	 0.790196	-0.424815	-1.583902	 0.602629	-0.711298	 0.941379	 0.721033	-2.860914	-0.874697	 1.125951
-0.345900	-3.340525	 0.787036	-0.452327	-1.104910	 0.600220	-0.708453	 0.937667	 0.714482	-2.849471	-0.496325	 1.121447
-0.298088	-3.327163	 0.783887	-0.466083	-0.864163	 0.597820	-0.705619	 0.933943	 0.709790	-2.838073	-0.307139	 1.116961
-0.774182	-3.313854	 0.780752	-0.472961	-1.242542	 0.095429	-0.702797	 0.930221	 0.706034	-2.826720	-0.712546	 1.112494
-1.009728	-3.300599	 0.777629	-0.476400	-1.428490	-0.155766	-0.699985	 0.926507	 0.702751	-2.815413	-0.913014	 1.108044
-1.125011	-3.287396	 0.774518	-0.478120	-1.518235	-0.281364	-0.697186	 0.922804	 0.699711	-2.804152	-1.011021	 1.103611
-0.680172	-3.274247	 0.771420	 0.021021	-1.559891	 0.155837	-0.694397	 0.919115	 1.196797	-2.792935	-0.557806	 1.099197
-0.457752	-3.261150	 0.768335	 0.269550	-1.577516	 0.373252	-0.691619	 0.915439	 1.441953	-2.781763	-0.331199	 1.094800
-0.346542	-3.248105	 0.765261	 0.392779	-1.583139	 0.480778	-0.688853	 0.911778	 1.561156	-2.770636	-0.217895	 1.090421
-0.290938	-3.235113	 0.762200	-0.046639	-1.082772	 0.533364	-0.686097	 0.908131	 1.617397	-2.759554	-0.161243	 1.086059
-0.263135	-3.222172	 0.759151	-0.266347	-0.831424	 0.558485	-0.683353	 0.904498	 1.642171	-2.748516	-0.132917	 1.081715
-0.749234	-3.209283	 0.756115	-0.376202	-1.204590	 0.569879	-0.680620	 0.900880	 1.151223	-2.737522	-0.618754	 1.077388
-0.989813	-3.196446	 0.753090	-0.431129	-1.388018	 0.574413	-0.677897	 0.897277	 0.904429	-2.726571	-0.859464	 1.073079
-1.107641	-3.183660	 0.750078	 0.041407	-0.976588	 0.075522	-0.675185	 0.893688	 0.779717	-2.715665	-0.477618	 1.068786
-1.164104	-3.170926	 0.747078	 0.276648	-0.769744	-0.173923	-0.672485	 0.890113	 0.716051	-2.704803	-0.286695	 1.064511
-1.189895	-3.158242	 0.744089	 0.393244	-0.665195	-0.298646	-0.669795	 0.886553	 0.682913	-2.693983	-0.191234	 1.060253
-1.200359	-3.145609	 0.741113	 0.450523	-0.611800	 0.138992	-0.667116	 0.883006	 1.165044	-2.683207	-0.643503	 1.056012
-1.203169	-3.133027	 0.738149	 0.478146	-0.583985	 0.356659	-0.664447	 0.879474	 1.402816	-2.672475	-0.867446	 1.051788
-1.202162	-3.120495	 0.735196	-0.009053	-1.068966	-0.035657	-0.661789	 0.875956	 1.518420	-2.661785	-0.477235	 1.047581
-1.199257	-3.108013	 0.732255	-0.252653	-1.308348	-0.231815	-0.659142	 0.872453	 1.572954	-2.651138	-0.282129	 1.043391
-1.195411	-3.095581	 0.729326	-0.874453	-1.424944	-0.329894	-1.156506	 0.868963	 1.596967	-2.640533	-0.684576	 1.039217
-1.191105	-3.083198	 0.726409	-1.182361	-1.480158	-0.378933	-1.401880	 0.865487	 1.605731	-2.629971	-0.883626	 1.035060
-1.186579	-3.070865	 0.723503	-0.833334	-1.504695	-0.403453	-1.021272	 0.862025	 1.606884	-2.619451	-0.480985	 1.030920
-1.181951	-3.058582	 0.720609	-0.658821	-1.513905	-0.415713	-0.829687	 0.858577	 1.604244	-2.608973	-0.279665	 1.026796
-1.177283	-3.046348	 0.717727	-0.071564	-1.015464	 0.078157	-0.732618	 0.855143	 1.599721	-2.598537	-0.179005	 1.022689
-1.172604	-3.034162	 0.714856	 0.221033	-0.765209	 0.323948	-0.682813	 0.851722	 1.594269	-2.588143	-0.128675	 1.018598
-1.167928	-3.022026	 0.711996	 0.366304	-0.639052	-0.054296	-0.656644	 0.848315	 1.588366	-2.577791	-0.103510	 1.014524
-1.163264	-3.009938	 0.709148	 0.437917	-0.574947	-0.243418	-0.642299	 0.844922	 1.582249	-2.567479	-0.090927	 1.010466
-0.658614	-2.997898	 0.706312	 0.472704	-0.541873	-0.337979	-0.633870	 0.841542	 1.576038	-2.557209	-0.084636	 1.006424
-0.406290	-2.985906	 0.703487	 0.489083	-0.524319	-0.385259	-0.628405	 0.838176	 1.569793	-2.546981	-0.081490	 1.002398
-0.280127	-2.973963	 0.700673	 0.496261	-0.514528	-0.408899	-0.624426	 0.834823	 1.563544	-2.536793	-0.079918	 0.998389
-0.717046	-2.962067	 0.697870	 0.498843	-0.508623	-0.420720	-0.621196	 0.831484	 1.557304	-2.526646	-0.079131	 0.994395
-0.433198	-2.950218	 0.695079	 0.499132	-0.504665	-0.926630	-0.618345	 0.828158	 1.551083	-3.016539	-0.078738	 0.990418
-0.291273	-2.938418	 0.692298	 0.499276	-0.501685	-1.176720	-0.615689	 0.824845	 1.544882	-3.254473	-0.078541	 0.986456
-0.220311	-2.926664	 0.689529	 0.499348	-0.500195	-1.298911	-0.613135	 0.821546	 1.538704	-3.366455	-0.078443	 0.982510
-0.684830	-2.914957	 0.686771	 0.499384	-0.499450	-0.357164	-0.610636	 0.818260	 1.532550	-2.915489	-0.078394	 0.978580
-0.914791	-2.903297	 0.684024	 0.499402	-0.499077	 0.112540	-0.608171	 0.814987	 1.526421	-2.685077	-0.078369	 0.974666
-1.027482	-2.891684	 0.681288	 0.499411	-0.498891	 0.346227	-0.605727	 0.811727	 1.520315	-2.564962	-0.078357	 0.970767
-0.581547	-2.880118	 0.678563	 0.499415	-0.498798	-0.038089	-0.603298	 0.808480	 1.514234	-2.500014	-0.078351	 0.966884
-0.358580	-2.868597	 0.675848	 0.499418	-0.498751	-0.230247	-0.600882	 0.805246	 1.508177	-2.462671	-0.078348	 0.963016
-0.747096	-2.857123	 0.673145	 0.499419	-0.998728	 0.173674	-0.598477	 0.802025	 1.502145	-2.439148	-0.078346	 0.959164
-0.939083	-2.845694	 0.670452	 0.499419	-1.245719	 0.374479	-0.596082	 0.798817	 1.496136	-2.422556	-0.078346	 0.955328
-1.032814	-2.834311	 0.667771	 0.499420	-0.866229	 0.473731	-0.593698	 0.795622	 1.490151	-2.409447	-0.078345	 0.951506
-1.077427	-2.822974	 0.665099	 0.499420	-0.676484	 0.522212	-0.591323	 0.792439	 1.484191	-2.398101	-0.078345	 0.947700
-1.097489	-2.811682	 0.662439	 0.499420	-0.581611	 0.545310	-0.588957	 0.789269	 1.478254	-2.387654	-0.078345	 0.943910
-1.105285	-2.800436	 0.659789	 0.499420	-1.034175	 0.055723	-0.586602	 0.786112	 1.472341	-2.377676	-0.578345	 0.940134
-1.106957	-2.789234	 0.657150	 0.499420	-1.257484	-0.189071	-0.584255	 0.782968	 1.466452	-2.367952	-0.826188	 0.936373
-1.105575	-2.778077	 0.654522	 0.499420	-0.866176	 0.188532	-0.581918	 0.779836	 1.460586	-2.358373	-0.447962	 0.932628
-1.102676	-2.766965	 0.651903	 0.499420	-0.670523	 0.376201	-0.579590	 0.776717	 1.454744	-2.348886	-0.258848	 0.928897
-1.099027	-2.255897	 0.649296	 0.499420	-1.072696	-0.031092	-0.577272	 0.773610	 1.448925	-2.339464	-0.164292	 0.925182
-1.095012	-1.996873	 0.646699	 0.499420	-1.270833	-0.234738	-0.574963	 0.770515	 1.443129	-2.330093	-0.117014	 0.921481
-1.090822	-2.363886	 0.644112	-0.000580	-0.866963	-0.336562	-0.572663	 0.767433	 1.437356	-2.320766	-0.093374	 0.917795
-1.086554	-2.541930	 0.641535	-0.249579	-0.665028	-0.387473	-0.570372	 0.764364	 1.431607	-2.311479	-0.081555	 0.914124
-1.082256	-2.625512	 0.638969	-0.374078	-0.564061	-0.412929	-0.568091	 0.761306	 1.425880	-2.302232	-0.075645	 0.910467
-1.077950	-2.661885	 0.636413	 0.063672	-0.513577	 0.074343	-0.565819	 0.758261	 1.420177	-2.293022	-0.072690	 0.906826
-1.073650	-2.674675	 0.633868	 0.281544	-0.488335	 0.316856	-0.563555	 0.755228	 1.414496	-2.283849	-0.071213	 0.903198
-0.569362	-2.175695	 0.631332	 0.390480	-0.475714	 0.436994	-0.561301	 0.752207	 1.408838	-2.274714	-0.070474	 0.899586
-0.317217	-1.922852	 0.628807	 0.444948	-0.469404	 0.495948	-0.559056	 0.749198	 1.403203	-2.265615	-0.070105	 0.895987
-0.691145	-2.293090	 0.626292	 0.472182	-0.466249	 0.524316	-0.556820	 0.746201	 1.397590	-2.256552	-0.069920	 0.892403
-0.875979	-2.472883	 0.623787	 0.485800	-0.464671	 0.537394	-0.554592	 0.743217	 1.392000	-2.247526	-0.069828	 0.888834
-0.966274	-2.557474	 0.621291	-0.007392	-0.463882	 0.042832	-0.552374	 0.740244	 1.386432	-2.238536	-0.069781	 0.885278
-1.009309	-2.594485	 0.618806	-0.252987	-0.463488	-0.204449	-0.550165	 0.737283	 1.380886	-2.229582	-0.069758	 0.881737
-1.028721	-2.607728	 0.616331	-0.375784	-0.463291	-0.328089	-0.547964	 0.734334	 1.375362	-2.220663	-0.069747	 0.878210
-0.536331	-2.109107	 0.613866	-0.437182	-0.463192	-0.389909	-1.045772	 0.731396	 1.369861	-2.211781	-0.069741	 0.874697
-0.290136	-1.856576	 0.611410	-0.467882	-0.463143	-0.420819	-1.291589	 0.728471	 1.364382	-2.202934	-0.069738	 0.871199
-0.667039	-2.227102	 0.608965	 0.016769	-0.463118	 0.063726	-0.911423	 0.725557	 1.358924	-2.194122	-0.069737	 0.867714
-0.853402	-2.407170	 0.606529	 0.258091	-0.463106	 0.304902	-0.720277	 0.722655	 1.353488	-2.185345	-0.069736	 0.864243
-0.444504	-2.492029	 0.604103	 0.378752	-0.463100	-0.075603	-0.623646	 0.719764	 1.348074	-2.176604	-0.069736	 0.860786
-0.240056	-2.529305	 0.601686	 0.439083	-0.463097	-0.265855	-0.574276	 0.716885	 1.342682	-2.167898	-0.069735	 0.857343
-0.637831	-2.542810	 0.599279	 0.469248	-0.963095	 0.139019	-0.548542	 1.214017	 1.337311	-2.159226	-0.569735	 0.853913
-0.834648	-2.544450	 0.596882	 0.484331	-1.210168	 0.340368	-0.534629	 1.459161	 1.331962	-2.150589	-0.817596	 0.850498
-0.930993	-2.540178	 0.594495	 0.491872	-1.330790	 0.439960	-0.526631	 1.578325	 1.326634	-2.141987	-0.939395	 0.847096
-0.977111	-2.032970	 0.592117	 0.495643	-1.888198	-0.011324	-0.521595	 1.134511	 1.321328	-1.633419	-0.498172	 0.843707
-0.998123	-1.776314	 0.589748	 0.497528	-2.162011	-0.236966	-0.518043	 0.911223	 1.316042	-1.376885	-0.277561	 0.840333
-1.006591	-2.144947	 0.587389	 0.498471	-1.794046	 0.150213	-0.515239	 0.798203	 1.310778	-1.746378	-0.167255	 0.836971
-1.008795	-2.324236	 0.585040	 0.498942	-1.607211	 0.342728	-0.512812	 0.740323	 1.305535	-1.926892	-0.112103	 0.833623
-1.007875	-2.408874	 0.582700	 0.499178	-1.010953	 0.437915	-0.510577	 0.710018	 1.300313	-2.012934	-0.084526	 0.830289
-1.005401	-2.446206	 0.580369	 0.499295	-0.712824	 0.484442	-0.508443	 0.693506	 1.295112	-2.051758	-0.070738	 0.826968
-1.002159	-1.959904	 0.578047	 0.499354	-0.563759	 0.006644	-0.506364	 0.683896	 1.289931	-2.066988	-0.063844	 0.823660
-0.998539	-1.713807	 0.575735	 0.499384	-0.489227	-0.232255	-0.504315	 0.677743	 1.284772	-2.070439	-0.060397	 0.820365
-0.994740	-1.587822	 0.573432	 0.499398	-0.451961	-0.351705	-0.502287	 0.673323	 1.279633	-2.068017	-0.058673	 0.817084
-0.990858	-2.021907	 0.571139	-0.000594	-0.433328	-0.411430	-0.500272	 0.669775	 1.274514	-2.062674	-0.057811	 0.813815
-0.986943	-2.234037	 0.568854	-0.249589	-0.424011	-0.441292	-0.499264	 0.666668	 1.269416	-2.055888	-0.057381	 0.810560
-0.483020	-2.335209	 0.566579	 0.125913	-0.419353	-0.456223	-0.498761	 0.663788	 1.264338	-1.548397	-0.057165	 0.807318
-0.231058	-2.380923	 0.564312	 0.312661	-0.417024	-0.463689	-0.498509	 0.661026	 1.259281	-1.292570	-0.057057	 0.804089
-0.105077	-1.898926	 0.562055	 0.406036	-0.415860	 0.032578	-0.498383	 0.658329	 1.254244	-1.662583	-0.557004	 0.800872
-0.042087	-1.655094	 0.559807	 0.452723	-0.415277	 0.279654	-0.498320	 0.655669	 1.249227	-1.843524	-0.804863	 0.797669
-0.510592	-1.530356	 0.557568	 0.476066	-0.414986	 0.402139	-0.498288	 1.153033	 0.744230	-1.929946	-0.426687	 0.794478
-0.742886	-1.465175	 0.555337	 0.487738	-0.414841	 0.462332	-0.498273	 1.398414	 0.491731	-1.969124	-0.237599	 0.791300
-0.857083	-1.429785	 0.553116	 0.493574	-0.414768	 0.491383	-0.498265	 1.517817	 0.365482	-1.984696	-0.143055	 0.788135
-0.912239	-1.409301	 0.550903	 0.496492	-0.414731	 0.504868	-0.498261	 1.074244	 0.802358	-1.988482	-0.095783	 0.784982
-0.937882	-1.396282	 0.548700	 0.497951	-0.414713	 0.510574	-0.498259	 0.851196	 1.018317	-1.986390	-0.072147	 0.781843
-0.948776	-1.387005	 0.546505	 0.498680	-0.414704	 0.012394	-0.498258	 0.738416	 1.123828	-1.481376	-0.060329	 0.778715
-0.952304	-1.379612	 0.544319	 0.499045	-0.414699	-0.236696	-0.498258	 0.680775	 1.174125	-1.226916	-0.054420	 0.775600
-0.952156	-1.373170	 0.542142	-0.000772	-0.414697	 0.138759	-0.498257	 1.150708	 1.196824	-2.097741	-0.051466	 0.772498
-0.950179	-1.367216	 0.539973	-0.249680	-0.414696	 0.325459	-0.498257	 1.382433	 1.205735	-2.527216	-0.049988	 0.769408
-0.947293	-1.361517	 0.537813	-0.374134	-0.414696	 0.417784	-0.498257	 0.995067	 1.207761	-2.236041	-0.049250	 0.766330
-0.943962	-1.355955	 0.535662	-0.436361	-0.414695	 0.462926	-0.498257	 0.800169	 1.206355	-2.086563	-0.048880	 0.763265
-0.940415	-1.350474	 0.533519	-0.467474	-0.414695	 0.484481	-0.498257	 0.701509	 1.203241	-2.007950	-0.048696	 0.760212
-0.936767	-1.345043	 0.531385	-0.483031	-0.414695	 0.494247	-0.498257	 0.650974	 1.199285	-1.964785	-0.048603	 0.757171
-0.933078	-1.339648	 0.529260	-0.490809	-0.414695	 0.498121	-0.498257	 0.624505	 1.194916	-1.939359	-0.048557	 0.754142
-0.929374	-1.834283	 0.527143	 0.005301	-0.414695	 0.499055	-0.498257	 1.110075	 1.190350	-1.922818	-0.048534	 0.751126
-0.925671	-2.076942	 0.525034	 0.252354	-0.414695	 0.499521	-0.498257	 1.349668	 1.185696	-1.910735	-0.048523	 0.748121
-0.921975	-1.693632	 0.522934	 0.375880	-0.414695	 0.499755	-0.498257	 0.966286	 1.181006	-1.900897	-0.048517	 0.745129
-0.918291	-1.499357	 0.520842	 0.437643	-0.414695	 0.499871	-0.498257	 0.773430	 1.176309	-1.892195	-0.048514	 0.742148
-0.914619	-1.399609	 0.518759	 0.468525	-0.414695	-0.000070	-0.998257	 0.675840	 1.171617	-1.384077	-0.548512	 0.739180
-0.910962	-1.347135	 0.516684	 0.483966	-0.414695	-0.249041	-1.245260	 0.625889	 1.166937	-1.128267	-0.796415	 0.736223
-0.907318	-1.318309	 0.514617	 0.491686	-0.414695	-0.373526	-1.365778	 0.599761	 1.162273	-0.998616	-0.918277	 0.733278
-0.403689	-1.801317	 0.512559	 0.495546	-0.414695	-0.435769	-0.923064	 0.585550	 1.157626	-1.432053	-0.477128	 0.730345
-0.151875	-2.038253	 0.510508	 0.497476	-0.414695	-0.466890	-0.701707	 0.577302	 1.152996	-1.645041	-0.256554	 0.727424
-0.525968	-1.652170	 0.508466	 0.498442	-0.414695	-0.482451	-0.591028	 1.072040	 1.148384	-2.247818	-0.146266	 0.724514
-0.711214	-1.456596	 0.506433	 0.498924	-0.414695	-0.490231	-0.535689	 1.316275	 1.143791	-2.543506	-0.091123	 0.721616
-0.802044	-1.356287	 0.504407	 0.499165	-0.414695	-0.494122	-0.508019	 0.935272	 1.139216	-1.685671	-0.063551	 0.718729
-0.845673	-1.303621	 0.502389	 0.499286	-0.414695	-0.496067	-0.494185	 0.743662	 1.134659	-1.255099	-0.049765	 0.715854
-0.865710	-1.274786	 0.500380	 0.499346	-0.414695	 0.002961	-0.987267	 1.146753	 1.130120	-1.538163	-0.042872	 0.712991
-0.873956	-1.257877	 0.499375	 0.499376	-0.414695	 0.251470	-1.230848	 1.345198	 1.125600	-1.676053	-0.039426	 0.710139
-0.876315	-1.246940	 0.498872	 0.499392	-0.414695	 0.375725	-1.349689	 1.441334	 1.121098	-1.741370	-0.037702	 0.707299
-0.875737	-1.239000	 0.498621	-0.000601	-0.414695	 0.437853	-0.906173	 1.486327	 1.116613	-1.770415	-0.036841	 0.704469
-0.873698	-1.232567	 0.498496	-0.249596	-0.414695	 0.468916	-0.684415	 1.505761	 1.112147	-1.781339	-0.036410	 0.701651
-0.870935	-1.226899	 0.498433	 0.125906	-0.414695	 0.484448	-0.573536	 1.512427	 1.107698	-1.283216	-0.036195	 0.698845
-0.867817	-1.221622	 0.498401	 0.312655	-0.414695	 0.492214	-0.518096	 1.512722	 1.103267	-1.032584	-0.036087	 0.696049
-0.364529	-1.216551	 0.498386	 0.406029	-0.414695	 0.496097	-0.490376	 1.509844	 1.098854	-0.905705	-0.036033	 0.693265
-0.112885	-1.211593	 0.498378	 0.452716	-0.414695	 0.498039	-0.476516	 1.505390	 1.094459	-0.840707	-0.036006	 0.690492
-0.487062	-1.206700	 0.498374	 0.476060	-0.414695	-0.000991	-0.469586	 1.500162	 1.090081	-1.306657	-0.035993	 0.687730
-0.672429	-1.201850	 0.498372	 0.487732	-0.414695	-0.249505	-0.466121	 1.494558	 1.085721	-1.536087	-0.035986	 0.684979
-0.763397	-1.197031	 0.498371	 0.493567	-0.414695	-0.373762	-0.464389	 1.488778	 1.081378	-1.647271	-0.035983	 0.682239
-0.807172	-1.192237	 0.498371	 0.496485	-0.414695	 0.064109	-0.463523	 0.982922	 1.077052	-1.699346	-0.035981	 0.679510
-0.827357	-1.187466	 0.498370	 0.497944	-0.414695	 0.282041	-0.463090	 0.729994	 1.072744	-1.721880	-0.035980	 0.676792
-0.835755	-1.682714	 0.498370	 0.498674	-0.414695	 0.391007	-0.462873	 1.103530	 1.068453	-1.729659	-0.535980	 0.674085
-0.838266	-1.925983	 0.498370	 0.499039	-0.414695	 0.445489	-0.462765	 1.287344	 1.064179	-1.730073	-0.783907	 0.671389
-0.337839	-1.543278	 0.498370	 0.499221	-0.414695	 0.472731	-0.462711	 0.876308	 1.059923	-1.226819	-0.405808	 0.668703
-0.087626	-1.349605	 0.498370	 0.499312	-0.414695	 0.486352	-0.462684	 0.670791	 1.055683	-0.973745	-0.216758	 0.666029
-0.462520	-1.250457	 0.498370	-0.000642	-0.414695	 0.493162	-0.462670	 1.068032	 1.051460	-1.345767	-0.122233	 0.663364
-0.648292	-1.198580	 0.498370	-0.249618	-0.414695	 0.496567	-0.462663	 1.263722	 1.047254	-1.528342	-0.074970	 0.660711
-0.239509	-1.170348	 0.498370	 0.125894	-0.414695	-0.001730	-0.462660	 1.358648	 1.043065	-1.116208	-0.051339	 0.658068
-0.035118	-1.153948	 0.498370	 0.312647	-0.414695	-0.249879	-0.462658	 1.403204	 1.038893	-0.908733	-0.039523	 0.655436
 0.067077	-1.143473	 0.498370	 0.406023	-0.414695	-0.373953	-0.462657	 1.422587	 1.034738	-0.803593	-0.033616	 0.652814
-0.381825	-1.135969	 0.498370	 0.452712	-0.414695	 0.064010	-0.462657	 1.429394	 1.030599	-1.249626	-0.030662	 0.650203
-0.604615	-1.129960	 0.498370	 0.476056	-0.414695	 0.281987	-0.462657	 1.429925	 1.026476	-1.469251	-0.029185	 0.647602
-0.714355	-1.124708	 0.498370	 0.487728	-0.414695	 0.390976	-0.462657	 0.927330	 1.022370	-1.075686	-0.028446	 0.645012
-0.767576	-1.119843	 0.498370	 0.493564	-0.414695	 0.445470	-0.462657	 0.676032	 1.018281	-0.877539	-0.028077	 0.642432
-0.292546	-1.115181	 0.498370	 0.496482	-0.414695	 0.472717	-0.462657	 1.050383	 1.014208	-1.277107	-0.027892	 0.639862
-0.055030	-1.110628	 0.498370	 0.497941	-0.414695	 0.486341	-0.462657	 1.234709	 1.010151	-1.473537	-0.027800	 0.637302
-0.436273	-1.106140	 0.498370	 0.498671	-0.414695	 0.493153	-0.462657	 1.324034	 1.006110	-1.568412	-0.027754	 0.634753
-0.625259	-1.101693	 0.498370	 0.499035	-0.414695	 0.496559	-0.462657	 1.365870	 1.002086	-1.612524	-0.027731	 0.632214
-0.718123	-1.097274	 0.498370	 0.499218	-0.414695	 0.498262	-0.462657	 1.383973	 0.998077	-1.631266	-0.027719	 0.629685
-0.762934	-1.092880	 0.498370	-0.000691	-0.414695	 0.499113	-0.462657	 0.890220	 0.994085	-1.637337	-0.027714	 0.627167
-0.783723	-1.088505	 0.498370	-0.249644	-0.414695	 0.499539	-0.462657	 0.643343	 0.990109	-1.637086	-0.027711	 0.624658
-0.292509	-1.084150	 0.498370	 0.125879	-0.414695	 0.499752	-0.462657	 1.019905	 0.986148	-1.133686	-0.027709	 0.622159
-0.046902	-1.079812	 0.498370	 0.312638	-0.414695	 0.499858	-0.462657	 1.205393	 0.982204	-0.880726	-0.027709	 0.619671
-0.424099	-1.075493	 0.498370	 0.406017	-0.414695	 0.499911	-0.462657	 1.295355	 0.978275	-0.752991	-0.027708	 0.617192
-0.611094	-1.071191	 0.498370	 0.452707	-0.414695	 0.499938	-0.462657	 1.337566	 0.974362	-0.687872	-0.027708	 0.614723
-0.702996	-1.066906	 0.498370	 0.476052	-0.414695	-0.000049	-0.462657	 1.355911	 0.970464	-1.154068	-0.027708	 0.612264
-0.747357	-1.062638	 0.498370	 0.487724	-0.414695	-0.249042	-0.462657	 1.362336	 0.966583	-1.383925	-0.027708	 0.609815
-0.767954	-1.058388	 0.498370	 0.493561	-0.414695	-0.373539	-0.462657	 1.362810	 0.962716	-1.495626	-0.027708	 0.607376
-0.776675	-1.054154	 0.498370	 0.496479	-0.414695	-0.435787	-0.462657	 1.360321	 0.958865	-1.548262	-0.027708	 0.604946
-0.779465	-1.049937	 0.498370	 0.497938	-0.414695	-0.466911	-0.462657	 1.356361	 0.955030	-1.571378	-0.027708	 0.602527
-0.279296	-1.045738	 0.498370	 0.498667	-0.414695	 0.017527	-0.462657	 1.351676	 0.951210	-1.579747	-0.027708	 0.600117
-0.029211	-1.041555	 0.498370	 0.499032	-0.414695	 0.258742	-0.462657	 1.346639	 0.947405	-1.580755	-0.027708	 0.597716
-0.404169	-1.037388	 0.498370	 0.499214	-0.414695	-0.120651	-0.462657	 1.341438	 0.943615	-1.578096	-0.027708	 0.595325
-0.590089	-1.033239	 0.498370	 0.499306	-0.414695	-0.309347	-0.462657	 1.336165	 0.939841	-1.573615	-0.027708	 0.592944
-0.181497	-1.029106	 0.498370	 0.499351	 0.085305	-0.403695	-0.462657	 1.330866	 0.936081	-1.568237	-0.027708	 0.590572
 0.022798	-1.024989	 0.498370	 0.499374	 0.334134	-0.450869	-0.462657	 1.325566	 0.932337	-1.562422	-0.027708	 0.588210
-0.375054	-1.020890	 0.498370	 0.499385	-0.042617	 0.025544	-0.462657	 1.320275	 0.928608	-1.556401	-0.027708	 0.585857
-0.572434	-1.016806	 0.498370	 0.499391	-0.230992	 0.262747	-0.462657	 1.315000	 0.924893	-1.550290	-0.027708	 0.583514
-0.669584	-1.012739	 0.498370	 0.499394	-0.325180	 0.381348	-0.462657	 1.309743	 0.921194	-1.544146	-0.027708	 0.581180
-0.716626	-1.008688	 0.498370	 0.499395	-0.372274	 0.440649	-0.462657	 1.304505	 0.917509	-1.537998	-0.027708	 0.578855
-0.238620	-1.004653	 0.498370	 0.499396	-0.895821	-0.029701	-0.462657	 1.299288	 0.413839	-1.031860	-0.027708	 0.576539
 0.000384	-1.000634	 0.498370	 0.499397	-1.154756	-0.263876	-0.462657	 1.294091	 0.162004	-0.777740	-0.027708	 0.574233
 0.119885	-0.996632	 0.498370	 0.499397	-0.781396	 0.119037	-0.462657	 1.288915	 0.536086	-0.649633	-0.027708	 0.571936
 0.179636	-0.992645	 0.498370	 0.499397	-0.594716	 0.309489	-0.462657	 1.283760	 0.721307	-0.584536	-0.027708	 0.569649
 0.209511	-0.988675	 0.498370	 0.499397	-0.501376	 0.404715	-0.462657	 1.278625	 0.812105	-0.550949	-0.027708	 0.567370
-0.275551	-0.984720	 0.498370	 0.499397	-0.454706	-0.047671	-0.462657	 1.273510	 0.855698	-1.533120	-0.027708	 0.565101
-0.516561	-0.980781	 0.498370	 0.499397	-0.431371	-0.272865	-0.462657	 1.268416	 0.875696	-2.019175	-0.027708	 0.562840
-0.135551	-0.976858	 0.498370	 0.499397	-0.419703	 0.114539	-0.462657	 0.763342	 0.883903	-1.757193	-0.027708	 0.560589
 0.054954	-0.972951	 0.498370	 0.499397	-0.413870	 0.307236	-0.462657	 0.510806	 0.886223	-1.623211	-0.027708	 0.558346
 0.150207	-0.969059	 0.498370	 0.499397	-0.410953	 0.403585	-0.462657	 0.384537	 0.885605	-1.053241	-0.027708	 0.556113
 0.197833	-0.965183	 0.498370	 0.499397	-0.409494	 0.451760	-0.462657	 0.321403	 0.883527	-0.768257	-0.027708	 0.553889
-0.278354	-0.961322	 0.498370	 0.499397	-0.408765	 0.475847	-0.462657	 0.289836	 0.880724	-1.125764	-0.027708	 0.551673
-0.514938	-0.957477	 0.498370	 0.499397	-0.408400	 0.487890	-0.462657	 0.274052	 0.877568	-1.301552	-0.027708	 0.549466
-0.631727	-0.953647	 0.498370	 0.499397	-0.408218	 0.493912	-0.462657	 0.766161	 0.874240	-1.386491	-0.027708	 0.547268
-0.688625	-0.949832	 0.498370	 0.499397	-0.408127	 0.496923	-0.462657	 1.009698	 0.870835	-1.426017	-0.027708	 0.545079
-0.715582	-0.946033	 0.498370	 0.499397	-0.408081	 0.498429	-0.462657	 1.128960	 0.867397	-1.442849	-0.027708	 0.542899
-0.727576	-0.942249	 0.498370	 0.499397	-0.408059	 0.499181	-0.462657	 1.186095	 0.863950	-0.948346	-0.027708	 0.540727
-0.732094	-0.938480	 0.498370	 0.499397	-0.408047	 0.499558	-0.462657	 1.212176	 0.860506	-0.701095	-0.027708	 0.538565
-0.732880	-0.934726	 0.498370	 0.499397	-0.408041	 0.499746	-0.462657	 0.722740	 0.857070	-1.577469	-0.027708	 1.036410
-0.731805	-0.930987	 0.498370	 0.499397	-0.408039	 0.499840	-0.462657	 0.478022	 0.853644	-2.010748	-0.027708	 1.282265
-0.729806	-0.927263	 0.498370	 0.499397	-0.408037	-0.000113	-0.462657	 0.355663	 0.850231	-1.222500	-0.027708	 0.902136
-0.727351	-0.923554	 0.498370	 0.499397	-0.408036	-0.249089	-0.462657	 0.294483	 0.846831	-0.828376	-0.027708	 0.711027
-0.724674	-0.919860	 0.498370	 0.499397	-0.408036	 0.126423	-0.462657	 0.263894	 0.843444	-0.631314	-0.027708	 0.614433
-0.721891	-0.916180	 0.498370	 0.499397	-0.408036	 0.313175	-0.462657	 0.248599	 0.840070	-0.532783	-0.027708	 0.565100
-0.719062	-0.912515	 0.498370	 0.499397	-0.408036	 0.406551	-0.462657	 0.240951	 0.836710	-0.483517	-0.027708	 0.539402
-0.716215	-0.908865	 0.498370	 0.499397	-0.408036	-0.046761	-0.462657	 0.737128	 0.833363	-0.458884	-0.027708	 0.525526
-0.713364	-0.905230	 0.498370	 0.499397	-0.408036	-0.272417	-0.462657	 0.982749	 0.830030	-0.446568	-0.027708	 0.517564
-0.210518	-0.901609	 0.498370	 0.499397	-0.408036	 0.114755	-0.462657	 1.103103	 0.826710	-0.940410	-0.027708	 0.512565
 0.040905	-0.898003	 0.498370	 0.499397	-0.408036	 0.307337	-0.462657	 1.160833	 0.823403	-1.184462	-0.027708	 0.509049
-0.333383	-0.894411	 0.498370	 0.499397	 0.091964	 0.403628	-0.462657	 0.687261	 0.820109	-0.803631	-0.027708	 0.506281
-0.519112	-0.890833	 0.498370	 0.499397	 0.340780	 0.451774	-0.462657	 0.450475	 0.816829	-0.613216	-0.027708	 0.503889
-0.610567	-0.887270	 0.498370	 0.499397	 0.464009	 0.475846	-0.462657	 0.832082	 0.813562	-0.518008	-0.027708	 0.501691
-0.654890	-0.883720	 0.498370	 0.499397	 0.524449	 0.487883	-0.462657	 1.020458	 0.810307	-0.470404	-0.027708	 0.500591
-0.675654	-0.880186	 0.498370	 0.499397	 0.553499	 0.493901	-0.462657	 1.112229	 0.807066	-0.446602	-0.027708	 0.500042
-0.684642	-0.876665	 0.498370	-0.000603	 0.566859	-0.003090	-0.462657	 1.155706	 0.803838	-0.434701	-0.027708	 0.499767
-0.687750	-0.873158	 0.498370	-0.249602	 0.572379	-0.250585	-0.462657	 1.175046	 0.800623	-0.428751	-0.027708	 0.499630
-0.187921	-0.869666	 0.498370	 0.125899	 0.073983	-0.374333	-0.462657	 1.182327	 0.797420	-0.425776	-0.027708	 0.499561
 0.061993	-0.866187	 0.498370	 0.312646	-0.175215	-0.436207	-0.462657	 1.183589	 0.794230	-0.424288	-0.027708	 0.499527
 0.186950	-0.862722	 0.498370	 0.406020	-0.299814	-0.467144	-0.462657	 1.181850	 0.791054	-0.423544	-0.027708	 0.499509
 0.249428	-0.859271	 0.498370	 0.452707	-0.362114	-0.482612	-0.462657	 1.178620	 0.787889	-0.423172	-0.027708	 0.499501
-0.219333	-0.855834	 0.498370	 0.476050	-0.393263	 0.009654	-0.462657	 1.174655	 0.784738	-1.422986	-0.027708	 0.499496
-0.452337	-0.852411	 0.498370	 0.487722	-0.408838	 0.254783	-0.462657	 1.170330	 0.781599	-1.918048	-0.027708	 0.499494
-0.567468	-0.849001	 0.498370	 0.493558	-0.416626	 0.377347	-0.462657	 1.165836	 0.778472	-2.160752	-0.027708	 0.499493
-0.623669	-0.845605	 0.498370	 0.496476	 0.079481	-0.061370	-0.462657	 1.161267	 0.775359	-1.277298	-0.027708	 0.499493
-0.650409	-0.842223	 0.498370	 0.497935	 0.326382	-0.279729	-0.462657	 1.156668	 0.772257	-0.835570	-0.027708	 0.499492
-0.662425	-0.838854	 0.498370	 0.498664	 0.448687	 0.111092	-0.462657	 1.152065	 0.769168	-1.114707	-0.027708	 0.499492
-0.667084	-0.835498	 0.498370	 0.499029	 0.508697	 0.305498	-0.462657	 1.147468	 0.766091	-1.251487	-0.027708	 0.499492
-0.668070	-0.832156	 0.498370	 0.499211	 0.537565	 0.402701	-0.462657	 1.142884	 0.763027	-0.817101	-0.027708	 0.499492
-0.667225	-0.828828	 0.498370	 0.499303	 0.550866	 0.451303	-0.462657	 1.138316	 0.759975	-0.599908	-0.027708	 0.499492
-0.665470	-0.825513	 0.498370	 0.499348	 0.556388	 0.475604	-0.462657	 0.633764	 0.756935	-0.491311	-0.027708	 0.499492
-0.663265	-0.822210	 0.498370	 0.499371	 0.558025	 0.487754	-0.462657	 0.381488	 0.753907	-0.437013	-0.027708	 0.499492
-0.660840	-0.818922	 0.498370	 0.499382	 0.557725	 0.493829	-0.462657	 0.255350	 0.750892	-0.409864	-0.027708	 0.499492
-0.658311	-0.815646	 0.498370	 0.499388	 0.556459	 0.496867	-0.462657	 0.692281	 0.747888	-0.396289	-0.027708	 0.499492
-0.655735	-0.812383	 0.498370	 0.499391	 0.554716	 0.498386	-0.462657	 0.908488	 0.744897	-0.389502	-0.027708	 0.499492
-0.653140	-0.809134	 0.498370	 0.499392	 0.552739	 0.499145	-0.462657	 1.014342	 0.741917	-0.386108	-0.027708	 0.499492
-0.650542	-0.805897	 0.498370	 0.499393	 0.550649	 0.499525	-0.462657	 1.065029	 0.738949	-0.384411	-0.027708	 0.499492
-0.647947	-0.802674	 0.498370	 0.499393	 0.048506	-0.000285	-0.462657	 1.088141	 0.735993	-0.383563	-0.027708	 0.499492
-0.645359	-0.799463	 0.498370	 0.499394	-0.202565	-0.249190	-0.462657	 1.097474	 0.733049	-0.383139	-0.027708	 0.499492
-0.142779	-0.796265	 0.498370	 0.499394	-0.328100	 0.126357	-0.462657	 1.099928	 0.230117	-0.382927	-0.027708	 0.499492
 0.108511	-0.793080	 0.498370	 0.499394	-0.390868	 0.313127	-0.462657	 1.098949	-0.021349	-0.382821	-0.027708	 0.499492
 0.234155	-0.789908	 0.498370	 0.499394	-0.422252	 0.406512	-0.462657	 1.096264	-0.147082	-0.382768	-0.027708	 0.499492
 0.296978	-0.786748	 0.498370	 0.499394	-0.437944	 0.453205	-0.462657	 1.092735	 0.290052	-0.382741	-0.027708	 0.499492
 0.328389	-0.783601	 0.498370	 0.499394	-0.445790	 0.476551	-0.462657	 1.088791	 0.507164	-0.382728	-0.027708	 0.499492
-0.155905	-0.780467	 0.498370	-0.000606	-0.449713	 0.488224	-0.462657	 1.084650	 0.614272	-0.382721	-0.027708	 0.499492
-0.396772	-0.777345	 0.498370	-0.249605	-0.451674	 0.494061	-0.462657	 1.080418	 0.666383	-0.382718	-0.027708	 0.499492
-0.515930	-0.774236	 0.498370	 0.125896	 0.047345	 0.496979	-0.462657	 1.076150	 0.691001	-0.882716	-0.027708	 0.499492
-0.574239	-0.771139	 0.498370	 0.312643	 0.295762	 0.498438	-0.462657	 1.071872	 0.701879	-1.129950	-0.027708	 0.499492
-0.602128	-0.768054	 0.498370	 0.406017	-0.081118	 0.499168	-0.462657	 1.067598	 0.705893	-0.750812	-0.027708	 0.499492
-0.614813	-0.764982	 0.498370	 0.452704	-0.269558	 0.499533	-0.462657	 1.063334	 0.706480	-0.561244	-0.027708	 0.499492
-0.619900	-0.761922	 0.498370	 0.476047	-0.363778	 0.499715	-0.462657	 1.059084	 0.705359	-0.466459	-0.027708	 0.499492
-0.621194	-0.758874	 0.498370	 0.487719	 0.089112	 0.499806	-0.462657	 1.054850	 0.703390	-0.419067	-0.027708	 0.499492
-0.620596	-0.755839	 0.498370	 0.493555	 0.314473	 0.499852	-0.462657	 1.050631	 0.701003	-0.395371	-0.027708	 0.499492
-0.119057	-0.752815	 0.498370	 0.496473	-0.073926	-0.000125	-0.462657	 0.546429	 0.698412	-0.383523	-0.027708	 0.499492
 0.131713	-0.749804	 0.498370	 0.497932	-0.268126	-0.249114	-0.462657	 0.294328	 0.695725	-0.377599	-0.027708	 0.499492
-0.242903	-0.746805	 0.498370	 0.498661	 0.134774	 0.126392	-0.462657	 0.668278	 0.692995	-0.374637	-0.027708	 0.499492
-0.428975	-0.743818	 0.498370	 0.499026	 0.335149	 0.313141	-0.462657	 0.853168	 0.690250	-0.373156	-0.027708	 0.499492
-0.020781	-0.740842	 0.498370	 0.499208	-0.565734	-0.093484	-0.462657	 0.943537	 0.687502	-0.372415	-0.027708	 0.499492
 0.183316	-0.737879	 0.498370	 0.499299	-1.013243	-0.295797	-0.462657	 0.986654	 0.684759	-0.372045	-0.027708	 0.499492
 0.285364	-0.734927	 0.498370	 0.499345	-1.234076	-0.396953	-0.462657	 1.006152	 0.682023	-0.371860	-0.027708	 0.499492
-0.163612	-0.731988	 0.498370	-0.000632	-0.341582	-0.447531	-0.462657	 1.013850	 0.679297	-0.371767	-0.027708	 0.499492
-0.386874	-0.729060	 0.498370	-0.249620	 0.103562	-0.472820	-0.462657	 1.015656	 0.676581	-0.371721	-0.027708	 0.499492
-0.497286	-0.726144	 0.498370	 0.125887	 0.325037	 0.014535	-0.462657	 1.014524	 0.673875	-0.371698	-0.027708	 0.499492
-0.551276	-0.723239	 0.498370	 0.312637	 0.434682	 0.257209	-0.462657	 1.011932	 0.671179	-0.371686	-0.027708	 0.499492
-0.577060	-0.720346	 0.498370	 0.406012	 0.488416	 0.378546	-0.462657	 1.008617	 0.668495	-0.371681	-0.027708	 0.499492
-0.588747	-0.717465	 0.498370	 0.452700	 0.514198	 0.439215	-0.462657	 1.004949	 0.665821	-0.371678	-0.027708	 0.499492
-0.093389	-0.714595	 0.498370	 0.476044	 0.526009	 0.469549	-0.462657	 1.001112	 0.663158	-0.871676	-0.027708	 0.499492
 0.154290	-0.711736	 0.498370	 0.487716	 0.530839	 0.484716	-0.462657	 0.997199	 0.660505	-1.118932	-0.027708	 0.499492
 0.278129	-0.708889	 0.498370	 0.493551	 0.532183	 0.492299	-0.462657	 0.993256	 0.657863	-1.239828	-0.027708	 0.499492
-0.159951	-0.706054	 0.498370	 0.496469	 0.031788	 0.496091	-0.462657	 0.989306	 0.655232	-0.797554	-0.027708	 0.499492
-0.377795	-0.703230	 0.498370	 0.497928	-0.218410	 0.497987	-0.462657	 0.985360	 0.652611	-0.576417	-0.027708	 0.499492
-0.485526	-0.700417	 0.498370	 0.498658	-0.343509	 0.498935	-0.462657	 0.981424	 0.650000	-0.465849	-0.027708	 0.499492
-0.538205	-0.697615	 0.498370	 0.499023	-0.406058	 0.499409	-0.462657	 0.977502	 0.647400	-0.410565	-0.027708	 0.499492
-0.063363	-0.694825	 0.498370	 0.499205	-0.437333	 0.499646	-0.462657	 0.973593	 0.644811	-0.382923	-0.027708	 0.499492
 0.174058	-0.692045	 0.498370	 0.499296	-0.452970	 0.499765	-0.462657	 0.969699	 0.642231	-0.369102	-0.027708	 0.499492
-0.207231	-0.689277	 0.498370	 0.499342	 0.039211	 0.499824	-0.462657	 0.965821	 0.639662	-0.362191	-0.027708	 0.499492
-0.396699	-0.686520	 0.498370	 0.499365	 0.284239	 0.499853	-0.462657	 0.961958	 0.637104	-0.358736	-0.027708	 0.499492
-0.490260	-0.683774	 0.498370	 0.499376	-0.094305	-0.000132	-0.462657	 0.958110	 0.634555	-0.357008	-0.027708	 0.499492
-0.535873	-0.681039	 0.498370	 0.499382	-0.283578	-0.249124	-0.462657	 0.954278	 0.632017	-0.356144	-0.027708	 0.499492
-0.557517	-0.678315	 0.498370	 0.499385	-0.378214	-0.373620	-0.462657	 0.950461	 0.629489	-0.355712	-0.027708	 0.499492
-0.067180	-0.675601	 0.498370	 0.499386	 0.074468	 0.064132	-0.462657	 0.446659	 0.626971	-0.355497	-0.027708	 0.499492
 0.177988	-0.672899	 0.498370	 0.499387	 0.299755	 0.282004	-0.462657	 0.194758	 0.624463	-0.355389	-0.027708	 0.499492
-0.199428	-0.670207	 0.498370	 0.499387	-0.088652	 0.390940	-0.462657	 0.568807	 0.621965	-0.355335	-0.027708	 0.499492
-0.386982	-0.667527	 0.498370	 0.499387	-0.282855	 0.445408	-0.462657	 0.753946	 0.619477	-0.355308	-0.027708	 0.499492
-0.479610	-0.664857	 0.498370	 0.499387	 0.120043	 0.472642	-0.462657	 0.844638	 0.617000	-0.355294	-0.027708	 0.499492
-0.524780	-0.662197	 0.498370	 0.499387	 0.320446	 0.486259	-0.462657	 0.888113	 0.614532	-0.355287	-0.027708	 0.499492
-0.546225	-0.659548	 0.498370	 0.499387	 0.419606	 0.493067	-0.462657	 0.907987	 0.612073	-0.355284	-0.027708	 0.499492
-0.555812	-0.656910	 0.498370	 0.499387	 0.468149	 0.496472	-0.462657	 0.916069	 0.609625	-0.355282	-0.027708	 0.499492
-0.559474	-0.654283	 0.498370	 0.499387	 0.491386	 0.498174	-0.462657	 0.918261	 0.607187	-0.355281	-0.027708	 0.499492
-0.560180	-0.651665	 0.498370	 0.499387	 0.001976	 0.499025	-0.462657	 0.917516	 0.604758	-0.355281	-0.027708	 0.499492
-0.559410	-0.649059	 0.498370	 0.499387	-0.242729	 0.499450	-0.462657	 0.915310	 0.602339	-0.355281	-0.027708	 0.499492
-0.557908	-0.646462	 0.498370	 0.499387	 0.134918	 0.499663	-0.462657	 0.912381	 0.599930	-0.855281	-0.027708	 0.499492
-0.556045	-0.643877	 0.498370	 0.499387	 0.322717	 0.499770	-0.462657	 0.909098	 0.597530	-1.102570	-0.027708	 0.499492
-0.554004	-0.641301	 0.498370	 0.499387	 0.415595	 0.499823	-0.462657	 0.905644	 0.595140	-1.223515	-0.027708	 0.499492
-0.551880	-0.638736	 0.498370	 0.499387	 0.461017	 0.499849	-0.462657	 0.902113	 0.592759	-1.281299	-0.027708	 0.499492
-0.549719	-0.636181	 0.498370	-0.000613	-0.017285	 0.499863	-0.462657	 0.398551	 0.590388	-0.807512	-0.027708	 0.499492
-0.547543	-0.633636	 0.498370	-0.249611	-0.256435	 0.499869	-0.462657	 0.146769	 0.588027	-0.570619	-0.027708	 0.499492
-0.545364	-0.631102	 0.498370	-0.374111	-0.376011	 0.499873	-0.462657	 0.020879	 0.585674	-0.452172	-0.027708	 0.499492
-0.543189	-0.628577	 0.498370	 0.063640	-0.435799	 0.499874	 0.037343	 0.457933	 0.583332	-0.892949	-0.027708	 0.499492
