 0.124683	-1.084585	 0.499140	 0.499767	 0.374950	 0.126024	 0.123230	 0.557339	 0.042342	-0.798304	 0.379635	-0.259640
 0.311524	-1.080247	 0.499140	 0.499767	 0.374978	 0.312772	 0.311554	 0.555109	-0.208750	-0.795110	 0.379635	-0.308720
-0.095055	-1.075926	 0.499140	 0.499767	 0.374991	 0.406145	 0.405716	 0.552889	 0.165704	-0.791930	 0.379635	-0.333260
-0.297342	-1.071622	 0.499140	 0.499767	 0.374998	 0.452832	 0.452797	 0.550677	 0.351851	-0.788762	 0.379635	-0.345530
-0.398485	-1.067335	 0.499140	 0.499767	 0.375002	 0.476175	 0.476337	 0.548475	 0.443848	-0.785607	 0.379635	-0.351665
 0.050944	-1.063066	 0.499140	 0.499767	 0.375003	 0.487847	 0.488107	 0.546281	 0.488775	-0.782465	 0.379635	 0.145267
 0.274657	-1.058814	 0.499140	 0.499767	 0.375004	 0.493683	 0.493992	 0.544096	 0.510171	-0.779335	 0.379635	 0.392449
 0.386514	-1.054579	 0.499140	 0.499767	 0.375005	 0.496601	-0.003065	 0.541919	 1.019806	-0.776217	-0.120365	 0.514761
 0.442442	-1.050360	 0.499140	 0.499767	 0.375005	 0.498060	-0.250594	 0.539751	 1.271565	-0.773113	-0.369125	 0.574642
-0.029594	-1.046159	 0.499140	 0.499767	 0.375005	 0.498789	 0.125642	 0.537592	 0.894397	-0.770020	 0.007731	 0.603314
-0.264608	-1.041974	 0.499140	 0.499767	 0.375005	 0.499154	 0.312756	 0.535442	 0.704779	-0.766940	 0.196160	 0.616386
-0.382116	-1.037806	 0.499140	 0.499767	 0.375005	 0.499336	 0.406313	 0.533300	 0.608940	-0.763872	 0.290374	 0.621663
-0.440869	-1.033655	 0.499140	 0.499767	 0.375005	 0.499428	 0.453092	 0.531167	 0.559994	-0.760817	 0.337481	 0.623048
-0.470246	-1.029520	 0.499140	 0.499767	 0.375005	 0.499473	 0.476481	 0.529042	 0.534499	-0.757774	 0.361034	 0.622491
-0.484935	-1.025402	 0.499140	 0.499767	 0.375005	 0.499496	-0.011824	 0.526926	 0.520733	-0.754742	 0.372811	 0.620969
-0.492279	-1.021301	 0.499140	 0.499767	 0.375005	 0.499507	-0.254977	 0.524819	 0.512837	-0.751724	 0.378699	 0.618969
 0.004049	-1.017215	 0.499140	 0.499767	 0.375005	 0.499513	 0.123447	 0.522719	 0.507878	-0.748717	 0.381643	 0.616735
 0.251212	-1.013147	 0.499140	 0.499767	 0.375005	 0.499516	 0.311655	 0.520628	 0.504393	-0.745722	 0.383116	 0.614389
 0.374794	-1.009094	 0.499140	 0.499767	 0.375005	 0.499517	 0.405759	 0.518546	 0.501649	-0.742739	 0.383852	 0.611992
 0.436585	-1.005058	 0.499140	 0.499767	 0.375005	 0.499518	 0.452811	 0.516472	 0.500277	-0.739768	 0.384220	 0.609575
 0.467480	-1.001037	 0.499140	 0.499767	 0.375005	 0.499519	 0.476337	 0.514406	 0.499591	-0.736809	 0.384404	 0.607151
 0.482928	-0.997033	 0.499140	 0.499767	 0.375005	 0.499519	 0.488100	 0.512348	 0.499248	-0.733862	 0.384496	 0.604730
 0.490652	-0.993045	 0.499140	 0.499767	 0.375005	 0.499519	 0.493982	 0.510299	 0.499076	-0.730926	 0.384542	 0.602315
 0.494514	-0.989073	 0.499140	 0.499767	 0.375005	 0.499519	 0.496923	 0.508258	 0.998991	-0.728002	 0.384565	 0.599908
 0.496445	-0.985117	 0.499140	 0.499767	 0.375005	 0.499519	 0.498393	 0.506225	 1.245950	-0.725090	 0.384576	 0.597509
 0.497410	-0.981176	 0.499140	 0.499767	 0.375005	 0.499519	 0.499128	 0.504200	 0.866444	-0.722190	 0.384582	 0.095120
 0.497893	-0.977252	 0.499140	 0.499767	 0.375005	 0.499519	 0.499496	 0.502183	 0.676691	-0.719301	 0.384585	-0.156075
-0.001866	-0.973343	 0.499140	 0.499767	 0.375005	-0.000481	 0.499680	 0.500174	 1.081814	-0.716424	 0.384586	 0.218327
-0.250742	-0.969449	 0.499140	 0.499767	 0.375005	-0.249480	 0.499772	 0.499170	 1.281402	-0.713558	 0.384587	 0.404343
 0.124820	-0.965571	 0.499140	 0.499767	 0.375005	 0.126020	 0.499818	 0.498668	 1.378234	-0.710704	 0.384587	-0.003830
 0.311600	-0.961709	 0.499140	 0.499767	 0.375005	 0.312768	 0.499841	 0.498417	 1.423700	-0.707861	 0.384587	-0.207916
 0.404990	-0.957862	 0.499140	 0.499767	 0.375005	 0.406141	 0.499852	 0.498291	 1.443494	-0.705030	 0.384588	-0.309959
-0.048315	-0.954031	 0.499140	 0.499767	 0.375005	 0.452828	 0.499858	 0.998228	 1.450465	-0.702210	 0.384588	 0.139019
-0.273964	-0.950215	 0.499140	 0.499767	 0.375005	 0.476171	 0.499861	 1.245200	 1.451036	-0.699401	 0.384588	 0.362332
 0.113212	-0.946414	 0.499140	 0.999767	 0.375005	 0.487843	 0.499862	 0.865702	 1.448418	-0.696603	 0.384588	 0.472818
 0.305799	-0.942628	 0.499140	 1.246767	 0.375005	 0.493679	 0.499863	 0.675953	 1.444217	-0.693817	 0.384588	 0.526894
 0.402092	-0.938858	 0.499140	 0.367280	 0.375005	 0.496597	 0.499863	 0.581079	 0.939237	-0.691042	 0.384588	 0.552770
 0.450239	-0.935102	 0.499140	-0.071439	 0.375005	 0.498056	 0.499863	 0.533641	 0.686746	-0.688278	 0.384588	 0.564551
 0.474312	-0.931362	 0.499140	 0.210221	 0.375005	 0.498785	-0.000137	 0.509923	 0.560501	-0.685524	 0.384588	 0.569288
 0.486349	-0.927636	 0.499140	 0.351052	 0.375005	 0.499150	-0.249136	 0.498063	 0.497379	-0.682782	 0.384588	 0.570509
 0.492367	-0.923926	 0.499140	 0.421467	 0.375005	 0.499332	 0.126364	 0.492134	 0.465818	-0.680051	 0.384588	 0.569976
 0.495376	-0.920230	 0.499140	 0.456674	 0.375005	 0.499424	 0.313110	 0.489169	 0.450037	-0.677331	 0.384588	 0.568571
 0.496881	-0.916549	 0.499140	 0.474278	 0.375005	 0.499469	 0.406483	 0.487686	 0.442147	-0.674622	 0.384588	 0.566734
-0.002367	-0.912883	 0.499140	 0.483080	-0.124995	 0.499492	 0.453170	 0.486945	 0.938201	-0.671923	 0.384588	 0.564685
-0.250987	-0.909231	 0.499140	 0.487481	-0.373745	 0.499503	 0.476513	 0.486575	 1.183360	-0.669235	 0.384588	 0.562536
-0.375298	-0.905595	 0.499140	 0.989682	 0.003125	 0.499509	 0.488185	 0.986389	 0.803083	-0.666559	 0.384588	 0.060340
-0.437453	-0.901972	 0.499140	 1.237798	 0.191560	 0.499512	 0.494021	 1.233324	 0.612944	-0.663892	 0.384588	-0.190757
 0.031469	 0.601636	-0.000860	 0.858884	 1.285778	 0.499513	 0.496939	-0.146169	-0.482125	 0.838763	-0.115412	-0.316306
 0.264930	 1.349229	-0.249858	 0.669428	 1.828126	 0.499514	 0.498398	-0.832864	-1.026506	 1.585408	-0.364182	-0.379081
 0.381660	 2.718832	-0.374358	 0.074699	 1.594560	-0.000486	 0.999127	-2.673172	-3.295554	 4.954067	-0.487340	-0.910468
 0.440025	 3.395457	-0.436607	-0.221625	 1.475055	-0.249484	 1.246492	-3.584300	-4.418949	 6.621750	-0.547699	-1.173278
 0.469208	 3.725625	-0.467732	-0.368751	 1.412591	-0.373984	 1.367187	-4.030872	-4.969562	 7.439013	-0.576662	-1.301811
 0.483799	 3.882598	-0.483294	-0.441282	 1.378659	-0.436234	 1.424559	-4.245204	-5.233828	 7.831132	-0.589932	-1.363216
 0.991095	 6.453005	-0.491076	-0.476520	 2.359003	-0.467358	 2.450281	-5.343451	-6.354965	 11.010745	-1.095361	-1.391070
 1.241746	 7.720161	-0.494966	-0.493116	 2.842497	-0.482921	 2.956189	-5.879691	-6.900581	 12.572171	-1.344873	-1.402159
 0.864086	 10.835765	-0.996911	-1.000394	 3.577592	-0.990702	 3.702220	-6.134979	-7.158497	 14.824617	-1.466441	-1.404877
 0.675257	 12.365664	-1.244886	-1.251018	 3.936514	-1.241596	 4.066338	-6.249842	-7.272622	 15.916685	-1.524049	-1.403421
 0.580842	 14.602823	-1.365888	-1.373327	 4.607384	-1.364058	 4.239537	-6.294545	-7.314911	 17.428702	-1.549689	-1.899889
 0.533635	 15.687722	-1.423415	-1.431490	 4.932262	-1.422315	 4.317311	-6.304217	-7.321341	 18.146829	-1.559359	-2.143330
 0.510031	 17.696626	-1.449217	-1.457592	 5.584187	-1.448483	 4.347407	-6.296426	-7.309900	 18.968163	-1.561056	-2.260277
 0.498229	 18.661668	-1.459168	-1.467676	 5.897678	-1.458618	 4.353701	-6.279953	-7.289583	 19.339251	-1.558779	-2.313996
 0.492328	 19.104935	-1.461205	-1.469762	 6.042000	-1.460748	 4.348127	-6.259189	-7.264886	 19.485374	-1.554527	-2.336120
 0.489378	 19.787472	-1.959297	-1.467861	 6.101789	-1.458887	 4.836656	-6.236331	-7.238057	 20.019172	-1.549301	-2.342466
 0.487902	 20.087800	-2.203428	-1.463979	 6.119360	-1.455042	 5.070269	-6.212475	-7.210220	 20.244966	-1.543599	-2.340941
 0.487165	 20.697188	-2.320599	-1.459118	 6.115872	-1.450218	 4.676468	-6.188169	-7.181937	 20.316921	-1.537673	-2.335500
 0.486796	 20.959269	-2.374308	-1.453779	 6.101903	-1.444915	 4.471003	-6.163689	-7.153488	 20.312121	-1.531646	-2.328119
 0.486612	 21.547867	-2.396307	-1.448212	 6.082743	-1.439384	 4.859739	-6.139170	-7.125014	 20.769106	-1.525582	-2.319787
-0.013481	 21.797893	-2.402470	-1.442544	 6.561036	-1.433751	 5.043610	-6.114682	-7.096583	 20.955147	-1.519510	-2.310998
-0.262500	 21.878810	-2.400734	-1.436836	 6.786103	-1.428078	 5.125090	-6.090257	-7.068232	 21.005884	-1.513448	-2.301999
-0.385986	 21.875349	-2.395068	-1.431120	 6.884615	-1.422397	 5.155417	-6.065913	-7.039976	 20.989140	-1.507402	-2.292914
-0.446710	 22.329875	-2.387457	-1.425411	 6.919904	-1.416723	 5.160209	-6.041658	-7.011825	 20.938823	-1.501376	-2.283804
-0.476058	 22.511569	-2.378891	-1.419717	 6.923639	-1.411064	 5.152276	-6.017495	-6.983782	 20.871888	-1.495372	-2.274699
 0.010280	 22.557030	-2.369868	-1.414042	 6.911651	-1.405423	 5.138020	-5.993428	-6.955849	 20.796810	-1.489392	-2.265616
 0.253448	 22.534555	-2.360634	-1.408388	 6.891858	-1.399803	 5.120645	-5.969455	-6.928027	 20.717828	-1.483435	-2.256561
-0.124967	 22.978293	-2.351315	-1.402755	 6.868217	-1.394205	 5.101750	-5.945578	-6.900315	 21.137059	-1.477501	-2.247538
-0.313169	 23.153319	-2.341971	-1.397144	 6.842708	-1.388629	 5.082137	-5.921796	-6.872714	 21.303562	-1.471592	-2.238550
 0.093734	 23.194174	-2.332634	-1.391556	 6.816319	-1.383075	 5.062206	-5.898108	-6.845224	 21.343873	-1.465705	-2.229597
 0.296183	 23.168132	-2.323319	-1.385990	 6.789544	-1.377542	 5.042156	-5.874516	-6.817843	 21.321261	-1.459842	-2.220679
 0.397408	 23.108827	-2.314033	-1.380446	 6.762631	-1.372032	 5.022086	-5.851018	-6.790571	 21.267357	-1.454003	-2.211796
 0.448021	 23.033075	-2.304781	-1.374924	 6.735704	-0.866544	 5.002048	-5.827614	-6.763409	 21.197978	-1.448187	-2.202949
 0.473327	 22.949285	-2.295564	-1.369425	 6.708822	-0.613800	 4.982064	-5.804304	-6.736355	 21.121032	-1.442394	-2.194138
-0.014020	 22.861659	-2.286382	-1.363947	 7.182017	-1.487428	 4.962148	-5.781086	-6.709410	 21.040470	-1.436625	-2.185361
-0.256691	 22.772298	-2.277237	-1.358491	 7.403305	-1.919520	 4.942306	-5.757962	-6.682572	 20.958270	-1.430878	-2.176620
-0.378026	 22.682251	-2.268128	-1.353057	 7.498699	-1.630863	 5.422540	-5.734930	-6.655842	 20.875417	-1.425155	-2.167913
-0.438694	 22.592043	-2.259056	-1.347645	 7.531208	-1.483850	 5.650851	-5.711990	-6.629219	 20.792406	-1.419454	-2.159242
-0.469027	 23.001936	-2.250020	-1.342254	 7.532335	-1.407670	 5.253249	-5.689142	-6.602702	 20.709481	-1.413776	-2.150605
-0.484194	 23.160059	-2.241020	-1.336885	 7.517832	-1.366916	 5.044736	-5.666386	-6.576291	 20.626766	-1.408121	-2.142002
-0.491778	 23.192483	-2.232056	-1.331538	 7.495574	-1.343888	 4.930807	-5.643720	-6.549986	 20.544320	-1.402489	-2.133434
-0.495570	 23.162246	-2.223128	-1.326212	 6.969498	-0.829731	 4.864209	-5.621145	-6.523786	 20.462174	-1.396879	-2.124900
-0.497465	 23.100863	-2.214235	-1.320907	 6.693573	-0.572653	 4.821315	-5.598661	-6.497691	 20.380340	-1.391291	-2.116401
 0.001587	 23.024093	-2.205378	-1.315623	 7.042775	-0.444114	 4.790311	-5.576266	-6.471700	 20.298827	-1.385726	-2.107935
 0.250111	 22.939813	-2.196557	-1.310361	 7.202593	-0.379845	 4.765290	-5.553961	-6.445813	 20.217635	-1.380183	-2.099503
-0.125626	 22.851962	-2.187770	-1.305119	 7.267776	-0.847710	 4.743299	-5.531745	-6.420030	 19.636767	-1.374662	-2.091105
-0.312492	 22.762509	-2.179019	-1.299899	 7.285702	-1.079011	 4.722861	-5.509618	-6.394350	 19.308220	-1.369164	-2.082741
-0.405925	 20.172436	-1.670303	-0.794699	 5.780058	-1.192042	 4.203238	-5.487580	-6.368772	 14.605988	-1.363687	-2.074410
-0.452642	 18.842234	-1.413622	-0.542099	 5.018687	-1.245947	 3.936058	-5.465630	-6.343297	 12.235064	-1.358232	-2.066112
-0.476000	 18.142110	-1.282968	-0.415800	 4.629487	-1.270299	 3.795131	-5.443767	-6.317924	 11.029874	-1.352799	-2.057848
 0.012321	 11.257163	-1.215336	-0.352650	 2.426406	-0.779886	 2.217359	-4.421992	-5.292653	 5.407630	-1.347388	-1.049617
 0.255480	 7.805946	-1.179224	-0.321075	 1.324866	-0.534680	 1.427194	-3.904304	-4.771482	 2.596507	-1.341999	-0.545501
 0.377060	 6.071628	-1.158882	-0.305287	 0.774096	-0.412077	 1.030837	-3.638687	-4.502396	 1.190946	-1.336631	-0.293443
 0.937849	 2.195794	-0.646434	-0.297393	-0.501289	-0.350775	-0.168610	-2.999132	-3.359386	-0.011834	-0.831284	-0.167414
 1.215247	 0.261237	-0.390210	-0.293447	-1.135428	-0.320124	-0.765598	-2.674636	-2.783449	-0.610795	-0.578611	-0.104400
 0.850960	-2.702695	 0.237902	-0.291473	-1.948959	 0.195201	-1.561366	-2.007687	-1.491065	-2.907856	-0.452274	-0.072892
 0.668817	-4.173327	 0.550226	-0.290486	-2.350199	 0.451443	-1.954536	-1.671531	-0.844873	-4.045977	-0.389106	-0.057139
 0.577746	-4.897356	 0.704663	-0.789993	-2.545316	 0.578148	-2.646426	-1.500783	-0.021777	-4.604669	 0.142478	-0.049262
 0.532210	-5.248127	 0.780163	-1.037167	-2.637394	 0.640091	-2.985694	-1.412748	 0.388168	-4.873688	 0.406922	-0.045324
 0.509442	-5.412315	 0.816202	-0.658186	-3.177974	 0.669659	-2.648678	-1.366082	 0.591545	-4.997913	 0.537801	-0.043354
 0.498058	-5.483256	 0.832516	-0.468695	-3.440827	 0.683044	-2.475547	-1.340109	 0.691643	-5.049781	 0.601904	-0.042370
 0.492366	-5.507618	 0.838976	-0.373950	-3.564846	 0.688344	-2.384377	-1.324495	 0.740109	-5.065511	 0.632623	-0.041878
 0.489520	-5.508735	 0.340515	-0.326577	-3.119478	 0.689606	-2.334205	-0.814070	 0.762764	-5.563214	 0.646656	-0.041631
 0.488097	-5.498274	 0.091285	-0.302891	-2.891445	 0.688856	-2.304551	-0.558858	 0.772521	-5.799944	 0.652351	-0.041508
 0.487385	-5.482068	 0.466670	-0.791047	-2.772102	 0.187105	-2.285174	-0.431252	 0.775835	-5.406235	 0.653882	-0.041447
 0.487030	-5.463033	 0.652678	-1.032567	-2.707125	-0.063771	-2.270954	-0.367448	 0.775934	-5.199356	 0.653337	-0.041416
 0.486852	-4.942628	 0.744005	-0.650779	-2.669353	 0.310791	-1.759331	-0.335547	 0.774431	-5.085931	 0.651759	 0.458599
 0.486763	-4.673580	 0.787997	-0.459885	-2.645203	 0.496701	-1.501024	-0.319596	 0.772134	-5.019274	 0.649669	 0.706690
 0.486718	-4.530248	 0.808330	-0.364438	-2.627886	 0.088291	-1.369385	-0.311621	 0.769446	-4.976040	 0.647330	 0.328826
 0.486696	-4.449808	 0.816839	-0.316715	-2.614007	-0.115914	-1.301090	-0.307633	 0.766568	-4.944557	 0.644870	 0.139893
 0.486685	-4.900849	 0.819442	-0.292853	-2.601867	 0.281984	-1.764477	-0.305639	 0.763602	-4.918990	 0.642355	 0.545427
 0.486680	-5.115666	 0.819100	-0.280922	-2.590617	 0.479573	-1.991714	-0.304642	 0.760598	-4.896419	 0.639818	 0.746292
 0.486677	-4.712413	 0.817291	-0.274957	-2.579834	 0.077013	-2.100895	-0.304144	 0.757580	-5.375386	 0.637275	 0.844831
 0.486675	-4.502168	 0.814756	-0.271974	-2.569304	-0.124267	-2.151066	-0.303895	 0.754562	-5.603161	 0.634734	 0.892213
 0.486675	-4.388462	 0.811864	-0.270482	-2.558921	 0.275093	-2.171748	-0.303770	 1.251550	-5.205387	 0.632199	 0.914025
 0.486674	-4.323060	 0.808800	-0.269737	-2.548633	 0.473424	-2.177705	-0.303708	 1.496547	-4.996884	 0.629672	 0.923059
 0.486674	-4.781843	 0.805657	 0.230636	-2.538412	 0.571246	-2.176316	 0.196324	 1.615563	-4.883056	 0.627154	 0.925712
 0.486674	-5.000754	 0.802480	 0.479360	-2.528245	 0.618819	-2.171271	 0.444946	 1.671601	-4.816604	 0.624646	 0.925182
 0.486674	-5.099769	 0.799293	 0.602266	-2.518126	 0.641273	-2.164417	 0.567871	 1.696165	-4.773877	 0.622148	 0.923068
 0.986674	-4.638880	 0.796107	 0.662269	-2.508050	 0.651172	-1.656674	 0.627951	 1.205006	-4.743052	 0.619659	 0.920168
 1.233701	-4.400079	 0.792928	 0.690826	-2.498016	 0.654800	-1.400505	 0.656616	 0.957998	-4.718214	 0.617181	 0.916884
 0.854252	-4.272356	 0.789760	 0.203666	-2.488023	 0.655297	-1.770132	 0.669577	 1.333073	-4.696409	 0.614712	 0.913415
 0.664528	-4.200205	 0.786602	-0.039915	-2.478071	 0.654233	-1.950666	 0.674693	 1.517193	-4.676157	 0.612253	 0.909861
 0.569666	-4.155874	 0.783456	-0.161705	-2.468158	 0.652396	-2.036670	 0.675891	 1.605851	-4.656719	 0.609804	 0.906271
 0.522235	-4.125485	 0.780323	-0.222600	-2.458286	 0.650175	-2.075427	 0.175136	 1.146791	-4.137726	 0.607365	 0.402670
 0.498520	-4.102100	 0.777202	-0.253047	-2.448452	 0.647770	-2.090577	-0.075242	 0.915886	-3.870992	 0.604936	 0.150870
 0.486662	-4.082251	 0.774093	-0.268271	-2.438659	-0.354724	-2.093941	 0.299570	 1.299063	-3.730416	 0.602516	 0.524970
 0.480733	-4.064201	 0.770997	-0.275883	-2.428904	-0.853257	-2.091428	 0.485626	 1.487287	-3.652949	 0.600106	 0.710222
 0.477769	-4.047084	 0.767913	-0.279689	-2.419188	-1.099819	-2.085994	 0.577312	 1.578048	-3.607064	 0.597705	 0.801057
 0.476287	-4.030465	 0.764841	-0.281592	-2.409511	-0.720408	-2.079116	 0.121816	 1.120091	-4.076999	 0.595315	 0.344691
 0.475545	-4.014128	 0.761782	-0.282543	-2.399873	-0.530702	-2.071532	-0.105932	 0.889788	-4.302873	 0.592933	 0.116507
 0.475175	-3.997964	 0.758735	-0.283019	-2.390274	 0.064151	-2.063612	 0.280194	 1.273318	-3.906752	 0.590562	 0.502416
 0.474990	-3.981919	 0.755700	-0.283257	-2.380713	 0.360259	-2.055541	 0.471925	 1.461769	-3.701671	 0.588199	 0.693593
 0.474897	-3.965964	 0.752677	-0.283376	-2.371190	 0.507001	-2.047411	 0.066463	 1.552694	-4.092137	 0.585847	 0.787413
 0.474851	-3.950087	 0.749666	-0.283435	-2.361705	 0.579064	-2.039267	-0.136268	 1.594869	-4.278405	 0.583503	 0.832560
-0.025173	-3.934280	 0.746668	-0.283465	-2.352258	 0.113793	-2.031133	 0.262366	 1.112683	-3.862609	 0.581169	 0.853378
-0.274134	-3.918539	 0.743681	-0.283480	-2.342849	-0.118842	-2.023020	 0.460361	 0.870329	-3.647818	 0.578845	 0.862039
 0.102432	-3.902863	 0.740706	-0.283487	-2.333478	-0.235160	-2.014933	 0.558042	 1.247896	-3.533556	 0.576529	 0.364628
 0.290715	-3.887251	 0.737743	-0.283491	-2.324144	-0.293318	-2.006876	 0.605571	 1.433428	-3.469587	 0.574223	 0.115922
 0.384856	-3.871702	 0.734792	-0.283493	-2.314847	-0.322398	-1.998850	 0.628030	 1.522957	-3.430791	 0.571926	-0.008431
 0.431927	-3.856215	 0.731853	 0.216506	-2.305588	-0.336938	-1.990856	 0.137958	 1.564496	-3.404609	 0.569638	 0.429393
 0.455462	-3.840790	 0.728926	 0.465073	-2.296366	-0.344207	-1.982892	-0.107078	 1.582053	-3.384761	 0.567360	 0.646570
 0.467230	-3.825427	 0.726010	 0.587929	-2.287180	-0.347842	-1.974961	 0.270404	 1.587633	-3.868107	 0.565090	 0.753432
 0.473114	-3.810125	 0.723106	 0.647935	-2.278032	-0.349660	-1.967061	 0.457849	 1.587236	-4.101077	 0.562830	 0.805142
 0.476056	-3.794884	 0.720214	 0.176522	-2.268919	-0.350569	-1.459193	 0.550281	 1.583864	-4.208894	 0.560579	 0.829283
 0.477527	-3.779705	 0.717333	-0.059184	-2.259844	-0.351023	-1.203356	 0.595212	 1.579017	-4.254170	 0.558336	 0.839647
 0.478262	-3.764586	 0.714463	 0.322963	-2.250804	 0.148750	-1.573543	 0.616397	 1.573445	-3.768208	 0.556103	 0.343129
 0.478630	-3.749528	 0.711606	 0.512626	-2.241801	 0.397339	-1.754749	 0.625714	 1.567524	-3.518663	 0.553879	 0.094869
 0.478814	-3.734530	 0.708759	 0.606053	-2.232834	 0.520342	-1.841480	 0.629103	 1.561440	-3.387352	 0.551663	-0.029260
 0.478906	-3.719591	 0.705924	 0.151368	-2.223903	 0.080557	-1.380989	 0.629532	 1.555287	-3.815185	 0.549457	 0.408675
 0.478952	-3.704713	 0.703100	-0.075975	-2.215007	-0.139336	-1.148902	 0.628487	 1.549112	-4.020615	 0.547259	 0.625950
-0.021025	-3.689894	 0.700288	-0.189646	-2.206147	-0.749282	-1.031026	 0.626709	 1.542939	-4.114878	 0.545070	 0.732900
-0.269972	-3.675135	 0.697487	-0.246482	-2.197322	-1.051537	-0.970261	 0.624571	 1.536779	-4.153591	 0.542889	 0.784696
-0.393407	-3.660434	 0.694697	-0.274900	-1.688533	-0.699957	-1.438059	 0.622257	 1.530638	-4.164563	 0.540718	 0.808921
-0.454091	-3.645792	 0.691918	-0.289109	-1.431779	-0.524167	-1.668147	 0.619860	 1.524518	-4.161698	 0.538555	 0.819367
 0.016596	-3.631209	 0.689150	-0.296213	-1.301052	 0.063729	-1.279394	 0.617426	 1.518421	-3.651948	 0.536401	 0.822930
 0.251940	-3.616684	 0.686394	-0.299766	-1.233348	 0.356373	-1.083237	 0.614980	 1.512348	-3.390788	 0.534255	 0.823059
 0.369612	-3.602218	 0.683648	-0.301542	-1.197164	 0.501397	-0.983384	 0.612531	 1.506299	-3.253949	 0.532118	 0.821477
 0.428448	-3.587809	 0.680914	 0.197570	-1.176751	 0.072616	-1.431690	 0.610087	 1.500274	-3.679296	 0.529990	 0.819046
 0.457866	-3.573457	 0.678190	 0.445733	-1.164231	-0.141774	-1.652084	 0.607649	 1.494273	-3.883760	 0.527870	 0.816198
 0.472575	-3.559164	 0.675477	 0.068426	-1.655668	-0.248969	-1.258535	 0.605220	 1.488296	-3.477815	 0.525758	 0.313147
 0.479929	-3.544927	 0.672775	-0.120227	-1.897092	-0.302567	-1.060031	 0.602800	 1.482343	-3.268699	 0.523655	 0.061621
 0.483606	-3.530747	 0.670084	-0.214553	-2.013527	 0.170634	-0.959056	 0.600389	 1.476414	-3.658022	 0.521561	-0.064142
 0.485445	-3.516624	 0.667404	-0.261717	-2.067485	 0.405947	-0.906852	 0.597988	 1.470508	-3.844589	 0.519474	-0.127023
 0.486364	-3.502558	 0.664734	-0.285298	-2.090221	 0.022321	-0.879041	 0.595596	 1.464626	-3.929810	 0.517396	 0.341536
 0.486824	-3.488548	 0.662075	-0.297089	-2.097363	-0.169492	-0.863433	 0.593214	 1.458768	-3.964390	 0.515327	 0.574196
 0.487054	-3.474593	 0.659427	-0.302985	-2.096725	-0.265398	-0.853933	 0.590841	 1.452933	-3.973682	 0.513266	 0.688912
 0.487169	-3.460695	 0.656789	-0.305932	-1.592214	-0.313352	-0.847495	 0.588477	 1.447121	-3.970363	 0.511212	 0.744663
 0.487226	-3.446852	 0.654162	-0.307406	-1.337783	-0.337328	-0.842593	 0.586123	 1.441332	-3.960769	 0.509168	 0.770937
 0.487255	-3.433065	 0.651546	 0.191857	-1.208400	 0.150683	-0.838467	 0.583779	 0.935567	-3.448069	 0.507131	 0.282480
 0.487269	-3.419333	 0.648939	 0.440106	-1.141551	 0.393412	-0.834735	 0.581444	 0.682684	-3.185849	 0.505102	 0.038251
 0.487276	-3.405655	 0.646344	 0.062854	-1.105977	 0.013504	-0.831207	 0.579118	 1.056243	-3.548891	 0.503082	-0.083863
 0.487280	-3.392033	 0.643758	-0.125772	-1.086050	-0.176450	-0.827788	 0.576802	 1.240163	-3.722589	 0.501070	-0.144920
 0.487282	-3.378464	 0.641183	 0.279915	-1.573953	 0.228573	-0.824430	 0.574494	 0.829274	-4.301645	 0.500064	 0.324551
 0.487283	-3.364951	 0.638618	 0.481387	-1.813782	 0.429817	-0.821108	 0.572196	 0.623830	-4.581412	 0.499560	 0.557699
 0.487283	-3.351491	 0.636064	 0.580758	-1.929589	 0.529177	-0.817812	 0.569908	 0.521108	-4.711573	 0.499309	 0.672691
 0.487283	-3.338085	 0.633520	 0.629083	-1.483401	 0.577600	-0.814535	 0.567628	 0.969747	-4.266970	 0.499183	 0.728612
 0.487284	-3.324732	 0.630986	 0.651890	-1.258233	 0.600559	-0.811274	 0.565357	 1.191230	-4.037023	 0.499120	 0.755003
 0.487284	-3.311434	 0.628462	 0.661945	-1.643583	 0.610792	-0.808027	 1.063096	 1.299146	-3.914436	 0.499089	 0.766636
 0.487284	-3.298188	 0.625948	 0.665628	-1.832200	 0.614666	-0.804795	 1.308844	 1.350290	-3.845559	 0.499073	 0.770896
 0.487284	-3.284995	 0.623444	 0.666131	-1.422467	 0.615366	-0.801575	 0.928608	 1.373059	-3.803567	 0.499065	 0.271476
 0.487284	-3.271855	 0.620950	 0.665049	-1.215575	 0.614484	-0.798368	 0.737394	 1.381652	-3.775048	 0.499061	 0.021765
-0.012716	-3.258768	 0.618466	 0.663180	-1.110111	 0.612816	-1.295175	 0.640694	 1.383168	-3.253295	 0.499059	 0.396910
-0.261691	-3.245733	 0.615993	 0.660923	-1.055370	 0.610760	-1.539994	 0.591256	 1.381156	-2.986956	 0.499058	 0.582939
-0.385157	-3.232750	 0.613529	 0.658478	-1.025999	 0.608514	-1.658834	 0.565454	 1.377392	-2.848345	 0.499058	 0.674415
 0.054127	-3.219819	 0.611075	 0.655943	-1.009320	 0.606179	-1.214699	 1.051473	 1.372763	-2.773620	 0.499058	 0.218621
 0.273770	-3.206939	 0.608630	 0.653368	-0.998995	 0.603803	-0.991090	 1.291408	 1.367712	-2.730859	 0.499057	-0.009276
 0.383591	-3.194112	 0.606196	 0.650779	-0.991855	 0.601413	-0.877751	 1.408313	 1.362461	-3.704103	-0.000943	 0.376776
 0.438501	-3.181335	 0.603771	 0.648189	-0.986316	 0.599019	-0.819552	 1.463715	 1.357121	-4.181370	-0.249941	 0.568276
 0.465956	-3.168610	 0.601356	 0.645602	-0.981584	 0.596630	-0.788930	 0.988377	 1.351748	-3.910686	 0.125560	 0.162507
 0.479684	-3.155935	 0.598950	 0.643023	-0.977265	 0.594246	-0.772103	 0.749683	 1.346369	-3.768065	 0.312309	-0.040378
 0.486548	-3.143312	 0.596555	 0.140452	-0.973160	 0.591871	-0.762178	 1.129313	 1.340997	-3.689503	 0.405683	 0.358180
 0.489980	-3.130738	 0.594168	-0.110833	-0.969169	 0.589504	-0.755712	 1.316111	 1.335640	-3.643000	 0.452370	 0.555945
 0.491696	-3.118215	 0.591792	 0.263524	-0.965243	 0.087146	-0.750980	 1.406504	 1.330301	-3.612556	 0.475713	 0.653320
 0.492554	-3.105743	 0.589425	 0.449427	-0.961357	-0.164033	-0.747121	 1.448706	 1.324981	-3.590169	 0.487385	 0.700506
 0.492983	-3.093320	 0.587067	 0.541108	-0.957500	-0.289622	-0.743706	 1.466826	 1.319682	-3.571840	 0.493221	 0.722604
 0.493197	-3.080946	 0.584719	 0.585683	-0.953664	-0.352417	-0.740517	 0.972916	 1.314404	-3.555569	 0.496139	 0.732164
 0.493304	-3.068623	 0.582380	 0.606710	-0.949846	-0.383814	-0.737448	 0.725961	 1.309146	-3.540355	 0.497598	 0.735460
 0.493358	-3.056348	 0.580050	 0.115968	-0.946045	 0.100487	-0.734445	 1.102483	 1.303910	-4.025697	 0.498327	 0.235631
 0.493385	-3.044123	 0.577730	-0.129403	-0.942260	 0.341468	-0.731481	 1.287786	 1.298694	-4.259347	 0.498692	-0.014284
 0.493398	-3.031946	 0.575419	 0.247911	-0.938490	 0.460794	-0.728541	 1.377492	 1.293500	-3.867185	 0.498874	 0.360758
 0.493405	-3.019818	 0.573117	 0.435318	-0.934736	 0.519297	-0.725620	 1.419410	 1.288326	-3.664154	 0.498966	 0.546808
 0.493408	-3.007739	 0.570825	 0.527776	-0.930997	-0.452608	-0.722715	 1.437447	 1.283172	-3.555717	 0.499011	 0.138367
 0.493410	-2.995708	 0.568542	 0.572765	-0.927273	-0.935711	-0.719822	 1.443554	 1.278040	-3.494603	 0.499034	-0.065853
 0.493411	-2.983725	 0.566267	 0.594023	-0.923564	-1.174425	-0.716942	 1.443708	 1.272927	-3.457180	 0.499045	-0.167963
 0.493411	-2.971790	 0.564002	 0.103422	-0.919870	-0.290955	-0.714074	 1.440898	 1.267836	-3.431628	 0.499051	 0.280982
 0.493411	-2.959903	 0.561746	-0.141879	-0.916190	 0.149594	-0.711217	 1.436616	 1.262764	-3.412041	 0.499054	 0.503994
 0.493412	-2.948064	 0.559499	-0.264529	-0.912526	 0.368689	-0.708372	 0.931611	 1.257713	-2.895462	 0.499055	 0.614046
 0.493412	-2.936271	 0.557261	-0.325854	-0.908876	 0.477060	-0.705539	 0.679108	 1.252682	-2.632415	 0.499056	 0.667624
-0.006588	-2.924526	 0.555032	 0.143483	-0.905240	 0.530075	-1.202717	 1.052857	 1.247672	-2.996152	 0.499057	 0.692971
-0.255575	-2.912828	 0.552812	 0.376927	-0.901619	 0.555417	-1.447906	 1.236878	 1.242681	-3.171301	 0.499057	 0.704208
 0.120941	-2.901177	 0.550601	 0.492427	-0.898013	 0.566926	-1.067114	 0.826047	 0.737710	-2.752183	 0.499057	 0.208395
 0.309198	-2.889572	 0.548399	 0.548962	-0.894421	 0.571524	-0.875346	 0.620631	 0.485225	-2.537958	 0.499057	-0.039511
 0.403327	-2.878014	 0.546205	 0.576018	-0.890843	 0.572670	-0.778094	 0.517923	 0.358982	-2.426198	 0.499057	-0.163464
 0.450392	-2.866502	 0.544020	 0.088340	-1.387279	 0.072096	-0.728107	 0.966569	 0.795861	-2.365689	 0.499057	 0.274559
 0.473924	-2.855036	 0.541844	-0.155499	-1.631730	-0.178191	-0.701757	 1.188062	 1.011835	-2.330824	 0.499057	 0.492146
 0.485690	-2.843616	 0.539677	-0.277418	-1.250203	-0.803335	-1.187231	 1.295989	 0.617366	-2.808799	 0.499057	 0.099519
 0.491573	-2.832241	 0.537518	-0.338378	-1.057703	-1.113050	-1.426623	 1.347145	 0.420132	-3.041214	 0.499057	-0.096794
 0.494515	-2.820912	 0.535368	 0.131142	-0.959722	-0.765062	-1.042987	 0.869926	 0.821515	-2.650874	 0.499057	 0.305050
 0.495986	-2.809629	 0.533226	 0.364701	-0.909008	-0.591068	-0.849850	 0.631317	 1.019760	-2.451182	 0.499057	 0.504558
 0.496721	-2.798390	 0.531094	 0.480284	-0.881934	-0.004071	-0.751968	 0.512012	 1.116447	-2.846834	 0.499057	 0.602904
 0.497089	-2.787197	 0.528969	 0.536883	-0.866688	 0.288262	-0.701719	 0.452360	 1.162364	-3.038175	 0.499057	 0.650674
 0.497272	-2.776048	 0.526853	 0.563996	-0.857362	 0.433267	-0.675292	 0.422534	 1.182906	-3.127386	 0.499057	 0.673162
 0.497364	-2.764944	 0.524746	 0.076370	-1.351003	 0.004613	-0.660780	 0.907621	 1.190770	-2.665558	 0.499057	 0.683015
 0.497410	-2.753884	 0.522647	-0.167443	-1.594134	-0.209714	-0.652232	 1.147379	 1.192305	-2.430237	 0.499057	 0.686556
 0.497433	-2.742868	 0.520556	 0.210651	-1.212025	-0.316877	-0.646670	 0.764483	 1.190685	-2.808187	 0.499057	 0.186946
 0.497445	-2.731897	 0.518474	 0.398520	-1.019311	-0.370459	-0.642607	 0.573036	 1.187496	-2.990789	 0.499057	-0.062859
 0.497451	-2.720969	 0.516400	 0.491282	-0.921300	 0.102750	-0.639299	 0.977312	 1.183534	-2.575744	 0.499057	-0.187761
 0.497453	-2.710085	 0.514335	 0.536495	-0.870648	 0.338203	-0.636372	 1.176687	 1.179193	-2.363900	 0.499057	-0.250213
 0.497455	-2.699245	 0.512277	 0.557938	-0.843683	 0.454782	-0.633642	 1.273622	 1.174673	-2.253673	 0.499057	 0.218562
 0.497456	-2.688448	 0.510228	 0.567501	-0.828566	 0.511929	-0.631016	 1.319349	 1.170073	-2.194273	 0.499057	 0.451574
 0.497456	-2.677694	 0.508187	 0.571128	-0.819381	 0.539364	-0.628445	 1.339482	 1.165442	-2.160304	 0.499057	 0.566711
 0.497456	-2.666983	 0.506154	 0.571792	-0.813168	 0.051948	-0.625909	 1.346829	 1.160805	-2.639066	 0.499057	 0.622916
 0.497456	-2.656316	 0.504130	 0.570979	-0.808448	-0.191760	-0.623393	 1.347794	 1.156174	-2.872212	 0.499057	 0.649660
 0.497456	-2.645690	 0.502113	 0.569433	-0.804480	 0.186386	-0.620894	 0.845580	 1.151555	-2.982574	 0.499057	 0.161680
 0.497456	-2.635107	 0.500105	 0.567523	-0.800895	 0.374330	-0.618408	 0.594472	 1.146952	-3.031569	 0.499057	-0.082311
 0.497456	-2.624567	 0.499101	 0.565438	-0.797508	 0.467177	-0.615933	 0.468918	 1.142366	-3.049905	 0.499057	 0.295694
 0.497456	-2.614069	 0.498599	 0.563268	-0.794226	 0.512481	-0.613468	 0.406142	 1.137797	-3.052937	 0.499057	 0.483349
 0.497456	-2.603613	 0.498347	 0.561061	-0.791004	 0.534017	-0.611014	 0.874753	 1.133246	-3.048341	 0.499057	 0.575835
 0.497456	-2.593198	 0.498222	 0.558840	-0.787817	 0.543674	-0.608570	 1.106372	 1.128713	-3.039956	 0.499057	 0.620741
 0.497456	-2.582825	 0.498159	 0.556616	-0.784654	 0.547396	-0.606135	 1.219506	 1.124199	-3.029700	 0.499057	 0.641863
 0.497456	-2.572494	 0.498128	 0.554395	-0.781510	 0.548155	-0.603711	 1.273407	 1.119702	-2.518533	 0.499057	 0.151097
 0.497456	-2.562204	 0.498112	 0.552181	-0.778381	 0.547436	-0.601296	 1.297703	 1.115223	-2.258935	 0.499057	-0.094285
-0.002544	-2.551955	 0.498104	 0.049973	-1.275266	 0.045984	-0.598891	 1.307207	 1.110762	-2.125137	 0.499057	 0.283024
-0.251539	-2.541747	 0.498100	-0.201130	-1.520164	-0.204743	-0.596495	 1.309326	 1.106319	-2.054255	 0.499057	 0.470357
 0.124965	-2.531580	 0.498098	 0.173318	-1.139083	 0.169894	-0.594109	 1.307762	 1.101894	-2.514848	 0.499057	 0.562709
 0.312214	-2.521454	 0.498097	 0.359446	-0.947027	 0.356123	-0.591733	 1.304368	 1.097486	-2.739193	 0.499057	 0.607574
 0.405838	-2.511368	 0.498097	-0.048581	-0.849488	-0.051847	-0.589366	 1.300069	 1.093096	-2.345439	 0.499057	 0.128702
 0.452650	-2.501323	 0.498097	-0.252594	-0.799215	-0.255832	-0.587008	 1.295328	 1.088724	-2.144658	 0.499057	-0.110734
 0.476057	-2.491317	 0.498097	-0.354601	-0.772581	-0.357824	-0.584660	 1.290376	 1.084369	-2.040380	 0.499057	-0.230452
 0.487760	-2.481352	 0.498096	 0.094396	-0.757772	 0.091180	-0.582322	 1.285330	 1.080032	-2.484369	 0.499057	 0.209689
 0.493611	-2.471427	 0.498096	 0.317807	-0.748881	 0.314601	-0.579992	 1.280246	 1.075712	-2.700507	 0.499057	 0.428460
 0.496537	-2.461541	 0.498096	 0.428431	-0.742956	 0.425236	-1.077672	 1.275154	 1.071409	-2.802742	 0.499057	 0.036551
 0.498000	-2.451695	 0.498096	 0.482664	-0.738519	 0.479481	-1.323362	 1.270067	 1.067123	-2.848050	 0.499057	-0.159403
-0.001269	-2.441888	 0.498096	 0.508707	-0.734833	 0.005537	-0.943068	 0.764994	 1.062855	-2.864917	 0.499057	-0.257381
-0.249902	-2.432121	 0.498096	 0.520659	-0.731527	-0.231436	-0.751796	 0.512458	 1.058603	-2.867587	 0.499057	-0.306369
 0.125781	-2.422392	 0.498096	 0.525570	-0.728418	-0.349922	-0.655039	 0.886189	 1.054369	-2.363182	 0.499057	-0.330864
 0.312620	-2.412703	 0.498096	 0.526965	-0.725413	-0.409165	-0.605544	 1.070535	 1.050151	-2.107261	 0.499057	-0.343111
 0.406040	-2.403052	 0.498096	 0.526605	-0.722466	-0.438786	-0.579684	 1.160199	 1.045951	-1.975599	 0.499057	-0.349234
 0.452749	-2.393440	 0.498096	 0.525373	-0.719553	 0.046403	-0.565646	 1.202531	 1.041767	-1.906079	 0.499057	 0.147704
 0.476104	-2.383866	 0.498096	 0.523708	-0.716663	 0.287934	-0.557524	 1.221207	 1.037600	-1.867647	 0.499057	 0.394884
 0.487782	-2.374330	 0.498096	 0.021832	-0.713791	 0.407641	-0.552365	 1.228065	 1.033449	-1.844772	 0.499057	 0.517189
 0.493620	-2.364833	 0.498096	-0.229106	-0.710933	 0.466440	-0.548690	 1.229024	 1.029316	-1.829691	 0.499057	 0.577063
 0.496540	-2.355374	 0.498096	 0.145425	-0.708088	 0.494789	-0.545763	 1.227044	 1.025198	-1.818521	 0.499057	 0.105726
 0.497999	-2.345952	 0.498096	 0.331650	-0.705255	 0.507917	-0.543214	 1.223604	 1.021098	-1.809321	 0.499057	-0.129942
 0.498729	-2.336568	 0.498096	 0.423727	-0.702433	 0.013439	-0.540858	 1.219443	 1.017013	-1.801121	 0.499057	-0.247776
 0.499094	-2.327222	 0.498096	 0.468734	-0.699623	-0.233800	-0.538603	 1.214933	 1.012945	-1.793435	 0.499057	-0.306693
 0.499277	-2.317913	 0.498096	 0.490210	-0.696825	-0.357420	-0.536403	 1.210256	 1.008893	-1.786021	 0.499057	-0.336152
-0.000632	-2.308642	 0.498096	 0.499925	-0.694037	 0.080771	-0.534234	 0.705507	 1.004858	-1.778756	 0.499057	 0.149119
-0.249586	-2.299407	 0.498096	 0.503763	-0.691261	 0.298828	-0.532086	 0.453132	 1.000838	-1.771581	 0.499057	 0.390485
-0.374062	-2.290209	 0.498096	 0.504667	-0.688496	 0.406823	-0.529952	 0.826945	 0.996835	-2.264465	 0.499057	 0.509905
-0.436301	-2.281048	 0.498096	 0.504108	-0.685742	 0.459790	-0.527829	 1.011450	 0.992848	-2.505392	 0.499057	 0.568356
 0.032580	-2.271924	 0.498096	 0.002821	-0.682999	 0.485249	-0.525716	 1.101310	 0.988876	-2.120363	 0.499057	 0.596328
 0.266018	-2.262837	 0.498096	-0.247823	-0.680267	 0.496957	-0.523613	 1.143858	 0.984921	-1.924378	 0.499057	 0.609065
 0.382737	-2.253785	 0.498096	 0.126856	-0.677546	 0.501793	-0.521518	 1.162760	 0.480981	-1.822928	 0.499057	 0.614190
 0.441096	-2.244770	 0.498096	 0.313192	-0.674836	 0.503198	-0.519432	 1.169847	 0.229011	-1.768760	 0.499057	 0.615514
 0.470276	-2.235791	 0.498096	 0.406360	-0.672137	 0.502891	-0.517354	 1.171037	 0.103026	-1.738247	 0.499057	 0.614943
 0.484865	-1.726848	 0.498096	 0.452944	-0.669448	 0.501733	-0.515284	 1.169287	 0.540034	-1.719576	-0.000943	 0.613428
 0.492160	-1.469940	 0.498096	 0.476236	-0.666770	 0.500153	-0.513223	 1.166077	 0.756584	-1.706838	-0.249941	 0.611447
-0.004192	-1.839061	 0.498096	 0.487882	-0.664103	-0.000638	-0.511170	 1.162146	 0.862912	-2.197081	 0.125560	 0.109237
-0.251367	-2.019204	 0.498096	 0.493705	-0.661447	-0.250030	-0.509126	 1.157865	 0.914138	-2.436827	 0.312308	-0.141867
 0.125045	-2.104878	 0.498096	 0.496616	-1.158801	 0.125274	-0.507089	 0.653417	 0.937820	-2.551348	 0.405682	 0.232580
 0.312248	-2.143333	 0.498096	 0.498072	-1.404166	 0.311925	-0.505061	 0.401193	 0.947738	-2.603276	 0.452369	 0.418590
-0.094150	-2.158197	 0.498096	 0.498800	-1.023549	 0.405250	-0.503041	 0.775081	 0.950782	-2.123930	 0.475713	 0.010386
-0.296348	-2.161283	 0.498096	 0.499164	-0.831955	 0.451913	-0.501028	 0.959727	 0.950396	-1.880968	 0.487385	-0.193716
-0.397447	-2.158498	 0.498096	 0.499346	-0.734877	 0.475244	-0.500022	 1.049761	 0.948303	-1.756210	 0.493221	-0.295767
 0.052003	-2.152793	 0.498096	 0.499437	-0.685063	 0.486910	-0.999519	 1.092498	 0.945364	-1.690569	 0.496138	 0.153207
 0.275726	-2.145647	 0.498096	 0.499482	-0.658885	 0.492743	-1.246270	 1.111597	 0.942010	-1.654498	 0.497597	 0.376490
 0.387587	-2.137797	 0.498096	 0.499505	-0.644531	 0.495659	-0.866659	 1.118885	 0.938456	-1.633226	 0.498327	 0.486932
 0.443517	-2.129612	 0.498096	 0.499517	-0.636093	 0.497117	-0.676854	 1.120276	 0.934809	-1.619366	 0.498692	 0.540958
 0.471483	-2.121276	 0.498096	 0.499522	-0.630619	 0.497846	-0.581951	 1.118728	 0.931123	-1.609225	 0.498874	 0.566781
 0.485465	-2.112883	 0.498096	 0.499525	-0.626632	 0.498211	-0.534499	 1.115720	 0.927425	-1.600957	 0.498965	 0.578507
 0.492457	-2.104477	 0.498096	 0.499527	-0.623393	-0.001607	-0.510774	 1.111991	 0.923729	-1.593637	 0.499011	 0.583190
 0.495952	-2.096082	 0.498096	 0.499527	-0.620533	-0.250513	-0.498911	 1.107910	 0.920040	-1.586804	 0.499034	 0.584356
 0.497700	-2.087709	 0.498096	 0.499528	-0.617868	-0.374966	-0.992980	 1.103661	 0.916364	-1.580228	 0.499045	 0.083768
 0.498574	-2.079364	 0.498096	 0.499528	-0.615305	-0.437192	-1.237040	 1.099338	 0.912700	-1.573793	 0.499051	-0.166527
 0.499011	-2.071049	 0.498096	 0.499528	-0.612798	-0.468306	-1.356108	 1.094987	 0.909050	-1.567440	 0.499054	-0.291674
 0.499230	-2.062767	 0.498096	 0.499528	-0.610324	 0.016138	-0.912691	 1.090630	 0.905414	-2.061142	 0.499055	 0.145753
 0.499339	-2.054516	 0.498096	 0.499528	-0.607871	 0.257358	-0.690983	 1.086279	 0.901793	-2.302883	 0.499056	 0.363300
 0.499393	-2.046299	 0.498096	 0.499528	-0.605434	 0.377969	-0.580129	 1.081939	 0.898185	-1.918664	 0.499056	 0.470911
 0.499421	-2.038114	 0.498096	 0.499528	-0.603009	 0.438274	-0.524702	 1.077614	 0.894593	-1.723486	 0.499056	 0.523560
 0.499434	-2.029961	 0.498096	 0.499528	-0.600596	 0.468426	-0.496988	 1.073305	 0.891014	-1.622840	 0.499056	 0.548732
 0.499441	-2.021841	 0.498096	 0.499528	-0.598192	 0.483503	-0.483132	 1.069013	 0.887450	-1.569473	 0.499056	 0.560170
 0.499445	-2.013754	 0.498096	 0.499528	-1.095799	 0.491041	-0.476203	 1.064737	 0.383901	-1.539757	 0.499056	 0.564746
 0.499446	-2.005699	 0.498096	 0.499528	-1.341416	 0.494810	-0.472739	 1.060478	 0.132126	-1.521879	 0.499056	 0.565896
 0.499447	-1.997676	 0.498096	 0.499528	-1.461050	 0.496694	-0.471007	 1.056237	 0.006238	-1.509932	 0.499056	 0.565336
-0.000552	-1.989686	 0.498096	 0.499528	-1.017706	 0.497637	-0.470141	 1.052012	 0.443295	-1.500963	 0.499056	 0.563927
-0.249551	-1.981727	 0.498096	 0.499528	-0.794885	 0.498108	-0.469708	 1.047804	 0.660062	-1.493494	 0.499056	 0.562097
 0.125950	-1.973800	 0.498096	 0.499528	-0.682331	 0.498343	-0.969491	 1.043612	 0.766692	-1.486788	 0.499056	 0.560062
 0.312697	-1.965905	 0.498096	 0.499528	-0.624914	 0.498461	-1.216445	 1.039438	 0.818260	-1.480474	 0.499056	 0.557928
 0.406071	-1.958041	 0.498096	 0.499528	-0.595070	 0.498520	-0.836994	 1.035280	 0.842305	-1.474369	 0.499056	 0.055750
 0.452758	-1.950209	 0.498096	 0.499528	-0.579018	 0.498549	-0.647269	 1.031139	 0.852595	-1.468380	 0.499056	-0.195340
 0.476101	-1.442408	 0.498096	 0.499528	-0.569866	-0.001436	-0.552407	 1.027015	 0.856014	-1.462461	 0.499056	-0.320884
 0.487773	-1.186639	 0.498096	 0.499528	-0.564169	-0.250426	-0.504975	 1.022907	 0.856004	-1.456588	 0.499056	-0.383657
 0.493609	-1.056892	 0.498096	 0.499528	-0.560203	-0.374921	-0.481260	 1.018815	 0.854287	-1.450750	 0.499056	-0.415043
 0.496527	-1.490164	 0.498096	 0.499528	-0.557108	 0.062832	 0.030598	 1.014740	 0.851724	-1.444942	 0.499056	-0.430736
 0.497985	-1.702954	 0.498096	 0.499528	-0.554452	 0.280707	 0.285442	 1.010681	 0.848744	-1.439159	 0.499056	-0.438582
 0.498715	-1.805517	 0.498096	 0.499528	-0.552021	-0.110355	-0.088217	 1.006638	 0.845562	-1.433401	 0.499056	 0.057494
 0.499080	-1.852982	 0.498096	 0.499528	-0.549706	-0.304884	-0.275046	 1.002611	 0.842287	-1.427667	 0.499056	 0.304426
-0.000738	-1.372914	 0.498096	 0.499528	-0.047454	-0.402148	-0.368460	 0.998601	 0.838971	-1.421956	 0.499056	 0.426789
-0.249646	-1.131094	 0.498096	 0.499528	 0.203673	-0.450780	-0.415168	 0.994607	 0.835642	-1.416268	 0.499056	 0.486872
-0.374099	-1.508406	 0.498096	 0.499528	-0.170764	 0.024904	-0.438521	 0.990628	-0.167687	-1.910603	 0.499056	 0.515819
-0.436326	-1.693290	 0.498096	 0.499528	-0.356892	 0.261745	-0.450198	 0.986666	-0.667010	-2.152960	 0.499056	 0.529204
-0.467440	-1.781976	 0.498096	 0.499528	-0.448870	 0.380165	-0.456037	 0.982719	-0.914339	-2.269348	 0.499056	 0.534811
 0.017003	-1.322578	 0.498096	 0.499528	-0.493778	 0.439375	-0.458956	 0.978788	-0.035680	-1.822771	 0.499056	 0.036533
 0.258222	-1.091152	 0.498096	 0.499528	-0.515154	 0.468980	-0.460416	 0.974873	 0.401964	-1.596730	 0.499056	-0.212605
 0.378832	-1.473720	 0.498096	 0.499528	-0.524769	 0.483783	-0.461145	 0.970973	 0.619107	-1.480968	 0.499056	 0.162825
 0.439136	-1.661291	 0.498096	 0.499528	-0.528508	 0.491184	-0.461510	 0.967090	 0.726005	-1.420356	 0.499056	 0.349464
 0.469289	-1.251379	 0.498096	 0.499528	-0.529313	-0.005115	 0.038307	 0.963221	 0.777789	-1.387331	 0.499056	 0.441711
 0.484365	-1.044740	 0.498096	 0.499528	-0.528655	-0.252262	 0.287140	 0.959368	 0.802022	-1.368110	 0.499056	 0.486767
 0.491903	-0.939744	 0.498096	 0.499528	-0.527270	 0.124165	-0.089516	 0.955531	 0.812485	-1.355802	 0.499056	 0.008231
 0.495672	-0.885577	 0.498096	 0.499528	-0.525526	 0.311377	-0.277844	 0.951709	 0.816071	-1.346961	 0.499056	-0.231037
 0.497556	-0.856831	 0.498096	 0.499528	-0.523606	 0.404983	-0.372008	 0.947902	 0.816225	-1.339864	 0.499056	-0.350671
 0.498499	-0.840801	 0.498096	 0.499528	-0.521603	-0.048214	-0.419090	 0.944110	 0.814669	-1.333650	-0.000944	 0.089512
 0.498970	-0.831137	 0.498096	 0.499528	-0.519562	-0.273810	-0.442631	 0.940334	 0.812265	-1.327888	-0.249942	 0.308544
 0.499205	-1.324662	 0.498096	 0.499528	-0.517507	 0.113392	-0.454401	 0.936573	 0.809443	-1.322363	 0.125559	 0.417005
 0.499323	-1.567788	 0.498096	 0.499528	-0.515448	 0.305992	-0.460286	 0.932826	 0.806419	-1.316966	 0.312308	 0.470185
 0.499382	-1.685729	 0.498096	 0.499528	-0.513392	 0.402292	-0.463229	 0.929095	 0.803300	-1.311645	-0.094318	 0.495728
 0.499411	-1.741092	 0.498096	 0.499528	-0.511341	 0.450442	-0.464700	 0.925379	 0.800140	-1.306372	-0.296629	 0.507457
-0.000574	-1.765181	 0.498096	 0.499528	-0.009297	-0.025483	-0.465436	 0.921677	 0.796967	-1.801133	 0.102215	 0.512283
-0.249565	-1.773647	 0.498096	 0.499528	 0.241725	-0.262443	-0.465804	 0.917990	 0.793792	-2.043922	 0.300635	 0.513662
-0.374061	-1.774316	 0.498096	 0.499528	 0.367236	-0.380922	-0.465988	 0.914318	 0.790624	-2.160743	 0.399845	 0.513321
 0.063691	-1.771100	 0.498096	 0.499528	-0.070009	 0.059838	-0.466080	 0.910661	 1.287464	-1.714598	 0.449450	 0.512125
 0.281564	-1.765957	 0.498096	 0.499528	-0.287617	 0.279217	-0.466126	 0.907018	 1.532316	-1.488989	 0.474253	 0.510505
-0.109499	-1.759863	 0.498096	 0.499528	-0.395410	 0.388906	-0.466149	 0.903390	 1.151188	-1.873658	 0.486654	 0.508677
-0.304030	-1.753309	 0.498096	 0.499528	-0.448300	 0.443751	-0.466160	 0.899777	 0.959083	-2.061475	 0.492855	 0.506750
 0.098705	-1.746538	 0.498096	 0.499528	-0.473743	 0.471173	-0.466166	 0.896178	 0.861497	-1.650885	 0.495955	 0.504776
 0.299069	-1.739673	 0.498096	 0.499528	-0.486465	 0.484884	-0.466169	 0.892593	 0.811176	-1.443110	 0.497505	 0.502784
 0.399252	-1.732775	 0.498096	 0.499528	-0.492825	 0.491740	-0.466170	 0.889023	 0.784494	-1.336752	 0.498280	 0.500786
 0.449343	-1.725875	 0.498096	 0.499528	-0.496006	 0.495168	-0.466171	 0.885467	 0.769638	-1.281112	 0.498668	 0.499787
 0.474388	-1.718986	 0.498096	 0.499528	-0.497596	 0.496881	-0.466171	 0.881925	 0.760700	-1.250841	 0.498862	 0.499288
 0.486911	-1.212118	 0.498096	 0.499528	-0.498391	 0.497738	-0.466171	 0.878397	 0.754727	-1.233264	 0.498959	 0.499038
 0.493172	-0.957273	 0.498096	 0.499528	-0.498788	 0.498167	-0.466171	 0.874883	 0.750243	-1.222044	 0.499007	 0.498913
 0.496303	-1.328446	 0.498096	 0.499528	-0.498987	 0.498381	-0.966171	 0.871384	 0.746510	-1.214013	 0.499031	 0.498851
 0.497868	-1.510633	 0.498096	 0.499528	-0.499087	 0.498488	-1.213239	 0.867898	 0.743158	-1.207585	 0.499043	 0.498820
 0.498651	-1.598341	 0.498096	 0.499528	-0.499136	 0.498542	-0.333852	 0.864427	 0.740002	-1.201969	 0.499049	 0.498804
 0.499043	-1.638823	 0.498096	 0.499528	-0.499161	 0.498569	 0.104750	 0.860969	 0.736950	-1.196768	 0.499052	 0.498796
-0.000762	-1.655705	 0.498096	 0.499528	-0.499173	 0.498582	-0.177036	 0.857525	 0.733957	-1.191785	 0.499054	 0.498792
-0.249663	-1.660801	 0.498096	 0.499528	-0.499180	 0.498589	-0.317928	 0.854095	 0.730998	-1.186919	 0.499055	 0.498790
-0.374113	-1.660017	 0.498096	 0.499528	-0.499183	 0.498592	-0.388375	 0.850679	 0.728063	-1.182123	 0.499055	 0.498789
 0.063661	-1.656307	 0.498096	 0.499528	-0.499184	-0.001406	-0.423598	 0.847276	 0.725145	-1.177370	 0.499055	 0.498789
 0.281546	-1.651147	 0.498096	 0.499528	-0.499185	-0.250403	-0.441210	 0.843887	 0.722241	-1.172648	 0.499055	 0.498789
 0.390488	-1.645275	 0.498096	 0.499528	-0.499186	 0.125099	-0.450015	 0.840511	 0.719351	-1.167951	 0.499055	 0.498788
 0.444959	-1.639060	 0.498096	 0.499528	-0.499186	 0.311849	-0.454418	 0.837149	 0.716473	-1.163276	 0.499055	 0.498788
-0.027805	-1.632687	 0.498096	 0.499528	 0.000814	-0.094776	-0.456620	 0.833801	 0.713607	-1.158622	 0.499055	 0.498788
-0.263186	-1.626247	 0.498096	 0.499528	 0.249813	-0.297086	-0.457720	 0.830465	 0.710752	-1.153986	 0.499055	 0.498788
 0.119123	-1.619788	 0.498096	 0.499528	-0.125688	 0.101759	 0.041729	 0.827144	 0.707909	-1.149370	 0.499055	 0.498788
 0.309275	-1.613332	 0.498096	 0.499528	-0.312436	 0.300180	 0.290372	 0.823835	 0.705077	-1.144772	 0.499055	 0.498788
 0.404351	-1.606890	 0.498096	 0.499528	-0.405810	 0.399391	 0.413615	 0.820540	 0.702257	-1.140193	 0.499055	 0.498788
-0.048111	-1.600468	 0.498096	 0.499528	-0.452497	 0.448996	-0.025837	 0.817257	 0.699448	-1.135632	 0.499055	-0.001212
-0.273341	-1.594069	 0.498096	 0.499528	-0.475841	 0.473799	-0.245563	 0.813988	 0.696650	-1.131090	 0.499055	-0.250209
 0.114044	-1.587694	 0.498096	 0.499528	-0.487513	 0.486200	-0.355426	 0.810733	 0.693863	-1.126565	 0.499055	 0.125292
 0.306734	-1.581344	 0.498096	 0.499528	-0.493349	 0.492401	-0.410358	 0.807490	 0.691088	-1.122059	 0.499055	 0.312041
 0.403079	-1.075019	 0.498096	 0.499528	-0.496266	 0.495501	-0.437824	 0.804260	 0.688324	-1.117571	 0.499055	 0.405415
 0.451251	-0.820719	 0.498096	 0.499528	-0.497725	 0.497052	-0.451556	 0.801043	 0.685570	-1.113101	 0.499055	 0.452103
 0.475337	-0.692437	 0.498096	 0.499528	-0.498455	 0.497827	-0.458423	 0.797838	 0.682828	-1.108648	 0.499055	-0.024554
 0.487380	-0.627167	 0.498096	 0.499528	-0.498820	 0.498214	-0.461856	 0.794647	 0.680097	-1.104214	 0.499055	-0.261879
 0.493402	-0.593408	 0.498096	 0.499528	-0.499002	 0.498408	-0.463573	 0.791468	 0.677376	-1.099797	 0.499055	-0.380542
 0.496413	-1.075410	 0.498096	 0.499528	-0.999093	 0.498505	-0.464431	 0.788303	 0.674667	-1.095398	 0.499055	 0.060126
 0.497918	-1.313295	 0.498096	 0.499528	-1.246140	 0.498553	-0.464860	 0.785149	 0.671968	-1.091016	 0.499055	 0.279459
 0.498671	-1.429136	 0.498096	 0.499528	-0.866678	 0.498578	-0.465075	 0.782009	 0.669280	-1.086652	 0.499055	 0.389125
 0.499047	-1.483966	 0.498096	 0.499528	-0.676946	 0.498590	-0.465182	 0.778881	 0.666603	-1.082305	 0.499055	 0.443958
-0.000765	-1.008304	 0.498096	 0.499528	-0.082081	 0.498596	 0.034764	 0.775765	 0.663937	-1.077976	 0.499055	 0.471375
-0.249669	-0.769407	 0.498096	 0.499528	 0.214327	 0.498599	 0.283668	 0.772662	 0.661281	-1.073664	 0.499055	 0.485083
-0.374122	-0.648898	 0.498096	 0.499528	 0.361509	 0.498600	-0.092945	 0.769572	 0.658636	-1.069369	 0.499055	 0.491938
-0.436348	-0.587587	 0.498096	 0.499528	 0.434083	 0.498601	-0.281252	 0.766493	 0.656001	-1.065092	 0.499055	 0.495365
-0.467461	-0.555878	 0.498096	 0.499528	 0.469356	 0.498601	-0.375405	 0.763427	 0.653377	-1.060832	 0.499055	 0.497078
-0.483018	-1.038976	 0.498096	 0.499528	-0.014016	 0.498602	-0.422482	 0.760374	 0.650764	-1.056588	 0.499055	 0.497935
-0.490796	-1.277481	 0.498096	 0.499528	-0.255703	 0.498602	-0.446020	 0.757332	 0.648161	-1.052362	 0.499055	 0.498363
 0.005315	-1.393701	 0.498096	 0.499528	 0.123454	 0.498602	-0.457789	 0.754303	 0.645568	-1.048152	 0.499055	 0.498577
 0.252368	-1.448791	 0.498096	 0.499528	 0.312027	 0.498602	-0.463674	 0.751286	 0.642986	-1.043960	 0.499055	 0.498685
 0.375894	-1.473329	 0.498096	 0.499528	-0.094687	 0.498602	-0.466616	 0.748280	 0.640414	-2.039784	 0.499055	 0.498738
 0.437657	-1.482602	 0.498096	 0.499528	-0.297042	 0.498602	-0.468087	 0.745287	 0.637852	-2.531625	 0.499055	 0.498765
-0.031461	-1.484254	 0.498096	 0.499528	-0.398219	 0.498602	-0.468823	 0.742306	 0.635301	-2.271498	 0.499055	-0.001222
-0.265020	-1.482109	 0.498096	 0.499528	-0.448808	 0.498602	-0.469191	 0.739337	 0.632760	-2.137412	 0.499055	-0.250213
-0.381799	-1.478076	 0.498096	 0.499528	-0.474102	 0.498602	-0.469375	 0.736380	 0.630229	-2.066363	 0.499055	-0.374708
 0.059812	-1.473112	 0.498096	 0.499528	-0.986749	 0.498602	-0.469467	 0.733434	 0.627708	-1.526847	 0.499055	 0.063044
 0.279614	-1.467693	 0.498096	 0.499528	-1.240074	 0.498602	-0.469513	 0.730500	 0.625197	-1.255115	 0.499055	 0.280919
 0.389516	-0.962060	 0.498096	 0.499528	-0.863749	-0.001398	-0.469535	 0.727578	 0.622696	-1.117282	 0.499055	 0.389856
 0.444466	-0.709243	 0.498096	 0.499528	-0.675587	-0.250395	-0.469547	 0.724668	 0.620205	-1.046407	 0.499055	 0.444325
-0.028059	-1.082834	 0.498096	 0.499528	-0.081506	 0.125106	 0.030447	 0.721769	 0.617724	-1.009018	 0.499055	 0.471559
-0.263320	-1.266717	 0.498096	 0.499528	 0.214509	 0.311855	 0.279384	 0.718882	 0.615254	-0.988380	 0.499055	 0.485176
 0.119050	-1.355757	 0.498096	 0.499528	 0.361496	 0.405230	-0.097205	 0.716007	 0.612793	-0.976126	 0.499055	-0.008015
 0.309232	-1.397388	 0.498096	 0.499528	 0.433972	 0.451918	-0.285499	 0.713143	 0.610341	-0.968071	 0.499055	-0.253609
-0.095678	-0.915325	 0.498096	 0.499528	-0.030802	 0.475261	 0.120354	 0.710290	 0.607900	-1.462124	 0.499055	-0.376405
-0.297131	-0.674294	 0.498096	 0.499528	-0.263190	 0.486933	 0.322228	 0.707449	 0.605468	-1.705237	 0.499055	-0.437804
-0.397858	-0.553778	 0.498096	 0.499528	-0.379383	 0.492769	 0.422116	 0.704619	 0.603047	-1.822898	 0.499055	-0.468503
 0.051779	-0.493520	 0.498096	 0.499528	-0.437480	 0.495687	-0.028983	 0.701801	 0.600634	-1.377847	 0.499055	 0.016148
 0.275595	-0.463391	 0.498096	 0.499528	-0.466529	 0.497146	-0.254533	 0.698993	 0.598232	-1.153456	 0.499055	 0.257471
 0.387502	-0.948327	 0.498096	 0.499528	 0.018947	 0.497875	 0.132692	 0.696197	 0.595839	-1.039402	 0.499055	 0.378133
 0.443456	-1.187928	 0.498096	 0.499528	 0.260676	 0.498240	 0.325265	 0.693413	 0.593456	-0.980524	 0.499055	 0.438464
 0.471433	-0.804874	 0.498096	 0.499528	 0.380536	 0.498423	-0.079484	 0.690639	 0.591082	-0.949242	 0.499055	 0.468629
 0.485422	-0.613346	 0.498096	 0.499528	 0.439465	 0.498514	-0.281859	 0.687876	 0.588717	-0.931765	 0.499055	 0.483712
 0.492416	-0.517583	 0.498096	 0.499528	 0.468929	 0.498559	-0.383046	 0.685125	 0.586362	-0.921198	 0.499055	 0.491254
 0.495913	-0.469701	 0.498096	 0.499528	 0.483662	 0.498582	-0.433640	 0.682384	 0.584017	-0.914094	 0.499055	 0.495024
 0.497662	-0.445760	 0.498096	 0.499528	 0.491028	 0.498594	-0.458937	 0.679655	 0.581681	-0.908727	 0.499055	 0.496910
 0.498536	-0.933790	 0.498096	 0.499528	 0.494711	 0.498599	-0.471585	 0.676936	 0.579354	-0.904237	 0.499055	 0.497852
 0.498973	-1.174961	 0.498096	 0.499528	 0.496552	 0.498602	-0.477910	 0.674229	 0.577037	-0.900193	 0.499055	 0.498324
-0.000809	-1.292714	 0.498096	 0.499528	 0.497473	 0.498604	 0.018928	 0.671532	 0.574729	-1.396378	 0.499055	 0.498559
-0.249698	-1.348770	 0.498096	 0.499528	 0.497934	 0.498604	 0.266316	 0.668846	 0.572430	-1.640686	 0.499055	 0.498677
