-0.550148	-0.498284	 0.498304	 0.497332	 0.128466	-0.468612	-0.038359	 1.193464	 0.663478	-0.897055	 0.160070	 0.362704
-0.550958	-0.498284	 0.498304	 0.498183	 0.128464	 0.015945	-0.038359	 0.748290	 0.660824	-0.893559	 0.160070	 0.358786
-0.550259	-0.498284	 0.498304	 0.498609	 0.128463	 0.257223	-0.038359	 0.525703	 0.658181	-0.890030	 0.160070	 0.356827
-0.548811	-0.498284	 0.498304	 0.498821	 0.128463	 0.377862	-0.038359	 0.914409	 0.655548	-0.886493	 0.160070	 0.355848
-0.546992	-0.498284	 0.498304	 0.498928	 0.128463	 0.438181	-0.038359	 1.106156	 0.652926	-0.882958	 0.160070	 0.355358
-0.544992	-0.498284	 0.498304	 0.498981	 0.128462	-0.031659	-0.038359	 1.199434	 0.650314	-0.379432	 0.160070	 0.355113
-0.542907	-0.498284	 0.498304	 0.499007	 0.128462	-0.265576	-0.038359	 1.243488	 0.647713	-0.127669	 0.160070	 0.354991
-0.540782	-0.498284	 0.498304	 0.499021	 0.128462	-0.382535	-0.038359	 0.762939	 0.645122	-0.501788	 0.160070	 0.354930
-0.538642	-0.498284	 0.498304	 0.499027	 0.128462	-0.441014	-0.038359	 0.522665	 0.642542	-0.687095	 0.160070	 0.354899
-0.536500	-0.498284	 0.498304	 0.499031	 0.128462	-0.470254	-0.038359	 0.402528	 0.639971	-0.778004	 0.160070	 0.354884
-0.034359	-0.498284	 0.498304	 0.499032	 0.128462	-0.484874	-0.038359	 0.842459	 0.637412	-0.821721	 0.160070	 0.354876
 0.216711	-0.498284	 0.498304	 0.499033	 0.128462	-0.492184	-0.038359	 1.059860	 0.634862	-0.841848	 0.160070	 0.354872
 0.342246	-0.498284	 0.498304	 0.499034	 0.128462	 0.004161	-0.038359	 1.166006	 0.632322	-0.350188	 0.160070	 0.854870
 0.405013	-0.498284	 0.498304	 0.499034	 0.128462	 0.251333	-0.038359	 1.216535	 0.629793	-0.104358	 0.160070	 1.102160
-0.063603	-0.498284	 0.498304	 0.499034	-0.371538	-0.125081	 0.461641	 1.239265	 0.627274	 0.018557	 0.160070	 1.223105
-0.296847	-0.498284	 0.498304	 0.499034	-0.619795	-0.312285	 0.709718	 1.248106	 0.624765	 0.080015	 0.160070	 1.280890
-0.412408	-0.498284	 0.498304	 0.499034	-0.242187	 0.094112	 0.331840	 1.250013	 0.622266	 0.110744	 0.160070	 0.807105
-0.469133	-0.498284	 0.498304	 0.499034	-0.053383	 0.296310	 0.142902	 1.248462	 0.619777	 0.126108	 0.160070	 0.570213
-0.496444	-0.498284	 0.498304	 0.499034	 0.541019	-0.102591	 0.048432	 1.245193	 0.617298	-0.366210	 0.160070	 0.451766
-0.509052	-0.498284	 0.498304	 0.499034	 0.835949	-0.301038	 0.001198	 1.241075	 0.614828	-0.610652	 0.160070	 0.392543
-0.514312	-0.498284	 0.498304	 0.499034	 0.981152	-0.400262	-0.022420	 1.236542	 0.612369	-0.731162	 0.160070	 0.362932
-0.515904	-0.498284	 0.498304	 0.499034	 0.551501	-0.449874	-0.034228	 1.231811	 0.609920	-0.789714	 0.160070	 0.348126
-0.515664	-0.498284	 0.498304	 0.499034	 0.336676	-0.474680	-0.040133	 1.226992	 0.607480	-0.817294	 0.160070	 0.340723
-0.514514	-0.498284	 0.498304	 0.499034	 0.229263	 0.012917	-0.043085	 1.222138	 0.605050	-0.329394	 0.160070	 0.837022
-0.512912	-0.498284	 0.498304	 0.499034	 0.175556	 0.255715	-0.044561	 1.217276	 0.602630	-0.085444	 0.160070	 1.082504
-0.011088	-0.498284	 0.498304	 0.499034	 0.648703	-0.122886	-0.045299	 1.212421	 0.600219	 0.036531	 0.160070	 1.202590
 0.239824	-0.498284	 0.498304	 0.499034	 0.883033	-0.311184	-0.045668	 1.207578	 0.597818	 0.097519	 0.160070	 1.259987
-0.134720	-0.498284	 0.498304	 0.499034	 0.997963	 0.094667	-0.045852	 1.202751	 0.595427	-0.371988	 0.160070	 0.786051
-0.320974	-0.498284	 0.498304	 0.499034	 1.053202	 0.296592	-0.045945	 1.197941	 0.593045	-0.605058	 0.160070	 0.549083
-0.413086	-0.498284	 0.498304	 0.499034	 1.078605	 0.397554	-0.045991	 1.193150	 0.590673	-0.719917	 0.160070	 0.430599
-0.458132	-0.498284	 0.498304	 0.499034	 0.589099	 0.448035	-0.046014	 1.188378	 0.588311	-0.275676	 0.160070	 0.371357
-0.479648	-0.498284	 0.498304	 0.499034	 0.344345	 0.473276	-0.046025	 1.183625	 0.585957	-0.053556	 0.160070	 0.341736
-0.489404	-0.498284	 0.498304	 0.499034	 0.221969	 0.485896	-0.046031	 0.678891	 0.583614	-0.442496	 0.160070	 0.826925
-0.494282	-0.498284	 0.498304	 0.499034	 0.160780	 0.492206	-0.046034	 0.426523	 0.581279	-0.635303	 0.160070	 1.066896
-0.496721	-0.498284	 0.498304	 0.499034	 0.130186	 0.495361	-0.046035	 0.800340	 0.578954	-0.230051	 0.160070	 1.184267
-0.497941	-0.498284	 0.498304	 0.499034	 0.114889	 0.496939	-0.046036	 0.984900	 0.576638	-0.027424	 0.160070	 1.240350
-0.498551	-0.498284	 0.498304	 0.499034	 0.607240	 0.497727	-0.046037	 1.074841	 0.574332	-0.426111	 0.160070	 1.265798
-0.498855	-0.498284	 0.498304	 0.499034	 0.851217	 0.498122	-0.046037	 1.117482	 0.572034	-0.623805	 0.160070	 1.275940
-0.499008	-0.498284	 0.498304	 0.499034	 0.971015	 0.498319	-0.046037	 1.136482	 0.569746	-0.721009	 0.160070	 1.278438
-0.499084	-0.498284	 0.498304	 0.499034	 1.028732	 0.498418	-0.046037	 1.143671	 0.567467	-0.267974	 0.160070	 1.277126
-0.499122	-0.498284	 0.498304	 0.499034	 1.055418	 0.498467	-0.046037	 1.144964	 0.565197	-0.041457	 0.160070	 1.273918
-0.499141	-0.498284	 0.498304	-0.000966	 0.566597	 0.498492	-0.046037	 1.143318	 0.562936	-0.428199	 0.160070	 0.769773
-0.499151	-0.498284	 0.498304	-0.249964	 0.322186	 0.498504	-0.046037	 1.140211	 0.560685	-0.619939	 0.160070	 0.517700
 0.000844	-0.498284	 0.498304	 0.125537	 0.199981	 0.498510	-0.046037	 1.136384	 0.558442	-0.214186	 0.160070	 0.391664
 0.249840	-0.498284	 0.498304	 0.312285	 0.138878	 0.498513	-0.046037	 1.132205	 0.556208	-0.011310	 0.160070	 0.328645
-0.125662	-0.498284	 0.498304	 0.405660	 0.608327	 0.498515	-0.546037	 1.127860	 0.553983	 0.090128	 0.160070	 0.297136
-0.312410	-0.498284	 0.498304	 0.452347	 0.840895	 0.498515	-0.793945	 1.123440	 0.551767	 0.140847	 0.160070	 0.281382
-0.405785	-0.498284	 0.498304	 0.475690	 0.955033	 0.498516	-0.915815	 1.118992	 0.549560	 0.166207	 0.160070	 0.273505
 0.047528	-0.498284	 0.498304	 0.487362	 1.009963	 0.498516	 0.025325	 0.614539	-0.452638	 2.178887	 0.160070	 0.269566
 0.273183	-0.498284	 0.498304	 0.493198	 1.035299	 0.498516	 0.493962	 0.362312	-0.950827	 3.176843	 0.160070	 0.267597
 0.386010	 0.501716	 0.498304	 0.496116	 1.545845	 0.498516	 1.226356	-0.763801	-2.197024	 4.167472	-0.339930	-0.233388
 0.442424	 0.998712	 0.498304	 0.497575	 1.797006	 0.498516	 1.588635	-1.323078	-2.813236	 4.652470	-0.588251	-0.482412
 0.970631	 3.244219	-0.001696	-0.001696	 1.918489	-0.001484	 2.265873	-2.098951	-4.114483	 6.884695	-0.710738	-1.605461
 1.231737	 4.355993	-0.250693	-0.250329	 1.975151	-0.250481	 2.598605	-2.481139	-4.754275	 7.982573	-0.770315	-2.161528
 2.359304	 6.400945	-0.875191	-0.374646	 2.499419	-0.374979	 2.759109	-3.166505	-6.063383	 9.513351	-0.298443	-2.934126
 2.916114	 7.406528	-1.184441	-0.436804	 2.755505	-0.437229	 2.833522	-3.501485	-6.703192	 10.256652	-0.062508	-3.313012
 3.187573	 7.892496	-1.336079	-0.467883	 2.877525	-0.468353	 2.864912	-3.661302	-7.008410	 10.606302	 0.055460	-3.495071
 3.816384	 9.118723	-1.408922	-0.483423	 2.932536	-0.483916	 3.374815	-4.733568	-7.146392	 11.759216	 0.614444	-3.578747
 4.121899	 9.711147	-1.442380	-0.491193	 2.954066	-0.491697	 3.621997	-5.258090	-7.200815	 12.309848	 0.891589	-3.613260
 4.765802	 10.986751	-1.956158	-0.995077	 3.458880	-0.995587	 3.737849	-5.508785	-7.213515	 13.059443	 1.527824	-4.623220
 5.076934	 11.600029	-2.208106	-1.244022	 3.703360	-1.244534	 3.788068	-5.622614	-7.205413	 13.406623	 1.841614	-5.116934
 5.221724	 12.882241	-2.329161	-0.865508	 3.817704	-1.366020	 3.805501	-5.668056	-7.186967	 13.552705	 1.994198	-5.352570
 5.283386	 13.495018	-2.384787	-0.676251	 3.867012	-1.423788	 3.806571	-5.679349	-7.163408	 13.598349	 2.066196	-5.459212
 5.303527	 14.273191	-2.407720	-1.081623	 3.883833	-1.449709	 3.799491	-5.673615	-7.137348	 14.093882	 2.097919	-5.501401
 5.302950	 14.632175	-2.414325	-1.281335	 3.884443	-1.459718	 3.788367	-5.659412	-7.110096	 14.312470	 2.109521	-5.511408
 5.292057	 14.781685	-2.412785	-0.878229	 3.876977	-1.961783	 3.775250	-5.641020	-7.082304	 14.392702	 2.111080	-5.505369
 5.276048	 14.826577	-2.407193	-0.676676	 3.865506	-2.207888	 3.761167	-5.620579	-7.054299	 14.403872	 2.107634	-5.491351
 5.257523	 14.819280	-2.399594	-0.575899	 3.852062	-2.326033	 3.746631	-5.599158	-7.026244	 14.380627	 2.101703	-5.473387
 5.237783	 15.286008	-2.391010	-1.025511	 4.337662	-1.880216	 3.731900	-5.577292	-6.998220	 14.340290	 2.094545	-5.453494
 5.217477	 15.487866	-2.381954	-1.247366	 4.570816	-1.654440	 3.717099	-5.555248	-6.970267	 14.291522	 2.086792	-5.432680
 5.196929	 15.557416	-2.372680	-0.855356	 4.677785	-1.538694	 3.702294	-5.533160	-6.942407	 14.238652	 2.078757	-5.411450
 5.176303	 15.560937	-2.363316	-0.659350	 4.721700	-1.477975	 3.687517	-5.511094	-6.914647	 14.183845	 2.070598	-5.390054
 5.155678	 15.531569	-2.353926	-0.561348	 4.734127	-1.444781	 3.672783	-5.489082	-6.886994	 14.128184	 2.062394	-5.368619
 5.135096	 15.485880	-2.344542	-0.512346	 4.730847	-1.425361	 3.658100	-5.467143	-6.859448	 14.072208	 2.054184	-5.347207
 5.114576	 15.432155	-2.335180	-0.487846	 4.719751	-1.412839	 3.643471	-5.445282	-6.832012	 14.016188	 2.045986	-5.325850
 5.094128	 15.374536	-2.325847	-0.475595	 4.704787	-1.403777	 3.628899	-5.423505	-6.804684	 13.960258	 2.037812	-5.304562
 5.073756	 15.315093	-2.316547	-0.469470	 4.687924	-1.396457	 3.614385	-5.401814	-6.777466	 14.404484	 2.029666	-5.283351
 5.053464	 15.254860	-2.307283	-0.466408	 4.670151	-1.390019	 3.599928	-5.380207	-6.750356	 14.596899	 2.021550	-5.262222
 5.033251	 15.194354	-2.298055	-0.464876	 4.651960	-1.384033	 3.585528	-5.358687	-6.723355	 14.663528	 2.013465	-5.241175
 5.013119	 15.633833	-3.288863	-0.964111	 4.633597	-1.378283	 3.571186	-5.337253	-6.696461	 14.667383	 2.005411	-5.220211
 4.993066	 15.821426	-3.775708	-1.210801	 4.615185	-1.372664	 3.556902	-5.315904	-6.669675	 14.639967	 1.997390	-5.199331
 4.973094	 15.883205	-3.010605	-0.831231	 4.596785	-1.367120	 3.542674	-5.294640	-6.642997	 14.597035	 1.989401	-5.178534
 4.953202	 15.882204	-2.623563	-0.641447	 4.578429	-1.361624	 3.528503	-5.273462	-6.616425	 14.546460	 1.981443	-5.157820
 4.933389	 15.849941	-2.425569	-0.546554	 4.560130	-1.356165	 3.514389	-5.252368	-6.589959	 14.492181	 1.973517	-5.137189
 4.913656	 15.802175	-2.322117	-0.499108	 4.541897	-1.350733	 3.500332	-5.231358	-6.563599	 14.436166	 1.965623	-5.116640
 4.894001	 15.746782	-2.265953	-0.475385	 4.523733	-1.345327	 3.486331	-5.210433	-6.537345	 14.379398	 1.957761	-5.096173
 4.874425	 15.687704	-2.233452	-0.463523	 4.505640	-1.339944	 3.472385	-5.189591	-6.511196	 14.322368	 1.949930	-5.075789
 4.854927	 15.626907	-2.212799	-0.457593	 4.487619	-1.334583	 3.458496	-5.168833	-6.485151	 14.265323	 1.942130	-5.055485
 4.835508	 15.565376	-2.198089	-0.454627	 4.969669	-0.829245	 3.444662	-5.148157	-6.459210	 14.208384	 1.934362	-5.035264
 4.816166	 15.503603	-2.186367	-0.453144	 5.199790	-0.576575	 3.430883	-5.127565	-6.433373	 14.151611	 1.926624	-5.015122
 4.796901	 15.441833	-2.176156	-0.452403	 4.803991	-0.450241	 3.417159	-5.107055	-6.407640	 14.095035	 1.918918	-4.995062
 4.777713	 15.380188	-2.166719	-0.452032	 4.597275	-0.387073	 3.403491	-5.086626	-6.382009	 14.038671	 1.911242	-4.975082
 4.758603	 15.318728	-2.157686	-0.451847	 4.485136	-0.855490	 3.389877	-5.066280	-6.356481	 13.982524	 1.903597	-4.955181
 4.739568	 15.257484	-2.148872	-0.451754	 4.420321	-1.087050	 3.376317	-5.046015	-6.331055	 13.926597	 1.895983	-4.935361
 4.720610	 15.196469	-2.140185	-0.451708	 4.379202	-1.200193	 3.362812	-5.025831	-6.305731	 12.870893	 1.888399	-4.415619
 4.701727	 15.135691	-2.131579	-0.451685	 4.349967	-1.254138	 3.349361	-5.005727	-6.280508	 12.319410	 1.880845	-4.147957
 4.682920	 15.075152	-2.123030	-0.451673	 4.326707	-1.278494	 3.335963	-4.985704	-6.255386	 12.020133	 1.873322	-4.006365
 4.164189	 12.514853	-1.614526	-0.451668	 3.306471	-0.788066	 2.322620	-4.965762	-6.230365	 8.347053	 0.365828	-2.927839
 3.897532	 11.214795	-1.358062	-0.451665	 2.791780	-0.542853	 1.813329	-4.945899	-6.205443	 6.501165	-0.385635	-2.384878
 2.256942	 6.544936	-0.727627	-0.451663	 2.029881	-0.420246	 1.056076	-3.426115	-4.680621	 3.568910	-0.759092	-1.109714
 1.435414	 4.206257	-0.412409	-0.451662	 1.646395	-0.358942	 0.677449	-2.662410	-3.911899	 2.101509	-0.943556	-0.472131
 0.523422	 1.533182	-0.254801	-0.451662	 0.452126	-0.328291	-0.011864	-2.276761	-3.021251	-0.133459	-1.033532	 0.346660
 0.067427	 0.198924	-0.175996	-0.451662	-0.143524	-0.312965	-0.355119	-2.080154	-2.571666	-1.246207	-1.076273	 0.753724
-0.160571	-2.465934	-0.136594	-0.451662	-0.939871	 0.194698	-1.025349	-1.478083	-1.342630	-2.797862	-1.095405	 0.954935
-0.274570	-3.788102	-0.116893	-0.451662	-1.334572	 0.447125	-1.357073	-1.175296	-0.728111	-3.564991	-1.102742	 1.053228
-0.331570	-4.438965	-0.107042	-0.451662	-1.528463	 0.571939	-1.519557	-1.022157	-0.420852	-3.939891	-1.104191	 1.100072
-0.360069	-4.754217	 0.397883	-0.451662	-1.621965	 0.632953	-1.597436	-0.943850	-0.267222	-4.118712	-1.102704	 1.121200
-0.374319	-4.901704	 0.648540	-0.451662	-1.665284	 0.662072	-1.633024	-0.902965	-0.190408	-4.199527	-1.099758	 1.129479
-0.881444	-4.965349	 0.772070	-0.451662	-2.183527	 0.675249	-1.647481	-0.880798	 0.348000	-3.731374	-1.096091	 1.131343
-1.132230	-4.987113	 0.832044	-0.451662	-2.437245	 0.680460	-1.651386	-0.867998	 0.615431	-3.490771	-1.092073	 1.130009
-1.254856	-4.487978	 0.360247	-0.451662	-2.558722	 0.681695	-1.650027	-0.359887	 0.747380	-3.863969	-1.087888	 1.127084
-1.313415	-4.230433	 0.124348	-0.451662	-2.614100	 0.680946	-1.646051	-0.105832	 0.811597	-4.042094	-1.083628	 1.123374
-0.839950	-4.093714	 0.506399	-0.451662	-2.136450	 0.179212	-1.640778	 0.021196	-0.158047	-3.622716	-0.579339	 1.119279
-0.603217	-4.017441	 0.695647	-0.451662	-1.894307	-0.071656	-1.634871	 0.084710	-0.640613	-3.406620	-0.327195	 1.115001
-0.484851	-3.971422	 0.788502	-0.951662	-2.269932	-0.197089	-1.628660	 0.116467	 0.120350	-3.292191	-0.201122	 1.110641
-0.425668	-3.940562	 0.833166	-1.198758	-2.452453	-0.259806	-1.622309	 0.132345	 0.499069	-3.228621	-0.138086	 1.106248
-0.396077	-3.917312	 0.853743	-1.319415	-2.538443	-0.291165	-1.615902	 0.140284	 0.686673	-3.190506	-0.106568	 1.101848
-0.881281	-3.897899	 0.862283	-0.876863	-2.576190	-0.306844	-1.609479	 0.144254	 0.778726	-3.165144	-0.090809	 1.097453
-1.121150	-3.880436	 0.864811	-0.655587	-2.589835	-0.314683	-1.603062	 0.146239	 0.823011	-3.146183	-0.082930	 1.093070
-1.238362	-3.863978	 0.864340	-0.544949	-2.091451	 0.181397	-1.596660	 0.147231	 0.843419	-3.130448	-0.078990	 1.088701
-1.294258	-3.848054	 0.862377	-0.489630	-1.839073	 0.428082	-1.590278	 0.147727	 0.851895	-3.116352	-0.077020	 1.084347
-1.319505	-3.832428	 0.859675	-0.461971	-1.709710	 0.050075	-1.583920	 0.147975	 0.854413	-3.103099	-0.076035	 1.080011
-1.329439	-3.816981	 0.856610	-0.448141	-1.641868	-0.138929	-1.577585	 0.148099	 0.853958	-3.090292	-0.075543	 1.075691
-1.331727	-3.801655	 0.853370	-0.441226	-1.604799	-0.233430	-1.571276	 0.148161	 0.852023	-3.077734	-0.575296	 1.071389
-1.330203	-3.786419	 0.850050	-0.437769	-1.583129	-0.280681	-1.564991	 0.148192	 0.849356	-3.065325	-0.823023	 1.067103
-1.326784	-3.771259	 0.846696	-0.436040	-1.569171	-0.304307	-1.558731	 0.148208	 0.846329	-3.053014	-0.944745	 1.062835
-1.322428	-3.756166	 0.843333	-0.435176	-1.559082	-0.316119	-1.552496	 0.148216	 0.843128	-3.040778	-1.003473	 1.058583
-1.317613	-3.741138	 0.839971	-0.434744	-1.550939	-0.322026	-1.546286	 0.148220	 0.839849	-3.028602	-1.030713	 1.054349
-1.312581	-3.726172	 0.836617	-0.434527	-1.543782	 0.175021	-1.540101	 0.148221	 0.836535	-3.016482	-1.042217	 1.050132
-1.307449	-3.711266	 0.833274	-0.434419	-1.537131	 0.422200	-1.533941	 0.148222	 0.833212	-3.004413	-1.045861	 1.045931
-0.802279	-3.696421	 0.829942	-0.434365	-2.030744	 0.044451	-1.027805	 0.148223	 0.829891	-2.992394	-0.545584	 1.041748
-0.549694	-3.681635	 0.826623	-0.434338	-2.272502	-0.144423	-0.773694	 0.148223	 0.826577	-2.980423	-0.295446	 1.037581
-0.423401	-3.666908	 0.823317	-0.434325	-1.888352	-0.238861	-1.145599	 0.148223	 1.323274	-2.968501	-0.170377	 1.033430
-0.360255	-3.652240	 0.820024	-0.434318	-1.693269	-0.286079	-1.328517	 0.148223	 1.567982	-2.956627	-0.107842	 1.029296
-0.328682	-3.637631	 0.816744	-0.434315	-1.592731	-0.309688	-1.416953	 0.148223	 1.686711	-2.944800	-0.076575	 1.025179
-0.812895	-3.623081	 0.813477	-0.434313	-1.539478	 0.178507	-0.958160	 0.648223	 1.742465	-2.933021	-0.060941	 1.021079
-1.052407	-3.608588	 0.810223	-0.434312	-1.509878	 0.421271	-0.728763	 0.895927	 1.766745	-2.921289	-0.053124	 1.016994
-1.169580	-3.594154	 0.806982	 0.065688	-1.492118	 0.541325	-0.614065	 0.517491	 1.275303	-2.909604	-0.049216	 1.012926
-1.225593	-3.579778	 0.803754	 0.314557	-1.480289	 0.600029	-0.556716	 0.328274	 1.028014	-2.897965	-0.047262	 1.008875
-1.251036	-3.565458	 0.800539	-0.062135	-1.971438	 0.128064	-0.528041	 0.233665	 0.902809	-2.886374	-0.046285	 1.004839
-1.261204	-3.551197	 0.797337	-0.250482	-2.212087	-0.107919	-0.513704	 0.186360	 0.838650	-2.874828	-0.045796	 1.000820
-1.263746	-3.536992	 0.794148	-0.344655	-1.827506	-0.225910	-1.006536	 0.662708	 0.805022	-2.863329	-0.045552	 0.996816
-1.262484	-3.522844	 0.790971	-0.391741	-1.632330	-0.284906	-1.249952	 0.898604	 0.786666	-2.851875	-0.045430	 0.992829
-1.259331	-3.508752	 0.787807	-0.415285	-1.531868	-0.314403	-1.368674	 1.014283	 0.775951	-2.840468	-0.045369	 0.988858
-0.755242	-3.494717	 0.784656	-0.427056	-1.478774	-0.329152	-1.425060	 1.069862	 0.769063	-3.329106	-0.045338	 0.984902
-0.503197	-3.480739	 0.781517	-0.432942	-1.449375	-0.336527	-1.450290	 1.095401	 0.764094	-3.565790	-0.045323	 0.980963
-0.877175	-3.466816	 0.778391	-0.435885	-1.431836	-0.340214	-0.959954	 1.105929	 1.260092	-3.176527	-0.045315	 0.977039
-1.061662	-3.452948	 0.775278	-0.437356	-1.420238	-0.342058	-0.714786	 1.108960	 1.504578	-2.976320	-0.045311	 0.973131
-1.151413	-3.439137	 0.772177	-0.438092	-1.411622	-0.342979	-0.592202	 0.608251	 1.123324	-2.870665	-0.045309	 0.969238
-1.193806	-3.425380	 0.769088	-0.438460	-1.404507	-0.343440	-0.530910	 0.357897	 0.931212	-2.812307	-0.045309	 0.965361
-1.212530	-3.411678	 0.766012	-0.438644	-1.398156	-0.343671	-1.000264	 0.232720	 1.333678	-2.777621	-0.045308	 0.961500
-1.219429	-3.398032	 0.762948	-0.438736	-1.392196	-0.343786	-1.232002	 0.170131	 1.531439	-2.754792	-0.045308	 0.957654
-1.220427	-3.384440	 0.759896	-0.438782	-1.386444	-0.343844	-1.344944	 0.138837	 1.626861	-2.737913	-0.045308	 0.953823
-1.218482	-3.370902	 0.756856	-0.438805	-1.880806	-0.343872	-1.398499	 0.623190	 1.171127	-2.724032	-0.545308	 0.950008
-1.215077	-3.357418	 0.753829	-0.438816	-2.123237	-0.343887	-1.422372	 0.863151	 0.941830	-2.711671	-0.793217	 0.946208
-1.210951	-3.343989	 0.750813	 0.061178	-1.739721	 0.156106	-1.431416	 0.480926	 1.325756	-2.700092	-0.915089	 0.942423
-1.206474	-3.330613	 0.747810	 0.310053	-1.545251	 0.404790	-1.433057	 0.289813	 1.514300	-2.688925	-0.973952	 0.938653
-1.201832	-3.317290	 0.744819	-0.066628	-1.445314	 0.027825	-0.931009	 0.194256	 1.105166	-2.677986	-1.001317	 0.934899
-1.197117	-3.304021	 0.741840	-0.254968	-1.392655	-0.160657	-0.679984	 0.146478	 0.899207	-2.667183	-1.012943	 0.931159
-1.192374	-3.290805	 0.738872	-0.349138	-1.363645	-0.254898	-0.554472	 0.622589	 0.794841	-2.656468	-0.516706	 0.927435
-1.187628	-3.277642	 0.735917	-0.396223	-1.346471	-0.302019	-0.491716	 0.858447	 0.741277	-2.645819	-0.268588	 0.923725
-1.182889	-3.264531	 0.732973	-0.419766	-1.335226	-0.325579	-0.460338	 0.974188	 0.713119	-2.635225	-0.144529	 0.920030
-1.178163	-3.251473	 0.730041	-0.431537	-1.326955	 0.162641	-0.944649	 1.029878	 1.197671	-2.624678	-0.082499	 0.916350
-1.173453	-3.238467	 0.727121	-0.437423	-1.320182	 0.405449	-1.183946	 1.055552	 1.436582	-2.614176	-0.051485	 0.912684
-0.668761	-3.225513	 0.724213	-0.440365	-1.314169	 0.025556	-1.300749	 1.066227	 1.052687	-2.603718	-0.035977	 0.909034
-0.290241	-3.199761	 0.718430	-0.442573	-1.303129	 0.240637	-0.881274	 1.068857	 0.761427	-2.582929	-0.024347	 0.901776
-0.227155	-3.186962	 0.715557	-0.442940	-1.297825	 0.441859	-0.643754	 1.066443	 0.711112	-2.572597	-0.022408	 0.898169
-0.695611	-3.174214	 0.712695	-0.443124	-1.292588	 0.041184	-1.024993	 1.063109	 1.184633	-2.562307	-0.021439	 0.894576
-0.927512	-3.161517	 0.709844	-0.443216	-1.287394	-0.159153	-1.212801	 1.059322	 1.418078	-2.552058	-0.020954	 0.890998
-1.041143	-3.148871	 0.707004	-0.443262	-1.282233	-0.259322	-1.303903	 1.055317	 1.531497	-2.541849	-0.020712	 0.887434
-1.095649	-3.136275	 0.704176	-0.443285	-1.277099	-0.309407	-0.846665	 1.051212	 1.084917	-2.531682	-0.520591	 0.883884
-1.120602	-3.123730	 0.701360	-0.443297	-1.271988	-0.334449	-0.618045	 1.047066	 0.860350	-2.521555	-0.768489	 0.880349
-1.130787	-3.111235	 0.698554	 0.056697	-1.266898	-0.346970	-0.503735	 1.042906	 0.746795	-2.511469	-0.390406	 0.876827
-1.133598	-3.098791	 0.695760	 0.305581	-1.261830	-0.353230	-0.446581	 1.038749	 0.688751	-2.501423	-0.201364	 0.873320
-0.632730	-3.086395	 0.692977	-0.071086	-0.756782	 0.143639	-0.418003	 1.034602	 1.158467	-2.491417	-0.106843	 0.869827
-0.382297	-3.074050	 0.690205	-0.259419	-0.504258	 0.390793	-0.403714	 1.030467	 1.390069	-2.481452	-0.059583	 0.866347
-0.757080	-3.061754	 0.687444	 0.146414	-0.877996	 0.513094	-0.396570	 1.026347	 1.002627	-2.471526	-0.535953	 0.862882
-0.942207	-3.049507	 0.684694	 0.348226	-1.062362	 0.572974	-0.392998	 1.022242	 0.807675	-2.461640	-0.772113	 0.859430
-1.032517	-3.037309	 0.681956	 0.448032	-1.152051	 0.601648	-0.391212	 1.018154	 0.708974	-2.451793	-0.888176	 0.855993
-1.075426	-3.025159	 0.679228	-0.003161	-0.694413	 0.614725	-0.390319	 1.014081	 1.158403	-2.441986	-0.444200	 0.852569
-1.094644	-3.013059	 0.676511	-0.228757	-0.465593	 0.620007	-0.389872	 1.010025	 1.379902	-2.432218	-0.222211	 0.849158
-1.102025	-3.001006	 0.673805	 0.158445	-0.351183	 0.121398	-0.889649	 1.005985	 1.487448	-2.422489	-0.111217	 0.845762
-1.103496	-2.989002	 0.671110	 0.350954	-0.293979	-0.127907	-1.136759	 1.001961	 1.538032	-2.412799	-0.055720	 0.842379
-1.102022	-2.977046	 0.668425	 0.446122	-0.765376	-0.252559	-0.757546	 0.997953	 1.060146	-2.403148	-0.027972	 0.839009
-1.099084	-2.965138	 0.665752	 0.492624	-0.998601	-0.314885	-0.567939	 0.993962	 0.820039	-2.393535	-0.014097	 0.835653
-1.095423	-2.953278	 0.663089	 0.514796	-0.612750	-0.346048	-0.473136	 0.989986	 0.698825	-2.383961	-0.007160	 0.832311
-1.091409	-2.941465	 0.660436	 0.524808	-0.419825	-0.361630	-0.425734	 0.986026	 0.637063	-2.374425	-0.003692	 0.828981
-1.087227	-2.929699	 0.657794	 0.528745	-0.323362	-0.369421	-0.402033	 0.982082	 0.605032	-2.364928	-0.001957	 0.825665
-1.082970	-2.917980	 0.655163	 0.029648	-0.275131	-0.373316	-0.390183	 0.978153	 0.587870	-2.355468	-0.001090	 0.822363
-1.078684	-2.906308	 0.652543	-0.219901	-0.251015	-0.375264	-0.384258	 0.974241	 0.578148	-2.346046	-0.000657	 0.819073
-1.074392	-2.894683	 0.649932	 0.155325	-0.738957	 0.123762	-0.381295	 0.970344	 0.572150	-2.336662	-0.500440	 0.815797
-1.070106	-2.883104	 0.647333	 0.341877	-0.980474	 0.372030	-0.379814	 0.966462	 0.568018	-2.327315	-0.748331	 0.812534
-1.065831	-2.871572	 0.644743	 0.434096	-1.098789	 0.494923	-0.379073	 0.962597	 1.064825	-2.318006	-0.370284	 0.809284
-1.061571	-2.860085	 0.642164	 0.479153	-1.155512	 0.555134	-0.378703	 0.958746	 1.310105	-2.308734	-0.181261	 0.806047
-1.057326	-2.848645	 0.639596	 0.000633	-1.181449	 0.084009	-0.378518	 0.954911	 1.429634	-2.299499	-0.086749	 0.802822
-1.053097	-2.837250	 0.637037	-0.238627	-1.192003	-0.151554	-0.378425	 0.951092	 1.486300	-2.290301	-0.039493	 0.799611
-1.048885	-2.825901	 0.634489	-0.358257	-1.194875	-0.269335	-0.378379	 0.947287	 1.511548	-2.281140	-0.015865	 0.796413
-1.044690	-2.814598	 0.631951	 0.081928	-0.693915	 0.171774	-0.378356	 0.943498	 1.521098	-2.272015	-0.004051	 0.793227
-1.040511	-2.803339	 0.629423	 0.300976	-0.443435	 0.391103	-0.378344	 0.939724	 1.522811	-2.262927	 0.001856	 0.790054
-0.536349	-2.792126	 0.626906	-0.090540	-0.318196	 0.499547	-0.378338	 0.935965	 1.520619	-2.253876	-0.495191	 0.786894
-0.284268	-2.780958	 0.624398	-0.286298	-0.255576	 0.552553	-0.378335	 0.932221	 1.516486	-2.244860	-0.741729	 0.783746
-0.158228	-2.769834	 0.621901	 0.115823	-0.224266	 0.577844	-0.378334	 0.928492	 1.511395	-2.235881	-0.363022	 0.780611
-0.095208	-2.758754	 0.619413	 0.315848	-0.208611	 0.589284	-0.378333	 0.924778	 1.505837	-2.226937	-0.173669	 0.777489
-0.563698	-2.747719	 0.616935	 0.414828	-0.200783	 0.593802	-0.378333	 0.921079	 1.500057	-2.218029	-0.078992	 0.774379
-0.795878	-2.736728	 0.614468	 0.463291	-0.196869	 0.594865	-0.378333	 0.917395	 1.494179	-2.209157	-0.031654	 0.771281
-0.909912	-2.725782	 0.612010	 0.486499	-0.194912	 0.094204	-0.378333	 0.913725	 1.488263	-2.200321	-0.507984	 0.768196
-0.964881	-2.714878	 0.609562	 0.497083	-0.193934	-0.156126	-0.378333	 0.910070	 1.482340	-2.191519	-0.744181	 0.765123
-0.990326	-2.704019	 0.607123	 0.501360	-0.193445	-0.281291	-0.378333	 0.906430	 1.476426	-2.182753	-0.860319	 0.762063
-1.001017	-2.693203	 0.604695	 0.502487	-0.193200	-0.343874	-0.878333	 0.902804	 1.470528	-2.174022	-0.416435	 0.759015
-1.004339	-2.682430	 0.602276	 0.502044	-0.193078	-0.375165	-1.125576	 0.899193	 1.464650	-2.165326	-0.194493	 0.755979
-0.503985	-2.671700	 0.599867	 0.500819	-0.193017	 0.109189	-0.746452	 0.895596	 1.458793	-2.156665	-0.083522	 0.752955
-0.253808	-2.661013	 0.597468	 0.500206	-0.192986	 0.350179	-0.556890	 0.892014	 1.452959	-2.148038	-0.028036	 0.749943
-0.628719	-2.650369	 0.595078	 0.499900	-0.692971	-0.030508	-0.462109	 0.888446	 1.447148	-2.139446	-0.000293	 0.746943
-0.814168	-2.639768	 0.592697	 0.499747	-0.940577	-0.220852	-0.414718	 0.884892	 1.441359	-2.130888	 0.013578	 0.743955
-0.904893	-2.629209	 0.590327	 0.499670	-1.062004	-0.316023	-0.391023	 0.881353	 1.435594	-2.122365	 0.020514	 0.740980
-0.948264	-2.618692	 0.587965	 0.499632	-1.120351	-0.363609	-0.379176	 0.877827	 1.429852	-2.113875	 0.023982	 0.738016
-0.967966	-2.608217	 0.585613	 0.499613	-1.147167	-0.387402	-0.373252	 0.874316	 1.424132	-2.105420	 0.025716	 0.735064
-0.975842	-2.597784	 0.583271	 0.499603	-0.658227	-0.399299	-0.370290	 0.870819	 1.418436	-2.096998	 0.026582	 0.732123
-0.977813	-2.587393	 0.580938	 0.499598	-0.413757	-0.405247	-0.368809	 0.867335	 1.412762	-2.088610	 0.027016	 0.729195
-0.976838	-2.577044	 0.578614	 0.499596	-0.291522	 0.091779	-0.368068	 0.863866	 1.407111	-1.580256	 0.027233	 0.726278
-0.974399	-2.566736	 0.576300	 0.499595	-0.230404	 0.339114	-0.367698	 0.860411	 1.401482	-1.323935	 0.027341	 0.723373
-0.971236	-2.556469	 0.573994	-0.000406	-0.199845	 0.461609	-0.367513	 0.856969	 1.395877	-1.693639	 0.027395	 0.720479
-0.967718	-2.546243	 0.571698	-0.249405	-0.184566	 0.521688	-0.367421	 0.853541	 1.390293	-1.874364	 0.027422	 0.717598
-0.964031	-2.536058	 0.569412	-0.373905	-0.676926	 0.050564	-0.867374	 0.850127	 1.384732	-1.960617	 0.027436	 0.714727
-0.960267	-2.525914	 0.567134	-0.436155	-0.920768	-0.184998	-1.114616	 0.846726	 1.379193	-1.999649	 0.027443	 0.711868
-0.956471	-2.515810	 0.564865	-0.467280	-1.040359	-0.302779	-1.235514	 0.843340	 1.373676	-2.015088	 0.027446	 0.709021
-0.952668	-2.505747	 0.562606	 0.017158	-0.597835	 0.138331	-0.793250	 0.839966	 1.368181	-2.018747	 0.027448	 0.706185
-0.948869	-2.495724	 0.560356	 0.258373	-0.376573	 0.357727	-0.572118	 0.836606	 1.362709	-2.016531	 0.027449	 0.703360
-0.945080	-2.485741	 0.558114	-0.121019	-0.765942	 0.466270	-0.461552	 0.833260	 1.357258	-2.511395	 0.027449	 0.700547
-0.941302	-2.475798	 0.555882	-0.309714	-0.958316	 0.519393	-0.406269	 0.829927	 1.351829	-2.752814	 0.027449	 0.697744
-0.437538	-1.965895	 0.553658	 0.095938	-1.052202	 0.044809	-0.378627	 0.826607	 1.346422	-2.367535	-0.472551	 0.694953
-0.185656	-1.708031	 0.551444	 0.297761	-1.096852	-0.192483	-0.364806	 0.823301	 1.341036	-2.170931	-0.720606	 0.692174
-0.559715	-2.076199	 0.549238	-0.101327	-1.116895	-0.311129	-0.357896	 0.820008	 1.335672	-2.068681	-0.342696	 0.689405
-0.744877	-2.255394	 0.547041	-0.299871	-1.124642	-0.370452	-0.354441	 0.816727	 1.330329	-2.013622	-0.153741	 0.686647
-0.835598	-2.340123	 0.544853	-0.399142	-1.126251	-0.400114	-0.352713	 0.813461	 1.325008	-1.982176	-0.059263	 0.683901
-0.379106	-1.877637	 0.542673	 0.051222	-0.624799	 0.085056	-0.351849	 0.810207	 1.319708	-1.962552	-0.012024	 0.681165
-0.150860	-1.643564	 0.540503	 0.275401	-0.374074	 0.326500	-0.351417	 0.806966	 1.314429	-1.948853	 0.011595	 0.678440
-0.536737	-2.023708	 0.538341	 0.387490	-0.248711	 0.446086	-0.351202	 0.803738	 1.309171	-1.938134	 0.023405	 0.675727
-0.727830	-2.208973	 0.536187	 0.443535	-0.186030	 0.504748	-0.351094	 0.800523	 1.303934	-1.928920	 0.029309	 0.673024
-0.821539	-2.296817	 0.534042	 0.471557	-0.154689	 0.032952	-0.351040	 1.297321	 1.298719	-1.920473	 0.032262	 0.670332
-0.866563	-2.335969	 0.531906	 0.485568	-0.139018	-0.202946	-0.351013	 1.542132	 1.293524	-1.912426	 0.033738	 0.667650
-0.887252	-1.850795	 0.529779	-0.007426	-0.131183	-0.320895	-0.350999	 1.160963	 1.288350	-1.904593	 0.034476	 0.664980
-0.895780	-1.605477	 0.527660	-0.252922	-0.127266	-0.379870	-0.350992	 0.968819	 1.283196	-1.896883	 0.034845	 0.662320
-0.898236	-1.480098	 0.525549	-0.375671	-0.125307	-0.409357	-0.350989	 0.871194	 1.278064	-1.889250	 0.035030	 0.659670
-0.897662	-1.414699	 0.523447	 0.062955	-0.624328	 0.075899	-0.350987	 0.820834	 1.272951	-1.881670	 0.035122	 0.657032
-0.895581	-1.379300	 0.521353	 0.281265	-0.871591	 0.317405	-0.350986	 0.794113	 1.267860	-1.874132	 0.035168	 0.654404
-0.392754	-1.858914	 0.519268	-0.109580	-0.492985	-0.062960	-0.350986	 0.779218	 1.262788	-1.866630	 0.035191	 0.651786
-0.141340	-2.094043	 0.517190	-0.304002	-0.303682	-0.253142	-0.350986	 0.770242	 1.257737	-1.859161	 0.035203	 0.649179
-0.015633	-2.206949	 0.515122	 0.098787	-0.209031	-0.348233	-0.350986	 0.764231	 1.252706	-1.851722	 0.035209	 0.646582
 0.047220	-2.258763	 0.513061	 0.299179	-0.161705	-0.395779	-0.350986	 0.759710	 1.247695	-1.844315	 0.035211	 0.643996
-0.421353	-1.780049	 0.511009	 0.399375	-0.138042	 0.080448	-0.850986	 0.755938	 1.242704	-1.836937	 0.035213	 0.641420
-0.653860	-1.538089	 0.508965	 0.449472	-0.126211	 0.317449	-1.098284	 0.752548	 1.237734	-1.829589	 0.035214	 0.638854
-0.768341	-1.414516	 0.506929	 0.474521	-0.120295	 0.434840	-1.219241	 0.749355	 1.232783	-1.822271	 0.035214	 0.636299
-0.823815	-1.850148	 0.504901	-0.012954	-0.117337	 0.492431	-0.777040	 0.746266	 1.227851	-1.814982	 0.035214	 0.633754
-0.849794	-2.063393	 0.502882	-0.255691	-0.115858	 0.520126	-0.555939	 0.743235	 1.222940	-1.807722	 0.035214	 0.631219
-0.861032	-1.665462	 0.500870	 0.122940	-0.115119	 0.032879	-0.445389	 0.740239	 1.218048	-1.800491	 0.035214	 0.628694
-0.864906	-1.463961	 0.499864	 0.311253	-0.114749	-0.210745	-0.390114	 0.737267	 1.213176	-1.793289	 0.035214	 0.626179
-0.865106	-1.860686	 0.499362	-0.094591	-0.114564	-0.332557	-0.362476	 0.734312	 1.208323	-1.786116	-0.464786	 0.623674
-0.863475	-2.054534	 0.499110	-0.296512	-0.114472	-0.393463	-0.348657	 0.731372	 1.203490	-1.778971	-0.712856	 0.621180
-0.860936	-2.146961	 0.498984	 0.102528	-0.114426	-0.423916	-0.341748	 0.728445	 1.198676	-1.771855	-0.334970	 0.618695
-0.857950	-2.188695	 0.498922	 0.301045	-0.114402	-0.439143	-0.338293	 0.725531	 1.193881	-1.764768	-0.146026	 0.616220
-0.854747	-2.205102	 0.498890	 0.400303	-0.114391	-0.446756	-0.336566	 0.722628	 1.189106	-1.757709	-0.051555	 0.613755
-0.851442	-2.208862	 0.498874	 0.449932	-0.114385	 0.049437	-0.335702	 1.219738	 0.684350	-1.750678	-0.004319	 0.611300
-0.848093	-2.206317	 0.498867	 0.474747	-0.114382	 0.296443	-0.335270	 1.464858	 0.431971	-1.743675	 0.019299	 0.608855
-0.844730	-1.700637	 0.498863	 0.487154	-0.114381	-0.581141	-0.335054	 1.083999	 0.805782	-1.736701	 0.031108	 0.606419
-0.841365	-1.445407	 0.498861	 0.493358	-0.114380	-1.017016	-0.334946	 0.892163	 0.990328	-1.729754	 0.037013	 0.603994
-0.838007	-1.815412	 0.498860	 0.496459	-0.614380	-0.232048	-0.334893	 1.294844	 1.080252	-1.722835	 0.039965	 0.601578
-0.834658	-1.996043	 0.498859	 0.498010	-0.862151	 0.159331	-0.334866	 1.492790	 1.122873	-1.715944	 0.041441	 0.599172
-0.831321	-1.582006	 0.498859	 0.498786	-0.483816	 0.353919	-0.334852	 1.088381	 1.141853	-1.709080	 0.042179	 0.596775
-0.827997	-1.372651	 0.498859	 0.499173	-0.294649	 0.450115	-0.334845	 0.884809	 1.149021	-1.702243	 0.042548	 0.594388
-0.824685	-1.765647	 0.498859	 0.499367	-0.200066	 0.497121	-0.334842	 0.781660	 1.150293	-1.195434	 0.042733	 0.592010
-0.821387	-1.957828	 0.498859	 0.499464	-0.152774	 0.519536	-0.334840	 0.728729	 1.148625	-0.940653	 0.042825	 0.589642
-0.818101	-2.049618	 0.498859	 0.499513	-0.129128	 0.529659	-0.334839	 0.700912	 1.145498	-0.811890	 0.042871	 0.587284
-0.314829	-2.091230	 0.498859	 0.499537	-0.117305	 0.033641	-0.334839	 0.685657	 1.141649	-0.746143	 0.042894	 0.584934
-0.063193	-2.107771	 0.498859	 0.499549	-0.111394	-0.214367	-0.334839	 0.676689	 1.137450	-0.711908	 0.042906	 0.582595
-0.437375	-2.111792	 0.498859	 0.499555	-0.108438	-0.338372	-0.834839	 0.670869	 1.133083	-1.193435	 0.042911	 0.580264
-0.622843	-2.109572	 0.498859	 0.499558	-0.106960	-0.400374	-1.082169	 0.666629	 1.128642	-1.430849	 0.042914	 0.577943
-0.713960	-2.104246	 0.498859	 0.499560	-0.106221	 0.068625	-0.703175	 0.663185	 1.124174	-1.546219	 0.042916	 0.575632
-0.757908	-2.097386	 0.498859	 0.499560	-0.105852	 0.302049	-0.513678	 0.660143	 1.119700	-1.600581	 0.042916	 0.573329
-0.778279	-2.089775	 0.498859	 0.499561	-0.105667	 0.417690	-0.418930	 0.657308	 1.115233	-1.624453	 0.042917	 0.571036
-0.786867	-2.081805	 0.498859	 0.499561	-0.105574	 0.474444	-0.371555	 0.654581	 1.110777	-1.633091	 0.042917	 0.568752
-0.789570	-2.073672	 0.498859	 0.499561	-0.105528	 0.501759	-0.347868	 0.651914	 1.106337	-1.634127	 0.042917	 0.566477
-0.789337	-1.565475	 0.498859	 0.499561	-0.105505	 0.514358	-0.336025	 1.149282	 1.101913	-1.631375	 0.042917	 0.564211
-0.787642	-1.309262	 0.498859	 0.499561	-0.105494	 0.519603	-0.330103	 1.394673	 1.097506	-1.626742	 0.042917	 0.561954
-0.785223	-1.679049	 0.498859	 0.499561	-0.105488	 0.521176	-0.327142	 1.514088	 1.093117	-1.621181	 0.042917	 0.559706
-0.782448	-1.859845	 0.498859	 0.499561	-0.105485	 0.520918	-0.325662	 1.570529	 1.088744	-1.615169	 0.042917	 0.557467
-0.779501	-1.946161	 0.498859	 0.499561	-0.105484	 0.019747	-0.324921	 1.095495	 1.084389	-2.108945	-0.457083	 0.555237
-0.776474	-1.985255	 0.498859	 0.499561	-0.105483	-0.230839	-0.324551	 0.856737	 1.080052	-2.350627	-0.705169	 0.553016
-0.773414	-2.000753	 0.498859	 0.499561	-0.105482	-0.356131	-0.324366	 0.736123	 0.575732	-1.466284	-0.827305	 0.550804
-0.770343	-2.004469	 0.498859	 0.499561	-0.105482	-0.418778	-0.324274	 0.674584	 0.323572	-1.022948	-0.886474	 0.548601
-0.767273	-2.002311	 0.498859	 0.499561	-0.105482	-0.450101	-0.324227	 0.642589	 0.197492	-0.800121	-0.914168	 0.546407
-0.764210	-1.497232	 0.498859	 0.499561	-0.105482	 0.034238	-1.324204	 0.625370	 0.634452	-1.187553	-0.426131	 0.544221
-0.761156	-1.242708	 0.498859	 0.499561	-0.105482	 0.275370	-1.819544	 0.615544	 0.850789	-1.378119	-0.182112	 0.542044
-0.758113	-1.613470	 0.498859	 0.499561	-0.105482	 0.394903	-1.062585	 0.609420	 0.456823	-1.470265	-0.060103	 0.539876
-0.755081	-1.794882	 0.498859	 0.499561	-0.105482	 0.453640	-0.684105	 0.605151	 0.259840	-1.513213	 0.000902	 0.537716
-0.752061	-1.881635	 0.498859	-0.000439	-0.605482	 0.481984	-0.494865	 1.101815	 0.661349	-1.531575	 0.031404	 0.535566
-0.749053	-1.921076	 0.498859	-0.249438	-0.853271	 0.495136	-0.400245	 1.346950	 0.859977	-1.537656	 0.046655	 0.533423
-0.746057	-1.936874	 0.498859	 0.126062	-0.474964	 0.500695	-0.352935	 0.966333	 0.957175	-1.537609	 0.054281	 0.531290
-0.743073	-1.940869	 0.498859	 0.312810	-0.285810	 0.502462	-0.329280	 0.774854	 1.003664	-1.534510	 0.058093	 0.529164
-0.740100	-1.938976	 0.498859	 0.406183	-0.191233	 0.502337	-0.317452	 0.677947	 1.024809	-1.529898	 0.060000	 0.527048
-0.737140	-1.434155	 0.498859	 0.452870	-0.143944	 0.501270	-0.311539	 1.128332	 1.033289	-1.524541	 0.060953	 0.524940
-0.734191	-1.179887	 0.498859	 0.476213	-0.120300	 0.499736	-0.308582	 1.350366	 1.035446	-1.518825	 0.061430	 0.522840
-0.731255	-1.050901	 0.498859	 0.487885	-0.108478	-0.001031	-0.307103	 0.958239	 1.034449	-1.512940	 0.061668	 0.520748
-0.728330	-0.984564	 0.498859	 0.493721	-0.102567	-0.250411	-0.306364	 0.761043	 1.031884	-1.506984	 0.061787	 0.518665
-0.725416	-1.449559	 0.498859	-0.003361	-0.099611	-0.375101	-0.305995	 0.661318	 1.028542	-1.501003	 0.061847	 0.516591
-0.722515	-1.678228	 0.498859	-0.250901	-0.098134	-0.437445	-0.305810	 0.610332	 1.024821	-1.495023	 0.061876	 0.514524
-0.719625	-1.788748	 0.498859	 0.125329	-0.097395	-0.468618	-0.805717	 0.583720	 1.020919	-1.489055	 0.061891	 0.512466
-0.716746	-1.840210	 0.498859	 0.312440	-0.097025	-0.484204	-1.053060	 0.569300	 1.016933	-1.483105	 0.061899	 0.510416
-0.713879	-1.862158	 0.498859	 0.405996	-0.096841	-0.491997	-1.174130	 0.560980	 1.012915	-1.477175	 0.061903	 0.508375
-0.711024	-1.369363	 0.498859	 0.452774	-0.096748	-0.495894	-0.732075	 0.555715	 1.008888	-1.471268	 0.061904	 0.506341
-0.708180	-1.121213	 0.498859	 0.476163	-0.096702	-0.497842	-0.511048	 0.551981	 1.004864	-1.465384	 0.061905	 0.504316
-0.705347	-1.495391	 0.498859	 0.487858	-0.096679	 0.001184	-0.900534	 0.549018	 1.000851	-1.459523	 0.061906	 0.502299
-0.702525	-1.678742	 0.498859	 0.493705	-0.096667	 0.249696	-1.092697	 0.546444	 0.996851	-1.453685	 0.061906	 0.500290
-0.199715	-1.266693	 0.498859	 0.496629	-0.096662	-0.126048	-0.686209	 0.544070	 0.992865	-0.947870	 0.061906	 0.499285
 0.051690	-1.058959	 0.498859	 0.498090	-0.096659	-0.312916	-0.482965	 0.541799	 0.988894	-0.694963	 0.061906	 0.498783
-0.322608	-1.453389	 0.498859	 0.498821	-0.096657	-0.406350	-0.381343	 0.539585	 0.984939	-1.068509	 0.061906	 0.498531
-0.508363	-1.646909	 0.498859	 0.499187	-0.096657	-0.453067	-0.330531	 0.537403	 0.980999	-1.252398	 0.061906	 0.498406
-0.599852	-1.739988	 0.498859	 0.499369	-0.096656	-0.476426	-0.305126	 0.535241	 0.977075	-1.341470	 0.061906	 0.498343
-0.644214	-1.782861	 0.498859	 0.499461	-0.096656	 0.011895	-0.792423	 0.533094	 0.973167	-1.383145	 0.061906	 0.498312
-0.665018	-1.800647	 0.498859	 0.499507	-0.096656	 0.255055	-1.033512	 0.530959	 0.969275	-1.401133	 0.061906	 0.498296
-0.674048	-1.805902	 0.498859	-0.000471	-0.096656	 0.376635	-0.651508	 1.028834	 0.465397	-0.907288	 0.061906	 0.498288
-0.677197	-1.804908	 0.498859	-0.249458	-0.096656	 0.437425	-0.460505	 1.274718	 0.213459	-0.660366	 0.061906	 0.498284
-0.177411	-1.300803	 0.498859	 0.126048	-0.096656	 0.467820	-0.365004	 0.894618	 0.587490	-1.036905	 0.061906	 0.498282
 0.072482	-1.047157	 0.498859	 0.312798	-0.096656	 0.483018	-0.317254	 0.703540	 0.772582	-1.222348	 0.061906	 0.498281
-0.302571	-0.918747	 0.498859	-0.093827	-0.596656	 0.490616	-0.293378	 0.606975	 0.863213	-1.312253	 0.061906	 0.498281
-0.488743	-0.852961	 0.498859	-0.296139	-0.844463	 0.494416	-0.281441	 0.557673	 0.906620	-1.354402	 0.061906	 0.498281
-0.580478	-0.818494	 0.498859	-0.397295	-0.966181	 0.496315	-0.275472	 0.532004	 0.926424	-1.372683	 0.061906	 0.498280
-0.625002	-0.799692	 0.498859	 0.052127	-1.024865	 0.497265	-0.272488	 1.018158	 0.934434	-1.379042	-0.438094	 0.498280
-0.645925	-0.788730	 0.498859	 0.275835	-1.052040	 0.497740	-0.270995	 1.258226	 0.936554	-1.379450	-0.686218	 0.498280
-0.655052	-0.781693	 0.498859	 0.387689	-0.563469	 0.497978	-0.270249	 0.875263	 0.935736	-1.376895	-0.808411	 0.498280
-0.658288	-0.776625	 0.498859	 0.443616	-0.319183	 0.498096	-0.269876	 0.683782	 0.933458	-1.372868	-0.867646	 0.498280
-0.658582	-1.272548	 0.498859	 0.471580	-0.197040	-0.001844	-0.269690	 1.088041	 0.930456	-1.368118	-0.395410	 0.498280
-0.657412	-1.516973	 0.498859	 0.485562	-0.135969	-0.250811	-0.269596	 1.287186	 0.927100	-1.363015	-0.159292	 0.498280
-0.655514	-1.135662	 0.498859	 0.492553	-0.105433	 0.124706	-0.269550	 0.883786	 0.923575	-1.357748	-0.041233	 0.498280
-0.653258	-0.943498	 0.498859	 0.496048	-0.090165	 0.311463	-0.269527	 0.682086	 0.919972	-1.352410	 0.017796	 0.498280
-0.650828	-0.845914	 0.498859	 0.497796	-0.082532	 0.404842	-0.269515	 0.581236	 0.916338	-1.347047	 0.047311	 0.498280
-0.648316	-0.795625	 0.498859	 0.498670	-0.078715	 0.451532	-0.269509	 1.030811	 0.912695	-1.341682	 0.062069	 0.498280
-0.645769	-0.768990	 0.498859	 0.499106	-0.076806	 0.474877	-0.269506	 1.252638	 0.909056	-1.336326	 0.069447	 0.498280
-0.643209	-0.754187	 0.498859	 0.499325	-0.575852	-0.013451	-0.269505	 1.360602	 0.905426	-0.830987	 0.073137	 0.498280
-0.640647	-0.745307	 0.498859	 0.499434	-0.823225	-0.256611	-0.269504	 1.411647	 0.901807	-0.578317	 0.074981	 0.498280
-0.638090	-0.739395	 0.498859	-0.000511	-0.944770	 0.121809	-0.269504	 1.434244	 0.898201	-0.951982	 0.075904	 0.498280
-0.635541	-0.734971	 0.498859	-0.249483	-1.003410	 0.310018	-0.269503	 1.442629	 0.894609	-1.136164	 0.076365	 0.498280
-0.633000	-0.731298	 0.498859	 0.126031	-0.530606	 0.404123	-0.269503	 0.943920	 0.891031	-0.725614	 0.076595	 0.498280
-0.630469	-0.728007	 0.498859	 0.312785	-0.294204	 0.451175	-0.269503	 0.694565	 0.887467	-0.520339	 0.076711	 0.498280
-0.627947	-0.724911	 0.498859	 0.406162	-0.176003	 0.474701	-0.269503	 0.569887	 0.883917	-0.417701	 0.076768	 0.498280
-0.625436	-0.721920	 0.498859	 0.452851	-0.116903	-0.013536	-0.269503	 1.007549	 0.880381	-0.866382	 0.076797	 0.498280
-0.622934	-0.718987	 0.498859	 0.476195	-0.087352	-0.256651	-0.269503	 1.223489	 0.876860	-1.088093	 0.076812	 0.498280
-0.620442	-0.716088	 0.498859	 0.487867	-0.072577	 0.121792	-0.269503	 0.828580	 0.873353	-1.196328	 0.076819	 0.498280
-0.617961	-0.713212	 0.498859	 0.493703	-0.065190	 0.310013	-0.269503	 0.631126	 0.869859	-1.247837	 0.076822	 0.498280
-0.615489	-0.710354	 0.498859	 0.496621	-0.061496	 0.404123	-0.269503	 1.032399	 0.866380	-1.270993	 0.076824	 0.498280
-0.613027	-0.707509	 0.498859	 0.498080	-0.059649	 0.451178	-0.269503	 1.230168	 0.862914	-1.279982	 0.076825	 0.498280
-0.610575	-0.704678	 0.498859	 0.498810	-0.058726	 0.474706	-0.269503	 0.826196	 0.859463	-0.781899	 0.076826	 0.498280
-0.608133	-0.701858	 0.498859	 0.499174	-0.058264	 0.486470	-0.269503	 0.624211	 0.856025	-0.532857	 0.076826	 0.498280
-0.605700	-0.699051	 0.498859	 0.499357	-0.058033	 0.492352	-0.269503	 0.523218	 0.852601	-0.408337	 0.076826	 0.498280
-0.603277	-0.696254	 0.498859	 0.499448	-0.057918	 0.495293	-0.769503	 0.472721	 0.849190	-0.346076	 0.076826	 0.498280
-0.600864	-0.693469	 0.498859	 0.499493	-0.057860	 0.496763	-1.016964	 0.447473	 0.845793	-0.314946	 0.076826	 0.498280
-0.598461	-0.690695	 0.498859	 0.499516	-0.057831	-0.002502	-0.638166	 0.934849	 0.842410	-0.799381	 0.076826	 0.498280
-0.596067	-0.687932	 0.498859	 0.499528	-0.057817	-0.251130	-0.448767	 1.175693	 0.839041	-1.039031	 0.076826	 0.498280
-0.593683	-0.685181	 0.498859	 0.499533	-0.057809	 0.124555	-0.354067	 1.293281	 0.835684	-1.156298	 0.076826	 0.498280
-0.591308	-0.682440	 0.498859	 0.499536	-0.057806	 0.311397	-0.306717	 1.349254	 0.832342	-1.212385	 0.076826	 0.498280
-0.588943	-0.679710	 0.498859	 0.499538	-0.057804	 0.404819	-0.283042	 1.374430	 0.829012	-1.237891	 0.076826	 0.498280
-0.586587	-0.676991	 0.498859	 0.499538	-0.057803	 0.451529	-0.271205	 1.384218	 0.825696	-1.248118	 0.076826	 0.498280
-0.584240	-0.674283	 0.498859	 0.499539	-0.057803	 0.474884	-0.265286	 1.386325	 0.822394	-1.250714	 0.076826	 0.498280
-0.581903	-0.671586	 0.498859	 0.499539	-0.057802	-0.013438	-0.262327	 1.384601	 0.819104	-1.249506	 0.076826	 0.498280
-0.579576	-0.668900	 0.498859	 0.499539	-0.057802	-0.256596	-0.260847	 1.380973	 0.815828	-1.246405	 0.076826	 0.498280
-0.577258	-0.666224	 0.498859	 0.499539	-0.057802	-0.378174	-0.260107	 1.376405	 0.812564	-1.742368	 0.076826	 0.498280
-0.574949	-0.663559	 0.498859	 0.499539	-0.057802	-0.438964	-0.259737	 1.371377	 0.809314	-1.985873	 0.076826	 0.498280
-0.572649	-0.660905	 0.498859	 0.499539	-0.057802	 0.030641	-0.259552	 1.366130	 0.806077	-1.103167	 0.076826	 0.498280
-0.570358	-0.658261	 0.498859	 0.499539	-0.057802	 0.264444	-0.259460	 1.360785	 0.802852	-0.661813	 0.076826	 0.498280
-0.568077	-0.655628	 0.498859	 0.499539	-0.057802	-0.118655	-0.259414	 1.355402	 0.799641	-0.941137	 0.076826	 0.498280
-0.565804	-0.653006	 0.498859	 0.499539	-0.057802	-0.309201	-0.259391	 1.350010	 0.796442	-1.078358	 0.076826	 0.498280
-0.063541	-0.650394	 0.498859	 0.499539	-0.057802	-0.904474	-0.259379	 0.844625	 0.793257	-1.144537	 0.076826	 0.498280
 0.187590	-0.647792	 0.498859	 0.499539	-0.057802	-1.199111	-0.259373	 0.591932	 0.790084	-1.175205	 0.076826	 0.498280
 0.313156	-0.645201	 0.498859	 0.499539	-0.057802	-1.343442	-0.259370	 0.465586	 0.786923	-1.188127	 0.076826	 0.498280
 0.375939	-0.642620	 0.498859	 0.499539	-0.057802	-0.412632	-0.259369	 0.902413	 0.783776	-0.692187	 0.076826	 0.498280
 0.407331	-0.640050	 0.498859	 0.499539	-0.057802	 0.051736	-0.259368	 1.118148	 0.780640	-0.444216	 0.076826	 0.498280
-0.076974	-1.137490	 0.498859	-0.000461	-0.057802	 0.282889	-0.259368	 0.723348	 0.777518	-0.820231	 0.076826	 0.498280
-0.318003	-1.382940	 0.498859	-0.249460	-0.057802	 0.397437	-0.259368	 0.525948	 0.774408	-1.005846	 0.076826	 0.498280
-0.437400	-1.502408	 0.498859	 0.126040	-0.057802	-0.046313	-0.259368	 0.427247	 0.271310	-1.096270	 0.076826	 0.498280
-0.495985	-1.558898	 0.498859	 0.312788	-0.057802	-0.268188	-0.259368	 0.377897	 0.019761	-1.139109	 0.076826	 0.498280
-0.524168	-1.083913	 0.498859	 0.406161	-0.057802	 0.120874	-0.259367	 0.353222	 0.393987	-0.658165	 0.076826	 0.498280
-0.537155	-0.845202	 0.498859	 0.452848	-0.057802	 0.314385	-0.259367	 0.340885	 0.579563	-0.417692	 0.076826	 0.498280
-0.542548	-0.724634	 0.498859	 0.476191	-0.057802	 0.410125	-0.259367	 0.334716	 0.670821	-0.297456	 0.076826	 0.498280
-0.544149	-0.663141	 0.498859	 0.487863	-0.057802	-0.043016	-0.259367	 0.831632	 0.714926	-0.737338	 0.076826	 0.498280
-0.543858	-0.631192	 0.498859	 0.493699	-0.057802	-0.269587	-0.259367	 1.077432	 0.735460	-0.954925	 0.076826	 0.498280
-0.542625	-0.614019	 0.498859	-0.003383	-0.057802	 0.117127	-0.259367	 1.197686	 0.744216	-1.061373	 0.076826	 0.498280
-0.540926	-0.604239	 0.498859	-0.250923	-0.057802	 0.309477	-0.259367	 1.255177	 0.747087	-1.112262	 0.076826	 0.498280
-0.538998	-0.598159	 0.498859	 0.125307	 0.442198	 0.404648	-0.259367	 0.781298	 0.747023	-0.635379	 0.076826	 0.498280
-0.536960	-0.593936	 0.498859	 0.312419	 0.690313	 0.452234	-0.259367	 0.544358	 0.745497	-0.396938	 0.076826	 0.498280
-0.534871	-0.590645	 0.498859	-0.094026	 0.312494	-0.023974	-0.259367	 0.425888	 0.743246	-0.777718	 0.076826	 0.498280
-0.532761	-0.587824	 0.498859	-0.296247	 0.123585	-0.261077	-0.259367	 0.366653	 0.740639	-0.965791	 0.076826	 0.498280
-0.530644	-0.585244	 0.498859	-0.397357	 0.029130	-0.379628	-0.259367	 0.337035	 0.737859	-1.057519	 0.076826	 0.498280
-0.528529	-0.582789	 0.498859	 0.052088	-0.018097	 0.061096	-0.259367	 0.822227	 0.734999	-1.101085	 0.076826	 0.498280
-0.526419	-0.580400	 0.498859	 0.275807	-0.041711	 0.280454	-0.259367	 1.062207	 0.732105	-1.120579	 0.076826	 0.498280
-0.524315	-0.578050	 0.498859	 0.387667	-0.053518	 0.390133	-0.259367	 1.179593	 0.729199	-1.128045	 0.076826	 0.498280
-0.522219	-0.575723	 0.498859	 0.443596	-0.059421	 0.444973	-0.259367	 1.235692	 0.726294	-1.129508	 0.076826	 0.498280
-0.520130	-0.573413	 0.498859	 0.471561	-0.062373	-0.027607	-0.259367	 1.261158	 0.723394	-0.627977	 0.076826	 0.498280
-0.518050	-0.571116	 0.498859	 0.485544	-0.063849	-0.262897	-0.259367	 1.271318	 0.720504	-0.377212	 0.076826	 0.498280
-0.515978	-0.568830	 0.498859	-0.007465	-0.064587	 0.119458	-0.259367	 0.773835	 0.717623	-0.751829	 0.076826	 0.498280
-0.513914	-0.566554	 0.498859	-0.252968	-0.064956	 0.309632	-0.259367	 0.525093	 0.714753	-0.936885	 0.076826	 0.498280
-0.511858	-0.564287	 0.498859	-0.375720	-0.065140	 0.404719	-0.259367	 0.400723	 0.711895	-1.027169	 0.076826	 0.498280
-0.009811	-0.562030	 0.498859	 0.062904	-0.065232	 0.452263	-0.259367	 0.838537	 0.709047	-1.070076	 0.076826	 0.498280
 0.241213	-0.559781	 0.498859	 0.281213	-0.065279	 0.476034	-0.259367	 1.054892	 0.706211	-1.089303	 0.076826	 0.498280
-0.133275	-0.557542	 0.498859	-0.109633	-0.065302	 0.487920	-0.259367	 1.160527	 0.703386	-0.596700	 0.076826	 0.498280
-0.319504	-0.555312	 0.498859	-0.304054	-0.065313	 0.493863	-0.259367	 1.210812	 0.700573	-0.350398	 0.076826	 0.498280
-0.411607	-0.553091	 0.498859	 0.098735	-0.065319	 0.496835	-0.259367	 1.233432	 0.697770	-0.727248	 0.076826	 0.498280
-0.456651	-0.550878	 0.498859	 0.299126	-0.065322	 0.498320	-0.259367	 1.242230	 0.694979	-0.913464	 0.076826	 0.498280
-0.478169	-0.548675	 0.498859	 0.399322	 0.434677	-0.000937	-0.259367	 1.244127	 0.692199	-0.504373	 0.076826	 0.498280
-0.488929	-0.546480	 0.498859	 0.449420	 0.682807	-0.249565	-0.259367	 1.242584	 0.689431	-0.299827	 0.076826	 0.498280
-0.494308	-0.544294	 0.498859	 0.474469	 0.805010	-0.373879	-0.259367	 1.239330	 0.686673	-0.197554	 0.076826	 0.498280
 0.003002	-1.042117	 0.498859	 0.486993	 0.364257	-0.436036	-0.259367	 0.735231	 0.683926	-0.646418	 0.076826	 0.498280
 0.250656	-1.287949	 0.498859	 0.493256	 0.143880	-0.467115	-0.259367	 0.483181	 0.681190	-0.868659	 0.076826	 0.498280
 0.374484	-0.907797	 0.498859	 0.496387	 0.033692	 0.017346	-0.259367	 0.857156	 0.678466	-0.477598	 0.076826	 0.498280
 0.436397	-0.716666	 0.498859	 0.497952	-0.021402	 0.258573	-0.259367	 1.041682	 0.675752	-0.282067	 0.076826	 0.498280
-0.032646	-0.620049	 0.498859	 0.498735	-0.048949	 0.379186	-0.259367	 1.131492	 0.673049	-0.184302	 0.076826	 0.498280
-0.266164	-0.570694	 0.498859	 0.499126	-0.062722	 0.439493	-0.259367	 1.173955	 0.670357	-0.135420	 0.076826	 0.498280
-0.382923	-0.544974	 0.498859	 0.499322	-0.069609	 0.469646	-0.259367	 0.692753	 0.667675	-0.110978	 0.076826	 0.498280
-0.441303	-0.531075	 0.498859	 0.499420	-0.073053	 0.484723	-0.259367	 0.452152	 0.665005	-0.098758	 0.076826	 0.498280
-0.470493	-0.523091	 0.498859	 0.499469	-0.074774	 0.492261	-0.259367	 0.331852	 0.662345	-0.092647	 0.076826	 0.498280
-0.485087	-0.518069	 0.498859	 0.499493	-0.075635	 0.496030	-0.259367	 0.771702	 0.659695	-0.089592	 0.076826	 0.498280
-0.492385	-0.514532	 0.498859	 0.499506	-0.076066	 0.497915	-0.259367	 0.989203	 0.657056	-0.088064	 0.076826	 0.498280
-0.496034	-0.511742	 0.498859	 0.499512	-0.076281	-0.001143	-0.259367	 1.095541	 0.654428	-0.087301	 0.076826	 0.498280
-0.497858	-0.509328	 0.498859	 0.499515	-0.076388	-0.249671	-0.259367	 1.146306	 0.651810	-0.086919	 0.076826	 0.498280
-0.498770	-0.507108	 0.498859	 0.499516	 0.423558	 0.126065	-0.259367	 1.169294	 0.649203	-0.586728	 0.076826	 0.498280
-0.499226	-0.504988	 0.498859	 0.499517	 0.671684	 0.312929	-0.259367	 1.178404	 0.646606	-0.834459	 0.076826	 0.498280
 0.000546	-0.502922	 0.498859	 0.499517	 0.293907	-0.093639	-0.259367	 1.180584	 0.644020	-0.456161	 0.076826	 0.498280
 0.249431	-0.500888	 0.498859	 0.499518	 0.105019	-0.295922	-0.259367	 1.179308	 0.641444	-0.267011	 0.076826	 0.498280
 0.373874	-0.499870	 0.498859	 0.499518	 0.010575	-0.397064	-0.259367	 1.176314	 0.638878	-0.172437	 0.076826	 0.498280
