 0.493203	-0.472409	 0.661499	 0.776439	-0.846051	 0.312571	-0.791004	 0.897602	 0.553778	 0.204774	 0.499869	-0.250745
-0.003697	-0.472409	 0.161781	 0.774064	-0.842665	 0.406181	-0.287840	 0.894018	 0.455064	 0.204776	 0.499869	 0.124757
-0.251145	-0.472409	-0.088078	 0.771334	-0.839294	 0.452987	-0.036258	 0.890444	 0.405706	 0.204777	 0.499869	 0.311508
 0.125130	-0.472409	 0.286992	 0.768431	-0.835936	-0.023611	-0.410467	 0.886884	 0.881028	 0.204777	 0.499869	 0.404883
 0.312265	-0.472409	 0.473203	 0.765449	-0.832592	-0.260909	-0.596003	 0.883337	 1.115976	 0.204777	 0.499869	 0.451570
 0.405833	-0.472409	 0.564990	 0.762433	-0.829262	-0.379558	-0.687207	 0.879804	 1.230748	 0.204777	 0.499869	 0.474914
-0.047383	-0.472409	 0.609570	 0.759406	-0.825945	-0.438883	-0.731252	 0.876285	 1.285443	 0.204777	 0.499869	 0.486586
-0.272990	-0.472409	 0.630551	 0.756380	-0.822641	-0.468545	-0.751725	 0.872780	 1.310110	 0.204777	 0.499869	 0.492422
-0.385794	-0.472409	 0.139739	 0.753360	-0.819350	 0.016624	-0.760416	 0.869289	 0.819774	 0.204777	 0.499869	 0.495340
-0.442195	-0.472409	-0.105667	 0.750349	-0.816073	 0.258204	-0.763224	 0.865812	 0.574606	 0.204777	 0.499869	 0.496799
-0.470396	-0.472409	 0.271630	 0.747349	-0.812809	-0.121005	-0.763096	 0.862349	 0.452022	-0.295223	 0.499869	 0.497528
-0.484497	-0.472409	 0.458980	 0.744361	-0.809557	-0.309609	-0.761506	 0.858899	 0.390730	-0.543632	 0.499869	 0.497893
 0.008453	-0.972409	 0.551363	 0.741384	-0.806319	 0.096088	-0.759191	 0.855464	 0.360084	-0.166253	 0.499869	 0.498076
 0.253925	-1.219464	 0.596267	 0.738418	-0.803094	 0.297934	-0.756519	 0.852042	 0.344761	 0.022437	 0.499869	 0.498167
 0.376661	-1.340059	 0.617436	 0.735465	-0.799881	 0.398856	-0.753676	 0.848634	 0.337100	 0.116781	 0.499869	 0.498212
 0.438029	-0.897435	 0.626744	 0.732523	-0.796682	 0.449318	-0.750753	 0.845239	 0.833269	 0.163954	 0.499869	 0.498235
 0.468713	-0.676123	 0.630126	 0.729593	-0.793495	 0.474548	-0.747796	 0.841858	 1.078695	 0.187540	 0.499869	 0.498246
 0.484055	-0.565467	 0.630550	 0.726674	-0.790321	-0.012836	-0.744827	 0.838491	 1.198760	 0.199333	 0.499869	 0.498252
 0.491726	-0.510139	 0.629500	 0.723768	-0.787160	-0.255528	-0.741859	 0.835137	 1.256154	 0.205230	 0.499869	 0.498255
 0.495562	-0.482475	 0.627718	 0.720873	-0.784011	 0.123126	-0.238898	 0.831796	 1.282224	 0.208178	 0.499869	 0.498256
 0.497479	-0.468643	 0.625575	 0.717989	-0.780875	 0.311449	 0.012583	 0.828469	 1.292643	 0.209652	 0.499869	 0.498257
 0.498438	-0.461727	 0.623257	 0.715117	-0.777752	 0.405611	 0.138324	 0.825155	 0.795246	 0.210389	 0.499869	 0.498258
 0.498918	-0.458269	 0.620855	 0.712257	-0.774641	 0.452692	 0.201194	 0.821855	 0.546548	 0.210758	 0.499869	 0.498258
 0.499157	-0.456540	 0.618418	 0.709408	-0.771542	 0.476232	 0.232629	 0.818567	 0.422199	 0.210942	 0.499869	 0.498258
 0.499277	-0.455675	 0.615967	 0.706570	-0.768456	 0.488003	-0.251653	 0.815293	 0.860024	 0.211034	 0.499869	 0.498258
 0.499337	-0.455243	 0.613515	 0.703744	-0.765382	 0.493888	-0.492323	 0.812032	 1.076341	 0.211080	 0.499869	 0.498258
 0.499367	-0.455027	 0.611067	 0.700929	-0.762321	 0.496830	-0.611191	 0.808784	 1.181914	 0.211103	 0.499869	 0.498258
 0.499382	-0.454919	 0.608625	 0.698125	-0.759271	 0.498302	-0.669166	 0.805549	 1.232126	 0.211115	 0.499869	 0.498258
 0.499390	-0.454865	 0.606192	 0.695333	-0.756234	 0.499037	-0.696699	 0.802326	 1.254667	 0.211121	 0.499869	 0.498258
 0.499393	-0.454838	 0.603768	 0.692551	-0.753209	 0.499405	-0.709016	 0.799117	 1.263383	 0.211123	 0.499869	 0.498258
 0.499395	-0.454824	 0.601354	 0.189781	-0.750197	 0.499589	-0.713733	 0.795921	 1.265197	 0.211125	 0.499869	 0.498258
 0.499396	-0.454817	 0.598948	-0.061604	-0.747196	 0.499681	-0.714654	 0.792737	 1.263570	 0.211126	 0.499869	 0.498258
 0.499397	-0.454814	 0.596553	-0.187297	-0.744207	 0.499727	-0.713684	 0.789566	 1.260232	 0.211126	 0.499869	 0.498258
 0.499397	-0.454812	 0.094166	 0.249857	-0.741230	-0.000250	-0.211773	 0.786408	 0.756050	 0.211126	 0.499869	 0.498258
 0.499397	-0.454811	-0.157027	 0.467060	-0.738265	-0.249238	 0.039182	 0.783262	 0.503959	 0.211126	 0.499869	 0.498258
 0.499397	-0.454811	-0.282623	 0.574293	-0.735312	 0.126268	 0.164660	 0.780129	 0.877913	 0.211126	 0.499869	 0.498258
 0.499397	-0.454811	-0.345421	 0.626546	-0.732371	 0.313017	 0.227399	 0.777008	 1.062386	 0.211126	 0.499869	 0.498258
 0.499397	-0.454811	 0.123179	 0.651315	-0.729441	 0.406392	-0.741232	 0.773900	 1.152129	 0.211126	 0.499869	 0.498258
 0.499397	-0.454811	 0.356296	 0.662348	-0.726524	 0.453079	-1.222127	 0.770805	 1.194517	 0.211126	 0.499869	 0.498258
-0.000603	-0.454811	 0.471676	 0.666517	-0.723618	 0.476423	-0.959169	 0.767722	 1.213237	 0.211126	 0.499869	-0.001742
-0.249602	-0.454811	 0.528192	 0.667261	-0.720723	 0.488095	-0.826297	 0.764651	 1.220133	 0.211126	 0.499869	-0.250739
-0.374101	-0.454811	 0.555280	 0.666296	-0.717840	 0.493931	-0.758475	 0.761592	 1.221127	 0.211126	 0.499869	-0.375237
 0.063649	-0.454811	 0.067659	 0.664483	-0.714969	 0.496849	-0.223182	 0.758546	 1.219180	 0.211126	 0.499869	 0.062514
 0.281522	-0.454811	-0.176151	 0.662252	-0.712109	 0.498308	 0.044464	 0.755512	 1.215772	 0.211126	 0.499869	 0.280389
 0.390458	-0.454811	 0.201944	 0.659816	-0.209260	 0.499037	 0.178287	 0.752490	 0.711643	 1.211126	 0.499869	 0.389326
 0.444926	-0.454811	 0.389831	 0.657283	 0.042164	 0.499402	 0.245199	 0.749480	 0.459579	 1.706704	 0.499869	 0.443795
 0.472160	-0.454811	-0.017380	 0.154707	 1.667876	-0.000416	 1.778655	-0.753518	-0.666453	 2.950088	 0.499869	 0.471029
 0.485777	-0.454811	-0.220986	-0.096581	 2.474145	-0.249324	 2.538758	-1.500504	-1.225884	 3.563394	 0.499869	 0.484647
 0.492585	 0.045189	-0.322789	-0.722225	 3.870718	-0.373778	 4.412213	-2.869502	-2.502029	 3.361693	 0.499869	-0.008545
 0.495990	 0.294099	-0.373691	-1.032351	 4.558471	-0.436005	 5.336368	-3.545524	-3.132545	 3.254522	 0.499869	-0.254137
 0.497692	 0.417468	-0.399141	-2.184729	 7.391854	-0.967119	 7.785925	-4.875092	-3.940277	 3.194643	-0.000131	-0.376933
 0.498543	 0.478071	-0.411867	-2.754244	 8.788096	-1.229679	 8.990233	-5.527467	-4.334647	 3.158433	-0.249131	-0.438331
 0.498968	 0.507295	-0.418229	-3.032354	 9.465848	-1.357975	 9.571997	-5.841294	-4.522374	 3.134084	-0.373631	-0.469030
 0.499181	 0.020834	-0.921411	-3.164788	 11.284436	-1.419150	 11.342572	-5.985898	-5.106818	 2.615690	 0.064119	-0.484380
 0.499288	-0.222397	-1.170152	-3.224411	 12.167525	-1.446777	 12.201633	-6.045939	-5.387657	 2.352298	 0.281990	-0.492055
 0.499341	-0.344012	-1.291685	-3.247654	 13.582968	-1.457642	 12.605042	-6.063747	-5.016739	 2.716425	 0.390926	-0.495892
 0.499367	-0.404820	-1.349625	-3.252734	 14.260692	-1.460137	 12.780730	-6.060488	-4.821989	 2.892327	 0.445394	-0.497811
 0.499381	-0.435224	-1.375780	-3.248758	 14.569678	-1.458460	 13.342661	-6.046744	-4.715359	 2.974141	 0.472628	-0.498770
 0.499387	-0.450426	-1.386054	-3.240280	 14.694413	-1.454707	 13.595817	-6.027806	-4.652827	 3.008937	 0.486245	-0.499250
 0.499391	-0.458026	-1.388398	-3.229578	 14.727143	-1.449929	 13.694697	-6.006320	-5.112380	 3.020247	 0.493053	-0.499489
 0.499392	-0.461827	-1.386788	-3.217789	 14.713988	-1.444650	 13.716550	-5.983607	-5.331013	 3.019839	 0.496457	-0.499609
 0.499393	-0.463727	-1.383213	-3.205483	 14.678008	-1.439131	 13.700000	-5.960328	-5.429230	 3.013596	 0.498160	-0.499669
 0.499394	-0.464677	-1.378667	-3.692943	 15.130735	-1.433505	 13.664358	-5.936815	-4.967284	 3.004460	 0.499011	-0.499699
 0.499394	-0.465152	-1.373645	-3.928313	 15.325931	-1.427836	 13.619280	-5.913232	-4.727300	 2.993901	 0.499436	-0.499714
 0.499394	-0.465390	-1.368397	-3.537670	 15.392487	-1.422157	 13.569592	-5.889661	-4.598333	 2.982655	 0.499649	-0.499722
 0.499394	-0.465509	-1.363046	-3.336055	 15.394847	-1.416485	 13.517708	-5.866143	-4.524911	 2.971089	 0.499755	-0.499726
 0.499394	-0.465568	-1.357656	-3.228978	 15.365232	-1.410827	 13.964835	-5.842699	-5.979297	 2.959387	 0.499808	-0.499727
 0.499394	-0.465598	-1.352256	-3.169196	 15.319754	-1.405188	 14.159574	-5.819339	-6.691623	 2.947641	 0.499835	-0.499728
 0.499394	 0.034387	-1.346863	-3.633086	 15.766466	-1.399569	 14.228235	-5.796067	-5.532978	 3.435896	 0.499848	-0.499729
 0.499394	 0.283311	-1.341483	-3.856837	 15.957396	-1.393972	 14.233972	-5.772885	-4.944907	 3.672175	 0.499855	-0.499729
 0.499394	 0.406709	-1.336121	-3.960551	 16.020564	-1.388396	 14.208361	-5.749795	-4.642157	 3.782498	 0.499858	-0.499729
 0.499394	 0.467347	-1.330778	-3.504280	 15.519981	-1.382843	 14.167190	-5.726796	-4.982104	 3.329874	 0.499860	-0.499729
 0.499394	 0.496610	-1.325456	-3.270048	 15.239650	-1.377312	 14.118352	-5.703889	-5.141433	 3.097807	 0.499861	-0.499729
 0.499394	 0.010190	-1.320155	-3.146861	 15.569566	-1.371803	 14.065794	-5.681074	-5.210496	 2.976042	 0.499861	-0.499729
 0.499394	-0.233020	-1.314874	-3.079220	 15.702725	-1.366315	 14.011489	-5.658350	-5.234469	 2.909451	 0.499861	-0.499729
 0.499394	 0.145375	-1.309615	-3.039376	 15.237633	-1.360850	 13.956422	-5.635716	-4.735938	 2.870470	 0.499862	-0.499729
 0.499394	 0.333525	-1.304376	-3.013455	 14.975542	-1.355407	 13.901086	-5.613173	-4.478198	 2.845316	 0.499862	-0.499729
 0.499394	 0.426557	-1.799159	-2.994520	 15.315069	-1.349985	 13.845726	-5.590721	-4.840887	 2.827099	 0.499862	-0.499729
 0.499394	 0.472033	-2.041962	-2.979101	 15.453524	-1.344585	 13.790466	-5.568358	-5.011824	 2.812373	 0.499862	-0.499729
 0.499394	 0.493737	-2.158795	-2.965464	 15.491567	-1.339207	 13.735365	-5.546084	-5.086927	 2.799414	 0.499862	-0.499729
 0.499394	 0.503558	-2.212659	-2.952742	 15.479530	-1.333850	 13.680454	-5.523900	-4.614155	 2.787362	 0.499862	-0.499729
 0.499394	 0.507441	-2.235059	-2.940501	 15.442576	-1.328515	 13.625748	-5.501804	-4.369486	 2.775786	 0.499862	-0.499729
 0.499394	 0.008360	-2.241743	-3.428524	 15.393288	-1.323201	 13.571252	-5.479797	-4.738902	 2.764469	 0.499862	-0.499729
 0.499394	-0.241180	-2.240589	-3.664702	 15.337956	-1.317908	 13.516971	-5.457878	-4.913393	 2.753304	 0.499862	-0.499729
 0.499394	 0.134050	-2.235533	-3.274990	 15.279725	-1.312636	 13.462905	-5.436047	-4.490463	 2.742238	 0.499862	-0.499729
 0.499394	 0.320646	-2.228544	-3.074363	 15.220166	-1.307386	 13.409054	-5.414302	-4.270863	 2.731242	 0.499862	-0.499729
 0.499394	 0.412930	-1.720606	-3.468302	 15.160065	-1.302156	 13.355419	-5.392645	-4.152960	 2.720304	 0.499862	-0.499729
 0.499394	 0.458061	-1.464212	-3.657547	 15.099815	-1.296947	 13.301997	-5.371075	-4.085939	 2.709416	 0.499862	-0.499729
 0.499394	 0.479620	-1.333599	-3.744476	 15.039611	-1.291760	 13.248789	-5.349590	-4.044390	 2.698575	 0.499862	-0.499729
 0.499394	 0.489398	-1.765887	-3.280278	 14.979550	-1.286593	 13.195794	-5.328192	-4.015610	 2.687779	 0.499862	-0.499729
 0.499394	 0.494286	-1.977635	-3.042546	 14.919681	-1.281446	 13.143011	-5.306879	-3.993247	 2.677027	 0.499862	-0.499729
 0.499394	 0.496731	-2.079130	-3.418071	 14.860026	-1.276320	 13.090439	-5.285652	-4.474123	 2.666318	 0.499862	-0.499729
 0.499394	 0.497953	-2.125516	-3.598246	 14.800598	-1.271215	 13.038077	-5.264509	-4.704651	 2.655653	 0.499862	-0.499729
 0.499394	 0.498564	-2.144365	-3.680777	 14.741402	-1.266130	 12.985925	-5.243451	-4.810045	 3.145030	 0.499862	-0.499729
 0.499394	 0.498870	-2.149463	-3.714516	 14.682439	-1.261066	 12.933981	-5.222477	-4.852911	 3.382450	 0.499862	-0.499729
 0.499394	 0.499022	-1.647703	-3.723888	 11.623711	-1.256022	 10.382245	-5.201587	-4.364552	 3.493920	 0.499862	-0.499729
 0.499394	 0.499099	-1.394531	-3.721108	 10.077217	-1.250997	 9.090716	-5.180781	-4.112621	 3.542444	 0.499862	-0.499729
 0.499394	 0.499137	-1.265663	-3.712282	 9.286909	-1.245993	 8.429354	-5.160058	-3.978933	 3.559525	 0.499862	-0.499729
 0.499394	 0.499156	-0.698955	-3.200461	 5.374761	-1.241009	 6.083136	-4.139418	-3.404399	 3.560912	 0.499862	-0.499729
 0.499394	 0.499166	-0.415601	-2.939174	 3.415762	-1.236045	 4.902554	-3.622860	-3.111473	 3.554480	 0.499862	-0.499729
 0.499394	-0.000830	-0.273924	-2.303175	 1.433349	-1.231101	 2.804818	-2.858368	-1.959372	 3.044169	 0.499862	-0.499729
 0.499394	-0.249826	-0.203085	-1.981840	 0.443241	-1.226177	 1.754537	-2.471935	-1.381707	 2.783945	 0.499862	-0.499729
 0.499394	-0.874324	 0.332334	-1.817852	-3.050720	-0.721272	-1.272013	-1.774547	-0.091267	 1.148786	 0.499862	 0.000271
 0.499394	-1.183575	 0.598308	-1.732551	-4.784610	-0.468820	-2.776690	-1.423699	 0.551555	 0.331206	 0.499862	 0.249270
 0.499394	-1.335215	 0.729566	-1.686605	-5.138519	-0.342594	-3.020466	-0.746129	 0.870577	-0.077583	 0.499862	-0.126230
 0.499394	-1.408061	 0.793474	-1.660351	-5.304488	-0.279481	-3.135826	-0.407344	 1.027709	-0.281978	 0.499862	-0.312977
 0.499394	-1.441523	 0.823713	-1.643956	-5.376532	-0.247924	-3.187003	-0.237952	 1.103905	-0.384176	 0.499862	-0.406350
 0.499394	-1.455303	 0.837125	-1.632503	-5.901657	-0.232146	-3.206116	-0.153256	 1.139643	-0.435275	 0.499862	 0.046963
 0.499394	-1.459256	 0.842129	-1.623535	-6.151366	-0.224257	-3.209221	-0.110908	 1.155162	-0.460824	 0.499862	 0.272619
 0.499394	-1.458305	 0.842937	-1.615821	-6.263418	-0.220312	-3.204350	-0.089733	 1.160579	-0.473599	 0.499862	 0.385447
 0.499394	-1.454915	 0.841654	-1.608749	-6.306693	-0.218340	-3.195515	-0.079146	 1.160956	-0.479986	 0.499862	 0.441861
 0.499394	-1.450317	 0.839332	-1.102009	-5.815631	-0.217354	-3.184724	-0.073853	 1.158822	-0.483180	 0.499862	 0.470068
 0.499394	-1.445127	 0.836496	-0.847448	-5.559450	-0.216861	-3.172981	-0.071206	 1.155441	-0.484776	 0.499862	 0.484172
 0.499394	-1.439652	 0.833411	-0.718982	-5.420754	-0.216614	-3.160787	-0.069883	 1.151447	-0.485575	 0.499862	 0.491224
 0.499394	-1.434046	 0.830208	-0.653568	-5.340841	-0.216491	-3.148392	-0.069221	 1.147155	-0.485974	 0.499862	 0.494750
 0.499394	-1.428386	 0.826953	-0.619685	-5.290363	-0.216429	-3.135923	-0.068890	 1.142723	-0.486174	 0.499862	 0.496513
 0.499394	-1.422711	 0.823678	-0.601572	-5.254644	-0.216398	-3.123442	-0.068725	 1.138231	-0.486273	 0.499862	 0.497394
 0.499394	-1.417039	 0.820399	-0.591348	-5.226347	-0.216383	-3.110979	-0.068642	 1.133717	-0.486323	 0.499862	 0.497835
 0.499394	-1.411380	 0.817126	-0.585074	-5.201802	-0.216375	-3.098551	-0.068601	 1.129202	-0.486348	 0.499862	 0.498055
 0.499394	-1.405740	 0.813861	-0.580780	-5.179175	-0.216371	-3.086164	-0.068580	 1.124695	-0.486361	 0.499862	 0.498165
 0.499394	-0.900119	 0.810608	-0.577479	-5.157549	-0.216369	-3.073824	-0.068570	 1.120201	-0.486367	 0.499862	 0.498220
 0.499394	-0.647309	 0.807366	-0.574681	-5.136464	-0.216368	-3.061530	-0.068565	 1.115723	-0.486370	 0.499862	 0.498248
 0.499394	-0.520904	 0.804137	-0.572138	-5.115690	-0.216368	-3.049285	 0.431438	 1.111261	-0.486372	 0.499862	 0.498262
 0.499394	-0.457701	 0.800921	-0.569727	-5.095114	-0.216368	-3.037088	 0.679576	 1.106816	-0.486373	 0.499862	 0.498269
 0.499394	-0.426100	 0.797718	-0.567387	-5.074677	-0.216368	-3.024940	 0.801790	 1.102389	-0.486373	 0.499862	 0.498272
 0.499394	-0.410299	 0.794527	-0.565087	-5.054349	-0.216368	-3.012841	 0.861049	 1.097980	-0.486373	 0.499862	 0.498274
 0.499394	-0.402399	 0.791349	-0.562811	-5.034118	-0.216367	-3.000789	 0.888838	 1.093588	-0.486373	 0.499862	 0.498275
 0.499394	-0.398449	 0.788183	-0.560553	-5.013974	-0.216367	-2.988786	 0.400899	 1.089214	-0.486373	 0.499862	 0.498275
 0.499394	-0.396474	 0.785031	-0.558306	-4.993915	-0.216367	-2.976831	 0.156930	 1.084857	-0.486373	 0.499862	 0.498275
-0.000606	-0.395486	 0.781891	-0.556071	-4.973937	 0.283633	-2.964924	 0.534945	 1.080518	-0.486373	 0.499862	 0.498275
-0.249605	-0.394992	 0.778763	-0.553846	-4.954041	 0.532065	-2.953064	 0.722127	 1.076196	-0.486373	 0.499862	 0.498275
 0.125896	-0.394745	 0.775648	-0.551630	-4.934224	 0.154721	-3.441252	 0.813899	 1.071891	-0.486373	 0.499862	 0.498275
 0.312643	-0.394622	 0.772545	-0.549423	-4.914487	-0.033952	-3.677487	 0.857974	 1.067603	-0.486373	 0.499862	 0.498275
 0.406017	-0.394560	 0.769455	-0.547226	-4.894829	-0.128288	-3.787777	 0.878207	 1.063333	-0.486373	 0.499862	 0.498275
 0.452704	-0.894529	 0.766377	-0.545037	-4.875250	-0.175456	-3.335126	 0.886527	 1.059079	-0.486373	 0.499862	 0.498275
 0.476047	-1.141725	 0.763312	-0.542857	-4.855749	-0.199040	-3.103035	 0.888897	 1.054843	-0.486373	 0.499862	 0.498275
 0.487719	-0.762545	 0.760259	-0.540685	-4.836326	 0.289168	-2.981248	 0.888299	 1.050624	-0.486373	 0.499862	 0.498275
 0.493555	-0.572955	 0.757218	-0.538522	-4.816980	 0.531717	-2.914636	 0.886225	 1.046421	-0.486373	 0.499862	 0.498275
 0.496473	-0.478160	 0.754189	-0.536368	-4.797712	 0.151443	-2.875633	 0.883420	 1.042236	-0.986373	 0.499862	 0.498275
 0.497932	-0.430762	 0.751172	-0.534223	-4.778521	-0.038694	-2.850459	 0.880256	 1.038067	-1.233401	 0.499862	 0.498275
 0.498661	-0.407064	 0.748167	-0.532086	-4.759407	-0.133762	-2.832221	 0.876920	 1.033914	-0.853953	 0.499862	 0.498275
 0.499026	-0.395214	 0.745175	-0.529958	-4.740370	-0.181296	-2.817474	 0.873505	 1.029779	-0.664230	 0.499862	 0.498275
 0.499208	-0.389289	 0.742194	-0.527838	-4.721408	-0.205063	-2.804495	 0.870057	 1.025660	-0.569368	 0.499862	 0.498275
 0.499300	-0.386327	 0.739225	-0.525726	-4.702523	-0.216947	-2.792423	 0.866600	 1.021557	-0.521937	 0.499862	 0.498275
 0.499345	-0.384846	 0.736268	-0.523623	-4.683713	-0.222889	-2.780826	 0.863145	 1.017471	-0.498222	 0.499862	 0.498275
 0.499368	-0.384105	 0.733323	-0.521529	-4.664978	-0.225860	-2.769489	 0.859698	 1.013401	-0.486364	 0.499862	 0.498275
 0.499379	-0.383735	 0.730390	-0.519443	-4.646318	-0.227345	-2.758304	 0.856262	 1.009347	-0.480435	 0.499862	 0.498275
 0.499385	-0.883550	 0.727468	-0.517365	-4.627733	-0.228088	-2.747218	 0.352839	 1.005310	-0.477471	 0.499862	 0.498275
 0.499388	-1.130691	 0.724558	-0.515296	-4.609222	-0.228459	-2.736202	 0.101127	 1.001289	-0.475988	 0.499862	 0.498275
 0.499389	-0.751505	 0.721660	-0.513234	-4.090785	-0.228645	-2.725244	 0.475271	 0.997283	-0.475247	 0.499862	-0.001725
 0.499390	-0.561913	 0.718773	-0.511181	-3.824422	-0.228738	-2.714336	 0.660644	 0.993294	-0.474877	 0.499862	-0.250721
 0.499390	-0.467116	 0.715898	-0.509137	-3.684124	-0.228784	-2.703476	 0.751639	 0.989321	-0.474691	 0.499862	-0.375219
 0.499391	-0.419718	 0.713035	-0.007100	-3.606887	-0.228807	-2.692660	 0.795451	 0.985364	-0.474599	 0.499862	 0.062532
 0.499391	-0.396019	 0.710183	 0.243918	-3.561210	-0.228819	-2.681889	 0.815678	 0.981422	-0.474552	 0.499862	 0.280406
 0.499391	-0.384170	 0.707342	 0.369427	-3.531340	-0.228825	-2.671161	 0.824120	 0.977497	-0.474529	 0.499862	 0.389344
 0.499391	-0.378245	 0.704513	 0.432182	-3.509402	-0.228828	-2.660476	 0.826676	 0.973587	-0.474518	 0.499862	 0.443813
 0.499391	-0.375282	 0.701695	-0.036441	-3.991458	-0.228829	-2.649834	 0.826295	 0.969692	-0.474512	 0.499862	 0.471047
 0.499391	-0.373801	 0.698888	-0.269742	-4.223539	-0.228830	-2.639234	 0.824453	 0.965814	-0.474509	 0.499862	 0.484664
 0.499391	-0.873061	 0.696092	 0.114613	-3.830669	-0.228830	-2.628677	 0.821887	 0.961950	-0.474508	 0.499862	 0.491473
 0.499391	-1.119946	 0.693308	 0.306791	-3.627358	-0.228830	-2.618163	 0.818965	 0.958103	-0.474507	 0.499862	 0.494877
 0.499391	-0.740655	 0.690535	-0.097120	-3.518854	-0.228830	-2.607690	 0.815872	 0.954270	-0.474506	 0.499862	 0.496579
 0.499391	-0.551009	 0.687772	-0.298074	-3.457782	-0.228831	-2.597259	 0.812700	 0.950453	-0.474506	 0.499862	 0.497430
 0.499391	-0.456186	 0.685021	-0.398550	-3.420452	-0.228831	-2.586870	 0.809495	 0.946651	-0.474506	 0.499862	 0.497856
 0.499391	-0.408775	 0.682281	 0.051211	-3.395021	-0.228831	-2.576523	 0.806280	 0.942865	-0.474506	 0.499862	 0.498068
 0.499391	-0.385069	 0.679552	 0.275090	-3.375566	-0.228831	-2.566217	 0.803066	 0.939093	-0.474506	 0.499862	 0.498175
 0.499391	-0.373216	 0.676834	 0.387030	-3.859127	-0.228831	-2.555952	 0.799860	 0.935337	-0.474506	 0.499862	 0.498228
 0.499391	-0.367290	 0.674127	 0.442999	-4.092221	-0.228831	-2.545728	 0.796663	 0.931596	-0.474506	 0.499862	 0.498255
-0.000609	-0.864327	 0.671430	-0.029016	-4.200118	-0.228831	-2.535545	 0.793478	 0.927869	-0.474506	 0.499862	 0.498268
-0.249608	-1.110122	 0.668744	-0.264021	-4.245451	-0.228831	-2.525403	 0.790305	 0.924158	-0.474506	 0.499862	 0.498275
-0.374107	-0.730308	 0.666069	-0.381524	-4.259535	-0.228831	-2.515301	 0.787144	 1.420461	-0.474506	 0.499862	 0.498278
-0.436357	-0.540401	 0.663405	-0.440276	-4.258030	-0.228831	-2.505240	 0.783996	 1.664779	-0.474506	 0.499862	 0.498280
-0.467482	-0.445448	 0.660752	-0.469651	-4.248765	-0.228831	-2.495219	 0.780860	 1.783120	-0.474506	 0.499862	 0.498280
-0.483044	-0.397971	 0.158108	-0.484339	-3.735653	-0.228831	-2.485238	 0.777736	 1.338488	-0.474506	 0.499862	 0.498281
-0.490826	-0.374233	-0.093213	-0.491683	-3.472652	-0.228831	-2.475297	 0.774625	 1.114384	-0.474506	 0.499862	 0.498281
-0.494716	-0.362363	 0.281126	 0.004645	-3.334732	-0.228831	-2.465396	 0.771527	 1.500551	-0.474506	 0.499862	 0.498281
-0.496661	-0.356429	 0.466985	 0.251807	-3.259379	-0.228831	-2.455535	 0.768441	 1.689861	-0.474506	 0.499862	 0.498281
 0.002366	-0.353462	 0.558609	 0.375388	-3.715334	-0.228831	-2.445712	 0.765367	 1.780758	-0.474506	 0.499862	 0.498281
 0.250877	-0.351978	 0.603120	 0.437179	-3.934969	-0.228831	-2.435930	 0.762306	 1.822463	-0.474506	 0.499862	 0.498281
-0.124868	-0.851236	 0.624080	 0.468074	-3.536477	-0.228831	-1.926186	 0.759256	 1.839587	-0.474506	 0.499862	 0.498281
-0.311739	-1.098164	 0.633271	 0.483522	-3.330955	-0.228831	-1.668481	 0.756219	 1.844436	-0.474506	 0.499862	 0.498281
-0.405174	-1.218938	 0.636581	 0.491245	-3.221944	-0.228831	-1.536807	 0.753194	 1.843162	-0.474506	 0.499862	 0.498281
 0.048108	-0.776646	 0.636956	 0.495107	-3.161212	 0.271169	-1.968160	 0.750182	 1.338841	-0.474506	 0.499862	 0.498281
 0.273746	-0.555499	 0.635869	 0.497038	-3.124645	 0.519627	-2.179037	 0.747181	 1.085012	-0.474506	 0.499862	 0.498281
-0.113435	-0.944926	 0.634056	 0.498004	-3.100185	 0.142320	-2.279696	 0.744192	 0.956434	-0.474506	 0.499862	 0.498281
-0.306024	-1.136971	 0.631885	 0.498486	-3.081804	-0.046334	-2.325265	 0.741215	 0.890490	-0.474506	 0.499862	 0.498281
 0.097682	-1.230335	 0.629540	 0.498728	-3.066487	-0.140661	-2.343308	 0.738251	 0.855869	-0.474506	 0.499862	 0.498281
 0.298532	-1.274370	 0.627113	 0.498849	-3.052726	-0.187824	-2.347606	 0.735298	 0.836916	-0.474506	 0.499862	 0.498281
 0.398957	-0.793751	 0.624650	-0.001091	-3.039767	-0.211406	-2.345052	 0.732356	 1.325803	-0.474506	 0.499862	 0.498281
 0.449169	-0.553441	 0.622174	-0.250059	-3.027234	-0.223197	-2.339089	 0.729427	 1.566618	-0.474506	 0.499862	 0.498281
 0.474275	-0.433286	 0.619697	-0.374543	-3.014939	-0.229092	-2.331442	 0.726509	 1.683410	-0.474506	 0.499862	 0.498281
 0.486828	-0.373209	 0.617224	-0.436785	-3.002785	-0.232040	-2.322971	 0.723603	 1.738206	-0.474506	 0.499862	 0.498281
 0.493105	-0.343170	 0.614758	-0.467906	-2.990727	-0.233514	-2.314106	 0.720709	 1.762018	-0.474506	 0.499862	 0.498281
-0.003757	-0.328151	 0.612300	-0.483466	-2.978741	-0.234251	-2.305063	 0.717826	 1.770352	-0.474506	 0.499862	 0.498281
-0.251186	-0.320641	 0.609852	-0.491246	-2.966815	-0.234619	-2.295950	 0.714955	 1.770962	-0.474506	 0.499862	 0.498281
 0.125099	-0.316886	 0.607413	 0.004863	-2.954941	 0.265197	-2.286820	 0.712095	 1.767723	-0.474506	 0.499862	 0.498281
 0.312239	-0.315009	 0.604983	 0.251916	-2.943119	 0.513575	-2.277699	 0.709246	 1.762575	-0.474506	 0.499862	 0.498281
 0.405809	-0.314070	 0.602564	 0.375443	-2.931345	 0.636240	-2.268602	 0.706409	 1.756486	-0.474506	 0.499862	 0.498281
 0.452593	-0.313601	 0.600153	 0.437206	-2.919619	 0.696054	-2.259534	 0.703584	 1.749941	-0.474506	 0.499862	 0.498281
 0.475986	-0.313366	 0.597753	 0.468088	-2.907940	 0.724450	-2.250499	 0.700769	 1.743182	-0.474506	 0.499862	 0.498281
 0.487682	-0.313249	 0.595362	 0.483529	-2.896308	 0.237142	-2.241499	 0.697966	 1.236329	-0.474506	 0.499862	 0.498281
 0.493530	-0.313190	 0.592980	 0.491249	-2.884723	-0.006512	-2.232533	 0.695175	 0.981444	-0.474506	 0.499862	 0.498281
 0.496454	-0.313161	 0.590608	 0.495109	-2.873184	-0.128339	-2.223604	 0.692394	 1.352548	-0.474506	 0.499862	 0.498281
 0.497916	-0.313146	 0.588246	 0.497039	-2.861691	-0.189252	-2.214710	 0.689624	 1.534653	-0.474506	 0.499862	 0.498281
 0.498647	-0.313139	 0.585893	 0.498004	-2.850244	 0.280291	-2.205851	 0.686866	 1.122272	-0.474506	 0.499862	 0.498281
 0.499013	-0.313135	 0.583549	 0.498487	-2.838843	 0.513563	-2.197027	 0.684118	 0.914662	-0.474506	 0.499862	 0.498281
 0.499196	-0.313133	 0.581215	 0.498728	-2.827488	 0.128705	-2.188239	 0.681382	 1.309442	-0.474506	 0.499862	 0.498281
 0.499287	-0.313132	 0.578890	 0.498849	-2.816178	-0.063724	-2.179486	 0.678656	 1.503424	-0.474506	 0.499862	 0.498281
 0.499333	-0.313132	 0.576575	 0.498909	-2.804913	-0.159938	-2.170769	 0.675942	 1.597021	-0.474506	 0.499862	 0.498281
 0.499356	-0.313131	 0.574269	 0.498939	-2.793693	-0.708045	-2.162085	 1.173238	 1.140437	-0.474506	 0.499862	 0.498281
 0.499367	-0.313131	 0.571971	 0.498954	-2.782519	-0.979587	-2.153437	 1.418545	 0.910778	-0.474506	 0.499862	 0.498281
 0.499373	-0.313131	 0.569684	-0.001038	-2.771389	-0.112855	-2.144823	 1.537871	 0.294586	-0.474506	 0.499862	 0.498281
 0.499376	-0.313131	 0.567405	-0.250032	-2.760303	 0.319003	-2.136244	 1.594219	-0.013510	-0.474506	 0.499862	 0.498281
 0.499377	-0.813131	 0.565135	 0.125471	-2.749262	 0.033430	-2.127699	 1.119092	 0.332442	-0.474506	 0.499862	 0.498281
 0.499378	-1.060505	 0.562875	 0.312220	-2.738265	-0.109356	-2.119188	 0.880241	 0.504061	-0.474506	 0.499862	 0.498281
-0.000622	-0.681576	 0.560623	 0.405595	-2.727312	-0.180749	-2.110712	 1.259533	 0.588520	-1.474506	 0.499862	 0.498281
-0.249621	-0.492112	 0.558381	 0.452282	-2.716402	-0.216446	-2.102269	 1.445901	 0.629403	-1.969557	 0.499862	 0.498281
-0.374120	-0.397379	 0.556147	 0.475626	-2.705537	-0.234294	-2.093860	 1.535820	 0.648504	-2.212153	 0.499862	 0.498281
 0.063631	-0.350013	 0.553923	 0.487298	-2.694715	-0.243218	-2.085484	 1.577529	 1.156719	-1.328542	 0.499862	 0.498281
 0.281503	-0.326330	 0.551707	 0.493134	-2.683936	-0.247680	-2.077142	 1.595144	 1.407497	-0.886736	 0.499862	 0.498281
 0.390439	-0.314489	 0.549500	 0.496052	-2.673200	 0.250089	-2.068834	 1.100726	 1.529569	-0.665833	 0.499862	 0.498281
 0.444907	-0.308568	 0.547302	 0.497511	-2.662507	 0.497477	-2.060558	 0.852305	 1.587302	-0.555382	 0.499862	 0.498281
 0.472141	-0.305608	 0.545113	 0.498240	-2.651857	 0.619682	-2.052316	 1.226887	 1.612879	-0.500156	 0.499862	 0.498281
 0.485758	-0.304127	 0.542932	 0.498605	-2.641250	 0.679301	-2.044107	 1.410974	 1.622390	-0.472543	 0.499862	 0.498281
 0.492567	-0.303387	 0.540761	 0.498787	-2.630685	 0.207632	-2.035930	 0.999828	 1.123882	-0.958737	 0.499862	 0.498281
 0.495971	-0.303017	 0.538598	 0.498878	-2.620162	-0.028202	-2.027787	 0.793078	 0.873377	-1.198944	 0.499862	 0.498281
 0.497673	-0.302832	 0.536443	 0.498924	-2.609681	-0.146119	-2.019676	 0.688530	 0.746879	-1.316169	 0.499862	 0.498281
-0.001476	-0.302740	 0.534297	 0.498947	-2.599243	-0.205078	-2.011597	 1.135088	 0.682389	-0.871915	 0.499862	 0.498281
-0.250049	-0.302693	 0.532160	 0.498958	-2.588846	-0.234557	-2.003550	 1.355204	 0.648908	-0.649788	 0.499862	 0.498281
-0.374336	-0.302670	 0.530032	 0.498964	-2.578490	 0.250703	-1.995536	 1.462111	 0.130937	-0.538724	 0.499862	 0.498281
-0.436479	-0.302659	 0.527911	 0.498967	-2.568176	 0.491861	-1.987554	 1.512426	-0.128049	-0.483193	 0.499862	 0.498281
 0.032450	-0.302653	 0.525800	 0.498968	-2.557904	 0.610974	-1.979604	 1.534459	 0.242459	-0.455427	 0.499862	-0.001719
 0.265911	-0.302650	 0.523697	 0.498969	-2.547672	 0.669071	-1.971685	 1.542362	 0.426486	-0.441544	 0.499862	-0.250715
 0.382642	-0.302649	 0.521602	 0.498969	-2.537481	 0.196665	-1.963799	 1.043213	 1.017279	-0.434602	 0.499862	 0.124786
 0.441007	-0.302648	 0.519515	 0.498970	-2.527331	-0.039538	-1.955944	 0.792550	 1.309459	-0.431131	 0.499862	 0.311537
 0.470190	-0.302648	 0.517437	 0.498970	-2.517222	-0.157640	-1.948120	 0.666135	 1.452346	-0.429396	 0.499862	 0.404912
 0.484781	-0.302647	 0.515368	 0.498970	-2.507153	-0.216691	-1.940327	 1.101848	 1.020599	-0.428528	 0.499862	 0.451599
 0.492077	-0.302647	 0.513306	 0.498970	-2.497125	-0.246216	-1.932566	 1.316630	 0.803548	-0.428095	 0.499862	 0.474943
 0.495725	-0.302647	 0.511253	 0.498970	-2.487136	 0.239021	-1.924836	 0.920958	 1.193849	-0.427878	 0.499862	 0.486615
 0.497548	-0.302647	 0.509208	 0.498970	-2.477188	 0.480191	-1.917136	 0.722071	 1.385832	-0.427769	 0.499862	 0.492451
 0.498460	-0.302647	 0.507171	 0.498970	-2.467279	 0.099334	-1.909468	 1.121581	 1.478667	-0.427715	 0.499862	-0.004631
 0.498916	-0.302647	 0.505142	 0.498970	-2.457410	-0.091095	-1.901830	 1.318294	 1.521942	-0.427688	 0.499862	-0.252169
 0.499144	-0.302647	 0.503122	 0.498970	-2.447580	-0.186310	-1.894223	 1.413621	 1.540449	-0.427674	 0.499862	 0.124063
 0.499258	-0.302647	 0.501109	 0.498970	-2.437790	-0.233917	-1.886646	 1.458266	 1.546585	-0.427668	 0.499862	 0.311178
 0.499315	-0.302647	 0.500103	 0.498970	-2.428039	-0.257720	-1.879099	 1.477583	 1.546547	-0.427664	 0.499862	 0.404735
 0.499344	-0.302647	 0.499600	 0.498970	-2.418326	-0.269622	-1.871583	 1.484248	 1.543435	-0.427662	 0.499862	 0.451514
 0.499358	-0.302647	 0.499348	 0.498970	-2.408653	-0.275573	-1.864096	 1.484598	 1.538798	-0.427662	 0.499862	 0.474903
 0.499365	-0.302647	 0.499223	 0.498970	-2.399019	 0.221451	-1.856640	 1.481803	 1.533412	-0.427661	 0.499862	 0.486598
 0.499369	-0.302647	 0.499160	 0.498970	-2.389422	 0.468527	-1.849213	 1.477448	 1.527662	-0.427661	 0.499862	 0.492445
 0.499371	-0.302647	 0.499128	 0.498970	-2.379865	 0.590633	-1.841817	 1.472324	 1.521744	-0.427661	 0.499862	 0.495369
 0.499371	-0.302647	 0.499113	 0.498970	-2.370345	 0.650261	-1.834449	 1.466828	 1.515753	-0.427661	 0.499862	 0.496831
 0.499372	-0.302647	 0.499105	 0.498970	-2.360864	 0.178655	-1.827112	 1.461157	 1.009738	-0.427661	 0.499862	 0.497562
 0.499372	-0.302647	 0.499101	 0.498970	-2.351421	-0.057148	-1.819803	 1.455411	 0.755723	-0.427661	 0.499862	 0.497927
 0.499372	-0.302647	 0.499099	 0.498970	-2.342015	-0.175049	-1.812524	 0.949638	 1.127712	-0.427661	 0.499862	 0.498110
 0.499372	-0.302647	 0.499098	 0.498970	-2.332647	-0.234000	-1.805274	 0.696752	 1.310707	-0.427661	 0.499862	 0.498201
 0.499372	-0.302647	 0.499097	 0.498970	-2.323316	-0.263475	-1.798053	 0.570309	 1.399218	-0.427661	 0.499862	 0.498247
 0.499372	-0.302647	 0.499097	 0.498970	-2.314023	 0.221787	-1.790860	 0.507087	 1.440497	-0.427661	 0.499862	 0.498270
 0.499372	-0.302647	 0.499097	 0.498970	-2.304767	 0.463004	-1.783697	 0.475476	 1.458174	-0.427661	 0.499862	 0.498281
-0.000628	-0.302647	 0.499097	 0.498970	-2.295548	 0.582204	-1.776562	 0.459671	 0.964060	-0.427661	 0.499862	 0.498287
-0.249626	-0.302647	 0.499097	 0.498970	-2.286366	 0.640401	-1.769456	 0.451768	 0.717003	-0.427661	 0.499862	 0.498290
 0.125874	-0.302647	 0.499097	 0.498970	-2.277220	 0.668103	-1.262378	 0.947817	 1.093475	-0.427661	 0.499862	 0.498291
 0.312622	-0.302647	 0.499097	 0.498970	-2.268111	 0.680562	-1.007329	 1.192953	 1.278771	-0.427661	 0.499862	 0.498292
-0.094004	-0.802647	 0.499097	 0.498970	-2.259039	 0.185405	-1.378299	 1.312646	 0.868490	-0.427661	 0.499862	 0.498292
-0.296316	-1.050042	 0.499097	 0.498970	-2.250003	-0.062173	-1.560286	 1.369627	 0.663350	-0.427661	 0.499862	 0.498292
-0.397472	-1.171144	 0.499097	 0.498970	-2.241003	-0.185962	-1.647795	 1.395264	 0.560780	-0.427661	 0.499862	 0.498293
 0.051950	-0.729111	 0.499097	 0.498970	-2.232039	-0.247857	-1.688079	 1.405241	 1.009495	-0.427661	 0.499862	 0.498293
 0.275658	-0.508094	 0.499097	 0.498970	-2.223110	-0.278804	-1.704764	 1.407399	 1.230936	-0.427661	 0.499862	 0.498293
 0.387512	-0.397586	 0.499097	 0.498970	-2.214218	 0.205722	-1.709664	 1.405659	 1.338752	-0.927661	 0.499862	 0.498293
 0.443439	-0.342332	 0.499097	 0.498970	-2.205361	 0.446605	-1.708684	 1.401981	 1.389767	-1.174805	 0.499862	 0.498293
 0.471403	-0.314705	 0.499097	 0.498970	-2.196540	 0.065672	-1.704779	 1.397346	 1.412393	-0.795534	 0.499862	 0.498293
 0.485385	-0.300891	 0.499097	 0.498970	-2.187754	-0.124795	-1.699425	 1.392243	 1.420836	-0.605898	 0.499862	 0.498293
 0.492376	-0.293985	 0.499097	 0.498970	-2.179003	 0.279971	-1.693360	 1.386917	 1.422198	-0.511080	 0.499862	 0.498293
 0.495871	-0.290531	 0.499097	 0.498970	-2.170287	 0.480985	-1.686953	 1.381491	 1.420033	-0.463671	 0.499862	 0.498293
 0.497619	-0.288805	 0.499097	 0.498970	-2.161605	 0.580128	-1.680388	 1.376026	 1.416114	-0.439967	 0.499862	 0.498293
 0.498493	-0.287941	 0.499097	 0.498970	-2.152959	 0.628341	-1.673758	 0.870552	 0.911331	-0.428115	 0.499862	-0.001707
 0.498929	-0.287509	 0.499097	 0.498970	-2.144347	 0.651094	-1.667109	 0.617815	 0.658939	-0.422188	 0.499862	-0.250704
 0.499148	-0.287294	 0.499097	 0.498970	-2.135770	 0.161123	-1.660463	 0.991447	 1.032743	-0.919225	 0.499862	-0.375202
 0.499257	-0.287186	 0.499097	 0.498970	-2.127227	-0.083862	-1.653833	 1.175532	 1.216832	-1.164911	 0.499862	-0.437451
 0.499312	-0.287132	 0.499097	-0.001030	-2.118718	-0.206355	-1.147223	 1.264856	 1.306074	-1.284933	 0.499862	 0.031424
 0.499339	-0.287105	 0.499097	-0.250028	-2.110243	-0.267601	-0.892637	 1.306809	 1.347905	-1.342134	 0.499862	 0.264861
 0.499353	-0.287091	 0.499097	 0.125473	-2.101802	 0.201775	-1.264068	 1.325088	 1.366041	-0.867936	 0.499862	 0.381580
 0.499360	-0.287085	 0.499097	 0.312221	-2.093395	 0.435122	-1.446512	 1.331541	 1.372341	-0.630837	 0.499862	 0.439939
 0.499363	-0.287081	 0.499097	 0.405596	-2.085021	 0.550458	-1.534477	 1.332092	 1.372733	-0.512287	 0.499862	 0.469119
 0.499365	-0.287080	 0.499097	 0.452283	-2.076681	 0.106794	-1.575214	 1.329702	 1.370183	-0.453012	 0.499862	 0.483708
 0.499366	-0.287079	 0.499097	 0.475626	-2.068374	-0.115038	-1.592351	 1.325852	 1.366173	-0.423375	 0.499862	 0.491003
 0.499366	-0.287078	 0.499097	-0.012702	-2.060101	-0.225954	-1.597700	 1.321283	 1.361443	-0.408556	 0.499862	 0.494651
 0.499366	-0.287078	 0.499097	-0.255864	-2.051860	-0.281411	-1.597169	 1.316365	 1.356365	-0.401147	 0.499862	 0.496475
-0.000634	-0.287078	 0.499097	 0.122555	-2.043653	-0.309140	-1.593710	 1.311283	 1.351123	-0.397442	 0.499862	 0.497386
-0.249632	-0.287078	 0.499097	 0.310763	-2.035478	-0.323005	-1.588800	 1.306130	 1.345811	-0.395590	 0.499862	 0.497842
 0.125868	-0.287078	 0.499097	 0.404866	-2.027336	-0.329937	-1.583177	 1.300952	 1.340474	-0.394664	 0.499862	 0.498070
 0.312616	-0.287078	 0.499097	 0.451918	-2.019227	-0.333403	-1.577210	 1.295771	 1.335135	-0.394201	 0.499862	 0.498184
 0.405990	-0.287078	 0.499097	 0.475444	-2.011150	-0.335136	-1.571085	 1.290599	 1.329806	-0.393969	 0.499862	 0.498241
 0.452677	-0.287078	 0.499097	 0.487207	-2.503106	-0.336003	-1.564892	 1.285442	 1.324492	-0.393853	 0.499862	 0.498270
 0.476020	-0.287078	 0.499097	 0.493089	-2.743093	-0.336436	-1.558678	 1.280303	 1.319197	-0.393796	 0.499862	 0.498284
-0.012308	-0.287078	-0.000903	 0.496029	-2.357121	 0.163347	-1.552466	 1.275184	 1.313922	-0.393767	 0.499862	 0.498291
-0.255471	-0.287078	-0.249901	 0.497500	-2.160192	 0.411913	-1.546268	 1.270084	 1.308667	-0.393752	 0.499862	 0.498295
-0.377053	-0.287078	 0.125600	 0.498235	-1.557802	 0.034874	-1.540089	 1.265004	 1.303432	-0.393745	 0.499862	 0.498296
-0.437843	-0.287078	 0.312348	 0.498603	-1.254695	-0.153645	-1.533931	 1.259944	 1.298219	-0.393741	 0.499862	 0.498297
 0.031761	-0.287078	 0.405722	 0.498786	-1.601239	 0.252096	-1.027797	 1.254904	 1.293026	-0.893739	 0.499862	 0.498298
 0.265561	-0.287078	 0.452409	 0.498878	-1.770615	 0.453650	-0.773686	 1.249885	 1.287854	-1.140951	 0.499862	 0.498298
 0.382461	-0.287078	 0.475753	 0.498924	-1.351423	 0.053117	-1.145592	 1.244885	 0.782703	-0.761781	 0.499862	 0.498298
 0.440911	-0.287078	 0.487424	 0.498947	-1.139963	-0.147149	-1.328510	 1.239906	 0.530127	-0.572195	 0.499862	 0.498298
 0.470136	-0.287078	 0.493260	 0.498959	-1.032376	-0.247283	-1.416946	 1.234946	 0.403839	-0.477403	 0.499862	 0.498298
 0.484748	-0.287078	 0.496178	 0.498964	-1.476733	 0.202651	-1.458153	 1.230006	 0.840695	-0.430006	 0.499862	-0.001702
 0.495707	-0.287078	 0.498367	 0.498969	-1.800410	 0.036843	-0.981574	 1.220186	 1.161960	-0.394459	 0.499862	 0.124803
 0.497534	-0.287078	 0.498731	 0.498969	-1.849269	-0.157892	-0.734482	 1.215305	 1.212121	-0.388535	 0.499862	 0.311554
 0.498447	-0.287078	 0.498914	 0.498970	-1.369903	 0.244741	-1.110935	 1.210444	 0.734677	-0.385572	 0.499862	 0.404929
 0.498904	-0.287078	 0.499005	 0.498970	-1.128438	 0.444763	-1.296188	 1.205602	 0.495955	-0.384091	 0.499862	 0.451616
 0.499132	-0.287078	 0.499050	-0.001030	-1.005932	 0.543484	-1.385851	 1.200780	 0.876594	-0.383351	 0.499862	 0.474960
 0.499246	-0.287078	 0.499073	-0.250028	-0.942912	 0.591560	-1.427731	 1.195977	 1.064399	-0.382980	 0.499862	 0.486632
 0.499303	-0.287078	 0.499085	-0.374527	-0.909642	 0.614319	-1.445733	 1.191193	 1.155797	-0.382795	 0.499862	 0.492468
-0.000668	-0.287078	 0.499090	 0.063224	-0.891255	 0.624424	-1.451806	 1.186428	 1.199002	-0.382703	 0.499862	 0.495386
-0.249652	-0.287078	 0.499093	 0.281097	-0.880315	 0.628208	-1.451926	 1.181682	 1.218119	-0.382656	 0.499862	 0.496845
-0.374145	-0.287078	 0.499095	 0.390034	-1.373107	 0.128836	-1.449083	 1.176955	 1.225204	-0.882633	 0.499862	 0.497574
-0.436391	-0.287078	 0.499095	 0.444502	-1.615771	-0.120851	-1.444768	 1.172248	 1.226282	-1.129856	 0.499862	 0.497939
 0.032486	-0.287078	 0.499096	 0.471736	-1.733386	 0.254306	-1.439730	 1.167559	 1.224366	-0.750714	 0.499862	 0.498121
 0.265922	-0.287078	 0.499096	 0.485353	-1.788491	 0.440626	-1.434342	 1.162888	 1.220963	-0.561143	 0.499862	 0.498213
-0.117360	-0.287078	 0.499096	 0.492162	-1.812357	 0.032532	-0.928790	 1.158237	 1.216826	-0.466357	 0.499862	 0.498258
-0.308000	-0.287078	 0.499096	 0.495566	-1.820617	-0.171515	-0.676014	 1.153604	 1.212333	-0.418964	 0.499862	 0.498281
-0.403320	-0.287078	 0.499096	 0.497268	-1.821090	-0.273539	-0.549626	 1.148989	 1.207670	-0.395268	 0.499862	 0.498292
 0.049020	-0.287078	 0.499096	 0.498119	-1.817683	-0.324551	-0.486432	 1.144394	 1.202933	-0.383420	 0.499862	 0.498298
 0.274187	-0.287078	 0.499096	 0.498545	-1.812351	-0.350056	-0.454835	 1.139816	 1.198168	-0.377495	 0.499862	 0.498301
 0.386771	-0.287078	 0.499096	 0.998758	-1.806071	-0.362809	-0.939036	 1.135257	 1.193399	-0.374533	 0.499862	 0.498302
 0.443063	-0.287078	 0.499096	 1.245866	-1.799331	-0.369186	-1.178290	 1.130716	 1.188637	-0.373052	 0.499862	 0.498303
 0.471209	-0.287078	 0.499096	 0.866434	-1.292376	 0.127626	-1.295082	 1.126193	 0.683888	-0.372312	 0.499862	 0.498304
 0.485282	-0.287078	 0.499096	 0.676718	-1.037328	 0.374783	-1.350655	 1.121688	 0.431514	-0.371942	 0.499862	 0.498304
 0.492318	-0.287078	 0.499096	 0.581861	-1.408239	-0.002882	-1.375628	 1.117201	 0.805326	-0.371756	 0.499862	 0.498304
 0.495837	-0.287078	 0.499096	 0.534432	-1.590136	-0.191715	-1.385314	 1.112732	 0.989875	-0.371664	 0.499862	 0.498304
 0.497596	-0.287078	 0.499096	 0.510717	-1.677541	-0.286131	-1.387367	 1.108282	 1.079800	-0.371618	 0.499862	 0.498304
-0.001525	-0.287078	 0.499096	 0.498860	-1.217713	 0.166660	-0.885614	 1.103848	 1.122423	-0.871594	 0.499862	 0.498304
-0.250084	-0.287078	 0.499096	 0.492931	-0.986284	 0.391817	-0.634738	 1.099433	 1.141404	-1.118840	 0.499862	 0.498304
-0.374363	-0.287078	 0.499096	 0.489967	-1.369059	 0.003162	-1.009300	 1.095035	 1.148574	-0.739730	 0.499862	 0.498304
-0.436503	-0.287078	 0.499096	 0.488485	-1.556943	-0.191166	-1.193813	 1.090655	 1.149848	-0.550175	 0.499862	 0.498304
 0.032427	-0.287078	 0.499096	 0.487744	-1.147396	-0.288330	-1.283313	 1.086293	 1.148182	-0.455398	 0.499862	 0.498304
 0.265890	-0.287078	 0.499096	 0.487373	-0.941146	-0.336912	-1.325318	 1.081947	 1.145057	-0.408009	 0.499862	 0.498304
-0.117379	-0.287078	 0.499096	 0.487188	-0.836552	 0.138797	-0.843585	 1.077620	 0.141210	-0.384315	 0.499862	 0.498304
-0.308012	-0.287078	 0.499096	 0.487095	-0.782791	 0.375423	-0.602719	 1.073309	-0.358988	-0.372468	 0.499862	 0.498304
-0.403329	-0.287078	 0.499096	 0.487049	-0.754452	 0.492512	-0.482286	 1.069016	-0.607369	-0.366544	 0.499862	 0.498304
 0.049013	-0.287078	 0.499096	 0.487026	-1.238830	 0.049837	-0.422069	 1.064740	 0.270152	-0.863582	 0.499862	 0.498304
 0.274181	-0.287078	 0.499096	 0.487014	-1.477573	-0.171501	-0.391961	 1.060481	 0.706617	-1.109380	 0.499862	 0.498304
 0.386765	-0.287078	 0.499096	 0.487008	-1.093512	 0.217831	-0.876907	 1.056239	 0.922564	-0.729569	 0.499862	-0.001696
 0.443057	-0.287078	 0.499096	 0.487005	-0.900062	 0.411282	-1.116656	 1.052014	 1.028260	-0.539663	 0.499862	-0.250693
 0.471203	-0.287078	 0.499096	 0.487004	-1.301925	 0.506798	-1.233818	 1.047806	 0.578840	-0.444710	 0.499862	 0.124809
 0.485276	-0.287078	 0.499096	 0.487003	-1.499448	 0.553352	-1.289697	 1.043615	 0.354130	-0.397234	 0.499862	 0.311559
 0.492313	-0.787078	 0.499096	 0.487003	-1.594816	 0.575429	-1.314945	 0.539440	 0.741775	-0.873496	 0.499862	 0.404934
 0.495831	-1.034504	 0.499096	 0.487003	-1.639119	 0.585272	-1.324889	 0.287353	 0.933339	-1.108927	 0.499862	 0.451622
 0.497590	-1.155653	 0.499096	 0.487003	-1.657904	 0.589003	-1.327191	 0.161309	 1.026871	-1.223954	 0.499862	 0.474966
-0.001530	-0.713674	 0.499096	 0.487003	-1.663943	 0.589684	-0.825683	 0.598288	 0.571396	-0.778790	 0.499862	-0.013362
-0.250089	-0.492684	 0.499096	 0.487003	-1.663623	 0.588843	-0.574929	 0.814706	 0.343659	-0.556207	 0.499862	-0.256523
-0.374369	-0.382189	 0.499096	 0.487003	-1.160136	 0.587247	-0.949552	 0.420853	 0.729790	-0.444916	 0.499862	 0.121896
-0.436509	-0.326942	 0.499096	 0.487003	-0.907079	 0.585277	-1.134215	 0.223927	 0.920624	-0.389271	 0.499862	 0.310106
 0.032422	-0.299318	 0.499096	 0.487003	-0.779243	 0.583126	-0.723909	 0.625463	 0.513818	-0.361448	 0.499862	 0.404210
 0.265884	-0.285506	 0.499096	 0.487003	-0.714022	 0.580888	-0.518756	 0.824178	 0.310415	-0.347537	 0.499862	 0.451263
 0.382615	-0.278601	 0.499096	 0.487003	-0.680114	 0.078612	-0.916180	 0.921489	 0.708714	-0.340581	 0.499862	 0.474789
 0.440981	-0.275148	 0.499096	 0.487003	-0.661867	-0.172526	-1.112264	 0.968107	 0.905649	-0.337103	 0.499862	 0.486552
-0.029836	-0.273421	 0.499096	 0.487003	-1.151457	-0.298095	-0.707690	 0.989387	 1.001911	-0.335364	 0.499862	-0.007567
-0.264244	-0.272558	 0.499096	 0.487003	-1.392969	-0.360879	-0.505403	 0.998005	 1.047846	-0.334495	 0.499862	-0.253623
-0.381447	-0.272126	 0.499096	 0.487003	-1.510457	-0.392272	-0.404259	 1.000301	 1.068626	-0.334060	 0.499862	-0.376650
 0.059951	-0.271910	 0.499096	 0.487003	-1.065945	 0.092032	-0.853687	 0.999444	 1.076837	-0.333842	 0.499862	 0.061836
 0.279647	-0.271802	 0.499096	 0.487003	-0.842446	 0.333032	-1.075795	 0.997018	 1.078773	-0.333734	 0.499862	 0.280078
 0.389495	-0.271749	 0.499096	 0.487003	-0.729458	 0.452383	-0.684253	 0.993816	 1.077579	-0.333679	 0.499862	 0.389199
 0.444419	-0.271722	 0.499096	 0.487003	-0.671732	 0.510915	-0.488482	 0.990234	 1.074829	-0.333652	 0.499862	 0.443760
 0.471881	-0.271708	 0.499096	 0.987003	-1.141640	 0.039043	-0.890597	 0.986470	 0.571310	-0.333639	 0.499862	 0.471040
 0.485613	-0.271701	 0.499096	 1.234029	-1.373372	-0.196894	-1.089069	 0.982622	 0.319551	-0.333632	 0.499862	 0.484680
 0.492478	-0.271698	 0.499096	 1.354579	-1.486027	 0.185138	-1.185729	 0.978741	 0.193671	-0.333629	 0.499862	 0.491500
 0.495911	-0.271696	 0.499096	 1.411905	-1.539157	 0.375020	-1.231495	 0.974850	 0.130731	-0.333627	 0.499862	 0.494910
 0.497627	-0.271695	 0.499096	 1.437629	-1.562538	 0.468831	-1.251823	 0.970963	 0.099261	-0.333626	 0.499862	 0.496615
 0.498485	-0.271695	 0.499096	 1.447564	-1.071056	 0.514611	-0.759443	 0.967085	 0.583526	-0.333626	 0.499862	 0.497468
 0.498914	-0.271695	 0.499096	 1.449617	-0.824156	 0.536380	-0.513253	 0.963220	 0.823523	-0.333625	 0.499862	 0.497894
 0.499129	-0.271695	 0.499096	 0.947740	-0.699552	 0.546149	-0.890158	 0.959369	 0.441395	-0.333625	 0.499862	 0.498107
 0.499236	-0.271695	 0.499096	 0.696801	-0.636100	 0.549921	-1.076076	 0.955532	 0.250330	-0.333625	 0.499862	 0.498214
 0.499290	-0.271695	 0.499096	 0.571332	-0.603229	 0.050700	-0.666512	 0.951710	 0.154798	-0.333625	 0.499862	 0.498267
 0.499317	-0.271695	 0.499096	 0.508597	-0.585652	-0.198911	-0.461729	 0.947904	 0.107032	-0.333625	 0.499862	 0.498294
-0.000670	-0.271695	-0.000904	 0.477230	-1.075728	-0.323716	-0.859338	 0.944112	-0.416851	-0.333625	 0.499862	 0.498307
-0.249662	-0.271695	-0.249902	 0.461546	-1.317634	-0.386119	-1.055628	 0.940336	-0.676911	-0.333625	 0.499862	 0.498314
-0.374158	-0.271695	-0.374401	 0.453705	-1.435468	-0.417320	-1.151270	 0.936574	-0.805067	-0.333625	 0.499862	 0.498317
 0.063594	-0.271695	 0.063349	 0.449784	-0.991278	 0.067079	-1.196597	 0.932828	 0.132721	-0.333625	 0.499862	 0.498319
 0.281467	-0.271695	 0.281222	 0.447823	-0.768089	 0.308176	-1.216776	 0.929097	 0.599475	-0.333625	 0.499862	 0.498320
 0.390404	-0.271695	 0.390159	 0.446843	-0.655405	 0.427626	-0.724392	 0.925380	 0.330719	-0.333625	 0.499862	 0.498320
 0.444872	-0.271695	 0.444627	 0.446353	-0.597978	 0.486256	-0.478200	 0.921679	 0.196341	-0.333625	 0.499862	 0.498320
-0.027893	-0.271695	 0.471861	 0.946108	-0.568183	 0.514482	-0.855104	 0.917992	 0.629152	-0.333625	 0.499862	 0.498320
-0.263275	-0.271695	 0.485478	 1.193094	-0.552208	 0.527509	-1.041092	 0.914320	 0.843433	-0.333625	 0.499862	 0.498320
 0.119034	-0.271695	 0.492287	 0.813706	-0.543149	 0.532942	-0.631632	 0.910663	 0.948459	-0.333625	 0.499862	 0.498320
 0.309186	-0.271695	 0.495691	 0.624013	-0.537551	 0.534582	-0.426902	 0.907020	 0.998865	-0.333625	 0.499862	 0.498320
 0.404262	-0.271695	 0.497393	 0.529166	-0.533688	 0.534329	-0.324537	 0.903392	 1.021969	-0.333625	 0.499862	 0.498320
 0.451800	-0.271695	 0.498244	 0.981742	-1.030697	 0.533135	-0.773354	 0.899779	 1.031431	-0.333625	 0.499862	 0.498320
 0.475569	-0.271695	 0.498670	 1.205162	-1.276146	 0.531473	-0.995319	 0.896180	 1.034080	-0.333625	 0.499862	 0.498320
 0.487454	-0.271695	 0.498883	 0.314015	-0.895827	 0.029583	-0.603866	 0.892595	 0.533331	-0.333625	 0.499862	 0.498320
 0.493396	-0.271695	 0.498989	-0.130405	-0.704637	-0.221362	-0.408140	 0.889024	 0.282957	-0.333625	 0.499862	 0.498320
 0.496367	-0.271695	 0.499042	 0.648535	-1.108015	 0.153166	-0.810277	 0.885468	 0.657770	-0.333625	 0.499862	 0.498320
 0.497852	-0.271695	 0.499069	 1.035150	-1.306681	 0.339374	-1.008921	 0.881926	 0.843111	-0.333625	 0.499862	 0.498320
-0.001405	-0.271695	 0.499082	 1.225614	-0.903003	 0.431427	-1.105827	 0.878399	 0.433725	-0.333625	 0.499862	 0.498320
-0.250032	-0.271695	 0.499089	 1.318014	-0.701165	 0.476406	-1.151875	 0.874885	 0.229031	-0.333625	 0.499862	 0.498320
-0.374346	-0.271695	 0.499092	 1.361393	-0.600245	 0.497853	-1.172503	 0.871386	 0.126685	-0.333625	 0.499862	 0.498320
 0.063498	-0.271695	 0.499094	 0.880273	-0.549786	 0.507538	-1.180431	 0.867900	 0.575512	-0.333625	 0.499862	 0.498320
 0.281416	-0.271695	 0.499094	 0.639713	-0.524556	 0.511346	-1.182018	 0.864428	 0.797876	-0.333625	 0.499862	 0.498320
 0.390376	-0.271695	 0.499095	 0.519433	-1.011941	 0.012220	-0.680445	 0.860971	 0.407018	-0.833625	 0.499862	 0.498320
 0.444856	-0.271695	 0.499095	 0.459293	-1.252635	-0.237343	-0.429658	 0.857527	 0.211589	-1.080958	 0.499862	 0.498320
 0.472095	-0.271695	 0.499095	 0.429223	-0.869995	 0.137875	-0.304264	 0.854097	 0.613874	-0.701968	 0.499862	 0.498320
 0.485715	-0.271695	 0.499095	 0.414188	-0.678675	 0.324458	-0.241568	 0.850680	 0.812985	-0.512473	 0.499862	 0.498320
 0.492525	-0.271695	 0.499095	 0.406671	-1.583015	 0.416728	-0.210219	 0.847278	 0.410516	-0.417725	 0.499862	 0.498320
 0.495930	-0.271695	 0.499095	 0.402912	-2.030211	 0.461844	-0.194545	 0.843889	 0.209281	-0.370351	 0.499862	 0.498320
 0.497633	-0.271695	 0.499095	 0.401033	-2.248853	 0.483389	-0.186708	 0.840513	 0.108664	-0.346664	 0.499862	 0.498320
-0.001516	-0.271695	 0.499095	 0.400093	-2.353240	 0.493151	-0.682790	 0.837151	 0.558356	-0.334821	 0.499862	-0.001680
-0.250089	-0.271695	 0.499095	 0.399623	-2.400518	 0.497027	-0.928473	 0.833802	 0.781185	-0.328899	 0.499862	-0.250676
-0.374375	-0.271695	 0.499095	 0.899388	-1.419261	 0.497963	-1.048966	 0.830467	 0.890592	-0.325938	 0.499862	 0.124825
-0.436519	-0.271695	 0.499095	 1.146472	-0.928633	 0.498430	-1.106873	 0.827145	 0.943295	-0.324458	 0.499862	 0.311576
-0.467590	-0.271695	 0.499095	 0.767227	-0.683319	 0.498664	-1.133498	 0.823837	 0.967655	-0.323718	 0.499862	 0.404951
-0.483126	-0.271695	 0.499095	 0.577605	-0.560662	 0.498781	-1.144490	 0.820541	 0.977851	-0.323348	 0.499862	 0.451638
 0.009106	-0.271695	 0.499095	 0.982794	-0.499333	-0.001160	-1.147675	 0.817259	 0.480973	-0.823163	 0.499862	-0.025018
 0.254219	-0.271695	 0.499095	 1.182612	-0.468669	-0.250129	-1.146965	 0.813990	 0.232534	-1.070424	 0.499862	-0.262343
 0.376776	-0.271695	 0.499095	 1.279756	-0.453337	-0.374613	-1.144318	 0.810734	 0.108314	-1.191419	 0.499862	-0.381005
 0.438054	-0.271695	 0.499095	 0.825575	-0.445671	-0.436855	-0.640711	 0.807491	 0.546204	-0.749292	 0.499862	 0.059664
 0.468693	-0.271695	 0.499095	 0.598484	-0.441838	-0.467976	-0.388908	 0.804261	 0.763181	-0.528229	 0.499862	 0.278997
-0.015987	-0.271695	 0.499095	 0.484939	-0.439921	-0.483537	-0.763006	 0.801044	 0.369709	-0.417697	 0.499862	 0.388664
-0.257326	-0.271695	 0.499095	 0.428166	-0.438963	-0.491317	-0.947781	 0.797840	 0.172973	-0.362431	 0.499862	 0.443498
 0.122005	-0.271695	 0.499095	 0.399780	-0.438484	 0.004793	-0.537903	 0.794649	 0.074605	-0.334798	 0.499862	 0.470914
 0.310667	-0.271695	 0.499095	 0.385586	-0.438244	 0.251846	-0.332965	 0.791470	 0.025421	-0.320982	 0.499862	 0.484623
-0.095001	-0.271695	 0.499095	 0.878490	-0.438124	 0.375373	-0.230495	 0.788304	 0.500829	-0.314073	 0.499862	-0.008523
-0.296834	-0.271695	 0.499095	 1.122199	-0.438064	 0.437136	-0.179260	 0.785151	 0.736581	-0.310619	 0.499862	-0.254093
 0.102249	-0.271695	 0.499095	 1.241321	-0.438034	 0.468018	-0.153643	 0.782010	 0.852512	-0.308892	 0.499862	 0.123123
 0.300788	-0.271695	 0.499095	 1.298162	-0.438020	 0.483458	-0.140834	 0.778882	 0.908541	-0.308029	 0.499862	 0.310730
 0.400058	-0.271695	 0.499095	 1.323872	-0.438012	 0.491179	-0.134430	 0.775767	 0.934626	-0.307597	 0.499862	 0.404533
-0.050307	-0.271695	 0.499095	 0.834028	-0.438008	 0.495039	-0.131228	 0.772664	 0.445747	-0.307381	 0.499862	 0.451435
-0.274489	-0.271695	 0.499095	 0.589106	-0.438006	 0.496969	-0.129627	 0.769573	 0.201308	-0.307273	 0.499862	 0.474886
-0.386579	-0.271695	 0.499095	 0.466645	-0.438005	-0.002066	-0.128826	 0.766495	 0.579088	-0.307219	 0.499862	 0.486611
