 0.125668	 0.496433	 0.498481	 0.499463	 0.499222	 0.498262	 0.203571	 0.924253	 0.506919	-0.363408	-0.498075	 0.498629
 0.312510	 0.497983	 0.498481	 0.499463	 0.499222	 0.498262	 0.203571	 0.922023	 0.504891	-0.363408	-0.498075	 0.498629
-0.094069	 0.498758	 0.498481	 0.499463	 0.499222	 0.498262	 0.203571	 0.419069	 0.502872	 0.136592	-0.498075	 0.498629
-0.296358	 0.499146	 0.498481	 0.499463	 0.499222	 0.498262	 0.203571	 0.167591	 0.500861	 0.385319	-0.498075	 0.498629
-0.397502	 0.499340	 0.498481	 0.499464	 0.499222	 0.498262	 0.203571	 0.041853	 0.499855	 0.508414	-0.498075	 0.498629
 0.051926	 0.499437	 0.498481	 0.499464	 0.499222	 0.498262	 0.203571	 0.478984	 0.499352	 0.568699	-0.498075	 0.498629
 0.275637	 0.499485	 0.498481	 0.499464	 0.499222	 0.498262	 0.203571	 0.695717	 0.499101	 0.597583	-0.498075	 0.498629
-0.112507	 0.499509	 0.498481	 0.499464	 0.499222	 0.498262	 0.203571	 0.802258	 0.498975	-0.389227	-0.498075	 0.498629
-0.305578	 0.499522	 0.498481	 0.499464	 0.499222	 0.498262	 0.203571	 0.853712	 0.498912	-0.879881	-0.498075	 0.498629
 0.097887	 0.499528	 0.498481	 0.499464	 0.499222	 0.498262	 0.203571	 0.877628	 0.498881	-0.622466	-0.498075	 0.498629
 0.298616	 0.499531	 0.498481	 0.499464	 0.499222	 0.498262	 0.203571	 0.887783	 0.498865	-0.493759	-0.498075	 0.498629
 0.398981	 0.499532	 0.498481	 0.499464	 0.499222	 0.498262	 0.203571	 0.891065	 0.498857	-0.429405	-0.498075	 0.498629
 0.449163	 0.499533	 0.498481	 0.499464	 0.499222	 0.498262	 0.203571	 0.890917	 0.498853	-0.397229	-0.498075	 0.498629
 0.474255	 0.499533	 0.498481	 0.499464	 0.499222	 0.498262	 0.203571	 0.889061	 0.498851	-0.381140	-0.498075	 0.498629
-0.013200	 0.499533	 0.498481	 0.499464	 0.499222	 0.498262	 0.203571	 0.886359	 0.498850	-0.373096	-0.498075	 0.498629
-0.255926	 0.499534	 0.498481	 0.499464	 0.499222	 0.498262	 0.203571	 0.883241	 0.498850	-0.369074	-0.498075	 0.498629
 0.122711	-0.000466	 0.498481	 0.499464	 0.499222	 0.498262	 0.203571	 0.379921	 0.498849	-0.367063	-0.498075	 0.498629
 0.311027	-0.249465	 0.498481	 0.499464	 0.499222	 0.498262	 0.203571	 0.128261	 0.498849	-0.366057	-0.498075	 0.498629
-0.094815	 0.126035	 0.498481	 0.499464	 0.499222	 0.498262	 0.203571	 0.502432	 0.498849	-0.365555	-0.498075	 0.498629
-0.296735	 0.312782	 0.498481	 0.499464	 0.499222	 0.498262	 0.203571	 0.687763	 0.498849	-0.365303	-0.498075	 0.498629
-0.397695	 0.406156	 0.498481	 0.499464	 0.499222	 0.498262	 0.203571	 0.278683	 0.498849	-0.365178	-0.498075	 0.498629
-0.448174	 0.452843	 0.498481	 0.499464	 0.499222	 0.498262	 0.203571	 0.074143	 0.498849	-0.365115	-0.498075	 0.498629
-0.473414	 0.476186	 0.498481	 0.499464	 0.499222	 0.498262	 0.203571	-0.028127	 0.498849	-0.365083	-0.498075	 0.498629
 0.013966	 0.487858	 0.498481	 0.499464	 0.499222	-0.001738	 0.203571	-0.079262	 0.498849	-0.365068	-0.498075	 0.498629
 0.256653	 0.493694	 0.498481	 0.499464	 0.499222	-0.250734	 0.203571	-0.104830	 0.498849	-0.365060	-0.498075	 0.498629
-0.122003	 0.496611	 0.498481	 0.499464	 0.499222	 0.124768	 0.203571	 0.382387	 0.498849	-0.365056	-0.498075	 0.498629
-0.310330	 0.498070	 0.498481	 0.499464	 0.499222	 0.311518	 0.203571	 0.624256	 0.498849	-0.365054	-0.498075	 0.498629
 0.095506	 0.498800	 0.498481	 0.499464	 0.499222	 0.404893	 0.203571	 0.743458	 0.498849	-0.365053	-0.498075	 0.498629
 0.297422	 0.499165	 0.498481	 0.499464	 0.499222	 0.451581	 0.203571	 0.801334	 0.498849	-0.365052	-0.498075	 0.498629
 0.398380	 0.499347	 0.498481	 0.499464	 0.499222	 0.474924	 0.203571	 0.828553	 0.498849	-0.365052	-0.498075	 0.498629
 0.448859	 0.499438	 0.498481	 0.499464	 0.499222	 0.486596	 0.203571	 0.840451	 0.498849	-0.365052	-0.498075	 0.498629
 0.474098	 0.499484	 0.498481	 0.499464	 0.499222	 0.492432	 0.203571	 0.844696	 0.498849	-0.365052	-0.498075	 0.498629
 0.486718	 0.499507	 0.498481	 0.499464	 0.499222	 0.495350	 0.203571	 0.345120	 0.498849	 0.134948	-0.498075	 0.498629
 0.493028	 0.499518	 0.498481	 0.499464	 0.499222	 0.496809	 0.203571	 0.095332	 0.498849	 0.383678	-0.498075	 0.498629
 0.496183	 0.499524	 0.498481	 0.499464	 0.499222	 0.497539	 0.203571	 0.470438	 0.498849	 0.006778	-0.498075	 0.498629
 0.497760	 0.499527	 0.498481	 0.499464	 0.499222	 0.497903	 0.203571	 0.656300	 0.498849	-0.181671	-0.498075	 0.498629
-0.001451	 0.499528	 0.498481	 0.499464	 0.499222	 0.498086	 0.203571	 0.747547	 0.498849	 0.224104	-0.498075	 0.498629
-0.250056	 0.499529	 0.498481	 0.499464	 0.499222	 0.498177	 0.203571	 0.791493	 0.498849	 0.425731	-0.498075	 0.498629
-0.374358	-0.000471	 0.498481	 0.499464	 0.499222	 0.498223	 0.203571	 0.311795	 0.498849	 0.025291	-0.498075	 0.498629
-0.436509	-0.249470	 0.498481	 0.499464	 0.499222	 0.498245	 0.203571	 0.071946	 0.498849	-0.174930	-0.498075	 0.498629
-0.467584	-0.373969	 0.498481	 0.499464	 0.499222	 0.498257	 0.203571	-0.047979	 0.498849	-0.275040	-0.498075	 0.498629
 0.016878	 0.063781	 0.498481	 0.499464	 0.499222	 0.498262	 0.203571	 0.392059	 0.498849	-0.325095	-0.498075	 0.498629
 0.258106	 0.281653	 0.498481	 0.499464	 0.499222	 0.498265	 0.203571	 0.610414	 0.498849	-0.350123	-0.498075	 0.498629
-0.121279	 0.390589	 0.498481	 0.499464	 0.499222	 0.498267	 0.203571	 0.717933	 0.498849	-0.362636	-0.498075	 0.498629
-0.309971	 0.445057	 0.498481	 0.499464	 0.499222	 0.498267	 0.203571	 0.770042	 0.498849	-0.368893	-0.498075	 0.498629
 0.095683	-0.027709	 0.498481	 0.499464	 0.499222	 0.498268	 0.203571	 0.794453	 0.498849	 0.127978	-0.498075	 0.498629
 0.297508	-0.263091	 0.498481	 0.499464	 0.499222	 0.498268	 0.203571	 0.805020	 0.498849	 0.375164	-0.498075	 0.498629
 0.398420	 0.119218	 0.498481	 0.499464	 0.499222	 0.498268	 0.703571	-1.191328	-0.501151	 2.497513	-0.498075	 0.498629
 0.448876	 0.309369	 0.498481	 0.499464	 0.499222	 0.498268	 0.951164	-2.183126	-0.998149	 3.549447	-0.498075	 0.498629
 0.474104	 0.404445	 0.498481	 0.499464	 0.499222	 0.498268	 1.072563	-2.672675	-1.243657	 4.066212	-0.498075	 0.498629
 0.486718	 0.451983	 0.498481	 0.499464	 0.499222	 0.498268	 1.130875	-2.911126	-0.863433	 3.815428	-0.498075	 0.498629
 0.493025	 0.475752	 0.498481	 0.499464	 0.499222	 0.498268	 1.157652	-3.024052	-0.673321	 3.682907	-0.498075	 0.498629
 0.496179	 0.487636	 0.498481	 0.499464	 0.499222	 0.498268	 0.668672	-2.074241	-1.078265	 3.109545	-0.498075	 1.998629
 0.497755	 0.493579	 0.498481	 0.499464	 0.499222	 0.498268	 0.424182	-1.597086	-1.277771	 2.817792	-0.498075	 2.741631
 0.498544	 0.496550	 0.498481	 0.499464	 0.499222	 0.498268	 0.301937	-0.856269	-0.874569	 1.166864	-0.498075	 2.106163
 0.498938	 0.498035	 0.498481	 0.499464	 0.499222	 0.498268	 0.240814	-0.485861	-0.672968	 0.341399	-0.498075	 1.785488
-0.000865	 0.498778	 0.498481	 0.499464	 0.499222	 0.498268	 0.210253	-0.300656	-0.572168	-0.071333	-0.498075	 2.122221
-0.249765	 0.499150	 0.498481	 0.499464	 0.499222	 0.498268	 0.194972	-0.208054	-0.521767	-0.277699	-0.498075	 2.285669
-0.374215	 0.499335	 0.498481	 0.499464	 0.499222	 0.498268	 0.187332	-0.161753	-0.496567	-0.380882	-0.498075	 2.362495
 0.063560	-0.000572	 0.498481	 0.499464	 0.499222	 0.498268	 0.183512	-0.138603	-0.483967	-0.432473	-0.498075	 2.396030
 0.281445	-0.249525	 0.498481	 0.499464	 0.499222	 0.498268	 0.181602	-0.127027	-0.477667	-0.458269	-0.498075	 2.407938
 0.390387	 0.125999	 0.498481	 0.499464	 0.499222	 0.498268	 0.180647	-0.121240	 0.025483	-0.471167	-0.498075	 2.409052
 0.444858	 0.312758	 0.498481	 0.499464	 0.499222	 0.498268	 0.180169	-0.118346	 0.276001	-0.477616	-0.498075	 2.404789
-0.027906	-0.093863	 0.498481	 0.499464	-0.000778	 0.498268	 0.179931	-0.116899	 0.400206	-0.480840	-0.498075	 1.897856
-0.263287	-0.296172	 0.498481	 0.499464	-0.249777	 0.498268	 0.179811	-0.116176	 0.461261	-0.482453	-0.498075	 1.641608
-0.380977	-0.397327	 0.498481	 0.499464	-0.374276	-0.001732	-0.320249	-0.115814	-0.009257	-0.483259	-0.498075	 1.510713
-0.439823	-0.447904	 0.498481	 0.499464	-0.436526	-0.250728	-0.568638	-0.115633	-0.244516	-0.483662	-0.498075	 1.442506
-0.469245	-0.473193	 0.498481	 0.499464	-0.467651	-0.375227	-0.691198	-0.115543	-0.362145	-0.483863	-0.498075	 1.405654
-0.483957	 0.014163	 0.498481	 0.499464	 0.016787	 0.062524	-0.250851	 0.384503	 1.079040	-0.483964	-0.498075	 1.384490
-0.491312	 0.256838	 0.498481	 0.499464	 0.258003	 0.280399	-0.030677	 0.632756	 1.794592	-0.484015	-0.498075	 1.371182
 0.005010	-0.121825	 0.498481	 0.499464	 0.378612	 0.389337	 0.079409	 0.255121	 1.147348	-0.484040	-0.498075	 0.861812
 0.252168	-0.310155	 0.498481	 0.499464	 0.438916	 0.443805	 0.134453	 0.066303	 0.822726	-0.484052	-0.498075	 0.607127
 0.375748	-0.404320	 0.498481	 0.499464	 0.469068	 0.471040	 0.161974	-0.028106	 0.160415	-0.984059	-0.498075	 0.479784
 0.437537	-0.451403	 0.498481	 0.499464	 0.484144	 0.484657	 0.175735	-0.075310	-0.169737	-1.231094	-0.498075	 0.416113
-0.031568	 0.025056	 0.498481	 0.499464	 0.491682	 0.491465	 0.182616	-0.098912	-0.334813	-0.851655	-0.498075	 0.884278
-0.265119	 0.262282	 0.498481	 0.499464	 0.495451	 0.494870	 0.186056	-0.110713	-0.417351	-0.661936	-0.498075	 1.115655
-0.381895	 0.380895	 0.498481	 0.499464	 0.497335	 0.496572	 0.187776	-0.116614	-0.458620	-0.567076	-0.498075	 1.228649
 0.059717	-0.059798	 0.498481	 0.499464	 0.498277	 0.497423	 0.188636	-0.119564	-0.479254	-0.519646	-0.498075	 0.782463
 0.279521	-0.279144	 0.498481	 0.499464	 0.498749	 0.497848	 0.189066	-0.121039	-0.489572	-0.495931	-0.498075	 0.559370
 0.389422	 0.111183	 0.498481	-0.000536	 0.498984	-0.001939	 0.189281	-0.121777	 0.005270	-0.484074	-0.498075	 0.947824
 0.444373	 0.305344	 0.498481	-0.249535	 0.499102	-0.250829	 0.189389	-0.122146	 0.251690	-0.478145	-0.498075	 1.139378
-0.028151	-0.097576	 0.498481	 0.125965	 0.499161	 0.124726	 0.189442	-0.122330	-0.125100	-0.475181	-0.498075	 1.232493
-0.263412	-0.298035	 0.498481	 0.312712	 0.499190	 0.311503	 0.189469	-0.122422	-0.312491	-0.473698	-0.498075	 1.276400
 0.118957	-0.398264	 0.498481	 0.406086	 0.499205	 0.404891	 0.189483	-0.122468	-0.406186	-0.472957	-0.498075	 0.795712
 0.309139	-0.448379	 0.498481	 0.452773	 0.499212	 0.451586	 0.189489	-0.122491	-0.453034	-0.472587	-0.498075	 0.555369
-0.095770	 0.026564	 0.498481	 0.476116	 0.499216	 0.474933	 0.189493	-0.122503	-0.476458	-0.472401	-0.498075	 0.935197
-0.297223	 0.263032	 0.498481	 0.487788	 0.499218	 0.486606	 0.189494	-0.122509	-0.488170	-0.472309	-0.498075	 1.122481
-0.397949	 0.381266	 0.498481	 0.493624	 0.499219	 0.492443	 0.189495	-0.122511	-0.494026	-0.472262	-0.498075	 1.213503
 0.051688	 0.440383	 0.498481	 0.496542	 0.499219	 0.495361	 0.189496	-0.122513	 0.003046	-0.472239	-0.498075	 0.756406
 0.275503	 0.469942	 0.498481	 0.498001	 0.499219	 0.496821	 0.189496	-0.122514	 0.250582	-0.472228	-0.498075	 0.527857
 0.387411	 0.484721	 0.498481	 0.498730	 0.499220	 0.497550	 0.189496	-0.122514	 0.374350	-0.472222	-0.498075	 0.413582
 0.443365	 0.492111	 0.498481	 0.499095	 0.499220	 0.497915	 0.189496	-0.122514	 0.436234	-0.472219	-0.498075	 0.356445
-0.028658	 0.495806	 0.498481	 0.499277	 0.499220	 0.498097	 0.189496	-0.122514	 0.467176	-0.472218	-0.498075	 0.327876
-0.263668	 0.497653	 0.498481	 0.499369	 0.499220	 0.498189	 0.189496	-0.122514	 0.482647	-0.472217	-0.498075	 0.313592
 0.118827	 0.498577	 0.498481	 0.499414	 0.499220	 0.498234	 0.189496	 0.377486	 0.490382	 0.027783	-0.498075	 0.806450
 0.309072	 0.499039	 0.498481	 0.499437	 0.499220	 0.498257	 0.189496	 0.625731	 0.494250	 0.276728	-0.498075	 1.050280
 0.404194	 0.499269	 0.498481	 0.499448	 0.499220	 0.498268	 0.189496	 0.748105	 0.496184	 0.400149	-0.498075	 1.169607
-0.048245	 0.499385	 0.498481	 0.499454	 0.499220	 0.498274	 0.189496	 0.307552	-0.002849	-0.039188	-0.498075	 1.226693
-0.273463	 0.499443	 0.498481	 0.499457	 0.499220	 0.498277	 0.189496	 0.087275	-0.251362	-0.258856	-0.498075	 1.252668
-0.386072	 0.499472	 0.498481	 0.499458	 0.499220	 0.498278	 0.189496	-0.022864	 0.124382	-0.368690	-0.498075	 1.263098
-0.442376	 0.499486	 0.498481	 0.499459	 0.499220	 0.498279	 0.189496	-0.077933	 0.311253	-0.423607	-0.498075	 1.265766
 0.029471	 0.499493	 0.498481	 0.499459	 0.499220	 0.498279	 0.189496	-0.105468	 0.404689	-0.451066	-0.498075	 1.264564
 0.264393	 0.499497	 0.498481	 0.499460	 0.499220	 0.498280	 0.189496	-0.119235	 0.451407	-0.464795	-0.498075	 1.261435
 0.381853	 0.499499	 0.498481	 0.499460	 0.499220	 0.498280	 0.189496	 0.373882	 0.474766	-0.471660	-0.498075	 1.257355
 0.440584	 0.499499	 0.498481	 0.499460	 0.499220	 0.498280	 0.189496	 0.618706	 0.486445	-0.475092	-0.498075	 1.252808
 0.469949	 0.499500	 0.498481	 0.499460	 0.499220	 0.498280	 0.189496	 0.739391	 0.492285	-0.476808	-0.498075	 1.248038
-0.015369	 0.499500	 0.498481	 0.499460	 0.499220	 0.498280	 0.189496	 0.798013	 0.495205	-0.477666	-0.498075	 1.243166
-0.257026	 0.499500	 0.498481	 0.499460	 0.499220	 0.498280	 0.189496	 0.825611	 0.496665	-0.478095	-0.498075	 1.238254
-0.377855	 0.499500	 0.498481	 0.499460	 0.499220	 0.498280	 0.189496	 0.837704	 0.497395	-0.478310	-0.498075	 1.233331
-0.438269	 0.499500	 0.498481	 0.499460	 0.499220	 0.498280	 0.189496	 0.842050	 0.497760	-0.478417	-0.498075	 1.228413
 0.031524	 0.499500	 0.498481	 0.499460	 0.499220	 0.498280	 0.189496	 0.342531	 0.497942	 0.021529	-0.498075	 0.723507
 0.265418	 0.499500	 0.498481	 0.499460	 0.499220	 0.498280	 0.189496	 0.092771	 0.498034	 0.270460	-0.498075	 0.471054
-0.117636	-0.000500	 0.498481	 0.499460	 0.499220	 0.498280	 0.189496	 0.467891	 0.498079	 0.393886	-0.498075	 0.844827
-0.308161	-0.249499	 0.498481	 0.499460	 0.499220	 0.498280	 0.189496	 0.653765	 0.498102	 0.454564	-0.498075	 1.029277
-0.403423	-0.373998	 0.498481	 0.499460	 0.499220	 0.498280	 0.189496	 0.745023	 0.498113	 0.483873	-0.498075	 1.119074
 0.048945	 0.063752	 0.498481	 0.499460	 0.499220	 0.498280	 0.189496	 0.788979	 0.498119	-0.002499	-0.498075	 1.161555
 0.274127	 0.281624	 0.498481	 0.499460	 0.499220	 0.498280	 0.189496	 0.809292	 0.498122	-0.245685	-0.498075	 1.180387
 0.386718	-0.109440	 0.498481	 0.499460	 0.499220	 0.498280	 0.189496	 0.317788	-0.001877	 0.132722	-0.498075	 1.187405
 0.443013	-0.303971	 0.498481	 0.499460	 0.499220	 0.498280	 0.189496	 0.072037	-0.250872	 0.320904	-0.498075	 1.188525
 0.471161	 0.098764	 0.498481	 0.499460	 0.499220	 0.498280	 0.189496	 0.449161	 0.124630	-0.586024	-0.498075	 1.186706
 0.485235	 0.299128	 0.498481	 0.499460	 0.499220	 0.498280	 0.189496	 0.636071	 0.311381	-1.036502	-0.498075	 1.183427
-0.007728	 0.399310	-0.001519	 0.499460	 0.499220	 0.498280	 0.189496	 0.727880	 0.404756	-0.758767	-0.498075	 0.679427
-0.253208	 0.449401	-0.250516	 0.499460	 0.499220	 0.498280	 0.189496	 0.772145	 0.451444	-0.619899	-0.498075	 0.427427
-0.375948	 0.474447	-0.375015	 0.499460	 0.499220	 0.498280	 0.189496	 0.792644	 0.474788	-0.550466	-0.498075	 0.301427
-0.437318	 0.486970	 0.062736	 0.499460	 0.499220	 0.498280	 0.189496	 0.801268	 0.486460	-0.015749	-0.498075	 0.738427
-0.468003	 0.493231	 0.280611	 0.499460	 0.499220	 0.498280	 0.189496	 0.803960	 0.492296	 0.250572	-0.498075	 0.954576
 0.016654	 0.496362	 0.389548	 0.499460	 0.499220	 0.498280	 0.189496	 0.803693	 0.495214	 0.382698	-0.498075	 1.060309
 0.257980	 0.497927	 0.444016	 0.499460	 0.499220	 0.498280	 0.189496	 0.801952	 0.496673	 0.447732	-0.498075	 1.110843
 0.378643	 0.498710	 0.471251	 0.499460	 0.499220	 0.498280	 0.189496	 0.799481	 0.497402	-0.020777	-0.498075	 0.633788
 0.438975	 0.499101	 0.484868	 0.499460	 0.499220	 0.498280	 0.189496	 0.796652	 0.497767	-0.255031	-0.498075	 0.395260
 0.469141	 0.499297	 0.491676	 0.499460	 0.499220	 0.498280	 0.189496	 0.793650	 0.497949	 0.127842	-0.498075	 0.775996
 0.484223	 0.499395	 0.495081	 0.499460	 0.499220	 0.498280	 0.189496	 0.790567	 0.498041	 0.318257	-0.498075	 0.964051
 0.491765	 0.499443	 0.496783	 0.499460	 0.499220	 0.498280	 0.189496	 0.787451	 0.498086	 0.412447	-0.498075	 1.055774
 0.495536	 0.499468	 0.497634	 0.499460	 0.499220	 0.498280	 0.189496	 0.284324	 0.498109	 0.458529	-0.498075	 0.599340
 0.497421	 0.499480	 0.498059	 0.499460	 0.499220	 0.498280	 0.189496	 0.032761	 0.498120	 0.480560	-0.498075	 0.371124
-0.001636	 0.499486	 0.498272	 0.499460	 0.499220	 0.498280	 0.189496	-0.093021	 0.498126	 0.490571	-0.498075	 0.757015
-0.250164	 0.499489	 0.498379	 0.499460	 0.499220	 0.498280	 0.189496	-0.155912	 0.498129	 0.494575	-0.498075	 0.947675
 0.125573	-0.000509	 0.498432	 0.499460	 0.499220	 0.498280	 0.189496	 0.312643	 0.498130	-0.003423	-0.498075	 0.540729
 0.312438	-0.249507	 0.498458	 0.499460	 0.499220	 0.498280	 0.189496	 0.545358	 0.498131	-0.251419	-0.498075	 0.337255
 0.405871	 0.125994	 0.498472	 0.499460	 0.499220	 0.498280	-0.310504	 0.660159	 0.498131	 0.124583	-0.498075	 0.735519
 0.452587	 0.312741	 0.498478	 0.499460	 0.499220	 0.498280	-0.558883	 0.716010	 0.498132	 0.311583	-0.498075	 0.932383
 0.475946	 0.406115	 0.498482	 0.499460	 0.499220	 0.498280	-0.681458	 0.742391	 0.498132	 0.405083	-0.498075	 1.028556
 0.487625	 0.452802	 0.498483	 0.499460	 0.499220	-0.001720	-0.241137	 0.754045	 0.498132	 0.451833	-0.498075	 1.074394
 0.493464	 0.476145	 0.498484	 0.499460	 0.499220	-0.250717	-0.020977	 0.758340	 0.498132	 0.475208	-0.498075	 1.095072
 0.496384	 0.487817	 0.498485	 0.499460	 0.499220	 0.124785	 0.089103	 0.758962	 0.498132	 0.486895	-0.498075	 0.603179
 0.497844	 0.493653	 0.498485	 0.499460	 0.499220	 0.311535	 0.144143	 0.757754	 0.498132	 0.492739	-0.498075	 0.357233
-0.001426	 0.496571	 0.498485	 0.499460	 0.499220	 0.404910	 0.171663	 0.255637	 0.498132	-0.004339	-0.498075	 0.234260
-0.250060	 0.498029	 0.498485	 0.499460	 0.499220	 0.451598	 0.185423	 0.004579	 0.498132	-0.251876	-0.498075	 0.172774
 0.125623	 0.498759	 0.498485	 0.499460	 0.499220	 0.474942	 0.192303	 0.379049	 0.498132	 0.124356	-0.498075	 0.642030
 0.312462	 0.499124	 0.498485	 0.499460	 0.499220	 0.486614	 0.195743	 0.564778	 0.498132	 0.311471	-0.498075	 0.874436
 0.405882	 0.499306	 0.498485	 0.499460	 0.499220	 0.492450	 0.197463	 0.656141	 0.498132	 0.405028	-0.498075	 0.988425
 0.452592	 0.499397	 0.498485	 0.499460	 0.499220	 0.495368	 0.198323	 0.700327	 0.498132	-0.048193	-0.498075	 0.543215
 0.475947	 0.499443	 0.498485	 0.499460	 0.499220	 0.496827	 0.198753	 0.720932	 0.498132	-0.273801	-0.498075	 0.320610
 0.487624	 0.499466	 0.498485	 0.499460	 0.499220	 0.497556	 0.198968	 0.729751	 0.498132	-0.386605	-0.498075	 0.209307
 0.493463	 0.499477	 0.498485	 0.499460	 0.499220	 0.497921	 0.199076	 0.732683	 0.498132	-0.443007	-0.498075	 0.153656
 0.496382	 0.499483	 0.498485	 0.499460	 0.499220	 0.498103	 0.199130	 0.732678	 0.498132	 0.028792	-0.498075	 0.125830
 0.497842	 0.499486	 0.498485	 0.499460	 0.499220	 0.498194	 0.199156	 0.731210	 0.498132	 0.263691	-0.498075	 0.111918
-0.001428	-0.000513	 0.498485	 0.499460	 0.499220	 0.498240	 0.199170	 0.729017	 0.498132	-0.118860	-0.498075	 0.604961
-0.250062	-0.249511	 0.498485	 0.499460	 0.499220	 0.498263	 0.199177	 0.726466	 0.498132	-0.309133	-0.498075	 0.849287
-0.374379	-0.374010	 0.498485	 0.499460	 0.499220	 0.498274	 0.199180	 0.723743	 0.498132	-0.404269	-0.498075	 0.969263
 0.063463	 0.063740	 0.498485	 0.499460	 0.499220	 0.498280	 0.199182	 0.720940	 0.498132	 0.048163	-0.498075	 0.527072
 0.281381	 0.281612	 0.498485	 0.499460	 0.499220	 0.498283	 0.199182	 0.718102	 0.498132	 0.273378	-0.498075	 0.305977
 0.390340	 0.390548	 0.498485	 0.499460	 0.499220	 0.498284	 0.199183	 0.715252	 0.498132	 0.385985	-0.498075	 0.695429
 0.444819	 0.445016	 0.498485	 0.499460	 0.499220	 0.498285	 0.199183	 0.712403	 0.498132	 0.442289	-0.498075	 0.887985
 0.472059	 0.472251	 0.498485	 0.499460	 0.499220	 0.498285	 0.199183	 0.709559	 0.498132	 0.470441	-0.498075	 0.482103
 0.485679	 0.485868	 0.498485	 0.499460	 0.499220	 0.498285	 0.199183	 0.706723	 0.498132	 0.484516	-0.498075	 0.279161
 0.492489	 0.492676	 0.498485	 0.499460	 0.499220	 0.498285	 0.199183	 0.703898	 0.498132	 0.491554	-0.498075	 0.177690
 0.495894	 0.496080	 0.498485	 0.499460	 0.499220	 0.498285	 0.199183	 0.701083	 0.498132	 0.495073	-0.498075	 0.126955
 0.497597	 0.497782	 0.498485	 0.499460	 0.499220	 0.498285	 0.199183	 0.698279	 0.498132	 0.496833	-0.498075	 0.101587
 0.498448	 0.498633	 0.498485	 0.499460	 0.499220	 0.498285	 0.199183	 0.695486	 0.498132	 0.497713	-0.498075	 0.588904
 0.498873	 0.499059	 0.498485	 0.499460	 0.499220	 0.498286	 0.199183	 0.692704	 0.498132	 0.498153	-0.498075	 0.830409
-0.000914	 0.499272	 0.498485	 0.499460	 0.499220	 0.498286	 0.199183	 0.689934	 0.498132	 0.498372	-0.498075	 0.949018
-0.249806	 0.499378	 0.498485	 0.499460	 0.499220	 0.498286	 0.199183	 0.687174	 0.498132	 0.498482	-0.498075	 1.006187
 0.125748	 0.499431	 0.498485	 0.499460	 0.499220	 0.498286	 0.199183	 0.684425	 0.498132	 0.498537	-0.498075	 1.032645
 0.312522	 0.499458	 0.498485	 0.499460	 0.499220	 0.498286	 0.199183	 0.681688	 0.498132	 0.498565	-0.498075	 1.043756
 0.405909	 0.499471	 0.498485	 0.499460	 0.499220	 0.498286	 0.199183	 0.678961	 0.498132	-0.001421	-0.498075	 0.547202
 0.452603	 0.499478	 0.498485	 0.499460	 0.499220	 0.498286	 0.199183	 0.676245	 0.498132	-0.250412	-0.498075	 0.298924
 0.475950	 0.499481	 0.498485	 0.499460	 0.499220	 0.498286	 0.199183	 0.673540	 0.498132	-0.374907	-0.498075	 0.174786
 0.487623	 0.499483	 0.498485	 0.499460	 0.499220	 0.498286	 0.199183	 0.670846	 0.498132	 0.062846	-0.498075	 0.112717
 0.493460	 0.499484	 0.498485	 0.499460	 0.499220	 0.498286	 0.199183	 0.668162	 0.498132	 0.280721	-0.498075	 0.081682
-0.003622	 0.499484	 0.498485	 0.499460	 0.499220	 0.498286	 0.199183	 0.665490	 0.498132	-0.110342	-0.498075	 0.066165
-0.251161	 0.499484	 0.498485	 0.499460	 0.499220	 0.498286	 0.199183	 0.662828	 0.498132	-0.304870	-0.498075	 0.058406
-0.374931	 0.499484	 0.498485	 0.499460	 0.499220	 0.498286	 0.199183	 0.660176	 0.498132	 0.097865	-0.498075	 0.554527
-0.436816	 0.499484	 0.498485	 0.499460	 0.499220	 0.498286	 0.199183	 0.657536	 0.498132	 0.298232	-0.498075	 0.800486
-0.467758	 0.499485	 0.498485	 0.499460	 0.499220	 0.498286	 0.199183	 0.654906	 0.498132	 0.398415	-0.498075	 0.421372
-0.483229	 0.499485	 0.498485	 0.499460	 0.499220	 0.498286	 0.199183	 0.652286	 0.498132	 0.448507	-0.498075	 0.231816
-0.490965	 0.499485	 0.498485	 0.499460	 0.499220	 0.498286	 0.199183	 0.649677	 0.498132	 0.473553	-0.498075	 0.137037
 0.005167	 0.499485	 0.498485	 0.499460	 0.499220	 0.498286	 0.199183	 0.647078	 0.498132	 0.486076	-0.498075	 0.089648
 0.252231	 0.499485	 0.498485	 0.499460	 0.499220	 0.498286	 0.199183	 0.644490	 0.498132	 0.492337	-0.498075	 0.065954
 0.375762	 0.499485	 0.498485	 0.499460	 0.499220	 0.498286	 0.199183	 0.641912	 0.498132	-0.004532	-0.498075	 0.054106
 0.437528	 0.499485	 0.498485	 0.499460	 0.499220	 0.498286	 0.199183	 0.639344	 0.498132	-0.251964	-0.498075	 0.048183
 0.468411	 0.499485	 0.498485	 0.499460	 0.499220	 0.498286	 0.199183	 0.636787	 0.498132	 0.124320	-0.498075	 0.045221
 0.483853	 0.499485	 0.498485	 0.499460	 0.499220	 0.498286	 0.199183	 0.634240	 0.498132	 0.311461	-0.498075	 0.043740
-0.008427	 0.499485	 0.498485	 0.499460	 0.499220	 0.498286	 0.199183	 0.631703	 0.498132	 0.405032	-0.498075	 0.042999
-0.253565	 0.499485	 0.498485	 0.499460	 0.499220	 0.498286	 0.199183	 0.629176	 0.498132	 0.451817	-0.498075	 0.042629
-0.376134	 0.499485	 0.498485	 0.499460	 0.499220	 0.498286	 0.199183	 0.626659	 0.498132	 0.475209	-0.498075	 0.042444
 0.062582	 0.499485	 0.498485	 0.499460	 0.499220	 0.498286	 0.199183	 0.624153	 0.498132	 0.486906	-0.498075	 0.042352
 0.280937	 0.499485	 0.498485	 0.499460	 0.499220	 0.498286	 0.199183	 0.621656	 0.498132	 0.492754	-0.498075	 0.042305
 0.390114	 0.499485	 0.498485	 0.499460	 0.499220	 0.498286	 0.199183	 0.619169	 0.498132	 0.495678	-0.498075	 0.042282
 0.444703	 0.499485	 0.498485	 0.499460	 0.499220	 0.498286	 0.199183	 0.616693	 0.498132	 0.497140	-0.498075	 0.042271
 0.471997	 0.499485	 0.498485	 0.499460	 0.499220	 0.498286	 0.199183	 0.614226	 0.498132	 0.497871	-0.498075	 0.042265
 0.485645	 0.499485	 0.498485	 0.499460	 0.499220	 0.498286	 0.199183	 0.611769	 0.498132	 0.498237	-0.498075	 0.042262
 0.492468	 0.499485	 0.498485	 0.499460	 0.499220	 0.498286	 0.199183	 0.609322	 0.498132	 0.498419	-0.498075	 0.042260
 0.495880	 0.499485	 0.498485	 0.499460	 0.499220	 0.498286	 0.199183	 0.606885	 0.498132	 0.498511	-0.498075	 0.042260
-0.002414	 0.499485	 0.498485	 0.499460	 0.499220	-0.001714	 0.199183	 0.104457	 0.498132	 0.498556	-0.498075	 0.042259
-0.250560	 0.499485	 0.498485	 0.499460	 0.499220	-0.250711	 0.199183	-0.146757	 0.498132	 0.498579	-0.498075	 0.042259
-0.374632	 0.499485	 0.498485	 0.499460	 0.499220	-0.375209	 0.199183	-0.272364	 0.498132	 0.498591	-0.498075	 0.042259
 0.063331	 0.499485	 0.498485	 0.499460	 0.499220	 0.062542	 0.199183	 0.164833	 0.498132	 0.498596	-0.498075	 0.042259
 0.281310	 0.499485	 0.498485	 0.499460	 0.499220	 0.280416	 0.199183	 0.382227	 0.498132	 0.498599	-0.498075	 0.042259
-0.109700	 0.499485	 0.498485	 0.499460	 0.499220	 0.389354	 0.199183	 0.489725	 0.498132	 0.498601	-0.498075	 0.042259
-0.304204	 0.499485	 0.498485	 0.499460	 0.499220	 0.443822	 0.199183	 0.542280	 0.498132	 0.498601	-0.498075	 0.042259
 0.098544	 0.499485	 0.498485	 0.499460	 0.499220	 0.471057	 0.199183	 0.567367	 0.498132	 0.498602	-0.498075	 0.542259
 0.298916	 0.499485	 0.498485	 0.499460	 0.499220	 0.484674	 0.199183	 0.578726	 0.498132	 0.498602	-0.498075	 0.790174
-0.100899	 0.499485	 0.498485	 0.499460	 0.499220	 0.491483	 0.199183	 0.583225	 0.498132	 0.498602	-0.498075	 0.912056
-0.299804	 0.499485	 0.498485	 0.499460	 0.499220	 0.494887	 0.199183	 0.584300	 0.498132	 0.498602	-0.498075	 0.970929
-0.399257	 0.499485	 0.498485	 0.499460	 0.499220	 0.496589	 0.199183	 0.583666	 0.498132	 0.498602	-0.498075	 0.998306
 0.051016	 0.499485	 0.498485	 0.499460	 0.499220	 0.497440	 0.199183	 0.082183	 0.498132	-0.001398	-0.498075	 0.509943
 0.275151	 0.499485	 0.498485	 0.499460	 0.499220	 0.497866	 0.199183	-0.168558	 0.498132	-0.250395	-0.498075	 0.265761
 0.387218	 0.499485	 0.498485	 0.499460	 0.499220	 0.498078	 0.199183	 0.206071	 0.498132	 0.125106	-0.498075	 0.643671
 0.443251	 0.499485	 0.498485	 0.499460	 0.499220	 0.498185	 0.199183	 0.392224	 0.498132	 0.311856	-0.498075	 0.830582
 0.471268	 0.499485	 0.498485	 0.499460	 0.499220	 0.498238	 0.199183	 0.484144	 0.498132	 0.405230	-0.498075	 0.922003
 0.485276	 0.499485	 0.498485	 0.499460	 0.499220	 0.498265	 0.199183	 0.528952	 0.498132	 0.451918	-0.498075	 0.965686
 0.492281	 0.499485	 0.498485	 0.499460	 0.499220	-0.001722	 0.199183	 0.550208	-0.001868	 0.475262	-0.498075	 0.985509
 0.495783	 0.499485	 0.498485	 0.499460	 0.499220	-0.250712	 0.199183	 0.559693	-0.250865	 0.486933	-0.498075	 0.993410
 0.497534	 0.499485	 0.498485	 0.499460	 0.499220	-0.375207	 0.199183	 0.563298	-0.375363	 0.492769	-0.498075	 0.995358
 0.498409	 0.499485	 0.498485	 0.499460	 0.499220	-0.437454	-0.300817	 0.563966	 0.062388	 0.495687	-0.498075	 0.494337
 0.498847	 0.499485	 0.498485	 0.499460	 0.499220	-0.468578	-0.549215	 0.563171	 0.280263	 0.497146	-0.498075	 0.243827
 0.499066	 0.499485	 0.498485	 0.499460	 0.499220	 0.015860	-0.171819	 0.561649	 0.389201	-0.002124	-0.498075	 0.118572
 0.499175	 0.499485	 0.498485	 0.499460	 0.499220	 0.257078	 0.016879	 0.559767	 0.443670	-0.250757	-0.498075	 0.055944
 0.499230	 0.499485	 0.498485	 0.499460	 0.499220	 0.377688	 0.111228	 0.557711	 0.470904	 0.124927	-0.498075	 0.524630
 0.499258	 0.499485	 0.498485	 0.499460	 0.499220	 0.437992	 0.158403	 0.555571	 0.484521	 0.311768	-0.498075	 0.756987
-0.000729	 0.499485	 0.498485	 0.499460	 0.499220	 0.468145	 0.181990	 0.553394	 0.491330	-0.094812	-0.498075	 0.371186
-0.249721	 0.499485	 0.498485	 0.499460	 0.499220	 0.483221	 0.193783	 0.551204	 0.494734	-0.297099	-0.498075	 0.178286
-0.374216	 0.499485	 0.498485	 0.499460	 0.499220	 0.490759	 0.199680	 0.549010	 0.496436	-0.398243	-0.498075	 0.081836
 0.063536	 0.499485	 0.498485	 0.499460	 0.499220	 0.494528	 0.202629	 0.546820	 0.497288	 0.051186	-0.498075	 0.033611
 0.281409	 0.499485	 0.498485	 0.499460	 0.499220	 0.496412	 0.204103	 0.544636	 0.497713	 0.274899	-0.498075	 0.009498
 0.390346	 0.499485	 0.498485	 0.499460	 0.499220	 0.497355	 0.204840	 0.542458	 0.497926	 0.386755	-0.498075	-0.002558
 0.444814	 0.499485	 0.498485	 0.499460	 0.499220	 0.497826	 0.205208	 0.540289	 0.498032	 0.442683	-0.498075	-0.008586
 0.472048	 0.499485	 0.498485	 0.499460	 0.499220	 0.498061	 0.205393	 0.538129	 0.498085	-0.029353	-0.498075	-0.011600
 0.485665	 0.499485	 0.498485	 0.499460	 0.499220	 0.498179	 0.205485	 0.535976	 0.498112	-0.264368	-0.498075	-0.013107
 0.492474	 0.499485	 0.498485	 0.499460	 0.499220	 0.498238	 0.205531	 0.533832	 0.498125	-0.381875	-0.498075	 0.486139
 0.495878	 0.499485	 0.498485	 0.499460	 0.499220	 0.498267	 0.205554	 0.531697	 0.498132	-0.440629	-0.498075	 0.733792
 0.497580	 0.499485	 0.498485	 0.499460	 0.499220	 0.498282	 0.205566	 0.529570	 0.498135	-0.470006	-0.498075	 0.855655
 0.498432	 0.499485	 0.498485	 0.499460	 0.499220	 0.498289	 0.205571	 0.527452	 0.498137	 0.015305	-0.498075	 0.414632
 0.498857	 0.499485	 0.498485	 0.499460	 0.499220	 0.498293	 0.205574	 0.525342	 0.498138	 0.256960	-0.498075	 0.194120
-0.000930	 0.499485	 0.498485	 0.499460	 0.499220	 0.498295	 0.205576	 0.523241	 0.498138	-0.122213	-0.498075	 0.083864
-0.249822	 0.499485	 0.498485	 0.499460	 0.499220	 0.498296	 0.205576	 0.521148	 0.498138	-0.310796	-0.498075	 0.028736
-0.374268	 0.499485	 0.498485	 0.499460	 0.499220	 0.498296	 0.205577	 0.519063	 0.498139	 0.094912	-0.498075	 0.001173
-0.436491	 0.499485	 0.498485	 0.499460	 0.499220	 0.498297	 0.205577	 0.516987	 0.498139	 0.296765	-0.498075	-0.012609
 0.032397	 0.499485	 0.498485	 0.499460	 0.499220	-0.001703	 0.705577	 0.514919	 0.498139	 0.397691	-0.498075	-0.019500
 0.265839	 0.499485	 0.498485	 0.499460	 0.499220	-0.250700	 0.953166	 0.512859	 0.498139	 0.448154	-0.498075	-0.022946
 0.382559	 0.499485	 0.498485	 0.499460	 0.499220	-0.375198	 1.074559	 0.510808	 0.498139	 0.473386	-0.498075	-0.024669
 0.440920	 0.499485	 0.498485	 0.499460	 0.499220	-0.437447	 0.632863	 0.508765	 0.498139	 0.486002	-0.498075	-0.025530
 0.470100	 0.499485	 0.498485	 0.499460	 0.499220	-0.468572	 0.412016	 0.506730	 0.498139	 0.492310	-0.498075	-0.025961
-0.015310	 0.499485	 0.498485	 0.499460	 0.499220	-0.484134	 0.301592	 0.504703	 0.498139	 0.495464	-0.498075	-0.026176
-0.257013	 0.499485	 0.498485	 0.499460	 0.499220	-0.491915	 0.246380	 0.502684	 0.498139	 0.497041	-0.498075	-0.026284
 0.122135	 0.499485	 0.498485	 0.499460	 0.499220	 0.004194	 0.218774	 0.500673	 0.498139	 0.497829	-0.498075	-0.026338
 0.310707	 0.499485	 0.498485	 0.499460	 0.499220	 0.251248	 0.204971	 0.499668	 0.498139	 0.498223	-0.498075	-0.026365
 0.404992	 0.499485	 0.498485	 0.499460	 0.499220	 0.374775	 0.198069	 0.499165	 0.498139	 0.498420	-0.498075	-0.026378
 0.452135	 0.499485	 0.498485	 0.499460	 0.499220	 0.436539	 0.194619	 0.498914	 0.498139	 0.498519	-0.498075	-0.026385
 0.475707	 0.499485	 0.498485	 0.499460	 0.499220	 0.467421	 0.192893	 0.498788	 0.498139	 0.498568	-0.498075	-0.026388
-0.012508	 0.499485	 0.498485	 0.499460	 0.499220	 0.482862	-0.307969	 0.498725	-0.001861	 0.498593	-0.498075	-0.026390
-0.255613	 0.499485	 0.498485	 0.499460	 0.499220	 0.490582	-0.556783	 0.498694	-0.250858	 0.498605	-0.498075	-0.026391
 0.122834	 0.499485	 0.498485	 0.499460	 0.499220	 0.494442	-0.179579	 0.498678	 0.124644	 0.498611	-0.498075	-0.026391
 0.311055	 0.499485	 0.498485	 0.499460	 0.499220	 0.496372	 0.009023	 0.498670	 0.311395	 0.498615	-0.498075	-0.026391
 0.405165	 0.499485	 0.498485	 0.499460	 0.499220	 0.497337	 0.103325	 0.498666	 0.404770	 0.498616	-0.498075	-0.026391
 0.452221	 0.499485	 0.498485	 0.499460	 0.499220	 0.497820	 0.150475	 0.498664	 0.451458	 0.498617	-0.498075	-0.026391
 0.475748	 0.499485	 0.498485	 0.499460	 0.499220	-0.001939	 0.174050	 0.498664	 0.474802	 0.498617	-0.498075	-0.026391
 0.487512	 0.499485	 0.498485	 0.499460	 0.499220	-0.250815	 0.185838	 0.498663	 0.486474	 0.498617	-0.498075	-0.026391
 0.493394	 0.499485	 0.498485	 0.499460	 0.499220	-0.375253	 0.191732	 0.498663	 0.492310	 0.498617	-0.498075	-0.026391
 0.496335	 0.499485	 0.498485	 0.499460	 0.499220	-0.437472	 0.194679	-0.001337	 0.495228	 0.498618	-0.498075	-0.026391
 0.497805	 0.499485	 0.498485	 0.499460	 0.499220	-0.468581	 0.196152	-0.250335	 0.496687	 0.498618	-0.498075	-0.026391
 0.498541	 0.499485	 0.498485	 0.499460	 0.499220	 0.015864	 0.196889	 0.125167	 0.497416	 0.498618	-0.498075	-0.026391
 0.498908	 0.499485	 0.498485	 0.499460	 0.499220	 0.257086	 0.197257	 0.311916	 0.497781	 0.498618	-0.498075	-0.026391
 0.499092	-0.000515	 0.498485	 0.499460	 0.499220	 0.377697	 0.197441	 0.405291	 0.497963	 0.498618	-0.498075	-0.026391
 0.499184	-0.249514	 0.498485	 0.499460	 0.499220	 0.438002	 0.197534	 0.451978	 0.498054	 0.498618	-0.498075	-0.026391
-0.000770	 0.125986	 0.498485	 0.499460	 0.499220	 0.468155	 0.197580	 0.475322	 0.498100	-0.001382	-0.498075	-0.026391
-0.249746	 0.312733	 0.498485	 0.499460	 0.499220	 0.483232	 0.197603	 0.486993	 0.498123	-0.250380	-0.498075	-0.026391
-0.374233	 0.406107	 0.498485	 0.499460	 0.499220	 0.490770	 0.197614	 0.492829	 0.498134	-0.374878	-0.498075	-0.026391
 0.063523	 0.452794	 0.498485	 0.499460	 0.499220	-0.005461	 0.197620	 0.495747	 0.498140	 0.062872	-0.498075	-0.026391
 0.281398	 0.476137	 0.498485	 0.499460	 0.499220	-0.252573	 0.197623	 0.497206	 0.498143	 0.280747	-0.498075	-0.026391
 0.390336	 0.487809	 0.498485	 0.499460	 0.499220	 0.123871	 0.197624	 0.497936	 0.498144	 0.389684	-0.498075	-0.026391
 0.444805	 0.493645	 0.498485	 0.499460	 0.499220	 0.311092	 0.197625	 0.498300	 0.498145	 0.444152	-0.498075	-0.026391
 0.472039	 0.496563	 0.498485	 0.499460	 0.499220	 0.404703	 0.197625	 0.498483	 0.498145	 0.471386	-0.498075	-0.026391
 0.485656	 0.498022	 0.498485	 0.499460	 0.499220	 0.451508	 0.197625	 0.498574	 0.498145	 0.485003	-0.498075	-0.026391
 0.492465	 0.498751	 0.498485	 0.499460	 0.499220	-0.025089	 0.197626	 0.498620	 0.498145	 0.491812	-0.498075	-0.026391
 0.495869	 0.499116	 0.498485	 0.499460	 0.499220	-0.262384	 0.197626	 0.498642	 0.498145	 0.495216	-0.498075	-0.026391
 0.497571	 0.499298	 0.498485	 0.499460	 0.499220	 0.118968	-0.302374	 0.498654	 0.498145	 0.496918	-0.498075	-0.026391
 0.498423	 0.499389	 0.498485	 0.499460	 0.499220	 0.308643	-0.550770	 0.498660	 0.498145	 0.497770	-0.498075	-0.026391
 0.498848	 0.499435	 0.498485	 0.499460	 0.499220	 0.403481	-0.673369	 0.498662	 0.498145	 0.498195	-0.498075	-0.026391
 0.499061	 0.499458	 0.498485	 0.499460	 0.499220	 0.450900	-0.233077	 0.498664	 0.498145	 0.498408	-0.498075	-0.026391
 0.499167	 0.499469	 0.498485	 0.499460	 0.499220	 0.474610	-0.012930	 0.498664	 0.498145	 0.498514	-0.498075	-0.026391
 0.499220	 0.499475	 0.498485	 0.499460	 0.499220	-0.013536	 0.097143	 0.498665	 0.498145	 0.498567	-0.498075	-0.026391
 0.499247	 0.499478	 0.498485	 0.499460	 0.499220	-0.256605	 0.152179	 0.498665	 0.498145	 0.498594	-0.498075	-0.026391
-0.000740	 0.499479	 0.498485	 0.499460	 0.499220	 0.121860	 0.179697	 0.498665	 0.498145	-0.001393	-0.498075	-0.026391
-0.249732	 0.499480	 0.498485	 0.499460	 0.499220	 0.310092	 0.193457	 0.498665	 0.498145	-0.250383	-0.498075	-0.026391
 0.125772	 0.499480	 0.498485	 0.499460	 0.499220	 0.404208	-0.299664	 0.498665	 0.498145	 0.125121	-0.498075	-0.026391
 0.312522	 0.499480	 0.498485	 0.499460	 0.499220	 0.451266	-0.544639	 0.498665	 0.498145	 0.311873	-0.498075	-0.026391
 0.405897	 0.499481	 0.498485	 0.499460	 0.499220	 0.474795	-0.665547	 0.498665	 0.498145	 0.405248	-0.498075	-0.026391
 0.452584	-0.000519	 0.498485	 0.499460	 0.499220	 0.486560	 0.275572	 0.498665	 0.498145	 0.451936	-0.498075	-0.026391
 0.475928	-0.249518	 0.498485	 0.499460	 0.499220	 0.492442	 0.743698	 0.498665	 0.498145	 0.475280	-0.498075	-0.026391
 0.487600	 0.125982	 0.498485	 0.499460	 0.499220	 0.495383	 0.475338	 0.498665	 0.498145	 0.486952	-0.498075	-0.026391
 0.493435	 0.312729	 0.498485	 0.499460	 0.499220	 0.496854	 0.341157	 0.498665	 0.498145	 0.492788	-0.498075	-0.026391
 0.496353	 0.406103	 0.498485	 0.499460	 0.499220	 0.497589	 0.274067	 0.498665	 0.498145	 0.495706	-0.498075	 0.473609
 0.497812	 0.452790	 0.498485	 0.499460	 0.499220	 0.497957	 0.240522	 0.498665	 0.498145	 0.497165	-0.498075	 0.721661
 0.498542	 0.476133	 0.498485	 0.499460	 0.499220	 0.498141	 0.223750	 0.498665	 0.498145	 0.497894	-0.498075	 0.343748
 0.498907	 0.487805	 0.498485	 0.499460	 0.499220	 0.498232	 0.215363	 0.498665	 0.498145	 0.498259	-0.498075	 0.154792
 0.499089	 0.493641	 0.498485	 0.499460	 0.499220	 0.498278	 0.211170	 0.498665	 0.498145	 0.498441	-0.498075	 0.060314
-0.000820	 0.496559	 0.498485	 0.499460	 0.499220	 0.498301	 0.209074	 0.498665	 0.498145	 0.498532	-0.498075	 0.013074
-0.249773	 0.498018	 0.498485	 0.499460	 0.499220	 0.498313	 0.208025	 0.498665	 0.498145	 0.498578	-0.498075	-0.010545
 0.125751	 0.498747	 0.498485	 0.499460	 0.499220	 0.498319	 0.207501	 0.498665	 0.498145	 0.498601	-0.498075	-0.022355
 0.312510	 0.499112	 0.498485	 0.499460	 0.499220	 0.498322	 0.207239	 0.498665	 0.498145	 0.498612	-0.498075	-0.028260
 0.405890	 0.499294	 0.498485	 0.499460	 0.499220	 0.498323	 0.207108	-0.001335	 0.498145	 0.498618	-0.498075	-0.031212
 0.452579	 0.499386	 0.498485	 0.499460	 0.499220	 0.498324	 0.207043	-0.250332	 0.498145	 0.498621	-0.498075	-0.032689
 0.475924	 0.499431	 0.498485	 0.499460	 0.499220	 0.498324	 0.207010	-0.374831	 0.498145	 0.498622	-0.498075	-0.033427
 0.487597	 0.499454	 0.498485	 0.499460	 0.499220	 0.498324	 0.206993	 0.062920	 0.498145	 0.498623	-0.498075	-0.033796
 0.493433	 0.499465	 0.498485	 0.499460	 0.499220	 0.498324	 0.206985	 0.280794	 0.498145	 0.498623	-0.498075	-0.033980
 0.496351	 0.499471	 0.498485	 0.499460	 0.499220	 0.498324	 0.206981	 0.389731	 0.498145	 0.498623	-0.498075	-0.034072
 0.497810	 0.499474	 0.498485	 0.499460	 0.499220	 0.498324	 0.206979	 0.444199	 0.498145	-0.001376	-0.498075	-0.034119
 0.498540	 0.499475	 0.498485	 0.499460	 0.499220	 0.498324	 0.206978	 0.471434	 0.498145	-0.250374	-0.498075	-0.034142
 0.498904	-0.000524	 0.498485	 0.499460	 0.499220	 0.498324	 0.206978	 0.485051	 0.498145	 0.125128	-0.498075	-0.034153
 0.499087	-0.249523	 0.498485	 0.499460	 0.499220	 0.498324	 0.206977	 0.491859	 0.498145	 0.311877	-0.498075	-0.034159
 0.499178	 0.125978	 0.498485	 0.499460	 0.499220	-0.001676	 0.206977	 0.495264	 0.498145	-0.594748	-0.498075	-0.034162
 0.499224	 0.312726	 0.498485	 0.499460	 0.499220	-0.250672	 0.206977	 0.496966	 0.498145	-1.045058	-0.498075	-0.034163
 0.499246	 0.406099	 0.498485	 0.499460	 0.499220	 0.124829	 0.206977	 0.497817	 0.498145	-0.267222	-0.498075	-0.034164
 0.499258	 0.452786	 0.498485	 0.499460	 0.499220	 0.311580	 0.206977	 0.498242	 0.498145	 0.120674	-0.498075	-0.034164
 0.499264	 0.476130	 0.498485	 0.499460	 0.499220	 0.404955	 0.206977	 0.498455	 0.498145	 0.313606	-0.498075	-0.034165
 0.499266	 0.487801	 0.498485	 0.499460	 0.499220	 0.451642	 0.206977	 0.498561	 0.498145	 0.409058	-0.498075	-0.034165
 0.499268	 0.493637	 0.498485	 0.499460	 0.499220	 0.474986	 0.206977	 0.498615	 0.498145	 0.455775	-0.498075	-0.034165
 0.499269	 0.496555	 0.498485	 0.499460	 0.499220	 0.486658	-0.293023	 0.498641	 0.498145	 0.478129	-0.498075	-0.034165
 0.499269	 0.498014	 0.498485	 0.499460	 0.499220	 0.492494	-0.541437	 0.498655	 0.498145	 0.488305	-0.498075	-0.034165
-0.000731	 0.498743	 0.498485	 0.499460	 0.499220	 0.495412	-0.164064	 0.498661	 0.498145	 0.493393	-0.498075	-0.034165
-0.249729	 0.499108	 0.498485	 0.499460	 0.499220	 0.496871	 0.024622	 0.498665	 0.498145	 0.495937	-0.498075	-0.034165
 0.125771	 0.499291	 0.498485	 0.499460	 0.499220	 0.497600	 0.118965	 0.498666	 0.498145	 0.497209	-0.498075	-0.034165
 0.312519	 0.499382	 0.498485	 0.499460	 0.499220	 0.497965	 0.166137	 0.498667	 0.498145	 0.497845	-0.498075	-0.034165
 0.405893	 0.499427	 0.498485	 0.499460	 0.499220	 0.498147	 0.189723	 0.498667	 0.498145	 0.498163	-0.498075	-0.034165
 0.452580	 0.499450	 0.498485	 0.499460	 0.499220	 0.498239	 0.201516	 0.498668	 0.498145	 0.498322	-0.498075	-0.034165
 0.475924	 0.499462	 0.498485	 0.499460	 0.499220	 0.498284	 0.207412	 0.498668	 0.498145	 0.498401	-0.498075	-0.034165
 0.487595	 0.499467	 0.498485	 0.499460	 0.499220	 0.498307	-0.289640	 0.498668	 0.498145	-0.001559	-0.498075	-0.034165
 0.493431	 0.499470	 0.498485	 0.499460	 0.499220	 0.498318	-0.536592	 0.498668	 0.498145	-0.250536	-0.498075	-0.034165
-0.003651	 0.499472	 0.498485	 0.499460	 0.499220	-0.001676	-0.158501	 0.498668	 0.498145	 0.124975	-0.498075	-0.034165
-0.251190	 0.499472	 0.498485	 0.499460	 0.499220	-0.250670	 0.030544	 0.498668	 0.498145	 0.311730	-0.498075	-0.034165
-0.374960	-0.000527	 0.498485	 0.499460	 0.499220	 0.124833	 0.125067	 0.498668	 0.498145	 0.405108	-0.498075	-0.034165
-0.436845	-0.249526	 0.498485	 0.499460	 0.499220	 0.311584	 0.172328	 0.498668	 0.498145	 0.451796	-0.498075	-0.034165
-0.467788	-0.374026	 0.498485	 0.499460	 0.499220	 0.404960	 0.195959	 0.498668	 0.498145	 0.475141	-0.498075	-0.034165
 0.016741	 0.063725	 0.498485	 0.499460	 0.499220	 0.451647	 0.207774	 0.498668	 0.498145	 0.486813	-0.498075	-0.034165
 0.258003	 0.281597	 0.498485	 0.499460	 0.499220	 0.474991	 0.213682	 0.498668	 0.498145	 0.492649	-0.498075	-0.034165
 0.378634	 0.390533	 0.498485	 0.499460	 0.499220	 0.486663	 0.216636	 0.498668	 0.498145	 0.495567	-0.498075	-0.034165
 0.438949	 0.445001	 0.498485	 0.499460	 0.499220	 0.492499	 0.218113	 0.498668	 0.498145	 0.497026	-0.498075	-0.034165
 0.469107	-0.027765	 0.498485	 0.499460	 0.499220	 0.495417	 0.218851	 0.498668	 0.498145	 0.497755	-0.498075	-0.034165
 0.484186	-0.263147	 0.498485	 0.499460	 0.499220	 0.496876	 0.219220	 0.498668	 0.498145	 0.498120	-0.498075	-0.034165
 0.491725	 0.119162	 0.498485	 0.499460	 0.499220	 0.497606	 0.219405	 0.498668	 0.498145	 0.498303	-0.498075	-0.034165
 0.495495	 0.309314	 0.498485	 0.499460	 0.499220	 0.497970	 0.219497	 0.498668	 0.498145	 0.498394	-0.498075	-0.034165
 0.497380	 0.404390	 0.498485	 0.499460	 0.499220	 0.498153	 0.219543	 0.498668	 0.498145	 0.498439	-0.498075	-0.034165
 0.498322	 0.451928	 0.498485	 0.499460	 0.499220	 0.498244	 0.719566	 0.498668	 0.498145	 0.498462	-0.498075	-0.034165
 0.498794	 0.475696	 0.498485	 0.499460	 0.499220	 0.498290	 0.967139	 0.498668	 0.498145	 0.498473	-0.498075	-0.034165
 0.499029	 0.487581	 0.498485	 0.499460	 0.499220	 0.498312	 0.588495	 0.498668	 0.498145	 0.498479	-0.498075	-0.034165
 0.499147	 0.493523	 0.498485	 0.499460	 0.499220	 0.498324	 0.399174	 0.498668	 0.498145	 0.498482	-0.498075	-0.034165
 0.499206	 0.496494	 0.498485	 0.499460	 0.499220	 0.498329	 0.304513	 0.498668	 0.498145	 0.498483	-0.498075	-0.034165
 0.499235	 0.497980	 0.498485	 0.499460	 0.499220	 0.498332	 0.257183	 0.498668	 0.498145	 0.498484	-0.498075	-0.034165
 0.499250	 0.498723	 0.498485	 0.499460	 0.499220	 0.498334	 0.733517	 0.498668	 0.498145	-0.001515	-0.498075	-0.034165
 0.499258	 0.499094	 0.498485	 0.499460	 0.499220	 0.498334	 0.969265	 0.498668	 0.498145	-0.250512	-0.498075	-0.034165
 0.499261	 0.499280	 0.498485	 0.499460	 0.499220	 0.498335	 1.084729	 0.498668	 0.498145	-0.375011	-0.498075	-0.034165
 0.499263	 0.499373	 0.498485	 0.499460	 0.499220	 0.498335	 0.640060	-0.001332	 0.498145	 0.062740	-0.498075	-0.034165
 0.499264	 0.499419	 0.498485	 0.499460	 0.499220	 0.498335	 0.417726	-0.250329	 0.498145	 0.280615	-0.498075	-0.034165
 0.499264	 0.499442	 0.498485	 0.499460	 0.499220	 0.498335	 0.806559	 0.125172	 0.498145	-0.110448	-0.498075	-0.034165
 0.499265	 0.499454	 0.498485	 0.499460	 0.499220	 0.498335	 0.998585	 0.311921	 0.498145	-0.304977	-0.498075	-0.034165
-0.000735	 0.499460	 0.498485	 0.499460	 0.499220	 0.498335	 0.592216	 0.405296	 0.498145	 0.097759	-0.498075	-0.034165
-0.249734	 0.499463	 0.498485	 0.499460	 0.499220	 0.498335	 0.389032	 0.451983	 0.498145	 0.298126	-0.498075	-0.034165
 0.125767	 0.499464	 0.498485	 0.499460	 0.499220	 0.498335	 0.287440	 0.475327	 0.498145	-0.101690	-0.498075	-0.034165
 0.312515	 0.499465	 0.498485	 0.499460	 0.499220	 0.498335	 0.236644	 0.486999	 0.498145	-0.300596	-0.498075	-0.034165
 0.405889	-0.000535	 0.498485	 0.499460	 0.499220	 0.498335	 0.211246	 0.492835	 0.498145	 0.099952	-0.498075	-0.034165
 0.452576	-0.249534	 0.498485	 0.499460	 0.499220	 0.498335	 0.198547	 0.495753	 0.498145	 0.299224	-0.498075	-0.034165
 0.475919	-0.374033	 0.498485	 0.499460	 0.499220	 0.498335	 0.192197	 0.497212	 0.498145	 0.398861	-0.498075	-0.034165
 0.487591	 0.063717	 0.498485	 0.499460	 0.499220	 0.498335	 0.189023	 0.497941	 0.498145	 0.448679	-0.498075	-0.034165
 0.493427	 0.281589	 0.498485	 0.499460	 0.499220	 0.498335	 0.187435	 0.498306	 0.498145	 0.473588	-0.498075	-0.034165
 0.496345	 0.390526	 0.498485	 0.499460	 0.499220	-0.001665	 0.186642	 0.498488	 0.498145	 0.486043	-0.498075	-0.034165
 0.497804	 0.444994	 0.498485	 0.499460	 0.499220	-0.250662	 0.186245	 0.498579	 0.498145	 0.492270	-0.498075	-0.034165
 0.498533	 0.472228	 0.498485	 0.499460	 0.499220	 0.124840	 0.686046	 0.498625	 0.498145	 0.495383	-0.498075	-0.034165
 0.498898	 0.485845	 0.498485	 0.499460	 0.499220	 0.311590	 0.933576	 0.498648	 0.498145	 0.496940	-0.498075	-0.034165
 0.499080	 0.492653	 0.498485	 0.499460	 0.499220	-0.095035	 0.554978	 0.498659	 0.498145	 0.497719	-0.498075	-0.034165
 0.499172	 0.496057	 0.498485	 0.499460	 0.499220	-0.297344	 0.365679	 0.498665	 0.498145	 0.498108	-0.498075	-0.034165
 0.499217	 0.497760	 0.498485	 0.499460	 0.499220	-0.398498	 0.271030	 0.498668	 0.498145	 0.498302	-0.498075	-0.034165
 0.499240	 0.498611	 0.498485	 0.499460	 0.499220	 0.050924	-0.276295	 0.498669	 0.498145	 0.498400	-0.498075	-0.034165
 0.499251	 0.499036	 0.498485	 0.499460	 0.499220	 0.274635	-0.548310	 0.498670	 0.498145	 0.498448	-0.498075	-0.034165
-0.000743	 0.499249	 0.498485	 0.499460	 0.499220	 0.386490	-0.182677	 0.498670	 0.498145	 0.498473	-0.498075	-0.034165
-0.249739	 0.499355	 0.498485	 0.499460	 0.499220	 0.442418	 0.000139	 0.498670	 0.498145	 0.498485	-0.498075	-0.034165
 0.125764	 0.499408	 0.498485	 0.499460	 0.499220	 0.470382	 0.091548	 0.498670	 0.498145	-0.001509	-0.498075	-0.034165
 0.312512	 0.499435	 0.498485	 0.499460	 0.499220	 0.484364	 0.137252	 0.498670	 0.498145	-0.250503	-0.498075	-0.034165
 0.405886	 0.499448	 0.498485	 0.499460	 0.499220	-0.008645	 0.160104	 0.498670	 0.498145	 0.125000	-0.498075	-0.034165
 0.452574	 0.499455	 0.498485	 0.499460	 0.499220	-0.254147	 0.171530	 0.498670	 0.498145	 0.311751	-0.498075	-0.034165
 0.475917	 0.499458	 0.498485	 0.499460	 0.499220	-0.376897	 0.177243	 0.498670	 0.498145	 0.405126	-0.498075	-0.034165
-0.012411	 0.499460	 0.498485	 0.499460	 0.499220	 0.061728	 0.180099	 0.498670	 0.498145	 0.451813	-0.498075	-0.034165
-0.255574	 0.499461	 0.498485	 0.499460	 0.499220	 0.280039	 0.181528	 0.498670	 0.498145	 0.475157	-0.498075	-0.034165
 0.122845	 0.499461	 0.498485	 0.499460	 0.499220	 0.389195	 0.182242	 0.498670	 0.498145	-0.013171	-0.498075	-0.034165
 0.311052	 0.499461	 0.498485	 0.499460	 0.499220	 0.443773	 0.182599	 0.498670	 0.498145	-0.256332	-0.498075	-0.034165
-0.094845	 0.499462	 0.498485	 0.499460	 0.499220	 0.471062	 0.182777	 0.498670	 0.498145	 0.122088	-0.498075	-0.034165
-0.296792	 0.499462	 0.498485	 0.499460	 0.499220	 0.484706	 0.182867	 0.498670	 0.498145	 0.310296	-0.498075	-0.034165
 0.102235	 0.499462	 0.498485	 0.499460	 0.499220	 0.491529	 0.182911	 0.498670	 0.498145	 0.404401	-0.498075	-0.034165
 0.300746	 0.499462	 0.498485	 0.499460	 0.499220	 0.494940	 0.182934	 0.498670	 0.498145	 0.451453	-0.498075	-0.034165
 0.400001	 0.499462	 0.498485	 0.499460	 0.499220	 0.496645	 0.182945	 0.498670	 0.498145	 0.474979	-0.498075	-0.034165
 0.449629	 0.499462	 0.498485	 0.499460	 0.499220	 0.497498	 0.182950	 0.498670	 0.498145	 0.486742	-0.498075	-0.034165
 0.474443	 0.499462	 0.498485	 0.499460	 0.499220	 0.497924	 0.182953	 0.498670	 0.498145	 0.492624	-0.498075	-0.034165
 0.486850	 0.499462	 0.498485	 0.499460	 0.499220	-0.001862	 0.182955	 0.498670	 0.498145	 0.495564	-0.498075	-0.034165
 0.493053	 0.499462	 0.498485	 0.499460	 0.499220	-0.250752	 0.182955	 0.498670	 0.498145	 0.497035	-0.498075	-0.034165
 0.496155	 0.499462	 0.498485	 0.499460	 0.499220	 0.124802	 0.182956	 0.498670	 0.498145	 0.497770	-0.498075	-0.034165
 0.497706	 0.499462	 0.498485	 0.499460	 0.499220	 0.311579	 0.182956	 0.498670	 0.498145	 0.498137	-0.498075	-0.034165
 0.498481	 0.499462	 0.498485	 0.499460	 0.499220	 0.404968	 0.182956	 0.498670	 0.498145	 0.498321	-0.498075	-0.034165
 0.498869	 0.499462	 0.498485	 0.499460	 0.499220	 0.451662	 0.182956	 0.498670	 0.498145	 0.498413	-0.498075	-0.034165
 0.499063	 0.499462	 0.498485	 0.499460	 0.499220	 0.475009	 0.182956	 0.498670	 0.498145	 0.498459	-0.498075	-0.034165
 0.499160	 0.499462	 0.498485	 0.499460	 0.499220	-0.013318	 0.182956	 0.498670	 0.498145	 0.498482	-0.498075	-0.034165
 0.499208	 0.499462	 0.498485	 0.499460	 0.499220	-0.256477	 0.182956	 0.498670	 0.498145	 0.498494	-0.498075	-0.034165
-0.000768	 0.499462	 0.498485	 0.499460	 0.499220	 0.121943	 0.182956	 0.498670	 0.498145	 0.498499	-0.498075	-0.034165
-0.249754	 0.499462	 0.498485	 0.499460	 0.499220	 0.310152	 0.182956	 0.498670	 0.498145	 0.498502	-0.498075	-0.034165
 0.125753	 0.499462	 0.498485	 0.499460	 0.499220	 0.404256	 0.182956	 0.498670	 0.498145	 0.498504	-0.498075	-0.034165
 0.312504	 0.499462	 0.498485	 0.499460	 0.499220	 0.451309	 0.182956	 0.498670	 0.498145	 0.498504	-0.498075	-0.034165
 0.405879	 0.499462	 0.498485	 0.499460	 0.499220	 0.474835	 0.182956	 0.498670	 0.498145	 0.498505	-0.498075	-0.034165
 0.452567	 0.499462	 0.498485	 0.499460	 0.499220	 0.486598	 0.182956	 0.498670	 0.498145	 0.498505	-0.498075	-0.034165
 0.475911	 0.499462	 0.498485	 0.499460	 0.499220	 0.492480	 0.182956	 0.498670	 0.498145	 0.498505	-0.498075	-0.034165
 0.487582	 0.499462	 0.498485	 0.499460	 0.499220	 0.495420	 0.182956	 0.498670	 0.498145	 0.498505	-0.498075	-0.034165
 0.493418	 0.499462	 0.498485	 0.499460	 0.499220	 0.496891	 0.182956	 0.498670	 0.498145	 0.498505	-0.498075	-0.034165
 0.496336	 0.499462	 0.498485	 0.499460	 0.499220	 0.497626	 0.182956	 0.498670	 0.498145	 0.498505	-0.498075	-0.034165
 0.497795	 0.499462	 0.498485	 0.499460	 0.499220	 0.497994	 0.182956	 0.498670	 0.498145	 0.498505	-0.498075	-0.034165
 0.498525	 0.499462	 0.498485	 0.499460	 0.499220	 0.498177	 0.182956	 0.498670	 0.498145	-0.501495	-0.498075	-0.034165
 0.498890	 0.499462	 0.498485	 0.499460	 0.499220	 0.498269	 0.182956	 0.498670	 0.498145	-0.998492	-0.498075	-0.034165
 0.499072	 0.499462	 0.498485	 0.499460	 0.499220	 0.498315	 0.182956	 0.498670	 0.498145	-0.243999	-0.498075	-0.034165
 0.499163	 0.499462	 0.498485	 0.499460	 0.499220	 0.498338	 0.182956	 0.498670	 0.498145	 0.132226	-0.498075	-0.034165
 0.499209	 0.499462	 0.498485	 0.499460	 0.499220	 0.498350	 0.182956	 0.498670	 0.498145	 0.319321	-0.498075	-0.034165
 0.499232	 0.499462	 0.498485	 0.499460	 0.499220	-0.001645	 0.182956	 0.498670	 0.998145	 0.411857	-0.498075	-0.034165
 0.499243	 0.499462	 0.498485	 0.499460	 0.499220	 0.249362	 0.182956	 0.498670	 1.245149	 0.457115	-0.498075	-0.034165
 0.499249	 0.499462	 0.498485	 0.499460	 0.499220	 0.373864	 0.182956	 0.498670	 1.365667	 0.478740	-0.498075	-0.034165
 0.499252	 0.499462	 0.498485	 0.499460	 0.499220	 0.436115	 0.182956	 0.498670	 0.922953	 0.488551	-0.498075	-0.034165
 0.499253	 0.499462	 0.498485	 0.499460	 0.499220	 0.467241	 0.182956	 0.498670	 0.701596	 0.493457	-0.498075	-0.034165
 0.499254	 0.499462	 0.498485	 0.499460	 0.499220	 0.482803	 0.682956	 0.498670	 1.090918	 0.495910	-0.498075	-0.034165
