-0.250333	 0.499440	 0.032231	 0.499642	 0.499191	 0.498535	 0.498679	 0.499471	 0.470354	 0.498522	-0.498097	-0.177215
-0.374619	 0.499440	 0.032224	 0.499642	-0.000809	 0.498535	 0.498679	-0.000522	 0.469612	 0.498735	-0.498097	-0.177215
-0.436763	 0.499440	 0.032220	 0.499642	-0.249807	 0.498535	 0.498679	-0.249518	 0.469242	 0.498841	-0.498097	-0.177215
 0.032166	 0.499440	 0.032218	 0.499642	 0.125694	 0.498535	 0.498679	 0.125985	 0.969057	 0.498895	-0.498097	-0.177215
 0.265628	 0.499440	 0.032218	 0.499642	 0.312442	 0.498535	 0.498679	 0.312733	 1.216026	 0.498921	-0.498097	-0.177215
 0.382359	 0.499440	 0.032217	 0.499642	 0.405816	 0.498535	 0.498679	-0.093893	 0.836585	-0.001065	-0.498097	 0.322785
 0.440724	 0.499440	 0.032217	 0.499642	 0.452503	 0.498535	 0.498679	-0.296205	 0.646865	-0.250057	-0.498097	 0.571140
 0.469907	 0.499440	 0.032217	 0.499642	 0.475846	 0.498535	 0.498679	-0.397361	 0.552004	-0.374552	-0.498097	 0.693678
 0.484499	 0.499440	 0.032217	 0.499642	 0.487518	 0.498535	 0.498679	 0.052061	 0.504574	 0.063200	-0.498097	 0.253315
 0.491794	 0.499440	 0.032217	 0.499642	 0.493354	 0.498535	 0.498679	 0.275769	 0.480859	 0.281074	-0.498097	 0.033133
 0.495442	 0.499440	 0.032217	 0.499642	 0.496272	 0.498535	 0.498679	-0.112377	 0.469001	 0.390011	-0.498097	-0.076958
 0.497266	 0.499440	 0.032217	 0.499642	 0.497731	 0.498535	 0.498679	-0.305449	 0.463073	 0.444480	-0.498097	-0.132003
 0.498178	 0.499440	 0.532217	 0.499642	 0.498460	 0.498535	 0.498679	 0.098015	 0.460108	 0.471714	-0.498097	-0.159526
 0.498634	 0.499440	 0.780152	 0.499642	 0.498825	 0.498535	 0.498679	 0.298744	 0.458626	 0.485331	-0.498097	-0.173287
 0.498862	 0.499440	 0.402064	 0.499642	 0.499008	-0.001465	 0.498679	 0.399109	 0.457885	 0.492140	-0.498097	-0.180168
 0.498976	 0.499440	 0.213020	 0.499642	 0.499099	-0.250463	 0.498679	 0.449291	 0.457514	 0.495544	-0.498097	-0.183608
 0.499033	 0.499440	 0.118498	 0.499642	 0.499144	-0.374961	 0.498679	 0.474382	 0.457329	 0.497246	-0.498097	-0.185329
 0.499061	 0.499440	 0.071237	 0.499642	 0.499167	 0.062790	 0.498679	-0.013072	 0.457237	 0.498097	-0.498097	-0.186189
 0.499076	 0.499440	 0.047606	 0.499642	 0.499179	 0.280664	 0.498679	-0.255798	 0.457190	 0.498523	-0.498097	-0.186619
 0.499083	 0.499440	 0.035791	 0.499642	 0.499184	 0.389601	 0.498679	 0.122839	 0.957167	 0.498736	-0.498097	-0.186834
 0.499086	 0.499440	 0.029883	 0.499642	 0.499187	 0.444070	 0.498679	 0.311154	 1.204241	 0.498842	-0.498097	-0.186941
 0.499088	 0.499440	 0.026929	 0.499642	 0.499189	 0.471304	 0.498679	 0.405312	 0.824876	 0.498895	-0.498097	 0.313005
 0.499089	 0.499440	 0.025452	 0.499642	 0.499189	 0.484921	 0.498679	 0.452391	 0.635193	 0.498922	-0.498097	 0.561352
 0.499089	 0.499440	 0.524714	 0.499642	 0.499190	 0.491730	 0.498679	 0.475930	 0.540351	-0.001065	-0.498097	 0.183906
 0.499090	 0.499440	 0.772297	 0.499642	 0.499190	 0.495134	 0.498679	 0.487700	 0.492931	-0.250056	-0.498097	-0.004816
 0.499090	 0.499440	 0.394048	 0.499642	 0.499190	 0.496836	 0.498679	 0.493585	 0.469220	 0.125448	-0.498097	-0.099178
 0.499090	 0.499440	 0.204924	 0.499642	 0.499190	 0.497687	 0.498679	 0.496527	 0.457365	 0.312198	-0.498097	-0.146359
 0.499090	 0.499440	 0.110362	 0.499642	 0.499190	 0.498113	 0.498679	 0.497998	 0.451438	 0.405574	-0.498097	-0.169949
 0.499090	 0.499440	 0.063081	 0.499642	 0.499190	 0.498325	 0.498679	 0.498734	 0.448474	 0.452261	-0.498097	-0.181744
 0.499090	 0.499440	 0.039441	 0.499642	 0.499190	 0.498432	 0.498679	 0.499102	 0.446992	 0.475605	-0.498097	-0.187642
 0.499090	 0.499440	 0.027620	 0.499642	 0.499190	 0.498485	 0.498679	 0.499286	 0.446251	 0.487277	-0.498097	-0.190591
 0.499090	 0.499440	 0.021710	 0.499642	 0.499190	 0.498512	 0.498679	 0.499378	 0.445881	 0.493113	-0.498097	-0.192065
 0.499090	 0.499440	 0.018755	 0.499642	-0.000810	 0.498525	 0.498679	-0.000576	 0.445695	-0.003969	-0.498097	-0.192802
 0.499090	 0.499440	 0.017278	 0.499642	-0.249808	 0.498532	 0.498679	-0.249552	 0.445603	-0.251508	-0.498097	-0.193171
 0.499090	 0.499440	 0.016539	 0.499642	 0.125692	 0.498535	 0.498679	-0.374040	 0.445556	 0.124722	-0.498097	-0.193355
 0.499090	 0.499440	 0.016169	 0.499642	 0.312440	 0.498537	 0.498679	-0.436284	 0.445533	 0.311836	-0.498097	-0.193447
 0.499090	 0.499440	 0.015985	 0.499642	 0.405814	 0.498537	 0.498679	-0.467406	 0.445522	 0.405392	-0.498097	-0.193493
 0.499090	 0.499440	 0.015892	 0.499642	 0.452501	 0.498538	 0.498679	 0.017033	 0.445516	-0.047829	-0.498097	-0.193516
 0.499090	 0.499440	 0.015846	 0.499642	 0.475845	 0.498538	 0.498679	 0.258249	 0.445513	-0.273438	-0.498097	-0.193528
 0.499090	 0.499440	 0.015823	 0.499642	 0.487517	 0.498538	 0.498679	-0.121142	 0.445512	-0.386242	-0.498097	-0.193534
 0.499090	 0.499440	 0.015812	 0.499642	 0.493353	 0.498538	 0.498679	-0.309837	 0.445511	-0.442645	-0.498097	-0.193536
-0.000910	 0.499440	 0.015806	 0.499642	 0.496270	-0.001462	 0.498679	 0.095815	 0.445510	-0.470846	-0.498097	-0.193538
-0.249908	 0.499440	 0.015803	 0.499642	 0.497729	-0.250459	 0.498679	 0.297639	 0.445510	-0.484946	-0.498097	-0.193539
 0.125593	 0.499440	 0.515802	 0.499642	 0.498459	-0.374957	 0.498679	 0.398550	 0.445510	-0.491996	-0.498097	-0.193539
 0.312341	 0.499440	 0.763769	 0.499642	 0.498824	-0.437207	 0.498679	 0.449006	 0.445510	-0.495522	-0.498097	-0.193539
 0.405715	 0.499440	 0.885730	 0.499642	 0.499006	-0.468331	 0.498679	 0.474234	 0.445510	-0.497284	-0.498097	-0.193539
 0.452402	 0.499440	 0.444694	 0.499642	 0.499097	 0.016106	 0.498679	 0.486848	 0.445510	 0.001835	-0.498097	-0.193539
 0.475746	 0.499440	 0.224177	 0.499642	 0.499143	 0.257324	 0.498679	 0.493155	 0.445510	 0.250392	-0.498097	-0.193539
 0.487417	 0.499440	 0.113918	 0.499642	 0.499166	 0.377933	 0.498679	 0.496309	 0.445510	 0.374671	-0.498097	-0.193539
 0.493253	 0.499440	 0.058789	 0.499642	 0.499177	 0.438237	 0.498679	 0.497885	 0.445510	 0.436810	-0.498097	-0.193539
 0.496171	 0.499440	 0.031224	 0.499642	 0.499183	 0.468390	 0.498679	-0.001326	 0.445510	 0.467880	-0.498097	-0.193539
 0.497630	 0.499440	 0.017441	 0.499642	 0.499186	 0.483466	 0.498679	-0.249931	 0.445510	 0.483415	-0.498097	-0.193539
 0.498360	 0.499440	 0.010550	 0.499642	 0.499187	 0.491004	 0.498679	 0.125767	 0.445510	 0.491182	-0.498097	-0.193539
 0.498724	 0.499440	 0.007105	 0.499642	 0.499188	 0.494773	 0.498679	 0.312613	 0.445510	 0.495066	-0.498097	-0.193539
 0.498907	 0.499440	 0.005382	 0.499642	 0.499188	 0.496657	 0.498679	 0.406035	 0.445510	 0.497008	-0.498097	-0.193539
-0.001002	 0.499440	 0.004521	 0.499642	 0.499188	 0.497600	 0.498679	 0.452747	 0.445510	 0.497979	-0.498097	-0.193539
-0.249955	 0.499440	 0.004090	 0.499642	 0.499188	 0.498071	 0.498679	 0.476103	 0.445510	 0.498464	-0.498097	-0.193539
 0.125569	 0.499440	 0.003874	 0.499642	 0.499188	 0.498306	 0.498679	 0.487781	 0.445510	 0.498707	-0.498097	-0.193539
 0.312329	 0.499440	 0.003767	 0.499642	 0.499188	 0.498424	 0.498679	 0.493619	 0.445510	 0.498828	-0.498097	-0.193539
 0.405709	 0.499440	 0.003713	 0.499642	 0.499188	 0.498483	 0.498679	 0.496539	 0.445510	-0.001111	-0.498097	-0.193539
 0.452399	 0.499440	 0.003686	 0.499642	 0.499188	 0.498512	 0.498679	 0.497999	 0.445510	-0.250079	-0.498097	-0.193539
 0.475743	 0.499440	 0.003673	 0.499642	 0.499188	 0.498527	 0.498679	 0.498729	 0.445510	 0.125437	-0.498097	-0.193539
 0.487416	 0.499440	 0.003666	 0.499642	 0.499188	 0.498535	 0.498679	 0.499093	 0.445510	 0.312194	-0.498097	-0.193539
 0.493252	 0.499440	 0.003663	 0.499642	 0.499188	 0.498538	 0.498679	 0.499276	 0.445510	 0.405572	-0.498097	-0.193539
 0.496170	 0.499440	 0.003661	 0.499642	 0.499188	 0.498540	 0.498679	 0.499367	 0.445510	 0.452261	-0.498097	-0.193539
 0.497629	 0.499440	 0.003660	 0.499642	 0.499188	 0.498541	 0.498679	 0.499413	 0.445510	 0.475605	-0.498097	-0.193539
 0.498359	 0.499440	 0.003660	 0.499642	 0.499188	 0.498541	 0.498679	 0.499436	 0.445510	 0.487278	-0.498097	-0.193539
 0.498724	 0.499440	 0.003659	 0.499642	 0.499188	 0.498542	 0.498679	 0.499447	 0.445510	 0.493114	-0.498097	-0.193539
 0.498906	 0.499440	 0.003659	 0.499642	 0.499188	-0.001458	 0.498679	 0.499453	 0.445510	-0.003968	-0.498097	-0.193539
 0.498997	 0.499440	 0.003659	 0.499642	 0.499188	-0.250455	 0.498679	 0.499456	 0.445510	-0.251507	-0.498097	-0.193539
 0.499043	 0.499440	 0.003659	 0.499642	 0.499188	 0.125046	 0.498679	 0.499457	 0.445510	-0.375276	-0.498097	-0.193539
 0.499066	 0.499440	 0.003659	 0.499642	 0.499188	 0.311796	 0.498679	 0.499458	 0.445510	-0.437161	-0.498097	-0.193539
 0.499077	 0.499440	 0.003659	 0.499642	 0.499188	 0.405171	 0.498679	 0.499458	 0.445510	-0.468104	-0.498097	-0.193539
-0.000917	 0.499440	 0.003659	 0.499642	 0.499188	 0.451858	 0.498679	 0.499458	 0.445510	-0.483575	-0.498097	-0.193539
-0.249913	 0.499440	 0.003659	 0.499642	 0.499188	 0.475202	 0.498679	 0.499458	 0.445510	-0.491310	-0.498097	-0.193539
 0.125590	 0.499440	 0.003659	 0.499642	 0.499188	 0.486874	 0.498679	-0.000542	 0.445510	 0.004822	-0.498097	-0.193539
 0.312339	 0.499440	 0.003659	 0.499642	 0.499188	 0.492710	 0.498679	-0.249541	 0.445510	 0.251886	-0.498097	-0.193539
-0.094287	 0.499440	 0.003659	 0.499642	 0.499188	 0.495628	 0.498679	 0.125960	 0.445510	-0.124582	-0.498097	-0.193539
-0.296598	 0.499440	 0.003659	 0.499642	 0.499188	 0.497087	 0.498679	 0.312707	 0.445510	-0.311814	-0.498097	-0.193539
 0.102247	 0.499440	 0.003659	 0.499642	 0.499188	 0.497816	 0.498679	 0.406081	 0.445510	-0.405430	-0.498097	-0.193539
 0.300667	 0.499440	 0.003659	 0.499642	 0.499188	 0.498181	 0.498679	 0.452768	 0.445510	-0.452238	-0.498097	-0.193539
 0.399877	 0.499440	 0.003659	 0.499642	 0.499188	 0.498363	 0.498679	 0.476111	 0.445510	-0.475642	-0.498097	-0.193539
-0.050518	 0.499440	 0.003659	 0.499642	 0.499188	 0.498454	 0.498679	-0.012217	 0.445510	-0.487344	-0.498097	-0.193539
-0.274714	 0.499440	 0.003659	 0.499642	 0.499188	 0.498500	 0.498679	-0.255380	 0.445510	-0.493195	-0.498097	-0.193539
 0.113188	 0.499440	 0.003659	 0.499642	 0.499188	 0.498523	-0.001321	 0.123038	 0.445510	-0.496120	-0.498097	-0.193539
 0.306137	 0.499440	 0.003659	 0.499642	 0.499188	 0.498534	-0.250319	 0.311245	 0.445510	-0.497583	-0.498097	-0.193539
 0.402612	 0.499440	 0.003659	 0.499642	 0.499188	 0.498540	 0.125183	 0.405348	 0.445510	-0.498314	-0.498097	-0.193539
 0.450849	 0.499440	 0.003659	 0.499642	 0.499188	 0.498543	 0.311932	 0.452400	 0.445510	-0.498680	-0.498097	-0.193539
 0.474968	 0.499440	 0.003659	 0.499642	 0.499188	 0.498544	 0.405306	-0.024075	 0.445510	-0.498863	-0.498097	-0.193539
 0.487027	 0.499440	 0.003659	 0.499642	 0.499188	 0.498545	 0.451994	-0.261311	 0.445510	-0.498954	-0.498097	-0.193539
 0.493057	 0.499440	 0.003659	 0.499642	 0.499188	 0.498545	 0.475337	-0.379929	 0.445510	-0.499000	-0.498097	-0.193539
 0.496071	 0.499440	 0.003659	 0.499642	 0.499188	 0.498545	 0.487009	 0.060762	-0.054490	-0.499023	-0.498097	-0.193539
 0.497579	 0.499440	 0.003659	 0.499642	 0.499188	 0.498545	 0.492845	 0.280105	-0.303381	-0.499034	-0.498097	-0.193539
 0.498333	 0.499440	 0.503659	 0.499642	 0.499188	-0.001454	 0.495763	 0.389776	 0.073278	 0.000960	-0.498097	-0.193539
 0.498709	 0.499440	 0.751652	 0.499642	 0.499188	-0.250452	 0.497222	 0.444612	 0.261608	 0.249955	-0.498097	-0.193539
 0.498898	 0.499440	 0.373649	 0.499642	 0.499188	 0.125050	 0.497952	 0.472030	 0.355772	 0.374453	-0.498097	-0.193539
 0.498992	 0.499440	 0.184647	 0.499642	 0.499188	 0.311800	 0.498316	 0.485739	 0.402855	 0.436702	-0.498097	-0.193539
-0.000961	 0.499440	 0.590147	 0.499642	 0.499188	 0.405174	 0.498499	 0.492593	 0.926396	 0.467826	-0.498097	-0.193539
-0.249935	 0.499440	 0.790905	 0.499642	 0.499188	 0.451862	 0.498590	 0.496020	 1.185267	 0.483388	-0.498097	-0.193539
-0.374423	 0.499440	 0.889301	 0.499642	 0.499188	 0.475205	 0.498636	 0.497734	 1.311814	 0.491170	-0.498097	-0.193539
 0.063334	 0.499440	 0.436523	 0.499642	 0.499188	 0.486877	-0.001342	-0.001409	 0.872211	-0.004940	-0.498097	-0.193539
 0.281210	 0.499440	 0.210135	 0.499642	 0.499188	 0.492713	-0.250328	-0.249980	 0.652409	-0.251993	-0.498097	-0.193539
 0.390148	 0.499440	 0.096940	 0.499642	 0.499188	 0.495631	 0.125179	 0.125735	 1.042508	 0.124481	-0.498097	 0.306461
 0.444617	 0.499440	 0.040343	 0.499642	 0.499188	 0.497090	 0.311931	 0.312589	 1.234693	 0.311716	-0.498097	 0.554848
 0.471851	 0.499440	 0.512045	 0.499642	 0.499188	 0.497820	 0.405308	 0.406017	 1.327931	 0.405334	-0.498097	 0.177435
 0.485468	 0.499440	 0.745928	 0.499642	 0.499188	 0.498184	 0.451996	 0.452730	 1.371708	 0.452142	-0.498097	-0.011272
 0.492277	 0.499440	 0.360910	 0.499642	 0.499188	 0.498367	 0.475340	 0.476087	 0.890765	 0.475547	-0.498097	-0.105625
 0.495681	 0.499440	 0.168401	 0.499642	 0.499188	 0.498458	 0.487012	 0.487765	 0.650294	 0.487249	-0.498097	-0.152801
 0.497383	 0.499440	 0.072146	 0.499642	 0.499188	 0.498504	 0.492848	 0.493605	 0.530058	 0.493100	-0.498097	-0.176390
 0.498235	 0.499440	 0.524019	 0.499642	 0.499188	 0.498526	 0.495766	 0.496524	 0.469941	-0.003975	-0.498097	-0.188184
 0.498660	 0.499440	 0.748004	 0.499642	 0.499188	 0.498538	 0.497225	 0.497984	 0.439882	-0.251510	-0.498097	-0.194081
 0.498873	 0.499440	 0.358052	 0.499642	 0.499188	 0.498543	 0.497954	 0.498714	 0.424852	-0.375277	-0.498097	-0.197030
 0.498979	 0.499440	 0.163076	 0.499642	 0.499188	 0.498546	 0.498319	 0.499079	 0.417338	-0.437161	-0.498097	-0.198504
 0.499032	 0.499440	 0.565588	 0.499642	 0.499188	 0.498548	 0.498501	-0.000739	 0.913580	 0.031897	-0.498097	-0.199241
 0.499059	 0.499440	 0.764908	 0.499642	 0.499188	 0.498548	 0.498592	-0.249646	 1.158882	 0.265424	-0.498097	-0.199610
 0.499072	 0.499440	 0.862639	 0.499642	 0.499188	 0.498549	 0.498638	 0.125900	 1.278724	 0.382188	-0.498097	-0.199794
 0.499079	 0.499440	 0.909584	 0.499642	 0.499188	 0.498549	 0.498661	 0.312670	 1.335848	 0.440570	-0.498097	-0.199886
 0.499082	 0.499440	 0.931144	 0.499642	 0.499188	 0.498549	 0.498672	 0.406055	 0.861625	 0.469761	-0.498097	-0.199932
 0.499084	 0.499440	 0.940018	 0.499642	 0.499188	 0.498549	 0.498678	 0.452748	 0.624513	 0.484356	-0.498097	-0.199955
 0.499085	 0.499440	 0.942557	 0.499642	 0.499188	 0.498549	 0.498681	 0.476094	 0.505957	 0.491654	-0.498097	-0.199967
-0.000915	 0.499440	 0.941937	 0.499642	 0.499188	 0.498549	 0.498682	 0.487767	 0.446679	 0.495303	-0.498097	-0.199972
-0.249913	 0.499440	 0.939744	 0.499642	 0.499188	 0.498549	 0.498683	 0.493604	 0.417040	 0.497127	-0.498097	-0.199975
 0.125588	 0.499440	 0.936773	 0.499642	 0.499188	 0.498549	 0.498683	 0.496522	 0.402220	 0.498039	-0.498097	-0.199977
 0.312337	 0.499440	 0.933419	 0.499642	 0.499188	 0.498549	 0.498683	 0.497981	 0.394810	 0.498495	-0.498097	-0.199977
 0.405711	 0.499440	 0.429882	 0.499642	 0.499188	 0.498549	 0.498684	 0.498711	 0.391106	 0.498723	-0.498097	-0.199978
 0.452398	 0.499440	 0.178114	 0.499642	 0.499188	 0.498549	 0.498684	 0.499076	 0.389253	 0.498837	-0.498097	-0.199978
 0.475741	 0.499440	 0.552230	 0.499642	 0.499188	 0.498549	 0.498684	 0.499258	 0.888327	 0.498894	-0.498097	-0.199978
 0.487413	 0.499440	 0.737435	 0.499642	 0.499188	 0.498549	 0.498684	 0.499349	 1.135089	 0.498923	-0.498097	-0.199978
 0.493249	 0.499440	 0.828192	 0.499642	 0.499188	 0.498549	 0.498684	 0.499395	 1.255706	 0.498937	-0.498097	-0.199978
 0.496167	 0.499440	 0.371733	 0.499642	 0.499188	 0.498549	 0.498684	 0.499418	 0.813262	 0.498944	-0.498097	-0.199978
 0.497626	 0.499440	 0.143503	 0.499642	 0.499188	 0.498549	 0.498684	 0.499429	 0.592040	 0.498948	-0.498097	-0.199978
 0.498355	 0.499440	 0.029389	 0.499642	 0.499188	 0.498549	 0.498684	 0.499435	 0.481429	 0.498950	-0.498097	-0.199978
 0.498720	 0.499440	-0.027669	 0.499642	 0.499188	 0.498549	 0.498684	 0.499437	 0.426124	 0.498951	-0.498097	-0.199978
 0.498903	 0.499440	-0.056197	 0.499642	 0.499188	 0.498549	 0.498684	 0.499439	 0.398471	 0.498951	-0.498097	-0.199978
 0.498994	 0.499440	-0.070462	 0.499642	 0.499188	 0.498549	 0.498684	 0.499440	 0.384645	 0.498951	-0.498097	-0.199978
 0.499039	 0.499440	 0.422406	 0.499642	 0.499188	 0.498549	 0.498684	 0.499440	 0.377732	-0.001049	-0.498097	-0.199978
 0.499062	 0.499440	 0.667009	 0.499642	 0.499188	 0.498549	 0.498684	 0.499440	 0.374275	-0.250047	-0.498097	-0.199978
 0.499073	 0.499440	 0.787488	 0.499642	 0.499188	 0.498549	 0.498684	 0.499440	 0.372547	-0.374545	-0.498097	-0.199978
 0.499079	 0.499440	 0.345911	 0.499642	 0.499188	 0.498549	 0.498684	 0.499440	 0.371683	 0.063205	-0.498097	-0.199978
 0.499082	 0.499440	 0.125123	 0.499642	 0.499188	 0.498549	 0.498684	 0.499440	 0.371250	 0.281078	-0.498097	-0.199978
 0.499083	 0.499440	 0.514729	 0.499642	 0.499188	 0.498549	 0.498684	 0.499440	 0.371034	-0.109985	-0.498097	-0.199978
 0.499084	 0.499440	 0.707723	 0.499642	 0.499188	 0.498549	 0.498684	 0.499440	 0.370926	-0.304514	-0.498097	-0.199978
 0.499085	 0.499440	 0.302418	 0.499642	 0.499188	 0.498549	 0.498684	 0.499440	 0.370872	 0.098221	-0.498097	-0.199978
 0.499085	 0.499440	 0.099766	 0.499642	 0.499188	 0.498549	 0.498684	 0.499440	 0.370845	 0.298586	-0.498097	-0.199978
 0.499085	 0.499440	-0.001560	 0.499642	 0.499188	 0.498549	 0.498684	 0.499440	 0.870832	 0.398769	-0.498097	-0.199978
 0.499085	 0.499440	-0.052223	 0.499642	 0.499188	 0.498549	 0.498684	 0.499440	 1.118083	 0.448861	-0.498097	-0.199978
 0.499085	 0.499440	-0.077554	 0.499642	 0.499188	 0.498549	 0.498684	 0.499440	 1.238979	 0.473906	-0.498097	-0.199978
-0.000915	 0.499440	-0.090220	 0.499642	 0.499188	 0.498549	 0.498684	 0.499440	 0.796706	-0.013571	-0.498097	-0.199978
-0.249913	 0.499440	-0.096553	 0.499642	 0.499188	 0.498549	 0.498684	 0.499440	 0.575570	-0.256307	-0.498097	-0.199978
 0.125588	 0.499440	-0.099719	 0.499642	 0.499188	-0.001451	 0.498684	 0.499440	 0.965002	-0.377675	-0.498097	-0.199978
 0.312336	 0.499440	-0.101303	 0.499642	 0.499188	-0.250448	 0.498684	 0.499440	 1.157009	-0.438360	-0.498097	-0.199978
 0.405710	 0.499440	-0.102094	 0.499642	 0.499188	 0.125054	 0.498684	 0.499440	 0.750315	 0.031298	-0.498097	-0.199978
 0.452397	 0.499440	-0.102490	 0.499642	 0.499188	 0.311803	 0.498684	 0.499440	 0.546968	 0.265125	-0.498097	-0.199978
 0.475741	 0.499440	 0.397312	 0.499642	 0.499188	 0.405178	 0.498684	 0.499440	 0.445294	 0.382039	-0.498097	-0.199978
 0.487412	 0.499440	 0.645419	 0.499642	 0.499188	 0.451865	 0.498684	 0.499440	 0.394457	 0.440496	-0.498097	-0.199978
 0.493248	 0.499440	 0.767685	 0.499642	 0.499188	 0.475209	 0.498684	 0.499440	 0.369039	 0.469724	-0.498097	-0.199978
 0.496166	 0.499440	 0.827039	 0.499642	 0.499188	 0.486881	 0.498684	-0.000560	 0.356330	-0.015662	-0.498097	-0.199978
 0.497625	 0.499440	 0.854942	 0.499642	 0.499188	 0.492717	 0.498684	-0.249559	 0.349975	-0.257352	-0.498097	-0.199978
 0.498355	 0.499440	 0.367129	 0.499642	 0.499188	-0.004365	 0.498684	 0.125942	 0.346798	 0.121802	-0.498097	-0.199978
 0.498719	 0.499440	 0.123222	 0.499642	 0.499188	-0.251903	 0.498684	 0.312689	 0.345209	 0.310377	-0.498097	-0.199978
 0.498902	 0.499440	 0.001268	 0.499642	 0.499188	 0.124328	 0.498684	 0.406063	 0.344415	 0.404665	-0.498097	-0.199978
 0.498993	 0.499440	-0.059708	 0.499642	 0.499188	 0.311442	 0.498684	 0.452750	 0.344018	 0.451809	-0.498097	-0.199978
 0.499039	 0.499440	 0.409803	 0.499642	 0.499188	 0.404999	 0.498684	 0.476093	 0.343819	-0.024619	-0.498097	-0.199978
 0.499061	 0.499440	 0.642800	 0.499642	 0.499188	 0.451778	 0.498684	 0.487765	 0.343720	-0.261831	-0.498097	-0.199978
 0.499073	 0.499440	 0.757547	 0.499642	 0.499188	 0.475167	 0.498684	 0.493601	 0.343670	-0.380437	-0.498097	-0.199978
 0.499078	 0.499440	 0.313176	 0.499642	 0.499188	 0.486862	 0.498684	 0.496519	 0.343645	 0.060260	-0.498097	-0.199978
 0.499081	 0.499440	 0.090991	 0.499642	 0.499188	 0.492709	 0.498684	 0.497978	 0.343633	 0.279607	-0.498097	-0.199978
 0.499083	 0.499440	-0.020102	 0.499642	 0.499188	 0.495633	 0.498684	 0.498707	 0.343627	 0.389280	-0.498097	-0.199978
 0.499083	 0.499440	-0.075648	 0.499642	 0.499188	 0.497094	 0.498684	 0.499072	 0.343624	 0.444117	-0.498097	-0.199978
 0.499084	 0.499440	-0.103422	 0.499642	 0.499188	 0.497825	-0.001316	 0.499254	 0.343622	 0.471535	-0.498097	-0.199978
 0.499084	 0.499440	-0.117308	 0.499642	 0.499188	 0.498191	-0.250314	 0.499346	 0.343621	 0.485244	-0.498097	-0.199978
 0.499084	 0.499440	-0.124251	 0.499642	 0.499188	 0.498374	 0.125188	 0.499391	 0.843621	 0.492099	-0.498097	-0.199978
 0.499084	 0.499440	-0.127723	 0.499642	 0.499188	 0.498465	 0.311937	 0.499414	 1.090933	 0.495526	-0.498097	-0.199978
 0.499084	 0.499440	-0.129459	 0.499642	 0.499188	 0.498511	 0.405312	 0.499425	 1.211913	 0.497240	-0.498097	-0.199978
 0.499084	 0.499440	 0.369673	 0.499642	 0.499188	 0.498533	 0.451999	 0.499431	 0.769737	 0.498096	-0.498097	-0.199978
 0.499084	 0.499440	 0.617502	 0.499642	 0.499188	 0.498545	 0.475342	 0.499434	 0.548649	 0.498525	-0.498097	-0.199978
 0.499084	 0.499440	 0.239685	 0.499642	 0.499188	 0.498551	 0.487014	 0.499435	 0.438105	 0.498739	-0.498097	-0.199978
 0.499084	 0.499440	 0.050777	 0.499642	 0.499188	 0.498553	 0.492850	 0.499436	 0.382833	 0.498846	-0.498097	-0.199978
 0.499084	 0.499440	-0.043677	 0.499642	 0.499188	 0.498555	 0.495768	 0.499436	 0.355197	 0.498900	-0.498097	-0.199978
 0.499084	 0.499440	-0.090904	 0.499642	 0.499188	 0.498556	 0.497227	 0.499437	 0.341379	 0.498926	-0.498097	-0.199978
 0.499084	 0.499440	-0.114518	 0.499642	 0.499188	 0.498556	 0.497957	 0.499437	 0.334470	 0.498940	-0.498097	-0.199978
 0.499084	 0.499440	-0.126325	 0.499642	 0.499188	 0.498556	 0.498321	 0.499437	 0.331016	 0.498947	-0.498097	-0.199978
 0.499084	 0.499440	-0.132228	 0.499642	 0.499188	 0.498556	 0.498504	 0.499437	 0.329289	 0.498950	-0.498097	-0.199978
 0.499084	 0.499440	 0.364820	 0.499642	 0.499188	 0.498556	 0.498595	 0.499437	 0.828425	 0.498952	-0.498097	-0.199978
 0.499084	 0.499440	 0.611621	 0.499642	 0.499188	 0.498556	 0.498641	 0.499437	 1.075338	 0.498952	-0.498097	-0.199978
 0.499084	 0.499440	 0.233304	 0.499642	 0.499188	 0.498556	 0.498663	 0.499437	 0.696150	-0.001047	-0.498097	-0.199978
 0.499084	 0.499440	 0.044146	 0.499642	 0.499188	 0.498556	 0.498675	 0.499437	 0.506556	-0.250045	-0.498097	-0.199978
 0.499084	 0.499440	-0.050433	 0.499642	 0.499188	-0.001444	 0.498680	 0.499437	 0.411759	 0.125456	-0.498097	-0.199978
 0.499084	 0.499440	-0.097723	 0.499642	 0.499188	-0.250441	 0.498683	 0.499437	 0.364361	 0.312205	-0.498097	-0.199978
 0.499084	 0.499440	-0.121368	 0.499642	 0.499188	 0.125061	 0.498685	 0.499437	 0.340661	 0.405579	-0.498097	-0.199978
 0.499084	 0.499440	-0.133190	 0.499642	 0.499188	 0.311810	 0.498685	 0.499437	 0.328812	 0.452266	-0.498097	-0.199978
 0.499084	 0.499440	-0.139101	 0.499642	 0.499188	 0.405185	 0.498686	 0.499437	 0.322887	 0.475610	-0.498097	-0.199978
 0.499084	 0.499440	-0.142057	 0.499642	 0.499188	 0.451872	 0.498686	 0.499437	 0.319925	 0.487282	-0.498097	 0.300022
 0.499084	 0.499440	-0.143535	 0.499642	 0.499188	 0.475216	 0.498686	 0.499437	 0.318443	 0.493118	-0.498097	 0.548422
-0.000916	 0.499440	 0.355726	 0.499642	 0.499188	 0.486888	-0.001314	 0.499437	 0.317703	-0.003964	-0.498097	 0.171028
-0.249914	 0.499440	 0.603647	 0.499642	 0.499188	 0.492724	-0.250311	 0.499437	 0.317332	-0.251503	-0.498097	-0.017669
 0.125587	 0.499440	 0.725904	 0.499642	 0.499188	-0.004358	 0.125190	 0.499437	 0.317147	 0.124727	-0.498097	-0.112017
 0.312335	 0.499440	 0.785336	 0.499642	 0.499188	-0.251896	 0.311939	 0.499437	 0.317055	 0.311841	-0.498097	-0.159191
 0.405709	 0.499440	 0.313363	 0.499642	 0.499188	 0.124335	 0.405314	 0.499437	 0.317008	 0.405397	 0.001903	-0.182778
 0.452396	 0.499440	 0.077376	 0.499642	 0.499188	 0.311449	 0.452001	 0.499437	 0.316985	 0.452176	 0.250899	-0.194572
 0.475740	 0.499440	-0.040617	 0.499642	 0.499188	 0.405006	 0.475345	 0.499437	 0.316974	 0.475565	 0.375397	-0.200469
 0.487412	 0.499440	-0.099614	 0.499642	 0.499188	 0.451785	 0.487017	 0.499437	 0.316968	 0.487259	-0.062354	-0.203417
 0.493248	 0.499440	-0.129112	 0.499642	 0.499188	 0.475174	 0.492853	 0.499437	 0.316965	 0.493107	-0.280229	-0.204891
 0.496166	 0.499440	-0.143861	 0.499642	 0.499188	 0.486869	 0.495771	 0.499437	 0.316964	-0.003970	-0.389167	-0.205628
 0.497625	 0.499440	-0.151236	 0.499642	 0.499188	 0.492716	 0.497230	 0.499437	 0.316963	-0.251506	-0.443635	-0.205997
 0.498354	 0.499440	-0.154923	 0.499642	 0.499188	 0.495640	 0.497959	 0.499437	 0.316963	 0.124726	 0.029130	-0.206181
 0.498719	 0.499440	-0.156767	 0.499642	 0.499188	 0.497102	 0.498324	 0.499437	 0.316962	 0.311840	 0.264509	-0.206273
 0.498901	 0.499440	-0.157689	 0.499642	 0.499188	 0.497832	 0.498506	 0.499437	 0.316962	 0.405397	-0.117801	-0.206319
 0.498992	 0.499440	-0.158149	 0.499642	 0.499188	 0.498198	 0.498597	 0.499437	 0.316962	 0.452176	-0.307956	-0.206342
 0.499038	 0.499440	-0.158380	 0.499642	 0.499188	 0.498381	 0.498643	 0.499437	 0.316962	 0.475565	-0.403034	-0.206354
 0.499061	 0.499440	-0.158495	 0.499642	 0.499188	 0.498472	 0.498666	 0.499437	 0.316962	 0.487260	-0.450573	-0.206360
 0.499072	 0.499440	-0.158553	 0.499642	 0.499188	 0.498518	 0.498677	 0.499437	 0.316962	 0.493107	-0.474342	-0.206363
 0.499078	 0.499440	-0.158582	 0.499642	 0.499188	 0.498540	 0.498683	-0.000563	 0.816962	 0.496031	-0.486227	-0.206364
 0.499081	 0.499440	-0.158596	 0.499642	 0.499188	 0.498552	 0.498686	-0.249562	 1.064328	 0.497492	-0.492169	-0.206365
 0.499082	 0.499440	-0.158603	 0.499642	 0.499188	 0.498558	 0.498687	-0.374062	 0.685388	 0.498223	-0.495140	-0.206365
 0.499083	 0.499440	-0.158607	 0.499642	 0.499188	 0.498560	 0.498688	-0.436311	 0.495918	 0.498589	-0.496626	-0.206365
 0.499083	 0.499440	 0.341391	 0.499642	 0.499188	 0.498562	 0.498688	 0.032564	 0.401183	-0.001228	-0.497369	 0.293635
 0.499083	 0.499440	 0.589708	 0.499642	 0.499188	 0.498563	 0.498688	 0.265999	 0.353815	-0.250135	-0.497740	 0.542047
 0.499083	 0.499440	 0.712190	 0.499642	 0.499188	 0.498563	 0.498689	 0.382716	 0.330131	-0.374588	-0.497926	 0.664673
 0.499083	 0.499440	 0.271762	 0.499642	 0.499188	-0.501437	 0.498689	 0.441075	 0.318289	-0.436815	-0.498018	 0.224411
 0.499083	 0.499440	 0.051547	 0.499642	 0.499188	-0.998434	 0.498689	 0.470254	 0.312368	-0.467928	-0.498065	 0.004280
 0.499083	 0.499440	-0.058560	 0.499642	 0.499188	-0.243942	 0.498689	 0.484844	 0.309408	 0.016515	-0.498088	-0.105786
 0.499084	 0.499440	-0.113613	 0.499642	 0.499188	 0.132284	 0.498689	 0.492138	 0.307928	 0.257735	-0.498100	-0.160818
 0.499084	 0.499440	-0.141140	 0.499642	 0.499188	 0.319379	 0.498689	 0.495786	 0.807188	-0.121655	-0.498105	-0.188335
 0.499084	 0.499440	-0.154903	 0.499642	 0.499188	 0.411914	 0.498689	 0.497610	 1.054205	-0.310348	-0.498108	-0.202093
 0.499084	 0.499440	 0.338215	 0.499642	 0.499188	 0.457172	 0.498689	 0.498521	 0.675111	 0.095305	-0.498110	-0.208972
 0.499084	 0.499440	 0.583111	 0.499642	 0.499188	 0.478797	 0.498689	 0.498977	 0.485564	 0.297130	-0.498111	-0.212411
-0.000916	 0.499440	 0.203904	 0.499642	 0.499188	 0.488608	 0.498689	 0.499205	 0.390790	 0.398043	-0.498111	-0.214131
-0.249915	 0.499440	 0.014300	 0.499642	 0.499188	 0.493514	 0.498689	 0.499319	 0.343404	 0.448499	-0.498111	-0.214991
-0.374414	 0.499440	-0.080502	 0.499642	 0.499188	 0.495967	 0.498689	 0.499376	 0.319710	 0.473727	-0.498111	-0.215421
-0.436663	 0.499440	 0.372097	 0.499642	 0.499188	 0.497193	 0.498689	 0.499405	 0.307864	 0.486341	-0.498111	-0.215636
-0.467788	 0.499440	 0.596747	 0.499642	 0.499188	 0.497806	 0.498689	 0.499419	 0.301940	 0.492648	-0.498111	-0.215744
 0.016650	 0.499440	 0.207429	 0.499642	 0.499188	 0.498113	 0.498689	 0.499426	 0.298979	-0.004199	-0.498111	-0.215797
 0.257866	 0.499440	 0.012770	 0.499642	 0.499188	 0.498266	 0.498689	 0.499430	 0.297498	-0.251620	-0.498111	-0.215824
 0.378475	 0.499440	 0.415441	 0.499642	 0.499188	 0.498343	 0.498689	 0.499432	 0.296757	-0.375330	-0.498111	-0.215838
 0.438779	 0.499440	 0.615140	 0.499642	 0.499188	 0.498381	 0.498689	 0.499432	 0.296387	-0.437186	-0.498111	-0.215844
-0.031069	 0.499440	 0.213360	 0.499642	 0.499188	 0.498400	-0.001311	 0.499433	 0.296202	 0.031887	-0.498111	-0.215848
-0.264991	 0.499440	 0.012470	 0.499642	 0.499188	 0.498410	-0.250309	 0.499433	 0.296109	 0.265421	-0.498111	-0.215849
-0.381952	 0.499440	-0.087975	 0.499642	 0.499188	 0.498415	-0.374807	 0.499433	 0.296063	 0.382188	-0.498111	-0.215850
 0.059567	 0.499440	-0.138198	 0.499642	 0.499188	 0.498417	 0.062943	 0.499433	 0.296040	-0.059428	-0.498111	-0.215851
 0.279325	 0.499440	-0.163309	 0.499642	 0.499188	 0.498418	 0.280817	 0.499433	 0.296028	-0.279234	-0.498111	-0.215851
-0.110797	 0.499440	-0.175865	 0.499642	 0.499188	 0.498419	-0.110246	 0.499433	 0.296023	 0.110863	-0.498111	-0.215851
-0.304855	 0.499440	-0.182142	 0.499642	 0.499188	 0.498419	-0.304775	 0.499433	 0.296020	 0.304909	-0.498111	-0.215851
 0.098115	 0.499440	-0.185281	 0.499642	 0.499188	 0.498419	 0.097961	 0.499433	 0.296018	 0.401932	-0.498111	-0.215851
 0.298598	 0.499440	-0.186851	 0.499642	 0.499188	 0.498419	 0.298327	 0.499433	 0.296018	 0.450444	-0.498111	-0.215851
 0.398840	 0.499440	 0.312364	 0.499642	 0.499188	 0.498419	 0.398510	 0.499433	 0.296017	 0.474700	-0.498111	-0.215851
 0.448961	 0.499440	 0.560349	 0.499642	 0.499188	 0.498419	 0.448602	 0.499433	 0.296017	 0.486828	-0.498111	-0.215851
 0.474021	 0.499440	 0.682724	 0.499642	 0.499188	 0.498419	 0.473648	 0.499433	 0.296017	 0.492892	-0.498111	-0.215851
 0.486551	 0.499440	 0.742302	 0.499642	 0.499188	 0.498419	 0.486171	 0.499433	 0.296017	 0.495924	-0.498111	-0.215851
 0.492816	 0.499440	 0.770487	 0.499642	 0.499188	 0.498419	 0.492432	 0.499433	 0.296017	 0.497440	-0.498111	-0.215851
 0.495949	 0.499440	 0.282982	 0.499642	 0.499188	 0.498419	 0.495563	-0.000567	 0.296017	-0.001802	-0.498111	-0.215851
 0.497515	 0.499440	 0.039230	 0.499642	 0.499188	 0.498419	 0.497128	-0.249566	 0.296017	-0.250421	-0.498111	-0.215851
 0.498298	 0.499440	-0.082646	 0.499642	 0.499188	 0.498419	 0.497911	 0.125935	 0.796017	 0.125269	-0.498111	-0.215851
 0.498690	 0.499440	-0.143584	 0.499642	 0.499188	 0.498419	 0.498302	 0.312682	 1.043425	 0.312113	-0.498111	-0.215851
 0.498886	 0.499440	 0.325947	 0.499642	 0.499188	 0.498419	-0.001502	 0.406056	 0.664547	-0.094466	-0.498111	-0.215851
 0.498984	 0.499440	 0.559121	 0.499642	 0.499188	 0.498419	-0.250402	 0.452743	 0.475108	-0.296753	-0.498111	-0.215851
 0.499033	 0.499440	 0.674124	 0.499642	 0.499188	 0.498419	-0.374851	 0.476086	 0.380389	-0.397896	-0.498111	-0.215851
 0.499057	 0.499440	 0.230047	 0.499642	 0.499188	 0.498419	-0.437076	 0.487758	 0.333029	 0.051532	-0.498111	-0.215851
 0.499069	 0.499440	 0.008008	 0.499642	 0.499188	 0.498419	-0.468189	 0.493594	 0.309349	 0.275244	-0.498111	-0.215851
 0.499075	 0.499440	-0.103011	 0.499642	 0.499188	 0.498419	 0.016255	-0.003488	 0.297509	 0.387100	-0.498111	-0.215851
 0.499078	 0.499440	-0.158521	 0.499642	 0.499188	 0.498419	 0.257475	-0.251028	 0.291589	 0.443028	-0.498111	-0.215851
 0.499080	 0.499440	-0.186275	 0.499642	 0.499188	 0.498419	 0.378086	 0.125202	 0.788629	 0.470992	-0.498111	-0.215851
 0.499081	 0.499440	-0.200153	 0.499642	 0.499188	 0.498419	 0.438391	 0.312314	 1.034578	 0.484974	-0.498111	-0.215851
 0.499081	 0.499440	-0.207091	 0.499642	 0.499188	 0.498419	 0.468543	 0.405870	 0.654991	 0.491965	-0.498111	-0.215851
 0.499081	 0.499440	-0.210561	 0.499642	 0.499188	 0.498419	 0.483620	 0.452648	 0.465198	 0.495461	-0.498111	-0.215851
 0.499081	 0.499440	-0.212295	 0.499642	 0.499188	 0.498419	 0.491158	 0.476037	 0.370301	 0.497209	-0.498111	-0.215851
 0.499081	 0.499440	-0.213163	 0.499642	 0.499188	 0.498419	 0.494927	 0.487732	 0.322853	-0.001918	-0.498111	-0.215851
 0.499081	 0.499440	-0.213596	 0.499642	 0.499188	 0.498419	 0.496811	 0.493579	 0.299129	-0.250479	-0.498111	-0.215851
 0.499081	 0.499440	 0.286187	 0.499642	 0.499188	 0.498419	 0.497754	 0.496503	 0.287267	 0.125241	-0.498111	-0.215851
 0.499081	 0.499440	 0.534506	 0.499642	 0.499188	 0.498419	 0.498225	 0.497965	 0.281336	 0.312099	-0.498111	-0.215851
 0.499081	 0.499440	 0.157101	 0.499642	 0.499188	 0.498419	 0.498460	 0.498695	 0.278370	 0.405528	-0.498111	-0.215851
 0.499081	 0.499440	-0.031602	 0.499642	 0.499188	 0.498419	 0.498578	 0.499061	 0.276887	 0.452242	-0.498111	-0.215851
 0.499081	 0.499440	-0.125954	 0.499642	 0.499188	 0.498419	 0.498637	 0.499244	 0.776146	 0.475599	-0.498111	-0.215851
 0.499081	 0.499440	-0.173130	 0.499642	 0.499188	 0.498419	 0.498667	 0.499335	 1.023225	 0.487278	-0.498111	-0.215851
 0.499081	 0.499440	-0.196717	 0.499642	 0.499188	 0.498419	 0.498681	 0.499381	 1.144223	 0.493117	-0.498111	-0.215851
 0.499081	 0.499440	-0.208511	 0.499642	 0.499188	 0.498419	 0.498689	 0.499404	 0.702192	 0.496037	-0.498111	-0.215851
 0.499081	 0.499440	-0.214408	 0.499642	 0.499188	 0.498419	 0.498692	 0.499415	 0.481177	 0.497497	-0.498111	-0.215851
 0.499081	 0.499440	-0.217357	 0.499642	 0.499188	 0.498419	 0.498694	 0.499421	 0.370669	 0.498227	-0.498111	-0.215851
 0.499081	 0.499440	-0.218831	 0.499642	 0.499188	 0.498419	 0.498695	 0.499424	 0.315415	 0.498592	-0.498111	-0.215851
 0.499081	 0.499440	-0.219568	 0.499642	 0.499188	 0.498419	 0.498696	 0.499425	 0.287788	 0.498774	-0.498111	-0.215851
 0.499081	 0.499440	-0.219937	 0.499642	 0.499188	 0.498419	 0.498696	 0.499426	 0.273974	 0.498865	-0.498111	-0.215851
 0.499081	 0.499440	-0.220121	 0.499642	 0.499188	 0.498419	 0.498696	 0.499426	 0.767068	 0.498911	-0.498111	-0.215851
 0.499081	 0.499440	-0.220213	 0.499642	 0.499188	 0.498419	 0.498696	 0.499426	 1.011094	 0.498934	-0.498111	-0.215851
 0.499081	 0.499440	-0.220259	 0.499642	 0.499188	 0.498419	 0.498696	 0.499426	 1.130597	 0.498945	-0.498111	-0.215851
-0.000919	 0.499440	-0.220282	 0.499642	 0.499188	 0.498419	 0.498696	 0.499426	 1.187848	-0.001049	-0.498111	 0.284149
-0.249917	 0.499440	-0.220294	 0.499642	 0.499188	 0.498419	 0.498696	 0.499426	 1.213984	-0.250044	-0.498111	 0.532581
 0.125584	 0.499440	-0.220300	 0.499642	 0.499188	 0.498419	 0.498696	 0.499426	 0.724571	 0.125458	-0.498111	 0.155235
 0.312333	 0.499440	-0.220302	 0.499642	 0.499188	 0.498419	 0.498696	 0.499426	 0.479865	 0.312208	-0.498111	-0.033439
 0.405707	 0.499440	-0.220304	 0.499642	 0.499188	 0.498419	 0.498696	 0.499426	 0.357512	 0.405582	-0.498111	-0.127775
 0.452394	 0.499440	-0.220305	 0.499642	 0.499188	 0.498419	 0.498696	 0.499426	 0.296335	 0.452270	-0.498111	-0.174943
 0.475737	 0.499440	-0.220305	-0.000358	 0.499188	 0.498419	 0.498696	 0.499426	 0.265747	-0.024387	-0.498111	-0.198528
 0.487409	 0.499440	-0.220305	-0.249358	 0.499188	 0.498419	 0.498696	 0.499426	 0.250453	-0.261713	-0.498111	-0.210320
 0.493245	 0.499440	-0.220305	-0.373857	 0.499188	 0.498419	 0.498696	 0.499426	 0.242806	-0.380376	-0.498111	-0.216216
 0.496163	 0.499440	-0.220305	 0.063893	 0.499188	 0.498419	 0.498696	 0.499426	 0.238982	 0.060293	-0.498111	-0.219164
 0.497622	 0.499440	-0.220305	 0.281765	 0.499188	 0.498419	 0.498696	 0.499426	 0.237070	 0.279625	-0.498111	-0.220638
 0.498351	 0.499440	-0.220305	 0.390701	 0.499188	 0.498419	 0.498696	 0.499426	 0.236114	 0.389291	-0.498111	-0.221375
 0.498716	 0.499440	-0.220305	 0.445169	 0.499188	 0.498419	 0.498696	 0.499426	 0.235636	 0.444124	-0.498111	-0.221743
 0.498898	 0.499440	 0.279695	 0.472403	 0.499188	 0.498419	 0.498696	 0.499426	 0.235398	 0.471541	-0.498111	-0.221927
 0.498990	 0.499440	 0.528135	 0.486020	 0.499188	 0.498419	 0.498696	 0.499426	 0.235278	 0.485249	-0.498111	-0.222020
 0.499035	 0.499440	 0.150802	 0.492828	 0.499188	 0.498419	 0.498696	 0.499426	 0.235218	 0.492103	-0.498111	-0.222066
 0.499058	 0.499440	-0.037864	 0.496232	 0.499188	 0.498419	 0.498696	 0.499426	 0.235188	 0.495530	-0.498111	-0.222089
 0.499069	 0.499440	-0.132197	 0.497934	 0.499188	 0.498419	 0.498696	 0.499426	 0.235173	 0.497244	-0.498111	-0.222100
 0.499075	 0.499440	 0.320636	 0.498785	 0.499188	 0.498419	 0.498696	 0.499426	 0.735166	 0.498101	-0.498111	-0.222106
 0.499078	 0.499440	 0.545506	 0.499211	 0.499188	 0.498419	 0.498696	 0.499426	 0.982692	 0.498529	-0.498111	-0.222109
 0.499079	 0.499440	 0.156400	 0.499424	 0.499188	 0.498419	 0.498696	 0.499426	 1.103995	 0.498743	-0.498111	-0.222110
 0.499080	 0.499440	-0.038153	 0.499530	 0.499188	 0.498419	 0.498696	 0.499426	 1.162195	 0.498850	-0.498111	-0.222111
 0.499080	 0.499440	-0.135429	 0.499583	 0.499188	 0.498419	 0.498696	 0.499426	 0.688855	 0.498904	-0.498111	-0.222111
 0.499081	 0.499440	-0.184068	 0.499610	 0.499188	 0.498419	 0.498696	 0.499426	 0.452184	 0.498931	-0.498111	-0.222111
 0.499081	 0.499440	-0.208387	 0.499623	 0.499188	 0.498419	 0.498696	 0.499426	 0.333849	 0.498944	 0.001889	-0.222112
 0.499081	 0.499440	-0.220546	 0.499630	 0.499188	 0.498419	 0.498696	 0.499426	 0.274682	 0.498951	 0.250885	-0.222112
 0.499081	 0.499440	-0.226626	 0.499633	 0.499188	 0.498419	 0.498696	 0.499426	 0.245098	 0.498954	 0.375383	-0.222112
 0.499081	 0.499440	 0.270334	 0.499635	 0.499188	 0.498419	 0.498696	-0.000574	 0.730306	 0.498956	-0.062368	-0.222112
 0.499081	 0.499440	 0.517280	 0.499636	 0.499188	 0.498419	 0.498696	-0.249572	 0.970479	 0.498956	-0.280243	-0.222112
 0.499081	 0.499440	 0.139224	 0.499636	 0.499188	 0.498419	 0.498696	 0.125928	 0.588144	 0.498957	-0.389181	-0.222112
 0.499081	 0.499440	-0.049804	 0.499636	 0.499188	 0.498419	 0.498696	 0.312676	 0.396977	 0.498957	-0.443650	-0.222112
-0.000919	 0.499440	-0.144318	 0.499636	 0.499188	 0.498419	 0.498696	 0.406049	 0.301393	 0.498957	-0.470884	-0.222112
-0.249917	 0.499440	-0.191575	 0.499636	 0.499188	 0.498419	 0.498696	 0.452736	 0.253601	 0.498957	-0.484501	-0.222112
 0.125584	 0.499440	-0.215203	 0.499636	 0.499188	 0.498419	 0.498696	 0.476080	 0.229706	 0.498957	-0.491310	-0.222112
 0.312332	 0.499440	-0.227018	 0.499637	 0.499188	 0.498419	 0.498696	 0.487751	 0.217758	 0.498957	-0.494714	-0.222112
 0.405706	 0.499440	-0.232925	 0.499637	 0.499188	 0.498419	 0.498696	 0.493587	 0.211784	 0.498957	-0.496416	-0.222112
-0.047607	 0.499440	 0.264122	 0.499637	 0.499188	 0.498419	 0.498696	 0.496505	 0.708797	 0.498957	-0.497267	-0.222112
-0.273262	 0.499440	 0.511123	 0.499637	 0.499188	 0.498419	 0.498696	 0.497964	 0.954891	 0.498957	-0.497693	-0.222112
 0.113911	 0.499440	 0.133107	 0.499637	 0.499188	-0.001581	 0.498696	-0.001307	 0.575537	-0.001043	-0.497906	 0.277888
 0.306495	 0.499440	-0.055901	 0.499637	 0.499188	-0.250577	 0.498696	-0.249941	 0.385860	-0.250041	-0.498012	 0.526333
 0.402787	 0.499440	-0.150405	 0.499637	-0.000812	 0.124924	 0.498696	 0.125742	 0.791021	 0.125460	-0.498065	 0.149005
 0.450933	 0.499440	-0.197657	 0.499637	-0.249810	 0.311674	 0.498696	 0.312581	 0.991209	 0.312209	-0.498092	-0.039659
 0.475006	 0.499440	-0.221283	 0.499637	 0.125691	 0.405049	 0.498696	 0.406000	 0.588921	-0.094417	-0.498105	-0.133990
 0.487043	 0.499440	-0.233096	 0.499637	 0.312439	 0.451737	 0.498696	 0.452710	 0.387776	-0.296727	-0.498112	-0.181156
 0.493061	 0.499440	-0.239003	 0.499637	 0.405813	 0.475080	 0.498696	 0.476065	 0.287204	-0.397883	-0.498115	-0.204739
 0.496070	 0.499440	 0.258044	 0.499637	 0.452500	 0.486752	 0.498696	 0.487742	 0.236918	-0.448460	-0.498117	-0.216531
 0.497575	 0.499440	 0.505057	 0.499637	 0.475843	 0.492588	 0.498696	 0.493581	 0.211775	-0.473749	-0.498118	-0.222427
 0.498327	 0.499440	 0.127060	 0.499637	 0.487515	 0.495506	 0.498696	 0.496500	 0.199204	 0.013606	-0.498118	-0.225374
 0.498703	 0.499440	-0.061939	 0.499637	 0.493351	 0.496965	 0.498696	 0.497960	 0.192918	 0.256282	-0.498118	-0.226848
 0.498891	 0.499440	-0.156438	 0.499637	 0.496269	 0.497695	 0.498696	 0.498690	 0.189775	 0.377620	-0.498118	-0.227585
 0.498985	 0.499440	-0.203688	 0.499637	 0.497728	 0.498059	 0.498696	 0.499055	 0.188204	 0.438289	-0.498118	-0.227954
 0.499032	 0.499440	-0.227313	 0.499637	 0.498457	 0.498242	 0.498696	 0.499237	 0.187418	 0.468623	-0.498118	-0.228138
 0.499056	 0.499440	-0.239125	 0.499637	 0.498822	 0.498333	 0.498696	 0.499328	 0.187025	 0.483791	-0.498118	-0.228230
 0.499068	 0.499440	-0.245031	 0.499637	 0.499005	 0.498378	 0.498696	 0.499374	 0.186829	 0.491374	-0.498118	-0.228276
 0.499074	 0.499440	 0.252015	 0.499637	 0.499096	 0.498401	 0.498696	 0.499397	 0.186730	 0.495166	-0.498118	-0.228299
 0.499077	 0.499440	 0.499041	 0.499637	 0.499141	 0.498413	 0.498696	 0.499408	 0.186681	 0.497062	-0.498118	-0.228311
-0.000922	 0.499440	 0.121061	 0.499637	 0.499164	-0.001582	 0.498696	 0.499414	 0.186657	 0.498010	-0.498118	-0.228317
-0.249919	 0.499440	-0.067928	 0.499637	 0.499175	-0.250576	 0.498696	 0.499417	 0.186644	 0.498484	-0.498118	-0.228319
 0.125582	 0.499440	 0.337577	-0.000363	 0.499181	 0.124927	 0.498696	 0.499418	 0.186638	-0.001279	-0.498118	-0.228321
 0.312330	 0.499440	 0.538843	-0.249363	 0.499184	 0.311678	 0.498696	 0.499419	 0.186635	-0.250158	-0.498118	-0.228322
 0.405705	 0.499440	 0.137996	 0.126138	 0.499185	 0.405053	 0.498696	 0.499419	 0.186634	-0.374598	-0.498118	-0.228322
 0.452392	 0.499440	-0.062427	 0.312885	 0.499186	 0.451741	 0.498696	 0.499419	 0.186633	-0.436818	-0.498118	-0.228322
 0.475735	 0.499440	-0.162639	 0.406258	 0.499187	 0.475085	 0.498696	 0.499419	 0.686632	-0.467928	-0.498118	-0.228322
 0.487407	 0.499440	-0.212745	 0.452945	 0.499187	 0.486757	 0.498696	 0.499420	 0.934259	-0.483483	-0.498118	-0.228322
 0.493243	 0.499440	-0.237798	 0.476288	 0.499187	 0.492593	 0.498696	 0.499420	 1.055709	-0.491260	-0.498118	-0.228322
-0.003839	 0.499440	-0.250324	 0.487960	 0.499187	 0.495511	 0.498696	 0.499420	 0.614079	 0.004851	-0.498118	-0.228322
-0.251378	 0.499440	-0.256588	 0.493796	 0.499187	 0.496970	 0.498696	 0.499420	 0.393264	 0.251905	-0.498118	-0.228322
 0.124852	 0.499440	 0.240281	 0.496714	 0.499187	 0.497699	 0.498696	 0.499420	 0.782857	 0.375431	-0.498118	-0.228322
 0.311965	 0.499440	 0.487241	 0.498172	 0.499187	 0.498064	 0.498696	 0.499420	 0.975308	 0.437195	-0.498118	-0.228322
 0.405522	 0.499440	 0.609252	 0.498902	 0.499187	 0.498246	 0.498696	 0.499420	 0.569198	 0.468077	-0.498118	-0.228322
 0.452300	 0.499440	 0.668795	 0.499267	 0.499187	 0.498337	 0.498696	 0.499420	 0.366143	 0.483517	-0.498118	-0.228322
 0.475689	 0.499440	 0.197110	 0.499449	 0.499187	 0.498383	 0.498696	 0.499420	 0.264616	 0.491238	-0.498118	-0.228322
 0.487384	 0.499440	-0.038732	 0.499540	 0.499187	 0.498406	 0.498696	 0.499420	 0.213852	 0.495098	-0.498118	-0.228322
 0.493231	 0.499440	-0.156654	 0.499586	 0.499187	 0.498417	 0.498696	 0.499420	 0.188470	 0.497028	-0.498118	-0.228322
 0.496155	 0.499440	-0.215614	 0.499609	 0.499187	 0.498423	 0.498696	 0.499420	 0.175779	 0.497993	-0.498118	 0.271678
 0.497616	 0.499440	-0.245094	 0.499620	 0.499187	 0.498426	 0.498696	 0.499420	 0.169434	 0.498476	-0.498118	 0.520134
 0.498347	 0.499440	-0.259835	 0.499626	 0.499187	 0.498427	 0.498696	 0.499420	 0.166261	 0.498717	-0.498118	 0.142825
 0.498713	 0.499440	-0.267205	 0.499629	 0.499187	 0.498428	 0.498696	 0.499420	 0.164675	 0.498838	-0.498118	-0.045829
 0.498895	 0.499440	-0.270890	 0.499630	 0.499187	 0.498428	 0.498696	 0.499420	 0.163882	-0.001102	-0.498118	-0.140156
 0.498987	 0.499440	-0.272732	 0.499631	 0.499187	 0.498428	 0.498696	 0.499420	 0.163485	-0.250070	-0.498118	-0.187320
 0.499033	 0.499440	-0.273654	 0.499631	 0.499187	 0.498429	 0.498696	-0.000580	 0.163287	-0.374554	-0.498118	-0.210902
 0.499055	 0.499440	-0.274114	 0.499631	 0.499187	 0.498429	 0.498696	-0.249579	 0.163188	-0.436796	-0.498118	-0.222693
 0.499067	 0.499440	-0.274344	 0.499631	 0.499187	 0.498429	 0.498696	-0.374079	 0.163138	-0.467917	-0.498118	-0.228588
 0.499072	 0.499440	-0.274460	 0.499631	 0.499187	 0.498429	 0.498696	 0.063672	 0.163113	 0.016523	-0.498118	-0.231536
 0.499075	 0.499440	-0.274517	 0.499631	 0.499187	 0.498429	 0.498696	 0.281544	 0.163101	 0.257741	-0.498118	-0.233010
 0.499077	 0.499440	-0.274546	 0.499631	 0.499187	 0.498429	 0.498696	 0.390480	 0.163095	 0.378350	-0.498118	-0.233746
 0.499077	 0.499440	-0.274560	 0.499631	 0.499187	 0.498429	 0.498696	 0.444948	 0.163092	 0.438654	-0.498118	-0.234115
 0.499078	 0.499440	-0.274568	 0.499631	 0.499187	 0.498429	 0.498696	 0.472182	 0.163090	-0.031194	-0.498118	-0.234299
 0.499078	 0.499440	-0.274571	 0.499631	 0.499187	 0.498429	 0.498696	 0.485799	 0.163089	-0.265115	-0.498118	-0.234391
 0.499078	 0.499440	-0.274573	 0.499631	 0.499187	-0.001571	 0.498696	 0.492608	 0.163089	 0.117924	-0.498118	-0.234437
 0.499078	 0.499440	-0.274574	 0.499631	 0.499187	-0.250568	 0.498696	 0.496012	 0.163089	 0.308441	-0.498118	-0.234460
 0.499078	 0.499440	-0.274574	 0.499631	 0.499187	-0.375067	 0.498696	 0.497714	 0.163089	 0.403700	-0.498118	-0.234472
-0.000922	 0.499440	-0.274575	 0.499631	 0.499187	 0.062684	 0.498696	 0.498565	 0.163089	 0.451330	-0.498118	-0.234478
-0.249920	 0.499440	-0.274575	 0.499631	 0.499187	 0.280559	 0.498696	 0.498991	 0.163089	 0.475144	-0.498118	-0.234481
 0.125581	 0.499440	 0.225425	 0.499631	 0.499187	 0.389496	 0.498696	 0.499203	 0.663089	-0.012948	-0.498118	-0.234482
 0.312329	 0.499440	 0.473974	 0.499631	 0.499187	 0.443965	 0.498696	 0.499310	 0.910762	-0.255993	-0.498118	-0.234483
-0.094297	 0.499440	 0.096804	 0.499631	 0.499187	 0.471199	 0.498696	 0.499363	 0.532282	 0.122485	-0.498118	-0.234483
-0.296608	 0.499440	-0.091781	 0.499631	 0.499187	 0.484816	 0.498696	 0.499390	 0.343042	 0.310722	-0.498118	-0.234483
 0.102237	 0.499440	-0.186074	 0.499631	 0.499187	 0.491625	 0.498696	-0.000597	 0.748422	-0.095159	-0.498118	-0.234483
 0.300657	 0.499440	-0.233220	 0.499631	 0.499187	 0.495029	 0.498696	-0.249589	 0.948805	-0.297098	-0.498118	-0.234483
 0.399867	 0.499440	-0.256793	 0.499631	 0.499187	 0.496731	 0.498696	-0.374085	 1.046698	-0.398067	-0.498118	-0.234483
 0.449472	 0.499440	-0.268580	 0.499631	 0.499187	 0.497582	 0.498696	 0.063667	 0.593355	 0.051448	-0.498118	-0.234483
 0.474274	 0.499440	-0.274473	 0.499631	 0.499187	 0.498008	 0.498696	 0.281540	 0.366684	 0.275204	-0.498118	-0.234483
 0.486676	 0.499440	-0.277420	 0.499631	 0.499187	 0.498220	 0.498696	 0.390476	 0.253348	-0.112918	-0.498118	-0.234483
 0.492876	 0.499440	-0.278893	 0.499631	 0.499187	 0.498327	 0.498696	 0.444945	 0.196680	-0.305977	-0.498118	-0.234483
 0.495977	 0.499440	-0.279630	 0.499631	 0.499187	 0.498380	 0.498696	 0.472179	 0.168346	 0.097493	-0.498118	-0.234483
 0.497527	 0.499440	-0.279998	 0.499631	 0.499187	 0.498407	 0.498696	 0.485796	 0.154179	 0.298227	-0.498118	-0.234483
-0.001698	 0.499440	 0.219818	 0.499631	 0.499187	 0.498420	 0.498696	-0.007396	 0.647096	 0.398593	-0.498118	-0.234483
-0.250309	 0.499440	 0.468286	 0.499631	 0.499187	 0.498427	 0.498696	-0.252990	 0.891274	 0.448777	-0.498118	-0.234483
-0.374614	 0.499440	 0.591087	 0.499631	 0.499187	 0.498430	 0.498696	-0.375788	 1.011092	 0.473868	-0.498118	-0.234483
 0.063233	 0.499440	 0.151060	 0.499631	 0.499187	-0.001568	 0.498696	 0.062814	 0.568739	 0.486414	-0.498118	-0.234483
 0.281155	 0.499440	-0.068954	 0.499631	 0.499187	-0.250564	 0.498696	 0.281112	 0.347563	 0.492687	-0.498118	-0.234483
 0.390116	 0.499440	-0.178961	 0.499631	 0.499187	 0.124938	 0.498696	 0.390261	 0.236975	 0.495823	-0.498118	-0.234483
 0.444596	 0.499440	-0.233964	 0.499631	 0.499187	 0.311688	 0.498696	 0.444835	 0.181681	 0.497392	-0.498118	-0.234483
 0.471836	 0.499440	 0.238534	 0.499631	 0.499187	 0.405063	-0.501304	 0.472122	 0.154034	-0.001824	-0.498118	-0.234483
 0.485456	 0.499440	 0.473361	 0.499631	 0.499187	 0.451750	-0.998301	 0.485766	 0.140210	-0.250430	-0.498118	-0.234483
 0.492266	 0.499440	 0.089358	 0.499631	 0.499187	 0.475094	-0.243810	 0.492588	 0.133298	 0.125267	-0.498118	-0.234483
 0.495671	 0.499440	-0.102643	 0.499631	 0.499187	 0.486766	 0.132415	 0.495999	 0.129843	 0.312114	-0.498118	-0.234483
 0.497374	 0.499440	-0.198644	 0.499631	 0.499187	 0.492602	 0.319510	 0.497704	 0.128115	 0.405537	-0.498118	-0.234483
 0.498225	 0.499440	-0.246644	 0.499631	 0.499187	 0.495520	-0.087956	 0.498557	 0.127251	-0.047751	-0.498118	-0.234483
 0.498651	 0.499440	-0.270644	 0.499631	 0.499187	 0.496979	-0.291688	 0.498983	 0.126819	-0.273394	-0.498118	-0.234483
 0.498863	 0.499440	 0.217356	 0.499631	 0.499187	 0.497708	 0.106445	 0.499196	 0.126603	-0.386215	-0.498118	-0.234483
 0.498970	 0.499440	 0.459945	 0.499631	 0.499187	 0.498073	 0.304503	 0.499303	 0.126495	-0.442625	-0.498118	-0.234483
 0.499023	 0.499440	 0.079834	 0.499631	 0.499187	 0.498255	 0.402526	 0.499356	 0.126441	 0.029170	-0.498118	-0.234483
 0.499050	 0.499440	-0.110221	 0.499631	 0.499187	 0.498347	 0.450537	 0.499383	 0.126414	 0.264065	-0.498118	-0.234483
 0.499063	 0.499440	-0.205248	 0.999631	 0.499187	 0.498392	 0.474543	 0.499396	 0.126400	-0.118487	-0.498118	-0.234483
 0.499070	 0.499440	-0.252762	 1.246632	 0.499187	 0.498415	 0.486545	 0.499403	 0.126393	-0.308761	-0.498118	-0.234483
 0.499073	 0.499440	-0.276519	 1.367145	 0.499187	 0.498426	 0.492547	 0.499406	 0.126390	-0.403898	-0.498118	-0.234483
 0.499075	 0.499440	-0.288398	 0.924426	 0.499187	 0.498432	 0.495547	 0.499408	 0.126388	-0.451467	-0.498118	-0.234483
 0.499075	 0.499440	-0.294337	 0.703067	 0.499187	 0.498435	 0.497048	 0.499409	 0.126387	-0.475251	-0.498118	-0.234483
 0.499076	 0.499440	 0.202694	 0.592387	 0.499187	 0.498436	 0.497798	 0.499409	 0.126387	 0.012857	-0.498118	-0.234483
 0.499076	 0.499440	 0.449809	 0.537048	 0.499187	 0.498437	 0.498173	 0.499409	 0.126387	 0.255909	-0.498118	-0.234483
 0.499076	 0.499440	 0.071973	 0.509378	 0.499187	 0.498437	 0.498360	 0.499409	 0.626387	 0.377435	 0.001882	-0.234483
 0.499076	 0.499440	-0.116945	 0.495543	 0.499187	 0.498438	 0.498454	 0.499409	 0.874134	 0.438198	 0.250878	-0.234483
 0.499076	 0.499440	-0.211404	 0.488625	 0.499187	 0.498438	 0.498501	 0.499410	 0.995764	 0.468579	-0.124624	-0.234483
 0.499076	 0.499440	-0.258633	 0.485166	 0.499187	 0.498438	 0.498524	 0.499410	 1.054344	 0.483770	-0.311375	-0.234483
 0.499076	 0.499440	-0.282248	 0.483437	 0.499187	 0.498438	 0.498536	 0.499410	 1.081408	 0.491365	-0.404750	-0.234483
 0.499076	 0.499440	-0.294055	 0.482572	 0.499187	 0.498438	 0.498542	 0.499410	 0.592723	 0.495163	-0.451438	-0.234483
 0.499076	 0.499440	-0.299959	 0.482140	 0.499187	 0.498438	 0.498545	 0.499410	 0.348381	 0.497062	-0.474782	-0.234483
 0.499076	 0.499440	-0.302911	 0.481924	-0.000813	 0.498438	 0.498546	 0.499410	 0.226210	 0.498011	-0.486453	-0.234483
 0.499076	 0.499440	-0.304387	 0.481816	-0.249811	 0.498438	 0.498547	 0.499410	 0.165124	 0.498486	-0.492289	-0.234483
-0.000924	 0.499440	-0.305125	 0.481762	 0.125689	 0.498438	 0.498548	 0.499410	 0.134581	 0.498723	-0.495207	-0.234483
-0.249922	 0.499440	-0.305494	 0.481735	 0.312437	 0.498438	 0.498548	 0.499410	 0.119310	 0.498842	-0.496666	-0.234483
-0.374421	 0.499440	-0.305678	 0.481721	 0.405811	 0.498438	-0.001452	 0.499410	 0.111674	 0.498901	-0.497396	-0.234483
-0.436670	 0.499440	-0.305770	 0.481714	 0.452498	 0.498438	-0.250449	 0.499410	 0.107856	 0.498931	-0.497761	-0.234483
 0.032205	 0.499440	-0.305817	 0.481711	 0.475842	 0.498438	 0.125052	 0.499410	 0.605947	 0.498946	-0.497943	-0.234483
 0.265640	 0.499440	-0.305840	 0.481709	 0.487514	 0.498438	 0.311802	 0.499410	 0.852785	 0.498953	-0.498034	-0.234483
 0.382358	 0.499440	-0.305851	 0.481709	 0.493349	 0.498438	 0.405177	 0.499410	 0.974004	 0.498957	-0.498080	-0.234483
 0.440717	 0.499440	-0.305857	 0.481708	 0.496267	 0.498438	 0.451864	 0.499410	 1.032424	 0.498959	-0.498103	-0.234483
 0.469896	 0.499440	-0.305860	 0.481708	 0.497726	 0.498438	 0.475208	 0.499410	 1.059452	 0.498960	-0.498114	-0.234483
 0.484486	 0.499440	-0.305861	 0.481708	 0.498456	 0.498438	 0.486880	 0.499410	 0.570793	 0.498960	-0.498120	 0.265517
