 0.499130	 0.499443	 0.399784	 0.499438	 0.499214	 0.498445	 0.498641	 0.474071	 0.498582	 0.319111	-0.498082	-0.112130
-0.000870	 0.499443	 0.399784	 0.499438	 0.499214	 0.498445	 0.498641	 0.474071	 0.498582	 0.307087	-0.498082	-0.112130
-0.249868	 0.499443	 0.399784	 0.499438	 0.499214	 0.498445	 0.498641	 0.474071	 0.498582	 0.301075	-0.498082	-0.112130
 0.125632	 0.499443	 0.399784	 0.499438	 0.499214	 0.498445	 0.498641	 0.474071	 0.498582	 0.298069	-0.498082	-0.112130
 0.312381	 0.499443	 0.399784	 0.499438	 0.499214	 0.498445	 0.498641	 0.474071	 0.498582	 0.296565	-0.498082	-0.112130
-0.094245	 0.499443	 0.399784	 0.499438	 0.499214	 0.498445	 0.498641	 0.474071	 0.498582	 0.295814	-0.498082	-0.112130
-0.296557	 0.499443	 0.399784	 0.499438	 0.499214	 0.498445	 0.498641	 0.474071	 0.498582	 0.295438	-0.498082	-0.112130
-0.397712	 0.499443	 0.399784	 0.499438	 0.499214	 0.498445	 0.498641	 0.474071	 0.498582	 0.295250	-0.498082	-0.112130
 0.051710	 0.499443	 0.399784	 0.499438	 0.499214	 0.498445	 0.498641	 0.474071	 0.498582	 0.295156	-0.498082	-0.112130
 0.275419	 0.499443	 0.399784	 0.499438	 0.499214	 0.498445	 0.498641	 0.474071	 0.498582	 0.295109	-0.498082	-0.112130
 0.387273	 0.499443	 0.399784	 0.499438	 0.499214	 0.498445	 0.498641	 0.474071	 0.498582	 0.295086	-0.498082	-0.112130
 0.443201	 0.499443	 0.399784	 0.499438	 0.499214	 0.498445	 0.498641	 0.474071	 0.498582	 0.295074	-0.498082	-0.112130
-0.028836	 0.499443	 0.399784	 0.499438	 0.499214	 0.498445	 0.498641	 0.474071	 0.498582	 0.795068	-0.498082	-0.112130
-0.263852	 0.499443	 0.399784	 0.499438	 0.499214	 0.498445	 0.498641	 0.474071	 0.498582	 1.042475	-0.498082	-0.112130
 0.118639	 0.499443	 0.399784	 0.499438	 0.499214	 0.498445	 0.498641	 0.474071	 0.498582	 0.663599	-0.498082	-0.112130
 0.308883	 0.499443	 0.399784	 0.499438	 0.499214	 0.498445	 0.498641	 0.474071	 0.498582	 0.474161	-0.498082	-0.112130
 0.404005	 0.499443	 0.399784	 0.499438	 0.499214	 0.498445	 0.498641	 0.474071	 0.498582	 0.379442	-0.498082	-0.112130
 0.451566	 0.499443	 0.399784	 0.499438	 0.499214	 0.498445	 0.498641	 0.474071	 0.498582	 0.832082	-0.498082	-0.112130
 0.475346	 0.499443	 0.399784	 0.499438	 0.499214	 0.498445	 0.498641	 0.474071	 0.498582	 1.055833	-0.498082	-0.112130
 0.487236	 0.499443	 0.399784	 0.499438	 0.499214	 0.498445	 0.498641	 0.474071	 0.498582	 0.665149	-0.498082	-0.112130
 0.493182	 0.499443	 0.399784	 0.499438	 0.499214	 0.498445	 0.498641	 0.474071	 0.498582	 0.469807	-0.498082	-0.112130
 0.496154	 0.499443	 0.399784	 0.499438	 0.499214	 0.498445	 0.498641	 0.474071	 0.498582	 0.872136	 0.001918	-0.112130
 0.497640	 0.499443	 0.399784	 0.499438	 0.499214	 0.498445	 0.498641	 0.474071	 0.498582	 1.070752	 0.250914	-0.112130
 0.498384	 0.499443	 0.399784	 0.499438	 0.499214	 0.498445	 0.498641	 0.474071	 0.498582	 1.167521	-0.124588	-0.112130
 0.498755	 0.499443	 0.399784	 0.499438	 0.499214	 0.498445	 0.498641	 0.474071	 0.498582	 1.213377	-0.311339	-0.112130
 0.498941	 0.499443	 0.399784	 0.499438	 0.499214	 0.498445	 0.498641	 0.474071	 0.498582	 1.233786	-0.404714	-0.112130
 0.499034	 0.499443	 0.399784	 0.499438	-0.000786	 0.498445	 0.498641	 0.474071	 0.498582	 0.741483	-0.451402	-0.112130
 0.499080	 0.499443	 0.399784	 0.499438	-0.249784	 0.498445	 0.498641	 0.474071	 0.498582	 0.495331	-0.474746	-0.112130
 0.499103	 0.499443	 0.399784	 0.499438	 0.125717	 0.498445	 0.498641	 0.474071	 0.498582	 0.372255	-0.486418	 0.387870
 0.499115	 0.499443	 0.399784	 0.499438	 0.312465	 0.498445	 0.498641	 0.474071	 0.498582	 0.310717	-0.492254	 0.636094
 0.499121	 0.499443	 0.399784	 0.499438	 0.405839	 0.498445	 0.498641	 0.474071	 0.498582	 0.779948	-0.495172	 0.258437
 0.499124	 0.499443	 0.399784	 0.499438	 0.452526	 0.498445	 0.498641	 0.474071	 0.498582	 1.012065	-0.496631	 0.069609
 0.499125	 0.499443	 0.399784	 0.499438	 0.475869	 0.498445	 0.498641	 0.474071	 0.498582	 0.625636	-0.497360	-0.024805
 0.499126	 0.499443	 0.399784	 0.499438	 0.487541	 0.498445	 0.498641	 0.474071	 0.498582	 0.432421	-0.497725	-0.072012
 0.499126	 0.499443	 0.399784	 0.499438	 0.493377	 0.498445	 0.498641	 0.474071	 0.498582	 0.335813	-0.497907	-0.095616
 0.499127	 0.499443	 0.399784	 0.499438	 0.496295	 0.498445	 0.498641	 0.474071	 0.498582	 0.287509	-0.497999	-0.107417
 0.499127	 0.499443	 0.399784	 0.499438	 0.497754	 0.498445	 0.498641	 0.474071	 0.498582	 0.263358	-0.498044	-0.113318
 0.499127	 0.499443	 0.399784	 0.499438	 0.498483	-0.001555	 0.498641	 0.474071	 0.498582	 0.751282	-0.498067	-0.116269
 0.499127	 0.499443	 0.399784	 0.499438	 0.498848	-0.250552	 0.498641	 0.474071	 0.498582	 0.992765	-0.498078	-0.117744
-0.000873	 0.499443	 0.399784	 0.499438	 0.499030	 0.124950	 0.498641	 0.474071	 0.498582	 0.611039	-0.498084	-0.118482
-0.249872	 0.499443	 0.399784	 0.499438	 0.499122	 0.311700	 0.498641	 0.474071	 0.498582	 0.420175	-0.498087	-0.118850
 0.125629	 0.499443	 0.399784	 0.499438	 0.499167	 0.405075	 0.498641	 0.474071	 0.498582	 0.324744	-0.498088	-0.119035
 0.312377	 0.499443	 0.399784	 0.499438	 0.499190	 0.451762	 0.498641	 0.474071	 0.498582	 0.277028	-0.498089	-0.119127
 0.405752	 0.499443	 0.399784	 0.499438	 0.499201	 0.475106	 0.498641	 0.474071	 0.498582	 0.253170	-0.498089	-0.119173
 0.452439	 0.499443	 0.399784	 0.499438	 0.499207	 0.486778	 0.498641	 0.474071	 0.498582	 0.241241	-0.498090	-0.119196
 0.475782	 0.499443	 0.399784	 0.499438	 0.499210	 0.492614	 0.498641	 0.474071	 0.498582	 0.235276	-0.498090	-0.119208
 0.487454	 0.499443	 0.399784	 0.499438	 0.499211	 0.495532	 0.498641	 0.474071	 0.498582	 0.232294	-0.498090	-0.119213
 0.493290	 0.499443	 0.399784	 0.499438	 0.499212	 0.496991	 0.498641	 0.474071	 0.498582	 0.230803	-0.498090	-0.119216
 0.496208	 0.499443	 0.399784	 0.499438	 0.499212	 0.497720	 0.498641	 0.474071	 0.498582	 0.730058	-0.498090	-0.119218
 0.497667	 0.499443	 0.399784	 0.499438	 0.499213	 0.498085	 0.498641	 0.474071	 0.498582	 0.977226	-0.498090	-0.119218
 0.498396	 0.499443	 0.899784	 0.499438	 0.499213	 0.498267	 0.498641	 0.474071	 0.498582	 0.598362	-0.498090	-0.119219
 0.498761	 0.499443	 1.146985	 0.499438	 0.499213	 0.498358	 0.498641	 0.474071	 0.498582	 0.408929	-0.498090	-0.119219
 0.498943	 0.499443	 1.267797	 0.499438	 0.499213	 0.498404	 0.498641	 0.474071	 0.498582	 0.314213	-0.498090	-0.119219
 0.499034	 0.499443	 0.825425	 0.499438	 0.499213	 0.498427	 0.498641	 0.474071	 0.498582	 0.266855	-0.498090	-0.119219
 0.499080	 0.499443	 0.604240	 0.499438	 0.499213	 0.498438	 0.498641	 0.474071	 0.498582	 0.243176	-0.498090	-0.119219
 0.499103	 0.499443	 0.493647	 0.499438	 0.499213	 0.498444	 0.498641	 0.974071	 0.498582	 0.231337	-0.498090	-0.119219
 0.499114	 0.499443	 0.438351	 0.499438	 0.499213	 0.498447	 0.498641	 1.221123	 0.498582	 0.225417	-0.498090	-0.119219
 0.499120	 0.499443	 0.410702	 0.499438	 0.499213	 0.498448	-0.001359	 1.341712	 0.498582	 0.222457	-0.498090	-0.119219
 0.499123	 0.499443	 0.396878	 0.499438	 0.499213	 0.498449	-0.250357	 1.399083	 0.498582	 0.220977	-0.498090	-0.119219
 0.499124	 0.499443	 0.389966	 0.499438	 0.499213	 0.498449	 0.125145	 1.424855	 0.498582	 0.220237	-0.498090	-0.119219
 0.499125	 0.499443	 0.386510	 0.499438	 0.499213	 0.498449	 0.311894	 1.434840	 0.498582	 0.219867	-0.498090	-0.119219
 0.499125	 0.499443	 0.384782	 0.499438	 0.499213	 0.498449	 0.405269	 1.436942	 0.498582	 0.219682	-0.498090	-0.119219
 0.499125	 0.499443	 0.383918	 0.499438	 0.499213	 0.498450	 0.451956	 1.435116	 0.498582	 0.719590	-0.498090	-0.119219
 0.499126	 0.499443	 0.383486	 0.499438	 0.499213	 0.498450	 0.475300	 1.431336	 0.498582	 0.967104	-0.498090	-0.119219
 0.499126	 0.499443	 0.383270	 0.499438	 0.499213	 0.498450	 0.486972	 0.926591	 0.498582	 1.088433	-0.498090	-0.119219
 0.499126	 0.499443	 0.383162	 0.499438	 0.499213	 0.498450	 0.492808	 0.674218	 0.498582	 1.146677	-0.498090	-0.119219
 0.499126	 0.499443	 0.383108	 0.499438	 0.499213	 0.498450	 0.495726	 0.548032	 0.498582	 0.673389	-0.498090	-0.119219
 0.499126	 0.499443	 0.383081	 0.499438	 0.499213	 0.498450	 0.497184	 0.484939	 0.498582	 0.436746	-0.498090	-0.119219
 0.499126	 0.499443	 0.383068	 0.499438	 0.499213	 0.498450	 0.497914	 0.953392	 0.498582	 0.818424	-0.498090	-0.119219
 0.499126	 0.499443	 0.383061	 0.499438	 0.499213	 0.498450	 0.498279	 1.184775	 0.498582	 1.006863	-0.498090	-0.119219
 0.499126	 0.499443	 0.383058	 0.499438	 0.499213	 0.498450	 0.498461	 1.297634	 0.498582	 1.098691	-0.498090	-0.119219
 0.499126	 0.499443	 0.383056	 0.499438	 0.499213	 0.498450	 0.498552	 0.851243	 0.498582	 0.642225	-0.498090	-0.119219
 0.499126	 0.499443	 0.383055	 0.499438	 0.499213	 0.498450	 0.498598	 0.628047	 0.498582	 0.413992	-0.498090	-0.119219
 0.499126	 0.499443	 0.383055	 0.499438	 0.499213	 0.498450	 0.498621	 0.516449	 0.498582	 0.299875	-0.498090	-0.119219
 0.499126	 0.499443	 0.383054	 0.499438	 0.499213	 0.498450	 0.498632	 0.460651	 0.498582	 0.242817	-0.498090	-0.119219
 0.499126	 0.499443	 0.383054	 0.499438	 0.499213	 0.498450	 0.498638	 0.432751	 0.498582	-0.285713	-0.498090	-0.119219
 0.499126	 0.499443	 0.383054	 0.499438	 0.499213	 0.498450	 0.498641	 0.418801	 0.498582	-0.548349	-0.498090	-0.119219
 0.499126	 0.499443	 0.383054	 0.499438	 0.499213	 0.498450	 0.498642	 0.411826	 0.498582	-0.178045	-0.498090	-0.119219
 0.499126	 0.499443	 0.383054	 0.499438	 0.499213	 0.498450	 0.498643	 0.408339	 0.498582	 0.007107	-0.498090	-0.119219
 0.499126	 0.499443	 0.383054	 0.499438	 0.499213	 0.498450	 0.498643	 0.406595	 0.498582	 0.099683	-0.498090	-0.119219
 0.499126	-0.000557	 0.383054	 0.499438	 0.499213	 0.498450	 0.498643	 0.405723	 0.498582	 0.145971	-0.498090	-0.119219
 0.499126	-0.249555	 0.383054	 0.499438	 0.499213	 0.498450	 0.498643	 0.405288	 0.498582	 0.169115	-0.498090	-0.119219
 0.499126	 0.125945	 0.383054	 0.499438	 0.499213	 0.498450	 0.498643	 0.405070	 0.498582	 0.180687	-0.498090	-0.119219
 0.499126	 0.312693	 0.383054	 0.499438	 0.499213	 0.498450	 0.498643	 0.404961	 0.498582	 0.186473	-0.498090	-0.119219
 0.499126	 0.406066	 0.383054	 0.499438	 0.499213	 0.498450	 0.498643	 0.404906	 0.498582	 0.189366	-0.498090	-0.119219
 0.499126	 0.452753	 0.383054	 0.499438	 0.499213	 0.498450	 0.498643	 0.404879	 0.498582	 0.190813	-0.498090	-0.119219
 0.499126	 0.476096	 0.383054	 0.499438	 0.499213	-0.001550	 0.498643	 0.404865	 0.498582	 0.691536	-0.498090	-0.119219
 0.499126	 0.487768	 0.383054	 0.499438	 0.499213	-0.250547	 0.498643	 0.404858	 0.498582	 0.939513	-0.498090	-0.119219
 0.499126	 0.493604	 0.383054	 0.499438	 0.499213	-0.375046	 0.498643	 0.404855	 0.498582	 1.061127	-0.498090	-0.119219
 0.499126	 0.496522	 0.383054	 0.499438	 0.499213	 0.062705	 0.498643	 0.404853	 0.498582	 1.119568	-0.498090	-0.119219
 0.499126	 0.497981	 0.383054	 0.499438	 0.499213	 0.280579	 0.498643	 0.404852	 0.498582	 1.146433	-0.498090	-0.119219
 0.499126	 0.498710	 0.383054	 0.499438	 0.499213	 0.389517	 0.498643	 0.404852	 0.498582	 0.157518	-0.498090	-0.119219
 0.499126	 0.499075	 0.383054	 0.499438	 0.499213	 0.443985	 0.498643	 0.404852	 0.498582	-0.335276	-0.498090	-0.119219
 0.499126	 0.499258	 0.383054	 0.499438	 0.499213	-0.028780	 0.498643	 0.404852	 0.498582	-0.080017	-0.498090	-0.119219
 0.499126	 0.499349	 0.383054	 0.499438	 0.499213	-0.264160	 0.498643	 0.404852	 0.498582	 0.047612	-0.498090	-0.119219
 0.499126	 0.499394	 0.383054	 0.499438	 0.499213	 0.118150	 0.498643	 0.404852	 0.498582	 0.111427	-0.498090	-0.119219
 0.499126	 0.499417	 0.383054	 0.499438	 0.499213	 0.308304	 0.498643	 0.404852	 0.498582	 0.143334	-0.498090	-0.119219
-0.000874	 0.499429	 0.383054	 0.499438	 0.499213	 0.403381	 0.498643	 0.404852	 0.498582	 0.659288	-0.498090	-0.119219
-0.249873	 0.499434	 0.383054	 0.499438	 0.499213	 0.450920	 0.498643	 0.404852	 0.498582	 0.914914	-0.498090	-0.119219
-0.374372	 0.499437	 0.383054	 0.499438	 0.499213	 0.474689	 0.498643	 0.404852	 0.498582	 1.040387	-0.498090	-0.119219
 0.063379	 0.499438	 0.383054	 0.499438	 0.499213	 0.486574	 0.498643	 0.404852	 0.498582	 1.100791	-0.498090	-0.119219
 0.281252	 0.499439	 0.383054	 0.499438	 0.499213	 0.492516	 0.498643	 0.404852	 0.498582	 1.128671	-0.498090	-0.119219
-0.109812	 0.499440	 0.383054	 0.499438	 0.499213	 0.495487	 0.498643	 0.404852	-0.001418	 1.140297	-0.498090	-0.119219
-0.304342	 0.499440	 0.383054	 0.499438	 0.499213	 0.496973	 0.498643	 0.404852	-0.250415	 1.143807	-0.498090	-0.119219
 0.098393	 0.499440	 0.383054	-0.000562	 0.499213	 0.497716	 0.498643	 0.404852	 0.125086	 1.143267	-0.498090	-0.119219
 0.298758	 0.499440	 0.383054	-0.249561	 0.499213	 0.498087	 0.498643	 0.404852	 0.311836	 1.140712	-0.498090	-0.119219
 0.398941	 0.499440	 0.383054	 0.125940	 0.499213	 0.498273	 0.498643	 0.404852	 0.405211	 1.137158	-0.498090	-0.119219
 0.449032	 0.499440	 0.383054	 0.312687	 0.499213	 0.498365	 0.498643	 0.404852	 0.451898	 1.133114	-0.498090	-0.119219
 0.474078	 0.499440	 0.383054	 0.406061	 0.499213	 0.498412	 0.498643	 0.404852	 0.475242	 1.128833	-0.498090	-0.119219
 0.486601	 0.499440	 0.383054	 0.452748	 0.499213	 0.498435	 0.498643	 0.404852	 0.486913	 1.124444	-0.498090	-0.119219
 0.492862	 0.499440	 0.383054	 0.476091	 0.499213	 0.498447	 0.498643	 0.404852	 0.492749	 1.120009	-0.498090	-0.119219
 0.495993	 0.499440	 0.383054	 0.487763	 0.499213	 0.498453	 0.498643	 0.404852	 0.495667	 0.615561	-0.498090	-0.119219
 0.497558	 0.499440	 0.383054	 0.493599	 0.499213	 0.498455	 0.498643	 0.404852	 0.497126	 0.363337	-0.498090	-0.119219
 0.498341	 0.499440	 0.383054	 0.496517	 0.499213	 0.498457	-0.001357	 0.404852	 0.497856	 0.237224	-0.498090	-0.119219
 0.498732	 0.499440	 0.383054	 0.497976	 0.499213	 0.498458	-0.250354	 0.404852	 0.498221	 0.174168	-0.498090	-0.119219
 0.498928	 0.499440	 0.383054	 0.498705	 0.499213	 0.498458	 0.125148	 0.904852	 0.498403	 0.642640	-0.498090	-0.119219
 0.499026	 0.499440	 0.383054	 0.499070	 0.499213	 0.498458	 0.311897	 1.152042	 0.498494	 0.874654	-0.498090	-0.119219
 0.499075	 0.499440	 0.383054	 0.499252	 0.499213	 0.498458	 0.405272	 1.272839	 0.498540	 0.988448	-0.498090	-0.119219
 0.499099	 0.499440	 0.383054	 0.499343	-0.000787	 0.498458	 0.451959	 0.830450	 0.498562	 0.543140	-0.498090	-0.119219
 0.499111	 0.499440	 0.383054	 0.499389	-0.249786	 0.498458	 0.475303	 0.609255	 0.498574	 0.320486	-0.498090	-0.119219
 0.499118	 0.499440	 0.383054	 0.499412	 0.125715	 0.498458	 0.486974	 0.498658	 0.498580	 0.709159	-0.498090	-0.119219
 0.499121	 0.499440	 0.383054	 0.499423	 0.312463	 0.498458	 0.492810	 0.443359	 0.498582	 0.901300	-0.498090	-0.119219
 0.499122	 0.499440	 0.883054	 0.499429	 0.405837	 0.498458	 0.495728	 0.415710	 0.498584	 0.495184	-0.498090	-0.119219
 0.499123	 0.499440	 1.130288	 0.499432	 0.452524	 0.498458	 0.497187	 0.401885	 0.498585	 0.292125	-0.498090	-0.119219
 0.499123	 0.499440	 0.751150	 0.499433	 0.475868	 0.498458	 0.497917	 0.394973	 0.498585	 0.190596	-0.498090	-0.119219
 0.499123	 0.499440	 0.561581	 0.499434	 0.487539	 0.498458	 0.498282	 0.391517	 0.498585	 0.139832	-0.498090	-0.119219
 0.499124	 0.499440	 0.466796	 0.499434	 0.493375	 0.498458	 0.498464	 0.389789	 0.498585	 0.114449	-0.498090	-0.119219
 0.499124	 0.499440	 0.419404	 0.499434	 0.496293	 0.498458	 0.498555	 0.388925	 0.498585	 0.101758	-0.498090	-0.119219
 0.499124	 0.499440	 0.395708	 0.499435	 0.497752	 0.498458	 0.498601	 0.388493	 0.498585	 0.095413	-0.498090	-0.119219
 0.499124	 0.499440	 0.383860	 0.499435	 0.498482	 0.498458	 0.498624	 0.388277	 0.498585	 0.592240	-0.498090	-0.119219
 0.499124	 0.499440	 0.377936	 0.499435	 0.498846	 0.498458	 0.498635	 0.388169	 0.498585	 0.838475	-0.498090	-0.119219
 0.499124	 0.499440	 0.374974	 0.499435	 0.499029	 0.498458	 0.498641	 0.388115	 0.498585	 0.459424	-0.498090	-0.119219
 0.499124	 0.499440	 0.373493	 0.499435	 0.499120	 0.498458	 0.498643	 0.388088	 0.498585	 0.269898	-0.498090	-0.119219
-0.000876	 0.499440	 0.872752	 0.499435	 0.499165	 0.498458	 0.498645	 0.388074	 0.498585	 0.175135	-0.498090	-0.119219
-0.249875	 0.499440	 1.119638	 0.499435	 0.499188	 0.498458	 0.498646	 0.388067	 0.498585	 0.127754	-0.498090	-0.119219
-0.374374	 0.499440	 1.240348	 0.499435	 0.499200	 0.498458	 0.498646	 0.388064	 0.498585	 0.104063	-0.498090	-0.119219
-0.436623	 0.499440	 0.797981	 0.499435	 0.499205	 0.498458	 0.498646	 0.388062	 0.498585	 0.592217	-0.498090	-0.119219
-0.467748	 0.499440	 0.576797	 0.499435	 0.499208	 0.498458	 0.498646	 0.388062	 0.498585	 0.834134	-0.498090	-0.119219
 0.016690	 0.499440	 0.466205	 0.499435	 0.499210	 0.498458	 0.498646	 0.888061	-0.001415	 0.452940	-0.498090	-0.119219
 0.257906	 0.499440	 0.410909	 0.499435	 0.499210	 0.498458	 0.498646	 1.135285	-0.250412	 0.262343	-0.498090	-0.119219
 0.378514	 0.499440	 0.883261	 0.499435	 0.499211	 0.498458	 0.498646	 0.756132	 0.125090	 0.167045	-0.498090	-0.119219
 0.438818	 0.499440	 1.116726	 0.499435	 0.499211	 0.498458	 0.498646	 0.566555	 0.311839	 0.119396	-0.498090	-0.119219
 0.468971	 0.499440	 0.730758	 0.499435	 0.499211	 0.498458	 0.498646	 0.471767	 0.405214	 0.095571	-0.498090	-0.119219
 0.484047	 0.499440	 0.537774	 0.499435	 0.499211	 0.498458	 0.498646	 0.424373	 0.451901	 0.083659	-0.498090	-0.119219
 0.491585	 0.499440	 0.441282	 0.499435	 0.499211	 0.498458	 0.498646	 0.400676	 0.475245	 0.077703	-0.498090	-0.119219
 0.495354	 0.499440	 0.393036	 0.499435	 0.499211	 0.498458	 0.498646	 0.388827	 0.486917	 0.074724	-0.498090	-0.119219
 0.497238	 0.499440	 0.368913	 0.499435	 0.499211	 0.498458	 0.498646	 0.382903	 0.492753	 0.073235	-0.498090	-0.119219
 0.498180	 0.499440	 0.856852	 0.499435	 0.499211	 0.498458	 0.498646	 0.879941	 0.495671	 0.072491	-0.498090	 0.380781
 0.498652	 0.499440	 1.098131	 0.499435	 0.499211	 0.498458	 0.498646	 1.125706	 0.497130	 0.072119	-0.498090	 0.629019
 0.498887	 0.499440	 0.716092	 0.499435	 0.499211	 0.498458	-0.001354	 0.745845	 0.497859	 0.071932	-0.498090	 0.251384
 0.499005	 0.499440	 0.525073	 0.499435	 0.499211	 0.498458	-0.250351	 0.555915	 0.498224	 0.071839	-0.498090	 0.062566
 0.499064	 0.499440	 0.429563	 0.499435	 0.499211	 0.498458	 0.125150	 0.460950	 0.498406	 0.571793	-0.498090	-0.031843
 0.499093	 0.499440	 0.381808	 0.499435	 0.499211	 0.498458	 0.311900	 0.413467	 0.498497	 0.819626	-0.498090	-0.079047
 0.499108	 0.499440	 0.357931	 0.499435	 0.499211	 0.498458	 0.405274	 0.389726	 0.498543	 0.941408	-0.498090	-0.102649
 0.499115	 0.499440	 0.345992	 0.499435	 0.499211	 0.498458	 0.451962	 0.377855	 0.498566	 1.000172	-0.498090	-0.114450
 0.499119	 0.499440	 0.340023	 0.499435	 0.499211	 0.498458	 0.475305	 0.371920	 0.498577	 1.027437	-0.498090	-0.120351
 0.499121	 0.499440	 0.337038	 0.499435	 0.499211	 0.498458	 0.486977	 0.368952	 0.498583	 0.538959	-0.498090	-0.123301
 0.499122	 0.499440	 0.335546	 0.499435	 0.499211	 0.498458	 0.492813	 0.367468	 0.498586	 0.294721	-0.498090	-0.124776
 0.499122	 0.499440	 0.334800	 0.499435	 0.499211	 0.498458	 0.495731	 0.366727	 0.498587	 0.672602	-0.498090	-0.125514
 0.499122	 0.499440	 0.334427	 0.499435	 0.499211	 0.498458	 0.497190	 0.366356	 0.498588	 0.859441	-0.498090	-0.125883
-0.000877	 0.499440	 0.334240	 0.499435	 0.499211	 0.498458	 0.497920	 0.366170	 0.498588	 0.950768	-0.498090	-0.126067
-0.249876	 0.499440	 0.334147	 0.499435	 0.499211	 0.498458	 0.498284	 0.366077	 0.498588	 0.994347	-0.498090	-0.126159
-0.374375	 0.499440	 0.334100	 0.499435	 0.499211	 0.498458	 0.498467	 0.366031	 0.498588	 1.014061	-0.498090	-0.126205
 0.063376	 0.499440	 0.334077	 0.499435	-0.000789	 0.498458	 0.498558	 0.366008	 0.498589	 0.521851	-0.498090	-0.126228
 0.281249	 0.499440	 0.334065	 0.499435	-0.249787	 0.498458	 0.498604	 0.365996	 0.498589	 0.275745	-0.498090	-0.126240
 0.390185	 0.499440	 0.834059	 0.499435	 0.125713	 0.498458	 0.498626	 0.865990	 0.498589	 0.652693	-0.498090	-0.126246
 0.444653	 0.499440	 1.081388	 0.499435	 0.312461	 0.498458	 0.498638	 1.113256	 0.498589	 0.839107	-0.498090	-0.126248
 0.471888	 0.499440	 0.702395	 0.499435	 0.405835	 0.498458	 0.498643	 0.734167	 0.498589	 0.430263	-0.498090	-0.126250
 0.485505	 0.499440	 0.512899	 0.499435	 0.452522	 0.498458	 0.498646	 0.544623	 0.498589	 0.225841	-0.498090	-0.126251
 0.492313	 0.499440	 0.418151	 0.499435	 0.475866	 0.498458	 0.498648	 0.449851	 0.498589	 0.623630	-0.498090	-0.126251
 0.495717	 0.499440	 0.370776	 0.499435	 0.487538	 0.498458	 0.498648	 0.402465	 0.498589	 0.820482	-0.498090	-0.126251
 0.497420	 0.499440	 0.347089	 0.499435	 0.493373	 0.498458	 0.498649	 0.378772	 0.498589	 0.916873	-0.498090	-0.126251
 0.498271	 0.499440	 0.335246	 0.499435	 0.496291	 0.498458	 0.498649	 0.366925	 0.498589	 0.463042	-0.498090	 0.373749
 0.498696	 0.499440	 0.329324	 0.499435	 0.497750	 0.498458	 0.498649	 0.361002	 0.498589	 0.236127	-0.498090	 0.622001
 0.498909	 0.499440	 0.326363	 0.499435	 0.498480	 0.498458	 0.498649	 0.358040	 0.498589	 0.122669	-0.498090	 0.244387
 0.499015	 0.499440	 0.324883	 0.499435	 0.498845	 0.498458	 0.498649	 0.356559	 0.498589	 0.065940	-0.498090	 0.055580
 0.499068	 0.499440	 0.324143	 0.499435	 0.499027	 0.498458	 0.498649	 0.355819	 0.498589	 0.037576	-0.498090	-0.038824
 0.499095	 0.499440	 0.323772	 0.499435	 0.499118	 0.498458	 0.498649	 0.355449	 0.498589	 0.023393	-0.498090	-0.086026
 0.499108	 0.499440	 0.323587	 0.499435	 0.499164	-0.001542	 0.498649	 0.355264	 0.498589	 0.016302	-0.498090	-0.109626
 0.499115	 0.499440	 0.323495	 0.499435	 0.499187	-0.250539	 0.498649	 0.355171	 0.498589	 0.012757	-0.498090	-0.121427
 0.499118	 0.499440	 0.323449	 0.499435	 0.499198	-0.375037	 0.498649	 0.355125	 0.498589	 0.010984	-0.498090	-0.127327
 0.499120	 0.499440	 0.823425	 0.499435	 0.499204	 0.062714	 0.498649	 0.355102	 0.498589	 0.010098	-0.498090	-0.130277
 0.499121	 0.499440	 1.070767	 0.499435	 0.499206	 0.280588	 0.498649	 0.355090	 0.498589	 0.009654	-0.498090	-0.131752
 0.499121	 0.499440	 0.691802	 0.499435	-0.000792	 0.389525	 0.498649	 0.355084	 0.498589	 0.009433	-0.498090	-0.132490
 0.499121	 0.499440	 0.502319	 0.499435	-0.249790	 0.443994	 0.498649	 0.355082	 0.498589	 0.009322	-0.498090	-0.132859
 0.499122	 0.499440	 0.407578	 0.499435	 0.125711	 0.471228	 0.498649	 0.355080	 0.498589	 0.009267	-0.498090	-0.133043
 0.499122	 0.499440	 0.360207	 0.499435	 0.312459	 0.484845	 0.498649	 0.355079	 0.498589	 0.009239	-0.498090	-0.133135
 0.499122	 0.499440	 0.336522	 0.499435	 0.405834	-0.008346	 0.498649	 0.355079	 0.498589	 0.509225	-0.498090	-0.133181
 0.499122	 0.499440	 0.324679	 0.499435	 0.452521	-0.253939	 0.498649	 0.355079	 0.498589	 0.757200	-0.498090	-0.133204
 0.499122	 0.499440	 0.318758	 0.499435	 0.475864	-0.376735	 0.498649	 0.355079	 0.498589	 0.879177	-0.498090	-0.133216
 0.499122	 0.499440	 0.315797	 0.499435	 0.487536	 0.061867	-0.001351	 0.355079	 0.498589	 0.938163	-0.498090	-0.133222
 0.499122	 0.499440	 0.314317	 0.499435	 0.493372	 0.280167	-0.250348	 0.355079	 0.498589	 0.965662	-0.498090	-0.133224
 0.499122	 0.499440	 0.313576	 0.499435	 0.496290	 0.389317	 0.125153	 0.355079	 0.498589	 0.977425	-0.498090	-0.133226
 0.499122	 0.499440	 0.313206	 0.499435	 0.497749	 0.443892	 0.311903	 0.355079	 0.498589	 0.981328	-0.498090	-0.133227
 0.499122	 0.499440	 0.313021	 0.499435	 0.498478	 0.471179	 0.405277	 0.355079	 0.498589	 0.481309	-0.498090	-0.133227
 0.499122	 0.499440	 0.312929	 0.499435	 0.498843	 0.484823	 0.451965	 0.355079	 0.498589	 0.231300	-0.498090	-0.133227
 0.499122	 0.499440	 0.312883	 0.499435	 0.499025	 0.491645	 0.475308	 0.355079	 0.498589	 0.106295	-0.498090	-0.133227
 0.499122	 0.499440	 0.312859	 0.499435	 0.499116	 0.495056	 0.486980	 0.355079	 0.498589	 0.043793	-0.498090	-0.133227
 0.499122	 0.499440	 0.312848	 0.499435	 0.499162	 0.496761	 0.492816	 0.355079	 0.498589	 0.012541	-0.498090	-0.133227
 0.499122	 0.499440	 0.312842	 0.499435	 0.499185	 0.497614	 0.495734	 0.355079	 0.498589	 0.496916	-0.498090	-0.133227
 0.499122	 0.499440	 0.312839	 0.499435	 0.499196	 0.498041	 0.497193	 0.355079	 0.498589	 0.737140	-0.498090	-0.133227
 0.499122	 0.499440	 0.812838	 0.499435	 0.499202	 0.498254	 0.497922	 0.355079	 0.498589	 0.855298	-0.498090	-0.133227
 0.499122	 0.499440	 1.060211	 0.499435	 0.499205	 0.498360	 0.498287	 0.355079	 0.498589	 0.912430	-0.498090	-0.133227
 0.499122	 0.499440	 0.681283	 0.499435	 0.499206	 0.498414	 0.498470	 0.355079	 0.498589	 0.439057	-0.498090	-0.133227
 0.499122	 0.499440	 0.491819	 0.499435	 0.499207	 0.498440	 0.498561	 0.355079	 0.498589	 0.202370	-0.498090	-0.133227
 0.499122	 0.499440	 0.397087	 0.499435	 0.499207	 0.498454	 0.498606	 0.355079	 0.498589	 0.584027	-0.498090	-0.133227
 0.499122	 0.499440	 0.349721	 0.499435	 0.499207	 0.498460	 0.498629	 0.355079	 0.498589	 0.772924	-0.498090	-0.133227
 0.499122	 0.499440	 0.326038	 0.499435	 0.499208	 0.498464	 0.498640	 0.355079	 0.498589	 0.865449	-0.498090	-0.133227
 0.499122	 0.499440	 0.314196	 0.499435	 0.499208	 0.498465	 0.498646	 0.355079	 0.498589	 0.409795	-0.498090	-0.133227
 0.499122	 0.499440	 0.308275	 0.499435	 0.499208	 0.498466	 0.498649	 0.355079	 0.498589	 0.181968	-0.498090	-0.133227
 0.499122	 0.499440	 0.805315	 0.499435	 0.499208	 0.498466	 0.498650	 0.855079	 0.498589	 0.568055	-0.498090	-0.133227
 0.499122	 0.499440	 1.051230	 0.499435	 0.499208	 0.498467	 0.498651	 1.102368	 0.498589	 0.759190	-0.498090	-0.133227
-0.000878	 0.499440	 0.671593	 0.499435	 0.499208	 0.498467	 0.498652	 0.723314	 0.498589	 0.352857	-0.498090	-0.133227
-0.249877	 0.499440	 0.481775	 0.499435	 0.499208	 0.498467	 0.498652	 0.533787	 0.498589	 0.149690	-0.498090	-0.133227
 0.125624	 0.499440	 0.386866	 0.499435	 0.499208	 0.498467	 0.498652	 0.439023	 0.498589	 0.048107	-0.498090	-0.133227
 0.312372	 0.499440	 0.339411	 0.499435	 0.499208	 0.498467	 0.498652	 0.391641	 0.498589	-0.002685	-0.498090	-0.133227
 0.405747	 0.499440	 0.315684	 0.499435	 0.499208	 0.498467	 0.498652	 0.367951	 0.498589	-0.028080	-0.498090	-0.133227
 0.452434	 0.499440	 0.303820	 0.499435	 0.499208	 0.498467	 0.498652	 0.356105	 0.498589	-0.040778	-0.498090	-0.133227
 0.475777	 0.499440	 0.297888	 0.499435	 0.499208	 0.498467	 0.498652	 0.350182	 0.498589	-0.047127	-0.498090	-0.133227
 0.487449	 0.499440	 0.294923	 0.499435	 0.499208	 0.498467	 0.498652	 0.347221	 0.498589	-0.050302	-0.498090	-0.133227
 0.493285	 0.499440	 0.293440	 0.499435	 0.499208	 0.498467	 0.498652	 0.345740	 0.498589	-0.051889	-0.498090	-0.133227
 0.496203	 0.499440	 0.292698	 0.499435	 0.499208	 0.498467	 0.498652	 0.345000	 0.498589	 0.447317	-0.498090	-0.133227
 0.497662	 0.499440	 0.292327	 0.499435	 0.499208	 0.498467	 0.498652	 0.344630	 0.498589	 0.695027	-0.498090	-0.133227
 0.498391	 0.499440	 0.292142	 0.499435	 0.499208	 0.498467	 0.498652	 0.344445	 0.498589	 0.316997	-0.498090	-0.133227
 0.498756	 0.499440	 0.292049	 0.499435	 0.499208	 0.498467	 0.498652	 0.344352	 0.498589	 0.127982	-0.498090	-0.133227
 0.498938	 0.499440	 0.292003	 0.499435	 0.499208	 0.498467	 0.498652	 0.844306	 0.498589	 0.533474	-0.498090	-0.133227
 0.499029	 0.499440	 0.291980	 0.499435	 0.499208	 0.498467	 0.498652	 1.091594	 0.498589	 0.734343	-0.498090	-0.133227
 0.499075	 0.499440	 0.291968	 0.499435	 0.499208	 0.498467	 0.498652	 1.212561	 0.498589	 0.832906	-0.498090	-0.133227
 0.499098	 0.499440	 0.291962	 0.499435	 0.499208	 0.498467	 0.498652	 0.770377	 0.498589	 0.380325	-0.498090	-0.133227
 0.499109	 0.499440	 0.291960	 0.499435	 0.499208	 0.498467	 0.498652	 0.549285	 0.498589	 0.154035	-0.498090	-0.133227
 0.499115	 0.499440	 0.291958	 0.499435	 0.499208	 0.498467	 0.498652	 0.438739	 0.498589	 0.540889	-0.498090	-0.133227
 0.499118	 0.499440	 0.291957	 0.499435	 0.499208	 0.498467	 0.498652	 0.383466	 0.498589	 0.732461	-0.498090	-0.133227
 0.499119	 0.499440	 0.291957	 0.499435	-0.000792	 0.498467	 0.498652	 0.355829	 0.498589	 0.826399	-0.498090	-0.133227
 0.499120	 0.499440	 0.291957	 0.499435	-0.249791	 0.498467	 0.498652	 0.342011	 0.498589	 0.871527	-0.498090	-0.133227
-0.000880	 0.499440	 0.291957	 0.499435	 0.125710	 0.498467	 0.498652	 0.335102	 0.498589	 0.392258	-0.498090	-0.133227
-0.249878	 0.499440	 0.291957	 0.499435	 0.312458	 0.498467	 0.498652	 0.331648	 0.498589	 0.152624	-0.498090	-0.133227
-0.374377	 0.499440	 0.291957	 0.499435	 0.405832	 0.498467	 0.498652	 0.329920	 0.498589	 0.032806	-0.498090	-0.133227
-0.436626	 0.499440	 0.291957	 0.499435	 0.452519	 0.498467	 0.498652	 0.329057	 0.498589	-0.027102	-0.498090	-0.133227
-0.467751	 0.499440	 0.291957	 0.499435	 0.475862	 0.498467	 0.498652	 0.328625	 0.498589	-0.057057	-0.498090	-0.133227
 0.016687	 0.499440	 0.291957	 0.499435	 0.487534	 0.498467	 0.498652	 0.328409	 0.498589	 0.427966	-0.498090	-0.133227
 0.257903	 0.499440	 0.291957	 0.499435	 0.493370	 0.498467	 0.498652	 0.328301	 0.498589	 0.668652	-0.498090	-0.133227
 0.378511	 0.499440	 0.291957	 0.499435	 0.496288	 0.498467	 0.498652	 0.328247	 0.498589	 0.287176	-0.498090	-0.133227
 0.438816	 0.499440	 0.291957	 0.499435	 0.497747	 0.498467	 0.498652	 0.328220	 0.498589	 0.096438	-0.498090	-0.133227
-0.031032	 0.499440	 0.291957	 0.499435	 0.498476	-0.001533	 0.498652	 0.328206	 0.498589	 0.501069	-0.498090	-0.133227
-0.264955	 0.499440	 0.291957	 0.499435	 0.498841	-0.250530	 0.498652	 0.328200	 0.498589	 0.701573	-0.498090	-0.133227
-0.381916	 0.499440	 0.291957	 0.499435	 0.499024	-0.375029	 0.498652	 0.328196	 0.498589	 0.800021	-0.498090	-0.133227
 0.059604	 0.499440	 0.291957	 0.499435	 0.499115	 0.062722	 0.498652	 0.328195	 0.498589	-0.152552	-0.498090	-0.133227
 0.279361	 0.499440	 0.291957	 0.499435	 0.499160	 0.280597	 0.498652	 0.328194	 0.498589	-0.626629	-0.498090	-0.133227
 0.389240	 0.499440	 0.291957	 0.499435	 0.499183	 0.389534	 0.498652	 0.328193	 0.498589	 0.138535	-0.498090	-0.133227
 0.444179	 0.499440	 0.291957	 0.499435	 0.499195	 0.444003	 0.498652	 0.328193	 0.498589	 0.519309	-0.498090	-0.133227
 0.471649	 0.499440	 0.791957	 0.499435	 0.499200	 0.471237	 0.498652	 0.328193	 0.498589	 0.207896	-0.498090	-0.133227
 0.485384	 0.499440	 1.039373	 0.499435	 0.499203	 0.484854	 0.498652	 0.328193	 0.498589	 0.052189	-0.498090	-0.133227
 0.492251	 0.499440	 0.660507	 0.499435	 0.499205	 0.491663	 0.498652	 0.828193	 0.498589	 0.474336	-0.498090	-0.133227
 0.495685	 0.499440	 0.471074	 0.499435	 0.499205	 0.495067	 0.498652	 1.075537	 0.498589	 0.683617	-0.498090	-0.133227
 0.497402	 0.499440	 0.376358	 0.499435	 0.499206	 0.496769	 0.498652	 1.196563	 0.498589	 0.786471	-0.498090	-0.133227
-0.001740	 0.499440	 0.329000	 0.499435	 0.499206	 0.497620	 0.498652	 0.754441	 0.498589	-0.163880	-0.498090	-0.133227
-0.250309	 0.499440	 0.305321	 0.499435	 0.499206	 0.498046	 0.498652	 0.533379	 0.498589	-0.636828	-0.498090	-0.133227
 0.125407	 0.499440	 0.293481	 0.499435	 0.499206	 0.498258	 0.498652	 0.422849	 0.498589	-0.371082	-0.498090	-0.133227
 0.312262	 0.499440	 0.287561	 0.499435	 0.499206	 0.498365	 0.498652	 0.367584	 0.498589	-0.238209	-0.498090	-0.133227
 0.405690	 0.499440	 0.284602	 0.499435	 0.499206	 0.498418	 0.498652	 0.339951	 0.498589	 0.328228	-0.498090	-0.133227
 0.452404	 0.499440	 0.283122	 0.499435	 0.499206	 0.498445	 0.498652	 0.326135	 0.498589	 0.609657	-0.498090	-0.133227
 0.475761	 0.499440	 0.282382	 0.499435	 0.499206	 0.498458	-0.001348	 0.319227	 0.498589	 0.248589	-0.498090	-0.133227
 0.487439	 0.499440	 0.282012	 0.499435	 0.499206	 0.498464	-0.250345	 0.315772	 0.498589	 0.068055	-0.498090	-0.133227
 0.493279	 0.499440	 0.281827	 0.499435	 0.499206	 0.498468	-0.374844	 0.314045	 0.498589	-0.022212	-0.498090	-0.133227
 0.496198	 0.499440	 0.281734	 0.499435	 0.499206	 0.498469	 0.062907	 0.313182	 0.498589	 0.432655	-0.498090	-0.133227
 0.497658	 0.499440	 0.281688	 0.499435	 0.499206	 0.498470	 0.280781	 0.312750	 0.498589	 0.658313	-0.498090	-0.133227
-0.001612	 0.499440	 0.281665	 0.499435	 0.499206	 0.498471	 0.389718	 0.312534	 0.498589	 0.269374	-0.498090	 0.366773
-0.250245	 0.499440	 0.281653	 0.499435	 0.499206	 0.498471	 0.444186	 0.312426	 0.498589	 0.074905	-0.498090	 0.615039
 0.125438	 0.499440	 0.281647	 0.499435	 0.499206	 0.498471	 0.471420	 0.312372	 0.498589	 0.477670	-0.498090	 0.237446
 0.312277	 0.499440	 0.281645	 0.499435	 0.499206	 0.498471	 0.485038	 0.312345	 0.498589	 0.677292	-0.498090	 0.048649
 0.405697	 0.499440	 0.281643	 0.499435	 0.499206	 0.498471	 0.491846	 0.312332	 0.498589	 0.275349	-0.498090	-0.045749
 0.452407	 0.499440	 0.281642	 0.499435	 0.499206	 0.498471	 0.495250	 0.312325	 0.498589	 0.074377	-0.498090	-0.092948
 0.475762	 0.499440	 0.281642	 0.499435	 0.499206	 0.498471	 0.496953	 0.312322	 0.498589	-0.026108	-0.498090	-0.116548
 0.487439	 0.499440	 0.281642	 0.499435	 0.499206	 0.498471	 0.497804	 0.812320	 0.498589	-0.076351	-0.498090	-0.128348
 0.493278	 0.499440	 0.281642	 0.499435	 0.499206	 0.498471	 0.498229	 1.059695	 0.498589	-0.101473	-0.498090	-0.134248
 0.496197	 0.499440	 0.281642	 0.499435	 0.499206	 0.498471	 0.498442	 1.180768	 0.498589	-0.114034	-0.498090	-0.137198
 0.497657	 0.499440	 0.281642	 0.499435	 0.499206	 0.498471	 0.498548	 1.238701	 0.498589	-0.120314	-0.498090	-0.138673
-0.001613	 0.499440	 0.281642	 0.499435	 0.499206	 0.498471	 0.498601	 1.265074	 0.498589	 0.376546	-0.498090	-0.139410
-0.250246	 0.499440	 0.281642	 0.499435	 0.499206	 0.498471	 0.498628	 1.275677	 0.498589	 0.623229	-0.498090	-0.139779
 0.125437	 0.499440	 0.281642	 0.499435	 0.499206	-0.001529	 0.498641	 0.778407	 0.498589	 0.744831	-0.498090	-0.139963
 0.312276	 0.499440	 0.281642	 0.499435	 0.499206	-0.250526	 0.498648	 0.529771	 0.498589	 0.803899	-0.498090	-0.140055
 0.405696	 0.499440	 0.281642	 0.499435	 0.499206	-0.375024	 0.498651	 0.405454	 0.498589	 0.831707	-0.498090	-0.140102
 0.452406	 0.499440	 0.281642	 0.499435	 0.499206	 0.062726	-0.001347	 0.343295	 0.498589	 0.343892	-0.498090	-0.140125
 0.475761	 0.499440	 0.281642	 0.499435	 0.499206	 0.280601	-0.250343	 0.312215	 0.498589	 0.099984	-0.498090	-0.140136
 0.487438	 0.499440	 0.281642	 0.499435	 0.499206	 0.389538	 0.125158	 0.296676	 0.498589	 0.478031	-0.498090	-0.140142
 0.493277	 0.499440	 0.281642	 0.499435	 0.499206	 0.444007	 0.311908	 0.288906	 0.498589	 0.665342	-0.498090	-0.140145
 0.496196	 0.499440	 0.281642	 0.499435	-0.000794	-0.028759	 0.405283	 0.285021	 0.498589	 0.257292	-0.498090	-0.140146
 0.497656	 0.499440	 0.281642	 0.499435	-0.249792	-0.264139	 0.451970	 0.283078	 0.498589	 0.053267	-0.498090	-0.140147
 0.498386	 0.499440	 0.281642	 0.499435	 0.125708	 0.118171	 0.475314	 0.282107	 0.498589	 0.451254	-0.498090	 0.359853
 0.498751	 0.499440	 0.281642	 0.499435	 0.312456	 0.308325	 0.486986	 0.281622	 0.498589	 0.648550	-0.498090	 0.608133
 0.498933	 0.499440	 0.281642	 0.499435	 0.405830	 0.403402	 0.492821	 0.281379	 0.498589	 0.745506	-0.498090	 0.730560
-0.000975	 0.499440	 0.781642	 0.499435	-0.047483	 0.450941	 0.495739	 0.281257	 0.498589	 0.792299	-0.498090	 0.290068
-0.249928	 0.499440	 1.029078	 0.499435	-0.273138	 0.474710	 0.497198	 0.281197	 0.498589	 0.814017	-0.498090	 0.069822
 0.125596	 0.499440	 0.650244	 0.499435	 0.114035	 0.486595	 0.497928	 0.281166	 0.498589	 0.323205	-0.498090	-0.040302
 0.312355	 0.499440	 0.460826	 0.499435	 0.306619	 0.492537	 0.498293	 0.281151	 0.498589	 0.077799	-0.498090	-0.095363
 0.405735	 0.499440	 0.366118	 0.499435	 0.402911	 0.495508	-0.001525	 0.781144	 0.498589	-0.044905	-0.498090	-0.122894
 0.452425	 0.499440	 0.318763	 0.499435	 0.451057	 0.496994	-0.250431	 1.028578	 0.498589	-0.106256	-0.498090	-0.136659
 0.475770	 0.499440	 0.295086	 0.499435	 0.475130	 0.497737	 0.125116	 0.649742	 0.498589	-0.136932	-0.498090	-0.143542
 0.487442	 0.499440	 0.283248	 0.499435	 0.487166	 0.498108	 0.311888	 0.460325	 0.498589	-0.152270	-0.498090	-0.146983
 0.493279	 0.499440	 0.277328	 0.499435	 0.493184	 0.498294	 0.405274	 0.365616	 0.498589	-0.159939	-0.498090	-0.148704
 0.496197	 0.499440	 0.774369	 0.499435	 0.496194	 0.498387	 0.451967	 0.318262	 0.498589	 0.336227	-0.498090	-0.149564
 0.497656	 0.499440	 1.020346	 0.499435	 0.497698	 0.498433	 0.475314	 0.294585	 0.498589	 0.582645	-0.498090	-0.149995
 0.498385	 0.499440	 0.640802	 0.499435	 0.498450	 0.498456	 0.486987	 0.282746	 0.498589	 0.204196	-0.498090	-0.150210
 0.498750	 0.499440	 0.451030	 0.499435	 0.498827	 0.498468	 0.492823	 0.276827	 0.498589	 0.014971	-0.498090	-0.150317
 0.498933	 0.499440	 0.356144	 0.499435	 0.499015	 0.498474	 0.495742	 0.273867	 0.498589	 0.420359	-0.498090	-0.150371
 0.499024	 0.499440	 0.308701	 0.499435	 0.499109	 0.498477	 0.497201	 0.272387	 0.498589	 0.621401	-0.498090	-0.150398
 0.499069	 0.499440	 0.284980	 0.499435	 0.499156	 0.498478	 0.497931	 0.271647	 0.498589	 0.720278	-0.498090	-0.150411
 0.499092	 0.499440	 0.273119	 0.499435	 0.499179	 0.498479	 0.498295	 0.271277	 0.498589	 0.768077	-0.498090	-0.150418
 0.499103	 0.499440	 0.267188	 0.499435	 0.499191	 0.498479	 0.498478	 0.271092	 0.498589	 0.790346	-0.498090	-0.150421
 0.499109	 0.499440	 0.264223	 0.499435	 0.499197	 0.498479	 0.498569	 0.271000	 0.498589	 0.299854	-0.498090	-0.150423
 0.499112	 0.499440	 0.262741	 0.499435	 0.499200	 0.498479	 0.498615	 0.270954	 0.498589	 0.054609	-0.498090	-0.150424
 0.499113	 0.499440	 0.261999	 0.499435	 0.499201	-0.001521	 0.498637	 0.770931	 0.498589	 0.431986	-0.498090	-0.150424
 0.499114	 0.499440	 0.261629	 0.499435	 0.499202	-0.250517	 0.498649	 1.018377	 0.498589	 0.619056	-0.498090	-0.150424
 0.499115	 0.499440	 0.261443	 0.499435	 0.499202	 0.124984	 0.498654	 0.639569	 0.498589	 0.710979	-0.498090	-0.150425
 0.499115	 0.499440	 0.261351	 0.499435	 0.499202	 0.311734	 0.498657	 0.450165	 0.498589	 0.755334	-0.498090	-0.150425
 0.499115	 0.499440	 0.261304	 0.499435	 0.499203	-0.094891	 0.498659	 0.355463	 0.498589	 0.775913	-0.498090	-0.150425
 0.499115	 0.499440	 0.261281	 0.499435	 0.499203	-0.297201	 0.498659	 0.308112	 0.498589	 0.784609	-0.498090	-0.150425
-0.000885	 0.499440	 0.261270	 0.499435	 0.499203	 0.101644	 0.498660	 0.284436	 0.498589	 0.787370	-0.498090	-0.150425
-0.249883	 0.499440	 0.261264	 0.499435	 0.499203	 0.300066	 0.498660	 0.272598	 0.498589	 0.787171	-0.498090	-0.150425
-0.374382	 0.499440	 0.261261	 0.499435	 0.499203	 0.399277	 0.498660	 0.266679	 0.498589	 0.785497	-0.498090	-0.150425
 0.063368	 0.499440	 0.261260	 0.499435	 0.499203	 0.448882	 0.498660	 0.263720	 0.498589	 0.283093	-0.498090	-0.150425
 0.281241	 0.499440	 0.261259	 0.499435	 0.499203	 0.473685	 0.498660	 0.262240	 0.498589	 0.031890	-0.498090	-0.150425
 0.390177	 0.499440	 0.261258	 0.499435	 0.499203	 0.486086	 0.498660	 0.261500	 0.498589	-0.093711	-0.498090	-0.150425
 0.444646	 0.499440	 0.261258	 0.499435	 0.499203	 0.492287	 0.498660	 0.261130	 0.498589	-0.156511	-0.498090	-0.150425
 0.471880	 0.499440	 0.261258	 0.499435	 0.499203	 0.495387	 0.498660	 0.260945	 0.498589	 0.312088	-0.498090	-0.150425
 0.485497	 0.499440	 0.261258	 0.499435	 0.499203	 0.496938	 0.498660	 0.260853	 0.498589	 0.544827	-0.498090	-0.150425
 0.492305	 0.499440	 0.261258	 0.499435	 0.499203	 0.497713	 0.498660	 0.260807	 0.498589	 0.159641	-0.498090	-0.150425
 0.495710	 0.499440	 0.261258	 0.499435	 0.499203	 0.498100	 0.498660	 0.260784	 0.498589	-0.032952	-0.498090	-0.150425
 0.497412	 0.499440	 0.261258	 0.499435	 0.499203	 0.498294	 0.498660	 0.260772	 0.498589	-0.129248	-0.498090	-0.150425
 0.498263	 0.499440	 0.261258	 0.499435	 0.499203	-0.001609	 0.498660	 0.260766	 0.498589	-0.177397	-0.498090	-0.150425
 0.498688	 0.499440	 0.261258	 0.499435	 0.499203	-0.250558	 0.498660	 0.260763	 0.498589	-0.201471	-0.498090	-0.150425
 0.498901	 0.499440	 0.261258	 0.499435	 0.499203	 0.124968	 0.498660	 0.260762	 0.498589	-0.213508	-0.498090	-0.150425
 0.499008	 0.499440	 0.261258	 0.499435	 0.499203	 0.311730	 0.498660	 0.260761	 0.498589	-0.219526	-0.498090	-0.150425
 0.499061	 0.499440	 0.261258	 0.499435	 0.499203	 0.405111	 0.498660	 0.260761	 0.498589	-0.222536	-0.498090	-0.150425
 0.499087	 0.499440	 0.261258	 0.499435	 0.499203	 0.451801	 0.498660	 0.260761	 0.498589	-0.224040	-0.498090	-0.150425
 0.499101	 0.499440	 0.261258	 0.499435	 0.499203	 0.475147	 0.498660	 0.760761	 0.498589	 0.275207	-0.498090	-0.150425
 0.499107	 0.499440	 0.261258	 0.499435	 0.499203	 0.486819	 0.498660	 1.008239	 0.498589	 0.523282	-0.498090	-0.150425
 0.499111	 0.499440	 0.261258	 0.499435	 0.499203	 0.492656	 0.498660	 1.129467	 0.498589	 0.645777	-0.498090	-0.150425
 0.499112	 0.499440	 0.261258	 0.499435	 0.499203	-0.004426	 0.498660	 0.687579	 0.498589	 0.205488	-0.498090	-0.150425
 0.499113	 0.499440	 0.261258	 0.499435	 0.499203	-0.251964	 0.498660	 0.466636	 0.498589	-0.014657	-0.498090	-0.150425
 0.499114	 0.499440	 0.261258	 0.499435	 0.499203	 0.124267	 0.498660	 0.356164	 0.498589	 0.375271	-0.498090	-0.150425
 0.499114	 0.499440	 0.261258	 0.499435	 0.499203	 0.311381	 0.498660	 0.300928	 0.498589	 0.568704	-0.498090	-0.150425
-0.000886	 0.499440	 0.261258	 0.499435	 0.499203	 0.404939	 0.498660	 0.273310	-0.001411	 0.163897	-0.498090	-0.150425
-0.249884	 0.499440	 0.261258	 0.499435	 0.499203	 0.451717	 0.498660	 0.259501	-0.250409	-0.038507	-0.498090	-0.150425
 0.125617	 0.499440	 0.261258	 0.499435	 0.499203	 0.475107	 0.498660	 0.252596	 0.125093	 0.360291	-0.498090	-0.150425
 0.312365	 0.499440	 0.261258	 0.499435	 0.499203	 0.486801	 0.498660	 0.249144	 0.311842	 0.558172	-0.498090	-0.150425
 0.405739	 0.499440	 0.261258	 0.499435	 0.499203	 0.492649	 0.498660	 0.247418	 0.405217	 0.655600	-0.498090	-0.150425
 0.452426	 0.499440	 0.261258	 0.499435	 0.499203	 0.495572	 0.498660	 0.246555	 0.451904	 0.702809	-0.498090	-0.150425
 0.475770	 0.499440	 0.261258	 0.499435	 0.499203	 0.497034	 0.498660	 0.246123	 0.475248	 0.724913	-0.498090	-0.150425
 0.487441	 0.499440	 0.261258	 0.499435	 0.499203	 0.497765	 0.498660	 0.245908	 0.486920	 0.234471	-0.498090	-0.150425
 0.493277	 0.499440	 0.261258	 0.499435	 0.499203	 0.498130	 0.498660	 0.245800	 0.492756	-0.010750	-0.498090	-0.150425
 0.496195	 0.499440	 0.261258	 0.499435	 0.499203	 0.498313	 0.498660	 0.245746	 0.495674	 0.366639	-0.498090	-0.150425
 0.497654	 0.499440	 0.261258	 0.499435	 0.499203	 0.498405	 0.498660	 0.245719	 0.497133	 0.553846	-0.498090	-0.150425
 0.498384	 0.499440	 0.261258	 0.499435	 0.499203	 0.498450	 0.498660	 0.245705	 0.497862	 0.645967	-0.498090	-0.150425
 0.498748	 0.499440	 0.261258	 0.499435	 0.499203	 0.498473	 0.498660	 0.245699	 0.498227	 0.690551	-0.498090	-0.150425
 0.498931	 0.499440	 0.261258	 0.499435	 0.499203	 0.498484	 0.498660	 0.245695	 0.498409	 0.711373	-0.498090	-0.150425
 0.499022	 0.499440	 0.261258	 0.499435	 0.499203	 0.498490	 0.498660	 0.245693	 0.498501	 0.220320	-0.498090	-0.150425
 0.499067	 0.499440	 0.261258	 0.499435	 0.499203	 0.498493	 0.498660	 0.245693	 0.498546	-0.025207	-0.498090	-0.150425
 0.499090	 0.499440	 0.261258	 0.499435	-0.000797	 0.498494	 0.498660	 0.245692	 0.498569	 0.352030	-0.498090	-0.150425
 0.499102	 0.499440	 0.261258	 0.499435	-0.249796	 0.498495	 0.498660	 0.245692	 0.498580	 0.539190	-0.498090	-0.150425
 0.499107	 0.499440	 0.761258	 0.499435	 0.125705	-0.001504	 0.498660	 0.245692	 0.498586	 0.131317	-0.498090	-0.150425
 0.499110	 0.499440	 1.008736	 0.499435	 0.312453	-0.250501	 0.498660	 0.245692	 0.498589	-0.072620	-0.498090	-0.150425
 0.499112	 0.499440	 0.629962	 0.499435	 0.405827	 0.125000	 0.498660	 0.245692	 0.498590	 0.325412	-0.498090	-0.150425
 0.499112	 0.499440	 0.440575	 0.499435	 0.452514	 0.311750	 0.498660	 0.245692	 0.498591	 0.522981	-0.498090	-0.150425
 0.499113	 0.499440	 0.345882	 0.499435	 0.475858	 0.405125	 0.498660	 0.245692	 0.498591	 0.620325	-0.498090	-0.150425
-0.000887	 0.499440	 0.298535	 0.499435	 0.487529	 0.451812	 0.498660	 0.745692	 0.498592	 0.167561	-0.498090	-0.150425
-0.249885	 0.499440	 0.274862	 0.499435	 0.493365	 0.475156	 0.498660	 0.993200	 0.498592	-0.058821	-0.498090	-0.150425
 0.125616	 0.499440	 0.263025	 0.499435	 0.496283	 0.486828	 0.498660	 0.614473	 0.498592	-0.172012	-0.498090	-0.150425
 0.312364	 0.499440	 0.257107	 0.499435	 0.497742	 0.492664	 0.498660	 0.425110	 0.498592	-0.228607	-0.498090	-0.150425
-0.094262	 0.499440	 0.254147	 0.499435	-0.001528	 0.495582	 0.498660	 0.330428	 0.498592	-0.256905	-0.498090	-0.150425
-0.296573	 0.499440	 0.252668	 0.499435	-0.250162	 0.497041	 0.498660	 0.283087	 0.498592	-0.271054	-0.498090	-0.150425
 0.102271	 0.499440	 0.251928	 0.499435	 0.125521	 0.497770	 0.498660	 0.259417	 0.498592	 0.221872	-0.498090	-0.150425
 0.300691	 0.499440	 0.251558	 0.499435	 0.312360	 0.498135	 0.498660	 0.247581	 0.498592	 0.466905	-0.498090	-0.150425
 0.399901	 0.499440	 0.251373	 0.499435	 0.405780	 0.498318	 0.498660	 0.241664	 0.498592	 0.587998	-0.498090	-0.150425
-0.050494	 0.499440	 0.251281	 0.499435	 0.452490	 0.498409	 0.498660	 0.238705	 0.498592	 0.647126	-0.498090	-0.150425
-0.274690	 0.499440	 0.251234	 0.499435	 0.475844	 0.498454	 0.498660	 0.237226	 0.498592	 0.675278	-0.498090	-0.150425
 0.113213	 0.499440	 0.251211	 0.499435	 0.487522	 0.498477	 0.498660	 0.236486	 0.498592	 0.687946	-0.498090	-0.150425
 0.306161	 0.499440	 0.251200	 0.499435	 0.493361	 0.498488	 0.498660	 0.236116	 0.498592	 0.692880	-0.498090	-0.150425
 0.402636	 0.499440	 0.251194	 0.499435	 0.496280	 0.498494	 0.498660	 0.735931	 0.498592	 0.693951	-0.498090	-0.150425
 0.450873	 0.499440	 0.251191	 0.499435	 0.497740	 0.498497	 0.498660	 0.983367	 0.498592	 0.693096	-0.498090	-0.150425
 0.474992	 0.499440	 0.251190	 0.499435	 0.498470	-0.001502	 0.498660	 0.604624	 0.498592	 0.191284	-0.498090	-0.150425
 0.487051	 0.499440	 0.251189	 0.499435	 0.498834	-0.250498	 0.498660	 0.415252	 0.498592	-0.059622	-0.498090	-0.150425
 0.493081	 0.499440	 0.251189	 0.499435	 0.499017	-0.374996	 0.498660	 0.320566	 0.498592	-0.185074	-0.498090	-0.150425
 0.496095	 0.499440	 0.251188	 0.499435	 0.499108	 0.062755	 0.498660	 0.273223	 0.498592	-0.747801	-0.498090	-0.150425
 0.497603	 0.499440	 0.251188	 0.499435	 0.499154	 0.280629	 0.498660	 0.249551	 0.498592	-1.026543	-0.498090	-0.150425
 0.498357	 0.499440	 0.251188	 0.499435	 0.499177	 0.389567	 0.498660	 0.737716	 0.498592	-0.663304	-0.498090	-0.150425
 0.498733	 0.499440	 0.251188	 0.499435	 0.499188	 0.444035	 0.498660	 0.979346	 0.498592	-0.481684	-0.498090	-0.150425
 0.498922	 0.499440	 0.251188	 0.499435	 0.499194	 0.471270	 0.498660	 0.597719	 0.498592	 0.109126	-0.498090	-0.150425
 0.499016	 0.499440	 0.251188	 0.499435	 0.499197	 0.484887	 0.498660	 0.406906	 0.498592	 0.403131	-0.498090	-0.150425
-0.000937	 0.499440	 0.251188	 0.499435	 0.499198	 0.491695	 0.498660	 0.311499	 0.498592	 0.048739	-0.498090	-0.150425
-0.249911	 0.499440	 0.251188	 0.499435	 0.499199	 0.495100	 0.498660	 0.263796	 0.498592	-0.128457	-0.498090	-0.150425
-0.374399	 0.499440	 0.251188	 0.499435	 0.499199	 0.496802	 0.498660	 0.239944	 0.498592	-0.217054	-0.498090	-0.150425
 0.063358	 0.499440	 0.251188	 0.499435	 0.499199	 0.497653	-0.001340	 0.228018	 0.498592	-0.261353	-0.498090	-0.150425
 0.281233	 0.499440	 0.251188	 0.499435	 0.499199	 0.498078	-0.250337	 0.222055	 0.498592	-0.283503	-0.498090	-0.150425
 0.390171	 0.499440	 0.251188	 0.499435	 0.499199	 0.498291	 0.125164	 0.219074	 0.498592	 0.205422	-0.498090	-0.150425
 0.444640	 0.499440	 0.251188	 0.499435	 0.499199	 0.498397	 0.311913	 0.217583	 0.498592	 0.448496	-0.498090	-0.150425
 0.471875	 0.499440	 0.251188	 0.499435	 0.499199	-0.001549	 0.405288	 0.216838	 0.498592	 0.068650	-0.498090	-0.150425
 0.485492	 0.499440	 0.251188	 0.499435	 0.499199	-0.250520	 0.451975	 0.216465	 0.498592	-0.121273	-0.498090	-0.150425
 0.492301	 0.499440	 0.251188	 0.499435	 0.499199	 0.124995	 0.475319	 0.216279	 0.498592	-0.216235	-0.498090	-0.650425
 0.495705	 0.499440	 0.251188	 0.499435	 0.499199	 0.311751	 0.486991	 0.216186	 0.498592	-0.263715	-0.498090	-0.898124
 0.497407	 0.499440	 0.251188	 0.499435	 0.499199	 0.405130	 0.492827	 0.216139	 0.498592	-0.287456	-0.498090	-1.019682
 0.498258	 0.499440	 0.251188	 0.499435	 0.499199	 0.451819	 0.495745	 0.216116	 0.498592	 0.200674	-0.498090	-0.578178
 0.498684	 0.499440	 0.251188	 0.499435	 0.499199	 0.475163	 0.497204	 0.216104	 0.498592	 0.443361	-0.498090	-0.357426
 0.498897	 0.499440	 0.751188	 0.499435	 0.499199	 0.486836	 0.497933	 0.216098	 0.498592	 0.063333	-0.498090	-0.247051
 0.499003	 0.499440	 0.998686	 0.499435	 0.499199	 0.492672	 0.498298	 0.216095	 0.498592	-0.126681	-0.498090	-0.191863
 0.499056	 0.499440	 0.619942	 0.499435	 0.499199	 0.495590	 0.498480	 0.216094	 0.498592	-0.221688	-0.498090	-0.164269
 0.499083	 0.499440	 0.430570	 0.499435	 0.499199	 0.497049	 0.498572	 0.216093	 0.498592	-0.269192	-0.498090	-0.150472
 0.499096	 0.499440	 0.835885	 0.499435	 0.499199	-0.002222	 0.498617	 0.216093	 0.498592	-0.292944	-0.498090	-0.143573
 0.499103	 0.499440	 1.036059	 0.499435	 0.499199	-0.250854	 0.498640	 0.216093	 0.498592	-0.304820	-0.498090	-0.140124
 0.499106	 0.499440	 1.133674	 0.499435	 0.499199	-0.375170	 0.498651	 0.216093	 0.498592	-0.310758	-0.498090	-0.138399
 0.499108	 0.499440	 0.680019	 0.499435	 0.499199	 0.062672	 0.498657	 0.716093	 0.498592	-0.313727	-0.498090	-0.137537
 0.499109	 0.499440	 0.453191	 0.499435	 0.499199	 0.280592	 0.498660	 0.963660	 0.498592	-0.315211	-0.498090	-0.137106
 0.499109	 0.499440	 0.339778	 0.499435	 0.499199	 0.389552	 0.498661	 0.585022	 0.498592	-0.315953	-0.498090	-0.136890
 0.499109	 0.499440	 0.283071	 0.499435	 0.499199	 0.444032	 0.498662	 0.395703	 0.498592	-0.316324	-0.498090	-0.136783
-0.000891	 0.499440	 0.254717	 0.499435	 0.499199	 0.471272	 0.498662	 0.301043	 0.498592	-0.316510	-0.498090	-0.136729
-0.249889	 0.499440	 0.240541	 0.499435	 0.499199	 0.484892	 0.498663	 0.253713	 0.498592	-0.316603	-0.498090	-0.136702
 0.125612	 0.499440	 0.233452	 0.499435	 0.499199	 0.491702	 0.498663	 0.730048	 0.498592	-0.316649	-0.498090	-0.136688
 0.312360	 0.499440	 0.229908	 0.499435	 0.499199	 0.495107	 0.498663	 0.965803	 0.498592	-0.316672	-0.498090	-0.136681
 0.405734	 0.499440	 0.228136	 0.499435	 0.499199	 0.496809	 0.498663	 1.081277	 0.498592	-0.316684	-0.498090	-0.136678
 0.452421	 0.499440	 0.227250	 0.499435	 0.499199	 0.497660	 0.498663	 1.136621	 0.498592	 0.183310	-0.498090	-0.136676
 0.475765	 0.499440	 0.226807	 0.499435	 0.499199	 0.498086	 0.498663	 1.161909	 0.498592	 0.431941	-0.498090	-0.136676
 0.487437	 0.499440	 0.226585	 0.499435	 0.499199	 0.498299	 0.498663	 0.672178	 0.498592	 0.054895	-0.498090	-0.136675
 0.493273	 0.499440	 0.226475	 0.499435	 0.499199	 0.498405	 0.498663	 0.427313	 0.498592	-0.133628	-0.498090	-0.136675
 0.496191	 0.499440	 0.226419	 0.499435	 0.499199	 0.498459	-0.001337	 0.804880	 0.498592	-0.227890	-0.498090	-0.136675
 0.497650	 0.499440	 0.226392	 0.499435	 0.499199	 0.498485	-0.250335	 0.991299	 0.498592	-0.275020	-0.498090	-0.136675
 0.498379	 0.499440	 0.226378	 0.499435	 0.499199	 0.498498	 0.125167	 1.082153	 0.498592	-0.298586	-0.498090	-0.136675
 0.498744	 0.499440	 0.226371	 0.499435	 0.499199	 0.498505	 0.311916	 1.125234	 0.498592	-0.310368	-0.498090	-0.136675
 0.498926	 0.499440	 0.726367	 0.499435	 0.499199	 0.498508	 0.405291	 1.144438	 0.498592	 0.183740	-0.498090	-0.136675
 0.499017	 0.499440	 0.973913	 0.499435	 0.499199	 0.498510	 0.451978	 1.151713	 0.498592	 0.429439	-0.498090	-0.136675
 0.499063	 0.499440	 1.095243	 0.499435	 0.499199	 0.498511	 0.475322	 1.153032	 0.498592	 0.550938	-0.498090	-0.136675
 0.499086	 0.499440	 0.653474	 0.499435	 0.499199	 0.498511	 0.486994	 0.651383	 0.498592	 0.610343	-0.498090	 0.363325
 0.499097	 0.499440	 0.432590	 0.499435	 0.499199	 0.498512	 0.492830	 0.400559	 0.498592	 0.638705	-0.498090	 0.611599
-0.000897	 0.499440	 0.322148	 0.499435	 0.499199	 0.498512	 0.495748	 0.775146	 0.498592	 0.651553	-0.498090	 0.234016
-0.249893	 0.499440	 0.266927	 0.499435	 0.499199	 0.498512	 0.497207	 0.960141	 0.498592	 0.656648	-0.498090	 0.045224
-0.374390	 0.499440	 0.239317	 0.499435	 0.499199	 0.498512	 0.497936	 1.050348	 0.498592	 0.157872	-0.498090	-0.049172
-0.436639	 0.499440	 0.225511	 0.499435	 0.499199	 0.498512	 0.498301	 1.093170	 0.498592	-0.091516	-0.498090	-0.096370
