-0.998945	-0.706396	 0.389568	 0.315104	 0.102487	 0.498733	 0.498098	 0.400997	 0.191505	-0.684043	-0.498804	 0.499272
-1.245947	-0.703570	 0.389452	 0.075312	 0.300998	 0.498734	 0.498098	 0.149188	 0.377589	-0.669594	-0.499169	 0.499272
-1.366462	-0.700756	 0.389394	-0.044584	 0.400253	 0.498734	 0.498098	 0.023283	 0.469503	-0.661060	-0.499352	 0.499272
-0.923746	-0.697953	 0.389365	 0.395467	 0.449880	-0.001266	 0.498098	 0.460331	 0.514337	-0.655488	-0.499443	 0.499272
-0.702388	-0.695161	 0.389350	 0.613822	 0.474694	-0.250264	 0.498098	 0.677060	 0.535636	-0.651402	-0.499488	 0.499272
-0.591709	-0.692381	 0.389343	 0.221335	 0.487101	 0.125238	 0.498098	 0.783637	 0.545172	-0.648064	-0.499511	 0.499272
-0.536369	-0.689611	 0.389339	 0.025092	 0.493304	 0.311987	 0.498098	 0.835145	 0.548830	-0.645106	-0.499523	 0.499272
-0.508699	-1.186853	 0.389337	 0.426970	-0.003594	 0.405361	 0.498098	 0.859125	 0.549554	-0.642342	-0.499528	 0.499272
-0.494864	-1.432105	 0.389336	 0.626252	-0.251042	 0.452049	 0.498098	 0.869350	 0.548816	-0.639681	-0.499531	 0.499272
-0.487947	-1.051377	 0.389336	 0.224241	-0.374766	 0.475392	 0.498098	 0.872702	 0.047351	-0.637077	-0.499533	 0.499272
-0.484488	-0.859671	 0.389336	 0.023236	-0.436628	 0.487064	 0.498098	 0.872627	-0.203382	-0.634506	-0.499533	 0.499272
-0.482759	-0.762483	 0.389336	-0.077266	-0.467559	 0.492900	 0.498098	 0.870844	-0.328749	-0.631956	-0.499534	 0.499272
-0.481894	-0.712558	 0.389336	 0.372482	 0.016975	 0.495818	-0.001902	 0.868214	-0.391432	-0.629423	-0.499534	 0.499272
-0.481462	-0.686270	 0.389335	 0.595712	 0.258239	 0.497277	-0.250898	 0.865168	-0.422773	-0.626902	-0.499534	 0.499272
-0.481246	-0.671806	 0.389335	 0.205689	 0.378872	 0.498006	 0.124603	 0.861921	 0.061556	-0.624393	-0.499534	 0.499272
-0.481138	-0.663259	 0.389335	 0.010678	 0.439188	 0.498371	 0.311354	 0.858580	 0.302629	-0.621895	-0.499534	 0.499272
-0.481084	-0.657677	 0.889335	 0.413172	 0.469346	 0.498554	 0.404730	 0.855199	 0.422078	-0.119407	-0.499534	 0.499272
-0.481057	-0.653581	 1.136557	 0.612788	 0.484425	 0.498645	 0.451417	 0.851805	 0.480719	 0.131837	-0.499534	 0.499272
-0.481043	-0.650234	 0.757400	 0.710971	 0.491964	 0.498690	 0.474761	 0.848411	 0.008961	 0.257459	 0.000466	 0.499272
-0.481036	-0.647267	 0.567821	 0.758444	 0.495734	 0.498713	 0.486433	 0.845024	-0.226918	 0.320270	 0.249465	 0.499272
-0.481033	-0.644495	 0.473032	 0.780569	 0.497619	 0.498724	 0.492269	 0.841648	-0.344857	 0.351675	 0.373965	 0.499272
-0.481031	-0.641826	 0.925638	 0.790026	 0.498561	 0.498730	 0.495187	 0.838283	 0.096173	-0.132622	-0.063786	 0.499272
-0.481030	-0.639212	 1.149184	 0.793155	 0.499032	 0.498733	 0.496646	 0.834930	 0.315614	-0.373537	-0.281658	 0.499272
-0.481030	-0.636633	 1.258211	 0.793128	-0.000732	 0.498734	 0.497375	 0.831591	 0.424264	 0.007235	 0.109406	 0.999272
-0.481030	-0.634075	 1.309991	 0.791528	-0.249613	 0.498735	 0.497740	 0.828265	 0.477523	 0.197621	 0.303937	 1.246273
-0.481030	-0.631533	 0.833157	 0.789148	 0.125946	 0.998736	 0.497923	 0.824952	 0.503091	 0.292814	 0.401203	 0.866787
-0.481030	-0.629004	 0.594740	 0.786384	 0.312723	 1.245738	 0.498014	 0.821652	 0.514818	 0.340410	 0.449836	 0.677045
-0.481030	-0.626486	 0.975532	 0.783435	 0.406111	 0.866254	-0.001941	 0.818366	 0.019628	-0.635792	-0.025848	 0.582173
-0.481030	-0.623980	 1.163215	 0.780400	 0.452805	 0.676512	-0.250914	 0.815092	-0.227967	-1.120669	-0.262687	 0.534737
-0.481030	-0.621483	 1.254354	 0.777327	 0.476152	 0.581641	-0.375401	 0.811832	-0.351764	-1.359896	-0.381106	 0.511019
-0.481030	-0.618997	 1.297233	 0.774242	 0.487826	 0.534205	 0.062356	 0.808584	 0.086337	-0.476312	-0.440316	 0.499161
-0.481030	-0.616521	 1.315993	 0.771158	 0.493663	 0.510488	 0.280234	 0.805350	 0.304339	-0.034519	-0.469921	 0.493231
-0.481030	-0.614055	 0.822703	 0.768079	 0.496581	 0.498629	-0.110827	 0.802129	 0.412295	-0.313623	-0.484723	 0.490266
-0.481030	-0.611599	 0.576058	 0.765010	 0.498040	 0.492699	-0.305354	 0.798920	 0.465233	-0.451990	-0.492124	 0.488784
-0.481030	-0.609152	 0.452735	 0.761952	 0.498770	 0.489735	 0.097383	 0.295724	 0.490665	-0.519992	-0.495825	 0.488043
-0.481030	-0.606716	 0.391074	 0.758905	 0.499135	 0.488252	 0.297751	 0.044127	 0.502349	-0.552817	-0.497675	 0.487672
-0.481030	-0.604289	 0.360243	 0.755869	-0.000683	 0.487511	 0.397935	 0.418328	 0.507163	-0.568059	 0.001400	 0.487487
-0.481030	-0.601872	 0.344828	 0.752846	-0.249591	 0.487141	 0.448027	 0.603843	 0.508546	-0.574513	 0.249936	 0.487394
-0.481030	-0.599464	 0.337120	 0.749835	-0.374045	 0.486955	 0.473073	 0.695022	 0.508218	-0.576578	 0.374204	 0.487348
-0.481030	-0.597066	 0.833267	 0.746835	 0.063729	 0.486863	 0.485596	 0.739039	 0.007038	-0.576453	-0.063661	 0.487325
-0.481030	-0.594678	 1.078681	 0.743848	 0.281612	 0.486816	 0.491858	 0.759482	-0.243552	-0.575238	-0.281591	 0.487313
-0.481030	-0.592299	 0.698740	 0.740873	 0.390554	 0.486793	 0.494988	 0.768143	 0.131153	-0.573483	-0.390556	 0.487307
-0.481030	-0.589930	 0.508769	 0.737909	 0.445025	 0.486782	 0.496554	 0.770920	 0.317494	-0.571461	-0.445039	 0.487304
-0.481030	-0.587571	 0.413784	 0.734958	-0.027740	 0.486776	 0.497336	 0.770761	 0.409657	-0.569312	-0.472280	 0.487303
-0.481030	-0.585220	 0.366291	 0.732018	-0.263121	 0.486773	 0.497728	 0.769141	 0.454734	-0.567103	-0.485901	 0.487302
-0.481030	-0.582879	 0.842545	 0.229090	-0.380812	 0.486771	 0.497923	 0.766795	 0.477273	-0.564868	-0.492711	 0.487302
-0.481030	-0.580548	 1.078034	-0.022374	-0.439657	 0.486771	 0.498021	 0.764094	 0.488543	-0.562626	-0.496116	 0.487302
-0.481030	-0.578226	 1.193152	-0.148106	-0.469080	 0.486770	 0.498070	 0.761220	 0.494177	-0.560384	-0.497819	 0.487302
-0.481030	-0.575913	 0.748094	 0.289028	 0.516209	 0.486770	 0.998095	 0.258267	-0.003005	 0.441853	-0.498670	 0.487302
-0.481030	-0.573609	 0.525565	 0.506142	 1.005850	 0.486770	 1.245111	 0.006790	-0.250596	 0.940084	-0.499096	 0.487302
-0.481030	 1.428685	 0.414301	 0.113253	 1.247680	 0.486770	 1.365634	-1.118948	-1.374392	 2.686322	-0.499308	-0.512698
-0.481030	 2.422971	 0.358669	-0.083191	 1.365616	 0.486770	 1.422924	-1.677328	-1.931293	 3.550576	-0.499415	-1.009673
 1.018970	 4.913279	-0.169148	-0.181414	 1.421617	-0.013230	 1.948608	-2.452047	-3.204767	 5.973874	 0.000532	-1.755147
 1.763932	 6.143626	-0.431662	-0.230525	 1.446662	-0.262204	 2.206502	-2.832952	-3.832548	 7.168728	 0.249504	-2.122883
 2.131396	 8.244051	-1.061530	-0.755080	 1.456241	-0.385668	 2.830520	-3.516978	-5.137518	 8.249428	 0.873991	-2.301769
 2.310130	 9.273575	-1.373082	-1.014799	 1.458099	-0.446382	 3.135620	-3.850588	-5.777118	 8.771118	 1.183237	-2.386251
 2.394519	 9.767731	-1.525488	-1.142109	 1.456108	-0.475725	 3.281288	-4.009025	-6.084084	 9.013377	 1.334875	-2.423551
 2.931756	 10.494285	-1.598336	-1.203225	 1.952204	-0.489386	 3.347269	-5.079909	-6.224785	 10.115996	 1.407721	-3.437279
 3.193436	 10.835120	-1.631417	-1.231255	 2.195356	-0.495210	 3.373432	-5.603049	-6.282405	 10.644868	 1.441183	-3.935241
 3.817366	 12.483186	-1.644629	-1.242751	 2.812055	-0.497121	 3.379715	-5.852366	-6.298535	 10.886956	 1.454964	-4.175356
 4.120448	 13.278956	-1.647919	-1.245991	 3.113546	-0.498076	 3.376084	-5.964822	-6.293970	 10.985742	 1.458918	-4.286582
 4.263143	 13.648692	-1.646262	-1.745112	 2.757462	-0.498553	 3.367524	-6.008895	-6.279109	 11.512966	 1.457969	-4.333400
 4.325678	 13.805523	-1.642144	-1.990184	 2.574617	-0.498792	 3.356526	-6.018826	-6.259150	 11.752498	 1.454580	-4.348048
 4.848169	 14.356014	-2.136809	-1.608250	 2.978411	-0.998912	 3.344336	-6.011734	-6.236692	 11.848280	 1.449983	-4.346647
 5.098674	 14.601446	-2.378878	-1.414830	 3.173544	-1.245973	 3.331577	-5.996178	-6.213035	 11.872282	 1.444794	-4.337256
 5.213227	 14.694469	-2.494671	-1.315677	 3.264373	-1.366518	 3.318559	-5.976439	-6.188827	 11.860491	 1.439321	-4.323904
 4.759849	 14.711405	-2.047347	-1.263668	 3.303077	-0.923816	 3.305440	-5.954656	-6.164394	 11.830898	 1.433716	-4.308608
 4.524546	 14.690416	-1.820485	-1.235240	 3.315746	-0.702465	 3.292295	-5.931899	-6.139898	 11.792499	 1.428057	-4.292373
 4.398317	 15.150583	-1.703866	-1.218612	 3.315423	-1.091790	 3.279165	-5.908702	-6.115419	 12.249791	 1.422383	-4.275703
 4.326658	 15.349445	-1.642382	-1.207894	 3.308631	-1.283490	 3.266067	-5.885333	-6.090998	 12.453023	 1.416713	-4.258850
 4.782318	 15.417779	-2.108479	-1.200141	 3.298632	-0.876390	 3.253013	-5.861924	-6.066654	 12.529327	 1.411056	-4.241939
 4.999673	 15.420974	-2.336378	-1.193880	 3.287055	-0.672839	 3.240005	-5.838543	-6.042397	 12.542267	 1.405416	-4.225034
 4.597916	 15.391723	-1.945199	-1.188374	 3.274716	-0.571064	 3.227048	-4.815222	-6.018233	 12.523627	 1.399797	-4.708165
 4.388645	 15.346373	-1.746501	-1.183255	 3.262021	-0.520177	 3.214141	-4.295978	-5.994162	 12.489297	 1.394199	-4.939348
 4.775651	 15.293096	-2.144057	-1.178339	 3.249175	-0.494733	 3.201285	-5.028802	-5.970187	 12.447222	 1.388623	-4.544599
 4.958828	 15.235978	-2.337751	-1.173535	 3.236280	-0.482011	 3.188480	-5.383691	-5.946307	 12.401374	 1.383069	-4.338924
 5.040133	 15.177061	-2.429536	-1.168795	 3.223385	-0.475650	 3.175726	-5.549658	-5.922522	 12.353739	 1.377536	-4.227820
 5.070543	 15.117366	-1.970385	-1.164097	 3.210517	-0.472470	 3.163023	-5.621211	-5.898832	 12.305310	 1.372026	-4.164035
 5.075546	 15.057403	-1.737788	-1.159429	 3.197687	-0.470879	 3.150371	-5.645601	-5.875237	 12.256581	 1.366538	-4.123942
 5.067886	 14.997427	-1.618479	-1.154786	 3.184903	-0.470084	 3.137770	-4.646457	-5.851736	 12.207801	 1.361072	-4.095728
 5.053936	 14.937564	-1.555826	-1.150164	 3.172167	-0.469687	 3.125219	-4.139590	-5.828329	 12.159093	 1.355628	-4.073485
 5.036880	 14.877877	-1.521513	-1.145562	 3.159479	-0.469488	 3.112718	-3.878891	-5.805015	 12.110518	 1.350205	-4.054262
 5.018313	 14.818397	-1.501382	-1.140979	 3.146842	-0.469389	 3.100267	-3.741305	-5.781795	 12.062107	 1.344805	-4.036580
 4.999030	 14.759140	-1.488354	-1.136414	 3.134255	-0.969339	 3.087866	-3.665305	-5.758668	 12.013874	 1.839425	-4.019701
 4.979429	 14.700111	-1.478889	-1.131869	 3.121718	-1.216375	 3.075514	-3.620126	-5.735634	 11.965826	 2.082068	-4.003256
 4.959709	 14.641314	-1.471218	-1.127341	 3.109232	-1.336967	 3.063212	-3.590386	-5.712691	 11.917967	 2.198739	-3.987060
 4.939969	 15.082751	-1.464456	-1.122832	 3.596795	-0.894348	 3.050960	-3.568396	-5.689840	 11.870297	 1.752444	-3.971020
 4.920258	 15.272421	-1.458159	-1.118340	 3.832408	-0.673038	 3.038756	-3.550307	-5.667081	 11.822816	 1.526685	-3.955090
 4.900602	 15.336332	-1.952107	-1.113867	 3.942078	-0.562383	 3.026601	-4.534199	-5.644413	 11.775526	 1.411203	-3.939247
 4.881012	 15.337487	-2.194189	-1.109411	 3.988810	-0.507056	 3.014494	-5.015108	-5.621835	 11.728424	 1.350871	-3.923479
 4.861494	 15.307387	-2.310357	-1.104974	 4.004105	-0.979392	 3.002436	-5.244571	-5.599348	 11.681510	 1.818123	-3.907779
 4.842051	 15.261783	-2.363588	-1.100554	 4.003713	-1.212657	 2.990427	-5.348354	-5.576950	 11.634784	 2.047179	-3.892145
 4.322685	 14.708548	-2.385370	-1.096152	 3.495511	-1.326397	 2.978465	-4.389342	-5.554642	 10.088245	 1.657154	-3.376575
 4.055395	 14.403620	-2.391447	-1.091767	 3.235435	-1.380387	 2.966551	-3.902975	-5.532424	 9.297892	 1.459608	-3.113068
 3.914173	 14.222959	-2.389690	-1.087400	 3.099446	-1.404513	 2.954685	-3.652958	-5.510294	 8.885701	 1.358310	-2.975616
 3.336017	 11.604543	-1.884036	-1.083050	 2.025525	-0.913719	 2.442866	-3.521144	-5.488253	 6.662658	 0.805148	-2.401213
 3.041423	 10.277364	-1.628452	-1.078718	 1.486661	-0.668322	 2.183095	-3.448458	-5.466300	 5.542257	 0.528566	-2.110358
 1.888632	 7.095873	-1.497914	-0.574403	 1.215334	-0.545623	 0.549362	-2.905363	-3.944435	 2.973213	-0.109724	-0.961291
 1.310765	 5.497299	-1.429911	-0.322246	 1.077782	-0.484274	-0.265335	-2.629092	-3.178657	 1.688691	-0.427374	-0.386758
 0.520366	 3.190215	-0.893185	-0.696167	 0.507126	-0.453600	-1.170524	-1.986250	-2.290942	 1.046430	-0.584708	-0.099492
 0.125166	 2.034906	-0.624822	-0.880988	 0.221798	-0.438262	-1.618967	-1.662143	-1.844279	 0.725300	-0.661892	 0.044142
-0.572433	-0.044507	 0.009359	-0.971266	-0.420867	 0.069406	-1.839053	-0.997413	-1.118151	-1.435266	-0.699005	 0.115958
-0.918693	-1.079966	 0.325163	-1.014282	-0.740072	 0.322087	-1.944978	-0.665048	-0.755088	-2.508357	-0.716090	 0.151867
-1.089293	-1.593464	 0.481783	-1.033676	-0.897555	 0.447277	-1.993839	-0.498865	-0.573556	-3.037739	-0.723165	 0.169821
-1.172074	-2.846000	 0.558816	-1.041267	-1.474187	 0.008728	-1.514184	-0.415774	-0.482790	-3.795296	-0.725243	 0.178798
-1.210954	-3.464070	 0.596061	-1.042964	-1.758402	-0.210547	-1.272288	-0.374229	-0.437407	-4.164969	-0.724827	 0.183286
-1.227894	-3.764941	 0.613416	-0.541724	-1.896424	-0.320185	-1.149278	-0.353456	 0.085284	-3.840736	-0.723170	 0.185531
-1.233875	-3.907245	 0.620833	-0.291103	-1.961366	-0.375003	-1.085721	-0.343069	 0.345414	-3.671587	-0.720899	 0.186653
-1.234386	-3.970298	 0.623285	-0.665793	-1.989784	 0.097587	-1.051899	-0.337876	 0.474268	-3.580007	-0.718326	 0.687214
-1.232171	-3.993758	 0.623259	-0.851057	-1.999957	 0.332742	-1.032951	-0.335280	 0.537488	-3.527240	-0.715608	 0.935119
-1.228604	-3.997453	 0.622000	-0.441617	-2.001023	 0.449184	-1.521449	-0.333981	 0.567897	-3.493908	-0.712823	 0.556705
-1.224370	-3.991299	 0.620128	-0.236896	-1.997552	 0.506273	-1.761678	-0.333332	 0.581905	-3.470321	-0.710011	 0.367499
-1.219813	-3.980251	 0.617956	-0.134536	-1.991828	 0.033692	-1.377789	-0.333007	 0.587717	-2.951634	-0.707190	 0.772895
-1.215104	-3.966789	 0.615639	-0.083356	-1.984994	-0.202599	-1.183857	-0.332845	 0.589436	-2.687424	-0.704371	 0.973237
-1.210329	-3.952151	 0.613253	-0.057766	-1.977621	-0.320745	-1.084911	-0.332764	 0.589113	-2.550473	-0.701558	 1.071061
-1.205530	-3.936957	 0.610839	-0.544971	-1.969994	 0.120182	-1.533466	 0.167277	 0.587774	-2.977171	-0.698755	 1.117635
-1.200729	-3.921517	 0.608415	-0.786509	-1.962255	 0.339524	-1.753779	 0.415962	 0.585932	-3.183711	-0.695961	 1.138593
-1.195937	-3.905984	 0.605991	-0.405222	-1.954477	 0.448077	-1.359988	 0.538976	 0.583843	-3.280201	-0.693177	 1.146754
-1.191159	-3.890437	 0.603572	-0.214579	-1.946695	 0.501240	-1.161160	 0.599158	 0.581635	-3.321693	-0.690405	 1.148524
-1.186397	-3.874914	 0.601160	-0.119257	-1.938926	 0.026713	-1.059821	 0.627931	 0.579372	-2.835713	-0.687644	 1.147108
-1.181652	-3.859434	 0.598756	-0.071596	-1.931179	-0.210551	-1.007235	 0.641004	 0.577086	-2.588023	-0.684893	 1.144109
-1.176926	-3.844005	 0.596362	-0.047765	-1.423458	 0.170817	-0.979032	 0.646232	 1.074793	-2.459497	-0.682154	 1.140327
-1.172219	-3.828634	 0.593977	-0.035850	-1.167767	 0.360397	-0.963029	 0.647544	 1.320502	-2.390573	-0.679425	 1.136163
-1.167530	-3.813322	 0.591601	-0.029893	-1.038097	 0.454087	-0.953134	 0.646902	 1.440224	-2.351467	-0.676707	 1.131818
-1.162860	-3.798070	 0.589235	-0.026914	-0.971445	 0.499836	-1.446300	 0.645288	 0.996965	-2.327289	-0.174000	 1.127390
-1.158209	-3.782878	 0.586878	-0.025424	-0.936309	 0.521620	-1.689003	 0.643194	 0.774228	-2.310594	 0.077353	 1.122930
-1.153576	-3.767747	 0.584530	-0.024680	-0.916939	 0.031425	-1.306492	 0.640865	 1.161757	-2.297659	-0.296970	 1.118463
-1.148962	-3.752676	 0.582192	-0.024307	-0.905459	-0.213673	-1.113388	 0.638423	 1.352423	-2.286622	-0.482789	 1.114001
-1.144366	-3.737666	 0.579863	-0.024121	-1.897931	 0.163779	-1.014996	 0.635930	 1.444669	-2.276552	-0.574362	 1.109552
-1.139788	-3.722715	 0.577544	-0.024028	-2.388386	 0.351422	-0.963967	 0.633417	 1.487719	-2.266984	-0.618816	 1.105116
-1.135229	-3.707824	 0.575234	-0.023982	-2.127856	 0.444165	-0.936626	 0.630898	 1.506182	-2.757686	-0.639717	 1.100698
-1.130688	-3.692993	 0.572933	-0.023958	-1.993857	 0.489463	-0.921137	 0.628382	 1.512364	-2.996539	-0.648846	 1.096296
-1.126166	-3.678221	 0.570641	-0.023947	-1.923137	 0.511043	-0.911581	 0.625873	 1.512419	-3.109496	-0.652094	 1.091911
-1.121661	-3.663508	 0.568359	-0.023941	-1.384072	 0.520767	-0.904999	 0.623371	 1.509421	-2.659529	-0.652408	 1.087543
-1.117174	-3.648854	 0.566085	-0.023938	-1.112850	 0.524568	-0.899912	 0.620879	 1.504909	-2.430126	-0.651259	 1.083193
-1.112706	-3.634259	 0.563821	-0.023936	-0.975556	 0.525412	-0.895578	 0.618396	 0.999652	-2.311024	-0.649385	 1.078860
-1.108255	-3.619722	 0.561566	-0.023936	-0.905232	 0.524782	-0.891629	 0.615922	 0.747024	-2.247088	-0.647152	 1.074545
-1.103822	-3.605243	 0.559319	-0.023935	-0.868400	 0.023418	-0.887879	 0.613459	 1.120710	-2.210754	-0.644746	 1.070247
-1.099406	-3.590822	 0.557082	-0.023935	-0.848321	-0.227264	-0.884236	 0.611005	 1.304564	-2.188239	-0.642259	 1.065966
-1.095009	-3.576458	 0.554854	-0.023935	-0.836625	 0.147395	-0.880653	 0.608561	 0.893514	-2.172649	-0.139735	 1.061702
-1.090629	-3.562153	 0.552634	-0.023935	-0.829127	 0.333681	-0.877107	 0.606127	 0.687989	-2.160540	 0.111526	 1.057455
-1.086266	-3.547904	 0.550424	-0.023935	-0.823735	 0.425784	-0.873587	 0.603702	 0.585227	-2.150189	 0.237157	 1.053225
-1.081921	-3.533712	 0.548222	-0.023935	-0.819402	 0.470799	-0.870087	 0.601287	 1.033845	-3.140734	-0.200027	 1.049013
-1.077594	-3.519578	 0.546029	-0.023935	-0.815606	 0.492275	-0.866604	 0.598882	 1.255190	-3.627744	-0.417345	 1.044816
-1.073283	-3.505499	 0.543845	-0.023935	-0.812084	 0.501986	-0.863136	 0.596487	 0.862909	-2.863019	-0.524735	 1.040637
-1.068990	-3.491477	 0.541670	-0.023935	-0.808706	 0.505818	-0.859683	 0.594101	 0.666769	-2.476460	-0.577165	 1.036475
-1.064714	-3.477511	 0.539503	-0.023935	-0.805406	 0.506715	-0.856244	 0.591724	 1.068698	-2.279001	-0.602122	 1.032329
-1.060455	-3.463601	 0.537345	-0.023935	-0.802152	 0.506148	-0.852819	 0.589357	 1.266722	-2.176108	-0.613345	 1.028199
-1.056213	-3.449747	 0.535196	-0.023935	-0.798927	 0.004853	-0.849407	 0.587000	 1.362804	-2.120515	-0.617708	 1.024087
-1.051989	-3.435948	 0.533055	-0.023935	-0.795724	-0.245794	-0.846010	 0.584652	 1.407928	-2.088589	-0.618645	 1.019990
-1.047781	-3.422204	 0.530923	-0.023935	-0.792537	-0.371118	-0.842626	 0.582313	 1.427583	-2.068513	-0.617875	 1.015910
-1.043589	-3.408515	 0.528799	 0.476065	-0.789364	 0.066220	-0.839255	 0.579984	 1.434517	-3.054378	-0.616255	 1.011847
-1.039415	-3.394881	 0.526684	 0.724113	-0.786206	 0.283882	-0.835898	 0.577664	 1.435100	-3.539230	-0.614216	 1.007799
-1.035257	-3.381302	 0.524577	 0.346192	-0.783061	 0.391710	-0.832554	 0.575354	 1.432521	-2.773607	-0.611973	 1.003768
-1.031116	-3.367776	 0.522479	 0.157232	-0.779928	 0.445624	-0.829224	 0.573052	 1.428371	-2.386780	-0.609631	 0.999753
-1.026992	-3.354305	 0.520389	 0.062752	-0.776808	-0.027419	-0.825907	 0.570760	 1.423448	-2.189367	-0.607246	 0.995754
-1.022884	-3.340888	 0.518307	 0.015512	-0.773701	-0.262940	-0.822604	 0.568477	 1.418149	-2.086676	-0.604844	 0.991771
-1.018792	-3.327525	 0.516234	-0.008108	-1.270606	 0.119300	-0.819313	 0.066203	 0.912674	-2.031363	-0.102437	 0.987804
-1.014717	-3.314214	 0.514169	-0.019918	-1.515524	 0.309417	-0.816036	-0.184934	 0.659937	-1.999754	 0.148766	 0.983853
-1.010658	-3.300958	 0.512112	-0.025823	-1.634462	 0.404475	-0.812772	-0.310502	 0.533568	-1.980014	 0.274367	 0.979917
-1.006616	-3.287754	 0.510064	-0.528775	-1.190424	 0.452004	-0.809521	 0.126713	 0.970384	-1.966223	-0.162832	 0.975998
-1.002589	-3.274603	 0.508024	-0.778188	-0.966912	 0.475769	-0.806283	 0.344193	 1.185977	-1.955422	-0.380232	 0.972094
-0.998579	-3.261504	 0.505992	-0.400839	-0.853669	 0.487651	-0.803058	 0.451810	 1.290971	-1.946133	-0.487736	 0.968205
-0.994585	-3.248458	 0.503968	-0.212165	-0.795567	 0.493593	-0.799845	 0.504499	 1.340675	-1.937615	-0.540298	 0.964332
-0.990606	-3.235465	 0.501952	-0.117828	-0.765041	 0.496563	-0.796646	 1.029730	 1.362747	-2.429497	-0.565393	 0.960475
-0.986644	-3.222523	 0.500944	-0.070659	-0.748309	 0.498048	-0.793459	 1.289235	 1.371013	-2.669596	-0.576760	 0.956633
-0.982697	-3.209633	 0.500440	-0.047075	-0.738480	-0.001209	-0.790286	 0.915890	 1.372388	-2.283826	-0.581267	 0.952807
-0.978767	-3.196794	 0.500188	-0.035283	-0.732108	-0.249837	-0.787124	 0.728133	 1.370328	-2.087145	-0.582349	 0.948995
-0.974851	-3.184007	 0.500062	-0.029387	-0.727471	-0.374151	-0.783976	 0.633173	 1.366561	-1.985023	-0.581723	 0.945199
-0.970952	-3.171271	 0.499999	-0.026439	-0.723706	 0.063692	-0.780840	 0.584617	 1.361952	-1.930197	-0.580248	 0.941419
-0.967068	-3.158586	 0.499967	-0.024965	-0.720384	 0.281611	-0.777717	 0.559267	 1.356933	-1.899032	-0.578353	 0.937653
-0.963200	-3.145951	 0.499952	-0.024228	-0.717289	 0.390570	-0.774606	 0.545524	 1.351719	-1.879715	-0.576252	 0.933902
-0.959347	-3.133368	 0.499944	-0.023859	-0.714313	 0.445050	-0.771507	 0.537589	 1.346420	-1.866335	-0.574054	 0.930167
-0.955510	-3.120834	 0.499940	-0.023675	-1.211402	 0.472290	-0.768421	 0.532562	 1.341088	-1.855939	-0.571811	 0.926446
-0.951688	-3.108351	 0.499938	-0.023583	-1.456530	 0.485909	-0.765348	 0.528994	 1.335750	-1.847050	-0.569550	 0.922740
-0.947881	-3.095917	 0.499937	-0.023537	-1.075691	 0.492719	-0.762286	 0.526158	 1.330421	-1.838930	-0.567285	 0.919049
-0.944089	-3.083534	 0.499936	-0.023514	-0.883881	 0.496124	-0.759237	 0.523694	 1.325106	-1.831208	-0.565023	 0.915373
-0.940313	-3.071200	 0.499936	-0.023502	-0.786592	 0.497827	-0.756200	 0.521420	 1.319808	-1.823700	-0.562766	 0.911712
-0.936552	-3.058915	-1.000064	-0.523496	-0.736569	 0.498678	-0.753175	 0.519244	 1.314531	-1.816313	-0.560517	 0.908065
-0.932806	-3.046679	-1.745064	-0.771447	-0.710185	 0.499104	-0.750163	 0.517122	 1.309274	-1.809002	-0.558275	 0.904433
-0.929074	-2.534492	-0.612584	-0.393383	-0.695625	 0.499317	-0.747162	 0.515031	 1.304037	-1.801743	-0.556043	 0.900815
-0.925358	-2.274354	-0.047384	-0.204351	-0.686983	 0.499423	-0.744173	 0.512960	 1.298821	-1.794525	-0.553819	 0.897212
-0.921657	-2.140257	 0.234181	-0.109835	-1.681305	 0.499476	-0.741197	 0.510902	 1.293626	-1.787341	-0.551604	 0.893623
-0.917970	-2.069196	 0.373932	-0.062577	-2.173115	 0.499503	-0.738232	 0.508856	 1.288451	-1.780189	-0.549397	 0.890048
-0.914298	-2.529669	 0.442780	-0.038948	-1.413690	 0.499516	-0.735279	 0.506819	 1.283298	-1.773067	-0.547200	 0.886488
-0.910641	-2.753926	 0.476180	-0.027134	-1.032669	 0.499523	-0.732338	 0.504791	 1.278164	-1.765974	-0.545011	 0.882942
-0.906998	-2.860097	 0.491862	-0.021226	-0.840855	 0.499526	-0.729409	 0.502772	 1.273052	-1.758909	-0.542831	 0.879410
-0.903370	-2.407251	 0.498687	-0.018273	-0.743650	 0.499528	-0.726491	 0.500760	 1.267960	-1.751874	-0.540659	 0.875893
-0.899757	-2.176919	 0.501089	-0.016796	-0.693755	 0.499529	-0.723585	 0.499755	 1.262888	-1.744866	-0.538497	 0.872389
-0.896158	-2.057859	 0.501283	-0.016057	-0.667519	 0.499529	-0.720691	 0.999252	 1.257836	-1.737886	-0.536343	 0.868900
-0.892573	-1.994452	 0.500377	-0.015688	-0.653119	 0.499529	-0.717808	 1.246003	 1.252805	-1.730935	-0.534197	 0.865424
-0.889003	-2.458886	 0.499924	-0.015504	-0.644642	-0.000471	-0.714937	 0.866393	 1.247794	-1.724011	-0.532061	 0.861962
-0.885447	-2.685257	 0.499697	-0.015411	-0.639131	-0.249470	-0.712077	 0.676588	 1.242802	-1.717115	-0.529932	 0.858514
-0.881905	-2.292619	 0.499584	-0.015365	-0.635108	-0.373969	-0.709229	 0.581686	 0.737831	-1.710247	-0.527813	 0.855080
-0.878378	-2.092500	 0.499527	-0.015342	-0.631834	-0.436219	-0.706392	 0.534234	 0.485346	-1.703406	-0.525701	 0.851660
-0.874864	-2.488656	 0.499499	-0.015331	-0.628940	 0.032656	-0.703566	 0.510509	 0.859103	-1.696592	-0.023599	 0.848253
-0.871365	-2.680964	 0.499485	-0.015325	-0.626241	 0.266091	-0.700752	 0.498646	 1.043516	-1.689806	 0.227453	 0.844860
-0.867879	-2.771372	 0.499478	-0.015322	-0.623645	 0.382808	-0.697949	 0.492715	 1.133266	-1.683046	 0.352978	 0.841481
-0.864408	-2.310852	 0.999474	-0.015321	-0.621104	 0.441167	-0.195157	 0.489749	 0.675696	-1.676314	-0.084259	 0.838115
-0.860950	-2.076891	 1.246474	-0.015320	-0.618597	 0.470346	 0.056239	 0.488266	 0.446910	-1.669609	-0.301834	 0.834763
-0.857506	-1.956225	 0.866986	-0.015319	-0.616111	 0.484935	-0.318063	 0.987525	 0.832517	-2.162931	-0.409583	 0.831424
-0.854076	-1.892221	 0.677243	-0.015319	-0.613641	 0.492230	-0.503829	 1.234180	 1.022885	-2.404279	-0.462423	 0.828098
-0.850660	-1.856562	 0.582371	-0.015319	-0.611183	 0.495878	-0.595333	 0.854546	 1.115642	-2.019662	-0.487812	 0.824785
-0.847257	-1.835091	 0.534935	-0.015319	-0.608737	 0.497701	-0.639712	 0.664730	 1.159604	-1.824083	-0.499481	 0.821486
-0.843868	-1.820729	 0.511217	-0.015319	-0.606302	 0.498613	-0.660533	 0.569821	 1.179178	-1.723037	-0.504293	 0.818200
-0.840493	-1.809934	 0.499358	-0.015319	-0.603876	 0.499069	-0.669580	 0.522367	 1.186567	-1.669270	-0.505680	 0.814928
-0.837131	-1.800939	 0.493429	-0.015319	-0.601460	 0.499297	-0.672747	 0.498640	 1.187874	-1.639155	-0.505360	 0.811668
-0.833782	-2.292858	 0.490464	-0.015319	-0.599054	 0.499411	-0.672979	 0.986776	 0.686149	-1.620880	-0.504190	 0.808421
-0.830447	-2.533247	 0.488981	-0.015319	-0.596658	 0.499468	-0.671748	 1.227895	 0.435286	-1.608537	-0.502599	 0.805187
-0.827125	-2.647895	 0.488240	-0.015319	-0.594271	 0.499497	-0.169792	 1.345516	 0.809855	-1.599173	-0.500801	 0.801967
-0.823817	-2.699693	 0.487870	-0.015319	-0.591894	 0.499511	 0.081187	 1.401400	 0.994771	-1.591311	-0.499902	 0.798759
-0.820522	-2.220090	 0.487684	-0.015319	-0.589527	-0.000482	-0.293324	 1.426428	 1.084869	-1.584214	-0.499453	 0.795564
-0.817239	-1.976807	 0.487592	-0.015319	-0.587169	-0.249477	-0.479244	 1.436039	 1.127568	-1.577511	-0.499228	 0.792382
-0.813971	-2.351699	 0.487545	-0.015319	-0.584820	 0.126025	-0.570874	 1.437953	 1.146577	-2.071017	-0.499116	 0.789212
-0.810715	-2.533691	 0.487522	-0.015319	-0.582481	 0.312773	-0.615363	 1.436030	 1.153751	-2.312642	-0.499060	 0.786055
-0.807472	-2.619256	 0.487511	-0.015319	-0.580151	 0.406147	-0.636289	 1.432200	 1.155016	-2.428346	-0.499032	 0.782911
-0.804242	-2.156629	 0.487505	-0.015319	-0.577830	 0.452834	-0.645437	 0.927429	 1.153335	-1.981109	-0.499018	 0.779779
-0.801025	-1.921927	 0.487502	-0.015319	-0.575519	 0.476177	-0.648702	 0.675043	 1.150192	-1.754423	-0.499010	 0.776660
-0.797821	-1.801202	 0.487500	-0.015319	-0.573217	-0.012151	-0.649030	 0.548850	 1.146326	-1.638025	-0.499007	 0.773554
-0.794630	-1.737479	 0.487500	-0.015319	-0.570924	-0.255314	-0.647896	 0.485754	 1.142108	-1.576782	-0.499005	 0.770459
-0.791451	-1.702269	 0.487499	-0.015319	-0.568640	 0.123104	-0.646035	 0.454206	 1.137724	-1.543130	-0.499004	 0.767378
-0.788285	-1.681330	 0.487499	-0.015319	-0.566366	 0.311311	-0.643816	 0.438432	 1.133265	-1.523285	-0.499004	 0.764308
-0.785132	-1.667540	 0.487499	-0.015319	-0.564100	 0.405414	-0.141424	 0.930545	 1.128778	-1.510356	-0.499004	 0.761251
-0.781992	-1.657338	 0.487499	-0.015319	-0.561844	 0.452465	 0.109773	 1.173756	 1.124286	-1.500896	-0.499004	 0.758206
-0.778864	-1.648942	 0.487499	-0.015319	-0.559596	 0.475991	 0.235371	 1.292527	 1.119800	-1.493183	-0.499004	 0.755173
-0.775748	-1.641463	 0.487499	-0.015319	-0.557358	 0.487754	 0.298170	 0.849091	 1.115326	-1.486356	-0.499004	 0.752152
-0.772645	-1.634456	 0.487499	-0.015319	-0.555129	 0.493635	 0.329569	 0.627372	 1.110868	-1.479983	-0.499003	 0.749144
-0.769555	-1.627697	 0.487499	 0.484681	-0.552908	 0.496576	 0.345269	 1.016513	 1.106426	-1.473850	-0.499003	 0.746147
-0.766476	-1.621076	 0.487499	 0.732712	-0.550696	 0.498046	 0.353119	 1.208272	 1.102001	-1.467848	-0.499003	 0.743162
-0.763410	-1.614537	 0.487499	 0.354765	-0.548494	 0.498782	-0.142956	 0.801352	 1.097593	-1.461923	-0.499003	 0.740190
-0.760357	-1.608051	 0.487499	 0.165792	-0.546300	 0.499149	-0.389716	 0.597891	 1.093203	-1.456048	-0.499003	 0.737229
-0.757315	-1.601605	 0.487499	 0.071306	-0.544115	 0.499333	-0.511822	 0.996161	 1.088830	-1.450211	-0.499003	 0.734280
-0.754286	-1.595192	 0.487499	 0.024063	-0.541938	 0.499425	-0.571608	 1.192507	 1.084475	-1.444403	-0.499003	 0.731343
-0.751269	-1.588807	 0.487499	 0.000441	-0.539770	 0.499471	-0.600238	 1.287903	 1.080137	-1.438622	-0.499003	 0.728418
-0.748264	-1.582450	 0.487499	-0.011370	-0.537611	 0.499494	-0.113295	 1.332834	 1.075817	-1.432866	-0.499003	 0.725504
-0.745271	-1.576120	 0.487499	-0.017275	-0.535461	 0.499505	 0.130176	 1.352544	 1.071513	-1.427134	-0.499003	 0.722602
-0.742290	-1.569815	 0.487499	-0.020228	-0.533319	 0.499511	 0.251912	 0.859654	 1.067227	-1.421425	-0.499003	 0.719712
-0.739321	-1.563535	 0.487499	-0.021704	-0.531186	 0.499514	 0.312780	 0.613209	 1.062958	-1.415739	-0.499003	 0.716833
-0.736363	-1.557281	 0.487499	-0.022443	-0.529061	 0.499515	-0.156786	 0.489987	 1.058707	-1.410076	-0.499003	 0.713965
-0.733418	-1.551052	 0.487499	-0.022812	-0.526945	 0.499516	-0.390317	 0.428376	 1.054472	-1.404436	-0.499003	 0.711110
-0.730484	-1.544848	 0.487499	-0.022996	-0.524837	 0.499516	-0.005834	 0.397570	 1.050254	-1.398818	-0.499003	 0.708265
-0.727562	-1.538668	 0.487499	-0.023088	-0.522738	 0.499517	 0.186407	 0.382167	 1.046053	-1.393223	-0.499003	 0.705432
-0.724652	-1.532514	 0.487499	-0.023135	-0.520647	 0.499517	 0.282528	 0.374466	 1.041869	-1.387650	-0.499003	 0.702610
-0.721753	-1.526383	 0.487499	-0.023158	-0.018564	 0.499517	 0.330588	 0.370615	 1.037701	-1.382099	-0.499003	 0.699800
-0.718866	-1.520278	 0.487499	-0.023169	 0.232477	 0.499517	 0.354618	 0.368690	 1.033550	-1.376571	-0.499003	 0.697001
-0.715991	-1.514197	 0.487499	 0.476825	-0.142002	 0.499517	 0.366633	 0.367727	 1.029416	-1.371064	-0.499003	 0.694213
-0.713127	-1.508140	 0.487499	 0.724868	-0.328209	 0.499517	 0.372641	 0.367246	 1.025299	-1.365580	-0.499003	 0.691436
-0.710274	-1.502107	 0.487499	 0.346944	-0.420283	 0.499517	-0.124355	 0.367005	 1.021197	-1.360118	-0.499003	 0.688670
-0.707433	-1.496099	 0.487499	 0.157982	-0.465296	 0.499517	-0.371611	 0.366885	 1.017113	-1.354677	-0.499003	 0.685915
-0.704604	-1.490115	 0.487499	 0.063501	-0.486782	 0.499517	 0.005999	 0.866825	 1.013044	-1.349259	-0.499003	 0.683172
-0.701785	-1.484154	 0.487499	 0.016261	-0.496508	 0.499517	 0.194804	 1.114061	 1.008992	-1.343862	-0.499003	 0.680439
-0.698978	-1.478218	 0.487499	-0.007359	-0.500358	 0.499517	 0.289207	 1.234957	 1.004956	-1.338486	-0.499003	 0.677717
-0.696182	-1.472305	 0.487499	-0.019170	-0.501275	 0.499517	-0.163592	 1.292693	 1.000936	-1.333132	-0.499003	 0.675006
-0.693397	-1.466415	 0.487499	-0.025075	-0.500729	 0.499517	-0.388758	 1.318860	 0.996932	-1.327800	-0.499003	 0.672306
-0.690624	-1.460550	 0.487499	 0.471973	-0.499456	 0.499517	-0.500114	 1.329254	 0.992945	-1.322489	-0.499003	 0.669617
-0.687861	-1.454708	 0.487499	 0.718559	-0.498820	 0.499517	-0.554569	 1.331771	 0.988973	-1.317199	-0.499003	 0.666939
-0.685110	-1.448889	 0.487499	 0.339921	-0.498501	 0.499517	-0.580578	 0.830361	 0.985017	-1.311930	-0.499003	 0.664271
-0.682369	-1.443093	 0.487499	 0.150602	-0.498342	 0.499517	-0.592370	 0.579656	 0.981077	-1.306682	-0.499003	 0.661614
-0.679640	-1.437321	 0.487499	 0.555943	-0.498262	 0.499517	-0.097057	 0.954304	 0.977153	-1.301455	-0.499003	 0.658967
-0.676921	-1.431572	 0.487499	 0.756691	-0.498223	 0.499517	 0.150599	 1.138970	 0.973244	-1.296250	-0.499003	 0.656332
-0.674214	-1.425845	 0.487499	 0.855150	-0.498203	 0.499517	 0.274427	 1.228655	 0.969351	-1.291065	-0.499003	 0.653706
-1.171517	-1.420142	 0.487499	 0.402472	-0.498193	 0.499517	 0.336342	 1.270862	 0.965474	-1.285900	-0.499003	 0.651091
-1.416831	-1.414461	 0.487499	 0.176133	-0.498188	 0.499517	 0.367299	 1.289338	 0.961612	-1.280757	-0.499003	 0.648487
-1.036163	-1.408804	 0.487499	 0.562964	-0.498185	 0.499517	 0.382777	 1.295961	 0.957765	-1.275634	-0.499003	 0.645893
-0.844519	-1.403168	 0.487499	 0.754479	-0.498184	 0.499517	 0.390516	 1.296668	 0.953934	-1.270531	-0.499003	 0.643309
-0.747391	-1.397556	 0.487499	 0.348345	-0.498183	 0.499517	-0.105614	 0.794426	 0.950118	-1.265449	-0.499003	 0.640736
-0.697526	-1.391965	 0.487499	 0.145278	-0.498183	 0.499517	-0.352476	 0.543305	 0.946318	-1.260387	-0.499003	 0.638173
-0.671299	-1.386398	 0.487499	 0.543745	-0.498183	 0.499517	-0.474708	 0.417745	 0.942533	-1.255346	-0.499003	 0.635621
-0.656895	-1.380852	 0.487499	 0.741094	-0.498183	 0.499517	-0.534630	 0.354965	 0.938763	-1.250324	-0.499003	 0.633078
-0.648408	-1.375329	 0.487499	 0.837891	-0.498183	 0.499517	-0.563402	 0.323574	 0.935008	-1.245323	-0.499003	 0.630546
-0.642884	-1.369827	 0.487499	 0.384420	-0.498183	 0.499517	-0.076604	 0.807879	 0.931268	-1.240342	-0.499003	 0.628024
-0.638848	-1.364348	 0.487499	 0.157685	-0.498183	 0.499517	 0.166795	 1.047447	 0.927542	-1.235380	-0.499003	 0.625512
-0.635560	-1.358891	 0.487499	 0.544317	-0.498183	 0.499517	 0.288495	 1.164657	 0.923832	-1.730439	-0.499003	 0.623009
-0.632652	-1.353455	 0.487499	 0.735772	-0.498183	 0.499517	 0.349345	 1.220699	 0.920137	-1.973517	-0.499003	 0.620517
-0.629938	-1.348041	 0.487499	 0.329644	-0.498183	 0.499517	 0.379770	 1.246166	 0.916456	-1.590623	-0.499003	 0.618035
-0.627327	-1.342649	 0.487499	 0.126581	-0.498183	 0.499517	 0.394982	 1.256356	 0.912791	-1.396760	-0.499003	 0.615563
-0.624772	-1.337278	 0.487499	 0.025049	-0.498183	-0.000483	 0.402588	 1.258918	 0.909139	-1.297423	-0.499003	 0.613101
-0.622250	-1.331929	 0.487499	-0.025717	-0.498183	-0.249482	 0.406391	 1.257676	 0.905503	-1.245359	-0.499003	 0.610649
-0.619749	-1.326602	 0.487499	-0.051100	-0.498183	-0.373982	 0.408293	 0.754543	 0.901881	-1.216940	-0.499003	 0.608206
-0.617264	-1.321295	 0.487499	-0.063791	-0.498183	-0.436232	 0.409244	 0.502976	 0.898273	-1.200353	-0.499003	 0.605773
-0.614793	-1.316010	 0.487499	-0.070137	-0.498183	-0.467356	 0.409719	 0.377192	 0.894680	-1.189693	-0.499003	 0.603350
-0.612332	-1.310746	 0.487499	-0.073310	-0.498183	 0.017081	 0.409957	 0.814300	 0.891102	-1.182004	-0.499003	 0.600937
-0.609882	-1.305503	 0.487499	-0.074896	-0.498183	 0.258297	 0.410076	 1.030352	 0.887537	-1.175811	-0.499003	 0.598533
-0.607442	-1.300281	 0.487499	 0.424310	-0.498183	 0.378905	 0.410135	 0.635885	 0.883987	-1.170376	-0.499003	 0.596139
-0.605012	-1.295080	 0.487499	 0.672067	-0.498183	 0.439209	 0.410165	 0.438651	 0.880451	-1.165328	-0.499003	 0.593754
-0.602592	-1.289899	 0.487499	 0.294105	-0.498183	 0.469361	 0.410180	 0.840034	 0.876929	-1.160483	-0.499003	 0.591379
-0.600182	-1.284740	 0.487499	 0.105124	-0.498183	 0.484437	 0.410187	 1.038243	 0.873421	-1.155750	-0.499003	 0.589014
-0.597781	-1.279601	 0.487499	 0.010634	 0.001817	 0.491975	 0.410191	 0.634875	 0.869928	-1.151081	-0.499003	 0.586658
-0.595390	-1.274483	 0.487499	-0.036611	 0.250814	 0.495744	 0.410193	 0.433190	 0.866448	-1.146454	-0.499003	 0.584311
-0.593008	-1.269385	 0.487499	-0.060234	 0.375312	 0.497628	 0.410194	 0.332348	 0.862982	-1.141857	-0.499003	 0.581974
-0.590636	-1.264307	 0.487499	 0.427955	-0.062439	 0.498570	 0.410194	 0.281927	 0.859530	-1.137284	-0.499003	 0.579646
-0.588273	-1.259250	 0.487499	 0.670217	-0.280314	 0.499041	 0.410194	 0.256717	 0.856092	-1.132732	-0.499003	 0.577327
-0.585920	-1.254213	 0.487499	 0.289523	-0.389252	 0.499277	 0.410194	 0.744111	 0.852668	-1.128199	-0.499003	 0.575018
-0.583577	-1.249196	 0.487499	 0.099176	-0.443721	 0.499395	 0.410195	 0.985346	 0.849257	-1.123686	-0.499003	 0.572718
-0.581242	-1.244199	 0.487499	 0.504003	-0.470955	 0.499454	 0.410195	 1.103510	 0.845860	-1.119191	-0.499003	 0.570427
-0.578917	-1.239222	 0.487499	 0.704598	-0.484572	 0.499483	 0.410195	 1.160148	 0.842477	-1.114714	-0.499003	 0.568145
-0.576602	-1.234266	 0.487499	 0.303086	 0.008619	 0.499498	-0.089805	 1.186034	 0.839107	-1.110255	-0.499003	 0.565873
-0.574295	-1.229328	 0.487499	 0.102329	 0.254211	 0.499505	-0.338626	 1.196553	 0.835750	-1.105814	-0.499003	 0.563609
-0.571998	-1.224411	 0.487499	 0.001951	 0.377007	 0.499509	-0.461861	 1.199398	 0.832407	-1.101390	-0.499003	 0.561355
-0.569710	-1.219513	 0.487499	-0.048238	-0.061595	 0.499511	-0.522309	 1.198417	 0.829078	-1.096985	-0.499003	 0.559109
-0.567431	-1.214635	 0.487499	-0.073332	-0.279895	 0.499512	-0.551367	 1.195531	 0.825761	-1.092597	-0.499003	 0.556873
-0.565162	-1.209777	 0.487499	-0.085880	-0.389046	 0.499512	-0.064735	 0.691703	 0.822458	-1.088226	 0.000997	 0.554645
-0.562901	-1.204938	 0.487499	-0.092153	-0.443621	 0.499512	 0.178581	 0.439789	 0.819169	-1.083874	 0.249995	 0.552427
-0.560649	-1.200118	 0.487499	-0.095290	-0.470908	 0.499513	 0.300239	 0.813832	 0.815892	-1.079538	-0.125506	 0.550217
-0.558407	-1.195318	 0.487499	-0.096858	-0.484552	 0.499513	 0.361068	 0.998477	 0.812628	-1.075220	-0.312255	 0.548016
-0.556173	-1.190536	 0.487499	 0.402357	 0.008626	 0.499513	 0.391482	 1.088434	 0.809378	-1.070919	-0.405629	 0.545824
-0.553948	-1.185774	 0.487499	 0.650162	 0.254212	 0.499513	 0.406689	 1.131055	 0.806140	-1.066635	-0.452316	 0.543641
-0.551733	-1.181031	 0.487499	 0.772269	 0.377004	 0.499513	 0.414293	 1.150019	 0.802916	-1.062369	-0.475660	 0.541466
-0.549526	-1.176307	 0.487499	 0.331533	 0.438401	 0.499513	-0.081905	 1.157163	 0.799704	-1.058119	-0.487332	 0.539301
-0.547328	-1.171602	 0.487499	 0.111165	 0.469099	 0.499513	-0.328848	 1.158406	 0.796505	-1.053887	-0.493168	 0.537143
-0.545138	-1.166915	 0.987499	 0.500981	-0.015552	 0.499513	 0.048832	 1.156708	 0.293319	-1.049671	-0.496085	 0.534995
-0.542958	-1.162248	 1.234524	 0.694108	-0.256877	 0.499513	 0.237672	 1.153549	 0.041726	-1.045473	-0.497544	 0.532855
-0.540786	-1.157599	 0.855073	 0.788897	 0.122460	 0.499513	 0.332092	 0.649669	 0.415930	-1.041291	 0.001726	 0.530723
-0.538623	-1.152968	 0.665348	 0.834524	 0.311125	 0.499513	 0.379302	 0.397729	 0.601451	-1.037126	 0.250359	 0.528600
-0.536468	-1.148356	 0.570486	 0.355577	 0.405458	 0.499513	 0.402907	 0.771759	 0.692638	-1.032977	-0.125324	 0.526486
-0.534322	-1.143763	 0.523054	 0.116103	 0.452624	 0.499513	 0.414710	 0.956482	 0.736664	-1.028845	-0.312164	 0.524380
-0.532185	-1.139188	 0.499339	 0.496367	-0.023793	 0.499513	 0.420611	 1.046562	 0.757115	-1.024730	-0.405584	 0.522283
-0.530056	-1.134631	 0.487481	 0.684745	-0.261001	 0.499513	 0.423562	 1.089328	 0.765786	-1.020631	-0.452293	 0.520193
-0.527936	-1.130093	 0.481552	 0.777188	-0.379605	 0.499513	 0.425037	 1.108447	 0.768572	-1.016548	-0.475648	 0.518113
-0.525824	-1.125572	 0.478587	 0.321670	 0.061093	 0.499513	 0.425775	 1.115751	 0.768423	-1.012482	-0.487326	 0.516040
-0.523721	-1.121070	 0.477105	 0.093911	 0.280439	 0.499513	 0.426143	 1.117157	 0.766811	-1.008432	-0.493165	 0.513976
-0.521626	-1.116586	 0.476364	 0.480032	-0.109888	 0.499513	 0.426328	 0.615623	 0.764475	-0.504398	-0.496084	 0.511920
-0.519540	-1.112119	 0.475993	 0.671360	-0.304052	 0.499513	 0.426420	 0.364856	 0.761783	-0.252382	-0.497544	 0.509872
-0.517462	-1.107671	 0.475808	 0.265299	 0.098867	 0.499513	 0.426466	 0.739473	 0.758919	-0.626373	-0.498274	 0.507833
-0.515392	-1.103240	 0.475715	 0.062268	 0.299322	 0.499513	 0.426489	 0.924553	 0.755974	-0.811368	-0.498638	 0.505802
-0.513330	-1.098827	 0.475669	-0.039248	 0.399550	 0.499513	 0.426501	 1.014874	 0.752996	-0.901873	-0.498821	 0.503778
-0.511277	-1.094432	 0.475646	-0.090005	 0.449664	 0.499513	 0.426507	 1.057824	 0.750007	-0.945141	-0.498912	 0.501763
-0.509232	-1.090054	 0.475634	-0.115384	 0.474721	 0.499513	 0.426509	 1.077097	 0.747019	-0.964798	-0.498958	 0.500756
-0.507195	-1.085694	 0.475629	-0.128073	 0.487250	 0.499513	 0.426511	 1.084541	 0.744036	-0.972657	-0.498981	 0.500252
-0.505166	-1.081351	 0.475626	-0.134418	 0.493514	 0.499513	 0.426512	 1.086079	 0.741063	-0.974626	-0.498992	 0.500000
-0.503145	-1.077026	 0.975624	 0.362409	-0.003354	-0.000487	-0.073488	 1.084673	 0.738100	-0.973657	-0.498998	 0.499874
-0.501133	-1.072718	 1.222672	 0.609105	-0.250788	-0.249486	-0.322341	 1.081803	 0.735148	-0.971227	-0.499001	 0.499811
-0.500126	-1.068427	 0.843257	 0.230741	-0.374504	 0.126014	 0.054375	 1.078210	 0.732208	-0.968075	-0.499002	 0.499780
-0.499623	-1.064153	 0.653549	 0.041559	-0.436363	 0.312761	 0.242733	 1.074265	 0.729279	-0.964569	-0.499003	 0.499764
-0.499372	-1.059896	 0.558695	-0.053032	 0.032708	 0.406135	 0.336912	 1.070151	 0.726362	-0.960894	-0.499003	 0.499756
-0.499246	-1.055657	 0.511268	-0.100328	 0.266240	 0.452822	 0.384002	 1.065963	 0.723457	-0.957142	-0.499003	 0.499752
-0.499183	-1.051434	 0.487555	-0.123975	 0.383006	 0.476165	 0.407546	 1.061745	 0.720563	-0.953359	-0.499003	 0.499750
-0.499152	-1.047229	 0.975698	-0.135799	 0.441389	 0.487837	 0.419319	 0.557521	 0.717681	-0.949568	-0.499003	 0.499749
-0.499136	-1.043040	 1.216842	-0.141711	 0.470580	 0.493673	 0.425205	 0.305409	 0.714810	-0.945781	-0.499003	 0.499749
-0.499128	-1.038867	 1.334498	-0.144667	-0.514824	 0.496591	 0.428148	 0.679353	 0.711951	-0.942004	-0.499003	 0.499748
-0.499124	-1.034712	 1.390422	-0.146145	-1.004526	 0.498050	 0.429619	 0.864218	 0.709103	-0.938239	-0.499003	 0.499748
-0.499122	-1.030573	 0.915491	 0.353116	-0.746388	 0.498779	 0.430355	 0.954553	 0.706267	-0.934487	-0.499003	 0.499748
-0.499121	-1.026451	 0.678026	 0.601042	-0.617319	 0.499144	 0.430723	 0.997630	 0.703442	-0.930750	-0.499003	 0.499748
-0.499121	-1.022345	 0.559293	 0.723307	-0.052785	 0.499326	 0.430907	 1.017087	 0.700628	-0.927028	 0.000997	 0.499748
-0.499120	-1.018256	 0.499927	 0.782748	 0.228459	 0.499417	 0.430999	 1.024743	 0.697825	-0.923320	 0.249995	 0.499748
-0.499120	-1.014183	 0.470243	 0.810784	 0.368061	 0.499463	 0.431045	 1.026506	 0.695034	-0.919626	 0.374494	 0.499748
-0.499120	-1.010126	 0.455402	 0.823125	 0.436847	 0.499486	 0.431068	 1.025331	 0.692254	-0.915948	-0.063257	 0.499748
-0.499120	-1.006085	 0.447981	 0.827624	 0.470229	 0.499497	 0.431080	 1.022695	 0.689485	-0.912284	-0.281130	 0.499748
-0.499120	-1.002061	 0.444271	 0.828210	 0.485913	 0.499503	-0.068915	 1.019337	 0.686727	-0.908635	-0.390067	 0.499748
-0.499120	-0.998053	 0.442415	 0.826845	 0.492751	 0.499506	-0.317774	 1.015626	 0.683980	-0.905001	-0.444535	 0.499748
-0.499120	-0.994061	 0.441488	 0.824511	-0.003830	 0.499507	 0.058930	 0.511747	 0.681244	-0.901381	-0.471769	 0.499748
-0.499120	-0.990084	 0.441024	 0.821700	-0.251119	 0.499508	 0.247281	 0.259807	 0.678519	-0.897775	-0.485386	 0.499748
-0.499120	-0.986124	 0.440792	 0.818657	-0.374764	 0.499508	 0.341457	 0.633837	 0.675805	-0.894184	-0.492195	 0.499748
-0.499120	-0.982180	 0.440676	 0.815504	-0.436586	 0.499508	 0.388545	 0.818837	 0.673102	-0.890607	-0.495599	 0.499748
-0.499120	-0.978251	 0.440618	 0.812303	-0.467497	 0.499508	 0.412089	 0.909329	 0.670410	-0.887045	-0.497301	 0.499748
-0.499120	-0.974338	 0.940589	 0.809084	 0.017047	 0.499508	 0.423861	 0.952575	 0.667728	-0.383497	 0.001848	 0.499748
-0.499120	-0.970440	 1.187694	 0.805863	 0.258316	 0.499508	 0.429747	 0.972207	 0.665057	-0.131722	 0.250420	 0.499748
-0.499120	-0.966559	 0.808376	 0.802647	 0.378951	 0.499509	 0.432690	 0.480039	 0.662397	-0.505835	-0.125294	 0.499748
-0.499120	-0.962692	 0.618717	 0.799440	 0.439268	 0.499509	 0.434162	 0.233955	 0.659747	-0.691132	-0.312148	 0.499748
-0.499120	-0.958842	 0.523888	 0.296244	 0.469426	 0.499509	 0.434897	 0.610913	 0.657108	-0.782027	-0.405576	 0.499748
-0.499120	-0.955006	 0.476473	 0.044647	 0.484506	 0.499509	 0.435265	 0.797416	 0.654480	-0.825729	-0.452290	 0.499748
-0.499120	-0.951186	 0.452766	 0.418848	-0.007955	 0.499509	 0.435449	 0.888700	 0.651862	-0.345841	-0.475646	 0.499748
-0.499120	-0.947382	 0.440912	 0.604362	-0.253184	 0.499509	 0.435541	 0.932382	 0.649254	-0.105897	-0.487325	 0.499748
-0.499120	-0.943592	 0.434986	 0.695539	-0.375799	 0.499509	 0.435587	 0.952271	 0.646657	 0.014075	-0.493164	 0.499748
-0.499120	-0.939818	 0.432022	 0.739555	 0.062894	 0.499509	-0.064390	 0.960271	 0.644071	-0.425939	-0.496084	 0.499748
-0.499120	-0.936058	 0.430540	 0.759995	 0.281237	 0.499509	-0.313250	 0.962334	 0.641494	-0.644215	-0.497543	 0.499748
-0.499120	-0.932314	 0.429800	 0.768655	-0.109591	 0.499509	 0.063445	 0.961437	 0.638929	-0.251627	-0.498273	 0.499748
-0.499120	-0.928585	 0.429429	 0.771430	-0.304005	 0.499509	 0.251792	 0.959068	 0.636373	-0.055333	-0.498638	 0.499748
-0.499120	-0.924871	 0.429244	 0.771269	 0.098789	 0.499509	 0.345965	 0.955969	 0.633827	-0.457187	-0.498821	 0.499748
-0.499120	-0.921171	 0.429151	 0.769646	 0.299182	 0.499509	 0.393052	 0.952515	 0.631292	-0.656395	-0.498912	 0.499748
-0.499120	-0.917486	 0.429105	 0.267299	 0.399379	 0.499509	 0.416596	 0.948889	 0.628767	-0.754288	-0.498958	 0.499748
-0.499120	-0.913816	 0.429082	 0.016125	 0.449477	 0.499509	 0.428367	 0.945186	 0.626252	-0.801530	-0.498980	 0.499748
-0.499120	-0.910161	 0.429070	-0.109462	 0.474527	 0.499509	 0.434253	 0.941451	 0.623747	-0.823454	-0.498992	 0.499748
-0.499120	-0.906521	 0.429065	-0.172255	 0.487051	 0.499509	 0.437196	 0.937708	 0.621252	-0.832725	-0.498998	 0.499748
-0.499120	-0.902894	 0.429062	-0.203652	 0.493313	 0.499509	 0.438668	 0.933969	 0.618767	-0.835676	-0.499000	 0.499748
-0.499120	-0.899283	 0.429060	 0.280650	 0.496445	-0.000491	 0.439403	 0.930239	 0.616292	-0.835475	-0.499002	 0.499748
-0.499120	-0.895686	 0.429059	 0.521271	 0.498010	-0.249491	 0.439771	 0.926521	 0.613827	-0.833703	-0.499003	 0.499748
-0.499120	-0.892103	 0.429059	 0.640057	-0.001207	 0.126010	 0.439955	 0.922816	 0.111371	-0.331154	-0.499003	 0.499748
-0.499120	-0.888535	 0.429059	 0.697933	-0.249815	 0.312757	 0.440047	 0.919126	-0.139856	-0.079879	-0.499003	 0.499748
-0.499120	-0.884980	 0.429059	 0.725359	 0.125881	 0.406131	 0.440093	 0.915450	 0.234530	-0.454242	-0.499003	 0.499748
-0.499120	-0.881441	 0.429059	 0.737567	 0.312726	 0.452818	 0.440116	 0.911788	 0.420505	-0.639766	-0.499003	 0.499748
-0.499120	-0.877915	 0.429059	 0.742171	 0.406149	 0.476161	 0.440128	 0.908141	 0.512280	-0.730877	-0.499003	 0.499748
-0.499120	-0.874403	 0.429059	 0.242980	-0.047140	 0.487833	 0.440133	 0.904508	 0.556959	-0.774789	-0.499003	 0.499748
-0.499120	-0.870905	 0.429059	-0.006616	-0.272784	 0.493669	 0.440136	 0.900890	 0.578095	-0.795108	-0.499003	 0.499748
-0.499120	-0.867422	 0.429059	 0.368586	 0.114395	 0.496587	-0.059862	 0.897287	 0.587465	-0.803636	-0.499003	 0.499748
-0.499120	-0.863952	 0.429059	 0.554699	 0.306981	 0.498045	-0.308742	 0.893698	 0.590956	-0.806276	-0.499003	 0.499748
-0.499120	-0.860496	 0.429059	 0.646275	 0.403274	 0.498775	 0.067934	 0.890123	 0.591513	-0.305978	-0.499003	 0.499748
-0.499120	-0.857054	 0.429059	 0.690586	 0.451420	 0.499140	 0.256271	 0.886562	 0.590607	-0.055829	-0.499003	 0.499748
-0.499120	-0.853626	 0.429059	 0.711273	 0.475493	 0.499322	-0.149560	 0.383016	 0.588975	-0.430755	-0.499003	 0.499748
-0.499120	-0.850212	 0.429059	 0.720152	 0.487530	 0.499413	-0.351365	 0.131243	 0.586984	-0.616606	-0.499003	 0.499748
-0.499120	-0.846811	 0.429059	 0.723133	 0.493548	 0.499459	-0.451161	 0.005356	 0.584818	-0.707927	-0.499003	 0.499748
-0.499120	-0.843424	 0.929059	 0.723172	 0.496557	 0.499482	 0.000043	 0.442413	 0.582570	-0.251989	-0.499003	 0.499748
-0.499120	-0.840050	 1.176201	 0.721745	 0.498062	 0.499493	 0.225645	 0.659183	 0.580286	-0.024020	-0.499003	 0.499748
-0.499120	-0.836690	 1.296925	 0.219590	 0.498814	-0.000501	 0.338446	 0.765815	 0.577988	-0.410035	 0.000997	 0.499748
-0.499120	-0.833343	 1.354452	-0.031487	 0.499190	-0.249497	 0.394847	 0.817387	 0.575687	-0.601451	 0.249995	 0.499748
-0.499120	-0.830010	 0.880391	 0.342975	 0.499378	 0.126005	 0.423047	 0.841435	 0.573390	-0.695573	-0.125506	 0.499748
-0.499120	-0.826690	 0.643361	 0.528771	 0.499472	 0.312752	 0.437147	 0.851728	 0.571099	-0.741054	-0.312255	 0.499748
-0.499120	-0.823383	 0.524846	 0.620239	 0.499520	 0.406126	 0.444197	 0.855150	 0.068816	-0.262222	-0.405629	 0.499748
-0.499120	-0.820089	 0.465588	 0.664550	 0.499543	 0.452813	 0.447722	 0.855144	-0.182325	-0.022806	-0.452316	 0.499748
-0.499120	-0.816809	 0.435959	 0.685288	 0.499555	 0.476157	 0.449485	 0.853431	-0.307896	 0.096902	-0.475660	 0.499748
-0.499120	-0.813542	 0.421145	 0.694245	-0.000439	 0.487829	 0.450366	 0.350871	 0.129319	 0.156756	-0.487331	 0.499748
-0.499120	-0.810287	 0.413738	 0.697317	-0.249436	 0.493665	 0.450806	 0.099591	 0.346793	 0.186683	-0.493167	 0.499748
-0.499120	-0.807046	 0.410034	 0.697452	 0.126066	 0.496582	 0.451027	 0.473951	 0.454401	-0.298353	 0.003915	 0.499748
-0.499120	-0.803818	 0.408182	 0.696125	 0.312814	 0.498041	 0.451137	 0.659434	 0.507082	-0.539305	 0.251454	 0.499748
-0.499120	-0.800603	 0.407257	 0.194071	 0.406188	 0.498771	 0.451192	 0.750486	 0.532302	-0.658220	-0.124777	 0.499748
-0.499120	-0.797400	 0.406794	-0.056955	 0.452875	 0.499136	 0.451220	 0.794329	 0.543798	-0.716123	-0.311890	 0.499748
-0.499120	-0.794211	 0.906562	 0.317531	 0.476219	 0.499318	 0.451233	 0.814574	 0.048435	-0.243527	 0.094553	 0.499748
-0.499120	-0.791034	 1.153634	 0.503391	 0.487890	 0.499409	 0.451240	 0.823027	-0.199247	-0.007229	 0.296773	 0.499748
-0.499120	-0.787870	 1.274368	 0.594942	 0.493726	 0.499455	 0.451244	 0.825590	-0.323088	 0.110920	 0.397883	 0.499748
-0.499120	-0.784718	 0.831945	 0.639344	 0.496644	 0.499478	 0.451245	 0.825216	 0.114992	-0.330005	-0.051562	 0.499748
-0.499120	-0.781580	 0.610734	 0.660178	 0.498103	 0.499489	 0.451246	 0.823379	 0.332926	-0.548926	-0.275283	 0.499748
-0.499120	-0.778453	 0.500128	 0.669233	 0.498832	 0.499495	 0.451247	 0.820817	 0.440791	-0.156851	-0.387143	 0.499748
-0.499120	-0.775339	 0.444825	 0.672404	 0.499197	 0.499498	 0.451247	 0.817900	 0.493626	 0.039187	-0.443073	 0.499748
-0.499120	-0.772238	 0.917174	 0.672638	 0.499380	 0.499499	 0.451247	 0.814811	 0.018951	-0.362794	-0.471038	 0.499748
-0.499120	-0.769149	 1.150569	 0.671409	 0.499471	 0.499500	 0.451247	 0.811644	-0.218387	-0.562255	-0.485021	 0.499748
-0.499120	-0.766072	 1.264498	 0.669455	 0.499516	 0.499500	 0.451247	 0.808443	 0.162944	-0.660463	-0.492012	 0.499748
-0.499120	-0.763008	 1.318706	 0.667142	 0.499539	 0.499500	 0.451247	 0.805232	 0.352521	-0.708049	-0.495508	 0.499748
-0.499120	-0.759956	 0.843065	 0.164657	 0.499551	 0.499500	-0.048753	 0.802022	 0.446226	-0.730331	-0.497255	 0.499748
-0.499120	-0.756916	 0.605244	-0.086586	 0.499556	 0.499500	-0.297655	 0.798820	 0.491998	-0.739966	-0.498129	 0.499748
-0.499120	-0.753889	 0.486333	-0.212208	 0.499559	 0.499500	-0.421014	 0.795628	 0.513809	-0.743285	-0.498566	 0.499748
-0.499120	-0.750873	 0.426878	 0.224982	-0.000439	 0.499500	 0.018396	 0.792447	 0.523643	-0.743451	-0.498785	 0.499748
-0.499120	-0.747870	 0.397150	 0.442252	-0.249438	 0.499500	 0.238101	 0.789277	 0.527493	-0.742047	-0.498894	 0.499748
-0.499120	-0.744878	 0.382287	 0.549568	-0.873937	 0.499500	 0.347953	 0.786121	 0.528355	-0.739863	-0.498949	 0.499748
-0.499120	-0.741899	 0.374855	 0.601912	-1.183190	 0.499500	 0.402880	 0.782976	 0.527728	-0.737296	-0.498976	 0.499748
-0.499120	-0.738931	 0.371139	 0.626776	-0.334831	 0.499500	 0.430343	 0.779845	 0.526360	-0.234543	-0.498990	 0.499748
-0.499120	-0.735975	 0.369281	 0.637904	 0.088321	 0.499500	 0.444074	 0.776725	 0.524626	 0.016833	-0.498996	 0.499748
-0.499120	-0.733031	 0.368352	 0.142171	 0.298874	 0.499500	 0.450940	 0.773618	 0.522713	 0.142521	-0.499000	 0.499748
-0.499120	-0.730099	 0.367887	-0.105696	 0.403132	 0.499500	 0.454373	 0.770524	 0.520715	 0.205365	-0.499001	 0.499748
-0.499120	-0.727179	 0.367655	-0.229630	 0.454246	 0.499500	 0.456089	 0.767442	 0.518679	 0.236787	-0.499002	 0.499748
-0.999120	-0.724270	 0.367539	-0.291596	 0.478792	 0.499500	 0.456948	 0.764372	 0.516628	 0.252498	-0.499003	 0.499748
