 0.499145	 0.499447	 0.474653	 0.499441	 0.499216	 0.497918	 0.498773	 0.499722	 0.498579	 1.185154	-0.498082	-0.112130
 0.499151	 0.499447	 0.474653	 0.499441	 0.499216	 0.498154	 0.498778	 0.499722	 0.498579	 0.805829	-0.498082	-0.112130
 0.499154	 0.499447	 0.474653	 0.499441	 0.499216	 0.498272	 0.498781	 0.499722	 0.498579	 0.616166	-0.498082	-0.112130
 0.499155	 0.499447	 0.474653	 0.499442	 0.499216	 0.498330	 0.498783	 0.499722	 0.498579	 0.021335	-0.498082	-0.112130
 0.499156	 0.499447	 0.474653	 0.499442	 0.499216	 0.498360	 0.498783	 0.499722	 0.498579	-0.274934	-0.498082	-0.112130
 0.499156	 0.499447	 0.474653	 0.499442	 0.499216	 0.498375	 0.498784	 0.499722	 0.498579	 0.078074	-0.498082	-0.112130
 0.499156	 0.499447	 0.474653	 0.499442	 0.499216	 0.498382	 0.498784	 0.499722	 0.498579	 0.254578	-0.498082	-0.112130
 0.499156	 0.499447	 0.474653	 0.499442	 0.499216	 0.498386	 0.498784	 0.499722	 0.498579	 0.342830	-0.498082	-0.112130
 0.499156	 0.499447	 0.474653	 0.499442	 0.499216	 0.498388	 0.498784	 0.499722	 0.498579	 0.386956	-0.498082	-0.112130
 0.499156	 0.499447	 0.474653	 0.499442	 0.499216	 0.498388	 0.498784	 0.499722	 0.498579	 0.409019	-0.498082	-0.112130
 0.499157	 0.499447	 0.474653	 0.499442	 0.499216	 0.498389	-0.001216	 0.499722	 0.498579	 0.420050	-0.498082	-0.112130
 0.499157	 0.499447	 0.474653	 0.499442	 0.499216	 0.498389	-0.250214	 0.499722	 0.498579	 0.425566	-0.498082	-0.112130
 0.499157	 0.499447	 0.474653	 0.499442	 0.499216	 0.498389	 0.125288	 0.499722	 0.498579	 0.428324	-0.498082	-0.112130
 0.499157	 0.499447	 0.474653	 0.499442	 0.499216	 0.498389	 0.312037	 0.499722	 0.498579	 0.429703	-0.498082	-0.112130
 0.499157	 0.499447	 0.474653	 0.499442	 0.499216	 0.498389	 0.405411	 0.499722	 0.498579	 0.430392	-0.498082	-0.112130
 0.499157	 0.499447	 0.474653	 0.499442	 0.499216	 0.498389	 0.452098	 0.499722	 0.498579	 0.430737	-0.498082	-0.112130
 0.499157	 0.499447	 0.474653	 0.499442	 0.499216	 0.498389	 0.475442	 0.499722	 0.498579	 0.430910	-0.498082	-0.112130
-0.000843	 0.499447	 0.474653	 0.499442	 0.499216	 0.498389	 0.487114	 0.499722	 0.498579	 0.430996	-0.498082	-0.112130
-0.249842	 0.499447	 0.474653	 0.499442	 0.499216	 0.498389	 0.492950	 0.499722	 0.498579	 0.431039	-0.498082	-0.112130
 0.125659	 0.499447	 0.474653	 0.499442	 0.499216	 0.498389	 0.495868	 0.499722	 0.498579	 0.431060	-0.498082	-0.112130
 0.312407	 0.499447	 0.474653	 0.499442	 0.499216	 0.498389	 0.497327	 0.499722	 0.498579	 0.431071	-0.498082	-0.112130
 0.405781	 0.499447	 0.474653	 0.499442	 0.499216	 0.498389	 0.498056	 0.499722	 0.498579	 0.431077	-0.498082	-0.112130
 0.452468	 0.499447	 0.474653	 0.499442	 0.499216	 0.498389	 0.498421	 0.499722	 0.498579	 0.431079	-0.498082	-0.112130
 0.475812	 0.499447	 0.474653	 0.499442	 0.499216	-0.001611	 0.498603	 0.499722	 0.498579	 0.431081	-0.498082	-0.112130
 0.487483	 0.499447	 0.474653	 0.499442	 0.499216	-0.250607	 0.498695	 0.499722	 0.498579	 0.431081	-0.498082	-0.112130
 0.493319	 0.499447	 0.474653	 0.499442	 0.499216	-0.375106	 0.498740	 0.499722	 0.498579	 0.431082	-0.498082	-0.112130
 0.496237	 0.499447	 0.974653	 0.499442	 0.499216	 0.062645	 0.498763	 0.499722	 0.498579	 0.931082	-0.498082	-0.112130
 0.497696	 0.499447	 1.221703	 0.499442	 0.499216	 0.280520	 0.498774	 0.499722	 0.498579	 1.178220	-0.498082	-0.112130
 0.498426	 0.499447	 0.842291	 0.499442	 0.499216	 0.389457	 0.498780	 0.499722	 0.498579	 0.798938	-0.498082	-0.112130
 0.498791	 0.499447	 0.652585	 0.499442	 0.499216	 0.443926	 0.498783	 0.499722	 0.498579	 0.609297	-0.498082	-0.112130
 0.498973	 0.499447	 0.557732	 0.499442	 0.499216	 0.471160	 0.498784	 0.499722	 0.498579	 0.514477	-0.498082	-0.112130
 0.499064	 0.499447	 0.510306	 0.499442	 0.499216	 0.484777	 0.498785	 0.499722	 0.498579	 0.467066	-0.498082	-0.112130
 0.499110	 0.499447	 0.486592	 0.499442	 0.499216	 0.491586	 0.498785	 0.499722	 0.498579	 0.443361	-0.498082	-0.112130
 0.499132	 0.499447	 0.474736	 0.499442	 0.499216	 0.494990	 0.498786	 0.499722	 0.498579	 0.431509	-0.498082	-0.112130
 0.499144	 0.499447	 0.468807	 0.499442	 0.499216	 0.496692	 0.498786	 0.499722	 0.498579	 0.425582	-0.498082	-0.112130
 0.499150	 0.499447	 0.465843	 0.499442	 0.499216	 0.497543	 0.498786	 0.499722	 0.498579	 0.422619	-0.498082	-0.112130
 0.499152	 0.499447	 0.464361	 0.499442	 0.499216	 0.497969	 0.498786	 0.499722	 0.498579	 0.421138	-0.498082	-0.112130
 0.499154	 0.499447	 0.463620	 0.499442	 0.499216	 0.498181	 0.498786	 0.499722	 0.498579	 0.420397	-0.498082	-0.112130
 0.499155	 0.499447	 0.463250	 0.499442	 0.499216	 0.498288	 0.498786	 0.499722	 0.498579	 0.420027	-0.498082	-0.112130
 0.499155	 0.499447	 0.463064	 0.499442	 0.499216	-0.001659	-0.501214	 0.499722	 0.498579	 0.419841	-0.498082	-0.112130
 0.499155	 0.499447	 0.462972	 0.499442	 0.499216	-0.250629	-0.998212	 0.499722	 0.498579	 0.419749	-0.498082	-0.112130
-0.000845	 0.499447	 0.462925	 0.499442	 0.499216	 0.124886	-0.243720	 0.499722	 0.498579	 0.419702	-0.498082	-0.112130
-0.249843	 0.499447	 0.462902	 0.499442	 0.499216	 0.311642	 0.132504	 0.499722	 0.498579	 0.419679	-0.498082	-0.112130
-0.374342	 0.499447	 0.462891	 0.499442	 0.499216	 0.405021	 0.319599	 0.499722	 0.498579	 0.419668	-0.498082	-0.112130
 0.063408	 0.499447	 0.462885	 0.499442	 0.499216	 0.451710	 0.412133	 0.499722	 0.498579	 0.419662	-0.498082	-0.112130
 0.281281	 0.499447	 0.462882	 0.499442	 0.499216	 0.475054	 0.457390	 0.499722	 0.498579	 0.419659	-0.498082	-0.112130
 0.390218	 0.499447	 0.462881	 0.499442	 0.499216	 0.486727	 0.479014	 0.499722	 0.498579	 0.419658	-0.498082	-0.112130
 0.444686	 0.499447	 0.462880	 0.499442	 0.499216	 0.492563	 0.488824	 0.499722	 0.498579	 0.419657	-0.498082	-0.112130
 0.471920	 0.499447	 0.462879	 0.499442	 0.499216	 0.495481	 0.493730	 0.499722	 0.498579	 0.419657	-0.498082	-0.112130
 0.485537	 0.499447	 0.462879	 0.499442	 0.499216	 0.496940	 0.496182	 0.499722	 0.498579	 0.419656	-0.498082	-0.112130
 0.492345	 0.499447	 0.462879	 0.499442	 0.499216	 0.497670	 0.497409	 0.499722	 0.498579	 0.419656	-0.498082	-0.112130
 0.495750	 0.499447	 0.462879	 0.499442	 0.499216	 0.498034	 0.498022	 0.499722	 0.498579	 0.419656	-0.498082	-0.112130
 0.497452	 0.499447	 0.462879	 0.499442	 0.499216	 0.498217	 0.498328	 0.999722	 0.498579	 0.419656	-0.498082	-0.112130
 0.498303	 0.499447	 0.462879	 0.499442	 0.499216	 0.498308	 0.498482	 1.246723	 0.498579	 0.419656	-0.498082	-0.112130
 0.498728	 0.499447	 0.462879	 0.499442	 0.499216	 0.498353	 0.498558	 1.367235	 0.498579	 0.419656	-0.498082	-0.112130
 0.498941	 0.499447	 0.462879	 0.499442	 0.499216	 0.498376	 0.498597	 0.924516	 0.498579	 0.419656	-0.498082	-0.112130
 0.499048	 0.499447	 0.462879	 0.499442	 0.499216	 0.498388	 0.498616	 0.703157	 0.498579	 0.419656	-0.498082	-0.112130
 0.499101	 0.499447	 0.462879	 0.499442	 0.499216	 0.498393	 0.498625	 0.592477	-0.001421	 0.419656	-0.498082	-0.112130
 0.499127	 0.499447	 0.462879	 0.499442	 0.499216	 0.498396	 0.498630	 0.537137	-0.250419	 0.419656	-0.498082	-0.112130
 0.499141	 0.499447	 0.462879	 0.499442	 0.499216	 0.498398	 0.498632	 0.509467	 0.125083	 0.919656	-0.498082	-0.112130
 0.499147	 0.499447	 0.462879	 0.499442	 0.499216	 0.498398	 0.498634	 0.495632	 0.311832	 1.166817	-0.498082	-0.112130
 0.499151	 0.499447	 0.462879	 0.499442	 0.499216	 0.498399	 0.498634	 0.488715	 0.405207	 0.287569	-0.498082	-0.112130
 0.499152	 0.499447	 0.462879	 0.499442	 0.499216	 0.498399	 0.498635	 0.485256	 0.451895	-0.150871	-0.498082	-0.112130
 0.499153	 0.499447	 0.462879	 0.499442	 0.499216	 0.498399	 0.498635	 0.483527	 0.475238	-0.368913	-0.498082	-0.112130
 0.499154	 0.499447	 0.462879	 0.499442	 0.499216	 0.498399	 0.498635	 0.482662	 0.486910	 0.023240	-0.498082	-0.112130
 0.499154	 0.499447	 0.462879	 0.499442	 0.499216	 0.498399	 0.498635	 0.482230	 0.492746	 0.219317	-0.498082	-0.112130
 0.499154	 0.499447	 0.462879	 0.499442	 0.499216	 0.498399	 0.498635	 0.482013	 0.495664	 0.317355	-0.498082	-0.112130
 0.499154	 0.499447	 0.462879	 0.499442	 0.499216	 0.498399	 0.498635	 0.481905	 0.497123	 0.366374	-0.498082	-0.112130
 0.499154	 0.499447	 0.462879	 0.499442	 0.499216	 0.498399	 0.498635	 0.481851	 0.497852	 0.390884	-0.498082	-0.112130
 0.499154	 0.499447	 0.462879	 0.499442	 0.499216	 0.498399	 0.498635	 0.481824	 0.498217	 0.403139	-0.498082	-0.112130
 0.499154	 0.499447	 0.462879	 0.499442	 0.499216	 0.498399	 0.498635	 0.481811	 0.498400	 0.409266	-0.498082	-0.112130
 0.499154	 0.499447	 0.462879	 0.499442	 0.499216	 0.498399	 0.498635	 0.481804	 0.498491	 0.412330	-0.498082	-0.112130
 0.499154	 0.499447	 0.462879	 0.499442	 0.499216	 0.498399	 0.498635	 0.481801	 0.498536	 0.413862	-0.498082	-0.112130
 0.499154	 0.499447	 0.462879	 0.499442	 0.499216	-0.001601	 0.498635	 0.481799	 0.498559	 0.414627	-0.498082	-0.112130
 0.499154	 0.499447	 0.462879	 0.499442	 0.499216	-0.250598	 0.498635	 0.481798	 0.498571	 0.415010	-0.498082	-0.112130
 0.499154	 0.499447	 0.462879	 0.499442	 0.499216	 0.124904	 0.498635	 0.481798	 0.498576	 0.415202	-0.498082	-0.112130
 0.499154	 0.499447	 0.462879	 0.499442	 0.499216	 0.311654	 0.498635	 0.481798	 0.498579	 0.415298	-0.498082	-0.112130
 0.499154	 0.499447	 0.462879	 0.499442	 0.499216	 0.405029	-0.001365	 0.481797	 0.498581	 0.415346	-0.498082	-0.112130
 0.499154	 0.499447	 0.462879	 0.499442	 0.499216	 0.451716	-0.250362	 0.481797	 0.498581	 0.415369	-0.498082	-0.112130
 0.499154	 0.499447	 0.462879	 0.499442	 0.499216	-0.024940	 0.125139	 0.481797	 0.498582	-0.084619	-0.498082	-0.112130
 0.499154	 0.499447	 0.462879	 0.499442	 0.499216	-0.262265	 0.311888	 0.481797	 0.498582	-0.333443	-0.498082	-0.112130
 0.499154	 0.499447	 0.462879	 0.499442	 0.499216	-0.380927	 0.405263	 0.481797	 0.498582	-0.456691	-0.498082	-0.112130
-0.000846	 0.499447	 0.462879	 0.499442	 0.499216	 0.059741	-0.048050	 0.481797	 0.498582	-0.017155	-0.498082	-0.112130
-0.249844	 0.499447	 0.462879	 0.499442	 0.499216	 0.279075	-0.273703	 0.481797	 0.498582	 0.202613	-0.498082	-0.112130
-0.374343	 0.499447	 0.462879	 0.499442	 0.499216	-0.111258	 0.113470	 0.481797	 0.498582	 0.312497	-0.498082	-0.112130
-0.436593	 0.499447	 0.462879	 0.499442	 0.499216	-0.305422	 0.306055	 0.481797	 0.498582	 0.367439	-0.498082	-0.112130
-0.467718	 0.499447	 0.462879	 0.499442	 0.499216	 0.097497	 0.402348	 0.481797	 0.498582	 0.394910	-0.498082	-0.112130
-0.483280	 0.499447	 0.462879	 0.499442	 0.499216	 0.297955	 0.450494	 0.481797	 0.498582	 0.408645	-0.498082	-0.112130
 0.008939	 0.499447	 0.462879	 0.499442	 0.499216	 0.398184	 0.474567	 0.481797	 0.498582	 0.415513	-0.498082	-0.112130
 0.254046	 0.499447	 0.462879	 0.499442	 0.499216	 0.448299	 0.486604	 0.481797	 0.498582	 0.418947	-0.498082	-0.112130
 0.376599	 0.499447	 0.462879	 0.499442	 0.499216	 0.473356	 0.492622	 0.481797	 0.498582	 0.420664	-0.498082	-0.112130
 0.437876	 0.499447	 0.462879	 0.499442	 0.499216	 0.485885	 0.495631	 0.481797	 0.498582	 0.421522	-0.498082	-0.112130
 0.468514	 0.499447	 0.462879	 0.499442	 0.499216	 0.492149	 0.497136	 0.481797	 0.498582	 0.421951	-0.498082	-0.112130
-0.016166	 0.499447	 0.462879	 0.499442	 0.499216	 0.495281	 0.497888	 0.481797	 0.498582	 0.422166	-0.498082	-0.112130
-0.257505	 0.499447	 0.462879	 0.499442	 0.499216	 0.496847	 0.498264	 0.481797	 0.498582	 0.422273	-0.498082	-0.112130
 0.121825	 0.499447	 0.462879	 0.499442	 0.499216	 0.497630	 0.498453	 0.481797	 0.498582	 0.422327	-0.498082	-0.112130
 0.310489	 0.499447	 0.462879	 0.499442	 0.499216	 0.498022	 0.498547	 0.481797	 0.498582	 0.422354	-0.498082	-0.112130
 0.404820	 0.499447	 0.462879	 0.499442	 0.499216	 0.498218	 0.498594	 0.481797	 0.498582	 0.422367	-0.498082	-0.112130
 0.451986	 0.499447	 0.462879	 0.499442	 0.499216	 0.498315	 0.498617	 0.481797	 0.498582	 0.422374	-0.498082	-0.112130
 0.475569	 0.499447	 0.462879	 0.499442	 0.499216	 0.498364	 0.498629	 0.481797	 0.498582	 0.422377	-0.498082	-0.112130
-0.012640	 0.499447	 0.462879	 0.499442	 0.499216	 0.498389	 0.498635	 0.481797	 0.498582	 0.422379	-0.498082	-0.112130
-0.255743	 0.499447	 0.462879	 0.499442	 0.499216	 0.498401	 0.498638	 0.481797	 0.498582	 0.422380	-0.498082	-0.112130
 0.122706	 0.499447	 0.462879	 0.499442	 0.499216	 0.498407	 0.498639	 0.481797	 0.498582	 0.422380	-0.498082	-0.112130
 0.310928	 0.499447	 0.462879	 0.499442	 0.499216	 0.498410	 0.498640	 0.481797	 0.498582	 0.422380	-0.498082	-0.112130
 0.405039	 0.499447	 0.462879	 0.499442	 0.499216	 0.498412	 0.498640	 0.481797	 0.498582	 0.422381	-0.498082	-0.112130
 0.452095	 0.499447	 0.462879	 0.499442	 0.499216	 0.498412	 0.498640	 0.481797	 0.498582	 0.422381	-0.498082	-0.112130
 0.475623	 0.499447	 0.462879	 0.499442	 0.499216	 0.498413	 0.498641	 0.481797	 0.498582	 0.422381	-0.498082	-0.112130
 0.487386	 0.499447	 0.462879	 0.499442	 0.499216	 0.498413	 0.498641	 0.481797	 0.498582	 0.422381	-0.498082	-0.112130
 0.493268	 0.499447	 0.462879	 0.499442	 0.499216	 0.498413	 0.498641	 0.481797	 0.498582	 0.422381	-0.498082	-0.112130
 0.496209	 0.499447	 0.462879	 0.499442	 0.499216	-0.001587	 0.498641	 0.481797	 0.498582	-0.077619	-0.498082	-0.112130
 0.497680	 0.499447	 0.462879	 0.499442	 0.499216	-0.250584	 0.498641	 0.481797	 0.498582	-0.326464	-0.498082	-0.112130
 0.498415	 0.499447	 0.462879	 0.499442	 0.499216	 0.124918	 0.498641	 0.481797	 0.498582	 0.050264	-0.498082	-0.112130
 0.498783	 0.499447	 0.462879	 0.499442	 0.499216	 0.311668	 0.498641	 0.481797	 0.498582	 0.238628	-0.498082	-0.112130
 0.498966	 0.499447	 0.962879	 0.499442	 0.499216	 0.405043	 0.498641	 0.481797	 0.498582	 0.332810	-0.498082	-0.112130
 0.499058	 0.499447	 1.209953	 0.499442	 0.499216	 0.451730	 0.498641	 0.481797	 0.498582	 0.379901	-0.498082	-0.112130
 0.499104	 0.499447	 0.830576	 0.499442	 0.499216	 0.475074	 0.498641	 0.481797	 0.498582	 0.403447	-0.498082	-0.112130
 0.499127	 0.499447	 0.640888	 0.499442	 0.499216	 0.486746	 0.498641	 0.481797	 0.498582	 0.415220	-0.498082	-0.112130
 0.499139	 0.499447	 0.546044	 0.499442	 0.499216	 0.492582	 0.498641	 0.481797	 0.498582	 0.421106	-0.498082	-0.112130
 0.499145	 0.499447	 0.498622	 0.499442	 0.499216	 0.495500	 0.498641	 0.481797	 0.498582	 0.924049	-0.498082	-0.112130
 0.499147	 0.499447	 0.474911	 0.499442	 0.499216	 0.496959	 0.498641	 0.481797	 0.498582	 1.172667	-0.498082	-0.112130
 0.499149	 0.499447	 0.463055	 0.499442	 0.499216	 0.497688	 0.498641	 0.481797	 0.498582	 0.794133	-0.498082	-0.112130
 0.499150	 0.499447	 0.457127	 0.499442	 0.499216	 0.498053	 0.498641	 0.481797	 0.498582	 0.604866	-0.498082	-0.112130
 0.499150	 0.499447	 0.454163	 0.499442	 0.499216	 0.498236	 0.498641	 0.481797	 0.498582	 0.510233	-0.498082	-0.112130
 0.499150	 0.499447	 0.452681	 0.499442	 0.499216	 0.498327	 0.498641	 0.481797	 0.498582	 0.462916	-0.498082	-0.112130
 0.499150	 0.499447	 0.451940	 0.499442	 0.499216	 0.498372	 0.498641	 0.481797	 0.498582	 0.439258	-0.498082	-0.112130
 0.499150	 0.499447	 0.451570	 0.499442	 0.499216	 0.498395	 0.498641	 0.481797	 0.498582	 0.427428	-0.498082	-0.112130
 0.499150	 0.499447	 0.451385	 0.499442	 0.499216	 0.498407	 0.498641	 0.481797	 0.498582	 0.421514	-0.498082	-0.112130
 0.499150	 0.499447	 0.451292	 0.499442	 0.499216	 0.498412	 0.498641	 0.481797	 0.498582	 0.418557	-0.498082	-0.112130
 0.499150	 0.499447	 0.451246	 0.499442	 0.499216	 0.498415	 0.498641	 0.481797	 0.498582	 0.417078	-0.498082	-0.112130
 0.499150	 0.499447	 0.451223	-0.000558	 0.499216	 0.498417	 0.498641	 0.481797	 0.498582	 0.416339	-0.498082	-0.112130
 0.499150	 0.499447	 0.451211	-0.249557	 0.499216	 0.498417	 0.498641	 0.481797	 0.498582	 0.415969	-0.498082	-0.112130
 0.499150	 0.499447	 0.451205	 0.125943	 0.499216	 0.498418	 0.498641	 0.481797	 0.498582	 0.415784	-0.498082	-0.112130
 0.499150	 0.499447	 0.451202	 0.312691	 0.499216	 0.498418	 0.498641	 0.481797	 0.498582	 0.415692	-0.498082	-0.112130
 0.499150	 0.499447	 0.451201	 0.406064	 0.499216	 0.498418	 0.498641	 0.481797	 0.498582	 0.415645	-0.498082	-0.112130
 0.499150	 0.499447	 0.451200	 0.452751	 0.499216	 0.498418	 0.498641	 0.481797	 0.498582	 0.415622	-0.498082	-0.112130
 0.499150	 0.499447	 0.451200	 0.476095	 0.499216	 0.498418	 0.498641	 0.481797	 0.498582	 0.415611	-0.498082	-0.112130
 0.499150	 0.499447	 0.451200	 0.487766	 0.499216	 0.498418	 0.498641	 0.481797	 0.498582	 0.415605	-0.498082	-0.112130
 0.499150	 0.499447	 0.451200	 0.493602	 0.499216	 0.498418	 0.498641	 0.481797	 0.498582	 0.415602	-0.498082	-0.112130
 0.499150	 0.499447	 0.451200	 0.496520	 0.499216	 0.498418	 0.498641	 0.481797	 0.498582	-0.084399	-0.498082	-0.112130
 0.499150	 0.499447	 0.451200	 0.497979	 0.499216	 0.498418	 0.498641	 0.481797	 0.498582	-0.333231	-0.498082	-0.112130
 0.499150	 0.499447	 0.451199	 0.498709	 0.499216	 0.498418	 0.498641	 0.481797	 0.498582	 0.043517	-0.498082	-0.112130
 0.499150	 0.499447	 0.451199	 0.499073	 0.499216	 0.498418	 0.498641	 0.481797	 0.498582	 0.231891	-0.498082	-0.112130
 0.499150	 0.499447	 0.451199	 0.499256	 0.499216	 0.498418	 0.498641	 0.481797	 0.498582	 0.326078	-0.498082	-0.112130
 0.499150	 0.499447	 0.451199	 0.499347	 0.499216	 0.498418	 0.498641	 0.481797	 0.498582	 0.373172	-0.498082	-0.112130
 0.499150	 0.499447	 0.451199	 0.499393	 0.499216	 0.498418	 0.498641	 0.481797	 0.498582	 0.396718	-0.498082	-0.112130
-0.000850	 0.499447	 0.451199	 0.499415	 0.499216	 0.498418	 0.498641	 0.481797	 0.498582	 0.408492	-0.498082	-0.112130
-0.249848	 0.499447	 0.451199	 0.499427	 0.499216	 0.498418	 0.498641	 0.481797	 0.498582	 0.414378	-0.498082	-0.112130
-0.374347	 0.499447	 0.951199	 0.499432	 0.499216	 0.498418	 0.498641	 0.481797	 0.498582	 0.917322	-0.498082	-0.112130
-0.436597	 0.499447	 1.198297	 0.499435	 0.499216	 0.498418	 0.498641	 0.481797	 0.498582	 1.165953	-0.498082	-0.112130
 0.032278	 0.499447	 0.818955	 0.499437	 0.499216	 0.498418	 0.498641	 0.481797	 0.498582	 0.787439	-0.498082	-0.112130
 0.265714	 0.499447	 0.629284	 0.499437	 0.499216	 0.498418	 0.498641	 0.481797	 0.498582	 0.598183	-0.498082	-0.112130
 0.382431	 0.499447	 0.534449	 0.499438	 0.499216	 0.498418	 0.498641	 0.481797	 0.498582	 0.503554	-0.498082	-0.112130
 0.440790	 0.499447	 0.487031	 0.499438	 0.499216	 0.498418	 0.498641	 0.481797	 0.498582	 0.456240	-0.498082	-0.112130
-0.030030	 0.499447	 0.463322	 0.499438	 0.499216	 0.498418	 0.498641	 0.481797	 0.498582	 0.432583	-0.498082	-0.112130
-0.264439	 0.499447	 0.451468	 0.499438	 0.499216	 0.498418	 0.498641	 0.481797	 0.498582	 0.420754	-0.498082	-0.112130
-0.381643	 0.499447	 0.445540	 0.499438	 0.499216	 0.498418	 0.498641	 0.481797	 0.498582	 0.414840	-0.498082	-0.112130
-0.440245	 0.499447	 0.442577	 0.499438	 0.499216	 0.498418	 0.498641	 0.481797	 0.498582	 0.411883	-0.498082	-0.112130
-0.469546	 0.499447	 0.441095	 0.499438	 0.499216	 0.498418	 0.498641	 0.481797	 0.498582	 0.410404	-0.498082	-0.112130
-0.484197	 0.499447	 0.440354	 0.499438	 0.499216	 0.498418	 0.498641	 0.481797	 0.498582	 0.409665	-0.498082	-0.112130
-0.491522	 0.499447	 0.439984	 0.499438	 0.499216	 0.498418	 0.498641	 0.481797	 0.498582	 0.409295	-0.498082	-0.112130
 0.004815	 0.499447	 0.439798	 0.499438	 0.499216	 0.498418	 0.498641	 0.481797	 0.498582	 0.409111	-0.498082	-0.112130
 0.251981	 0.499447	 0.439706	 0.499438	 0.499216	 0.498418	 0.498641	 0.481797	 0.498582	 0.409018	-0.498082	-0.112130
 0.375565	 0.499447	 0.439659	 0.499438	 0.499216	 0.498418	 0.498641	 0.481797	 0.498582	 0.408972	-0.498082	-0.112130
 0.437356	 0.499447	 0.439636	 0.499438	 0.499216	 0.498418	 0.498641	 0.481797	 0.498582	 0.408949	-0.498082	-0.112130
 0.468252	 0.499447	 0.439625	 0.499438	 0.499216	 0.498418	 0.498641	 0.481797	 0.498582	 0.408937	-0.498082	-0.112130
 0.483700	 0.499447	 0.439619	 0.499438	 0.499216	 0.498418	 0.498641	 0.481797	 0.498582	 0.408931	-0.498082	-0.112130
 0.491424	 0.499447	 0.439616	 0.499438	 0.499216	 0.498418	 0.498641	 0.481797	 0.498582	 0.408929	-0.498082	-0.112130
 0.495286	 0.499447	 0.439615	 0.499438	 0.499216	 0.498418	 0.498641	 0.481797	 0.498582	 0.408927	-0.498082	-0.112130
 0.497217	 0.499447	 0.439614	 0.499438	 0.499216	 0.498418	 0.498641	 0.481797	 0.498582	 0.408926	-0.498082	-0.112130
 0.498182	 0.499447	 0.439613	 0.499438	 0.499216	 0.498418	 0.498641	 0.481797	 0.498582	 0.408926	-0.498082	-0.112130
 0.498665	 0.499447	 0.439613	 0.499438	 0.499216	 0.498418	 0.498641	 0.481797	 0.498582	 0.408926	-0.498082	-0.112130
-0.001094	 0.499447	 0.439613	 0.499438	 0.499216	 0.498418	 0.498641	 0.481797	 0.498582	 0.408926	-0.498082	-0.112130
-0.249971	 0.499447	 0.439613	 0.499438	 0.499216	 0.498418	 0.498641	 0.481797	 0.498582	 0.408926	-0.498082	-0.112130
-0.374410	 0.499447	 0.439613	 0.499438	 0.499216	 0.498418	 0.498641	 0.481797	 0.498582	 0.408926	-0.498082	-0.112130
-0.436629	 0.499447	 0.439613	 0.499438	 0.499216	 0.498418	 0.498641	 0.481797	 0.498582	 0.408926	-0.498082	-0.112130
-0.467739	 0.499447	 0.439613	 0.499438	 0.499216	 0.498418	 0.498641	 0.481797	 0.498582	 0.408926	-0.498082	-0.112130
 0.016706	 0.499447	 0.439613	 0.499438	 0.499216	 0.498418	 0.498641	 0.481797	 0.498582	 0.408926	-0.498082	-0.112130
 0.257926	 0.499447	 0.439613	 0.499438	 0.499216	 0.498418	 0.498641	 0.481797	 0.498582	 0.408926	-0.498082	-0.112130
 0.378537	 0.499447	 0.439613	 0.499438	 0.499216	 0.498418	 0.498641	-0.018203	 0.498582	 0.408926	-0.498082	-0.112130
 0.438842	 0.499447	 0.439613	 0.499438	 0.499216	 0.498418	 0.498641	-0.267166	 0.498582	 0.408926	-0.498082	-0.112130
 0.468994	 0.499447	 0.439613	 0.499438	 0.499216	 0.498418	 0.498641	 0.109384	 0.498582	 0.408926	-0.498082	-0.112130
 0.484070	 0.499447	 0.439613	 0.499438	 0.499216	 0.498418	 0.498641	 0.297659	 0.498582	 0.408926	-0.498082	-0.112130
 0.491609	 0.499447	 0.439613	 0.499438	 0.499216	 0.498418	 0.498641	 0.391797	 0.498582	 0.408926	-0.498082	-0.112130
 0.495378	 0.499447	 0.439613	 0.499438	 0.499216	 0.498418	 0.498641	 0.438866	 0.498582	 0.408926	-0.498082	-0.112130
 0.497262	 0.499447	 0.439613	 0.499438	 0.499216	 0.498418	 0.498641	 0.462400	 0.498582	 0.408926	-0.498082	-0.112130
 0.498204	 0.499447	 0.439613	 0.499438	 0.499216	 0.498418	 0.498641	 0.474167	 0.498582	 0.408926	-0.498082	-0.112130
 0.498676	 0.499447	 0.439613	 0.499438	 0.499216	 0.498418	 0.498641	 0.480051	 0.498582	 0.408926	-0.498082	-0.112130
 0.498911	 0.499447	 0.439613	 0.499438	 0.499216	 0.498418	 0.498641	 0.482993	 0.498582	 0.408926	-0.498082	-0.112130
 0.499029	 0.499447	 0.439613	 0.499438	 0.499216	 0.498418	 0.498641	 0.484464	 0.498582	 0.408926	-0.498082	-0.112130
-0.000912	 0.499447	 0.439613	 0.499438	 0.499216	 0.498418	 0.498641	 0.485199	 0.498582	 0.408926	-0.498082	-0.112130
-0.249881	 0.499447	 0.439613	 0.499438	 0.499216	 0.498418	 0.498641	 0.485567	 0.498582	 0.408926	-0.498082	-0.112130
-0.374365	 0.499447	 0.439613	 0.499438	 0.499216	 0.498418	 0.498641	 0.485751	 0.498582	 0.408926	-0.498082	-0.112130
 0.063392	 0.499447	 0.439613	 0.499438	 0.499216	-0.001582	 0.498641	 0.485843	 0.498582	 0.408926	-0.498082	-0.112130
 0.281269	 0.499447	 0.439613	 0.499438	 0.499216	-0.250579	 0.498641	 0.485889	 0.498582	 0.408926	-0.498082	-0.112130
 0.390207	 0.499447	 0.439613	 0.499438	 0.499216	 0.124923	 0.498641	 0.485912	 0.498582	 0.408926	-0.498082	-0.112130
 0.444676	 0.499447	 0.439613	 0.499438	 0.499216	 0.311673	 0.498641	 0.485923	 0.498582	 0.408926	-0.498082	-0.112130
 0.471911	 0.499447	 0.439613	 0.499438	 0.499216	 0.405048	 0.498641	 0.485929	 0.498582	 0.408926	-0.498082	-0.112130
 0.485528	 0.499447	 0.439613	 0.499438	 0.499216	 0.451735	 0.498641	 0.485932	 0.498582	 0.408926	-0.498082	-0.112130
 0.492337	 0.499447	 0.439613	 0.499438	 0.499216	 0.475079	 0.498641	 0.485933	 0.498582	 0.408926	-0.498082	-0.112130
 0.495741	 0.499447	 0.439613	 0.499438	 0.499216	 0.486751	 0.498641	 0.485934	 0.498582	 0.408926	-0.498082	-0.112130
 0.497443	 0.499447	 0.439613	 0.499438	 0.499216	 0.492587	 0.498641	 0.485934	 0.498582	 0.408926	-0.498082	-0.112130
-0.001706	 0.499447	 0.439613	 0.499438	 0.499216	 0.495505	 0.498641	 0.485934	 0.498582	 0.408926	-0.498082	-0.112130
-0.250278	 0.499447	 0.439613	 0.499438	 0.499216	 0.496964	 0.498641	 0.485935	 0.498582	 0.408926	-0.498082	-0.112130
 0.125435	 0.499447	 0.439613	 0.499438	 0.499216	 0.497693	 0.498641	 0.485935	 0.498582	-0.091074	-0.498082	-0.112130
 0.312290	 0.499447	 0.439613	 0.499438	 0.499216	 0.498058	 0.498641	 0.485935	 0.498582	-0.339892	-0.498082	-0.112130
 0.405717	 0.499447	 0.439613	 0.499438	 0.499216	 0.498240	 0.498641	 0.485935	 0.498582	 0.036876	-0.498082	-0.112130
 0.452431	 0.499447	 0.439613	 0.499438	 0.499216	 0.498331	 0.498641	 0.485935	 0.498582	 0.225261	-0.498082	-0.112130
-0.024213	 0.499447	 0.439613	 0.499438	 0.499216	 0.498377	 0.498641	 0.485935	 0.498582	 0.319453	-0.498082	-0.112130
-0.261532	 0.499447	 0.439613	 0.499438	 0.499216	 0.498400	 0.498641	 0.485935	 0.498582	 0.366549	-0.498082	-0.112130
-0.380192	 0.499447	 0.439613	 0.499438	 0.499216	 0.498411	 0.498641	 0.485935	 0.498582	 0.390097	-0.498082	-0.112130
 0.060478	 0.499447	 0.439613	 0.499438	 0.499216	 0.498417	 0.498641	 0.485935	 0.498582	 0.901871	-0.498082	-0.112130
 0.279810	 0.499447	 0.439613	 0.499438	 0.499216	 0.498420	 0.498641	 0.485935	 0.498582	 1.154931	-0.498082	-0.112130
 0.389477	 0.499447	 0.439613	 0.499438	 0.499216	 0.498421	 0.498641	 0.485935	 0.498582	 0.778644	-0.498082	-0.112130
 0.444310	 0.499447	 0.439613	 0.499438	 0.499216	 0.498422	 0.498641	 0.485935	 0.498582	 0.590501	-0.498082	-0.112130
 0.471727	 0.499447	 0.439613	 0.499438	 0.499216	 0.498422	 0.498641	 0.485935	 0.498582	 0.496430	-0.498082	-0.112130
 0.485435	 0.499447	 0.439613	 0.499438	 0.499216	 0.498422	 0.498641	 0.485935	 0.498582	 0.449394	-0.498082	-0.112130
 0.492289	 0.499447	 0.439613	 0.499438	 0.499216	 0.498422	 0.498641	 0.485935	 0.498582	 0.425876	-0.498082	-0.112130
 0.495716	 0.499447	 0.439613	 0.499438	 0.499216	 0.498423	 0.498641	 0.485935	 0.498582	 0.414117	-0.498082	-0.112130
 0.497430	 0.499447	 0.439613	 0.499438	 0.499216	 0.498423	 0.498641	 0.485935	 0.498582	 0.408238	-0.498082	-0.112130
 0.498286	 0.499447	 0.439613	 0.499438	 0.499216	 0.498423	 0.498641	 0.485935	 0.498582	 0.405298	-0.498082	-0.112130
 0.498715	 0.499447	 0.439613	 0.499438	 0.499216	 0.498423	 0.498641	 0.485935	 0.498582	 0.403828	-0.498082	-0.112130
-0.001071	 0.499447	 0.439613	 0.499438	 0.499216	 0.498423	 0.498641	 0.485935	 0.498582	 0.403093	-0.498082	-0.112130
-0.249962	 0.499447	 0.439613	 0.499438	 0.499216	 0.498423	 0.498641	 0.485935	 0.498582	 0.402726	-0.498082	-0.112130
 0.125592	 0.499447	 0.439613	 0.499438	 0.499216	 0.498423	 0.498641	 0.485935	 0.498582	 0.402542	-0.498082	-0.112130
 0.312367	 0.499447	 0.439613	 0.499438	 0.499216	 0.498423	 0.498641	 0.485935	 0.498582	 0.402450	-0.498082	-0.112130
 0.405755	 0.499447	 0.439613	 0.499438	 0.499216	 0.498423	 0.498641	 0.485935	 0.498582	 0.402404	-0.498082	-0.112130
 0.452448	 0.499447	 0.439613	 0.499438	 0.499216	 0.498423	 0.498641	 0.485935	 0.498582	 0.402381	-0.498082	-0.112130
 0.475795	 0.499447	 0.439613	 0.499438	 0.499216	 0.498423	 0.498641	 0.485935	 0.498582	 0.402370	-0.498082	-0.112130
 0.487469	 0.499447	 0.439613	 0.499438	 0.499216	 0.498423	 0.498641	 0.485935	 0.498582	 0.402364	-0.498082	-0.112130
 0.493305	 0.499447	 0.439613	 0.499438	 0.499216	 0.498423	 0.498641	 0.485935	 0.498582	 0.402361	-0.498082	-0.112130
 0.496224	 0.499447	 0.439613	 0.499438	 0.499216	 0.498423	 0.498641	 0.485935	 0.498582	 0.402360	-0.498082	-0.112130
 0.497683	 0.499447	 0.439613	 0.499438	 0.499216	 0.498423	 0.498641	 0.485935	 0.498582	 0.402359	-0.498082	-0.112130
 0.498412	 0.499447	 0.439613	 0.499438	-0.000784	 0.498423	 0.498641	 0.485935	 0.498582	 0.402359	-0.498082	-0.112130
 0.498777	 0.499447	 0.439613	 0.499438	-0.249782	 0.498423	 0.498641	 0.485935	 0.498582	 0.402358	-0.498082	-0.112130
 0.498960	 0.499447	 0.439613	 0.499438	-0.374281	-0.001577	 0.498641	 0.485935	 0.498582	 0.402358	-0.498082	-0.112130
 0.499051	 0.499447	 0.439613	 0.499438	-0.436531	-0.250574	 0.498641	 0.485935	 0.498582	 0.402358	-0.498082	-0.112130
 0.499096	 0.499447	 0.439613	 0.499438	-0.467656	-0.375073	 0.498641	 0.485935	 0.498582	 0.402358	-0.498082	-0.112130
 0.499119	 0.499447	 0.439613	 0.499438	 0.016782	 0.062678	 0.498641	 0.485935	 0.498582	 0.402358	-0.498082	-0.112130
 0.499131	 0.499447	 0.439613	 0.499438	 0.257998	 0.280553	 0.498641	 0.485935	 0.498582	 0.402358	-0.498082	-0.112130
 0.499136	 0.499447	 0.439613	 0.499438	 0.378606	 0.389490	 0.498641	 0.485935	 0.498582	 0.402358	-0.498082	-0.112130
 0.499139	-0.000553	 0.439613	 0.499438	 0.438910	 0.443959	 0.498641	 0.485935	 0.498582	 0.402358	-0.498082	-0.112130
 0.499141	-0.249552	 0.439613	 0.499438	 0.469062	 0.471193	 0.498641	 0.485935	 0.498582	 0.402358	-0.498082	-0.112130
 0.499141	 0.125949	 0.439613	 0.499438	 0.484138	-0.015190	 0.498641	 0.485935	 0.498582	 0.402358	-0.498082	-0.112130
 0.499142	 0.312696	 0.439613	 0.499438	 0.491676	-0.257378	 0.498641	 0.485935	 0.498582	 0.402358	-0.498082	-0.112130
-0.000858	 0.406070	 0.939613	 0.499438	 0.495445	 0.121528	 0.498641	 0.485935	 0.498582	 0.402358	-0.498082	-0.112130
-0.249856	 0.452757	 1.186734	 0.499438	 0.497330	 0.309980	 0.498641	 0.485935	 0.498582	 0.402358	-0.498082	-0.112130
 0.125645	 0.476100	 0.807427	 0.499438	 0.498272	 0.404206	 0.498641	 0.485935	 0.498582	-0.097642	-0.498082	-0.112130
 0.312393	 0.487772	 0.617773	 0.499438	 0.498743	 0.451319	 0.498641	 0.485935	 0.498582	-0.346446	-0.498082	-0.112130
 0.405767	 0.493608	 0.522946	 0.499438	 0.498979	 0.474875	 0.498641	 0.485935	 0.498582	-0.469658	-0.498082	-0.112130
 0.452454	 0.496526	 0.475533	 0.499438	 0.499097	 0.486653	 0.498641	 0.485935	 0.498582	 0.469922	-0.498082	-0.112130
 0.475797	 0.497985	 0.451826	 0.499438	 0.499156	 0.492543	 0.498641	 0.485935	 0.498582	 0.936892	-0.498082	-0.112130
 0.487469	 0.498714	 0.439973	 0.499438	 0.499185	 0.495487	 0.498641	 0.485935	 0.498582	 0.667570	-0.498082	-0.112130
 0.493305	 0.499079	 0.434046	 0.499438	 0.499200	 0.496959	 0.498641	 0.485935	 0.498582	 0.532909	-0.498082	-0.112130
 0.496223	 0.499261	 0.431083	 0.499438	 0.499207	 0.497696	 0.498641	 0.485935	 0.498582	 0.465578	-0.498082	-0.112130
 0.497682	 0.499352	 0.429601	 0.499438	 0.499211	 0.498064	 0.498641	 0.485935	 0.498582	 0.431913	-0.498082	-0.112130
 0.498411	 0.499398	 0.428860	 0.499438	 0.499213	 0.498248	 0.498641	 0.485935	 0.498582	 0.415081	-0.498082	-0.112130
 0.498776	 0.499421	 0.428490	 0.499438	 0.499214	 0.498340	 0.498641	 0.485935	 0.498582	 0.406664	-0.498082	-0.112130
 0.498958	 0.499432	 0.428304	 0.499438	 0.499214	 0.498386	 0.498641	 0.485935	 0.498582	 0.902456	-0.498082	-0.112130
 0.499050	 0.499438	 0.428212	 0.499438	 0.499214	 0.498409	 0.498641	 0.485935	 0.498582	 1.147555	-0.498082	-0.112130
 0.499095	 0.499441	 0.428166	 0.499438	 0.499214	 0.498420	 0.498641	 0.485935	 0.498582	 0.767320	-0.498082	-0.112130
 0.499118	 0.499442	 0.428142	 0.499438	 0.499214	 0.498426	 0.498641	 0.485935	 0.498582	 0.577202	-0.498082	-0.112130
-0.000871	 0.499443	 0.428131	 0.499438	 0.499214	 0.498429	 0.498641	 0.485935	 0.498582	 0.482143	-0.498082	-0.112130
-0.249863	 0.499443	 0.428125	 0.499438	 0.499214	 0.498430	 0.498641	 0.485935	 0.498582	 0.434614	-0.498082	-0.112130
-0.374359	 0.499443	 0.428122	 0.499438	 0.499214	 0.498431	 0.498641	 0.485935	 0.498582	 0.410849	-0.498082	-0.112130
 0.063392	 0.499443	 0.428121	 0.499438	 0.499214	 0.498431	 0.498641	 0.485935	 0.498582	 0.398967	-0.498082	-0.112130
 0.281266	 0.499443	 0.428120	 0.499438	 0.499214	 0.498432	 0.498641	 0.485935	 0.498582	 0.393025	-0.498082	-0.112130
 0.390203	 0.499443	 0.428120	 0.499438	 0.499214	 0.498432	 0.498641	 0.485935	 0.498582	 0.390055	-0.498082	-0.112130
 0.444671	 0.499443	 0.428119	 0.499438	 0.499214	 0.498432	 0.498641	 0.485935	 0.498582	 0.888570	-0.498082	-0.112130
 0.471905	 0.499443	 0.428119	 0.499438	 0.499214	 0.498432	 0.498641	 0.485935	 0.498582	 1.135053	-0.498082	-0.112130
-0.014477	 0.499443	 0.428119	 0.499438	 0.499214	 0.498432	 0.498641	 0.485935	 0.498582	 0.755531	-0.498082	-0.112130
-0.256667	 0.499443	 0.428119	 0.499438	 0.499214	 0.498432	 0.498641	 0.485935	 0.498582	 0.565771	-0.498082	-0.112130
 0.122238	 0.499443	 0.428119	 0.499438	 0.499214	 0.498432	 0.498641	 0.485935	 0.498582	 0.470890	-0.498082	-0.112130
 0.310688	 0.499443	 0.428119	 0.499438	 0.499214	 0.498432	 0.498641	 0.485935	 0.498582	 0.423450	-0.498082	-0.112130
 0.404913	 0.499443	 0.428119	 0.499438	 0.499214	 0.498432	 0.498641	 0.485935	 0.498582	 0.399730	-0.498082	-0.112130
 0.452026	 0.499443	 0.428119	 0.499438	 0.499214	 0.498432	 0.498641	 0.485935	 0.498582	 0.387870	-0.498082	-0.112130
 0.475582	 0.499443	 0.428119	 0.499438	 0.499214	 0.498432	 0.498641	 0.485935	 0.498582	 0.381940	-0.498082	-0.112130
 0.487360	 0.499443	 0.428119	 0.499438	 0.499214	 0.498432	 0.498641	 0.485935	 0.498582	 0.378975	-0.498082	-0.112130
 0.493249	 0.499443	 0.428119	 0.499438	 0.499214	 0.498432	 0.498641	 0.485935	 0.498582	 0.377492	-0.498082	-0.112130
 0.496194	 0.499443	 0.428119	 0.499438	 0.499214	 0.498432	 0.498641	 0.485935	 0.498582	 0.376751	-0.498082	-0.112130
 0.497666	 0.499443	 0.428119	 0.499438	 0.499214	 0.498432	 0.498641	 0.485935	 0.498582	 0.376380	-0.498082	-0.112130
-0.001598	 0.499443	 0.428119	 0.499438	 0.499214	 0.498432	 0.498641	 0.485935	 0.498582	 0.376195	-0.498082	-0.112130
-0.250228	 0.499443	 0.428119	 0.499438	 0.499214	 0.498432	 0.498641	 0.485935	 0.498582	 0.376102	-0.498082	-0.112130
-0.374543	 0.499443	 0.928119	 0.499438	 0.499214	 0.498432	 0.498641	 0.485935	 0.498582	 0.376056	-0.498082	-0.112130
-0.436700	 0.499443	 1.175263	 0.499438	 0.499214	 0.498432	 0.498641	 0.485935	 0.498582	 0.376033	-0.498082	-0.112130
-0.467779	 0.499443	 1.295990	 0.499438	 0.499214	 0.498432	 0.498641	 0.485935	 0.498582	 0.376021	-0.498082	-0.112130
-0.483319	 0.499443	 0.853520	 0.499438	 0.499214	 0.498432	 0.498641	 0.485935	 0.498582	 0.376016	-0.498082	-0.112130
-0.491088	 0.499443	 0.632285	 0.499438	 0.499214	 0.498432	 0.498641	 0.485935	 0.498582	 0.376013	-0.498082	-0.112130
 0.005027	 0.499443	 0.521668	 0.499438	 0.499214	 0.498432	 0.498641	 0.485935	 0.498582	-0.123989	-0.498082	-0.112130
 0.252082	 0.499443	 0.466359	 0.499438	 0.499214	 0.498432	 0.498641	 0.485935	 0.498582	-0.372741	-0.498082	-0.112130
 0.375610	 0.499443	 0.438705	 0.499438	 0.499214	 0.498432	 0.498641	 0.485935	 0.498582	-0.495875	-0.498082	-0.112130
 0.437374	 0.499443	 0.424877	 0.499438	 0.499214	 0.498432	 0.498641	 0.485935	 0.498582	-0.556204	-0.498082	-0.112130
 0.468256	 0.499443	 0.417964	 0.499438	 0.499214	 0.498432	 0.498641	 0.485935	 0.498582	-0.085135	-0.498082	-0.112130
 0.483696	 0.499443	 0.414507	 0.499438	 0.499214	 0.498432	 0.498641	 0.485935	 0.498582	 0.150400	-0.498082	-0.112130
 0.491417	 0.499443	 0.412779	 0.499438	 0.499214	 0.498432	 0.498641	 0.485935	 0.498582	 0.268167	-0.498082	-0.112130
 0.495277	 0.499443	 0.411914	 0.499438	 0.499214	 0.498432	 0.498641	 0.485935	 0.498582	 0.327050	-0.498082	-0.112130
 0.497207	 0.499443	 0.411482	 0.499438	 0.499214	 0.498432	 0.498641	 0.485935	 0.498582	 0.356492	-0.498082	-0.112130
 0.498172	 0.499443	 0.411266	 0.499438	 0.499214	 0.498432	 0.498641	 0.485935	 0.498582	 0.371213	-0.498082	-0.112130
 0.498655	 0.499443	 0.411158	 0.499438	 0.499214	 0.498432	 0.498641	 0.485935	 0.498582	 0.378573	-0.498082	-0.112130
 0.498896	 0.499443	 0.411104	 0.499438	 0.499214	 0.498432	 0.498641	 0.485935	 0.498582	 0.882254	-0.498082	-0.112130
 0.499017	 0.499443	 0.411077	 0.499438	 0.499214	 0.498432	 0.498641	 0.485935	 0.498582	 1.131322	-0.498082	-0.112130
 0.499077	 0.499443	 0.411064	 0.499438	 0.499214	 0.498432	 0.498641	 0.485935	 0.498582	 1.253095	-0.498082	-0.112130
 0.499107	 0.499443	 0.411057	 0.499438	 0.499214	 0.498432	 0.498641	 0.485935	 0.498582	 1.311232	-0.498082	-0.112130
 0.499122	 0.499443	 0.411054	 0.499438	 0.499214	 0.498432	 0.498641	 0.485935	 0.498582	 1.337562	-0.498082	-0.112130
 0.499130	 0.499443	 0.411052	 0.499438	 0.499214	 0.498432	 0.498641	 0.485935	 0.498582	 0.847999	-0.498082	-0.112130
 0.499134	 0.499443	 0.411051	 0.499438	 0.499214	 0.498432	 0.498641	 0.485935	 0.498582	 0.603218	-0.498082	-0.112130
-0.000864	 0.499443	 0.411051	 0.499438	 0.499214	 0.498432	 0.498641	 0.485935	 0.498582	 0.480827	-0.498082	-0.112130
-0.249862	 0.499443	 0.411050	 0.499438	 0.499214	 0.498432	 0.498641	 0.485935	 0.498582	 0.419631	-0.498082	-0.112130
 0.125640	 0.499443	 0.411050	 0.499438	 0.499214	 0.498432	 0.498641	 0.485935	 0.498582	 0.389034	-0.498082	-0.112130
 0.312388	 0.499443	 0.411050	 0.499438	 0.499214	 0.498432	 0.498641	 0.485935	 0.498582	 0.373735	-0.498082	-0.112130
 0.405762	 0.499443	 0.411050	 0.499438	 0.499214	 0.498432	 0.498641	 0.485935	 0.498582	 0.366086	-0.498082	-0.112130
 0.452449	 0.499443	 0.411050	 0.499438	 0.499214	 0.498432	 0.498641	 0.485935	 0.498582	 0.362261	-0.498082	-0.112130
 0.475793	 0.499443	 0.411050	 0.499438	 0.499214	 0.498432	 0.498641	 0.485935	 0.498582	 0.360348	-0.498082	-0.112130
 0.487465	 0.499443	 0.411050	 0.499438	 0.499214	-0.001568	 0.498641	 0.485935	 0.498582	 0.359392	-0.498082	-0.112130
 0.493300	 0.499443	 0.411050	 0.499438	 0.499214	-0.250565	 0.498641	 0.485935	 0.498582	 0.358914	-0.498082	-0.112130
 0.496218	 0.499443	 0.411050	 0.499438	 0.499214	 0.124936	 0.498641	 0.485935	 0.498582	 0.358675	-0.498082	-0.112130
 0.497677	 0.499443	 0.411050	 0.499438	 0.499214	 0.311686	 0.498641	 0.485935	 0.498582	 0.358556	-0.498082	-0.112130
 0.498407	 0.499443	 0.411050	 0.499438	 0.499214	-0.094939	 0.498641	 0.485935	 0.498582	 0.858496	-0.498082	-0.112130
 0.498772	 0.499443	 0.411050	 0.499438	 0.499214	-0.297248	 0.498641	 0.485935	 0.498582	 1.105749	-0.498082	-0.112130
 0.498954	 0.499443	 0.411050	 0.499438	 0.499214	 0.101597	 0.498641	 0.485935	 0.498582	 0.726670	-0.498082	-0.112130
 0.499045	 0.499443	 0.411050	 0.499438	 0.499214	 0.300019	 0.498641	 0.485935	 0.498582	 0.537130	-0.498082	-0.112130
 0.499091	 0.499443	 0.411050	 0.499438	 0.499214	 0.399230	 0.498641	 0.485935	 0.498582	 0.442360	-0.498082	-0.112130
 0.499114	 0.499443	 0.411050	 0.499438	 0.499214	 0.448835	 0.498641	 0.485935	 0.498582	 0.394975	-0.498082	-0.112130
 0.499125	 0.499443	 0.411050	 0.499438	 0.499214	 0.473638	 0.498641	 0.485935	 0.498582	 0.371283	-0.498082	-0.112130
 0.499131	 0.499443	 0.411050	 0.499438	 0.499214	 0.486039	 0.498641	 0.485935	 0.498582	 0.859437	-0.498082	-0.112130
 0.499133	 0.499443	 0.411050	 0.499438	 0.499214	 0.492240	 0.498641	 0.485935	 0.498582	 1.100818	-0.498082	-0.112130
 0.499135	 0.499443	 0.411050	 0.499438	 0.499214	 0.495340	 0.498641	 0.485935	 0.498582	 0.718825	-0.498082	-0.112130
 0.499136	 0.499443	 0.411050	 0.499438	 0.499214	 0.496891	 0.498641	 0.485935	 0.498582	 0.527828	-0.498082	-0.112130
-0.000864	 0.499443	 0.411050	 0.499438	 0.499214	 0.497666	 0.498641	 0.485935	 0.498582	 0.432330	-0.498082	-0.112130
-0.249862	 0.499443	 0.411050	 0.499438	 0.499214	 0.498053	 0.498641	 0.485935	 0.498582	 0.384580	-0.498082	-0.112130
-0.374361	 0.499443	 0.411050	 0.499438	 0.499214	 0.498247	 0.498641	 0.485935	 0.498582	 0.360706	-0.498082	-0.112130
 0.063389	 0.499443	 0.411050	 0.499438	 0.499214	 0.498344	 0.498641	 0.485935	 0.498582	 0.848768	-0.498082	-0.112130
 0.281262	 0.499443	 0.411050	 0.499438	 0.499214	 0.498392	 0.498641	 0.485935	 0.498582	 1.090126	-0.498082	-0.112130
 0.390199	 0.499443	 0.411050	 0.499438	 0.499214	 0.498417	 0.498641	 0.485935	 0.498582	 0.708142	-0.498082	-0.112130
 0.444667	 0.499443	 0.411050	 0.499438	 0.499214	 0.498429	 0.498641	 0.485935	 0.498582	 0.517150	-0.498082	-0.112130
-0.028099	 0.499443	 0.411050	 0.499438	 0.499214	 0.498435	 0.498641	 0.485935	 0.498582	 0.421654	-0.498082	-0.112130
-0.263480	 0.499443	 0.411050	 0.499438	 0.499214	 0.498438	 0.498641	 0.485935	 0.498582	 0.373906	-0.498082	-0.112130
-0.381171	 0.499443	 0.411050	 0.499438	 0.499214	 0.498439	 0.498641	 0.485935	 0.498582	 0.350032	-0.498082	-0.112130
-0.440016	 0.499443	 0.411050	 0.499438	 0.499214	 0.498440	 0.498641	 0.485935	 0.498582	 0.338095	-0.498082	-0.112130
-0.469439	 0.499443	 0.411050	 0.499438	 0.499214	 0.498440	 0.498641	 0.485935	 0.498582	 0.332126	-0.498082	-0.112130
-0.484150	 0.499443	 0.411050	 0.499438	 0.499214	 0.498441	 0.498641	 0.485935	 0.498582	 0.329142	-0.498082	-0.112130
-0.491506	 0.499443	 0.411050	 0.499438	 0.499214	 0.498441	 0.498641	 0.485935	 0.498582	 0.327650	-0.498082	-0.112130
 0.004817	 0.499443	 0.411050	 0.499438	 0.499214	 0.498441	 0.498641	 0.485935	 0.498582	 0.326904	-0.498082	-0.112130
 0.251975	 0.499443	 0.411050	 0.499438	 0.499214	 0.498441	 0.498641	 0.485935	 0.498582	 0.326531	-0.498082	-0.112130
 0.375555	 0.499443	 0.411050	 0.499438	 0.499214	 0.498441	 0.498641	 0.485935	 0.498582	 0.326344	-0.498082	-0.112130
 0.437344	 0.499443	 0.411050	 0.499438	 0.499214	 0.498441	 0.498641	 0.485935	 0.498582	 0.326251	-0.498082	-0.112130
 0.468239	 0.499443	 0.411050	 0.499438	 0.499214	 0.498441	 0.498641	 0.485935	 0.498582	 0.826205	-0.498082	-0.112130
 0.483687	 0.499443	 0.411050	 0.499438	 0.499214	 0.498441	 0.498641	 0.485935	 0.498582	 1.073529	-0.498082	-0.112130
 0.491410	 0.499443	 0.411050	 0.499438	 0.499214	 0.498441	 0.498641	 0.485935	 0.498582	 0.694549	-0.498082	-0.112130
 0.495272	 0.499443	 0.411050	 0.499438	 0.499214	 0.498441	 0.498641	 0.485935	 0.498582	 0.505060	-0.498082	-0.112130
 0.497203	 0.499443	 0.411050	 0.499438	 0.499214	 0.498441	 0.498641	 0.485935	 0.498582	 0.410315	-0.498082	-0.112130
 0.498169	 0.499443	 0.411050	 0.499438	 0.499214	 0.498441	 0.498641	 0.485935	 0.498582	 0.362942	-0.498082	-0.112130
 0.498651	 0.499443	 0.411050	 0.499438	 0.499214	 0.498441	 0.498641	 0.485935	 0.498582	 0.339256	-0.498082	-0.112130
 0.498893	 0.499443	 0.411050	 0.499438	 0.499214	 0.498441	 0.498641	 0.485935	 0.498582	 0.327413	-0.498082	-0.112130
 0.499013	 0.499443	 0.411050	 0.499438	 0.499214	 0.498441	 0.498641	 0.485935	 0.498582	 0.321491	-0.498082	-0.112130
 0.499074	 0.499443	 0.411050	 0.499438	 0.499214	 0.498441	 0.498641	 0.485935	 0.498582	 0.318531	-0.498082	-0.112130
 0.499104	 0.499443	 0.411050	 0.499438	 0.499214	 0.498441	 0.498641	 0.485935	 0.498582	 0.317050	-0.498082	-0.112130
-0.000881	 0.499443	 0.411050	 0.499438	 0.499214	 0.498441	 0.498641	 0.485935	 0.498582	 0.316310	-0.498082	-0.112130
-0.249872	 0.499443	 0.411050	 0.499438	 0.499214	 0.498441	 0.498641	 0.485935	 0.498582	 0.315940	-0.498082	-0.112130
-0.374367	 0.499443	 0.411050	 0.499438	 0.499214	 0.498441	 0.498641	 0.485935	 0.498582	 0.315755	-0.498082	-0.112130
-0.436615	 0.499443	 0.411050	 0.499438	 0.499214	 0.498441	 0.498641	 0.485935	 0.498582	 0.315662	-0.498082	-0.112130
-0.467739	 0.499443	 0.411050	 0.499438	 0.499214	 0.498441	 0.498641	 0.485935	 0.498582	 0.315616	-0.498082	-0.112130
 0.016700	 0.499443	 0.411050	 0.499438	 0.499214	 0.498441	 0.498641	 0.485935	 0.498582	 0.315593	-0.498082	-0.112130
 0.257916	 0.499443	 0.411050	 0.499438	 0.499214	 0.498441	 0.498641	 0.485935	 0.498582	 0.315581	-0.498082	-0.112130
 0.378525	 0.499443	 0.411050	 0.499438	 0.499214	 0.498441	 0.498641	 0.485935	 0.498582	 0.315576	-0.498082	-0.112130
 0.438829	 0.499443	 0.411050	 0.499438	 0.499214	 0.498441	 0.498641	 0.485935	 0.498582	 0.315573	-0.498082	-0.112130
 0.468981	 0.499443	 0.411050	 0.499438	 0.499214	 0.498441	 0.498641	 0.485935	 0.498582	 0.315571	-0.498082	-0.112130
 0.484057	 0.499443	 0.411050	 0.499438	 0.499214	 0.498441	 0.498641	 0.485935	 0.498582	 0.315571	-0.498082	-0.112130
 0.491595	 0.499443	 0.411050	 0.499438	 0.499214	 0.498441	 0.498641	 0.485935	 0.498582	 0.315570	-0.498082	-0.112130
 0.495364	 0.499443	 0.411050	 0.499438	 0.499214	 0.498441	 0.498641	 0.485935	 0.498582	 0.315570	-0.498082	-0.112130
 0.497249	 0.499443	 0.411050	 0.499438	 0.499214	 0.498441	 0.498641	 0.485935	 0.498582	 0.315570	-0.498082	-0.112130
 0.498191	 0.499443	 0.411050	 0.499438	 0.499214	 0.498441	 0.498641	 0.485935	 0.498582	 0.315570	-0.498082	-0.112130
 0.498662	 0.499443	 0.411050	 0.499438	 0.499214	 0.498441	 0.498641	 0.485935	 0.498582	 0.315570	-0.498082	-0.112130
 0.498897	 0.499443	 0.411050	 0.499438	 0.499214	 0.498441	 0.498641	 0.485935	 0.498582	 0.315570	-0.498082	-0.112130
 0.499015	 0.499443	 0.411050	 0.499438	 0.499214	 0.498441	 0.498641	 0.485935	 0.498582	 0.315570	-0.498082	-0.112130
 0.499074	 0.499443	 0.411050	 0.499438	 0.499214	 0.498441	 0.498641	 0.485935	 0.498582	 0.315570	-0.498082	-0.112130
 0.499104	 0.499443	 0.411050	 0.499438	 0.499214	 0.498441	 0.498641	 0.485935	 0.498582	 0.315570	-0.498082	-0.112130
 0.499118	 0.499443	 0.411050	 0.499438	 0.499214	 0.498441	 0.498641	 0.485935	 0.498582	 0.315570	-0.498082	-0.112130
 0.499126	 0.499443	 0.411050	 0.499438	 0.499214	 0.498441	 0.498641	 0.485935	 0.498582	 0.315570	-0.498082	-0.112130
 0.499129	 0.499443	 0.411050	 0.499438	 0.499214	 0.498441	 0.498641	 0.485935	 0.498582	 0.315570	-0.498082	-0.112130
-0.000869	 0.499443	 0.411050	 0.499438	 0.499214	-0.001559	 0.498641	 0.485935	 0.498582	 0.315570	-0.498082	-0.112130
-0.249866	 0.499443	 0.411050	 0.499438	 0.499214	-0.250556	 0.498641	 0.485935	 0.498582	 0.315570	-0.498082	-0.112130
-0.374365	 0.499443	 0.911050	 0.499438	 0.499214	 0.124945	 0.498641	 0.485935	 0.498582	 0.315570	-0.498082	-0.112130
-0.436614	 0.499443	 1.158228	 0.499438	 0.499214	 0.311695	 0.498641	 0.485935	 0.498582	 0.315570	-0.498082	-0.112130
 0.032261	 0.499443	 0.779006	 0.499438	 0.499214	 0.405070	 0.498641	 0.485935	 0.498582	 0.315570	-0.498082	-0.112130
 0.265697	 0.499443	 0.589395	 0.499438	 0.499214	 0.451758	 0.498641	 0.485935	 0.498582	 0.315570	-0.498082	-0.112130
 0.382414	 0.499443	 0.494590	 0.499438	 0.499214	 0.475101	 0.498641	 0.485935	 0.498582	 0.315570	-0.498082	-0.112130
-0.059227	 0.499443	 0.447187	 0.499438	 0.499214	 0.486773	 0.498641	 0.485935	 0.498582	-0.184430	-0.498082	-0.112130
-0.279046	 0.499443	 0.423486	 0.499438	 0.499214	 0.492609	 0.498641	 0.485935	 0.498582	-0.433061	-0.498082	-0.112130
 0.111045	 0.499443	 0.411635	 0.499438	 0.499214	 0.495527	 0.498641	 0.485935	 0.498582	-0.056013	-0.498082	-0.112130
 0.305088	 0.499443	 0.405710	 0.499438	 0.499214	 0.496986	 0.498641	 0.485935	 0.498582	 0.132510	-0.498082	-0.112130
 0.402109	 0.499443	 0.402747	 0.499438	 0.499214	 0.497716	 0.498641	 0.485935	 0.498582	 0.226772	-0.498082	-0.112130
 0.450620	 0.499443	 0.401266	 0.499438	 0.499214	 0.498080	 0.498641	 0.485935	 0.498582	 0.273903	-0.498082	-0.112130
 0.474876	 0.499443	 0.400525	 0.499438	 0.499214	 0.498263	 0.498641	 0.485935	 0.498582	 0.297469	-0.498082	-0.112130
 0.487003	 0.499443	 0.400155	 0.499438	 0.499214	 0.498354	 0.498641	 0.485935	 0.498582	 0.309252	-0.498082	-0.112130
 0.493067	 0.499443	 0.399970	 0.499438	 0.499214	 0.498400	 0.498641	 0.485935	 0.498582	 0.315143	-0.498082	-0.112130
 0.496099	 0.499443	 0.399877	 0.499438	 0.499214	 0.498422	 0.498641	 0.485935	 0.498582	 0.318089	-0.498082	-0.112130
 0.497615	 0.499443	 0.399831	 0.499438	 0.499214	 0.498434	 0.498641	 0.485935	 0.498582	 0.319562	-0.498082	-0.112130
-0.001627	 0.499443	 0.399808	 0.499438	 0.499214	 0.498439	 0.498641	 0.485935	 0.498582	 0.320298	-0.498082	-0.112130
-0.250246	 0.499443	 0.399796	 0.499438	 0.499214	 0.498442	 0.498641	 0.485935	 0.498582	 0.320666	-0.498082	-0.112130
 0.125444	 0.499443	 0.399790	 0.499438	 0.499214	 0.498444	 0.498641	 0.985935	 0.498582	 0.820850	-0.498082	-0.112130
 0.312287	 0.499443	 0.399787	 0.499438	 0.499214	 0.498444	 0.498641	 1.232963	 0.498582	 1.068300	-0.498082	-0.112130
 0.405708	 0.499443	 0.399786	 0.499438	 0.499214	 0.498445	 0.498641	 0.853517	 0.498582	 0.689394	-0.498082	-0.112130
 0.452419	 0.499443	 0.399785	 0.499438	 0.499214	 0.498445	 0.498641	 0.663794	 0.498582	 0.499940	-0.498082	-0.112130
 0.475774	 0.499443	 0.399785	 0.499438	 0.499214	 0.498445	 0.498641	 0.568932	 0.498582	 0.405214	-0.498082	-0.112130
 0.487452	 0.499443	 0.399785	 0.499438	 0.499214	 0.498445	 0.498641	 0.521502	 0.498582	 0.357851	-0.498082	-0.112130
 0.493291	 0.499443	 0.399785	 0.499438	 0.499214	 0.498445	 0.498641	 0.497786	 0.498582	 0.334169	-0.498082	-0.112130
 0.496210	 0.499443	 0.399784	 0.499438	 0.499214	 0.498445	 0.498641	 0.485929	 0.498582	 0.322328	-0.498082	-0.112130
 0.497670	 0.499443	 0.399784	 0.499438	 0.499214	 0.498445	 0.498641	 0.480000	 0.498582	 0.316408	-0.498082	-0.112130
 0.498400	 0.499443	 0.399784	 0.499438	 0.499214	 0.498445	 0.498641	 0.477035	 0.498582	 0.313447	-0.498082	-0.112130
 0.498765	 0.499443	 0.399784	 0.499438	 0.499214	 0.498445	 0.498641	 0.475553	 0.498582	 0.311967	-0.498082	-0.112130
 0.498947	 0.499443	 0.399784	 0.499438	 0.499214	 0.498445	 0.498641	 0.474812	 0.498582	 0.311227	-0.498082	-0.112130
 0.499039	 0.499443	 0.399784	 0.499438	 0.499214	 0.498445	 0.498641	 0.474442	 0.498582	 0.310857	-0.498082	-0.112130
 0.499084	 0.499443	 0.399784	 0.499438	 0.499214	 0.498445	 0.498641	 0.474256	 0.498582	 0.310672	-0.498082	-0.112130
 0.499107	 0.499443	 0.399784	 0.499438	 0.499214	 0.498445	 0.498641	 0.474164	 0.498582	 0.310580	-0.498082	-0.112130
 0.499118	 0.499443	 0.399784	 0.499438	 0.499214	 0.498445	 0.498641	 0.474117	 0.498582	 0.310533	-0.498082	-0.112130
 0.499124	 0.499443	 0.399784	 0.499438	 0.499214	 0.498445	 0.498641	 0.474094	 0.498582	-0.189490	-0.498082	-0.112130
 0.499127	 0.499443	 0.399784	 0.499438	 0.499214	 0.498445	 0.498641	 0.474083	 0.498582	-0.438122	-0.498082	-0.112130
 0.499128	 0.499443	 0.399784	 0.499438	 0.499214	 0.498445	 0.498641	 0.474077	 0.498582	-0.061065	-0.498082	-0.112130
 0.499129	 0.499443	 0.399784	 0.499438	 0.499214	 0.498445	 0.498641	 0.474074	 0.498582	 0.127464	-0.498082	-0.112130
 0.499129	 0.499443	 0.399784	 0.499438	 0.499214	 0.498445	 0.498641	 0.474072	 0.498582	 0.221728	-0.498082	-0.112130
 0.499130	 0.499443	 0.399784	 0.499438	 0.499214	 0.498445	 0.498641	 0.474072	 0.498582	 0.268860	-0.498082	-0.112130
 0.499130	 0.499443	 0.399784	 0.499438	 0.499214	 0.498445	 0.498641	 0.474071	 0.498582	 0.292426	-0.498082	-0.112130
 0.499130	 0.499443	 0.399784	 0.499438	 0.499214	 0.498445	 0.498641	 0.474071	 0.498582	 0.804209	-0.498082	-0.112130
 0.499130	 0.499443	 0.399784	 0.499438	 0.499214	 0.498445	 0.498641	 0.474071	 0.498582	 1.057469	-0.498082	-0.112130
 0.499130	 0.499443	 0.399784	 0.499438	 0.499214	 0.498445	 0.498641	 0.474071	 0.498582	 0.681477	-0.498082	-0.112130
 0.499130	 0.499443	 0.399784	 0.499438	 0.499214	 0.498445	 0.498641	 0.474071	 0.498582	 0.493481	-0.498082	-0.112130
 0.499130	 0.499443	 0.399784	 0.499438	 0.499214	 0.498445	 0.498641	 0.474071	 0.498582	 0.399483	-0.498082	-0.112130
 0.499130	 0.499443	 0.399784	 0.499438	 0.499214	 0.498445	 0.498641	 0.474071	 0.498582	 0.352484	-0.498082	-0.112130
 0.499130	 0.499443	 0.399784	 0.499438	 0.499214	 0.498445	 0.498641	 0.474071	 0.498582	 0.828985	-0.498082	-0.112130
 0.499130	 0.499443	 0.399784	 0.499438	 0.499214	 0.498445	 0.498641	 0.474071	 0.498582	 1.064624	-0.498082	-0.112130
 0.499130	 0.499443	 0.399784	 0.499438	 0.499214	 0.498445	 0.498641	 0.474071	 0.498582	 0.679843	-0.498082	-0.112130
 0.499130	 0.499443	 0.399784	 0.499438	 0.499214	 0.498445	 0.498641	 0.474071	 0.498582	 0.487453	-0.498082	-0.112130
 0.499130	 0.499443	 0.399784	 0.499438	 0.499214	 0.498445	 0.498641	 0.474071	 0.498582	 0.391258	-0.498082	-0.112130
 0.499130	 0.499443	 0.399784	 0.499438	 0.499214	 0.498445	 0.498641	 0.474071	 0.498582	 0.343160	-0.498082	-0.112130
