-0.499901	-0.321600	 0.015677	 0.100760	 0.152766	 0.499441	 0.062483	 0.826619	 0.497688	-1.147535	-0.498483	 0.440868
-0.499901	-0.297909	 0.015188	 0.094851	 0.152766	 0.499441	 0.280358	 0.829168	 0.498109	-1.392945	-0.498483	 0.440865
-0.499901	-0.786064	 0.514944	 0.091896	 0.152766	 0.499441	 0.389296	 0.828779	 0.498319	-1.012373	-0.498483	 0.440864
-0.499901	-1.027593	 0.762793	 0.090418	 0.152766	 0.499441	 0.443765	 0.826928	 0.498425	-0.820823	-0.498483	 0.440863
-0.499901	-1.145820	 0.884696	 0.089679	 0.152766	 0.499441	 0.470999	 0.824352	 0.498477	-0.223790	-0.498483	 0.440863
-0.499901	-1.202405	 0.943634	 0.089310	 0.152766	 0.499441	 0.484616	 0.821420	 0.498504	 0.074727	-0.498483	 0.440863
-0.499901	-0.728179	 0.471098	 0.089125	 0.152766	 0.499441	 0.491425	 0.818318	 0.498517	-0.276015	-0.498483	 0.440863
-0.499901	-0.491066	 0.234830	 0.089033	 0.152766	 0.499441	 0.494829	 0.815136	 0.498523	-0.450132	-0.498483	 0.440863
-0.499901	-0.372510	 0.116696	 0.088987	 0.152766	 0.499441	 0.496531	 0.811921	 0.498527	-0.535943	-0.498483	 0.440863
-0.499901	-0.313232	 0.057629	 0.088964	 0.152766	 0.499441	 0.497382	 0.808696	 0.498528	-0.577604	-0.498483	 0.940863
-0.499901	-0.283593	 0.028095	 0.088952	 0.152766	 0.499441	 0.497808	 0.805473	 0.498529	-0.597196	-0.498483	 1.187981
-0.499901	-0.768773	 0.513329	 0.588946	 0.152766	 0.499441	 0.498021	 0.802257	 0.498530	-0.605759	-0.498483	 1.308670
-0.499901	-1.008856	 0.753948	 0.836766	 0.152766	 0.499441	 0.498127	 0.799051	 0.498530	-0.608812	-0.498483	 1.366156
-0.499901	-0.626399	 0.872269	 0.458506	 0.152766	 0.499441	 0.498180	 0.795856	 0.498530	-0.109114	-0.498483	 0.892051
-0.499901	-0.435170	 0.929448	 0.269376	 0.152766	 0.499441	 0.498207	 0.792673	 0.498530	 0.140735	-0.498483	 0.654999
-0.499901	-0.339556	 0.956064	 0.174811	 0.152766	 0.499441	 0.498220	 0.789503	 0.498530	-0.234341	-0.498483	 0.536473
-0.499901	-0.291749	 0.967407	 0.127529	 0.152766	 0.499441	 0.498227	 0.786345	 0.498530	-0.420660	-0.498483	 0.477210
-0.499901	-0.267846	 0.971121	 0.103888	 0.152766	 0.499441	 0.498230	 0.783200	 0.498530	-0.512606	-0.498483	 0.447578
-0.499901	-0.255894	 0.971028	 0.592067	 0.152766	 0.499441	 0.498232	 0.780067	 0.498530	-0.557369	-0.498483	 0.432762
-0.499901	-0.249918	 0.969040	 0.833996	 0.152766	 0.499441	 0.498233	 0.776947	 0.498530	-0.578547	-0.498483	 0.425355
-0.499901	-0.246930	 0.466112	 0.952809	 0.152766	 0.499441	 0.498233	 0.773839	 0.498530	-0.087936	-0.498483	 0.921651
-0.499901	-0.245436	 0.214648	 1.010072	 0.152766	 0.499441	 0.498233	 0.770744	 0.498530	 0.157369	-0.498483	 1.166963
-0.499901	-0.744689	 0.588916	 0.536569	 0.152766	 0.499441	 0.498233	 0.767661	 0.498530	 0.280022	-0.498483	 1.286794
-0.499901	-0.991828	 0.774123	 0.299817	 0.152766	 0.499441	 0.498233	 0.764590	 0.498530	 0.341348	-0.498483	 1.343897
-0.499901	-0.612919	 0.864808	 0.681442	 0.652766	 0.499441	 0.498233	 0.761532	 0.498530	-0.127989	-0.498483	 1.369646
-0.499901	-0.423465	 0.908240	 0.870128	 0.900460	 0.499441	 0.498233	 0.758485	 0.498530	-0.361462	-0.498483	 1.379730
-0.499901	-0.328738	 0.428052	 0.962353	 0.522011	 0.999441	 0.498234	 0.755451	 0.498530	-0.477009	-0.498483	 0.881992
-0.499901	-0.281374	 0.187959	 1.006357	 0.332786	 1.246442	 0.498234	 0.752430	 0.498530	-0.533598	-0.498483	 0.633123
-0.499901	-0.257692	 0.067912	 1.026258	 0.238174	 1.366955	 0.498234	 0.749420	 0.498530	-0.560712	-0.498483	 0.508689
-0.499901	-0.245851	 0.507888	 1.034116	 0.190868	 0.924237	-0.001766	 0.746422	 0.998530	-0.573093	-0.498483	 0.446472
-0.499901	-0.239931	 0.725981	 1.035961	 0.167215	 0.702878	-0.250763	 0.743437	 1.245533	-0.578113	-0.498483	 0.415363
-0.499901	-0.736971	 0.833139	 1.034808	 0.155388	 0.592199	-0.375261	 0.740463	 1.366049	-0.079456	-0.498483	 0.399809
-0.499901	-0.983023	 0.884837	 1.032164	 0.149475	 0.536859	-0.437510	 0.737501	 1.423334	 0.169872	-0.498483	 0.392032
-0.499901	-0.603590	 0.908813	 1.028783	 0.146519	 0.509189	 0.031365	 0.734551	 1.449016	 0.294536	-0.498483	 0.888143
-0.499901	-0.413874	 0.918936	 1.025042	 0.145040	 0.495354	 0.264802	 0.731613	 1.458907	 0.356868	-0.498483	 1.133430
-0.499901	-0.319016	 0.922139	 0.521129	 0.644301	-0.011563	 0.381521	 0.728686	 0.960915	 0.388034	-0.498483	 0.753316
-0.499901	-0.271587	 0.921890	 0.269172	 0.891644	-0.263985	 0.439880	 0.725772	 0.711919	 0.403617	-0.498483	 0.563260
-0.499901	-0.247873	 0.919922	 0.143194	 1.013038	-0.389163	 0.469060	 0.722868	 0.587421	 0.411409	-0.498483	 0.468231
-0.499901	-0.236015	 0.917102	 0.080205	 0.571466	 0.049276	 0.483650	 0.719977	 0.525172	-0.084695	-0.498483	 0.420717
-0.499901	-0.230087	 0.913864	 0.048710	 0.350680	 0.268496	 0.490945	 0.717097	 0.494047	-0.331586	-0.498483	 0.396960
-0.499901	-0.227122	 0.410423	 0.032963	 0.240287	 0.378106	 0.494592	 0.714229	 0.478485	-0.453874	-0.498483	 0.385081
-0.499901	-0.225640	 0.158703	 0.025089	 0.185090	 0.432911	 0.496416	 0.711372	 0.470704	-0.513866	-0.498483	 0.379142
-0.499901	-0.224899	 0.532843	 0.021152	-0.342508	 0.460314	 0.497328	 0.708526	 0.466814	-0.542714	-0.498483	 0.376172
-0.499901	-0.224529	 0.718099	 0.019184	-0.604567	 0.474015	 0.497784	 0.705692	 0.464868	-0.555995	-0.498483	 0.374687
-0.499901	-0.224343	 0.808920	 0.018200	 0.266137	 0.480865	 0.498012	 0.702869	-0.036104	-0.061497	-0.498483	 0.373945
-0.499901	-0.224251	 0.852531	 0.017707	 0.699215	 0.484291	 0.498126	 0.700058	-0.285517	 0.185752	-0.498483	 0.373574
-0.499901	-0.224204	 0.872545	 0.017461	 0.913490	 0.486003	 0.498183	 0.697258	-0.409153	 0.309376	-0.498483	 0.373388
-0.499901	-0.224181	 0.880766	 0.517338	 1.018372	 0.486860	 0.498211	 0.694469	-0.469905	 1.371189	-0.498483	 0.373295
-0.499901	-0.224170	 0.883099	 0.765242	 1.068566	 0.487288	 0.498225	 0.691691	-0.499220	 1.897229	-0.498483	 0.373249
-0.499901	 0.775836	 0.382495	 0.387168	 1.091426	 0.487502	 0.998232	-0.311076	-1.512821	 2.655402	-0.498483	-0.126774
-0.499901	 1.272287	 0.132192	 0.198131	 1.100627	 0.487609	 1.245240	-0.809832	-2.014568	 3.027662	-0.498483	-0.375532
 0.500099	 3.516975	-0.492959	 0.103613	 1.603008	 0.487662	 1.865759	-2.056592	-2.760409	 4.706992	 0.001517	-0.998663
 0.997098	 4.627796	-0.803298	 0.056353	 1.849988	 0.487689	 2.171046	-2.673366	-3.126317	 5.533884	 0.250514	-1.306984
 1.742610	 6.671729	-0.956241	-0.467276	 1.969283	-0.012297	 2.318736	-3.475172	-4.802287	 7.434609	 0.875013	-1.957914
 2.110390	 7.676265	-1.030493	-0.727109	 2.024754	-0.261266	 2.387649	-3.867522	-5.627315	 8.366300	 1.184263	-2.278162
 2.289323	 8.161171	-1.065410	-0.855052	 2.048329	-0.384730	 2.417192	-4.055177	-6.026924	 8.813550	 1.335901	-2.433089
 2.873853	 9.886331	-1.580668	-0.917057	 2.055973	-0.445446	 2.927070	-4.140518	-6.213876	 9.018654	 0.908745	-3.005376
 3.159202	 10.725689	-1.834105	-0.946102	 2.055667	-0.474791	 3.175135	-4.174738	-6.294550	 9.102758	 0.695167	-3.284365
 3.794987	 11.622238	-1.956649	-0.958674	 2.051404	-0.488455	 3.292322	-5.183429	-6.322137	 9.626436	 0.588378	-3.416732
 4.104018	 12.045474	-2.013762	-0.963017	 2.045178	-0.494283	 3.344096	-5.675391	-6.323231	 9.867975	 0.534983	-3.475818
 4.249707	 13.232155	-2.038177	-0.963254	 2.537987	-0.996197	 3.363191	-5.909037	-6.311129	 10.968525	 1.008286	-3.998291
 4.313761	 13.796658	-2.046259	-0.961446	 2.778330	-1.244158	 3.365974	-6.013575	-6.292480	 11.494662	 1.241974	-4.250485
 4.837032	 14.550187	-2.546192	-0.958622	 2.892464	-1.365154	 3.360628	-6.053607	-6.270608	 11.733689	 1.355867	-4.367578
 5.087947	 14.896344	-2.790066	-0.955299	 2.943518	-1.422680	 3.351244	-6.061436	-6.247174	 11.829257	 1.409874	-4.417154
 5.202727	 15.538938	-2.405935	-0.951733	 2.963056	-1.448482	 3.339869	-6.053212	-6.223010	 11.853192	 1.433950	-4.433009
 5.249482	 15.827871	-2.209826	-0.948054	 2.966860	-1.458435	 3.327524	-6.037010	-6.198530	 11.841405	 1.443071	-4.432039
 4.762267	 15.940105	-2.107744	-0.944326	 2.962820	-1.460474	 3.314722	-6.016868	-6.173942	 12.311852	 1.944728	-4.422692
 4.510109	 15.964117	-2.052691	-0.940581	 2.954883	-1.458569	 3.301716	-5.994803	-6.149350	 12.521511	 2.190663	-4.409191
 4.875515	 16.444146	-2.521170	-0.936834	 3.445020	-1.454703	 3.288636	-5.971825	-6.124804	 12.600878	 1.808758	-4.393650
 5.047736	 16.650313	-2.749430	-0.933095	 3.682219	-1.449869	 3.275545	-5.948438	-6.100330	 12.615201	 1.614952	-4.377123
 5.123406	 16.719683	-2.857605	-0.929367	 3.792979	-1.444561	 3.262475	-5.924895	-6.075942	 12.597104	 1.515206	-4.360138
 5.150843	 16.220790	-2.405760	-0.925651	 3.840552	-1.439029	 3.249441	-5.901321	-6.051645	 12.562897	 1.462502	-4.342959
 5.154205	 15.939900	-2.175930	-0.921949	 3.856562	-1.433396	 3.236451	-5.877778	-6.027441	 12.520736	 1.433331	-4.325719
 5.145571	 15.768137	-2.057123	-0.918262	 3.856822	-1.427724	 3.223509	-5.854298	-6.003333	 12.474699	 1.415937	-4.308481
 5.130980	 16.151062	-1.993843	-0.914589	 3.849238	-1.422044	 3.210617	-5.830897	-5.979321	 12.426823	 1.904443	-4.291280
 5.113452	 16.309457	-1.958342	-0.910931	 3.837762	-1.416371	 3.197775	-5.807581	-5.955404	 12.378127	 2.143910	-4.274131
 5.094496	 16.355719	-1.936745	-0.907287	 3.824372	-1.410713	 3.184985	-5.784354	-5.931582	 12.329120	 1.758877	-4.257043
 5.074867	 16.346046	-1.922117	-0.903658	 3.810055	-1.405074	 3.172245	-5.761219	-5.907856	 12.280056	 1.563612	-4.240019
 5.054942	 16.308537	-2.410988	-0.900044	 3.795305	-1.399456	 3.159556	-5.738175	-5.884225	 12.231062	 1.963243	-4.223061
 5.034909	 16.257240	-2.649623	-0.896444	 3.780369	-1.393859	 3.146918	-5.715223	-5.860688	 12.182201	 2.158333	-4.206170
 5.014863	 16.199180	-2.263165	-0.892858	 3.765370	-0.888284	 3.134330	-5.692362	-5.837245	 12.133504	 2.251171	-4.189345
 4.994850	 16.137867	-2.066182	-0.889286	 3.750370	-0.635496	 3.121793	-5.669593	-5.813896	 12.084986	 2.292902	-4.172588
 4.974894	 16.075058	-1.963952	-0.885729	 3.735399	-0.509103	 3.109306	-5.646915	-5.790640	 12.036654	 2.309099	-4.155898
 4.955007	 16.011629	-1.909114	-0.882186	 3.720472	-0.445906	 3.096869	-5.624327	-5.767478	 12.488511	 2.312546	-4.139275
 4.935192	 15.948018	-1.877986	-0.878658	 3.705598	-0.414307	 3.084481	-5.601830	-5.744408	 12.688559	 2.309638	-4.122717
 4.915455	 16.384444	-2.358729	-0.875143	 3.690780	-0.398508	 3.572143	-5.579422	-5.721430	 12.762806	 1.803570	-4.106227
 4.895794	 16.569015	-2.593421	-0.871642	 3.676018	-0.390609	 3.807855	-5.557105	-5.698545	 12.774255	 1.547942	-4.089802
 4.876212	 16.627793	-2.205111	-0.868156	 3.661315	-0.886659	 3.417623	-5.534876	-5.675750	 12.254408	 1.917543	-4.573442
 4.856707	 16.623809	-2.007322	-0.864683	 3.646670	-1.131918	 3.216453	-5.512737	-5.653047	 11.971016	 2.097769	-4.805149
 4.837281	 16.588578	-2.404809	-0.861224	 3.632084	-0.751794	 3.109837	-4.490686	-5.630435	 12.305944	 2.183326	-4.910928
 4.817932	 16.537855	-2.597947	-0.857780	 3.617556	-0.561732	 3.050523	-3.972723	-5.607914	 12.448127	 2.221567	-4.953784
 4.798660	 16.479520	-2.188935	-0.854348	 3.603086	-0.966701	 3.014883	-4.706832	-5.585482	 12.494038	 1.736167	-4.465219
 4.779465	 16.417509	-1.980868	-0.850931	 3.588673	-1.166442	 2.991105	-5.063005	-5.563140	 12.491913	 1.490966	-4.212983
 4.760347	 16.353793	-1.873290	-0.847527	 3.574319	-1.263580	 2.973281	-5.230253	-5.540887	 12.465871	 1.365874	-4.078944
 4.741306	 16.289355	-1.815969	-0.844137	 3.560021	-0.809427	 2.958458	-5.303082	-5.518724	 11.927970	 1.300847	-4.004034
 4.722341	 16.224686	-1.783791	-0.840761	 3.545781	-0.582351	 2.945160	-5.328744	-5.496649	 11.636240	 1.265861	-3.958721
 4.703452	 15.660032	-1.764199	-0.837398	 3.531598	-0.468813	 2.932647	-5.330867	-5.474662	 9.967686	 0.745907	-3.428238
 4.684638	 15.347514	-1.750914	-0.834048	 3.517472	-0.412044	 2.920550	-5.321262	-5.452764	 9.116810	 0.485929	-3.157201
 3.165899	 11.161185	-1.740796	-0.830712	 2.003402	-0.883660	 1.908684	-4.305837	-4.430953	 4.674841	-0.144059	-2.015910
 2.403236	 9.054071	-1.732276	-0.827389	 1.246367	-1.116757	 1.400958	-3.791543	-3.913229	 2.453856	-0.457505	-1.443515
 1.018623	 4.486619	-1.224568	-0.824079	 0.367850	-0.730606	 0.145309	-3.027842	-2.647576	 0.843364	-0.612687	-0.655576
 0.326316	 2.202894	-0.969280	-0.820783	-0.070388	-0.537530	-0.480296	-2.641463	-2.011986	 0.039652	-0.688741	-0.261606
-0.019837	 1.061031	-0.840209	-0.817500	-0.288489	-0.440992	-0.790886	-2.443763	-1.691438	-0.360676	-0.725239	-0.064621
-0.692914	-0.009900	-0.774251	-0.814230	-0.896527	 0.107277	-0.943978	-1.840421	-1.028422	-2.559318	-0.741965	 0.533871
-1.026720	-0.543204	-0.739855	-0.810973	-1.197537	 0.380100	-1.018330	-1.536276	-0.696914	-3.649123	-0.748810	 0.830853
-1.190902	-2.807703	-0.221246	-0.807729	-1.845044	 0.515206	-1.553321	-0.881739	-0.531160	-3.684548	-0.750721	 0.977088
-1.270283	-3.929808	 0.038058	-0.804498	-2.163813	 0.581458	-1.816639	-0.554471	-0.448283	-3.694820	-0.750172	 1.047959
-1.307274	-4.480757	 0.167710	-0.801280	-1.818232	 0.613289	-1.944139	-0.390836	 0.093155	-4.192546	-0.748398	 1.081157
-1.323081	-4.746168	 0.232537	-0.798075	-1.642497	 0.627914	-2.003745	-0.309019	 0.362605	-4.432029	-0.746018	 1.095527
-1.328307	-4.868850	 0.264950	-0.794883	-2.051695	 0.133941	-2.029422	-0.268111	 0.496066	-4.042427	-0.743340	 1.100492
-1.328253	-4.920208	 0.281156	-0.791703	-2.251373	-0.113045	-2.038150	-0.247657	 0.561538	-3.840320	-0.740520	 1.100764
-1.325569	-4.935944	 0.289259	-0.788536	-2.346309	-0.236538	-2.038420	-0.237429	 0.593019	-3.731991	-0.737635	 1.098698
-1.321582	-4.433909	 0.293311	-0.285382	-2.388895	 0.201715	-2.034478	-0.232316	 0.607511	-3.670578	-0.734723	 1.095471
-1.316953	-4.175027	 0.295337	-0.033805	-2.405325	 0.419562	-2.028446	-0.229759	 0.613513	-3.632654	-0.731803	 1.091674
-1.312014	-4.537754	 0.296350	 0.091983	-1.908697	 0.027211	-1.521385	-0.228481	 0.615275	-3.606502	-0.728885	 1.087599
-1.306930	-4.709317	 0.296856	 0.154878	-1.657558	-0.168965	-1.265826	-0.227841	 0.614922	-3.586266	-0.725974	 1.083395
-1.301784	-4.285336	 0.297109	 0.186325	-1.529176	 0.232947	-1.136025	-0.227522	 0.613516	-3.069015	-0.723073	 1.079134
-1.296618	-4.065623	 0.297236	 0.202048	-1.462184	 0.432634	-1.069113	-0.227362	 0.611589	-2.805287	-0.720182	 1.074854
-1.291452	-3.948075	 0.297299	 0.209910	-1.425897	 0.531212	-1.033652	-0.227282	 0.609406	-3.168339	-0.717302	 1.070573
-1.286297	-3.881640	 0.297331	 0.213841	-1.404974	 0.579242	-1.013926	-0.227242	 0.607100	-3.342803	-0.714433	 1.066300
-1.281157	-3.840792	 0.297347	 0.215806	-1.391745	 0.602002	-1.002074	-0.227222	 0.604738	-3.423000	-0.711575	 1.062039
-1.276035	-3.812768	 0.297355	 0.216789	-1.382373	 0.612133	-0.994168	 0.272788	 0.602352	-2.956092	-0.708729	 1.057793
-1.270932	-3.791187	 0.297359	 0.217280	-1.374941	 0.615953	-0.988242	 0.521247	 0.599959	-2.717660	-0.705894	 1.053563
-1.265849	-3.772857	 0.297361	 0.217526	-1.368490	 0.616624	-0.983314	 0.643937	 0.597567	-2.593485	-0.703071	 1.049350
-1.260786	-3.756183	 0.297362	 0.217649	-1.362541	 0.615725	-0.978894	 0.703749	 0.595181	-2.526459	-0.700258	 1.045152
-1.255743	-3.740367	 0.297362	 0.217710	-0.856853	 0.614046	-0.974735	 0.732128	 1.092803	-2.988028	-0.697457	 1.540972
-1.250720	-3.725010	 0.297362	 0.217741	-1.104009	 0.611982	-0.970714	 0.744797	 1.338432	-2.711912	-0.694667	 1.284808
-1.245717	-3.709912	 0.297362	 0.217756	-1.224885	 0.609730	-0.966770	 0.749616	 1.458079	-2.568983	-0.691889	 1.154669
-1.240734	-3.694973	 0.297363	 0.217764	-1.282631	 0.607389	-0.962873	 0.750517	 1.514747	-2.492667	-0.689121	 1.087550
-1.235771	-3.680144	 0.297363	 0.217768	-1.808823	 0.605008	-0.959006	 0.749464	 1.039938	-2.449676	-0.686365	 1.551950
-1.230828	-3.665398	 0.297363	 0.217770	-2.067249	 0.602612	-0.955162	 0.747441	 0.801404	-2.423367	-0.683619	 1.780117
-1.225905	-3.650725	 0.297363	 0.217771	-1.691811	 0.600214	-0.951338	 0.744939	 1.181010	-2.905418	-0.680885	 1.390184
-1.221001	-3.636115	 0.297363	 0.217771	-1.501459	 0.597820	-0.947531	 0.742203	 1.367693	-3.139669	-0.678161	 1.193217
-1.216117	-3.621568	 0.797363	-0.282228	-1.403661	 0.595431	-0.943739	 0.739356	 0.957925	-2.750046	-0.675449	 1.592741
-1.211253	-3.607080	 1.044768	-0.530664	-1.352150	 0.593051	-0.939964	 0.736459	 0.751945	-2.550514	-0.672747	 1.788519
-1.206408	-3.592651	 1.165886	-0.153323	-1.323794	 0.590680	-0.936204	 0.733544	 1.147863	-2.446046	-0.670056	 1.382439
-1.201582	-3.578280	 1.223871	 0.035347	-1.307024	 0.588317	-0.932459	 0.730625	 1.342734	-2.389129	-0.667376	 1.177446
-1.196776	-3.563967	 1.250300	 0.129682	-1.296059	 0.585964	-0.928729	 0.727710	 1.437095	-2.356006	-0.664706	 1.073005
-1.191989	-3.549711	 0.760961	 0.176850	-1.288007	 0.583620	-0.925014	 0.724803	 1.481212	-2.834799	-0.662047	 1.018847
-1.187221	-3.535512	 0.516292	 0.200433	-1.281420	 0.581286	-0.921314	 0.721906	 1.500220	-3.067568	-0.659399	 0.989839
-1.182472	-3.521370	 0.393957	 0.212225	-1.275578	 0.578961	-0.917629	 0.719019	 1.506686	-2.677352	-0.656761	 1.473413
-1.177742	-3.507284	 0.332789	 0.218121	-1.270117	 0.576645	-0.913958	 0.716143	 1.506892	-2.477670	-0.654134	 1.711286
-1.173031	-3.493255	 0.302206	 0.221069	-1.264857	 0.574339	-0.910302	 0.713279	 1.503981	-2.373273	-0.651518	 1.326325
-1.168339	-3.479282	 0.286914	 0.222543	-1.259708	 0.572041	-0.906661	 0.710426	 1.499524	-2.316536	-0.648912	 1.131961
-1.163666	-3.465365	 0.279268	 0.223280	-1.254624	 0.569753	-0.903035	 0.707584	 1.494305	-2.783649	-0.646316	 1.032904
-1.159011	-3.451503	 0.275445	 0.223649	-1.249583	 0.567474	-0.899422	 0.704754	 1.488717	-3.010703	-0.643731	 0.981508
-1.154375	-3.437697	 0.273534	 0.223833	-1.244574	 0.565204	-0.895825	 0.701935	 1.482957	-3.117755	-0.641156	 0.953950
-1.149757	-3.423947	 0.272578	 0.223925	-0.739590	 0.562943	-0.892241	 0.699127	 0.977123	-3.164831	-0.638591	 0.938318
-1.145158	-3.410251	 0.272100	 0.223971	-0.487098	 0.560692	-0.888673	 0.696331	 0.724205	-3.181946	-0.636037	 0.928656
-1.140578	-3.396610	 0.271861	 0.223994	-0.860852	 0.558449	-0.885118	 0.693546	 1.097747	-3.184105	-0.633493	 0.921988
-1.136015	-3.383023	 0.271742	 0.224006	-1.045260	 0.556215	-0.881577	 0.690771	 1.281575	-3.178812	-0.630959	 0.916823
-1.131471	-3.369491	 0.771682	 0.224011	-1.135004	 0.553990	-0.878051	 0.188008	 1.370558	-3.169818	-0.628435	 0.912417
-1.126945	-3.356013	 1.019109	 0.224014	-1.177427	 0.551774	-0.874539	-0.063373	 1.412131	-3.159000	-0.625921	 0.908398
-1.122438	-3.342589	 0.640289	 0.224016	-1.196199	 0.549567	-0.871041	 0.310936	 1.430010	-2.647294	-0.623418	 1.404580
-1.117948	-3.329219	 0.450879	 0.224016	-1.203155	 0.547369	-0.867557	 0.496720	 1.436053	-2.387170	-0.620924	 1.648869
-1.113476	-3.315902	 0.356174	 0.224017	-1.204212	 0.545179	-0.864086	 0.588247	 1.436191	-2.252854	-0.618440	 1.767227
-1.109022	-3.302638	 0.808822	 0.224017	-1.202331	 0.542999	-0.860630	 1.132651	 1.433387	-2.181459	-0.615966	 1.322635
-1.104586	-3.289428	 1.032623	 0.224017	-1.198989	 0.540827	-0.857187	 1.401499	 1.429124	-2.141541	-0.613503	 1.098583
-1.100168	-3.276270	 0.642010	 0.224017	-1.194927	 0.538663	-0.853759	 1.032582	 0.924143	-2.117379	-0.611049	 0.984808
-1.095767	-3.263165	 0.446704	 0.224017	-1.190514	 0.536509	-0.850344	 0.846797	 0.671652	-2.101112	-0.608604	 0.926179
-1.091384	-3.250112	 0.349051	 0.224017	-0.685935	 0.534363	-0.846942	 0.752582	 1.045407	-2.088808	-0.606170	 0.895129
-1.087018	-3.237112	 0.300224	 0.224017	-0.433646	 0.532225	-0.843555	 0.704157	 1.229446	-2.078503	-0.603745	 0.877876
-1.082670	-3.224164	 0.275811	 0.224017	-0.807501	 0.530096	-0.840180	 0.678634	 1.318638	-2.069215	-0.601330	 0.867528
-1.078340	-3.211267	 0.263605	 0.224017	-0.992066	 0.527976	-0.836820	 0.664566	 1.360419	-2.060451	-0.598925	 0.860640
-1.074026	-3.198422	 0.257501	 0.224017	-1.081996	 0.525864	-0.833472	 0.656231	 1.378505	-2.051965	-0.596529	 0.855488
-1.069730	-3.185628	 0.254450	 0.224017	-0.624616	 0.523761	-0.830138	 1.150768	 1.384755	-2.043635	-0.594143	 0.851211
-1.065451	-3.172886	 0.252924	 0.224017	-0.395927	 0.521665	-0.826818	 1.394745	 1.385097	-2.035400	-0.591767	 0.847379
-1.061190	-3.160194	 0.252161	 0.224017	-0.281582	 0.519579	-0.823511	 1.013457	 1.382498	-2.027228	-0.589400	 0.843776
-1.056945	-3.147553	 0.251779	 0.224017	-0.224410	 0.517500	-0.820217	 0.821548	 1.378438	-2.019104	-0.587042	 0.840294
-1.052717	-3.134963	 0.251589	 0.224017	-0.695823	 0.015430	-0.816936	 0.724335	 1.373660	-2.011020	-0.584694	 0.836880
-1.048506	-3.122423	 0.251493	 0.224017	-0.929196	-0.235605	-0.813668	 0.674474	 1.368533	-2.002972	-0.582355	 0.833505
-1.044312	-3.109934	 0.251446	 0.224017	-1.043557	 0.138878	-0.810413	 0.648294	 1.363243	-1.994958	-0.580026	 0.830158
-1.040135	-3.097494	 0.251422	 0.224017	-1.098422	 0.325093	-0.807172	 0.633960	 1.357882	-1.986977	-0.577706	 0.826831
-1.035974	-3.085104	 0.251410	 0.224017	-1.123547	 0.417177	-0.803943	 0.625553	 1.352496	-1.979029	-0.575395	 0.823520
-1.031830	-3.072763	 0.251404	 0.224017	-1.133813	 0.462201	-0.800727	 0.620116	 1.347109	-2.471112	-0.573093	 0.820224
-1.027703	-3.060472	 0.251401	 0.224017	-1.136657	 0.483698	-0.797524	 0.616168	 1.341732	-2.711228	-0.570801	 0.816943
-1.023592	-3.048231	 0.251399	 0.224017	-0.635801	 0.493437	-0.794334	 0.612969	 1.336371	-2.325383	-0.568518	 0.813674
-1.019498	-3.036038	 0.251399	 0.224017	-0.385372	 0.497300	-0.791157	 0.610151	 1.331028	-2.128581	-0.566243	 0.810420
-1.015420	-3.023893	 0.251398	 0.224017	-0.760158	 0.498229	-0.787992	 0.607527	 1.325706	-2.026317	-0.563978	 0.807178
-1.011358	-3.011798	 0.251398	 0.224017	-0.945281	 0.498693	-0.784840	 0.605005	 1.320403	-1.971337	-0.561723	 0.803949
-1.007313	-2.999751	 0.251398	 0.224017	-0.535582	 0.498925	-0.781701	 0.602539	 1.315122	-1.940014	-0.559476	 0.800733
-1.003284	-2.987752	 0.251398	 0.224017	-0.330732	 0.499042	-0.778574	 0.600106	 1.309862	-1.920535	-0.557238	 0.797530
-0.999270	-2.975801	 0.251398	 0.224017	-0.228308	 0.499100	-0.775460	 0.597694	 1.304622	-1.906994	-0.555009	 0.794340
-0.995273	-2.963897	 0.251398	 0.224017	-0.177095	 0.499129	-0.772358	 0.595297	 1.299404	-1.896436	-0.552789	 0.791163
-0.991292	-2.952042	 0.251398	 0.224017	-0.151489	 0.499143	-0.769268	 0.592913	 1.294206	-1.887385	-0.550578	 0.787998
-0.987327	-2.940234	 0.251398	 0.724017	-0.638686	-0.000850	-0.766191	 0.590540	 1.289030	-2.379103	-0.548375	 0.784846
-0.983378	-2.928473	 0.251398	 0.971569	-0.880032	-0.249844	-0.763127	 0.588177	 1.283874	-2.619221	-0.546182	 0.781707
-0.979444	-2.916759	 0.251398	 0.592907	-0.498463	 0.125658	-0.760074	 0.585824	 1.278738	-2.233561	-0.543997	 0.778580
-0.975526	-2.905092	 0.251398	 0.403576	-0.307678	 0.312407	-0.757034	 0.583481	 1.273623	-2.037035	-0.541821	 0.775466
-0.971624	-2.893471	 0.251398	 0.308910	-0.212286	 0.405782	-0.754006	 0.581147	 1.268529	-1.935091	-0.539654	 0.772364
-0.967738	-2.881898	 0.251398	 0.261577	-0.164590	 0.452469	-0.750990	 0.578822	 1.263454	-1.880453	-0.537495	 0.769274
-0.963867	-2.870370	 0.251398	 0.237911	-0.140742	 0.475813	-0.747986	 0.576507	 1.258401	-1.849482	-0.535345	 0.766197
-0.960011	-2.858889	 0.751398	 0.226078	-0.628818	 0.487485	-0.744994	 0.574201	 1.253367	-1.830360	-0.533204	 0.763132
-0.956171	-2.847453	 0.998895	 0.220161	-0.870622	 0.493321	-0.742014	 0.571904	 1.248354	-1.817176	-0.531071	 0.760080
-0.952347	-2.836063	 0.620151	 0.217203	-0.989299	 0.496239	-0.739046	 1.069616	 1.243360	-1.806976	-0.528947	 0.757040
-0.948537	-2.824719	 0.430779	 0.215724	-1.046422	 0.497697	-0.736090	 1.315338	 1.238387	-1.798283	-0.526831	 0.754011
-0.944743	-2.813420	 0.336093	 0.214984	-1.072776	-0.001573	-0.733145	 0.935077	 1.233433	-1.790357	-0.524724	 1.250995
-0.940964	-2.802166	 0.288750	 0.214614	-1.083755	-0.250207	-0.730213	 0.743836	 1.228499	-1.782829	-0.522625	 1.495991
-0.937200	-2.790958	 0.765078	 0.214429	-1.587055	 0.125477	-0.727292	 0.647111	 1.223585	-1.775514	-0.520534	 1.115007
-0.933452	-2.779794	 1.000760	 0.214337	-1.834524	 0.312316	-0.724383	 0.597647	 1.218691	-1.768321	-0.518452	 0.923047
-0.929718	-2.768675	 1.116128	 0.214291	-1.954095	 0.405736	-0.721485	 0.571819	 1.213816	-1.761202	-0.516378	 0.825605
-0.925999	-2.257600	 0.671348	 0.214268	-1.009733	 0.452445	-0.718599	 0.557813	 1.208961	-1.754134	-0.514313	 0.775428
-0.922295	-1.998570	 0.448959	 0.214256	-0.537552	 0.475800	-0.715725	 0.549723	 1.204125	-1.747106	-0.512256	 0.748889
-0.918606	-2.365575	 0.337764	 0.214250	-0.301461	 0.487478	-0.712862	 0.544594	 1.199309	-1.740112	-0.510207	 0.734174
-0.914931	-2.543613	 0.282167	 0.214247	-0.183416	 0.493316	-0.710010	 0.540951	 1.194512	-1.733148	-0.508166	 0.725378
-0.911272	-2.627189	 0.254368	 0.214246	-0.124393	 0.496236	-0.707170	 1.038055	 1.189733	-1.726214	-0.506133	 0.719547
-0.907626	-2.663555	 0.240469	 0.214245	-0.094882	 0.497696	-0.704342	 1.283536	 1.184975	-1.719309	-0.504108	 0.715204
-0.903996	-2.676338	 0.733519	 0.214245	-0.080126	 0.498425	-0.701524	 0.903219	 1.180235	-1.712431	-0.502092	 0.711611
-0.900380	-2.677351	 0.977591	 0.214245	-0.072749	 0.498790	-0.698718	 0.712015	 1.175514	-1.705581	-0.500084	 0.708398
-0.896778	-2.672501	 0.597184	 0.214245	-0.069060	 0.498973	-0.695923	 0.615371	 1.170812	-1.698759	-0.499079	 1.205381
-0.893191	-2.664741	 0.406980	 0.214245	-0.067215	 0.499064	-0.693140	 0.566011	 1.166128	-1.691964	-0.498577	 1.450468
-0.889619	-2.655547	 0.311878	 0.214245	-0.066293	 0.499110	-0.690367	 0.540298	 1.161464	-1.685196	-0.498326	 1.569621
-0.886060	-2.645657	-0.235673	 0.214245	-0.065832	 0.499132	-0.187606	 0.526413	 1.156818	-1.678455	-0.498201	 1.125819
-0.882516	-2.635441	-0.507882	 0.214245	-0.065601	 0.499144	 0.063775	 0.518445	 1.152191	-1.671741	-0.498138	 0.902555
-0.878986	-2.625082	-0.142426	 0.214245	-0.065486	 0.499149	-0.310535	 1.013440	 1.147582	-1.665054	-0.498107	 0.789564
-0.875470	-2.614673	 0.040302	 0.214245	-0.065428	 0.499152	-0.496320	 1.257921	 1.142992	-1.658394	-0.498091	 0.731715
-0.871968	-2.604260	 0.131666	-0.285755	-0.065400	 0.499154	-0.587848	 0.877156	 1.138420	-1.651761	-0.498083	 0.701443
-0.868480	-2.593866	 0.177348	-0.534184	-0.065385	 0.499154	-0.632253	 0.686774	 1.133866	-1.645154	-0.498079	 0.684965
-0.865006	-2.083502	 0.200189	-0.156833	-0.065378	 0.499155	-1.153103	 0.591583	 1.129331	-1.638573	-0.498077	 0.675388
-0.861546	-1.825174	 0.211609	 0.031843	-0.065374	 0.499155	-1.410180	 0.543987	 1.124813	-1.632019	-0.498076	 0.669269
-0.858100	-1.692876	 0.217319	 0.126180	-0.065373	 0.499155	-1.535383	 0.520189	 1.120314	-1.625491	-0.498076	 0.664883
-0.854668	-2.123606	 0.220175	 0.173349	-0.065372	 0.499155	-1.094664	 1.008291	 1.115833	-1.618989	-0.498076	 0.661368
-0.851249	-2.333862	 0.221602	 0.196934	-0.065371	 0.499155	-0.872997	 1.249348	 1.111369	-1.612513	-0.498075	 0.658296
-0.847844	-2.433902	 0.222316	 0.208726	-0.065371	 0.499155	-0.760860	 1.366896	 1.106924	-1.606063	-0.498075	 0.655449
-0.844453	-2.478854	 0.222673	 0.214622	-0.065371	 0.499155	-0.703495	 1.422702	 1.102496	-1.599638	-0.498075	 0.652720
-0.841075	-2.496283	 0.222851	 0.217570	-0.065371	 0.499155	-0.673520	 0.947647	 1.098086	-1.593240	-0.498075	 0.650056
-0.837710	-2.499970	 0.222940	 0.219044	-0.065371	 0.499155	-0.657245	 0.710120	 1.093694	-1.586867	-0.498075	 0.647429
-0.834360	-2.496806	 0.222985	 0.219781	-0.065371	-0.000845	-0.647826	 1.091356	 1.089319	-1.580519	-0.498075	 0.644826
-0.831022	-2.490236	 0.223007	 0.220150	-0.065371	-0.249843	-0.641839	 1.279029	 1.084962	-1.574197	-0.498075	 0.642240
-0.827698	-2.481984	 0.223019	 0.220334	-0.065371	-0.374342	-0.637574	 1.369932	 1.080622	-1.567901	-0.498075	 0.639668
-0.824387	-2.472911	 0.223024	 0.220426	-0.065371	 0.063408	-1.134175	 0.912462	 1.076299	-1.561629	-0.498075	 0.637107
-0.821090	-2.463447	 0.223027	 0.220472	-0.065371	 0.281281	-1.379214	 0.683727	 1.071994	-1.555382	-0.498075	 0.634558
-0.817805	-2.453806	 0.223028	 0.220495	-0.065371	-0.109783	-0.998485	 0.569360	 1.067706	-1.549161	-0.498075	 0.632019
-0.814534	-2.444098	 0.223029	 0.220507	-0.065371	-0.304313	-0.806885	 0.512176	 1.063435	-1.542964	-0.498075	 0.629491
-0.811276	-2.434375	 0.223029	 0.220512	-0.065371	 0.098422	-0.709854	 0.983584	 1.059182	-1.536792	-0.498075	 0.626973
-0.808031	-2.424664	 0.223030	 0.220515	-0.065371	 0.298788	-0.660114	 1.216378	 1.054945	-1.530645	-0.498075	 0.624465
-0.804799	-2.414979	 0.223030	 0.220517	-0.065371	 0.398970	-0.634022	 1.329877	 1.050725	-2.024523	-0.498075	 0.621967
-0.801580	-2.405326	 0.223030	 0.220517	-0.065371	 0.449061	-0.619761	 1.383739	 1.046522	-2.266425	-0.498075	 0.619479
-0.798373	-2.395708	 0.223030	 0.220518	-0.065371	 0.474107	-0.611419	 1.407796	 1.042336	-2.382359	-0.498075	 0.617002
-0.795180	-2.386127	 0.723030	 0.220518	-0.065371	 0.486630	-0.606042	 0.916960	 1.038167	-1.935329	-0.498075	 0.614533
-0.791999	-2.376583	 0.970584	 0.220518	-0.065371	 0.492891	-0.602152	 0.671542	 1.034014	-1.708838	-0.498075	 0.612075
-0.788831	-2.367077	 0.591924	 0.220518	-0.065371	 0.496022	-0.099011	 1.048833	 1.029878	-1.592628	-0.498075	 0.609627
-0.785676	-2.357609	 0.402595	 0.220518	-0.065371	 0.497587	 0.152560	 1.234626	 1.025759	-1.531570	-0.498075	 0.607189
-0.782533	-2.348179	 0.807930	 0.220518	-0.065371	-0.001630	-0.221655	 0.824682	 1.021656	-1.498100	-0.498075	 0.604760
-0.779403	-2.338786	 1.008171	 0.220518	-0.065371	-0.250237	-0.407570	 0.619710	 1.017569	-1.478435	-0.498075	 0.602341
-0.776285	-2.329431	 0.605875	-0.279482	-0.065371	 0.125460	-0.499341	 0.517224	 1.013499	-1.465686	-0.498075	 0.599931
-0.773180	-2.320113	 0.404726	-0.527923	-0.065371	 0.312306	-0.544044	 0.465981	 1.009445	-1.456405	-0.498075	 0.597532
-0.770087	-2.310833	 0.304152	-0.650591	-0.065371	 0.405728	-0.565218	 0.440360	 1.005407	-1.448870	-0.498075	 0.595142
-0.767007	-2.301589	 0.253865	-0.210378	-0.065371	 0.452440	-0.574633	 0.927549	 1.001385	-1.442220	-0.498075	 0.592761
-0.763939	-2.292383	 0.228722	 0.009728	-0.065371	 0.475796	-0.578172	 1.168314	 0.997380	-1.436024	-0.498075	 0.590390
-0.760883	-2.283213	 0.216150	 0.119781	-0.065371	 0.487474	-0.578778	 1.285878	 0.993390	-1.430067	-0.498075	 1.088028
-0.757840	-2.274081	 0.209864	 0.174808	-0.065371	 0.493313	-0.577922	 1.341854	 0.989417	-1.424240	-0.498075	 1.333676
-0.754808	-2.264984	 0.206721	 0.202321	-0.065371	-0.003768	-0.576340	 1.367046	 0.985459	-1.418489	-0.498075	 0.953342
-0.751789	-2.255924	 0.205150	 0.216078	-0.065371	-0.251307	-0.574400	 1.376857	 0.981517	-1.412789	-0.498075	 0.762028
-0.748782	-2.246901	 0.204364	-0.277044	-0.065371	 0.124924	-0.072284	 1.378990	 0.977591	-1.407124	-0.498075	 1.165230
-0.745787	-2.237913	 0.203971	-0.522064	-0.065371	 0.312037	 0.178773	 1.377294	 0.973681	-1.401489	-0.498075	 1.363694
-0.742804	-2.228961	 0.203775	-0.643040	-0.065371	 0.405594	 0.304302	 1.373694	 0.969786	-1.395880	-0.498075	 1.459802
-0.739832	-2.220045	 0.203677	-0.202000	-0.065371	 0.452372	 0.367066	 1.369155	 0.965907	-1.390294	-0.498075	 1.504744
-0.736873	-2.211165	 0.203627	 0.018520	-0.065371	 0.475761	 0.398449	 1.364155	 0.962043	-1.384732	-0.498075	 1.524116
-0.733926	-2.202321	 0.203603	 0.128780	-0.065371	-0.012544	-0.085860	 1.358938	 0.958195	-1.379193	-0.498075	 1.530714
-0.730990	-2.193511	 0.203591	 0.183910	-0.065371	-0.255695	-0.326874	 1.353621	 0.954362	-1.373676	-0.498075	 1.530939
-0.728066	-1.684737	 0.203584	 0.711475	-0.065371	 0.122729	 0.053754	 1.348266	 0.950545	-1.368181	-0.498075	 1.027989
-0.725154	-1.427998	 0.203581	 0.972779	-0.065371	 0.310939	 0.244069	 1.342903	 0.946743	-1.362708	-0.498075	 0.775464
-0.722253	-1.797286	 0.703580	 0.600963	-0.065371	 0.405044	 0.339226	 0.837546	 0.942956	-1.357258	-0.498075	 0.648156
-0.719364	-1.977597	 0.951172	 0.415055	-0.065371	 0.452097	 0.386804	 0.584868	 0.939184	-1.351829	-0.498075	 0.583460
-0.716487	-2.063437	 1.072570	 0.322101	-0.065371	 0.475623	 0.410594	 0.458529	 0.935427	-1.346421	-0.498075	 0.550074
-0.713621	-2.102058	 1.130882	 0.275624	-0.065371	-0.012614	 0.422488	 0.895359	 0.931685	-1.341036	-0.498075	 1.032348
-0.710766	-2.117087	 1.157659	 0.252386	-0.065371	-0.255731	 0.428436	 1.111110	 0.927959	-1.335671	-0.498075	 1.270456
-0.707923	-2.120338	 0.668679	 0.240766	-0.065371	 0.122711	 0.431409	 0.716332	 0.924247	-1.330329	-0.498075	 0.886493
-0.705091	-2.117716	 0.424189	 0.234957	-0.065371	 0.310929	 0.432896	 0.518943	 0.920550	-1.325007	-0.498075	 0.693506
-0.702271	-1.612175	 0.301944	 0.232052	-0.065371	 0.405039	 0.433640	 0.420248	 0.916868	-1.319707	-0.498075	 0.596012
-0.699462	-1.357191	 0.240821	 0.230599	-0.065371	 0.452093	 0.434011	 0.370901	 0.913200	-1.314429	-0.498075	 0.547264
-0.696664	-1.227494	 0.710260	 0.229873	-0.065371	 0.475620	 0.434197	 0.846227	 0.909547	-1.309171	-0.498075	 1.022891
-0.693878	-1.160451	 0.942620	 0.229510	-0.065371	 0.487384	 0.434290	 1.081247	 0.905909	-1.303934	-0.498075	 1.257707
-0.691102	-1.124742	 1.056450	 0.229329	-0.065371	 0.493266	 0.434337	 1.196125	 0.902286	-1.298718	-0.498075	 1.372130
-0.688338	-1.604710	 0.611024	 0.229238	-0.065371	 0.496207	 0.434360	 1.250942	 0.898676	-1.293524	-0.498075	 0.926369
-0.685584	-1.840524	 0.388312	 0.229192	-0.065371	 0.497677	 0.434371	 1.275738	 0.895082	-1.288349	-0.498075	 0.703488
-0.682842	-1.954279	 0.276955	 0.729170	-0.065371	 0.498413	-0.065623	 1.285536	 0.891501	-1.283196	-0.498075	 0.592047
-0.680111	-2.007020	 0.221277	 0.976700	-0.065371	 0.498780	-0.314489	 1.287844	 0.887935	-1.278063	-0.498075	 0.536327
-0.677390	-2.029271	 0.193438	 0.598017	-0.065371	 0.498964	 0.062205	 1.286417	 0.884384	-1.272951	-0.498075	 0.508467
-0.674681	-2.036293	 0.179518	 0.408675	-0.065371	 0.499056	 0.250552	 1.283134	 0.880846	-1.267859	-0.498075	 0.494537
-0.671982	-1.535718	-0.327441	 0.314004	-0.065371	 0.499102	 0.344725	 1.278933	 0.877323	-1.262788	-0.498075	 0.487572
-0.669294	-1.283360	-0.579253	 0.266669	-0.065371	 0.499125	 0.391812	 1.274283	 0.873813	-1.257737	-0.498075	 0.484089
-0.666617	-1.155119	-0.703496	 0.243001	-0.065371	 0.499136	 0.415356	 1.269419	 0.870318	-1.252706	-0.498075	 0.482348
-0.663950	-1.588945	 0.236038	 0.231167	-0.065371	 0.499142	 0.427127	 1.264457	 0.866837	-1.247695	-0.498075	 0.481478
-0.661294	-1.801812	 0.703454	 0.225250	-0.065371	 0.499145	 0.433013	 1.259458	 0.863370	-1.242704	-0.498075	 0.481042
-0.658649	-1.904216	 0.934820	 0.722292	-0.065371	 0.499146	-0.064044	 1.254449	 0.859916	-1.237733	-0.498075	 0.480825
-0.656015	-1.951405	 1.048170	 0.968374	-0.065371	 0.499147	-0.311450	 1.249446	 0.856476	-1.232782	-0.498075	 0.480716
-0.653391	-1.971003	 0.602523	 0.588986	-0.065371	 0.499147	 0.065964	 1.244455	 0.853051	-1.227851	-0.498075	 0.480661
-0.650777	-1.976820	 0.379699	 0.399292	-0.065371	 0.499148	 0.254671	 1.239481	 0.849638	-1.222940	-0.498075	 0.480634
-0.648174	-1.975763	 0.268287	 0.304445	-0.065371	 0.499148	 0.349025	 1.234525	 0.846240	-1.718048	-0.498075	 0.980621
-0.645581	-1.971286	 0.212581	 0.257022	-0.065371	 0.499148	 0.396202	 1.229588	 0.842855	-1.961176	-0.498075	 1.227653
-0.642999	-1.965113	 0.184728	 0.233310	-0.065371	 0.499148	 0.419790	 1.224670	 0.839483	-2.078331	-0.498075	 1.348219
-0.640427	-1.958109	 0.170801	 0.221454	-0.065371	 0.499148	 0.431585	 1.219771	 0.836125	-1.632518	-0.498075	 0.905565
-0.637865	-1.950705	 0.163838	 0.215526	-0.065371	 0.499148	 0.437482	 1.214892	 0.832781	-1.407238	-0.498075	 0.684238
-0.635314	-1.943116	 0.660357	 0.212562	-0.065371	 0.499148	 0.440430	 1.210033	 0.829450	-1.292234	-0.498075	 0.573574
-0.632773	-1.935451	 0.906302	 0.211080	-0.065371	 0.499148	 0.441904	 1.205193	 0.826132	-1.232377	-0.498075	 0.518242
-0.630241	-1.927762	 0.526970	 0.210339	-0.065371	 0.499148	 0.442642	 1.200372	 0.822828	-1.200104	-0.498075	 0.490577
-0.627720	-1.920078	 0.337304	 0.209969	-0.065371	 0.499148	 0.443010	 1.195571	 0.819536	-1.181632	-0.498075	 0.476744
-0.625210	-1.412411	 0.242471	 0.209784	-0.065371	 0.499148	 0.443194	 1.190788	 0.816258	-1.170069	-0.498075	 0.469827
-0.622709	-1.156768	 0.195055	 0.209691	-0.065371	 0.499148	 0.443287	 1.186025	 0.812993	-1.161971	-0.498075	 0.466369
-0.620218	-1.027145	 0.171347	 0.209645	-0.065371	 0.499148	 0.443333	 1.181281	 0.809741	-1.155614	-0.498075	 0.464640
-0.617737	-1.460538	 0.159493	 0.209622	-0.065371	 0.499148	 0.443356	 1.176556	 0.806502	-1.150137	-0.498075	 0.463775
-0.615266	-1.673446	 0.153566	 0.209610	-0.065371	 0.499148	 0.443367	 1.171850	 0.803276	-1.145109	-0.498075	 0.463343
-0.612805	-1.776128	 0.150602	 0.209604	-0.065371	 0.499148	 0.443373	 1.167162	 0.800063	-1.140315	-0.498075	 0.463127
-0.610354	-1.823711	 0.149120	 0.209601	-0.065371	 0.499148	 0.443376	 1.162494	 0.796863	-1.135647	-0.498075	 0.463019
-0.607912	-1.843760	 0.648379	 0.209600	-0.065371	 0.499148	-0.056623	 1.157844	 0.793675	-1.131051	-0.498075	 0.462965
-0.605481	-1.850057	 0.895714	 0.209599	-0.065371	 0.499148	-0.305509	 1.153212	 0.790501	-1.126500	-0.498075	 0.462938
-0.603059	-1.849493	 0.517095	 0.209599	-0.065371	 0.499148	 0.071157	 1.148600	 0.787339	-1.121981	-0.498075	 0.462924
-0.600647	-1.845513	 0.327785	 0.209599	-0.065371	 0.499148	 0.259490	 1.144005	 0.784189	-1.117486	-0.498075	 0.462917
-0.598244	-1.839840	 0.233130	 0.209598	-0.065371	 0.499148	 0.353656	 1.139429	 0.781052	-1.113013	-0.498075	 0.462914
-0.595851	-1.833335	 0.185803	 0.209598	-0.065371	 0.499148	 0.400740	 0.634871	 0.777928	-1.108559	-0.498075	 0.462912
-0.593468	-1.826429	 0.162139	 0.209598	-0.065371	 0.499148	 0.424281	 0.382593	 0.774817	-1.104124	-0.498075	 0.462911
-0.591094	-1.819337	 0.150308	 0.709598	-0.065371	-0.000852	 0.436052	 0.756453	 0.771717	-1.099707	-0.498075	 0.462911
-0.588729	-1.812166	 0.144392	 0.957179	-0.065371	-0.249850	 0.441937	 0.941123	 0.768630	-1.095308	-0.498075	 0.462911
-0.586374	-1.804971	 0.641434	 0.578560	-0.065371	 0.125650	 0.444880	 1.031206	 0.765556	-1.090927	-0.498075	 0.462911
-0.584029	-1.797778	 0.887678	 0.389251	-0.065371	 0.312398	 0.446351	 1.074005	 0.762494	-1.086563	-0.498075	 0.462911
-0.581693	-1.290600	 1.008532	 0.294596	-0.065371	 0.405773	 0.447087	 1.093171	 0.759444	-1.082217	-0.498075	 0.962911
-0.579366	-1.035444	 1.066700	 0.247268	-0.065371	 0.452460	 0.447455	 1.100529	 0.756406	-1.077888	-0.498075	 1.209985
-0.577049	-1.406306	 0.593535	 0.223605	-0.065371	 0.475803	 0.447639	 0.601993	 0.753380	-1.073577	-0.498075	 0.830608
-0.574740	-1.588182	 0.356952	 0.211773	-0.065371	 0.487475	 0.447731	 0.352724	 0.750367	-1.069282	-0.498075	 0.640919
-0.572441	-1.675580	 0.238661	 0.205857	-0.065371	 0.493311	 0.447777	 0.228090	 0.747365	-1.065005	-0.498075	 0.546075
-0.570152	-1.215753	 0.179515	 0.202899	-0.065371	 0.496229	 0.447800	 0.165773	 0.744376	-1.060745	-0.498075	 0.998653
-0.567871	-0.984328	 0.149942	 0.201420	-0.065371	 0.497688	 0.447811	 0.134615	 0.741398	-1.056502	-0.498075	 1.222039
-0.565600	-0.867110	 0.135156	 0.200680	-0.065371	 0.498417	 0.447817	 0.619035	 0.738433	-1.052276	-0.498075	 0.830842
-0.563337	-0.807001	 0.127762	 0.200311	-0.065371	 0.498782	 0.447820	 0.859039	 0.735479	-1.048067	-0.498075	 0.635243
-0.561084	-1.275452	 0.124066	 0.200126	-0.065371	 0.498964	 0.447821	 0.976842	 0.732537	-1.043875	-0.498075	 0.537444
-0.558839	-1.506190	 0.122217	 0.200033	-0.065371	 0.499055	 0.447822	 1.033555	 0.729607	-1.039699	-0.498075	 0.488544
-0.556604	-1.618086	 0.121293	 0.199987	-0.065371	 0.499101	-0.052178	 1.059731	 0.726689	-1.035540	-0.498075	 0.964094
-0.554378	-1.670573	 0.120831	 0.199964	-0.065371	 0.499124	-0.301073	 1.070647	 0.723782	-1.031398	-0.498075	 1.198990
-0.552160	-1.693371	 0.120600	 0.199953	-0.065371	 0.499135	-0.424421	 1.073942	 0.720887	-1.027273	-0.498075	 1.313570
-0.549952	-1.201337	 0.620485	 0.199947	-0.065371	 0.499141	 0.015001	 1.073435	 0.718003	-1.023164	-0.498075	 0.868004
-0.547752	-0.953902	 0.868186	 0.199944	-0.065371	 0.499144	 0.234712	 1.071035	 0.715131	-1.019071	-0.498075	 0.645221
-0.545561	-1.328771	 0.489805	 0.199942	-0.065371	 0.499145	 0.344567	 1.067698	 0.712271	-1.014995	-0.498075	 1.033829
-0.543379	-1.512799	 0.300615	 0.199942	-0.065371	 0.499146	 0.399495	 1.063901	 0.709421	-1.010935	-0.498075	 1.225288
-0.541205	-1.601419	 0.206019	 0.199941	-0.065371	 0.499146	 0.426959	 1.059882	 0.706584	-1.006891	-0.498075	 0.818184
-0.539040	-1.642349	 0.158722	 0.199941	-0.065371	 0.499146	 0.440691	 1.055761	 0.703757	-1.002863	-0.498075	 0.614633
-0.536884	-1.659447	 0.135073	 0.699941	-0.065371	 0.499147	 0.447556	 0.551597	 0.700942	-0.998852	-0.498075	 0.512857
-0.534736	-1.664643	 0.123248	 0.947541	-0.065371	 0.499147	 0.450989	 0.299515	 0.698139	-0.994857	-0.498075	 0.461969
-0.532598	-1.663902	 0.117336	 1.068951	-0.065371	 0.499147	 0.452706	 0.173474	 0.695346	-0.990877	-0.498075	 0.436525
-0.530467	-1.160205	 0.114380	 0.627275	-0.065371	 0.499147	 0.453564	 0.610454	 0.692565	-0.986914	-0.498075	 0.423803
-0.528345	-0.907043	 0.112902	 0.406437	-0.065371	 0.499147	 0.453993	 0.826849	 0.689794	-0.982966	-0.498075	 0.417442
-0.526232	-1.279154	 0.112163	 0.296018	-0.065371	 0.499147	 0.454208	 0.932960	 0.687035	-0.979034	-0.498075	 0.414261
-0.524127	-1.461908	 0.111794	 0.240809	-0.065371	 0.499147	 0.454315	 0.983937	 0.684287	-0.975118	-0.498075	 0.412671
-0.522030	-1.549995	 0.611609	 0.213204	-0.065371	 0.499147	 0.454369	 1.007356	 0.681550	-0.971217	-0.498075	 0.411876
-0.519942	-1.590762	 0.859294	 0.199402	-0.065371	 0.499147	 0.454396	 1.017004	 0.678824	-0.967333	-0.498075	 0.411478
-0.517863	-1.107883	 0.480922	 0.192500	-0.065371	 0.499147	-0.045591	 1.019774	 0.676108	-0.963463	-0.498075	 0.911279
-0.515791	-0.865193	 0.291736	 0.189050	-0.065371	 0.499147	-0.294493	 1.019115	 0.673404	-0.959609	-0.498075	 1.158358
-0.513728	-0.742604	 0.197143	 0.187324	-0.065371	 0.499147	-0.417857	 1.016748	 0.670710	-0.955771	-0.498075	 1.279086
-0.511673	-1.180069	 0.649847	 0.186462	-0.065371	 0.499147	 0.021543	 1.013536	 0.668028	-0.951948	-0.498075	 0.836651
-0.509626	-1.395566	 0.873994	 0.186031	-0.065371	 0.499147	 0.241243	 1.009909	 0.665355	-0.948140	-0.498075	 0.615433
-0.507588	-1.000093	 0.483871	 0.185815	-0.065371	 0.499147	 0.351093	 1.006083	 0.662694	-0.944348	-0.498075	 0.504824
-0.505557	-0.801147	 0.288809	 0.185707	-0.065371	 0.499147	 0.406018	 1.002166	 0.660043	-0.940570	-0.498075	 0.449520
-0.503535	-1.200469	 0.691278	 0.685653	-0.565371	-0.000853	-0.066519	 0.998210	 0.657403	-0.936808	-0.498075	 0.421868
-0.501521	-1.396931	 0.890326	 0.933255	-0.813240	-0.249852	-0.301710	 0.994244	 0.654774	-0.933061	-0.498075	 0.408041
-0.500514	-0.991975	 0.487670	 0.554694	-0.435052	 0.125649	 0.081769	 0.990281	 0.652154	-0.929328	-0.498075	 0.901128
-0.500011	-0.788323	 0.286343	 0.365414	-0.245959	 0.312397	 0.273508	 0.986326	 0.649546	-0.925611	-0.498075	 1.144883
-0.499759	-0.685328	 0.185679	 0.270774	-0.151412	 0.405771	 0.369377	 0.982384	 0.646948	-0.921909	-0.498075	 1.263984
-0.499633	-1.132666	 0.135347	 0.723453	-0.104138	 0.452458	 0.417312	 0.978456	 0.644360	-0.918221	-0.498075	 0.820768
-0.499570	-1.353174	 0.110181	 0.947441	-0.080502	 0.475802	 0.441280	 0.974543	 0.641782	-0.914548	-0.498075	 0.599160
-0.499538	-0.960281	 0.097598	 0.557092	-0.068683	 0.487474	 0.453263	 0.970646	 0.639215	-0.910890	-0.498075	 0.488356
-0.499523	-0.762700	 0.091307	 0.361918	-0.062774	 0.493310	 0.459255	 0.966763	 0.636658	-0.907246	-0.498075	 0.432954
-0.499515	-0.662779	 0.588161	 0.764330	-0.059819	 0.496227	 0.462251	 0.962896	 0.634112	-0.903617	-0.498075	 0.405253
-0.499511	-0.611693	 0.834418	 0.963203	-0.058342	 0.497686	 0.463749	 0.959045	 0.631575	-0.900003	-0.498075	 0.391402
-0.499509	-0.585029	 0.455385	 1.060316	-0.057604	 0.498416	 0.464498	 0.955209	 0.629049	-0.896403	-0.498075	 0.384477
-0.499508	-0.570580	 0.265869	 1.106557	-0.057234	 0.498781	 0.464873	 0.951388	 0.626533	-0.892817	-0.498075	 0.381014
-0.499507	-0.562243	 0.171111	 1.127372	-0.057050	 0.498963	 0.465060	 0.947582	 0.624027	-0.889246	-0.498075	 0.379283
-0.499507	-0.556967	 0.623732	 0.635483	-0.056957	 0.499054	 0.465153	 0.943792	 0.621531	-0.885689	-0.498075	 0.378417
-0.499507	-0.553226	 0.847889	 0.389539	-0.056911	 0.499100	 0.465200	 0.940017	 0.619044	-0.882146	-0.498075	 0.377984
-0.499507	-1.050256	 0.457824	 0.266566	-0.056888	 0.499123	 0.465224	 0.936257	 0.616568	-1.378618	-0.498075	 0.377768
-0.499507	-1.295677	 0.262791	 0.205080	-0.056876	 0.499134	 0.465235	 0.932512	 0.614102	-1.623103	-0.498075	 0.377660
-0.499507	-0.915305	 0.165275	 0.174337	-0.056871	 0.499140	 0.465241	 0.928782	 0.611646	-1.241611	-0.498075	 0.877606
-0.499507	-0.724049	 0.116517	 0.158966	-0.056868	 0.499143	 0.465244	 0.925066	 0.609199	-1.049144	-0.498075	 1.124824
-0.499507	-1.127355	 0.092138	 0.651280	-0.056866	 0.499144	 0.465246	 0.921366	 0.606762	-0.951198	-0.498075	 0.745688
-0.499507	-1.325947	 0.079948	 0.895150	-0.056866	 0.499145	 0.465246	 0.917681	 0.604335	-0.900518	-0.498075	 0.556121
-0.499507	-1.422194	 0.073854	 1.014807	-0.056865	 0.499145	 0.465247	 0.914010	 0.601918	-0.873478	-0.498075	 0.461337
-0.499507	-0.967281	 0.070806	 1.072366	-0.056865	-0.000855	 0.465247	 0.910354	 0.599510	-0.858266	-0.498075	 0.913945
-0.499507	-0.738799	 0.069283	 1.098886	-0.056865	-0.249853	 0.465247	 0.906712	 0.597112	-0.848973	-0.498075	 1.137516
-0.499507	-1.123538	 0.068521	 0.609895	-0.056865	 0.125648	 0.465247	 0.903086	 0.594724	-0.842648	-0.498075	 0.746579
-0.499507	-1.312891	 0.068140	 0.365400	-0.056865	 0.312396	 0.465247	 0.899473	 0.592345	-0.837812	-0.498075	 0.551111
-0.499507	-0.904563	 0.567949	 0.243152	-0.056865	 0.405770	 0.465247	 0.895875	 0.589975	-0.833729	-0.498075	 0.453377
-0.499507	-0.700398	 0.815719	 0.182028	-0.056865	 0.452457	 0.465247	 0.892292	 0.587615	-0.830028	-0.498075	 0.404510
-0.499507	-1.098316	 0.937476	 0.151466	-0.056865	 0.475801	 0.465247	 0.888723	 0.585265	-0.826524	-0.498075	 0.380076
-0.499507	-1.294283	 0.996237	 0.136186	-0.056865	 0.487472	 0.465247	 0.885168	 0.582924	-0.823127	-0.498075	 0.367859
-0.499507	-1.389286	 1.023507	 0.128545	-0.056865	 0.493308	 0.465247	 0.881627	 0.580592	-0.819788	-0.498075	 0.361751
-0.499507	-0.933819	 0.535040	 0.124725	-0.056865	 0.496226	 0.465247	 0.878101	 0.578270	-0.816486	-0.498075	 0.358697
-0.499507	-0.706085	 0.290807	 0.122815	-0.056865	 0.497685	 0.465247	 0.874588	 0.575957	-0.813209	-0.498075	 0.357170
-0.499507	-0.592218	 0.168690	 0.121860	-0.056865	-0.001585	 0.465247	 0.871090	 0.573653	-0.809950	-0.498075	 0.356406
-0.499507	-0.535285	 0.107632	 0.121382	-0.056865	-0.250219	 0.465247	 0.867606	 0.571358	-0.806708	-0.498075	 0.356024
-0.499507	-0.506818	 0.577103	 0.621143	-0.056865	 0.125464	 0.465247	 0.864135	 0.569073	-0.803479	-0.498075	 0.355834
-0.499507	-0.492585	 0.809745	 0.868782	-0.056865	 0.312304	 0.465247	 0.860679	 0.566797	-0.800265	-0.498075	 0.355738
-0.499507	-0.485468	 0.423982	 0.990369	-0.056865	 0.405723	 0.465247	 0.857236	 0.564529	-0.797063	-0.498075	 0.855690
-0.499507	-0.481910	 0.231100	 1.048938	-0.056865	 0.452433	 0.465247	 0.853807	 0.562271	-0.793875	-0.498075	 1.102955
-0.499507	-0.480130	 0.134659	 1.076008	-0.056865	 0.475788	 0.465247	 0.850392	 0.560022	-0.790699	-0.498075	 1.223887
-0.499507	-0.479241	 0.086438	 0.587336	-0.056865	 0.487466	 0.465247	 0.846990	 0.557782	-0.787537	-0.498075	 0.781664
-0.499507	-0.478796	 0.062328	 0.343001	-0.056865	 0.493304	 0.465247	 0.843602	 0.555551	-0.784386	-0.498075	 0.560552
-0.499507	-0.478574	 0.050273	 0.720833	-0.056865	 0.496224	 0.465247	 0.840228	 0.553329	-0.781249	-0.498075	 0.449996
-0.499507	-0.478463	 0.044246	 0.907552	-0.056865	 0.497683	 0.465247	 0.836867	 0.551116	-0.778124	-0.498075	 0.394718
-0.499507	-0.478407	 0.541232	 0.998722	-0.056865	 0.498413	 0.465247	 0.833519	 1.048911	-0.775011	-0.498075	 0.367079
-0.499507	-0.478379	 0.787648	 1.042128	-0.056865	 0.498778	 0.465247	 0.830185	 1.294715	-0.771911	-0.498075	 0.353259
-0.499507	-0.478365	 0.908789	 0.561660	-0.056865	 0.498961	 0.465247	 0.826865	 0.914537	-0.768824	-0.498075	 0.346350
-0.499507	-0.478358	 0.967299	 0.321426	-0.056865	 0.499052	 0.465247	 0.823557	 0.723378	-0.765748	-0.498075	 0.342895
-0.499507	-0.478355	 0.994502	 0.201309	-0.056865	 0.499097	 0.465247	 0.820263	 0.626735	-0.762685	-0.498075	 0.341167
-0.499507	-0.478353	 1.006061	 0.141250	-0.056865	 0.499120	 0.465247	 0.816982	 0.577353	-0.759635	-0.498075	 0.340304
-0.499507	-0.478352	 1.009805	 0.111221	-0.056865	 0.499132	 0.465247	 0.813714	 0.551606	-0.756596	-0.498075	 0.339872
-0.499507	-0.478352	 0.509650	 0.096206	-0.056865	 0.499137	 0.465247	 0.810459	 0.537681	-0.753570	-0.498075	 0.839656
-0.499507	-0.478352	 0.259572	 0.088699	-0.056865	 0.499140	 0.465247	 0.807217	 0.529671	-0.750555	-0.498075	 1.086869
-0.499507	-0.478351	 0.634533	 0.584945	-0.056865	 0.499142	 0.465247	 0.803988	 0.524622	-0.747553	-0.498075	 0.707807
-0.499507	-0.478351	 0.819995	 0.830906	-0.056865	 0.499142	 0.465247	 0.800772	 0.521059	-0.744563	-0.498075	 0.518277
-0.499507	-0.478351	 0.910715	 0.951733	-0.056865	 0.499143	 0.465247	 0.797569	 0.518242	-0.741585	-0.498075	 0.423511
-0.499507	-0.478351	 0.954072	 1.010001	-0.056865	 0.499143	 0.465247	 0.794379	 0.515803	-0.738618	-0.498075	 0.376129
-0.499507	-0.478351	 0.973755	 1.036999	-0.056865	 0.499143	 0.465247	 0.791201	 0.513557	-0.735664	-0.498075	 0.352437
-0.499507	-0.978351	 0.481610	 0.548369	-0.056865	 0.499143	 0.465247	 0.788037	 0.511411	-0.732721	-0.498075	 0.340592
-0.499507	-1.225395	 0.235538	 0.304055	-0.056865	 0.499143	 0.465247	 0.784885	 0.509320	-0.729790	-0.498075	 0.334669
-0.499507	-0.845971	 0.112502	 0.681897	-0.056865	 0.499143	 0.465247	 0.781745	 0.507260	-0.726871	-0.498075	 0.331707
-0.499507	-0.656260	 0.050984	 0.868699	-0.056865	 0.499143	 0.465247	 0.778618	 0.505219	-0.723964	-0.498075	 0.330227
-0.499507	-0.561404	 0.520224	 0.459989	-0.056865	 0.499143	 0.465247	 0.775504	 0.503192	-0.721068	-0.498075	 0.329486
-0.499507	-0.513976	 0.752866	 0.255634	-0.056865	 0.499143	 0.465247	 0.772402	 0.501177	-0.718184	-0.498075	 0.329116
-0.499507	-0.490262	 0.367216	 0.153457	-0.056865	 0.499143	 0.465247	 0.769312	 0.500169	-0.715311	-0.498075	 0.328931
-0.499507	-0.478405	 0.174391	 0.102368	-0.056865	 0.499143	 0.465247	 0.766235	 0.499665	-0.712450	-0.498075	 0.328838
-0.499507	-0.472477	 0.077978	 0.076824	-0.056865	 0.499143	 0.465247	 0.763170	 0.499413	-0.709600	-0.498075	 0.328792
-0.499507	-0.469512	 0.529772	 0.564051	-0.056865	 0.499143	 0.465247	 0.760117	 0.499287	-0.706761	-0.498075	 0.828769
-0.499507	-0.468030	 0.753706	 0.805563	-0.056865	 0.499143	 0.465247	 0.757077	 0.499224	-0.703934	-0.498075	 1.076100
-0.499507	-0.467289	 0.363717	 0.924224	-0.056865	 0.499143	 0.465247	 0.754048	 0.499193	-0.701119	-0.498075	 0.697119
-0.499507	-0.466919	 0.168723	 0.981469	-0.056865	 0.499143	 0.465247	 0.751032	 0.499177	-0.698314	-0.498075	 0.507628
-0.499507	-0.466733	 0.071226	 1.008014	-0.056865	 0.499143	 0.465247	 0.748028	 0.499169	-0.695521	-0.498075	 0.412882
-0.499507	-0.466641	 0.022477	 1.019218	-0.056865	 0.499143	 0.465247	 0.745036	 0.499165	-0.692739	-0.498075	 0.365510
-0.499507	-0.466594	-0.001897	 0.522759	-0.056865	 0.499143	 0.465247	 0.742056	 0.499163	-0.689968	-0.498075	 0.841823
