-0.329124	 0.496990	 0.498502	-0.009656	-0.377881	 0.124433	 0.699951	 0.416789	 0.499432	 0.748666	-0.021126	 0.499323
-0.329124	 0.498451	 0.498502	-0.204062	-0.438671	 0.311304	 0.885253	 0.416789	 0.499432	 0.745793	-0.022602	 0.499323
-0.329124	-0.000819	 0.498502	 0.198735	 0.030934	-0.095260	 0.975762	 0.416789	 0.499432	 0.242871	-0.023340	 0.499323
-0.329124	-0.249453	 0.498502	 0.398930	 0.264735	-0.297539	 1.018884	 0.416789	 0.499432	-0.008591	-0.023709	 0.499323
-0.329124	-0.373771	 0.498502	 0.497829	 0.381636	-0.398678	 1.038321	 0.416789	 0.499432	-0.134321	-0.023894	 0.499323
-0.329124	 0.064071	 0.498502	 0.546086	 0.440087	-0.449248	 0.545924	 0.416789	 0.499432	 0.302814	-0.023986	 0.499323
-0.329124	 0.281987	 0.498502	 0.569025	 0.469312	-0.474532	 0.299726	 0.416789	 0.499432	 0.519901	-0.024032	 0.499323
-0.329124	 0.390946	 0.498502	 0.579311	 0.483924	-0.487175	 0.176627	 0.416789	 0.499432	 0.626971	-0.024055	 0.499323
-0.329124	 0.445425	 0.498502	 0.583275	 0.491231	-0.493496	 0.115077	 0.416789	 0.499432	 0.179038	-0.024067	 0.499323
-0.329124	 0.472665	 0.498502	 0.584082	 0.494884	-0.496657	 0.084302	 0.416789	 0.499432	-0.044929	-0.024072	 0.499323
-0.329124	 0.486284	 0.498502	 0.083316	 0.496710	 0.001763	 0.568915	 0.416789	 0.499432	-0.156912	-0.024075	 0.499323
-0.329124	 0.493094	 0.498502	-0.167067	 0.497624	 0.249973	 0.809114	 0.416789	 0.499432	-0.212904	-0.024077	 0.499323
-0.329124	 0.496499	 0.498502	 0.207741	 0.498080	-0.125923	 0.927115	 0.416789	 0.499432	 0.259100	 0.475922	 0.499323
-0.329124	 0.498202	 0.498502	 0.393981	 0.498309	-0.312867	 0.984025	 0.416789	 0.499432	 0.493640	 0.723970	 0.499323
-0.329124	 0.499053	 0.498502	-0.014060	 0.498423	 0.093661	 0.510399	 0.416789	 0.499432	 0.609454	 0.346050	 0.499323
-0.329124	 0.499479	 0.498502	-0.218081	 0.498480	 0.295925	 0.273585	 0.416789	 0.499432	 0.665910	 0.157090	 0.499323
-0.329124	 0.499691	 0.498502	-0.320091	 0.498508	 0.397057	 0.155179	 0.416789	 0.499432	 0.692693	 0.062610	 0.499323
-0.329124	 0.499798	 0.498502	-0.371096	 0.498523	-0.052377	 0.095975	 0.416789	 0.499432	 0.704646	 0.015370	 0.499323
-0.329124	 0.499851	 0.498502	-0.396599	 0.498530	-0.276091	 0.066373	 0.416789	 0.499432	 0.709189	-0.008250	 0.499323
-0.329124	 0.499878	 0.498502	 0.090650	 0.498533	 0.112052	 0.051573	 0.416789	 0.499432	 0.710033	-0.020060	 0.499323
-0.329124	 0.499891	 0.498502	 0.333119	 0.498535	 0.305124	 0.044172	 0.416789	 0.499432	 0.709034	-0.025965	 0.499323
-0.329124	 0.499898	 0.498502	 0.453202	 0.498536	-0.098341	 0.040472	 0.416789	 0.499432	 0.707118	 0.471083	 0.499323
-0.329124	 0.499901	 0.498502	 0.512097	 0.498536	-0.299069	 0.038622	 0.416789	 0.499432	 0.704749	 0.717670	 0.499323
-0.329124	 0.499903	 0.498502	 0.540402	 0.498537	 0.100566	 0.037697	 0.416789	 0.499432	 0.702160	 0.339035	 0.499323
-0.329124	 0.499903	 0.498502	 0.553418	 0.498537	 0.299384	 0.037234	 0.416789	 0.499432	 0.699467	 0.149718	 0.499323
-0.329124	 0.499904	 0.498502	 0.558792	 0.498537	 0.398793	 0.037003	 0.416789	 0.499432	 0.696726	 0.055059	 0.499323
-0.329124	 0.499904	 0.498502	 0.060351	 0.498537	 0.448497	 0.536887	 0.916789	 0.499432	 0.193968	 0.507730	 0.499323
-0.329124	 0.499904	 0.498502	-0.188869	 0.498537	 0.473349	 0.784756	 1.163956	 0.499432	-0.057411	 0.732144	 0.499323
-0.329124	-0.000096	 0.498502	-0.313479	 0.498537	-0.014225	 0.406625	 0.784717	 0.499432	-0.183100	 0.342438	 0.499323
-0.329124	-0.249096	 0.498502	-0.375784	 0.498537	-0.257008	 0.217560	 0.595097	 0.499432	-0.245945	 0.147586	 0.499323
-0.329124	-0.373595	 0.498502	 0.093063	-0.001463	 0.121600	 0.123027	 0.500287	 0.499432	-0.277367	 0.050159	 0.499323
-0.329124	-0.435845	 0.498502	 0.326363	-0.250460	 0.309904	 0.075761	 0.452882	 0.499432	-0.293079	 0.001446	 0.499323
-0.829124	-0.466970	 0.498502	-0.058106	 0.125041	-0.095944	 0.052127	 0.429180	 0.499432	-0.300934	-0.022911	 0.499323
-1.076466	-0.482533	 0.498502	-0.250341	 0.311791	-0.297865	 0.040311	 0.417329	 0.499432	-0.304862	-0.035089	 0.499323
-1.197489	-0.490314	 0.498502	-0.346458	 0.405166	-0.398825	 0.034403	 0.411403	 0.499432	-0.306826	-0.041178	 0.499323
-0.755364	 0.005795	 0.498502	-0.394517	 0.451853	-0.449305	 0.031448	 0.408440	 0.499432	-0.307808	-0.044223	 0.499323
-0.534301	 0.252846	 0.498502	-0.418546	 0.475197	-0.474545	 0.029971	 0.406959	 0.499432	-0.308299	-0.045745	 0.499323
-0.423770	-0.123628	 0.498502	-0.430561	-0.013131	-0.487165	 0.029233	 0.406218	-0.000568	-0.308544	-0.046506	 0.499323
-0.368504	-0.310866	 0.498502	-0.436568	-0.256292	-0.493475	 0.028864	 0.405848	-0.249567	-0.308667	-0.046887	 0.499323
-0.340871	-0.404484	-0.001498	-0.439572	 0.122127	-0.496630	 0.028679	 0.405663	-0.374066	-0.308728	-0.047077	 0.499323
-0.327055	-0.451293	-0.250495	-0.441074	 0.310336	-0.498208	 0.028587	 0.405570	-0.436316	-0.308759	-0.047172	 0.499323
-0.320146	-0.474698	-0.374993	-0.441825	-0.095560	-0.498996	 0.028540	 0.405524	 0.032559	-0.308774	-0.047220	 0.499323
-0.316692	-0.486400	-0.437243	-0.442200	-0.297505	-0.499391	 0.028517	 0.405501	 0.265994	-0.308782	-0.047244	 0.499323
-0.314965	-0.492251	-0.468367	-0.442388	-0.398477	-0.499588	 0.028506	 0.405489	 0.382711	-0.308786	-0.047255	 0.499323
-0.314102	-0.495177	-0.483930	-0.442482	-0.448964	-0.999686	 0.028500	 0.405483	 0.441070	-0.308788	-0.047261	 0.499323
-0.313670	-0.496640	-0.491711	-0.442529	-0.474207	-1.246736	 0.028497	 0.405480	 0.470249	-0.308789	-0.047264	 0.499323
-0.313454	-0.497371	-0.495601	-0.442552	-0.486828	-0.867274	 0.028496	 0.405479	 0.484839	-0.308789	-0.047266	 0.499323
-0.313346	-0.497737	-0.497547	-0.442564	-0.493139	-0.677542	 0.028495	 0.405478	 0.492134	-0.308790	-0.047267	 0.499323
-0.313292	-0.497920	-0.498519	-0.442570	 0.003705	-0.582676	-0.471505	 0.405478	-0.004219	-0.308790	-0.047267	 0.499323
-0.313265	-0.498011	-0.499006	-0.442573	 0.251127	-0.535244	-0.719563	 0.405478	-0.251394	-0.308790	-0.047267	 0.499323
-0.313252	-0.498057	 0.000751	-0.442574	 0.374837	-0.511527	-0.341656	 0.405478	-0.874982	-0.308790	-0.047267	 0.499323
-0.313245	-0.498080	 0.249629	-0.442575	 0.436693	-0.499669	-0.152703	 0.405478	-1.183778	-0.308790	-0.047267	 0.499323
-0.313242	-0.498091	 0.374067	-0.442575	-0.032380	-0.493740	-0.058226	 0.405478	-0.835191	-0.308790	-0.047267	 0.499323
-0.313240	-0.498097	 0.436287	-0.442576	-0.265913	-0.490775	-0.010988	 0.405478	-0.660898	-0.308790	-0.047267	 0.499323
-0.313239	-0.498100	 0.467396	-0.442576	-0.382680	-0.489293	 0.012632	 0.405478	-0.573751	-0.308790	-0.047267	 0.499323
-0.313239	-0.498101	-0.017049	-0.442576	-0.441063	-0.488552	 0.024441	 0.405478	-0.030178	-0.308790	-0.047267	 0.499323
-0.313238	-0.498102	-0.258268	-0.442576	-0.470255	-0.488181	 0.030346	 0.405478	 0.240582	-0.308790	-0.047267	 0.499323
-0.313238	-0.498102	-0.378878	-0.442576	 0.015149	-0.487996	 0.033298	 0.405478	 0.374939	-0.308790	-0.047267	 0.499323
-0.313238	-0.498102	-0.439183	-0.442576	 0.256850	-0.487903	 0.034775	 0.405478	 0.441099	-0.308790	-0.047267	 0.499323
-0.313238	-0.498102	-0.469336	-0.442576	 0.377701	-0.487857	-0.464487	 0.405478	-0.026835	-0.308790	-0.047267	 0.499323
-0.313238	-0.498103	-0.484412	-0.442576	 0.438126	-0.487834	-0.712191	 0.405478	-0.260802	-0.308790	-0.047267	 0.499323
-0.313238	-0.498103	-0.491950	-0.442576	 0.468339	-0.487822	-0.334123	 0.405478	-0.377786	-0.308790	-0.047267	 0.499323
-0.313238	-0.498103	-0.495719	-0.442576	 0.483445	-0.487817	-0.145089	 0.405478	-0.436278	-0.308790	-0.047267	 0.499323
-0.313238	-0.498103	-0.497603	-0.442576	 0.490998	-0.487814	-0.050572	 0.405478	-0.465524	-0.308790	-0.047267	 0.499323
-0.313238	-0.498103	 0.001454	-0.442576	-0.005225	-0.487812	-0.003313	 0.405478	-0.480147	-0.308790	-0.047267	 0.499323
-0.313238	-0.498103	 0.249982	-0.442576	-0.252334	-0.487812	 0.020316	 0.405478	-0.487458	-0.308790	-0.047267	 0.499323
-0.313238	-0.498103	 0.374246	-0.442576	-0.375888	-0.487811	 0.032131	 0.405478	-0.491114	-0.308790	-0.047267	 0.499323
-0.313238	-0.498103	 0.436378	-0.442576	-0.437666	-0.487811	 0.038038	 0.405478	-0.492942	-0.308790	-0.047267	 0.499323
-0.313238	-0.498103	-0.032556	-0.442576	-0.468554	-0.487811	 0.040992	 0.405478	 0.006144	-0.308790	-0.047267	 0.499323
-0.313238	-0.498103	-0.266020	-0.442576	-0.483998	-0.487811	 0.042468	 0.405478	 0.254677	-0.308790	-0.047267	 0.499323
-0.313238	-0.498103	-0.382752	-0.442576	 0.008279	-0.487811	 0.043207	 0.405478	 0.377937	-0.308790	-0.047267	 0.499323
-0.313238	-0.498103	-0.441118	-0.442576	 0.253417	-0.487811	 0.043576	 0.405478	 0.438564	-0.308790	-0.047267	 0.499323
-0.313238	-0.498103	-0.470301	-0.442576	 0.375986	-0.487811	 0.043761	 0.405478	 0.468878	-0.308790	-0.047267	 0.499323
-0.313238	-0.498103	-0.484893	-0.442576	-0.062729	-0.487811	 0.043853	 0.405478	 0.484035	-0.308790	-0.047267	 0.499323
-0.313238	-0.498103	-0.492188	-0.442576	-0.281084	-0.487811	 0.043899	 0.405478	 0.491613	-0.308790	-0.047267	 0.499323
-0.313238	-0.498103	-0.495836	-0.442576	-0.390262	-0.487811	 0.043922	 0.405478	-0.004598	-0.308790	-0.047267	 0.499323
-0.313238	-0.498103	-0.497660	-0.442576	-0.444850	-0.487811	 0.043934	 0.405478	-0.251701	-0.308790	-0.047267	 0.499323
-0.313238	-0.498103	-0.498572	-0.442576	 0.027855	-0.487811	 0.043940	 0.405478	-0.375253	-0.308790	-0.047267	 0.499323
-0.313238	-0.498103	-0.499028	-0.442576	 0.263207	-0.487811	 0.043942	 0.405478	-0.437029	-0.308790	-0.047267	 0.499323
-0.313238	-0.498103	-0.499256	-0.442576	-0.119117	-0.487811	 0.043944	 0.405478	-0.467917	-0.308790	-0.047267	 0.499323
-0.313238	-0.498103	-0.499370	-0.442576	-0.309276	-0.487811	 0.043945	 0.405478	-0.483361	-0.308790	-0.047267	 0.499323
-0.313238	-0.498103	-0.499427	-0.442576	-0.404356	-0.487811	 0.043945	 0.405478	-0.491083	-0.308790	-0.047267	 0.499323
-0.313238	-0.498103	-0.499456	-0.442576	-0.451896	-0.987811	 0.043945	 0.405478	 0.005056	-0.308790	-0.047267	 0.499323
-0.313238	-0.498103	-0.499470	-0.442576	-0.475666	-1.234835	 0.043945	 0.405478	 0.252123	-0.308790	-0.047267	 0.499323
-0.313238	-0.498103	-0.499477	-0.442576	-0.487551	-0.855384	 0.043945	 0.405478	-0.124343	-0.308790	-0.047267	 0.499323
-0.313238	-0.498103	-0.499481	-0.442576	-0.493493	-0.665658	 0.043945	 0.405478	-0.311575	-0.308790	-0.047267	 0.499323
-0.313238	-0.498103	-0.499482	-0.442576	 0.003536	-0.570795	 0.043945	 0.405478	 0.094809	-0.308790	-0.047267	 0.499323
-0.313238	-0.498103	-0.499483	-0.442576	 0.251049	-0.523364	 0.043945	 0.405478	 0.296999	-0.308790	-0.047267	 0.499323
-0.313238	-0.498103	 0.000516	-0.442576	 0.374805	-0.499648	 0.043945	 0.405478	 0.398094	-0.308790	-0.047267	 0.499323
-0.313238	-0.498103	 0.249515	-0.442576	 0.436684	-0.487790	 0.043945	 0.405478	 0.448641	-0.308790	-0.047267	 0.499323
-0.313238	-0.498103	 0.374014	-0.442576	 0.467623	-0.481861	 0.043945	 0.405478	 0.473915	-0.308790	-0.047267	 0.499323
-0.313238	-0.498103	 0.436264	-0.442576	 0.483092	-0.478897	 0.043945	 0.405478	 0.486552	-0.308790	-0.047267	 0.499323
-0.313238	-0.498103	 0.467389	-0.442576	 0.490827	-0.477414	 0.043945	 0.405478	 0.492870	-0.308790	-0.047267	 0.499323
-0.313238	-0.498103	 0.482951	-0.442576	 0.494695	 0.023327	-0.456055	 0.405478	 0.496029	-0.308790	-0.047267	 0.499323
-0.313238	-0.498103	 0.490733	-0.442576	 0.496628	 0.272649	-0.704143	 0.405478	 0.497609	-0.308790	-0.047267	 0.499323
-0.313238	-0.498103	 0.494623	-0.442576	-0.502405	-0.103734	-0.326282	 0.405478	 0.498399	-0.308790	-0.047267	 0.499323
-0.313238	-0.498103	 0.496569	-0.442576	-0.998918	-0.291925	-0.137352	 0.405478	 0.498794	-0.308790	-0.047267	 0.499323
-0.313238	 0.001897	 0.497541	 0.057424	-0.244184	 0.113979	-0.042887	 0.405478	 0.498991	-0.308790	-0.047267	 0.499323
-0.313238	 0.250894	 0.498028	 0.306309	 0.132161	 0.315892	 0.004346	 0.405478	 0.499090	-0.308790	-0.047267	 0.499323
-0.313238	 0.375392	 0.498271	 0.429642	 0.319317	 0.415812	 0.027962	 0.405478	 0.499139	-0.308790	-0.047267	 0.499323
-0.313238	 0.437641	 0.498392	 0.490202	-0.088118	-0.035259	 0.039770	 0.405478	 0.499164	 0.191210	-0.047267	 0.499323
-0.313238	 0.468765	 0.498453	 0.519380	-0.291835	-0.260794	 0.045674	 0.405478	 0.499176	 0.439828	-0.047267	 0.499323
-0.313238	 0.484328	 0.498483	 0.032872	 0.106306	 0.126438	 0.548626	 0.405478	 0.499182	 0.562760	-0.047267	 0.499323
-0.313238	 0.492109	 0.498499	-0.210382	 0.304368	 0.319027	 0.797999	 0.405478	 0.499186	 0.622854	-0.047267	 0.499323
-0.313238	 0.495999	 0.498506	 0.167992	 0.402394	 0.414298	 0.920591	 0.405478	 0.499187	 0.151536	 0.452733	 0.499323
-0.313238	 0.497945	 0.498510	 0.356085	 0.450406	 0.460914	 0.979800	 0.405478	 0.499188	-0.084124	 0.700827	 0.499323
-0.313238	 0.498917	 0.498512	-0.050956	 0.474412	-0.016793	 0.507327	 0.405478	 0.499188	-0.701953	 0.322977	 0.499323
-0.313238	 0.499404	 0.498513	-0.254477	 0.486415	-0.255646	 0.271091	 0.405478	 0.499188	-1.008229	 0.134051	 0.499323
-0.313238	 0.499647	 0.498513	-0.356237	 0.492417	-0.375073	 0.152972	 0.405478	 0.499189	-1.158737	 0.039589	 0.499323
-0.313238	 0.499768	 0.498514	 0.092883	 0.495417	 0.065214	 0.093913	 0.405478	 0.499189	-0.731373	-0.007643	 0.499323
-0.313238	 0.499859	 0.498514	-0.072983	 0.497668	 0.392905	 0.549619	 0.405478	 0.499189	 0.089150	 0.456934	 0.499323
-0.313238	 0.499875	 0.498514	-0.267654	 0.498043	 0.446182	 0.790167	 0.405478	 0.499189	 0.391179	 0.699140	 0.499323
-0.313238	 0.499882	 0.498514	 0.135010	 0.498231	 0.472820	 0.908379	 0.405478	 0.499189	 0.540806	 0.318360	 0.499323
-0.313238	 0.499886	 0.498514	 0.335267	 0.498324	 0.486140	 0.965432	 0.405478	 0.499189	 0.614240	 0.127970	 0.499323
-0.313238	 0.499888	 0.498514	 0.434325	 0.498371	-0.007201	 0.991914	 0.405478	 0.499189	 0.649581	 0.532775	 0.499323
-0.313238	 0.499889	 0.498514	 0.482787	 0.498395	-0.252870	 1.003118	 0.405478	 0.499189	 0.665881	 0.733302	 0.499323
-0.313238	 0.499889	 0.498514	 0.505955	 0.498407	-0.375705	 1.006691	 0.405478	 0.499189	 0.672667	 0.831698	 0.499323
-0.313238	 0.499890	 0.498514	 0.516481	 0.498412	 0.062878	 1.006457	 0.405478	 0.499189	-0.325298	 0.879036	 0.499323
-0.313238	 0.499890	 0.498514	 0.520690	 0.498415	 0.281167	 1.004328	 0.405478	 0.499189	-0.821635	 0.900852	 0.499323
-0.313238	 0.499890	 0.498514	 0.021745	 0.498417	 0.390311	 0.501259	 0.405478	 0.499189	-0.067167	 0.409915	 0.499323
-0.313238	 0.499890	 0.498514	-0.227728	 0.498417	 0.444883	 0.249724	 0.405478	 0.499189	 0.308692	 0.164447	 0.499323
-0.313238	 0.499890	 0.498514	-0.352464	 0.498418	-0.027831	 0.123957	 0.405478	 0.499189	 0.495253	 0.041712	 0.499323
-0.313238	 0.499890	 0.498514	-0.414832	 0.498418	-0.263187	 0.061073	 0.405478	 0.499189	 0.587169	-0.019655	 0.499323
-0.313238	 0.499890	 0.498514	 0.053984	 0.498418	 0.119135	 0.029632	 0.405478	 0.499189	 0.131769	-0.050338	 0.499323
-0.313238	 0.499890	 0.498514	 0.287346	 0.498418	 0.309293	 0.013911	 0.405478	 0.499189	-0.095930	-0.065680	 0.499323
-0.313238	 0.499890	 0.498514	 0.402986	 0.498418	 0.404372	 0.006050	 0.405478	 0.499189	-0.209780	-0.073351	 0.499323
-0.313238	 0.499890	 0.498514	 0.459768	 0.498418	 0.451912	 0.002120	 0.405478	 0.499189	 0.233295	-0.077187	 0.499323
-0.313238	 0.499890	 0.498514	 0.487127	 0.498418	 0.475682	 0.000155	 0.405478	 0.499189	 0.453479	-0.079104	 0.499323
-0.313238	 0.499890	 0.498514	 0.499777	 0.498418	 0.487567	-0.000828	 0.405478	 0.499189	 0.062224	 0.419937	 0.499323
-0.313238	 0.499890	 0.498514	 0.505077	 0.498418	 0.493509	-0.001319	 0.405478	 0.499189	-0.133403	 0.667619	 0.499323
-0.313238	-0.000110	 0.498514	 0.006706	-0.001582	 0.496480	 0.498435	 0.405478	 0.499189	 0.268783	 0.289630	 0.499323
-0.313238	-0.249110	 0.498514	-0.242479	-0.250579	 0.497966	 0.746316	 0.405478	 0.499189	 0.468534	 0.100635	 0.499323
-0.313238	 0.126390	 0.498514	 0.132928	 0.124923	 0.498709	 0.868268	 0.405478	 0.499189	 0.067073	 0.006138	 0.499323
-0.313238	 0.313136	 0.498514	 0.319615	 0.311673	 0.499080	 0.927264	 0.405478	 0.499189	-0.133657	-0.041111	 0.499323
-0.313238	 0.406510	 0.498514	-0.088054	 0.405048	 0.499266	 0.454789	 0.905478	 0.499189	 0.265978	-0.064735	 0.499323
-0.313238	 0.453196	 0.498514	-0.291888	 0.451735	 0.499359	 0.218552	 1.152667	 0.499189	 0.464464	-0.076547	 0.499323
-0.313238	 0.476539	 0.498514	-0.393806	 0.475079	 0.499405	 0.100433	 1.273461	 0.499189	 0.562381	-0.082453	 0.499323
-0.313238	-0.011789	 0.498514	-0.444764	 0.486751	 0.499428	 0.041374	 0.831070	 0.499189	 0.610019	-0.085406	 0.499323
-0.313238	-0.254953	 0.498514	-0.470244	 0.492587	 0.499440	 0.011844	 0.609875	 0.499189	 0.632523	-0.086883	 0.499323
-0.313238	 0.123465	 0.498514	 0.017017	 0.495505	 0.499446	 0.497079	 0.499277	 0.499189	 0.142465	-0.087621	 0.499323
-0.313238	 0.311670	 0.498514	 0.259638	 0.496964	 0.499449	 0.737732	 0.443978	 0.499189	-0.102565	-0.087990	 0.499323
-0.313238	 0.405773	 0.498514	 0.379945	 0.497693	 0.499450	 0.356102	 0.416329	 0.499189	-0.725079	 0.411825	 0.499323
-0.313238	 0.452824	 0.498514	 0.439097	 0.498058	 0.499451	 0.165287	 0.402504	 0.499189	-1.033641	 0.659910	 0.499323
-0.313238	 0.476350	 0.498514	 0.468674	-0.001760	 0.499451	 0.569879	 0.395592	 0.499189	-0.685238	 0.282136	 0.499323
-0.313238	 0.488113	 0.498514	 0.483462	-0.250665	 0.499451	 0.770226	 0.392135	 0.499189	-0.511036	 0.093249	 0.499323
-0.313238	 0.493994	 0.498514	 0.490856	-0.375118	 0.499451	 0.868459	 0.390407	 0.499189	-0.423935	-0.001194	 0.499323
-0.313238	 0.496935	 0.498514	 0.494553	 0.062656	 0.499451	 0.915642	 0.389543	 0.499189	 0.119615	 0.451584	 0.499323
-0.313238	 0.498405	 0.498514	 0.496401	 0.280542	 0.499451	 0.937307	 0.389111	 0.499189	 0.390064	 0.676164	 0.499323
-0.313238	 0.499140	 0.498514	 0.497326	 0.389484	 0.499451	 0.446222	 0.388895	 0.499189	 0.523967	 0.286653	 0.499323
-0.313238	 0.499508	 0.498514	 0.497788	 0.443956	 0.499451	 0.200680	 0.388787	 0.499189	 0.589603	 0.091897	 0.499323
-0.313238	 0.499692	 0.498514	 0.498019	 0.471192	 0.499451	 0.577909	 0.388733	 0.499189	 0.621111	-0.005480	 0.499323
-0.313238	 0.499784	 0.498514	 0.498134	 0.484810	 0.499451	 0.764613	 0.388706	 0.499189	 0.635559	-0.054169	 0.499323
-0.313238	 0.499830	 0.498514	-0.001808	 0.491619	 0.499451	 0.356062	 0.388693	 0.499189	-0.358516	-0.078514	 0.499323
-0.313238	 0.499853	 0.498514	-0.250775	 0.495023	 0.499451	 0.151787	 0.388686	 0.499189	-0.852849	-0.090686	 0.499323
-0.313238	 0.499864	 0.498514	-0.375259	 0.496725	 0.499451	 0.049649	 0.388683	 0.499189	-1.097321	-0.096772	 0.499323
-0.313238	 0.499870	 0.498514	-0.437501	 0.497576	 0.499451	 0.498580	 0.388681	 0.499189	-0.716874	-0.099815	 0.499323
-0.313238	 0.499873	 0.498514	-0.468622	 0.498002	 0.499451	 0.721151	 0.388680	 0.499189	-0.526650	-0.101337	 0.499323
-0.313238	 0.499874	 0.498514	-0.484183	 0.498215	-0.000549	 0.830549	 0.888680	 0.499189	 0.068462	-0.102097	 0.499323
-0.313238	 0.499875	 0.498514	-0.491963	 0.498321	-0.249548	 0.883368	 1.135902	 0.499189	 0.364691	-0.102478	 0.499323
-0.313238	-0.000125	 0.498514	 0.004147	 0.498374	 0.125953	 0.907905	 0.756747	 0.499189	 0.011484	-0.102668	 0.499323
-0.313238	-0.249124	 0.498514	 0.251202	 0.498401	 0.312700	 0.918309	 0.567169	 0.499189	-0.165120	-0.102763	 0.499323
-0.313238	 0.126376	 0.498514	 0.374729	 0.498414	-0.093926	 0.921653	 0.472381	 0.499189	 0.246578	-0.102811	 0.499323
-0.313238	 0.313122	 0.498514	 0.436492	 0.498421	-0.296238	 0.921475	 0.424986	 0.499189	 0.451110	-0.102834	 0.499323
-0.313238	 0.406495	 0.498514	 0.467374	 0.498424	-0.397394	 0.919544	 0.401289	 0.499189	 0.552065	-0.102846	 0.499323
-0.313238	 0.453182	 0.498514	 0.482815	 0.498426	 0.052028	 0.916743	 0.389441	 0.499189	 0.601237	-0.102852	 0.499323
-0.313238	 0.476525	 0.498514	 0.490536	 0.498427	 0.275736	 0.913514	 0.383516	 0.499189	 0.624522	-0.102855	 0.499323
-0.313238	 0.488197	 0.498514	 0.494396	-0.001573	 0.387590	 0.410080	 0.380554	 0.499189	 0.134869	-0.102857	 0.499323
-0.313238	 0.494033	 0.498514	 0.496326	-0.250570	 0.443517	 0.158362	 0.379073	 0.499189	-0.109958	-0.102857	 0.499323
-0.313238	 0.496951	 0.498514	 0.497291	 0.124932	 0.471481	 0.532504	 0.378332	 0.499189	-0.232371	-0.102858	 0.499323
-0.313238	 0.498410	 0.498514	 0.497773	 0.311682	 0.485462	 0.717761	 0.377962	 0.499189	-0.293578	-0.102858	 0.499323
-0.313238	 0.499139	 0.498514	-0.001985	 0.405057	 0.492453	 0.808584	 0.377777	 0.499189	 0.175819	-0.102858	 0.499323
-0.313238	 0.499504	 0.498514	-0.250861	 0.451745	 0.495949	 0.852196	 0.377685	 0.499189	 0.409227	-0.102858	 0.499323
-0.313238	-0.000314	 0.498514	 0.124701	 0.475088	 0.497696	 0.872211	 0.377638	 0.499189	 0.524645	-0.102858	 0.499323
-0.313238	-0.249222	 0.498514	 0.311481	 0.486760	 0.498570	 0.880434	 0.377615	 0.499189	 0.581075	-0.102858	 0.499323
-0.313238	-0.373677	 0.498514	 0.404872	 0.492596	 0.499007	 0.882768	 0.377604	 0.499189	 0.608014	-0.102858	 0.499323
-0.313238	 0.064096	 0.498514	 0.451567	 0.495514	 0.499226	 0.882165	 0.377598	 0.499189	 0.620214	-0.102858	 0.499323
-0.313238	 0.281979	 0.498514	 0.474914	 0.496973	 0.499335	 0.880100	 0.377595	 0.499189	 0.625049	-0.102858	 0.499323
-0.313238	-0.109080	 0.498514	 0.486588	 0.497703	 0.499390	 0.377311	 0.377593	 0.499189	 0.626207	-0.102858	 0.499323
-0.313238	-0.303609	 0.498514	 0.492425	 0.498067	 0.499417	 0.125917	 0.377593	 0.499189	 0.625531	-0.102858	 0.499323
-0.313238	 0.099127	 0.498514	 0.495343	 0.498250	 0.499431	 0.000220	 0.377592	 0.499189	 0.623944	-0.102858	 0.499323
-0.313238	 0.299491	 0.498514	 0.496803	 0.498341	 0.499437	-0.062628	 0.377592	 0.499189	 0.621905	-0.102858	 0.499323
-0.313238	-0.100327	 0.498514	 0.497532	 0.498386	 0.499441	 0.405947	 0.377592	 0.499189	-0.380354	-0.102858	 0.499323
-0.313238	-0.299236	 0.498514	 0.497897	 0.498409	 0.499442	 0.638486	 0.377592	 0.499189	-0.878718	-0.102858	 0.499323
-0.313238	-0.398690	 0.498514	 0.498080	 0.498421	 0.499443	 0.753013	 0.377592	 0.499189	-1.125146	-0.102858	 0.499323
-0.313238	-0.448417	 0.498514	 0.498171	 0.498426	 0.499444	 0.308542	 0.377592	 0.499189	-0.245617	 0.397142	 0.499323
-0.313238	-0.473281	 0.498514	 0.498216	 0.498429	 0.499444	 0.086306	 0.377592	 0.499189	 0.192880	 0.645348	 0.499323
-0.313238	 0.014287	 0.498514	-0.001761	 0.498431	 0.499444	 0.475189	 0.377592	 0.499189	 0.410865	 0.767663	 0.499323
-0.313238	 0.257068	 0.498514	-0.250746	 0.498431	 0.499444	 0.667901	 0.377592	 0.499189	 0.518600	 0.827041	 0.499323
-0.313238	-0.121542	 0.498514	 0.124761	 0.498432	-0.000556	 0.762537	 0.377592	 0.499189	 0.571215	 0.354957	 0.499323
-0.313238	-0.309847	 0.498514	 0.311515	 0.498432	-0.249555	 0.808140	 0.377592	 0.499189	 0.596275	 0.118915	 0.499323
-0.313238	 0.096001	 0.498514	-0.095109	 0.498432	-0.374054	 0.329234	 0.377592	 0.499189	 0.107562	 0.000894	 0.499323
-0.313238	 0.297921	 0.498514	-0.297417	 0.498432	-0.436304	 0.089781	 0.377592	 0.499189	-0.136794	-0.058116	 0.499323
-0.313238	 0.398881	 0.498514	-0.398571	 0.498432	-0.467429	-0.029945	 0.377592	 0.499189	-0.258972	-0.087621	 0.499323
-0.313238	-0.050639	 0.498514	 0.050852	-0.001568	 0.017009	-0.089809	 0.377592	 0.499189	-0.320061	-0.102374	 0.499323
-0.313238	-0.274399	 0.498514	 0.274563	-0.250565	 0.258225	-0.119740	 0.377592	 0.499189	-0.350606	-0.109750	 0.499323
-0.313238	 0.113722	 0.498514	 0.386418	 0.124937	-0.121167	-0.134706	 0.377592	 0.499189	-0.365878	-0.113438	 0.499323
-0.313238	 0.306778	 0.498514	 0.442346	 0.311687	-0.309862	-0.142189	 0.377592	 0.499189	-0.373514	-0.115282	 0.499323
-0.313238	 0.403306	 0.498514	 0.470310	-0.094938	 0.095790	-0.145930	 0.377592	 0.499189	-0.377332	-0.116204	 0.499323
-0.313238	 0.451570	 0.498514	 0.484292	-0.297248	 0.297614	-0.147801	 0.377592	 0.499189	-0.379241	-0.116666	 0.499323
-0.313238	 0.475702	 0.498514	-0.008717	 0.101597	 0.398525	-0.148736	 0.377592	 0.499189	-0.380196	 0.383104	 0.499323
-0.313238	 0.487768	 0.498514	-0.254218	 0.300019	 0.448981	-0.149204	 0.377592	 0.499189	-0.380673	 0.631223	 0.499323
-0.313238	 0.493801	 0.498514	-0.376969	 0.399230	 0.474209	-0.149438	 0.377592	 0.499189	-0.380912	 0.753524	 0.499323
-0.313238	 0.496818	 0.498514	 0.061656	 0.448836	 0.486823	-0.149555	 0.377592	 0.499189	-0.381031	 0.312923	 0.499323
-0.313238	 0.498326	 0.498514	 0.279968	 0.473638	 0.493130	-0.149613	 0.377592	 0.499189	-0.381091	 0.092622	 0.499323
-0.313238	 0.499080	 0.498514	 0.389123	 0.486040	 0.496284	 0.350357	 0.377592	 0.499189	-0.381121	-0.017528	 0.499323
-0.313238	 0.499457	 0.498514	 0.443701	 0.492240	 0.497860	 0.598642	 0.377592	 0.499189	-0.381136	-0.072604	 0.499323
-0.313238	 0.499646	 0.498514	 0.470990	 0.495341	 0.498649	 0.721091	 0.377592	 0.499189	-0.381143	-0.100141	 0.499323
-0.313238	 0.499740	 0.498514	 0.484635	 0.496891	 0.499043	 0.780628	 0.377592	 0.499189	-0.381147	-0.113910	 0.499323
-0.313238	 0.499787	 0.498514	 0.491457	 0.497666	-0.000760	 0.808716	 0.377592	 0.499189	-0.381149	 0.379206	 0.499323
-0.313238	 0.499811	 0.498514	 0.494868	 0.498053	-0.249660	 0.821087	 0.377592	 0.499189	-0.381150	 0.624019	 0.499323
-0.313238	 0.499823	 0.498514	 0.496574	 0.498247	-0.374110	 0.825605	 0.377592	 0.499189	-0.381150	 0.744688	 0.499323
-0.313238	 0.499829	 0.498514	 0.497427	 0.498344	-0.436336	 0.326204	 0.377592	 0.499189	 0.118850	 0.303292	 0.499323
-0.313238	 0.499831	 0.498514	 0.497853	 0.498393	-0.467448	 0.076503	 0.377592	 0.499189	 0.367612	 0.082593	 0.499323
-0.313238	 0.499833	 0.498514	-0.001934	 0.498417	 0.016996	 0.451653	 0.377592	 0.499189	 0.490760	-0.027756	 0.499323
-0.313238	 0.499834	 0.498514	-0.250824	 0.498429	 0.258215	 0.637574	 0.377592	 0.499189	 0.551107	-0.082930	 0.499323
-0.313238	 0.499834	 0.498514	 0.124731	-0.001565	 0.378824	 0.728888	 0.377592	 0.499189	 0.580057	-0.110517	 0.499323
-0.313238	 0.499834	 0.498514	 0.311508	-0.250559	 0.439129	 0.772904	 0.377592	 0.499189	 0.593314	-0.124311	 0.499323
-0.313238	 0.499834	 0.498514	 0.404897	-0.375056	-0.030719	 0.793279	 0.377592	 0.499189	 0.598729	-0.131208	 0.499323
-0.313238	 0.499834	 0.498514	 0.451591	-0.437304	-0.264641	 0.801839	 0.377592	 0.499189	 0.600229	-0.134656	 0.499323
-0.313238	 0.499834	 0.498514	 0.474938	-0.468429	-0.381603	 0.804498	 0.377592	 0.499189	 0.599775	-0.136381	 0.499323
-0.313238	 0.499834	 0.498514	-0.013388	 0.016009	-0.440083	 0.304213	 0.377592	 0.499189	 0.598350	-0.137243	 0.499323
-0.313238	 0.499834	 0.498514	-0.256548	 0.257227	-0.469324	 0.054071	 0.377592	 0.499189	 0.596443	-0.137674	 0.499323
-0.313238	 0.499834	 0.498514	 0.121872	 0.377836	 0.016056	-0.071000	 0.377592	 0.499189	 0.594301	-0.137889	 0.499323
-0.313238	 0.499834	 0.498514	 0.310081	 0.438141	 0.257743	-0.133536	 0.377592	 0.499189	 0.592045	-0.137997	 0.499323
-0.313238	 0.499834	 0.498514	 0.404186	 0.468293	 0.378587	-0.164804	 0.377592	 0.499189	 0.589738	-0.138051	 0.499323
-0.313238	 0.499834	 0.498514	 0.451238	 0.483369	 0.439008	-0.180438	 0.377592	 0.499189	 0.587409	-0.138078	 0.499323
-0.313238	-0.000166	 0.498514	 0.474765	 0.490907	 0.469219	 0.311745	 0.377592	 0.499189	 0.585075	-0.138091	 0.499323
-0.313238	-0.249165	 0.498514	 0.486528	 0.494676	 0.484325	 0.556229	 0.377592	 0.499189	 0.582742	-0.138098	 0.499323
-0.313238	-0.373665	 0.498514	 0.492409	 0.496561	 0.491877	 0.676869	 0.377592	 0.499189	 0.580415	-0.138101	 0.499323
-0.313238	 0.064085	 0.498514	 0.495350	 0.497503	 0.495654	 0.735595	 0.877592	 0.499189	 0.578095	 0.361897	 0.499323
-0.313238	 0.281956	 0.498514	 0.496820	 0.497974	 0.497542	 0.763369	 1.124837	 0.499189	 0.575784	 0.610172	 0.499323
-0.313238	 0.390892	 0.498514	 0.497556	 0.498210	 0.498486	 0.275673	 0.745715	 0.499189	 0.573481	 0.232593	 0.499323
-0.313238	 0.445360	 0.498514	 0.497923	 0.498328	 0.498958	 0.031826	 0.556154	 0.499189	 0.571187	 0.043804	 0.499323
-0.313238	 0.472594	 0.498514	 0.498107	 0.498387	 0.499194	 0.409902	 0.461374	 0.499189	 0.068903	-0.050591	 0.499323
-0.313238	 0.486211	 0.498514	 0.498199	 0.498416	 0.499312	 0.597364	 0.413983	 0.499189	-0.182239	-0.097789	 0.499323
-0.313238	 0.493019	 0.498514	 0.498245	 0.498431	-0.000629	 0.189525	 0.390288	 0.499189	-0.307811	-0.121387	 0.499323
-0.313238	 0.496424	 0.498514	 0.498268	 0.498438	-0.249598	-0.014394	 0.378441	 0.499189	-0.370596	-0.133187	 0.499323
-0.313238	 0.498126	 0.498514	 0.498279	 0.498442	-0.374083	-0.116354	 0.372517	 0.499189	-0.401989	-0.139086	 0.499323
-0.313238	 0.498977	 0.498514	-0.001715	 0.498444	-0.436325	-0.167333	 0.369555	 0.499189	-0.417685	-0.142036	 0.499323
-0.313238	 0.499402	 0.498514	-0.250709	 0.498445	-0.467446	-0.192823	 0.368074	 0.499189	-0.425534	-0.143511	 0.499323
-0.313238	 0.499615	 0.498514	 0.124795	 0.498445	 0.016993	-0.205568	 0.367334	 0.499189	-0.429458	-0.144249	 0.499323
-0.313238	 0.499721	 0.498514	 0.311545	 0.498445	 0.258210	-0.211941	 0.366963	 0.499189	-0.431420	-0.144617	 0.499323
-0.313238	 0.499775	 0.498514	 0.404921	 0.498445	 0.378818	-0.215127	 0.366778	 0.499189	-0.432401	-0.144802	 0.499323
-0.313238	 0.499801	 0.498514	 0.451609	 0.498445	 0.439122	-0.216720	 0.366686	 0.499189	-0.432891	-0.144894	 0.499323
-0.313238	-0.000186	 0.498514	-0.025047	 0.498445	 0.469275	 0.282483	 0.366640	 0.499189	-0.433137	-0.144940	 0.499323
-0.313238	-0.249179	 0.498514	-0.262372	 0.498445	 0.484351	 0.530522	 0.366616	 0.499189	-0.433259	-0.144963	 0.499323
-0.313238	-0.373675	 0.498514	-0.381034	 0.498445	 0.491889	 0.652984	 0.366605	 0.499189	-0.433320	-0.144975	 0.499323
-0.313238	 0.064077	 0.498514	 0.059634	 0.498445	 0.495658	 0.212664	 0.366599	 0.499189	 0.066649	-0.144980	 0.499323
-0.313238	 0.281949	 0.498514	 0.278968	 0.498445	 0.497542	-0.007496	 0.366596	 0.499189	 0.315500	-0.144983	 0.499323
-0.313238	 0.390885	 0.498514	 0.388635	 0.498445	-0.001516	-0.117576	 0.366595	 0.499189	 0.438797	-0.144985	 0.499323
-0.313238	 0.445353	 0.498514	 0.443469	 0.498445	-0.250043	-0.172616	 0.366594	 0.499189	 0.499322	-0.144985	 0.499323
-0.313238	 0.472587	 0.498514	-0.029115	 0.498445	 0.125693	 0.299864	 0.366594	 0.499189	-0.471536	-0.144986	 0.499323
-0.313238	 0.486204	 0.498514	-0.264403	 0.498445	 0.312558	 0.534559	 0.366593	 0.499189	-0.954080	-0.144986	 0.499323
-0.313238	 0.493013	 0.498514	 0.117953	 0.498445	 0.405991	 0.150368	 0.366593	 0.499189	-0.192479	-0.144986	 0.499323
-0.313238	 0.496417	 0.498514	 0.308130	 0.498445	 0.452707	-0.041727	 0.366593	 0.499189	 0.187184	-0.144986	 0.499323
-0.313238	 0.498119	 0.498514	 0.403219	 0.498445	 0.476065	-0.137775	 0.366593	 0.499189	 0.375881	-0.144986	 0.499323
-0.313238	 0.498970	 0.498514	-0.049237	-0.001555	-0.012256	 0.314201	 0.366593	-0.000811	-0.030899	 0.355014	 0.499323
-0.313238	 0.499396	 0.498514	-0.274461	-0.250551	-0.255415	 0.538657	 0.366593	-0.249810	-0.234289	 0.603304	 0.499323
-0.313238	-0.000392	 0.498514	 0.112927	 0.124950	 0.123005	 0.649359	 0.366593	 0.125691	 0.164016	 0.225746	 0.499323
-0.313238	-0.249285	 0.498514	 0.305620	 0.311700	 0.311213	 0.703189	 0.366593	 0.312439	 0.362043	 0.036967	 0.499323
-0.313238	 0.126268	 0.498514	 0.401967	 0.405075	-0.094684	 0.228591	 0.366593	 0.405813	 0.459937	-0.057423	 0.499323
-0.313238	 0.313042	 0.498514	 0.450140	-0.048238	 0.203369	-0.008709	 0.366593	 0.452500	 0.507768	-0.104618	 0.499323
-0.313238	 0.406428	 0.498514	 0.474226	-0.273891	 0.351393	-0.127358	 0.366593	 0.475844	 0.530573	-0.128215	 0.499323
-0.313238	 0.453121	 0.498514	 0.486270	-0.386717	 0.425405	-0.186683	 0.366593	 0.487515	 0.540868	-0.140014	 0.499323
-0.313238	 0.476468	 0.498514	 0.492291	 0.056869	 0.462411	 0.283654	 0.366593	 0.493351	 0.544914	-0.145913	 0.499323
-0.313238	 0.488141	 0.498514	 0.495302	 0.277662	 0.480914	 0.517315	 0.366593	 0.496269	 0.545838	-0.148863	 0.499323
-0.313238	 0.493978	 0.498514	 0.496808	 0.388058	 0.490165	 0.632644	 0.366593	 0.497728	 0.545207	-0.150338	 0.499323
-0.313238	 0.496896	 0.498514	 0.497560	 0.443256	 0.494791	 0.688812	 0.366593	 0.498458	 0.543803	-0.151075	 0.499323
-0.313238	 0.498355	 0.498514	 0.497937	 0.470855	 0.497104	 0.715406	 0.366593	 0.498822	 0.542015	-0.151444	 0.499323
-0.313238	 0.499085	 0.498514	-0.001875	 0.484655	 0.498260	 0.227219	 0.366593	 0.499005	 0.540041	-0.151628	 0.499323
-0.313238	 0.499450	 0.498514	-0.250778	 0.491554	 0.498838	-0.016874	 0.866593	 0.499096	 0.537978	-0.151720	 0.499323
-0.313238	 0.499632	 0.498514	-0.375229	 0.495004	 0.499127	-0.138921	 1.113860	 0.499142	 0.535875	-0.151766	 0.499323
-0.313238	 0.499723	 0.498514	-0.437454	 0.496729	 0.499272	-0.199944	 1.234771	 0.499164	 0.533756	-0.151789	 0.499323
-0.313238	 0.499769	 0.498514	 0.031433	 0.497592	 0.499344	 0.269544	 1.292515	 0.499176	 0.531633	-0.151801	 0.499323
-0.313238	 0.499792	 0.498514	 0.264876	 0.498023	 0.499380	 0.502810	 1.318687	 0.499181	 0.529512	-0.151807	 0.499323
-0.313238	-0.000197	 0.498514	-0.118403	 0.498239	-0.000602	 0.117971	 0.829083	 0.499184	 0.027397	-0.151810	 0.499323
-0.313238	-0.249191	 0.498514	-0.309039	 0.498346	-0.249591	-0.074449	 0.584281	 0.499186	-0.223660	-0.151811	 0.499323
-0.313238	 0.126312	 0.498514	 0.095643	 0.498400	-0.374086	-0.170658	 0.461880	 0.499186	-0.349189	-0.151812	 0.499323
-0.313238	 0.313060	 0.498514	 0.296984	 0.498427	-0.436334	-0.218763	 0.400680	 0.499187	-0.411953	-0.151812	 0.499323
-0.313238	 0.406434	 0.498514	 0.397654	 0.498441	-0.467457	 0.257184	 0.370079	 0.499187	-0.443336	-0.151812	 0.499323
-0.313238	 0.453121	 0.498514	 0.447989	 0.498448	-0.483019	 0.493692	 0.354779	 0.499187	-0.459027	-0.151812	 0.499323
-0.313238	 0.476465	 0.498514	 0.473156	 0.498451	-0.490800	 0.610485	 0.347129	 0.499187	-0.466872	-0.151812	 0.499323
-0.313238	 0.488136	 0.498514	-0.014260	 0.498453	 0.005309	 0.167427	 0.343304	 0.499187	-0.470795	-0.151813	 0.499323
-0.313238	 0.493972	 0.498514	-0.256965	 0.498453	 0.252361	-0.054102	 0.341392	 0.499187	-0.472756	-0.151813	 0.499323
-0.313238	 0.496890	 0.498514	-0.378317	 0.498454	 0.375887	 0.335134	 0.340435	 0.499187	 0.026263	-0.151813	 0.499323
-0.313238	 0.498349	 0.498514	-0.438993	 0.498454	 0.437650	 0.528303	 0.339957	 0.499187	 0.274722	-0.151813	 0.499323
-0.313238	 0.499079	 0.498514	-0.469331	 0.498454	 0.468532	 0.623445	 0.339718	 0.499187	 0.397905	-0.151813	 0.499323
-0.313238	 0.499443	 0.498514	-0.484500	 0.498454	 0.483972	 0.669578	 0.339599	 0.499187	 0.458455	-0.151813	 0.499323
-0.313238	-0.000374	 0.498514	-0.492085	 0.498454	-0.008307	 0.191214	 0.839539	 0.499187	-0.012309	-0.151813	 0.499323
-0.313238	-0.249283	 0.498514	-0.495877	 0.498454	-0.253446	-0.047969	 1.086830	 0.499187	-0.247690	-0.151813	 0.499323
-0.313238	-0.373737	 0.498514	-0.497773	 0.498454	-0.376015	-0.167560	 1.207807	 0.499187	-0.365381	-0.151813	 0.499323
-0.313238	 0.064036	 0.498514	 0.001279	 0.498454	 0.062700	 0.272645	 1.265639	 0.499187	 0.075773	-0.151813	 0.499323
-0.313238	 0.281919	 0.498514	 0.249804	 0.498454	 0.281055	 0.491321	 1.291907	 0.499187	 0.295317	-0.151813	 0.499323
-0.313238	 0.390860	 0.498514	-0.125933	-0.001546	-0.109768	 0.099239	 0.802405	 0.499187	-0.095941	-0.151813	 0.499323
-0.313238	 0.445331	 0.498514	-0.312799	-0.250543	-0.304178	-0.096802	 0.557654	 0.499187	-0.291570	-0.151813	 0.499323
-0.313238	 0.472566	 0.498514	 0.093769	 0.124959	-0.401383	-0.194822	 0.435279	 0.499187	 0.110615	 0.348187	 0.499323
-0.313238	 0.486184	 0.498514	 0.296052	 0.311709	-0.449985	-0.243832	 0.374091	 0.499187	 0.310682	 0.596491	 0.499323
-0.313238	 0.492993	 0.498514	 0.397193	 0.405084	 0.025713	 0.231663	 0.343497	 0.499187	 0.409694	 0.218953	 0.499323
-0.313238	 0.496397	 0.498514	 0.447764	 0.451771	 0.262560	 0.467996	 0.328200	 0.499187	 0.458183	 0.030184	 0.499323
-0.313238	 0.498099	 0.498514	 0.473049	 0.475115	 0.380983	 0.584754	 0.320552	 0.499187	-0.018586	 0.435800	 0.499323
-0.313238	 0.498950	 0.498514	 0.485692	 0.486787	 0.440195	 0.641730	 0.316727	 0.499187	-0.256970	 0.636925	 0.499323
-0.313238	 0.499376	 0.498514	 0.492013	 0.492623	 0.469801	 0.668820	 0.314815	 0.499187	-0.376163	 0.735811	 0.499323
-0.313238	 0.499589	 0.498514	-0.004826	 0.495541	-0.015396	 0.180974	 0.313859	 0.499187	 0.064241	 0.783585	 0.499323
-0.313238	 0.499695	 0.498514	-0.252242	 0.497000	-0.256994	-0.062950	 0.313381	 0.499187	 0.283434	 0.805809	 0.499323
-0.313238	 0.499748	 0.498514	-0.375950	 0.497729	-0.377792	-0.184911	 0.313142	 0.499187	 0.392025	 0.315265	 0.499323
-0.313238	 0.499775	 0.498514	-0.437805	 0.498094	-0.438192	-0.245892	 0.313023	 0.499187	 0.445319	 0.069993	 0.499323
-0.313238	 0.499788	 0.498514	-0.468732	 0.498276	 0.031609	 0.223617	 0.312963	 0.499187	 0.471966	-0.052643	 0.499323
-0.313238	 0.499795	 0.498514	-0.484195	 0.498367	 0.265506	 0.456986	 0.312933	 0.499187	 0.485290	-0.113961	 0.499323
-0.313238	 0.499798	 0.498514	-0.491927	 0.498413	 0.382455	 0.572290	 0.312918	 0.499187	 0.491952	-0.144620	 0.499323
-0.313238	-0.000200	 0.498514	 0.004207	 0.498436	 0.440929	 0.128566	 0.312911	 0.499187	 0.495283	 0.340051	 0.499323
-0.313238	-0.249199	 0.498514	 0.251274	 0.498447	 0.470166	-0.093296	 0.312907	 0.499187	 0.496948	 0.580737	 0.499323
-0.313238	-0.373698	 0.498514	 0.374807	 0.498453	 0.484785	-0.204226	 0.312905	 0.499187	 0.497781	 0.699437	 0.499323
-0.313238	 0.064052	 0.498514	-0.063427	-0.001544	-0.007906	-0.259692	 0.312904	 0.499187	-0.001803	 0.257150	 0.499323
-0.313238	 0.281924	 0.498514	-0.281540	-0.250540	-0.253250	-0.287424	 0.312904	 0.499187	-0.250592	 0.036007	 0.499323
-0.313238	 0.390859	 0.498514	-0.390597	 0.124962	 0.124078	-0.301291	 0.312903	 0.499187	 0.125014	-0.074564	 0.499323
-0.313238	 0.445327	 0.498514	-0.445125	 0.311713	 0.311739	-0.308224	 0.312903	 0.499187	 0.311815	-0.129850	 0.499323
-0.313238	 0.472561	 0.498514	 0.027611	-0.094912	 0.405569	-0.311691	 0.312903	 0.499187	 0.405216	-0.157493	 0.499323
-0.313238	 0.486178	 0.498514	 0.262978	-0.297222	 0.452485	-0.313424	 0.312903	 0.499187	 0.451916	-0.171314	 0.499323
-0.313238	 0.492987	 0.498514	-0.119338	 0.101624	 0.475942	 0.185709	 0.312903	 0.499187	 0.475266	-0.178225	 0.499323
-0.313238	 0.496391	 0.498514	-0.309493	 0.300045	 0.487671	 0.433906	 0.312903	 0.499187	 0.486941	-0.181680	 0.499323
-0.313238	 0.498093	 0.498514	-0.404571	 0.399256	 0.493536	 0.556641	 0.312903	 0.499187	 0.492779	-0.183408	 0.499323
-0.313238	 0.498944	 0.498514	 0.047891	 0.448862	-0.003532	 0.616649	 0.312903	 0.499187	 0.495698	-0.184272	 0.499323
-0.313238	 0.499370	 0.498514	 0.273121	 0.473664	-0.251065	 0.645300	 0.312903	 0.499187	 0.497157	-0.184704	 0.499323
-0.313238	-0.000418	 0.498514	-0.114264	 0.486066	-0.374831	 0.658278	 0.312903	 0.499187	 0.497887	-0.184920	 0.499323
-0.313238	-0.249311	 0.498514	-0.306954	 0.492266	-0.436714	 0.663424	 0.312903	 0.499187	 0.498252	-0.185028	 0.499323
-0.313238	 0.126243	 0.498514	-0.403298	 0.495367	-0.467656	 0.664660	 0.312903	 0.499187	 0.498434	-0.185082	 0.499323
-0.313238	 0.313016	 0.498514	-0.451471	 0.496917	-0.483127	 0.663946	 0.312903	 0.499187	 0.498525	-0.185109	 0.499323
-0.313238	 0.406402	 0.498514	 0.024443	 0.497692	-0.490862	 0.662263	 0.312903	 0.499187	 0.498571	-0.185122	 0.499323
-0.313238	 0.453096	 0.498514	 0.261399	 0.498080	-0.494730	 0.660100	 0.312903	 0.499187	 0.498594	-0.185129	 0.499323
-0.313238	 0.476442	 0.498514	 0.379878	 0.498273	-0.496664	 0.657702	 0.312903	 0.499187	 0.498605	-0.185132	 0.499323
-0.313238	 0.488115	 0.498514	 0.439117	 0.498370	 0.002369	 0.155193	 0.312903	 0.499187	-0.001389	-0.185134	 0.499323
-0.313238	 0.493952	 0.498514	 0.468736	 0.498419	 0.250883	-0.096061	 0.312903	 0.499187	-0.250384	-0.185135	 0.499323
-0.313238	 0.496870	 0.498514	 0.483546	 0.498443	 0.375140	-0.221689	 0.312903	 0.499187	-0.374881	-0.185135	 0.499323
-0.313238	 0.498330	 0.498514	 0.490951	 0.498455	 0.437268	-0.284502	 0.312903	 0.499187	-0.437129	-0.185136	 0.499323
-0.313238	 0.499059	 0.498514	 0.494653	 0.498461	 0.468333	-0.315909	 0.812903	 0.499187	-0.468254	-0.185136	 0.499323
-0.313238	 0.499424	 0.498514	 0.496504	 0.498464	 0.483865	-0.331613	 1.060277	 0.499187	-0.483816	-0.185136	 0.499323
-0.313238	 0.499606	 0.498514	-0.002570	 0.498466	 0.491631	-0.339464	 0.681349	 0.499187	 0.008403	-0.185136	 0.499323
-0.313238	 0.499698	 0.498514	-0.251104	 0.498466	 0.495514	-0.343390	 0.491885	 0.499187	 0.253511	-0.185136	 0.499323
-0.313238	 0.499743	 0.498514	-0.375371	 0.498467	 0.497455	-0.345353	 0.397153	 0.499187	 0.376066	-0.185136	 0.499323
-0.313238	 0.499766	 0.498514	-0.437504	 0.498467	-0.001574	 0.153665	 0.349787	 0.499187	 0.437343	-0.185136	 0.499323
-0.313238	 0.499777	 0.498514	-0.468571	 0.498467	-0.250087	 0.401869	 0.326104	 0.499187	 0.467981	-0.185136	 0.499323
-0.313238	-0.000217	 0.498514	 0.015896	 0.498467	 0.125656	 0.024671	 0.314262	 0.499187	-0.016700	 0.314864	 0.499323
-0.313238	-0.249214	 0.498514	 0.257128	 0.498467	 0.312525	-0.163928	 0.308342	 0.499187	-0.258037	 0.563234	 0.499323
-0.313238	 0.126288	 0.498514	-0.122255	-0.001533	-0.094041	-0.258228	 0.305381	 0.499187	-0.378706	 0.185796	 0.499323
-0.313238	 0.313035	 0.498514	-0.310944	-0.250530	-0.296322	-0.305377	 0.303901	 0.499187	-0.439040	-0.002923	 0.499323
-0.313238	 0.406409	 0.498514	 0.094712	 0.124972	-0.397463	-0.328952	 0.303161	 0.499187	-0.469208	 0.402718	 0.499323
-0.313238	 0.453096	 0.498514	 0.296539	 0.311722	-0.448034	-0.340740	 0.302791	 0.499187	-0.484291	 0.603921	 0.499323
-0.313238	 0.476439	 0.498514	 0.397452	 0.405096	-0.473319	-0.346633	 0.302606	 0.499187	-0.491833	 0.702913	 0.499323
-0.313238	 0.488111	 0.498514	 0.447909	 0.451784	 0.014039	 0.150420	 0.302513	 0.499187	 0.004396	 0.250805	 0.499323
-0.313238	 0.493947	 0.498514	 0.473138	 0.475128	 0.256715	 0.397651	 0.302467	 0.499187	 0.251509	 0.024751	 0.499323
-0.313238	 0.496865	 0.498514	 0.485752	 0.486800	 0.378053	 0.019977	 0.302444	 0.499187	-0.124934	 0.411724	 0.499323
-0.313238	 0.498324	 0.498514	 0.492059	 0.492635	 0.438722	-0.168860	 0.302432	 0.499187	-0.312153	 0.603613	 0.499323
-0.313238	-0.000947	 0.498514	 0.495212	 0.495553	 0.469056	 0.236722	 0.302427	 0.499187	 0.094238	 0.197966	 0.499323
-0.313238	-0.249582	 0.498514	 0.496789	 0.497012	 0.484223	 0.438228	 0.302424	 0.499187	 0.296432	-0.004857	 0.499323
-0.313238	 0.126101	 0.498514	-0.002422	 0.497742	 0.491807	 0.537702	 0.802422	 0.499187	-0.102471	-0.106268	 0.499323
-0.313238	 0.312938	 0.498514	-0.251025	 0.498107	 0.495599	 0.586164	 1.049817	 0.499187	-0.300920	-0.156974	 0.499323
-0.313238	 0.406357	 0.498514	 0.124674	 0.498289	 0.497495	 0.609126	 0.670920	 0.499187	-0.400144	 0.317673	 0.499323
-0.313238	 0.453067	 0.498514	 0.311522	 0.498380	 0.498443	 0.619343	 0.481471	 0.499187	-0.449757	 0.553412	 0.499323
-0.313238	 0.476421	 0.498514	 0.404947	 0.498426	 0.498917	 0.623192	 0.386747	 0.499187	-0.474563	 0.669703	 0.499323
-0.313238	 0.488099	 0.498514	-0.048341	 0.498449	 0.499153	 0.123863	 0.339384	 0.499187	-0.486966	 0.226277	 0.499323
-0.313238	 0.493938	 0.498514	-0.273982	 0.498460	 0.499272	-0.125802	 0.315703	 0.499187	-0.493167	 0.004563	 0.499323
-0.313238	 0.496857	 0.498514	 0.113198	 0.498466	 0.499331	-0.250634	 0.303863	 0.499187	 0.003732	-0.106293	 0.499323
-0.313238	 0.498317	 0.498514	 0.305787	 0.498469	 0.499361	-0.313050	 0.297943	 0.499187	 0.251180	-0.161722	 0.499323
-0.313238	 0.499046	 0.498514	-0.097919	 0.498470	 0.499376	-0.344259	 0.294982	 0.499187	 0.374904	-0.189436	 0.499323
-0.313238	 0.499411	 0.498514	-0.298768	 0.498471	 0.499383	-0.359863	 0.293502	 0.499187	 0.436767	-0.203293	 0.499323
-0.313238	 0.499594	 0.498514	 0.100807	 0.498471	 0.499387	-0.367665	 0.792762	 0.499187	-0.032302	-0.210221	 0.499323
-0.313238	 0.499685	 0.498514	 0.299594	 0.498471	 0.499389	-0.371566	 1.039808	 0.499187	-0.265834	-0.213686	 0.499323
-0.313238	 0.499731	 0.498514	 0.398987	 0.498471	 0.499390	-0.373516	 1.160758	 0.499187	-0.382600	-0.215418	 0.499323
-0.313238	 0.499753	 0.498514	 0.448684	 0.498471	 0.499390	-0.374491	 0.718669	 0.499187	-0.440983	 0.283716	 0.499323
-0.313238	 0.499765	 0.498514	 0.473533	 0.498471	 0.499390	-0.374979	 0.497624	 0.499187	-0.470174	 0.531717	 0.499323
-0.313238	 0.499771	 0.498514	-0.014043	 0.498471	 0.499390	 0.124777	 0.387102	 0.499187	 0.015230	 0.154159	 0.499323
-0.313238	 0.499773	 0.498514	-0.256828	 0.498471	 0.499390	 0.373406	 0.331841	 0.499187	 0.256931	-0.034621	 0.499323
-0.313238	-0.000225	 0.498514	 0.121780	 0.498471	 0.499390	-0.003523	 0.304211	 0.499187	-0.122219	-0.129010	 0.499323
-0.313238	-0.249224	 0.498514	 0.310083	 0.498471	 0.499390	-0.191988	 0.290395	 0.499187	-0.310791	-0.176205	 0.499323
-0.313238	-0.373723	 0.498514	-0.095766	 0.498471	 0.499390	 0.213780	 0.283488	 0.499187	-0.405077	-0.199803	 0.499323
-0.313238	-0.435973	 0.498514	-0.297687	 0.498471	 0.499390	 0.415424	 0.280034	 0.499187	-0.452220	-0.211601	 0.499323
-0.313238	-0.467098	 0.498514	-0.398647	 0.498471	 0.499390	 0.515012	 0.278307	 0.499187	-0.475791	-0.217501	 0.499323
-0.313238	 0.017340	 0.498514	-0.449127	 0.498471	 0.499390	 0.063577	 0.277443	 0.499187	 0.012423	-0.220450	 0.499323
-0.313238	 0.258555	 0.498514	-0.474368	 0.498471	 0.499390	-0.162140	 0.277012	 0.499187	 0.255529	-0.221925	 0.499323
-0.313238	 0.379162	 0.498514	 0.013012	 0.498471	-0.000610	-0.274999	 0.276796	 0.499187	 0.377082	-0.222663	 0.499323
-0.313238	 0.439466	 0.498514	 0.255702	 0.498471	-0.249608	-0.331428	 0.276688	 0.499187	 0.437858	-0.223031	 0.499323
-0.313238	 0.469618	 0.498514	-0.122954	 0.498471	 0.125892	 0.140357	 0.276634	 0.499187	 0.468246	-0.223216	 0.499323
-0.313238	 0.484694	 0.498514	-0.311278	 0.498471	 0.312640	 0.375025	 0.276607	 0.499187	 0.483440	-0.223308	 0.499323
-0.313238	 0.492232	 0.498514	 0.094559	 0.498471	 0.406014	-0.008860	 0.276593	 0.499187	 0.491037	 0.276646	 0.499323
-0.313238	 0.496001	 0.498514	 0.296477	 0.498471	 0.452700	-0.200802	 0.276587	 0.499187	 0.494836	 0.525070	 0.499323
-0.313238	 0.497886	 0.498514	 0.397437	 0.498471	 0.476044	-0.296774	 0.276583	 0.499187	 0.496735	 0.647735	 0.499323
-0.313238	 0.498828	 0.498514	 0.447916	 0.498471	 0.487716	-0.344759	 0.276582	 0.499187	-0.502315	 0.207526	 0.499323
-0.313238	 0.499299	 0.498514	 0.473156	 0.498471	 0.493551	-0.368752	 0.276581	 0.499187	-0.998838	-0.012578	 0.499323
-0.313238	 0.499534	 0.498514	-0.014224	 0.498471	-0.003531	 0.119251	 0.276580	 0.499187	-0.244108	-0.122630	 0.499323
-0.313238	 0.499652	 0.498514	-0.256911	 0.498471	-0.251070	 0.362039	 0.276580	 0.499187	 0.132235	-0.177656	 0.499323
-0.313238	-0.000289	 0.498514	 0.121745	 0.498471	-0.874840	 0.482223	 0.276580	-0.000813	-0.180610	-0.205169	 0.499323
-0.313238	-0.249259	 0.498514	 0.310073	 0.498471	-1.183728	 0.541110	 0.276580	-0.249811	-0.337033	-0.218926	 0.499323
-0.313238	 0.126256	 0.498514	-0.095763	 0.498471	-0.835187	 0.569353	 0.276580	 0.125690	-0.415244	-0.225804	 0.499323
-0.313238	 0.313010	 0.498514	-0.297678	 0.498471	-0.660916	 0.582280	 0.276580	 0.312438	-0.454350	-0.229243	 0.499323
-0.313238	 0.406387	 0.498514	-0.398636	 0.498471	-0.573781	 0.587553	 0.276580	 0.405812	-0.473903	-0.230963	 0.499323
-0.313238	 0.453075	 0.498514	 0.050886	 0.498471	-0.030213	 0.089004	 0.276580	 0.452499	-0.483679	-0.231822	 0.499323
-0.313238	 0.476420	 0.498514	 0.274645	 0.498471	 0.240544	-0.160271	 0.276580	 0.475842	-0.488567	-0.232252	 0.499323
-0.313238	 0.488092	 0.498514	-0.113475	 0.498471	 0.374900	 0.215092	 0.276580	 0.487514	 0.008989	-0.232467	 0.499323
-0.313238	 0.493928	 0.498514	-0.306532	 0.498471	 0.441060	 0.401592	 0.276580	 0.493350	 0.256754	-0.232575	 0.499323
-0.313238	 0.496846	 0.498514	-0.403060	 0.498471	-0.026875	 0.493666	 0.276580	 0.496268	 0.379627	-0.232628	 0.499323
-0.313238	 0.498305	 0.498514	-0.451324	 0.498471	-0.260842	 0.538532	 0.276580	 0.497727	 0.440059	-0.232655	 0.499323
-0.313238	-0.000966	 0.498514	 0.024544	 0.498471	 0.122174	 0.059798	 0.276580	 0.498456	-0.030727	-0.232669	 0.499323
-0.313238	-0.249600	 0.498514	 0.261477	 0.498471	 0.312672	-0.179569	 0.276580	 0.498821	-0.265116	-0.232675	 0.499323
-0.313238	-0.373918	 0.498514	 0.379943	 0.498471	 0.406914	-0.299253	 0.276580	 0.499003	-0.382311	-0.232679	 0.499323
-0.313238	-0.436077	 0.498514	-0.060823	 0.498471	 0.453033	-0.359095	 0.276580	 0.499094	 0.059092	-0.232680	 0.499323
-0.313238	-0.467156	 0.498514	-0.280204	 0.498471	 0.476093	-0.389015	 0.276580	 0.499140	 0.278792	-0.232681	 0.499323
-0.313238	 0.017304	 0.498514	 0.110106	 0.498471	 0.487622	 0.096024	 0.776580	 0.499163	-0.611358	-0.232682	 0.499323
-0.313238	 0.258531	 0.498514	 0.304260	 0.498471	 0.493387	 0.337382	 1.024027	 0.499174	-1.053430	-0.232682	 0.499323
-0.313238	 0.379144	 0.498514	-0.098662	 0.498471	 0.496270	-0.043097	 0.645207	 0.499180	-0.771475	-0.232682	 0.499323
-0.313238	 0.439451	 0.498514	-0.299121	 0.498471	 0.497711	-0.233336	 0.455798	 0.499183	-0.630497	-0.232682	 0.499323
-0.313238	-0.030396	 0.498514	 0.100650	-0.001529	 0.498432	 0.171544	 0.361093	 0.499184	-0.560008	-0.232682	 0.499323
-0.313238	-0.264318	 0.498514	 0.299535	-0.250526	 0.498792	 0.372831	 0.313740	 0.499185	-0.524764	-0.232682	 0.499323
-0.313238	-0.381280	 0.498514	 0.398977	-0.375024	 0.498972	 0.472327	 0.290064	 0.499185	-0.507142	-0.232682	 0.499323
-0.313238	 0.060239	 0.498514	 0.448698	 0.062727	 0.499062	 0.520931	 0.278226	 0.499185	-0.498331	-0.232682	 0.499323
-0.313238	 0.279996	 0.498514	 0.473559	 0.280601	 0.499107	 0.544094	 0.272307	 0.499186	-0.493925	-0.232682	 0.499323
-0.313238	 0.389874	 0.498514	-0.014011	 0.389538	 0.499130	 0.554541	 0.269347	 0.499186	 0.008278	-0.232682	 0.499323
-0.313238	 0.444813	 0.498514	-0.256793	 0.444007	 0.499141	 0.558634	 0.267868	 0.499186	 0.258358	-0.232682	 0.499323
-0.313238	 0.472282	 0.498514	-0.378184	 0.471241	 0.499146	 0.059556	 0.267128	 0.499186	 0.382381	-0.232682	 0.499323
-0.313238	 0.486017	 0.498514	-0.438879	 0.484858	 0.499149	-0.189984	 0.266758	 0.499186	 0.443380	-0.232682	 0.499323
-0.313238	 0.492884	 0.498514	-0.469227	 0.491667	 0.499151	-0.314753	 0.266573	 0.499186	 0.472871	-0.232682	 0.499323
-0.313238	 0.496318	 0.498514	-0.484401	 0.495071	 0.499151	-0.377138	 0.266480	 0.499186	 0.486612	-0.232682	 0.499323
-0.313238	 0.498035	 0.498514	-0.491988	 0.496773	 0.499152	-0.408331	 0.266434	 0.499186	 0.492481	-0.232682	 0.499323
-0.313238	 0.498893	 0.498514	 0.004219	-0.002375	 0.499152	-0.423927	 0.266411	 0.499186	-0.004584	-0.232682	 0.499323
-0.313238	 0.499322	 0.498514	 0.251321	-0.250947	 0.499152	-0.431725	 0.266399	 0.499186	-0.252113	-0.232682	 0.499323
-0.313238	 0.499537	 0.498514	-0.625127	 0.124767	 0.499152	-0.435624	 0.266394	 0.499186	 0.124122	-0.232682	 0.499323
-0.313238	 0.499644	 0.498514	-1.060349	 0.311624	 0.499152	-0.437573	 0.266391	 0.499186	 0.311239	-0.232682	 0.499323
-0.313238	 0.499698	 0.498514	-0.774968	 0.405052	-0.000848	-0.438548	 0.266389	 0.499186	 0.404797	-0.232682	 0.499323
-0.313238	 0.499725	 0.498514	-0.632278	 0.451766	-0.249846	-0.439036	 0.266388	 0.499186	 0.451577	-0.232682	 0.499323
-0.313238	 0.499738	 0.498514	-0.560933	-0.024877	 0.125655	-0.439279	 0.266388	 0.499186	 0.474966	-0.232682	 0.499323
-0.313238	 0.499745	 0.498514	-0.525260	-0.262196	 0.312403	-0.439401	 0.266388	 0.499186	 0.486661	-0.232682	 0.499323
-0.313238	 0.499748	 0.498514	-0.007424	-0.380855	 0.405777	 0.060538	 0.266388	 0.499186	 0.492509	-0.232682	 0.499323
-0.313238	 0.499750	 0.498514	 0.250473	-0.440185	 0.452464	 0.309387	 0.266388	 0.499186	 0.495432	-0.232682	 0.499323
-0.313238	 0.499751	 0.498514	 0.378405	-0.469849	 0.475807	 0.432694	 0.266388	 0.499186	 0.496894	-0.232682	 0.499323
-0.313238	-0.000249	 0.498514	 0.441359	 0.015318	 0.487479	 0.493236	 0.266388	 0.499186	 0.497625	-0.232682	 0.499323
