-0.372346	 0.356202	 0.451462	 0.297524	-0.326670	 0.567060	-0.998373	 0.498438	 0.453285	 0.475766	 0.100045	 0.499359
-0.372346	 0.356202	 0.474806	 0.297524	 0.142124	 0.095035	-0.243881	 0.498438	 0.476628	 0.475767	 0.100045	 0.499359
-0.372346	 0.356202	 0.486478	 0.297524	 0.375299	-0.140977	 0.132344	 0.498438	 0.488300	 0.475768	 0.100045	 0.499359
-0.372346	 0.356202	 0.492314	 0.297524	 0.490669	-0.258983	 0.319439	 0.498438	 0.494135	 0.475768	 0.100045	 0.499359
-0.372346	 0.356202	 0.495231	 0.297524	 0.547142	-0.317986	 0.411974	 0.498438	 0.497053	 0.475769	 0.100045	 0.499359
-0.372346	 0.356202	 0.496690	 0.297524	 0.574172	-0.347488	 0.457232	 0.498438	 0.498512	 0.475769	 0.100045	 0.499359
-0.372346	 0.356202	 0.497420	 0.297524	 0.586484	 0.137762	 0.478856	 0.498438	-0.000758	 0.475769	 0.100045	 0.499359
-0.372346	 0.356202	 0.497785	 0.297524	 0.591443	 0.379140	 0.488668	 0.498438	-0.249394	 0.475769	 0.100045	 0.499359
-0.372346	 0.356202	 0.497967	 0.297524	 0.592729	 0.498589	 0.493573	 0.498438	 0.126289	 0.475769	 0.100045	 0.499359
-0.372346	 0.356202	 0.498058	 0.297524	 0.592184	 0.557077	 0.496026	 0.498438	 0.313126	 0.475769	 0.100045	 0.499359
-0.372346	 0.356202	 0.498104	 0.297524	 0.590729	 0.585090	-0.002748	 0.498438	 0.406545	 0.475769	 0.100045	 0.499359
-0.372346	 0.356202	 0.498127	 0.297524	 0.588822	 0.597870	-0.251131	 0.498438	 0.453254	 0.475769	 0.100045	 0.499359
-0.372346	 0.356202	 0.498138	 0.297524	 0.586695	 0.603039	-0.875323	 0.498438	 0.476609	 0.475769	 0.100045	 0.499359
-0.372346	 0.356202	 0.498144	 0.297524	 0.584462	 0.604407	-1.184420	 0.498438	 0.488286	 0.475769	 0.100045	 0.499359
-0.372346	 0.356202	 0.498147	 0.297524	 0.582182	 0.603879	-1.335982	 0.498438	 0.494125	 0.475769	 0.100045	 0.499359
-0.372346	 0.356202	 0.498148	 0.297524	 0.579881	 0.602409	-0.908787	 0.498438	 0.497044	 0.475769	 0.100045	 0.499359
-0.372346	 0.356202	 0.498149	 0.297524	 0.577576	 0.600471	-0.695190	 0.498438	 0.498504	 0.475769	 0.100045	 0.499359
-0.372346	 0.356202	 0.498149	 0.797524	 0.575273	 0.598306	-0.088392	 0.498438	 0.499234	-0.024231	 0.100045	 0.499359
-0.372346	 0.356202	 0.498149	 1.044929	 0.572976	 0.596031	 0.213971	 0.498438	 0.499598	-0.273183	 0.100045	 0.499359
-0.372346	 0.356202	 0.498149	 0.666047	 0.570685	 0.093706	 0.364120	 0.498438	 0.499781	 0.103386	 0.100045	 0.499359
-0.372346	 0.356202	 0.498149	 0.476605	 0.568404	-0.157457	 0.438165	 0.498438	 0.499872	 0.291670	 0.100045	 0.499359
-0.372346	 0.356202	 0.498149	 0.381885	 0.066130	-0.283038	 0.474164	 0.498438	 0.499918	 0.385812	 0.100045	 0.499359
-0.372346	 0.356202	 0.498149	 0.334525	-0.185006	-0.345829	 0.491143	 0.498438	 0.499941	 0.432883	 0.100045	 0.499359
-0.372346	 0.356202	 0.498149	 0.310844	-0.310574	-0.377224	 0.498616	 0.498438	 0.499952	 0.456419	 0.100045	 0.499359
-0.372346	 0.356202	 0.498149	 0.299004	-0.373359	 0.107078	 0.501340	 0.498438	 0.499958	 0.468186	 0.100045	 0.499359
-0.372346	 0.356202	 0.498149	 0.293084	-0.404751	 0.348047	 0.501694	 0.498438	 0.499961	 0.474070	 0.100045	 0.499359
-0.372346	 0.356202	 0.498149	 0.290124	 0.079553	-0.032647	 0.500867	 0.498438	 0.499962	 0.477012	 0.100045	 0.499359
-0.372346	 0.356202	 0.498149	 0.288644	 0.320578	-0.222994	 0.499454	 0.498438	 0.499963	 0.478483	 0.100045	 0.499359
-0.372346	 0.356202	 0.498149	 0.287904	-0.060034	-0.318168	 0.498747	 0.498438	-0.000037	 0.479219	 0.100045	 0.499359
-0.372346	 0.356202	 0.498149	 0.287534	-0.250339	-0.365754	 0.498393	 0.498438	-0.249037	 0.479586	 0.100045	 0.499359
-0.372346	 0.356202	 0.498149	 0.287349	 0.154508	-0.389548	 0.498217	 0.498438	 0.126463	 0.479770	 0.100045	 0.499359
-0.372346	 0.356202	 0.498149	 0.287257	 0.355813	-0.401444	 0.498128	 0.498438	 0.313210	 0.479862	 0.100045	 0.499359
-0.372346	 0.356202	 0.498149	 0.287211	 0.455351	-0.407393	 0.498084	 0.498438	 0.406583	 0.479908	 0.100045	 0.499359
-0.372346	 0.356202	 0.498149	 0.287187	 0.004011	-0.410367	 0.498062	 0.498438	-0.046731	 0.479931	 0.100045	 0.499359
-0.372346	 0.356202	 0.498149	 0.287176	-0.221660	-0.411854	 0.498051	 0.498438	-0.272387	 0.479943	 0.100045	 0.499359
-0.372346	 0.356202	-0.001851	 0.287170	-0.334495	-0.412597	 0.498046	 0.498438	-0.385216	 0.479948	 0.100045	-0.000641
-0.372346	 0.356202	-0.250847	 0.287167	-0.390912	-0.412969	 0.498043	 0.498438	-0.441630	 0.479951	 0.100045	-0.249640
-0.372346	 0.356202	-0.375345	 0.287166	-0.419121	-0.413155	 0.498041	 0.498438	-0.469837	-0.020047	 0.100045	 0.125861
-0.372346	 0.356202	-0.437594	 0.287165	-0.433226	-0.413248	 0.498041	 0.498438	-0.483941	-0.269006	 0.100045	 0.312608
-0.372346	 0.356202	-0.468719	 0.287165	-0.440278	-0.413295	 0.498040	 0.498438	-0.490992	 0.107550	 0.100045	 0.405982
-0.372346	 0.356202	-0.484281	 0.287165	-0.443804	-0.413318	 0.498040	 0.498438	-0.494518	 0.295828	 0.100045	 0.452669
-0.372346	 0.356202	-0.492062	 0.287164	-0.445567	-0.413329	 0.498040	 0.498438	-0.496281	 0.389967	 0.100045	 0.476012
-0.372346	 0.356202	 0.004047	 0.287164	-0.446449	-0.413335	 0.498040	 0.498438	-0.497163	 0.437037	 0.100045	-0.012316
-0.372346	 0.356202	 0.251102	 0.287164	-0.446889	-0.413338	 0.498040	 0.498438	-0.497603	 0.460571	 0.100045	-0.255479
-0.372346	 0.356202	-0.125371	 0.287164	-0.447110	-0.413340	 0.498040	-0.001562	-0.497824	 0.472339	 0.100045	-0.377060
-0.372346	 0.356202	-0.312604	 0.287164	-0.447220	-0.413340	 0.498040	-0.250559	-0.497934	 0.478222	 0.100045	-0.437851
-0.372346	 0.356202	 0.093780	 0.287164	-0.447275	-0.413341	 0.498040	 0.124943	-0.497989	 0.481164	 0.100045	-0.468246
-0.372346	 0.356202	 0.295971	 0.287164	-0.447303	-0.413341	 0.498040	 0.311693	-0.498017	 0.482635	 0.100045	-0.483444
-0.372346	 0.356202	-0.102933	 0.287164	-0.447316	-0.413341	 0.498040	 0.405068	-0.498030	 0.483371	 0.100045	-0.491043
-0.372346	 0.356202	-0.301381	 0.287164	-0.447323	-0.413341	 0.498040	 0.451755	-0.498037	 0.483738	 0.100045	-0.494842
-0.372346	 0.356202	-0.400605	 0.287164	-0.447327	-0.413341	 0.498040	 0.475099	-0.498041	 0.483922	 0.100045	-0.496742
-0.372346	 0.356202	-0.450218	 0.287164	-0.447328	-0.413341	 0.498040	 0.486771	-0.498042	 0.484014	 0.100045	-0.497692
-0.372346	 0.356202	-0.475024	 0.287164	-0.447329	-0.413341	 0.498040	 0.492607	-0.498043	 0.484060	 0.100045	-0.498167
-0.372346	 0.356202	-0.487427	 0.287164	-0.447330	-0.413341	 0.498040	 0.495525	-0.498044	 0.484083	 0.100045	-0.498404
-0.372346	 0.356202	-0.493628	 0.287164	-0.447330	-0.413341	 0.498040	 0.496983	-0.498044	 0.484095	 0.100045	-0.498523
-0.372346	 0.356202	-0.496729	 0.287164	-0.447330	-0.413341	 0.498040	-0.002287	-0.498044	 0.484100	-0.399955	 0.001418
-0.372346	 0.356202	-0.498279	 0.287164	-0.447330	-0.413341	 0.498040	-0.250919	-0.498044	 0.484103	-0.648155	 0.250385
-0.372346	 0.356202	-0.499054	 0.287164	-0.447330	-0.413341	 0.498040	 0.124765	-0.498044	 0.484105	-0.270462	-0.125131
-0.372346	 0.356202	-0.499442	 0.287164	-0.447330	-0.413341	 0.498040	 0.311606	-0.498044	 0.484105	-0.081616	-0.311888
-0.372346	 0.356202	-0.499636	 0.287164	-0.447330	-0.413341	 0.498040	 0.405026	-0.498044	 0.484106	 0.012807	-0.405266
-0.372346	 0.356202	-0.499733	 0.287164	-0.447330	-0.413341	 0.498040	-0.048263	-0.498044	-0.015894	 0.060019	-0.451955
-0.372346	 0.356202	-0.499781	 0.287164	-0.447330	-0.413341	 0.498040	-0.273905	-0.498044	-0.264862	 0.083624	-0.475300
-0.372346	 0.356202	-0.499805	 0.287164	-0.447330	-0.413341	 0.498040	 0.113274	-0.498044	 0.111681	 0.095427	-0.486972
-0.372346	 0.356202	-0.499818	 0.287164	-0.447330	-0.413341	 0.498040	 0.305863	-0.498044	 0.299953	 0.101329	-0.492808
-0.372346	 0.356202	-0.499824	 0.287164	-0.947330	-0.413341	 0.498040	-0.097843	-0.498044	 0.394089	 0.104279	-0.495726
-0.372346	 0.356202	-0.499827	 0.287164	-1.194435	-0.413341	 0.498040	-0.298693	-0.498044	 0.441157	 0.105755	-0.497185
-0.372346	 0.356202	-0.499828	 0.287164	-0.815105	-0.413341	 0.498040	-0.399118	-0.498044	-0.035309	 0.106493	-0.497915
-0.372346	 0.356202	-0.499829	 0.287164	-0.625440	-0.413341	 0.498040	-0.449330	-0.498044	-0.272518	 0.106861	-0.498280
-0.372346	 0.356202	-0.499829	 0.287164	-0.530607	-0.413341	 0.498040	-0.474436	-0.498044	-0.390104	 0.107046	-0.498462
-0.372346	 0.356202	-0.499829	 0.287164	-0.483191	-0.413341	 0.498040	-0.486989	-0.498044	 0.052119	 0.107138	-0.498553
-0.372346	 0.356202	-0.499830	 0.287164	-0.459483	-0.413341	 0.498040	-0.493266	-0.498044	 0.273230	 0.107184	-0.498599
-0.872346	 0.356202	-0.499830	 0.287164	-0.447629	-0.413341	 0.498040	-0.496404	-0.498044	-0.116214	 0.107207	-0.498622
-1.119601	 0.356202	-0.499830	 0.287164	-0.441702	-0.413341	 0.498040	-0.497973	-0.498044	-0.309925	 0.107219	-0.498633
-0.740495	 0.356202	-0.499830	 0.287164	-0.438738	-0.413341	 0.498040	-0.498758	-0.498044	 0.094227	-0.392776	-0.498639
-0.550942	 0.356202	-0.499830	 0.287164	-0.437256	-0.413341	 0.498040	-0.499150	-0.498044	 0.296303	-0.640987	-0.498642
-0.456166	 0.356202	-0.499830	 0.287164	-0.436515	-0.413341	 0.498040	-0.499346	-0.498044	-0.102659	-0.263315	-0.498643
-0.408777	 0.356202	-0.499830	 0.287164	-0.436145	-0.413341	 0.498040	-0.499444	-0.498044	-0.301137	-0.074478	-0.498644
-0.385083	 0.356202	-0.499830	 0.287164	-0.435960	-0.413341	 0.498040	-0.499493	-0.498044	 0.099624	 0.019940	-0.498644
-0.373236	 0.356202	-0.499830	 0.287164	-0.435867	-0.413341	 0.498040	-0.499518	-0.498044	 0.299004	 0.067149	-0.498644
-0.367313	 0.356202	-0.499830	 0.287164	-0.435821	-0.413341	 0.498040	-0.499530	-0.498044	 0.398694	 0.090754	-0.498644
-0.364351	 0.356202	-0.499830	 0.287164	-0.435798	-0.413341	 0.498040	-0.499536	-0.498044	-0.051461	 0.102556	-0.498644
-0.362870	 0.356202	-0.499830	 0.287164	-0.435786	-0.413341	 0.498040	-0.499539	-0.498044	-0.275535	 0.108457	-0.498644
-0.362130	 0.356202	-0.499830	 0.287164	-0.435780	-0.413341	 0.498040	-0.499541	-0.498044	-0.887572	 0.111408	-0.498644
-0.361759	 0.356202	-0.499830	 0.287164	-0.435777	-0.413341	 0.498040	-0.499542	-0.498044	-1.190592	 0.112883	-0.498644
-0.361574	 0.356202	 0.000170	 0.287164	-0.435776	-0.413341	 0.498040	 0.000458	-0.498044	-0.339114	 0.113620	 0.001356
-0.361482	 0.356202	 0.249170	 0.287164	-0.435775	-0.413341	 0.498040	 0.249457	-0.498044	 0.085600	 0.113989	 0.250353
-0.361435	 0.356202	 0.373670	 0.287164	-0.435775	-0.413341	 0.498040	 0.373956	-0.498044	 0.296936	 0.114174	-0.125149
-0.361412	 0.356202	 0.435920	 0.287164	-0.435775	-0.413341	 0.498040	 0.436206	-0.498044	 0.401588	 0.114266	-0.311898
-0.361401	 0.356202	 0.467045	 0.287164	-0.435775	-0.413341	 0.498040	 0.467331	-0.498044	 0.452901	 0.114312	-0.405273
-0.361395	 0.356202	-0.017393	 0.287164	-0.435775	-0.413341	 0.498040	 0.482893	-0.498044	 0.477549	 0.114335	 0.048040
-0.361392	 0.356202	-0.258608	 0.287164	-0.435775	-0.413341	 0.498040	 0.490674	-0.498044	 0.488869	 0.114347	 0.273694
-0.361391	 0.356202	 0.120785	 0.287164	 0.064225	-0.913341	 0.498040	-0.005435	-0.498044	 0.493529	 0.114352	 0.386520
-0.361390	 0.356202	 0.309480	 0.287164	 0.313097	-1.160514	 0.498040	-0.252487	-0.498044	 0.495858	 0.114355	 0.442934
-0.361389	 0.356202	-0.096172	 0.287164	-0.063591	-0.781286	-0.501960	 0.123988	-0.498044	 0.497023	 0.114357	 0.471141
-0.361389	 0.356202	-0.297994	 0.287164	-0.251935	-0.591671	-0.998956	 0.311224	-0.498044	 0.497606	 0.114357	 0.485244
-0.361389	 0.356202	 0.101095	 0.287164	-0.346107	-0.496864	-0.244462	 0.404842	-0.498044	 0.497897	 0.114358	 0.492296
-0.361389	 0.356202	 0.299639	 0.287164	-0.393193	-0.449460	 0.131765	 0.451651	-0.498044	 0.498043	 0.114358	 0.495821
-0.361389	 0.356202	 0.398911	 0.287164	-0.416736	-0.425759	 0.318862	 0.475055	-0.498044	 0.498115	 0.114358	 0.497584
-0.361389	 0.356202	 0.448547	 0.287164	-0.428508	-0.413908	 0.411399	 0.486758	-0.498044	 0.498152	 0.114358	 0.498466
-0.361389	 0.356202	 0.473365	 0.287164	-0.434394	-0.407982	 0.456660	 0.492609	-0.498044	 0.498170	 0.114358	 0.498907
-0.361389	 0.356202	 0.485774	 0.287164	-0.437336	-0.405020	 0.478286	-0.004466	-0.498044	 0.498179	 0.114358	 0.499127
-0.361389	 0.356202	 0.491978	 0.287164	-0.438808	-0.403538	 0.489099	-0.252000	-0.498044	 0.498184	 0.114358	 0.499237
-0.361389	 0.356202	 0.495081	 0.287164	-0.439544	-0.402798	 0.494506	 0.124233	 0.001956	 0.498186	 0.114358	 0.499292
-0.361389	 0.356202	 0.496632	 0.287164	-0.439911	-0.402427	 0.497209	 0.311349	 0.250952	 0.498187	 0.114358	 0.499320
-0.361389	 0.356202	-0.002593	 0.287164	-0.440095	-0.902242	 0.498561	-0.095093	 0.375450	 0.498188	 0.114358	 0.499333
-0.361389	 0.356202	-0.251201	 0.287164	-0.440187	-1.149345	 0.499237	-0.297312	 0.437699	 0.498188	 0.114358	 0.499340
-0.361389	 0.356202	-0.375506	 0.287164	-0.440233	-1.270104	 0.499574	-0.398421	 0.468824	 0.498188	 0.114358	 0.499344
-0.361389	 0.356202	 0.062342	 0.287164	 0.059744	-0.827702	 0.499743	 0.051025	 0.484386	 0.498188	 0.114358	 0.499346
-0.361389	 0.356202	 0.280266	 0.287164	 0.308613	-0.606501	 0.499828	 0.274747	 0.492167	 0.498188	 0.114358	 0.499346
-0.361389	 0.356202	 0.491379	 0.287164	-0.048977	-0.392212	 0.499910	 0.491477	 0.126205	 0.498188	 0.114358	 0.499347
-0.361389	 0.356202	 0.494784	 0.287164	-0.249079	-0.388756	 0.499911	 0.494973	 0.313073	 0.498188	 0.114358	 0.499347
-0.361389	 0.356202	 0.496487	 0.287164	-0.349130	-0.387028	 0.499912	 0.496721	 0.406507	 0.498188	 0.114358	 0.499347
-0.361389	 0.356202	-0.002662	 0.287164	-0.399156	-0.386163	-0.000088	 0.497595	-0.046776	-0.001812	 0.114358	 0.499347
-0.361389	 0.356202	-0.251233	 0.287164	-0.424169	-0.385731	-0.249088	 0.498032	-0.272418	-0.250808	 0.114358	 0.499347
-0.361389	 0.356202	 0.124482	 0.287164	-0.436675	-0.385515	 0.126413	-0.001750	 0.114761	 0.124694	 0.114358	 0.499347
-0.361389	 0.356202	 0.311339	 0.287164	-0.442928	-0.385407	 0.313159	-0.250638	 0.307347	 0.311444	 0.114358	 0.499347
-0.361389	 0.356202	 0.404767	 0.287164	-0.446055	-0.385353	 0.406532	 0.124919	-0.096360	 0.404819	 0.114358	 0.499347
-0.361389	 0.356202	 0.451482	 0.287164	-0.447618	-0.385326	 0.453219	 0.311696	-0.297213	 0.451507	 0.114358	 0.499347
-0.361389	 0.356202	 0.474839	 0.287164	-0.448400	-0.385313	 0.476562	-0.094916	-0.397640	 0.474851	 0.114358	 0.499347
-0.361389	 0.356202	 0.486517	 0.287164	-0.448790	-0.385306	 0.488233	-0.297218	-0.447853	 0.486523	 0.114358	 0.499347
-0.361389	 0.356202	 0.492356	 0.287164	-0.448986	-0.385303	 0.494069	-0.398370	-0.472960	 0.492359	 0.114358	 0.499347
-0.361389	 0.356202	-0.004724	 0.287164	-0.449084	-0.385301	-0.003013	 0.051055	-0.485513	-0.004723	 0.114358	 0.499347
-0.361389	 0.356202	-0.252260	 0.287164	-0.449132	-0.385300	-0.250554	 0.274766	-0.491790	-0.252261	 0.114358	 0.499347
-0.361389	 0.356202	 0.123971	 0.287164	 0.050843	-0.385300	-0.374324	 0.386621	-0.494928	 0.123971	 0.114358	 0.499347
-0.361389	 0.356202	 0.311087	 0.287164	 0.299729	-0.385300	-0.436209	 0.442549	-0.496498	 0.311086	 0.114358	 0.499347
-0.361389	 0.356202	 0.404644	 0.287164	-0.076925	-0.385300	 0.032848	 0.470513	-0.497282	 0.404643	 0.114358	 0.499347
-0.361389	 0.356202	 0.451423	 0.287164	-0.265252	-0.385299	 0.266373	 0.484495	-0.497675	 0.451422	 0.114358	 0.499347
-0.361389	 0.356202	 0.474813	 0.287164	-0.359415	-0.385299	 0.383135	 0.491486	-0.497871	 0.474812	 0.114358	-0.000653
-0.361389	 0.356202	 0.486507	 0.287164	-0.406497	-0.385299	 0.441517	 0.494981	-0.497969	 0.486506	 0.114358	-0.249651
-0.361389	 0.356202	 0.492355	 0.287164	-0.430038	-0.385299	 0.470707	 0.496729	-0.498018	 0.492354	 0.114358	-0.374151
-0.361389	 0.356202	 0.495278	 0.287164	-0.441809	-0.385299	 0.485303	 0.497603	-0.498042	-0.004723	 0.114358	 0.063600
-0.361389	 0.356202	 0.496740	 0.287164	-0.447694	-0.385299	 0.492600	 0.498040	-0.498055	-0.252257	 0.114358	 0.281472
-0.361389	 0.356202	-0.002529	 0.287164	-0.450636	-0.385299	-0.003751	 0.498259	-0.498061	 0.123976	 0.114358	 0.390408
-0.361389	 0.356202	-0.251160	 0.287164	-0.452108	-0.385299	-0.250926	 0.498368	-0.498064	 0.311091	 0.114358	 0.444876
-0.361389	 0.356202	-0.375475	 0.287164	-0.452843	 0.114701	 0.125486	 0.498422	-0.498065	 0.404649	 0.114358	 0.472110
-0.361389	 0.356202	-0.437633	 0.287164	-0.453211	 0.363471	 0.312688	 0.498450	-0.498066	 0.451428	 0.114358	 0.485727
-0.361389	 0.356202	 0.031288	 0.287164	-0.453395	-0.013368	 0.406289	 0.498463	-0.498066	 0.474818	 0.114358	 0.492536
-0.361389	 0.356202	 0.264748	 0.287164	-0.453487	-0.201788	 0.453090	 0.498470	-0.498067	 0.486513	 0.114358	 0.495940
-0.361389	 0.356202	 0.381478	 0.287164	-0.453533	-0.295997	 0.476490	 0.498474	-0.498067	 0.492360	 0.114358	 0.497642
-0.361389	 0.356202	 0.439843	 0.287164	 0.046444	-0.343102	 0.488191	 0.498475	 0.001933	 0.495284	 0.114358	 0.498493
-0.361389	 0.356202	 0.469026	 0.287164	 0.295340	-0.366655	 0.494041	 0.498476	 0.250929	 0.496746	 0.114358	 0.498919
-0.361389	 0.356202	 0.483617	 0.287164	-0.581301	-0.378431	-0.503034	 0.498477	 0.375427	 0.497476	 0.114358	 0.499132
-0.361389	 0.356202	 0.490913	 0.287164	-1.016705	-0.384319	-0.998572	 0.498477	 0.437676	 0.497842	 0.114358	 0.499238
-0.361389	 0.356202	 0.494561	 0.287164	-0.731503	-0.387263	-0.243352	-0.001523	 0.468801	 0.498025	 0.114358	 0.499291
-0.361389	 0.356202	 0.496385	 0.287164	-0.588902	-0.388735	 0.133234	-0.250520	 0.484363	 0.498116	 0.114358	 0.499318
-0.361389	 0.356202	 0.497297	 0.287164	-0.517602	-0.389471	 0.320507	 0.124982	-0.007856	 0.498162	 0.114358	 0.499331
-0.361389	 0.356202	 0.497753	 0.287164	-0.481952	-0.389839	 0.413129	 0.311731	-0.252965	 0.498185	 0.114358	 0.499338
-0.361389	 0.356202	-0.002019	 0.287164	-0.464127	-0.390023	 0.458428	 0.405106	-0.375520	 0.498196	 0.114358	 0.499341
-0.361389	 0.356202	-0.250902	 0.287164	-0.455214	-0.390115	 0.480070	 0.451794	-0.436797	 0.498202	 0.114358	 0.499343
-0.361389	 0.356202	-0.375343	 0.287164	-0.450758	-0.390161	 0.489887	 0.475137	-0.467436	 0.498205	 0.114358	 0.499344
-0.361389	 0.356202	 0.062436	 0.287164	-0.448530	-0.390184	 0.494796	 0.486809	-0.482755	-0.001794	 0.114358	 0.499344
-0.361389	 0.356202	 0.280326	 0.287164	-0.447416	-0.390196	 0.497251	 0.492645	-0.490415	-0.250790	 0.114358	 0.499344
-0.361389	 0.356202	-0.110730	 0.287164	-0.446858	-0.390201	 0.498478	 0.495563	-0.494244	 0.124712	 0.114358	 0.499344
-0.361389	 0.356202	-0.305254	 0.287164	-0.446580	-0.390204	 0.499091	 0.497022	-0.496159	 0.311463	 0.114358	 0.499344
-0.361389	 0.356202	 0.097484	 0.287164	-0.446441	-0.390206	 0.499398	 0.497752	-0.497117	 0.404838	 0.114358	 0.499344
-0.361389	 0.356202	 0.297853	 0.287164	-0.446371	-0.390206	 0.499552	 0.498116	-0.497595	 0.451526	 0.114358	 0.499344
-0.361389	 0.356202	 0.398037	 0.287164	-0.446336	-0.390207	 0.499628	 0.498299	-0.497835	 0.474870	 0.114358	 0.499344
-0.361389	 0.356202	 0.448129	 0.287164	-0.446319	-0.390207	 0.499667	 0.498390	-0.497955	 0.486542	 0.114358	 0.499344
-0.361389	 0.356202	 0.473175	 0.287164	-0.446310	-0.390207	 0.499686	 0.498436	-0.498014	 0.492378	 0.114358	 0.499344
-0.361389	 0.356202	 0.485698	 0.287164	 0.053694	-0.390207	 0.499695	 0.498458	-0.498044	 0.495296	 0.114358	 0.499344
-0.361389	 0.356202	 0.491960	 0.287164	 0.302589	-0.390207	 0.499700	 0.498470	-0.498059	 0.496755	 0.114358	 0.499344
-0.361389	 0.356202	 0.495090	 0.287164	-0.074067	-0.390207	 0.499703	 0.498475	 0.001933	 0.497484	 0.114358	 0.499344
-0.361389	 0.356202	 0.496656	 0.287164	-0.262394	-0.390207	 0.499704	 0.498478	 0.250926	 0.497849	 0.114358	 0.499344
-0.361389	 0.356202	 0.497438	 0.287164	-0.356558	-0.390207	 0.499704	 0.498480	-0.124578	 0.498031	 0.114358	 0.499344
-0.361389	 0.356202	 0.497830	 0.287164	-0.403640	-0.390207	 0.499705	 0.498480	-0.311330	 0.498123	 0.114358	 0.499344
-0.361389	 0.356202	-0.001975	 0.287164	 0.072819	-0.390207	 0.499705	-0.001519	 0.095294	 0.498168	 0.114358	 0.499344
-0.361389	 0.356202	-0.250873	 0.287164	 0.309950	-0.390207	 0.499705	-0.250516	 0.297602	 0.498191	 0.114358	 0.499344
-0.361389	 0.356202	-0.375322	 0.287164	 0.427421	-0.390207	 0.499705	-0.375014	 0.398757	 0.498202	 0.114358	 0.499344
-0.361389	 0.356202	-0.437547	 0.287164	-0.014933	-0.390207	 0.499705	 0.062736	-0.050666	 0.498208	 0.114358	 0.499344
-0.361389	 0.356202	-0.468659	 0.287164	-0.236110	-0.390207	 0.499705	 0.280611	-0.274378	 0.498211	 0.114358	 0.499344
-0.361389	 0.356202	 0.015784	 0.287164	-0.346699	-0.390207	 0.499705	 0.389548	 0.113767	 0.498212	 0.114358	 0.499344
-0.361389	 0.356202	 0.257006	 0.287164	-0.401993	-0.390207	 0.499705	 0.444017	 0.306835	 0.498213	 0.114358	 0.499344
-0.361389	 0.356202	-0.122383	 0.287164	-0.429640	-0.390207	 0.499705	 0.471251	-0.096631	 0.498213	 0.114358	 0.499344
-0.361389	 0.356202	-0.311075	 0.287164	-0.443464	-0.390207	 0.499705	 0.484868	-0.297363	 0.498214	 0.114358	 0.499344
-0.361389	 0.356202	 0.094580	 0.287164	-0.450375	-0.390207	 0.499705	 0.491677	 0.102270	 0.498214	 0.114358	 0.499344
-0.361389	 0.356202	 0.296407	 0.287164	-0.453831	-0.390207	 0.499705	 0.495081	 0.301083	 0.498214	 0.114358	 0.499344
-0.361389	 0.356202	 0.397320	 0.287164	-0.455559	-0.390207	 0.499705	 0.496783	 0.400490	 0.498214	 0.114358	 0.499344
-0.361389	 0.356202	 0.447777	 0.287164	-0.456423	-0.390207	 0.499705	 0.497634	-0.049807	 0.498214	 0.114358	 0.499344
-0.361389	 0.356202	 0.473005	 0.287164	-0.456855	-0.390207	 0.499705	 0.498060	-0.273955	 0.498214	 0.114358	 0.499344
-0.361389	 0.356202	 0.485619	 0.287164	-0.457071	-0.390207	 0.499705	 0.498273	-0.386029	 0.498214	 0.114358	 0.499344
-0.361389	 0.356202	 0.491926	 0.287164	-0.457179	-0.390207	 0.499705	 0.498379	-0.442066	 0.498214	 0.114358	 0.499344
-0.361389	 0.356202	 0.495080	 0.287164	-0.457233	-0.390207	 0.499705	 0.498432	 0.029915	 0.498214	 0.114358	 0.499344
-0.361389	 0.356202	 0.496657	 0.287164	-0.457260	-0.390207	 0.499705	 0.498459	 0.264902	 0.498214	 0.114358	 0.499344
-0.361389	 0.356202	-0.002555	 0.287164	-0.457274	 0.109793	 0.499705	 0.498472	 0.382396	 0.498214	 0.114358	 0.499344
-0.361389	 0.356202	-0.251157	 0.287164	-0.457280	 0.358573	 0.499705	 0.498479	 0.441142	 0.498214	 0.114358	 0.499344
-0.361389	 0.356202	-0.375458	 0.287164	-0.457284	 0.481749	 0.499705	 0.498482	 0.470516	 0.498214	 0.114358	 0.499344
-0.361389	 0.356202	 0.062391	 0.287164	 0.042715	 0.042127	 0.499705	 0.498484	-0.014798	 0.498214	 0.114358	 0.499344
-0.361389	 0.356202	 0.280315	 0.287164	 0.291628	-0.177684	 0.499705	 0.498484	-0.256454	 0.498214	 0.114358	 0.499344
-0.361389	 0.356202	 0.389277	 0.287164	-0.084996	-0.287590	 0.499705	 0.498485	-0.377282	 0.498214	 0.114358	 0.499344
-0.361389	 0.356202	 0.443758	 0.287164	-0.273308	-0.342543	 0.499705	 0.498485	-0.437696	 0.498214	 0.114358	 0.499344
-0.361389	 0.356202	 0.470999	 0.287164	-0.367464	-0.370019	 0.499705	 0.498485	-0.467903	 0.498214	 0.114358	 0.499344
-0.361389	 0.356202	 0.484619	 0.287164	-0.414542	-0.383757	 0.499705	 0.498485	-0.483007	 0.498214	 0.114358	 0.499344
-0.361389	 0.356202	 0.491429	 0.287164	-0.438081	-0.390626	 0.499705	 0.498485	-0.490559	 0.498214	 0.114358	 0.499344
-0.361389	 0.356202	 0.494834	 0.287164	-0.449851	-0.394061	 0.499705	 0.498485	-0.494335	 0.498214	 0.114358	 0.499344
-0.361389	 0.356202	 0.496537	 0.287164	-0.455735	-0.395778	 0.499705	 0.498485	-0.496223	 0.498214	 0.114358	 0.499344
-0.361389	 0.356202	 0.497388	 0.287164	 0.041322	-0.396637	 0.499705	 0.498485	-0.497167	 0.498214	 0.114358	 0.499344
-0.361389	 0.356202	 0.497814	 0.287164	 0.288774	-0.397066	 0.499705	 0.498485	-0.497639	 0.498214	 0.114358	 0.499344
-0.361389	 0.356202	 0.498027	 0.287164	-0.088572	-0.397281	 0.499705	-0.001515	-0.497875	 0.498214	 0.114358	 0.499344
-0.361389	 0.356202	 0.498133	 0.287164	-0.277245	-0.397388	 0.499705	-0.250512	-0.497993	 0.498214	 0.114358	 0.499344
-0.361389	 0.356202	 0.498186	 0.287164	-0.371582	-0.397442	 0.499705	 0.124990	 0.001948	 0.498214	 0.114358	 0.499344
-0.361389	 0.356202	 0.498213	 0.287164	-0.418750	-0.397469	 0.499705	 0.311740	 0.250915	 0.498214	 0.114358	 0.499344
-0.361389	 0.356202	-0.001774	 0.287164	-0.442334	-0.397482	 0.499705	 0.405114	 0.375399	 0.498214	 0.114358	 0.499344
-0.361389	 0.356202	-0.250764	 0.287164	-0.454127	-0.397489	 0.499705	 0.451802	 0.437640	 0.498214	 0.114358	 0.499344
-0.361389	 0.356202	-0.375258	 0.287164	-0.460023	-0.397492	 0.499705	 0.475146	 0.468761	 0.498214	 0.114358	 0.499344
-0.361389	 0.356202	 0.062494	 0.287164	-0.462971	-0.397494	 0.499705	 0.486818	 0.484322	 0.498214	 0.114358	 0.499344
-0.361389	 0.356202	 0.280370	 0.287164	-0.464445	-0.397495	 0.499705	 0.492653	 0.492102	 0.498214	 0.114358	 0.499344
-0.361389	 0.356202	-0.110692	 0.287164	-0.465182	-0.397495	 0.499705	 0.495571	 0.495992	 0.498214	 0.114358	 0.499344
-0.361389	 0.356202	-0.305220	 0.287164	-0.465550	-0.397495	 0.499705	 0.497030	 0.497937	 0.498214	 0.114358	 0.499344
-0.361389	 0.356202	-0.402484	 0.287164	 0.034266	-0.397495	 0.499705	 0.497760	-0.001091	-0.001786	 0.114358	 0.499344
-0.361389	 0.356202	-0.451115	 0.287164	 0.283105	-0.397495	 0.499705	 0.498125	-0.249604	-0.250783	 0.114358	 0.499344
-0.361389	 0.356202	-0.475431	 0.287164	-0.093539	-0.397495	 0.499705	 0.498307	-0.373861	 0.124719	 0.114358	 0.499344
-0.361389	 0.356202	-0.487589	 0.287164	-0.281861	-0.397495	 0.499705	 0.498398	-0.435989	 0.311470	 0.114358	 0.499344
-0.361389	 0.356202	-0.493668	 0.287164	-0.376022	-0.397495	 0.499705	 0.498444	-0.467053	 0.404845	 0.114358	 0.499344
-0.361389	 0.356202	 0.003292	 0.287164	 0.076898	-0.397495	 0.499705	 0.498467	 0.017414	 0.451532	 0.114358	 0.499344
-0.361389	 0.356202	 0.250772	 0.287164	 0.302298	-0.397495	 0.499705	 0.498478	 0.258645	 0.474876	 0.114358	 0.499344
-0.361389	 0.356202	 0.374512	 0.287164	-0.086057	-0.397495	 0.499705	 0.498484	 0.379260	 0.486548	 0.114358	 0.499344
-0.361389	 0.356202	 0.436382	 0.287164	-0.280235	-0.397495	 0.499705	 0.498487	 0.439567	 0.492384	 0.114358	 0.499344
-0.361389	 0.356202	 0.467317	 0.287164	-0.377324	-0.397495	 0.499705	 0.498488	 0.469721	 0.495302	 0.114358	 0.499344
-0.361389	 0.356202	 0.482784	 0.287164	-0.425868	-0.397495	 0.499705	 0.498489	 0.484798	 0.496761	 0.114358	 0.499344
-0.361389	 0.356202	 0.490518	 0.287164	-0.450141	-0.397495	 0.499705	 0.498489	 0.492336	 0.497490	 0.114358	 0.499344
-0.361389	 0.356202	 0.494385	 0.287164	-0.462277	-0.397495	 0.499705	 0.498489	 0.496106	 0.497855	 0.114358	 0.499344
-0.361389	 0.356202	-0.003682	 0.287164	-0.468345	-0.397495	 0.499705	 0.498489	 0.497990	 0.498038	 0.114358	 0.499344
-0.361389	 0.356202	-0.251712	 0.287164	-0.471379	-0.397495	 0.499705	 0.498489	 0.498933	 0.498129	 0.114358	 0.499344
-0.361389	 0.356202	-0.375727	 0.287164	-0.472896	-0.397495	 0.499705	 0.498489	 0.499404	 0.498174	 0.114358	 0.499344
-0.361389	 0.356202	-0.437734	 0.287164	-0.473654	-0.397495	 0.499705	 0.498489	-0.000361	 0.498197	 0.114358	 0.499344
-0.361389	 0.356202	-0.468738	 0.287164	-0.474034	-0.397495	 0.499705	 0.498489	-0.249243	 0.498209	 0.114358	 0.499344
-0.361389	 0.356202	 0.015760	 0.287164	-0.474223	-0.397495	 0.499705	 0.498489	 0.126316	 0.498214	 0.114358	 0.499344
-0.361389	 0.356202	 0.257009	 0.287164	-0.474318	-0.397495	 0.499705	 0.498489	 0.313092	 0.498217	 0.114358	 0.499344
-0.361389	 0.356202	 0.377633	 0.287164	-0.474365	-0.397495	 0.499705	 0.498489	-0.093520	 0.498219	 0.114358	 0.499344
-0.361389	 0.356202	 0.437945	 0.287164	-0.474389	-0.397495	 0.499705	 0.498489	-0.295826	 0.498219	 0.114358	 0.499344
-0.361389	 0.356202	 0.468101	 0.287164	-0.474401	-0.397495	 0.499705	 0.498489	-0.396979	 0.498220	 0.114358	 0.499344
-0.361389	 0.356202	 0.483180	 0.287164	 0.025593	-0.397495	 0.499705	-0.001511	 0.052445	 0.498220	 0.114358	 0.499344
-0.361389	 0.356202	 0.490719	 0.287164	 0.274539	-0.397495	 0.499705	-0.250508	 0.276153	 0.498220	 0.114358	 0.499344
-0.361389	 0.356202	 0.494488	 0.287164	 0.397965	-0.397495	 0.499705	-0.375006	 0.388007	 0.498220	 0.114358	 0.499344
-0.361389	 0.356202	 0.496373	 0.287164	-0.041365	-0.397495	 0.499705	 0.062745	 0.443934	 0.498220	 0.114358	 0.499344
-0.361389	 0.356202	 0.497315	 0.287164	-0.261030	-0.397495	 0.499705	 0.280619	 0.471897	 0.498220	 0.114358	 0.499344
-0.361389	 0.356202	-0.002214	 0.287164	-0.370862	-0.397495	 0.499705	-0.110444	-0.014121	 0.498220	 0.114358	 0.499344
-0.361389	 0.356202	-0.250975	 0.287164	-0.425778	-0.397495	 0.499705	-0.304972	-0.256130	 0.498220	 0.114358	 0.499344
-0.361389	 0.356202	 0.124645	 0.287164	-0.453237	-0.397495	 0.499705	 0.097764	-0.377134	 0.498220	 0.114358	 0.499344
-0.361389	 0.356202	 0.311454	 0.287164	-0.466966	-0.397495	 0.499705	 0.298131	-0.437636	 0.498220	 0.114358	 0.499344
-0.361389	 0.356202	 0.404859	 0.287164	-0.473830	-0.397495	 0.499705	-0.101686	 0.032113	 0.498220	 0.114358	 0.499344
-0.361389	 0.356202	 0.451561	 0.287164	-0.477262	-0.397495	 0.499705	-0.300591	 0.265983	 0.498220	 0.114358	 0.499344
-0.361389	 0.356202	 0.474912	 0.287164	-0.478979	-0.397495	 0.499705	-0.400044	 0.382919	 0.498220	 0.114358	 0.499344
-0.361389	 0.356202	 0.486588	 0.287164	-0.479837	-0.397495	 0.499705	 0.050230	 0.441386	 0.498220	 0.114358	 0.499344
-0.361389	 0.356202	 0.492426	 0.287164	-0.480266	-0.397495	 0.499705	 0.274366	 0.470620	 0.498220	 0.114358	 0.499344
-0.361389	 0.356202	-0.004655	 0.287164	 0.019520	-0.397495	 0.499705	 0.386434	 0.485237	 0.498220	 0.114358	 0.499344
-0.361389	 0.356202	-0.252192	 0.287164	 0.268374	-0.397495	 0.499705	 0.442467	 0.492546	 0.498220	 0.114358	 0.499344
-0.361389	 0.356202	-0.375961	 0.287164	-0.108233	 0.102505	 0.499705	 0.470484	-0.003800	 0.498220	 0.114358	 0.499344
-0.361389	 0.356202	-0.437845	 0.287164	-0.296537	 0.351300	 0.499705	 0.484493	-0.250973	 0.498220	 0.114358	 0.499344
-0.361389	 0.356202	 0.031213	 0.287164	 0.109311	-0.025503	 0.499705	 0.491497	-0.374559	-0.001780	 0.114358	 0.499344
-0.361389	 0.356202	 0.264741	 0.287164	 0.311205	-0.213905	 0.499705	 0.494999	-0.436352	-0.250776	 0.114358	 0.499344
-0.361389	 0.356202	 0.381505	 0.287164	 0.411126	-0.308105	 0.499705	 0.496750	-0.467249	-0.375275	 0.114358	 0.499344
-0.361389	 0.356202	 0.439887	 0.287164	-0.039936	-0.355206	 0.499705	 0.497626	 0.017303	 0.062476	 0.114358	 0.499344
-0.361389	 0.356202	 0.469078	 0.287164	-0.265467	-0.378756	 0.499705	 0.498064	 0.258575	 0.280351	 0.114358	 0.499344
-0.361389	 0.356202	 0.483674	 0.287164	-0.378233	-0.390531	 0.499705	 0.498283	 0.379211	 0.389289	 0.114358	 0.499344
-0.361389	 0.356202	 0.490972	 0.287164	-0.434615	-0.396418	 0.499705	 0.498392	 0.439529	 0.443757	 0.114358	 0.499344
-0.361389	 0.356202	 0.494620	 0.287164	-0.462807	-0.399362	 0.499705	 0.498447	-0.030312	 0.470992	 0.114358	 0.499344
-0.361389	 0.356202	 0.496445	 0.287164	-0.476902	-0.400834	 0.499705	 0.498474	-0.264232	 0.484609	 0.114358	 0.499344
-0.361389	 0.356202	-0.002643	 0.287164	-0.483950	-0.401570	 0.499705	 0.498488	-0.381192	 0.491418	 0.114358	 0.499344
-0.361389	 0.356202	-0.251183	 0.287164	-0.487474	-0.401938	 0.499705	 0.498495	-0.439672	 0.494822	 0.114358	 0.499344
-0.361389	 0.356202	-0.375454	 0.287164	-0.489236	-0.402122	 0.499705	 0.498498	-0.468912	 0.496524	 0.114358	 0.499344
-0.361389	 0.356202	 0.062411	 0.287164	-0.490117	-0.402214	 0.499705	 0.498500	 0.016468	 0.497375	 0.114358	 0.499344
-0.361389	 0.356202	 0.280343	 0.287164	-0.490558	-0.402260	 0.499705	 0.498501	 0.258154	 0.497801	 0.114358	 0.499344
-0.361389	 0.356202	-0.110691	 0.287164	-0.490778	-0.402283	 0.499705	 0.498501	-0.121003	 0.498013	 0.114358	 0.499344
-0.361389	 0.356202	-0.305204	 0.287164	-0.490888	-0.402294	 0.499705	 0.498501	-0.309581	 0.498120	 0.114358	 0.499344
-0.361389	 0.356202	-0.402461	 0.287164	-0.490943	-0.402300	 0.499705	 0.498501	 0.096130	 0.498173	 0.114358	 0.499344
-0.361389	 0.356202	-0.451090	 0.287164	-0.490970	-0.402303	 0.499705	 0.498501	 0.297982	 0.498200	 0.114358	 0.499344
-0.361389	 0.356202	 0.024596	 0.287164	-0.490984	-0.402304	 0.499705	 0.498501	 0.398908	 0.498213	 0.114358	 0.499344
-0.361389	 0.356202	 0.261439	 0.287164	-0.490991	-0.402305	 0.499705	 0.498501	 0.449371	 0.498220	 0.114358	 0.499344
-0.361389	 0.356202	 0.379860	 0.287164	-0.490995	-0.402305	 0.499705	 0.498501	 0.474602	 0.498223	 0.114358	 0.499344
-0.361389	 0.356202	 0.439070	 0.287164	 0.009004	-0.402306	 0.499705	 0.498501	 0.487218	 0.498225	 0.114358	 0.499344
-0.361389	 0.356202	 0.468676	 0.287164	 0.257985	-0.402306	 0.499705	 0.498501	 0.493526	 0.498225	 0.114358	 0.499344
-0.361389	 0.356202	 0.483478	 0.287164	-0.118539	-0.402306	 0.499705	 0.498501	 0.496680	 0.498226	 0.114358	 0.499344
-0.361389	 0.356202	 0.490880	 0.287164	-0.306800	-0.402306	 0.499705	 0.498501	 0.498257	 0.498226	 0.114358	 0.499344
-0.361389	 0.356202	 0.494580	 0.287164	-0.400931	-0.402306	 0.499705	 0.498501	-0.000955	 0.498226	 0.114358	 0.499344
-0.361389	 0.356202	 0.496431	 0.287164	-0.447996	-0.402306	 0.499705	 0.498501	-0.249560	 0.498226	 0.114358	 0.499344
-0.361389	 0.356202	 0.497356	 0.287164	-0.471529	-0.402306	 0.499705	 0.498501	 0.126137	 0.498226	 0.114358	 0.499344
-0.361389	 0.356202	 0.497818	 0.287164	-0.483296	-0.402306	 0.499705	 0.498501	 0.312982	 0.498226	 0.114358	 0.499344
-0.361389	 0.356202	 0.498050	 0.287164	-0.489179	-0.402306	 0.499705	 0.498501	 0.406405	 0.498226	 0.114358	 0.499344
-0.361389	 0.356202	 0.498165	 0.287164	-0.492120	-0.402306	 0.499705	 0.498501	 0.453116	 0.498226	 0.114358	 0.499344
-0.361389	 0.356202	 0.498223	 0.287164	 0.006409	-0.402306	 0.499705	 0.498501	-0.023529	 0.498226	 0.114358	 0.499344
-0.361389	 0.356202	 0.498252	 0.287164	 0.254664	-0.402306	 0.499705	 0.498501	-0.260850	 0.498226	 0.114358	 0.499344
-0.361389	 0.356202	 0.498266	 0.287164	-0.122215	-0.402306	 0.499705	 0.498501	-0.379511	 0.498226	 0.114358	 0.499344
-0.361389	 0.356202	 0.498274	 0.287164	-0.310654	-0.402306	 0.499705	 0.498501	-0.438842	 0.498226	 0.114358	 0.499344
-0.361389	 0.356202	 0.498277	 0.287164	-0.404874	-0.402306	 0.499705	 0.498501	-0.468507	 0.498226	 0.114358	 0.499344
-0.361389	 0.356202	 0.498279	 0.287164	-0.451983	-0.402306	 0.499705	 0.498501	-0.483340	 0.498226	 0.114358	 0.499344
-0.361389	 0.356202	 0.498280	 0.287164	-0.475538	-0.402306	 0.499705	 0.498501	 0.009244	 0.498226	 0.114358	 0.499344
-0.361389	 0.356202	 0.498280	 0.287164	-0.487316	-0.402306	 0.499705	 0.498501	 0.254532	 0.498226	 0.114358	 0.499344
-0.361389	 0.356202	 0.498281	 0.287164	-0.493205	-0.402306	 0.499705	 0.498501	 0.377176	 0.498226	 0.114358	 0.499344
-0.361389	 0.356202	-0.001719	 0.287164	-0.496149	-0.402306	 0.499705	 0.498501	 0.438498	 0.498226	 0.114358	 0.499344
-0.361389	 0.356202	-0.250716	 0.287164	-0.497621	-0.402306	 0.499705	 0.498501	 0.469159	 0.498226	 0.114358	 0.499344
-0.361389	 0.356202	-0.375214	 0.287164	-0.498357	-0.402306	 0.499705	 0.498501	-0.015510	 0.498226	 0.114358	 0.499344
-0.361389	 0.356202	-0.437463	 0.287164	-0.498725	-0.402306	 0.499705	 0.498501	-0.256844	 0.498226	 0.114358	 0.499344
-0.361389	 0.356202	-0.468588	 0.287164	-0.498909	-0.402306	 0.499705	 0.498501	 0.122488	 0.498226	 0.114358	 0.499344
-0.361389	 0.356202	-0.484150	 0.287164	-0.499001	-0.402306	 0.499705	 0.498501	 0.311151	 0.498226	 0.114358	 0.499344
-0.361389	 0.356202	 0.008069	 0.287164	-0.499047	-0.402306	-0.000295	-0.001499	 0.405482	 0.498226	 0.114358	 0.499344
-0.361389	 0.356202	 0.253178	 0.287164	-0.499070	-0.402306	-0.249295	-0.250496	 0.452648	 0.498226	 0.114358	 0.499344
-0.361389	 0.356202	 0.375732	 0.287164	-0.499082	-0.402306	-0.373794	-0.374994	 0.476231	 0.498226	 0.114358	 0.499344
-0.361389	 0.356202	 0.437009	 0.287164	-0.499088	-0.402306	-0.436044	 0.062757	 0.488022	 0.498226	 0.114358	 0.499344
-0.361389	 0.356202	 0.467648	 0.287164	-0.499090	-0.402306	-0.467169	 0.280631	 0.493918	 0.498226	 0.114358	 0.499344
-0.361389	 0.356202	 0.482967	 0.287164	-0.499092	-0.402306	 0.017269	 0.389568	 0.496866	 0.498226	 0.114358	 0.499344
-0.361389	 0.356202	 0.490627	 0.287164	-0.499093	-0.402306	 0.258484	 0.444037	 0.498340	 0.498226	 0.114358	 0.499344
-0.361389	 0.356202	 0.494457	 0.287164	-0.499093	-0.402306	 0.379092	 0.471271	 0.499077	 0.498226	 0.114358	 0.499344
-0.361389	 0.356202	 0.496372	 0.287164	-0.499093	-0.402306	 0.439395	 0.484888	 0.499445	 0.498226	 0.114358	 0.499344
-0.361389	 0.356202	 0.497329	 0.287164	-0.499093	-0.402306	 0.469547	 0.491697	-0.500370	 0.498226	 0.114358	 0.499344
-0.361389	 0.356202	 0.497808	 0.287164	-0.499093	-0.402306	 0.484623	 0.495101	-0.997278	 0.498226	 0.114358	 0.499344
-0.361389	 0.356202	 0.498047	 0.287164	-0.499093	-0.402306	 0.492161	 0.496803	-1.242743	 0.498226	 0.114358	 0.499344
-0.361389	 0.356202	 0.498167	 0.287164	-0.499093	-0.402306	 0.495930	 0.497654	-0.362500	 0.498226	 0.114358	 0.499344
-0.361389	 0.356202	 0.498227	 0.287164	-0.499093	-0.402306	 0.497815	 0.498080	 0.076587	 0.498226	 0.114358	 0.499344
-0.361389	 0.356202	-0.001743	 0.287164	-0.499093	-0.402306	 0.498757	 0.498293	-0.204901	 0.498226	 0.114358	 0.499344
-0.361389	 0.356202	-0.250725	 0.287164	-0.499093	-0.402306	 0.499228	 0.498399	-0.345645	 0.498226	 0.114358	 0.499344
-0.361389	 0.356202	 0.124784	 0.287164	-0.499093	 0.097694	 0.499464	 0.498452	 0.083983	 0.498226	 0.114358	 0.499344
-0.361389	 0.356202	 0.311538	 0.287164	-0.499093	 0.346499	 0.499581	 0.498479	 0.297769	 0.498226	 0.114358	 0.499344
-0.361389	 0.356202	-0.095085	 0.287164	-0.499093	-0.030290	 0.499640	 0.498492	 0.403640	 0.498226	 0.114358	 0.499344
-0.361389	 0.356202	-0.297393	 0.287164	-0.499093	-0.218684	 0.499670	 0.498499	 0.455556	 0.498226	 0.114358	 0.499344
-0.361389	 0.356202	-0.398547	 0.287164	-0.499093	-0.312881	 0.499685	 0.498502	 0.480499	 0.498226	 0.114358	 0.499344
-0.361389	 0.356202	-0.449124	 0.287164	 0.000907	-0.359979	 0.499692	 0.498504	 0.491959	 0.498226	 0.114358	 0.499344
-0.361389	 0.356202	-0.474412	 0.287164	 0.249905	-0.383529	 0.499696	 0.498505	 0.496683	 0.498226	 0.114358	 0.499344
-0.361389	 0.356202	-0.487057	 0.287164	-0.125596	-0.395303	 0.499697	 0.498505	-0.001958	 0.498226	 0.114358	 0.499344
-0.361389	 0.356202	-0.493379	 0.287164	-0.312344	-0.401191	 0.499698	 0.498505	-0.250277	 0.498226	 0.114358	 0.499344
-0.361389	 0.356202	 0.003460	 0.287164	 0.094282	-0.404134	 0.499699	 0.498505	 0.125563	 0.498226	 0.114358	 0.499344
-0.361389	 0.356202	 0.250879	 0.287164	 0.296593	-0.405606	 0.499699	 0.498505	 0.312480	 0.498226	 0.114358	 0.499344
-0.361389	 0.356202	-0.125411	 0.287164	-0.102252	-0.406342	 0.499699	 0.498505	 0.405939	 0.498226	 0.114358	 0.499344
-0.361389	 0.356202	-0.312553	 0.287164	-0.300672	-0.406710	 0.499699	 0.498505	 0.452668	 0.498226	 0.114358	 0.499344
-0.361389	 0.356202	-0.406124	 0.287164	-0.399882	-0.406894	 0.499699	 0.498505	 0.476033	 0.498226	 0.114358	 0.499344
-0.361389	 0.356202	 0.047090	 0.287164	-0.449487	-0.906986	 0.499699	 0.498505	 0.487715	-0.001774	 0.114358	 0.499344
-0.361389	 0.356202	 0.272697	 0.287164	-0.474289	-1.154218	 0.499699	 0.498505	 0.493556	-0.250770	 0.114358	 0.499344
-0.361389	 0.356202	-0.114500	 0.287164	-0.486691	-1.275031	 0.499699	 0.498505	-0.003523	 0.124732	 0.114358	 0.499344
-0.361389	 0.356202	-0.307095	 0.287164	-0.492891	-1.332646	 0.499699	 0.498505	-0.251061	 0.311482	 0.114358	 0.499344
-0.361389	 0.356202	 0.096608	 0.287164	-0.495991	-0.858672	 0.499699	 0.498505	 0.125169	 0.404857	 0.114358	 0.499344
-0.361389	 0.356202	 0.297458	 0.287164	-0.497542	-0.621686	 0.499699	 0.498505	 0.312282	 0.451545	 0.114358	 0.499344
-0.361389	 0.356202	 0.397884	 0.287164	 0.001683	-0.503193	 0.499699	 0.498505	-0.094162	-0.025111	 0.114358	 0.499344
-0.361389	 0.356202	 0.448096	 0.287164	 0.250294	-0.443946	 0.499699	 0.498505	-0.296383	-0.262436	 0.114358	 0.499344
-0.361389	 0.356202	 0.473203	 0.287164	 0.374599	-0.414323	 0.499699	 0.498505	-0.397493	-0.381098	 0.114358	 0.499344
-0.361389	 0.356202	 0.485756	 0.287164	-0.063248	-0.399511	 0.499699	 0.498505	 0.051952	 0.059571	 0.114358	 0.499344
-0.361389	 0.356202	 0.492033	 0.287164	-0.281170	-0.392105	 0.499699	 0.498505	 0.275672	 0.278905	 0.114358	 0.499344
-0.361389	 0.356202	-0.004829	 0.287164	-0.390130	-0.388402	 0.499699	-0.001495	-0.112469	 0.388571	 0.114358	 0.499344
-0.361389	 0.356202	-0.252257	 0.287164	-0.444611	-0.386551	 0.499699	-0.250492	-0.305537	 0.443405	 0.114358	 0.499344
-0.361389	 0.356202	-0.375970	 0.287164	-0.471851	-0.385625	 0.499699	 0.125010	 0.097928	 0.470822	 0.114358	 0.499344
-0.361389	 0.356202	-0.437827	 0.287164	-0.485471	-0.385162	 0.499699	 0.311760	 0.298658	 0.484530	 0.114358	 0.499344
-0.361389	 0.356202	 0.031244	 0.287164	-0.492281	-0.384931	 0.499699	 0.405134	-0.100977	 0.491384	 0.114358	 0.499344
-0.361389	 0.356202	 0.264779	 0.287164	-0.495686	-0.384815	 0.499699	 0.451822	-0.299793	 0.494811	 0.114358	 0.499344
-0.361389	 0.356202	 0.381547	 0.287164	-0.497389	-0.384757	 0.499699	 0.475166	-0.399201	 0.496525	 0.114358	 0.499344
-0.361389	 0.356202	 0.439931	 0.287164	 0.001760	-0.384728	 0.499699	 0.486837	 0.051095	 0.497382	 0.114358	 0.499344
-0.361389	 0.356202	 0.469123	 0.287164	 0.250333	-0.384714	 0.499699	 0.492673	 0.275240	 0.497810	 0.114358	 0.499344
-0.361389	 0.356202	 0.483719	 0.287164	-0.125381	-0.384707	 0.499699	 0.495591	-0.112688	 0.498024	 0.114358	 0.499344
-0.361389	 0.356202	 0.491017	 0.287164	-0.312236	-0.384703	 0.499699	 0.497050	-0.305650	 0.498131	 0.114358	 0.499344
-0.361389	 0.356202	 0.494666	 0.287164	-0.405663	 0.115299	 0.499699	 0.497780	-0.402131	 0.498185	 0.114358	 0.499344
-0.361389	 0.356202	 0.496490	 0.287164	-0.452377	 0.364069	 0.499699	 0.498145	-0.450372	 0.498212	 0.114358	 0.499344
-0.361389	 0.356202	-0.002598	 0.287164	 0.024267	-0.012771	 0.499699	 0.498327	-0.474492	 0.498225	 0.114358	 0.499344
-0.361389	 0.356202	-0.251138	 0.287164	 0.261586	-0.201192	 0.499699	 0.498418	-0.486552	 0.498232	 0.114358	 0.499344
-0.361389	 0.356202	-0.375408	 0.287164	 0.380246	-0.295402	 0.499699	 0.498464	-0.492582	 0.498235	 0.114358	 0.499344
-0.361389	 0.356202	-0.437544	 0.287164	-0.060424	-0.342507	 0.499699	-0.001513	-0.495598	 0.498237	 0.114358	 0.499344
-0.361389	 0.356202	-0.468611	 0.287164	-0.279757	-0.366059	 0.499699	-0.250499	-0.497105	 0.498238	 0.114358	 0.499344
-0.361389	 0.356202	 0.015855	 0.287164	-0.889423	-0.877836	 0.499699	 0.125008	-0.497859	 0.498238	 0.114358	 0.499344
-0.361389	 0.356202	 0.257088	 0.287164	-1.191258	-1.130945	 0.499699	 0.311761	-0.498236	 0.498238	 0.114358	 0.499344
-0.361389	 0.356202	 0.377704	 0.287164	-0.839189	-0.754731	 0.499699	 0.405137	-0.498424	 0.498238	 0.114358	 0.499344
-0.361389	 0.356202	 0.438012	 0.287164	-0.663155	-0.566624	 0.499699	 0.451825	-0.498518	 0.498238	 0.114358	 0.499344
-0.361389	 0.356202	 0.468166	 0.287164	-0.575138	-0.472571	 0.499699	 0.475169	-0.498565	 0.498238	 0.114358	 0.499344
-0.361389	 0.356202	 0.483243	 0.287164	-0.531129	-0.425544	 0.499699	 0.486841	-0.498589	 0.498238	 0.114358	 0.499344
-0.361389	 0.356202	 0.490782	 0.287164	-0.509125	-0.402031	 0.499699	 0.492677	-0.498601	 0.498238	 0.114358	 0.499344
-0.361389	 0.356202	-0.005449	 0.287164	-0.498123	-0.390274	 0.499699	 0.495595	-0.498607	 0.498238	 0.114358	 0.499344
-0.361389	 0.356202	-0.252561	 0.287164	-0.492622	-0.384396	 0.499699	 0.497054	-0.498610	 0.498238	 0.114358	 0.499344
-0.361389	 0.356202	 0.123883	 0.287164	-0.489871	-0.381456	 0.499699	 0.497784	-0.498611	 0.498238	 0.114358	 0.499344
-0.361389	 0.356202	 0.311104	 0.287164	-0.488496	-0.379987	 0.499699	 0.498149	-0.498612	 0.498238	 0.114358	 0.499344
-0.361389	 0.356202	 0.404715	 0.287164	-0.487808	-0.379252	 0.499699	 0.498331	 0.001388	 0.498238	 0.114358	 0.499344
-0.361389	 0.356202	 0.451520	 0.287164	-0.487465	-0.378885	 0.499699	 0.498422	 0.250385	 0.498238	 0.114358	 0.499344
-0.361389	 0.356202	 0.474923	 0.287164	-0.487293	-0.378701	 0.499699	 0.498468	 0.374883	 0.498238	 0.114358	 0.499344
-0.361389	 0.356202	 0.486624	 0.287164	-0.487207	-0.378609	 0.499699	 0.498490	 0.437133	 0.498238	 0.114358	 0.499344
-0.361389	 0.356202	 0.492475	 0.287164	-0.487164	-0.378563	 0.499699	 0.498502	 0.468257	 0.498238	 0.114358	 0.499344
-0.361389	 0.356202	 0.495400	 0.287164	-0.487142	-0.378540	 0.499699	 0.498508	 0.483820	 0.498238	 0.114358	 0.499344
-0.361389	 0.356202	 0.496863	 0.287164	-0.487132	-0.378529	 0.499699	 0.498510	 0.491601	 0.498238	 0.114358	 0.499344
-0.361389	 0.356202	-0.002406	 0.287164	 0.012874	-0.378523	 0.499699	 0.498512	 0.495491	 0.498238	 0.114358	 0.499344
-0.361389	 0.356202	-0.251037	 0.287164	 0.261851	-0.378520	 0.499699	 0.498513	 0.497437	 0.498238	 0.114358	 0.499344
-0.361389	 0.356202	 0.124648	 0.287164	-0.114682	-0.378519	 0.499699	 0.498513	 0.498409	 0.498238	 0.114358	 0.499344
-0.361389	 0.356202	 0.311489	 0.287164	-0.302949	-0.378518	 0.499699	 0.498513	 0.498896	 0.498238	 0.114358	 0.499344
-0.361389	 0.356202	-0.095090	 0.287164	-0.397082	-0.378518	 0.499699	 0.498513	 0.499139	 0.498238	 0.114358	 0.499344
-0.361389	 0.356202	-0.297376	 0.287164	-0.444149	-0.378517	 0.499699	 0.498513	 0.499260	 0.498238	 0.114358	 0.499344
-0.361389	 0.356202	 0.101481	 0.287164	-0.467682	-0.378517	 0.499699	 0.498513	 0.499321	 0.498238	 0.114358	 0.499344
-0.361389	 0.356202	 0.299908	 0.287164	-0.479449	-0.378517	 0.499699	 0.498513	 0.499352	 0.498238	 0.114358	 0.499344
-0.361389	 0.356202	 0.399122	 0.287164	-0.485332	-0.378517	 0.499699	 0.498513	 0.499367	 0.498238	 0.114358	 0.499344
-0.361389	 0.356202	 0.448729	 0.287164	-0.488274	 0.121483	 0.499699	 0.498513	 0.499374	 0.498238	 0.114358	 0.499344
-0.361389	 0.356202	 0.473533	 0.287164	-0.489745	 0.370240	 0.499699	 0.498513	 0.499378	 0.498238	 0.114358	 0.499344
-0.361389	 0.356202	 0.485934	 0.287164	-0.490480	-0.006620	 0.499699	 0.498513	 0.499380	 0.498238	 0.114358	 0.499344
-0.361389	 0.356202	 0.492135	 0.287164	-0.490848	-0.195049	 0.499699	 0.498513	 0.499381	 0.498238	 0.114358	 0.499344
-0.361389	 0.356202	 0.495236	 0.287164	-0.491032	-0.289264	 0.499699	 0.498513	 0.499381	 0.498238	 0.114358	 0.499344
-0.361389	 0.356202	 0.496786	 0.287164	-0.491124	-0.336372	 0.499699	 0.498513	 0.499382	 0.498238	 0.114358	 0.499344
-0.361389	 0.356202	-0.002439	 0.287164	-0.491170	-0.359925	 0.499699	 0.498513	-0.000618	 0.498238	 0.114358	 0.499344
-0.361389	 0.356202	-0.251048	 0.287164	-0.491193	-0.371702	 0.499699	 0.498513	-0.249617	 0.498238	 0.114358	 0.499344
-0.361389	 0.356202	-0.375353	 0.287164	-0.491204	-0.377591	 0.499699	 0.498513	-0.374116	 0.498238	 0.114358	 0.499344
-0.361389	 0.356202	 0.062495	 0.287164	-0.491210	-0.380535	 0.499699	 0.498513	-0.436366	 0.498238	 0.114358	 0.499344
-0.361389	 0.356202	 0.280418	 0.287164	-0.491213	-0.382007	 0.499699	 0.498513	-0.467491	 0.498238	 0.114358	 0.499344
-0.361389	 0.356202	 0.389380	 0.287164	-0.491214	-0.382743	-0.000301	 0.498513	-0.483053	 0.498238	 0.114358	 0.499344
-0.361389	 0.356202	 0.443861	 0.287164	-0.491215	-0.383111	-0.249300	 0.498513	-0.490834	 0.498238	 0.114358	 0.499344
-0.361389	 0.356202	-0.028899	 0.287164	-0.491215	-0.383295	 0.126200	 0.498513	 0.005275	 0.498238	 0.114358	 0.499344
-0.361389	 0.356202	-0.264275	 0.287164	-0.491215	-0.383387	 0.312947	 0.498513	 0.252327	 0.498238	 0.114358	 0.499344
-0.361389	 0.356202	-0.381964	 0.287164	 0.008784	-0.383433	 0.406320	 0.498513	 0.375853	 0.498238	 0.114358	 0.499344
-0.361389	 0.356202	-0.440808	 0.287164	 0.257767	-0.383456	 0.453007	 0.498513	 0.437616	 0.498238	 0.114358	 0.499344
-0.361389	 0.356202	-0.470230	 0.287164	 0.381245	-0.383468	 0.476350	 0.498513	 0.468497	 0.498238	 0.114358	 0.499344
-0.361389	 0.356202	 0.015059	 0.287164	 0.441974	-0.383473	 0.488022	-0.001487	 0.483938	 0.498238	 0.114358	 0.499344
-0.361389	 0.356202	 0.256703	 0.287164	 0.471333	-0.383476	 0.493858	-0.250484	 0.491658	 0.498238	 0.114358	 0.499344
-0.361389	 0.356202	-0.122475	 0.287164	-0.014989	-0.383478	 0.496776	-0.374982	 0.495519	 0.498238	 0.114358	 0.499344
-0.361389	 0.356202	-0.311061	 0.287164	-0.257147	-0.383478	 0.498235	-0.437232	 0.497449	 0.498238	 0.114358	 0.499344
-0.361389	 0.356202	 0.094646	 0.287164	-0.378226	-0.383479	 0.498964	 0.031644	-0.001586	-0.001762	 0.114358	 0.499344
-0.361389	 0.356202	 0.296499	 0.287164	-0.438765	-0.383479	 0.499329	 0.265080	-0.250102	-0.250758	 0.114358	 0.499344
-0.361389	 0.356202	 0.397425	 0.287164	-0.469035	-0.383479	 0.499511	 0.381799	 0.125639	 0.124744	 0.114358	 0.499344
-0.361389	 0.356202	 0.447889	 0.287164	-0.484170	-0.383479	 0.499602	 0.440158	 0.312508	 0.311494	 0.114358	 0.499344
-0.361389	 0.356202	 0.473120	 0.287164	-0.491738	-0.383479	 0.499648	 0.469338	 0.405942	 0.404869	 0.114358	 0.499344
-0.361389	 0.356202	 0.485736	 0.287164	 0.004479	-0.383479	 0.499671	 0.483927	-0.047341	 0.451557	 0.114358	 0.499344
-0.361389	 0.356202	 0.492044	 0.287164	 0.251585	-0.383479	 0.499682	 0.491222	-0.272981	 0.474901	 0.114358	 0.499344
-0.361389	 0.356202	 0.495198	 0.287164	-0.124861	-0.383479	 0.499688	 0.494870	 0.114198	 0.486573	 0.114358	-0.000656
-0.361389	 0.356202	 0.496775	 0.287164	-0.312082	-0.383479	 0.499691	 0.496693	 0.306786	 0.492409	 0.114358	-0.249654
-0.361389	 0.356202	-0.002437	 0.287164	-0.405692	-0.383479	 0.499692	 0.497605	 0.403079	-0.004673	 0.114358	 0.125846
-0.361389	 0.356202	-0.251039	 0.287164	-0.452497	-0.383479	 0.499693	 0.498061	 0.451226	-0.252211	 0.114358	 0.312594
-0.361389	 0.356202	 0.124660	 0.287164	-0.475900	-0.383479	 0.499693	 0.498289	 0.475299	 0.124020	 0.114358	 0.405968
-0.361389	 0.356202	 0.311508	 0.287164	-0.487601	-0.383479	 0.499693	 0.498403	 0.487336	 0.311135	 0.114358	 0.452655
-0.361389	 0.356202	 0.404933	 0.287164	-0.493452	-0.383479	 0.499694	 0.498460	 0.493354	 0.404693	 0.114358	 0.475998
-0.361389	 0.356202	-0.048355	 0.287164	 0.003623	-0.383479	 0.499694	 0.498489	 0.496364	 0.451472	 0.114358	 0.487670
-0.361389	 0.356202	-0.273996	 0.287164	 0.251159	-0.383479	 0.499694	 0.498503	 0.497868	 0.474861	 0.114358	 0.493506
-0.361389	 0.356202	-0.386816	 0.287164	-0.125073	-0.383479	 0.499694	 0.498510	 0.498620	 0.486556	 0.114358	 0.496424
-0.361389	 0.356202	-0.443226	 0.287164	-0.312187	-0.383479	 0.499694	 0.498514	 0.498997	 0.492403	 0.114358	 0.497883
-0.361389	 0.356202	 0.028569	 0.287164	-0.405743	-0.383479	 0.499694	 0.498515	-0.000815	 0.495327	 0.114358	 0.498612
-0.361389	 0.356202	 0.263465	 0.287164	-0.452522	-0.383479	 0.499694	 0.498516	-0.249720	 0.496789	 0.114358	 0.498977
-0.361389	 0.356202	-0.119086	 0.287164	-0.475911	-0.383479	 0.499694	 0.498517	 0.125828	 0.497520	 0.114358	 0.499159
-0.361389	 0.356202	-0.309359	 0.287164	-0.487606	-0.383479	 0.499694	 0.498517	 0.312599	 0.497885	 0.114358	 0.499251
-0.361389	 0.356202	-0.404495	 0.287164	-0.493453	-0.383479	 0.499694	 0.498517	 0.405984	 0.498068	 0.114358	 0.499296
-0.361389	 0.356202	-0.452063	 0.287164	 0.003624	-0.383479	 0.499694	 0.498517	 0.452677	 0.498159	 0.114358	 0.499319
-0.361389	 0.356202	-0.475847	 0.287164	 0.251160	-0.383479	 0.499694	 0.498517	 0.476023	 0.498205	 0.114358	 0.499330
-0.361389	 0.356202	-0.487739	 0.287164	-0.125071	-0.383479	 0.499694	 0.498517	 0.487697	 0.498228	 0.114358	 0.499336
