-0.498613	-0.808173	 0.498130	 0.488805	 0.391681	 0.456172	-0.407061	 1.159252	 0.906388	-0.528059	 0.147487	 0.499543
-0.498613	-0.804940	 0.498130	 0.488673	 0.394625	 0.453208	 0.065477	 1.279843	 0.902768	-0.525763	 0.147487	 0.499543
-0.498613	-0.801720	 0.498130	 0.488607	 0.396098	 0.451726	 0.300670	 1.337337	 0.899160	-0.523568	 0.147487	 0.499543
-0.498613	-0.798513	 0.498130	 0.488574	 0.396834	 0.950985	-0.582806	 1.363295	 0.895565	-0.521428	 0.147487	 0.499543
-0.498613	-0.795319	 0.498130	 0.488557	 0.397202	 1.197714	-1.021611	 1.373495	 0.891983	-0.519320	 0.147487	 0.499543
-0.498613	-0.792138	 0.498130	 0.488549	 0.397386	 0.818190	-0.238093	 0.875828	 0.888416	-0.517231	 0.147487	 0.499543
-0.498613	-0.788969	 0.498130	 0.488545	 0.397478	 0.628428	 0.152576	 0.626994	 0.884862	-0.515156	 0.147487	 0.499543
-0.498613	-0.785814	 0.498130	 0.488543	 0.397524	 0.533546	 0.346823	 0.502578	 0.881323	-0.513093	 0.147487	 0.499543
-0.498613	-0.782670	 0.498130	 0.488542	 0.397547	 0.486106	 0.442865	 0.940369	 0.877798	-0.511039	 0.147487	 0.499543
-0.498613	-0.779540	 0.498130	 0.488541	 0.397558	 0.462386	 0.489808	 1.156509	 0.874286	-0.508994	 0.147487	 0.499543
-0.498613	-0.776422	 0.498130	 0.488541	 0.397564	 0.450526	 0.012206	 0.761833	 0.870789	-0.506958	 0.147487	 0.499543
-0.498613	-0.773316	 0.498130	 0.488541	 0.397567	 0.444595	-0.226595	 0.564495	 0.867306	-0.504930	 0.147487	 0.499543
-0.498613	-0.770223	 0.498130	 0.488541	-0.102432	 0.441630	-0.345995	 0.965826	 0.863837	-0.502910	 0.147487	 0.499543
-0.498613	-0.767142	 0.498130	 0.488541	-0.351226	 0.440148	-0.405696	 1.163758	 0.860382	-0.500898	 0.147487	 0.499543
-0.498613	-0.764073	 0.498130	 0.488541	 0.025577	-0.060593	 0.064454	 1.260000	 0.856940	-0.499892	 0.147487	 0.499543
-0.498613	-0.761017	 0.498130	 0.488541	 0.213978	-0.309841	 0.298460	 1.305409	 0.853512	-0.499389	 0.147487	 0.499543
-0.498613	-0.757973	 0.498130	 0.488541	 0.308179	-0.433347	 0.414398	 1.325411	 0.850098	-0.499138	 0.147487	 0.499543
-0.498613	-0.754941	-0.001870	 0.488541	 0.355279	 0.006014	-0.028694	 0.832722	 0.846698	-0.499012	 0.147487	 0.499543
-0.498613	-0.751921	-0.250866	 0.488541	 0.378829	 0.225694	-0.250240	 0.586377	 0.843311	-0.498949	 0.147487	 0.499543
-0.498613	-0.748913	 0.124636	 0.488541	 0.390604	 0.335534	 0.138987	 0.963205	 0.839938	-0.998918	 0.147487	 0.499543
-0.498613	-0.745918	 0.311386	 0.488541	 0.396492	 0.390454	 0.332544	 1.148938	 0.836578	-1.245904	 0.147487	 0.499543
 0.001387	-0.742934	 0.404762	 0.488541	 0.399436	 0.417914	-0.071729	 0.739136	 0.333232	-0.866412	 0.147487	 0.499543
 0.250384	-0.739962	 0.451449	 0.488541	 0.400908	 0.431644	-0.273866	 0.534235	 0.081559	-0.676666	 0.147487	 0.499543
-0.125117	-0.737002	 0.474793	 0.488541	 0.901644	 0.438509	-0.374934	 0.931784	 0.455722	-0.581793	 0.147487	 0.499543
-0.311867	-0.734054	 0.486465	 0.488541	 1.149207	 0.441942	-0.425469	 1.127900	 0.641144	-0.534356	 0.147487	 0.499543
-0.405241	-0.731118	 0.492301	 0.488541	 1.270195	 0.443658	-0.450736	 1.223310	 0.732202	-0.510638	 0.147487	 0.499543
-0.451929	-0.728194	 0.495219	 0.988541	 1.327907	 0.444516	 0.036631	 1.268378	 0.776084	-0.998779	 0.147487	 0.499543
-0.475272	-0.725281	 0.496678	 1.235564	 1.353991	 0.444945	 0.279266	 1.288285	 0.796385	-1.239875	 0.147487	 0.499543
-0.486944	-0.722380	 0.497408	 0.856110	 0.864273	 0.445160	 0.399540	 1.295622	 0.804903	-0.857461	 0.147487	 0.499543
-0.492780	-0.719490	 0.497772	 0.666383	 0.619414	 0.445267	 0.458637	 1.296684	 0.807535	-0.666255	 0.147487	 0.499543
-0.495698	-0.716612	 0.497955	 0.571520	 0.496985	 0.445321	 0.487150	 1.294620	 0.807230	-0.570651	 0.147487	 0.499543
-0.497157	-0.713746	 0.498046	 0.524088	 0.435770	 0.445348	 0.500375	 1.291003	 0.805464	-0.522850	 0.147487	 0.499543
-0.497886	-0.710891	 0.498091	 0.500372	 0.405163	 0.445361	 0.505961	 1.286619	 0.302974	-0.498949	 0.147487	 0.499543
-0.498251	-0.708047	 0.498114	 0.488514	 0.389859	 0.445368	 0.507731	 1.281863	 0.051728	-0.486998	 0.147487	 0.499543
-0.498434	-0.705215	 0.498126	 0.482585	 0.382207	 0.445371	 0.507596	 1.276931	-0.073894	-0.481023	 0.147487	 0.499543
-0.498525	-0.702394	 0.498131	 0.479621	 0.378381	 0.445373	 0.006514	 1.271921	 0.363294	-0.478035	 0.147487	 0.499543
-0.498570	-0.699585	 0.498134	 0.478139	 0.376468	 0.445374	-0.244027	 1.266882	 0.580288	-0.476542	 0.147487	 0.499543
-0.498593	-0.696786	 0.498136	 0.477397	-0.124488	 0.445374	-0.369297	 0.761839	 0.187190	-0.475795	 0.147487	 0.499543
-0.498605	-0.693999	 0.498136	 0.477027	-0.373715	 0.445374	-0.431932	 0.509317	-0.009359	-0.475421	 0.147487	 0.499543
-0.498610	-0.691223	 0.498137	 0.476842	 0.002917	 0.445374	 0.036750	 0.383056	 0.392367	-0.475235	 0.147487	 0.499543
-0.498613	-0.688458	 0.498137	 0.476749	 0.191233	 0.445374	 0.270080	 0.319926	 0.591641	-0.475141	 0.147487	 0.499543
-0.498615	-0.685705	 0.498137	 0.476703	 0.285391	 0.445374	-0.114261	 0.788361	 0.189697	-0.975095	 0.147487	 0.499543
-0.498615	-0.682962	 0.498137	 0.476679	 0.332470	 0.445374	-0.306432	 1.020065	-0.011276	-1.222121	 0.147487	 0.499543
-0.498616	-0.680230	 0.498137	 0.476668	 0.356009	 0.445375	-0.402518	 1.133413	-0.111762	-1.342696	 0.147487	 0.499543
-0.498616	-0.677509	 0.498137	 0.476662	 0.367779	 0.445375	 0.049440	 1.187594	 0.337995	-0.900057	 0.147487	 0.499543
-0.498616	-0.674799	 0.498137	 0.476659	 0.373664	 0.445375	 0.274415	 1.212201	 0.561298	-0.678737	 0.147487	 0.499543
-0.498616	-0.672100	 0.498137	 0.476658	 0.876607	 0.445375	-0.113097	 0.722030	 0.671380	-0.568078	 0.147487	 0.499543
-0.498616	-0.669411	 0.498137	 0.476657	 1.125319	 0.445375	-0.305851	 0.476945	 0.724859	-0.512748	 0.147487	 0.499543
-0.498616	 1.333266	-0.001863	 0.476657	 1.246927	 0.445375	 0.097771	-0.145597	-0.749959	 1.514917	 0.147487	-0.000457
-0.498616	 2.327933	-0.250859	 0.476657	 1.304994	 0.445375	 0.298580	-0.455332	-1.482918	 2.521664	 0.147487	-0.249457
 0.001384	 3.318621	-0.875357	 0.476656	 0.831301	-0.054625	 0.398984	-2.108670	-3.344966	 5.517981	-0.852513	-0.873956
 0.250381	 3.805347	-1.184607	 0.476656	 0.594455	-0.303516	 0.449186	-2.927814	-4.265576	 6.999111	-1.348808	-1.183209
 0.374880	 4.040126	-1.336244	 0.476656	 0.476031	-0.426857	 0.474287	-3.329893	-4.715509	 7.722715	-1.593265	-1.334850
 1.437129	 7.148965	-1.409086	-0.023344	 0.416820	-0.487427	 0.986838	-4.023468	-6.430144	 10.067625	-1.211818	-1.907698
 1.963255	 8.682869	-1.442544	-0.272297	 0.387214	-0.516616	 1.240114	-4.360822	-7.271172	 11.215255	-1.019434	-2.189161
 2.721339	 10.929388	-1.956321	-0.395731	 0.372411	-0.530119	 0.863766	-5.020102	-7.675462	 13.264344	-0.421588	-2.824951
 3.093423	 12.026295	-2.208269	-0.456410	 0.365010	-0.535783	 0.675591	-5.338383	-7.861447	 14.258262	-0.122665	-3.135925
 3.772533	 13.548503	-2.329323	-0.485715	 0.361309	-1.037532	 0.581504	-5.486211	-7.938345	 15.224716	 0.526797	-3.784518
 4.103185	 14.279465	-2.384949	-0.499338	 0.359459	-1.285328	 0.534461	-5.548857	-7.960763	 15.675561	 0.849175	-4.099948
 4.259643	 16.114925	-2.407880	-0.505123	 0.358533	-1.406160	 0.510939	-5.568956	-7.956006	 16.368731	 1.008021	-4.248832
 4.329040	 16.996754	-2.414485	-0.506994	 0.358071	-1.463522	 0.499178	-5.567828	-7.937725	 16.681192	 1.085110	-4.314479
 4.354942	 17.401912	-2.412945	-0.506912	 0.357840	-1.489161	 0.493298	-5.556131	-7.912746	 16.803435	 1.121330	-4.338542
 4.359131	 18.068877	-2.407352	-0.505857	 0.357724	-0.998951	-0.009643	-5.539193	-7.884480	 17.330705	 1.137125	-4.341849
 4.352499	 18.364887	-2.399752	-0.504320	 0.357666	-0.752828	-0.260088	-5.519680	-7.854635	 17.558624	 1.142717	-4.334812
 4.340491	 18.975571	-2.391168	-0.502546	 0.357637	-1.128754	 0.115711	-5.498923	-7.824063	 17.637011	 1.143216	-4.322637
 4.325830	 19.241740	-2.382110	-0.500657	 0.357623	-1.313707	 0.303610	-5.477588	-7.793190	 17.640773	 1.141178	-4.307929
 4.309878	 19.835809	-2.872836	-0.499713	 0.357615	-1.403186	 0.397560	-5.456008	-7.762229	 17.607365	 1.137881	-4.791989
 4.293313	 20.091983	-3.111471	-0.499241	 0.357612	-1.444941	 0.444535	-5.434349	-7.731286	 17.555513	 1.133963	-5.023467
 4.776478	 20.179374	-2.724089	-0.499005	-0.142390	-1.462844	 0.468022	-5.412694	-7.700414	 17.994580	 1.129744	-5.128696
 5.007541	 20.182536	-2.525724	-0.498887	-0.391106	-1.468835	 0.479766	-5.391085	-7.669639	 18.177246	 1.125384	-5.170842
 5.112595	 20.143746	-2.421887	-0.498828	-0.514184	-1.468880	 0.485638	-5.369541	-7.638973	 18.231860	 1.120962	-5.181490
 5.154687	 20.084141	-2.365332	-0.498798	-0.574449	-1.465965	 0.488574	-5.348073	-7.608424	 18.222593	 1.116517	-5.176429
 5.165339	 20.014289	-2.332438	-0.498783	-0.603312	-1.461582	 0.490042	-5.326686	-7.577994	 18.181533	 1.112071	-5.163556
 5.160313	 20.439475	-2.811391	-0.498776	-0.616479	-1.456475	 0.490776	-5.305382	-7.547683	 18.124722	 1.107633	-5.146818
 5.147490	 20.610338	-3.044287	-0.498772	-0.621803	-1.451020	 0.491143	-5.284162	-7.517493	 18.060181	 1.103207	-5.128189
 5.130809	 20.654207	-2.654181	-0.998770	-0.623211	-1.445401	 0.491326	-5.263026	-7.487424	 17.991919	 1.098797	-4.608655
 5.112240	 20.634746	-2.454599	-1.245772	-0.622666	-1.439711	 0.491418	-5.241974	-7.457474	 17.921941	 1.094403	-4.340710
 5.092768	 20.583784	-2.850299	-0.866287	-0.621149	-1.433999	 0.491464	-5.221006	-7.427644	 17.851248	 1.090026	-4.698592
 5.072886	 20.517238	-3.041656	-0.676545	-0.619151	-1.428286	 0.491487	-5.200122	-7.397934	 17.780340	 1.085666	-4.867420
 5.052839	 20.443063	-3.130869	-0.581674	-0.616918	-1.422584	 0.491498	-5.179322	-7.368342	 17.709468	 1.081324	-4.941762
 5.032749	 20.365238	-2.669035	-0.534238	-0.614572	-1.416900	 0.491504	-5.158605	-7.338869	 17.638754	 1.076998	-4.968900
 5.012679	 20.285751	-2.433704	-0.510520	-0.612175	-1.411235	 0.491507	-5.137970	-7.309513	 17.568261	 1.072690	-4.972477
 4.992659	 20.205595	-2.811642	-0.498661	-0.609757	-1.405592	 0.491508	-4.617418	-7.280275	 17.498019	 1.568400	-4.464314
 4.972704	 20.125266	-2.994231	-0.492732	-0.607333	-1.399970	 0.491509	-4.348949	-7.251154	 17.428043	 1.812126	-4.202320
 4.952821	 20.045011	-2.579173	-0.489767	-0.604911	-1.394370	 0.491509	-4.706553	-7.222150	 17.858338	 1.429878	-4.063442
 4.933013	 19.964955	-2.367315	-0.488285	-0.602495	-1.388793	 0.491509	-4.875227	-7.193261	 18.036909	 1.236658	-3.986154
 4.913283	 20.385157	-2.257075	-0.487544	-0.600087	-1.383238	 0.491509	-4.949476	-7.164488	 18.089763	 1.137961	-4.439692
 4.893631	 20.553647	-2.197662	-0.487173	-0.597688	-1.377705	 0.491509	-4.976553	-7.135830	 18.079905	 1.086535	-4.656675
 4.874057	 20.596448	-2.163678	-0.486988	-0.595297	-1.372194	 0.491509	-4.980084	-7.107287	 18.038836	 1.058751	-4.755419
 4.854561	 20.576570	-2.142427	-0.486895	-0.592917	-1.366706	 0.491510	-4.971883	-7.078858	 17.982306	 1.042797	-4.795083
 4.835143	 20.525517	-2.127560	-0.486849	-0.590545	-1.361239	 0.491510	-4.957854	-7.050542	 17.918189	 1.032767	-4.805245
 4.815802	 20.459042	-2.115900	-0.486826	-0.588183	-0.855794	 0.491510	-4.940953	-7.022340	 17.850423	 1.025706	-4.800696
 4.796539	 20.385019	-2.105862	-0.486814	-0.585830	-0.603071	 0.491510	-4.922654	-6.994251	 17.780974	 1.020138	-4.788828
 4.777353	 20.307386	-2.096651	-0.486808	-0.583487	-0.976710	 0.491510	-4.903695	-6.966274	 17.210827	 1.515325	-4.273341
 4.758244	 20.228110	-2.087871	-0.486805	-0.581153	-1.160829	 0.491510	-4.884447	-6.938408	 16.892472	 1.758898	-4.008082
 4.739211	 19.648174	-2.079323	-0.486804	-0.578828	-1.250198	 0.491510	-4.365092	-6.910655	 14.700146	 1.376679	-3.867966
 4.720254	 19.320070	-2.070907	-0.486803	-0.576513	-1.292204	 0.491510	-4.097723	-6.883012	 13.578968	 1.183581	-3.790453
 3.701373	 14.118034	-2.062574	-0.486803	-0.574207	-1.310538	-0.008490	-3.956378	-6.855480	 8.493463	 0.085051	-2.744270
 3.186567	 11.499183	-2.054299	-0.486803	-0.571910	-1.317048	-0.257473	-3.878076	-6.828058	 5.943895	-0.462187	-2.217783
 2.923821	 10.171998	-2.046070	-0.486802	-0.569622	-1.317655	-0.380952	-3.831325	-6.800746	 4.662322	-0.733788	-1.951156
 1.787126	 4.990715	-1.537879	-0.486802	-1.067344	-0.815323	-0.941683	-3.800380	-5.273543	 1.514774	-0.867577	-1.314474
 1.217477	 2.400074	-1.281725	-0.486802	-1.313075	-0.564156	-1.219043	-3.777369	-4.502449	-0.055735	-0.932469	-0.994778
 0.431357	-0.395247	-0.651596	-0.986802	-1.932822	-0.438573	-1.854730	-2.758355	-2.609439	-3.837736	-0.962920	-0.333579
 0.038297	-1.786526	-0.336532	-1.233829	-2.237591	-0.375781	-2.167593	-2.245369	-1.661501	-5.713498	-0.976159	-0.002980
-0.658233	-3.975810	-0.179000	-0.854380	-2.384891	-0.344386	-2.319064	-1.485411	-1.186105	-6.136200	-0.980800	 0.162320
-1.003788	-5.058121	-0.100234	-0.664656	-2.453476	-0.328688	-2.389858	-1.103982	-0.946986	-6.334433	-0.981149	 0.244970
-1.173867	-5.586997	-0.060851	-0.569794	-2.482725	 0.179161	-2.420334	-0.911822	-0.326010	-5.920484	-0.979361	 0.286295
-1.256219	-5.839202	-0.041160	-0.522363	-2.492325	 0.431712	-2.430670	-0.814302	-0.015523	-5.702497	-0.976512	 0.306957
-1.294717	-5.953122	-0.031314	-0.498647	-2.492121	 0.556618	-2.430956	-0.764109	 0.139721	-5.582534	-0.973140	 0.317288
-1.311300	-5.997948	-0.026391	-0.486789	-2.487036	 0.117709	-2.426237	-0.737585	-0.282657	-5.511628	-0.469514	 0.322454
-1.316936	-6.008276	-0.023929	-0.480861	-2.479529	-0.101746	-2.419034	-0.722900	-0.492436	-5.465293	-0.217701	 0.325037
-1.317109	-6.001402	-0.022699	-0.477896	-2.470832	 0.288526	-1.910609	-0.714142	-0.095921	-5.431288	-0.091795	 0.326328
-1.314561	-5.985976	-0.022083	-0.476414	-2.461559	 0.482305	-1.653592	-0.708352	 0.102337	-5.403491	-0.028842	 0.326974
-1.310662	-5.966322	-0.021776	 0.024327	-2.452018	 0.577842	-1.522290	-0.204051	 0.201465	-5.378841	 0.002635	 0.327297
-1.306100	-5.944602	-0.021622	 0.273648	-2.442362	 0.624264	-1.453858	 0.048099	 0.251030	-5.355807	 0.018373	 0.327458
-1.301215	-5.921896	-0.021545	-0.102738	-2.432669	 0.646134	-1.916870	 0.174174	 0.275812	-5.333625	-0.473758	 0.327539
-1.296181	-5.898745	-0.021506	-0.290931	-2.422976	 0.655732	-2.143617	 0.237211	 0.288203	-5.311911	-0.717891	 0.327579
-1.291081	-5.875418	-0.021487	-0.385027	-2.413304	 0.659201	-2.252250	 0.268730	 0.294398	-5.290474	-0.838034	 0.327599
-1.285959	-5.352050	-0.021478	 0.067924	-2.403660	 0.159610	-1.801844	 0.284489	 0.297496	-5.269217	-0.896189	 0.327609
-1.280836	-5.080709	-0.021473	 0.293358	-2.394050	-0.090185	-1.573938	 0.292369	 0.299045	-5.248093	-0.923358	 0.327614
-1.275724	-4.935420	-0.021470	 0.405038	-1.884476	 0.284917	-1.457294	 0.296309	 0.299820	-5.227076	-0.435041	 0.327617
-1.270626	-4.853195	-0.021469	 0.459844	-1.626939	 0.471148	-1.396290	 0.298279	 0.300207	-5.206156	-0.190883	 0.327618
-1.265546	-4.802541	-0.021469	-0.013782	-1.495432	 0.062949	-1.363117	 0.299264	 0.300400	-5.185326	-0.068804	 0.327619
-1.260485	-4.767710	-0.021468	-0.250595	-1.426951	-0.141151	-1.343871	 0.299756	 0.300497	-5.164581	-0.007764	 0.327619
-0.755444	-4.740828	 0.478532	 0.130999	-1.389993	 0.256799	-1.331599	 0.300003	 0.800546	-5.143922	 0.022756	 0.327619
-0.502924	-4.717960	 0.726575	 0.320770	-1.368808	 0.454465	-1.322824	 0.300126	 1.047969	-5.123345	 0.038015	 0.327619
-0.376663	-4.697135	 0.848647	 0.414635	-1.355521	 0.551994	-1.315809	 0.300187	 1.169089	-5.102851	 0.045645	 0.327619
-0.313533	-4.677370	 0.407742	 0.460550	-1.346192	 0.599459	-1.309683	 0.300218	 1.227069	-4.582440	 0.049460	 0.827619
-0.281968	-4.658173	 0.187289	 0.482495	-1.338854	 0.621898	-1.304014	 0.300233	 1.253489	-4.314110	 0.051368	 1.074964
-0.266185	-4.639296	 0.077063	 0.492458	-1.332522	 0.631828	-1.298582	 0.300241	 1.264139	-4.171854	 0.052322	 1.195992
-0.258294	-4.620617	 0.021950	 0.496435	-1.326704	 0.635510	-1.293280	 0.300245	 1.266915	-4.092666	 0.052798	 1.253872
-0.254349	-4.602073	-0.005607	-0.002577	-1.821153	 0.636073	-1.288053	 0.300247	 1.265763	-4.545045	 0.053037	 1.280188
-0.252376	-4.583635	-0.019385	-0.251080	-2.063746	 0.635081	-1.282874	 0.300248	 1.262658	-4.761240	 0.053156	 1.290733
-0.751389	-4.565285	-0.026274	 0.124668	-1.680430	 0.633316	-1.277729	 0.300248	 1.258586	-4.859383	 0.053216	 0.793404
-0.998395	-4.547016	-0.029719	 0.311542	-1.486178	 0.631171	-1.272611	 0.300249	 1.254042	-4.898539	 0.053246	 0.544739
-1.119408	-4.528824	-0.031441	 0.404978	-1.386468	 0.628841	-1.267517	 0.300249	 1.249270	-4.908242	 0.053260	 0.420406
-1.177433	-4.510707	-0.032302	 0.451697	-1.334040	 0.626422	-1.262446	 0.300249	 1.244395	-4.403257	 0.053268	 0.858240
-1.203974	-4.492663	-0.032733	 0.475056	-1.305262	 0.623965	-1.257395	 0.300249	 1.239479	-4.142968	 0.053272	 1.074565
-0.714784	-4.474692	-0.032948	 0.486736	-1.288320	 0.621493	-1.252365	 0.300249	 1.234552	-4.005059	 0.053273	 1.180145
-0.470189	-4.456793	-0.033056	 0.492575	-1.277307	 0.619020	-1.247355	 0.300249	 1.229629	-3.928369	 0.053274	 1.230364
-0.847892	-4.438966	-0.033110	 0.495495	-1.269267	 0.616550	-1.242366	 0.800249	 1.224718	-4.382321	 0.053275	 0.752912
-1.034292	-4.421210	-0.033137	 0.496955	-1.262725	 0.614086	-1.237396	 1.047648	 1.219823	-4.599625	 0.053275	 0.514186
-1.125050	-4.403525	-0.033150	 0.497685	-1.256942	 0.611632	-1.232447	 0.668758	 1.214946	-4.198643	 0.053275	 0.894823
-1.167998	-4.385911	-0.033157	 0.498050	-1.251548	 0.609186	-1.227517	 0.479313	 1.210087	-3.990556	 0.053275	 1.082591
-1.187050	-4.368367	-0.033160	 0.498233	-1.246359	 0.606749	-1.222607	 0.384590	 1.205247	-3.878948	 0.053275	 1.173934
-1.194164	-4.350894	-0.033162	 0.498324	-1.241282	 0.604323	-1.217716	 0.337229	 1.200426	-3.815610	 0.053275	 1.217075
-1.195318	-4.333490	-0.033163	 0.498370	-1.236271	 0.601905	-1.212845	 0.313548	 1.195625	-3.776436	 0.053275	 1.236125
-0.693502	-4.316156	 0.466837	 0.498392	-1.231303	 0.599498	-1.207994	 0.301708	 1.190842	-3.749374	 0.053275	 1.243140
-0.442594	-4.298892	 0.714903	 0.498404	-1.226366	 0.597100	-1.203162	 0.295788	 1.186079	-3.728399	 0.053275	 1.244147
-0.817141	-4.281696	 0.337010	-0.001591	-1.221455	 0.594712	-1.198349	 0.792828	 1.181334	-3.710496	-0.446725	 0.742160
-1.002030	-4.264569	 0.148064	-0.250584	-1.216566	 0.592333	-1.193556	 1.038768	 1.176609	-3.694160	-0.694831	 0.491167
-1.092101	-4.247511	 0.053591	-0.375081	-1.211698	 0.589963	-1.188782	 0.659169	 0.671903	-3.678636	-0.316999	 0.365670
-1.134772	-4.230521	 0.006354	-0.437330	-1.206851	 0.587603	-1.184027	 0.469369	 0.419549	-3.663548	-0.128082	 0.302922
-1.153753	-4.213599	-0.017264	-0.468454	-1.202023	 0.585253	-1.179291	 0.374469	 0.293373	-3.648707	-0.033624	 0.271547
-1.160898	-4.196744	 0.470926	 0.015984	-1.197215	 0.582912	-1.174573	 0.827019	 0.730285	-4.134019	 0.013605	 0.755860
-1.162134	-4.179957	 0.713104	 0.257202	-1.192426	 0.580580	-1.169875	 1.050735	 0.946406	-4.367436	 0.037219	 0.995537
-1.160426	-4.163238	 0.332282	 0.377811	-1.187656	 0.578258	-1.165196	 1.160044	 1.052142	-4.474943	 0.049027	 1.112904
-1.157254	-4.146585	 0.141871	 0.438115	-1.182906	 0.575945	-1.160535	 1.212160	 1.102694	-4.519531	 0.054930	 1.169127
-1.153360	-4.129998	 0.546665	 0.468268	-1.178174	 0.573641	-1.155893	 0.735689	 1.125663	-4.532697	 0.057882	 1.194788
-1.149114	-4.113478	 0.747160	 0.483344	-1.173461	 0.571347	-1.151269	 0.497454	 1.134851	-4.530189	 0.059358	 1.205178
-1.144701	-4.097024	 0.845511	 0.490882	-1.168767	 0.569061	-1.146664	 0.378336	 1.137156	-4.519879	 0.060096	 1.207942
-1.140214	-4.080636	 0.892800	 0.494651	-1.164092	 0.566785	-1.142077	 0.318777	 1.136030	-4.505705	 0.060465	 1.206902
-1.135699	-4.064314	 0.914564	 0.496535	-1.159436	 0.564518	-1.137509	 0.288998	 1.133198	-4.489635	 0.060649	 1.203970
-1.131180	-4.048056	 0.423573	 0.497478	-1.154798	 0.562260	-1.132959	 0.274108	 1.129520	-3.972653	 0.060742	 1.200103
-1.126666	-4.031864	 0.178077	 0.497949	-1.150179	 0.560011	-1.128427	 0.266664	 1.125430	-3.707250	 0.060788	 1.195776
-1.122165	-4.015737	 0.055330	 0.498184	-1.145578	 0.557771	-1.123914	 0.762941	 1.121142	-3.567665	 0.060811	 1.191230
-1.117680	-3.999674	-0.006044	 0.498302	-1.140996	 0.555540	-1.119418	 1.008561	 1.116765	-3.491017	 0.060822	 1.186584
-1.113210	-3.983675	-0.036731	 0.498361	-0.636432	 0.553318	-1.114940	 1.128863	 1.112351	-3.445864	 0.060828	 1.181897
-1.108758	-3.967740	-0.052074	 0.498390	-0.384150	 0.551104	-1.110480	 1.186516	 1.107928	-3.416486	 0.060831	 1.177199
-1.104324	-3.951869	 0.440254	 0.498405	-0.758009	 0.048900	-1.106039	 0.712854	 1.103510	-3.395023	-0.439167	 1.172505
-1.099906	-3.936062	 0.684553	 0.498412	-0.942675	-0.202202	-1.101614	 0.476023	 1.099103	-3.377544	-0.687288	 1.167822
-1.095507	-3.920318	 0.804845	 0.498416	-1.032753	-0.327753	-1.097208	 0.357607	 1.094710	-3.362084	-0.809478	 1.163154
-1.091125	-3.904636	 0.363140	 0.498418	-1.075546	 0.109471	-1.092819	 0.798399	 0.590333	-3.847661	-0.368710	 1.158504
-1.086760	-3.889018	 0.142288	 0.498419	-1.094706	 0.326990	-1.088448	 1.016317	 0.338144	-4.081783	-0.148325	 1.153871
-1.082413	-3.873462	 0.031862	 0.498419	-1.102059	 0.434660	-1.084094	 0.622808	 0.712050	-3.690213	-0.038133	 0.649256
-1.078084	-3.857968	-0.023351	 0.498420	-1.103516	 0.487411	-1.079758	 0.426053	 0.896831	-3.487830	 0.016963	 0.396948
-0.573771	-3.842536	 0.449042	 0.498420	-1.102035	 0.512706	-1.075439	 0.827675	 0.987058	-3.380068	 0.044511	 0.770794
-0.321615	-3.827166	 0.683396	 0.498420	-1.099093	 0.524277	-1.071137	 1.026028	 1.030017	-3.319642	 0.058285	 0.955428
-0.695537	-3.811857	 0.798738	 0.498420	-1.095430	 0.528991	-0.566852	 1.122756	 1.049350	-3.282911	 0.065172	 1.045465
-0.880359	-3.796610	 0.854580	 0.498420	-1.091415	 0.530281	-0.314710	 1.168681	 1.056880	-3.258053	 0.068615	 1.088212
-0.470640	-3.781423	 0.880681	-0.001580	-0.587232	 0.029862	-0.688639	 0.689214	 1.058516	-3.239157	 0.070337	 0.607324
-0.265780	-3.766298	 0.891917	-0.250577	-0.335141	-0.220347	-0.873478	 0.449480	 1.057213	-3.223269	 0.071198	 0.366880
-0.163350	-3.751233	 0.895729	-0.375075	-0.209096	-0.345451	-0.963781	 0.329614	 1.054450	-3.208910	 0.071629	 0.246658
-0.612135	-3.736228	 0.395836	 0.062675	-0.146073	-0.408004	-0.506825	 0.769680	 1.050966	-3.195342	 0.071844	 0.686547
-0.834406	-3.721283	 0.145890	 0.280550	-0.114561	-0.439280	-0.278346	 0.987294	 1.047128	-3.182194	 0.071951	 0.904239
-0.943428	-3.706398	 0.520916	 0.389487	-0.598806	 0.045082	-0.664107	 0.593691	 0.543123	-3.169282	 0.072005	 1.010841
-0.995834	-3.691572	 0.706638	 0.443956	-0.838762	 0.286204	-0.854888	 0.396890	 0.291120	-3.156513	 0.072032	 1.061907
-1.019941	-3.676806	 0.297714	 0.471190	-0.456582	-0.094289	-0.948187	 0.798489	 0.665119	-3.143841	 0.072046	 1.085214
-1.029906	-3.662099	 0.093252	 0.484807	-0.265493	-0.284536	-0.992753	 0.996889	 0.850040	-3.131243	 0.072052	 1.094650
-1.032809	-3.647450	-0.008979	 0.491616	-0.669948	 0.120340	-1.012962	 1.093698	 0.940431	-3.618707	 0.072056	 1.097160
-1.032189	-3.632860	-0.060095	 0.495020	-0.870027	 0.321728	-1.021000	 1.139721	 0.983564	-3.854226	 0.072057	 1.096216
-1.029816	-3.618329	-0.085652	 0.496722	-0.967926	 0.421376	-1.022961	 1.160362	 1.003078	-3.963806	 0.072058	 1.093553
-1.026574	-3.603856	-0.098431	-0.002427	-0.514744	 0.470158	-1.021891	 1.168320	 1.010789	-3.510450	 0.072059	 0.590040
-1.022907	-3.589440	-0.104821	-0.250998	-0.288153	 0.493511	-1.019315	 1.169946	 1.012608	-3.277657	 0.072059	 0.338284
-1.019035	-3.575082	-0.108015	 0.124716	-0.174857	 0.504154	-1.015993	 1.168416	 1.011489	-3.155171	 0.072059	 0.712405
-1.015068	-3.560782	-0.109613	 0.311573	-0.118209	 0.508445	-1.012307	 1.165318	 1.008908	-3.087863	 0.072059	 0.897293
-1.011063	-3.546539	 0.389589	 0.405001	-0.589885	 0.509566	-0.508447	 1.161444	 0.505605	-3.048167	 0.072059	 0.987573
-1.007046	-3.532353	 0.637412	 0.451715	-0.823600	 0.509105	-0.256517	 1.157192	 0.253954	-3.022303	 0.072059	 1.030557
-1.003032	-3.518223	 0.259553	 0.475072	-0.938343	 0.507857	-0.630552	 1.152760	 0.628128	-3.003378	 0.072059	 1.049902
-0.999026	-3.504150	 0.070623	 0.486751	-0.993608	 0.506220	-0.815560	 1.148247	 0.813211	-2.987946	 0.072059	 1.057436
-0.995034	-3.490134	-0.023841	 0.492590	-1.019143	 0.504392	-0.906063	 1.143703	 0.903755	-2.974285	 0.072059	 1.059073
-0.991055	-3.476173	-0.071074	 0.495509	-1.029821	 0.502473	-0.949321	 1.139153	 0.947039	-2.961534	 0.072059	 1.057770
-0.987092	-3.462269	-0.094690	 0.496969	-1.033079	 0.500512	-0.968965	 1.134609	 0.966700	-2.949260	 0.072059	 1.055005
-0.983144	-3.448420	-0.106498	 0.497699	-0.532636	 0.499532	-0.976810	 0.630077	 0.974558	-2.937250	 0.072059	 1.051519
-0.979212	-3.434626	-0.112402	 0.498064	-0.282414	 0.499042	-0.978763	 0.377811	 0.976522	-2.925394	 0.072059	 1.047679
-0.975295	-3.420887	-0.115354	 0.498247	-0.657303	 0.498797	-0.477778	 0.751677	 0.975547	-2.913639	 0.072059	 1.043672
-0.971394	-3.407204	-0.116830	 0.498338	-0.842683	 0.498674	-0.227286	 0.936360	 0.973111	-2.901958	 0.072059	 1.039589
-0.967508	-3.393575	-0.117568	 0.498383	-0.933317	 0.498613	-0.602040	 1.026459	 0.969951	-2.890336	-0.427941	 0.535476
-0.963638	-3.380001	-0.117937	 0.498406	-0.976586	 0.498582	-0.787463	 1.069275	 0.966438	-2.878768	-0.676085	 0.283420
-0.959784	-3.366481	-0.118122	 0.498418	-0.996181	 0.498567	-0.878229	 1.088459	 0.962755	-2.867250	-0.798309	 0.157392
-0.955944	-3.353015	 0.381786	-0.001577	-1.003947	 0.498559	-0.921674	 1.095836	 0.958996	-2.855779	-0.357580	 0.094378
-0.952121	-3.339603	 0.629977	-0.250571	-1.005806	 0.498556	-0.941466	 1.097318	 0.955206	-2.844355	-0.137215	 0.062871
-0.948312	-3.326244	 0.252316	 0.124932	-1.004721	 0.498554	-0.949440	 1.095861	 0.951408	-2.832978	-0.027033	 0.547117
-0.944519	-3.312939	 0.063485	 0.311683	-1.002171	 0.498553	-0.951512	 1.092944	 0.947613	-2.821645	 0.028059	 0.787178
-0.940741	-3.299688	-0.030930	 0.405058	-0.998897	 0.498552	-0.950640	 1.089306	 0.943829	-2.810359	 0.055604	 0.905154
-0.936978	-3.286489	-0.078138	 0.451746	-0.995268	 0.498552	-0.948305	 1.085315	 0.940056	-2.799117	 0.069377	 0.962095
-0.933230	-3.273343	 0.398258	 0.475090	-0.491471	 0.498552	-0.945246	 1.081157	 0.936297	-2.787921	 0.076263	 0.988528
-0.929497	-3.260250	 0.634707	 0.486762	-0.239572	 0.498552	-0.941832	 1.076924	 0.932553	-2.776769	 0.079707	 0.999715
-0.925779	-3.247209	 0.751189	 0.492598	-0.113623	 0.498552	-0.938248	 1.072662	 0.928823	-2.765662	 0.081428	 1.003286
-0.922076	-2.734220	 0.307695	 0.495516	-0.050648	 0.498552	-0.934587	 1.068394	 0.925108	-2.754599	 0.082289	 1.003058
-0.918388	-2.473283	 0.085948	 0.496975	-0.019161	 0.498552	-0.930894	 1.064132	 0.921408	-2.743581	 0.082719	 1.000938
-0.914714	-2.838390	 0.475074	 0.497704	-0.003417	 0.498552	-0.927193	 1.059882	 0.917722	-2.732607	 0.082935	 0.997881
-0.911055	-3.014536	 0.667909	 0.498069	 0.004455	 0.498552	-0.923496	 1.055645	 0.914051	-2.721676	 0.083042	 0.994362
-0.907411	-3.096228	 0.262605	 0.498251	 0.008391	 0.498552	-0.919808	 1.051424	 0.910395	-2.710789	 0.083096	 0.990622
-0.903781	-3.130718	 0.059953	 0.498342	 0.010359	 0.498552	-0.916131	 1.047219	 0.906753	-2.699946	 0.083123	 0.986777
-0.900166	-3.141633	-0.041373	 0.498388	 0.011343	 0.498552	-0.912468	 1.043030	 0.903126	-2.689147	 0.083136	 0.982889
-0.896566	-3.140785	-0.092036	 0.498411	 0.011835	 0.498552	-0.908819	 1.038858	 0.899514	-2.678390	 0.083143	 0.978987
-0.892979	-3.134081	-0.117368	 0.498422	 0.012081	 0.498552	-0.905184	 1.034703	 0.895916	-2.667676	 0.083146	 0.975086
-0.889407	-3.124474	 0.369966	 0.498428	 0.012204	 0.498552	-0.901564	 1.030564	 0.892332	-3.157006	 0.083148	 0.971193
-0.885850	-3.113441	 0.611919	 0.498431	 0.012265	 0.498552	-0.897958	 1.026442	 0.888763	-3.394378	 0.083149	 0.967312
-0.882306	-3.101720	 0.231188	 0.498432	-0.487704	-0.001448	-0.394366	 1.022336	 0.885208	-3.005800	 0.083149	 0.963445
-0.878777	-3.089679	 0.040822	 0.498433	-0.735713	-0.250445	-0.142570	 1.018247	 0.881667	-2.806277	 0.083150	 0.959592
-0.875262	-3.077504	-0.054361	 0.498433	-0.857750	 0.125056	-0.516672	 1.014174	 0.878140	-2.701302	 0.083150	 0.955754
-0.871761	-3.065285	-0.101953	 0.498433	-0.916809	 0.311806	-0.701941	 1.010117	 0.874628	-2.643622	 0.083150	 0.951931
-0.868274	-3.053070	 0.374252	 0.498433	-0.444387	 0.405181	-0.292802	 1.006077	 0.871129	-2.609610	 0.083150	 0.948124
-0.864801	-3.040881	 0.610653	 0.498434	-0.208176	 0.451868	-0.088232	 1.002052	 0.867645	-2.587452	 0.083150	 0.944331
-0.861342	-3.028729	 0.727160	 0.498434	-0.090071	 0.475212	 0.014053	 0.998044	 0.864174	-2.571243	 0.083150	 0.940554
-0.357896	-3.016619	 0.783725	 0.498434	-0.031018	 0.486883	 0.065196	 0.994052	 0.860717	-2.558029	 0.083150	 0.936792
-0.106174	-3.004556	 0.810328	 0.498434	-0.001491	 0.492719	 0.090767	 0.990076	 0.857275	-2.546332	 0.083150	 0.933045
-0.480312	-2.992539	 0.321955	 0.498434	-0.486728	-0.004363	-0.396448	 0.986116	 0.853845	-2.535414	 0.083150	 0.929312
-0.665673	-2.980569	 0.077769	 0.498434	-0.727403	-0.251901	-0.638288	 0.982171	 0.850430	-2.524906	 0.083150	 0.925595
-0.756651	-2.468648	 0.455676	-0.001566	-0.345804	-0.375670	-0.757447	 0.978242	 0.847028	-2.514623	 0.083150	 0.921893
-0.800445	-2.208773	 0.642962	-0.250563	-0.155004	-0.437554	-0.815274	 0.974329	 0.843640	-2.504473	 0.083150	 0.918205
-0.820653	-2.574938	 0.734945	 0.124938	-0.559605	 0.031503	-0.342441	 0.970432	 0.840266	-2.494410	 0.083150	 0.914532
-0.829076	-2.752138	 0.779282	 0.311688	-0.759976	 0.265031	-0.106024	 0.966550	 0.836905	-2.484409	 0.083150	 0.910874
-0.831612	-2.834880	 0.799803	 0.405063	-0.858241	 0.381795	 0.012184	 0.962684	 0.833557	-2.474460	 0.083150	 0.907231
-0.831212	-2.870415	 0.308424	 0.451751	-0.405461	 0.440177	-0.428712	 0.958833	 0.830223	-2.464556	 0.083150	 0.903602
-0.829350	-2.882371	 0.062734	 0.475094	-0.179071	 0.469368	-0.647421	 0.954998	 0.826902	-2.454695	 0.083150	 0.899987
-0.826764	-2.882560	 0.439889	 0.486766	-0.065876	 0.483963	-0.255043	 0.951178	 0.823594	-2.444875	 0.083150	 0.896388
-0.823823	-2.876890	 0.626832	 0.492602	-0.009278	 0.491261	-0.058854	 0.947373	 0.820300	-2.435095	 0.083150	 0.892802
-0.820710	-2.368312	 0.218676	 0.495520	 0.019021	 0.494910	-0.460760	 0.943584	 0.817019	-2.425354	 0.083150	 0.389231
-0.817519	-2.110303	 0.014598	 0.496979	 0.033170	 0.496734	-0.659987	 0.939810	 0.813751	-2.415653	 0.083150	 0.137445
-0.814295	-2.477595	 0.412559	 0.497709	 0.040245	 0.497647	-0.257882	 0.936050	 0.810496	-2.405990	 0.083150	 0.511552
-0.811060	-2.655550	 0.609919	 0.498073	 0.043782	 0.498103	-0.056830	 0.932306	 0.807254	-2.396366	 0.083150	 0.696835
-0.807828	-2.738861	 0.706984	 0.498256	 0.045551	 0.498331	 0.043696	 0.928577	 0.804025	-2.386780	 0.083150	 0.787712
-0.804602	-2.274872	 0.253908	 0.498347	 0.046435	 0.498445	 0.093959	 0.924863	 0.800809	-2.377233	 0.083150	 0.831393
-0.801386	-2.039256	 0.027371	 0.498392	 0.046877	 0.498502	 0.119091	 0.921163	 0.797605	-2.367724	 0.083150	 0.851483
-0.798182	-2.417841	-0.085898	 0.498415	 0.047098	 0.498530	 0.131657	 0.917478	 0.794415	-2.358253	 0.083150	 0.359785
-0.794990	-2.601540	-0.142533	 0.498427	 0.047209	 0.498545	 0.137940	 0.913809	 0.791237	-2.348820	 0.083150	 0.113936
-0.791811	-2.187820	 0.329150	 0.498432	 0.047264	 0.498552	-0.358919	 0.910153	 0.788072	-2.339425	 0.083150	 0.491012
-0.788644	-1.977411	 0.563390	 0.498435	 0.047292	 0.498555	-0.605637	 0.906513	 0.784920	-2.330067	 0.083150	 0.677814
-0.785489	-2.368673	 0.178915	 0.498437	 0.047306	 0.498557	-0.727291	 0.902887	 0.781780	-2.820747	 0.083150	 0.769485
-0.782347	-2.558784	-0.013323	 0.498437	 0.047312	 0.498558	-0.786420	 0.899275	 0.778653	-3.059464	 0.083150	 0.813599
-0.779218	-2.648341	 0.390558	 0.498438	-0.452684	 0.498558	-0.314294	 0.895678	 0.775539	-2.672226	 0.083150	 0.833940
-0.776101	-2.687644	 0.590910	 0.498438	-0.700777	 0.498559	-0.078230	 0.892095	 0.772436	-2.474037	 0.083150	 0.842402
-0.772997	-2.701842	 0.689503	 0.498438	-0.822926	 0.498559	 0.039801	 0.888527	 0.769347	-2.370391	 0.083150	 0.844931
-0.769905	-2.703509	 0.737223	 0.498438	-0.382110	 0.498559	-0.401183	 0.884973	 0.766269	-2.314035	 0.083150	 0.844501
-0.766825	-2.698932	 0.759514	 0.498438	-0.161702	 0.498559	-0.619991	 0.881433	 0.763204	-2.281341	 0.083150	 0.842598
-0.763758	-2.691255	 0.769095	 0.498438	-0.051498	 0.498559	-0.727717	 0.877907	 0.760151	-2.260497	 0.083150	 0.839965
-0.760703	-2.682049	 0.772329	 0.498438	 0.003604	 0.498559	-0.779909	 0.874396	 0.757111	-2.245596	 0.083150	 0.836974
-0.757660	-2.172100	 0.272394	 0.498438	 0.031155	 0.498559	-0.804341	 0.870898	 0.754082	-2.233683	 0.083150	 0.833810
-0.754629	-1.913802	 0.022427	 0.498438	 0.044930	 0.498559	-0.814900	 0.867414	 0.751066	-2.223284	 0.083150	 0.830567
-0.751611	-1.781341	-0.102556	 0.498438	 0.051818	 0.498559	-0.818528	 0.863945	 0.748062	-2.213658	 0.083150	 0.827291
-0.748604	-1.711813	-0.165048	 0.498438	 0.055262	 0.498559	-0.818698	 0.860489	 0.745070	-2.204438	 0.083150	 0.824005
-0.745610	-1.673765	-0.196294	 0.498438	 0.056984	 0.498559	-0.817145	 0.857047	 0.742089	-2.195437	 0.083150	 0.820720
-0.742627	-1.651469	 0.288083	 0.498438	 0.057845	 0.498559	-0.314737	 0.853619	 0.739121	-2.186563	 0.083150	 0.817443
-0.739657	-1.637063	 0.528727	 0.498438	 0.058275	 0.498559	-0.063533	 0.850204	 0.736164	-2.177771	 0.083150	 0.814176
-0.736698	-2.126615	 0.147510	 0.498438	 0.058491	 0.498559	-0.437932	 0.846804	 0.733220	-2.169037	 0.083150	 0.810921
-0.733751	-2.366158	-0.043099	 0.498438	 0.058598	 0.498559	-0.623506	 0.843416	 0.730287	-2.160350	 0.083150	 0.807678
-0.730816	-2.480718	 0.361597	 0.498438	 0.058652	 0.498559	-0.214675	 0.840043	 0.727366	-2.151703	 0.083150	 0.304448
-0.727893	-2.532808	 0.562412	 0.498438	 0.058679	 0.498559	-0.010259	 0.836682	 0.724456	-2.143093	 0.083150	 0.052832
-0.224982	-2.553683	 0.661293	 0.498438	 0.058692	-0.001441	 0.091948	 0.833336	 0.721558	-2.134519	 0.083150	-0.072975
 0.026474	-2.558971	 0.709214	 0.498438	 0.058699	-0.250438	 0.143052	 0.830002	 0.718672	-2.125980	 0.083150	-0.135879
 0.152202	-2.556487	 0.731660	 0.498438	 0.058703	-0.374937	 0.168604	 0.826682	 0.715797	-2.117476	 0.083150	-0.167331
-0.284934	-2.550137	 0.241374	 0.498438	 0.058704	 0.062814	 0.181380	 0.823376	 0.712934	-2.109006	 0.083150	 0.316943
-0.502058	-2.541874	-0.003768	 0.498438	 0.058705	 0.280688	 0.187768	 0.820082	 0.710083	-2.100570	 0.083150	 0.557478
-0.609181	-2.032676	 0.373660	 0.498438	 0.058705	-0.110375	-0.309038	 0.816802	 0.707242	-2.092168	 0.083150	 0.676149
-0.661311	-1.775029	 0.560872	 0.498438	 0.058706	-0.304903	-0.555829	 0.813535	 0.704413	-2.083799	 0.083150	 0.733895
-0.685948	-2.143172	 0.652982	 0.498438	 0.058706	 0.097832	-0.177620	 0.810280	 0.701596	-2.075464	 0.083150	 0.761185
-0.696846	-2.322220	 0.697547	 0.498438	 0.058706	 0.298199	 0.011485	 0.807039	 0.698789	-2.067162	 0.083150	 0.773253
-0.700879	-1.906742	 0.718345	 0.498438	 0.058706	 0.398382	 0.106037	 0.803811	 0.695994	-2.058893	-0.416850	 0.777716
-0.701486	-1.696020	 0.727266	 0.498438	 0.058706	 0.448474	 0.153314	 0.800596	 0.693210	-2.050658	-0.665017	 0.778383
-0.700385	-1.587689	 0.730254	 0.498438	 0.058706	 0.473520	 0.176952	 0.797394	 0.690437	-2.042455	-0.787273	 0.777159
-0.698437	-1.530564	 0.730282	 0.498438	 0.058706	 0.486043	 0.188771	 0.794204	 0.687676	-2.034285	-0.346583	 0.774995
-0.696069	-1.499055	 0.728835	 0.498438	 0.058706	 0.492304	 0.194680	 0.791027	 0.684925	-2.026148	-0.126237	 0.772367
-0.693498	-1.480365	 0.726657	 0.498438	 0.058706	 0.495435	 0.197635	 0.787863	 0.682185	-2.018043	-0.016065	 0.769514
-0.690831	-1.468097	 0.724118	 0.498438	 0.058706	 0.497000	 0.199112	 0.784712	 0.679456	-2.009971	 0.039022	 0.766554
-0.688121	-1.959052	 0.721406	 0.498438	 0.058706	 0.497783	 0.199851	 0.781573	 0.676739	-2.001931	 0.066565	 0.763546
-0.685395	-2.199629	 0.718613	 0.498438	 0.058706	 0.498174	 0.200221	 0.778446	 0.674032	-1.993924	 0.080336	 0.760522
-0.682666	-2.315037	 0.215784	 0.498438	 0.058706	-0.001630	-0.299595	 0.775333	 0.671335	-1.985948	 0.087222	 0.757494
-0.679942	-2.367880	-0.035630	 0.498438	 0.058706	-0.250529	-0.547904	 0.772231	 0.668650	-1.978004	 0.090665	 0.754472
-0.677226	-2.389460	-0.161337	 0.498438	 0.058706	-0.374979	-0.670466	 0.769142	 0.665976	-1.970092	 0.092387	 0.751458
-0.674519	-1.895428	 0.275810	 0.498438	 0.058706	 0.062796	-0.230161	 0.766066	 0.663312	-1.962212	 0.093247	 0.748454
-0.671821	-1.645609	 0.492957	 0.498438	 0.058706	 0.280683	-0.010008	 0.763002	 0.660658	-1.954363	 0.093678	 0.745461
-0.669135	-2.017908	 0.600110	 0.498438	 0.058706	-0.110374	 0.100068	 0.759950	 0.658016	-1.946545	 0.093893	 0.742479
-0.666458	-2.199277	 0.652273	 0.498438	 0.058706	-0.304899	 0.155106	 0.756910	 0.655384	-1.938759	 0.094000	 0.739510
-0.663793	-2.285201	 0.676945	 0.498438	 0.058706	 0.097838	 0.182625	 0.753882	 1.152762	-1.931004	 0.094054	 0.736552
-0.661137	-2.323420	 0.687878	 0.498438	 0.058706	 0.298205	 0.196385	 0.750867	 1.398151	-1.923280	 0.094081	 0.733606
-0.658493	-1.837806	 0.691946	 0.498438	 0.058706	 0.398389	-0.296735	 0.747863	 1.017558	-2.415587	 0.094095	 0.230671
-0.655859	-1.592295	 0.692589	 0.498438	 0.058706	 0.448481	-0.541716	 0.744872	 0.825988	-2.655925	 0.094101	-0.020796
-0.653236	-1.466846	 0.691524	 0.498438	 0.058706	 0.473527	-0.662633	 0.741892	 0.728934	-2.770301	 0.094105	-0.146530
-0.650623	-1.901439	 0.689610	 0.498438	 0.058706	 0.486050	-0.221524	 0.738925	 1.179144	-2.321720	 0.094106	-0.209396
-0.648020	-2.114063	 0.687278	 0.498438	 0.058706	 0.492311	-0.000969	 0.735969	 1.400989	-2.093683	 0.094107	-0.240830
-0.145428	-1.715722	 0.684742	 0.498438	 0.058706	 0.495442	 0.109308	 0.733025	 1.008667	-1.975933	 0.094108	-0.256546
 0.105868	-1.513916	 0.682110	 0.498438	 0.058706	 0.497007	 0.164446	 0.730093	 0.811273	-1.913342	 0.094108	-0.264405
-0.268484	-1.410389	 0.679434	 0.498438	 0.058706	-0.002210	 0.192016	 0.727173	 0.711348	-1.878345	 0.094108	 0.231666
-0.454374	-1.356012	 0.676743	 0.498438	 0.058706	-0.250816	 0.205800	 0.724264	 0.660163	-1.857160	 0.094108	 0.478246
-0.546039	-1.326220	 0.674050	 0.498438	 0.058706	 0.124881	 0.212693	 0.721367	 0.633352	-1.842895	 0.094108	 0.100086
-0.590596	-1.308732	 0.671360	 0.498438	 0.058706	 0.311729	 0.216139	 0.718481	 0.618734	-1.832105	 0.094108	-0.088994
-0.611604	-1.297405	 0.668678	 0.498438	 0.058706	 0.405152	 0.217862	 0.715607	 0.610216	-1.823068	 0.094108	-0.183533
-0.620843	-1.289169	 0.666005	-0.001562	 0.058706	 0.451864	-0.281277	 0.712745	 0.604754	-1.814921	 0.094108	 0.269197
-0.624202	-1.282489	 0.663342	-0.250559	 0.058706	 0.475220	-0.529285	 0.709894	 0.600825	-1.807234	 0.094108	 0.494118
-0.624627	-1.776598	 0.660689	 0.124943	 0.058706	 0.486898	-0.151735	 0.707054	 0.597666	-1.799792	 0.094108	 0.605140
-0.623589	-2.019111	 0.658046	 0.311693	 0.058706	 0.492737	 0.037040	 0.704226	 0.594898	-1.792486	 0.094108	 0.659219
-0.621825	-1.635844	 0.655414	 0.405068	 0.058706	 0.495657	 0.131428	 0.701409	 0.592329	-1.785262	 0.094108	 0.684832
-0.619703	-1.441705	 0.652793	 0.451755	 0.058706	 0.497116	 0.178622	 0.698604	 0.589866	-1.778095	 0.094108	 0.696218
-0.617406	-1.342141	 0.650181	 0.475099	 0.058706	 0.497846	 0.202219	 0.695809	 0.587459	-1.770969	 0.094108	 0.700495
-0.615028	-1.289874	 0.647581	 0.486771	 0.058706	 0.498211	 0.214017	 0.693026	 0.585085	-1.763878	 0.094108	 0.701224
-0.612614	-1.261265	 0.644990	 0.492607	 0.058706	 0.498394	 0.219916	 0.690254	 0.582733	-1.756820	 0.094108	 0.700185
-0.610186	-1.744495	 0.642410	 0.495525	 0.058706	 0.498485	 0.222866	 0.687493	 0.580396	-1.749791	 0.094108	 0.698267
-0.607757	-1.981655	 0.639841	 0.496984	 0.058706	 0.498530	 0.224341	 0.684743	 0.578072	-1.742791	 0.094108	 0.695916
-0.605331	-1.595797	 0.637281	 0.497713	-0.441294	-0.001447	-0.274922	 0.682004	 0.575758	-1.735819	 0.094108	 0.693353
-0.602913	-1.400448	 0.634732	 0.498078	-0.689412	-0.250432	-0.523005	 0.679276	 0.573454	-1.728876	 0.094108	 0.690689
-0.600503	-1.800364	 0.132193	 0.498260	-0.311595	 0.125075	-0.145504	 0.676559	 0.571160	-1.721960	 0.094108	 0.187982
-0.598101	-1.995921	-0.119076	 0.498351	-0.122687	 0.311827	 0.043246	 0.673853	 0.568875	-1.715072	 0.094108	-0.063372
-0.595709	-1.589316	 0.255289	 0.498397	-0.028233	 0.405203	 0.137622	 0.671157	 0.566600	-1.708212	 0.094108	 0.310951
-0.593327	-1.383649	 0.441212	 0.498420	 0.018994	 0.451891	 0.184809	 0.668473	 0.564333	-1.701379	 0.094108	 0.496742
-0.590953	-1.278459	 0.532920	 0.498431	 0.042608	 0.475235	 0.208403	 0.665799	 0.562076	-1.694573	 0.094108	 0.588273
-0.588590	-1.223518	 0.577524	 0.498437	 0.054414	 0.486907	 0.220200	 0.663136	 0.559828	-1.187795	 0.094108	 0.132678
-0.586235	-1.193710	 0.598582	 0.498440	 0.060318	 0.492743	 0.226098	 0.660483	 0.557588	-0.933044	 0.094108	-0.095119
-0.583890	-1.176478	 0.607872	 0.498441	 0.063269	 0.495661	 0.229048	 0.657841	 0.555358	-1.304312	 0.094108	 0.290982
-0.581555	-1.165544	 0.611282	 0.498442	 0.064745	 0.497120	 0.230522	 0.655210	 0.553137	-1.486595	 0.094108	 0.482679
-0.579229	-1.157767	 0.611758	 0.498442	 0.065483	 0.497850	 0.231259	 0.652589	 0.550924	-1.574398	 0.094108	 0.577179
-0.576912	-1.151579	 0.610772	 0.498442	 0.065852	 0.498215	 0.231628	 0.649979	 0.548720	-1.614976	 0.094108	 0.623085
-0.574604	-1.146194	 0.609059	 0.498442	 0.066037	 0.498397	 0.231812	 0.647379	 0.546525	-1.631953	 0.094108	 0.644700
-0.572306	-1.141220	 0.606988	 0.498443	 0.066129	 0.498488	 0.231905	 0.644789	 0.544339	-1.637144	 0.094108	 0.654175
-0.570016	-1.136461	 0.604743	 0.498443	 0.066175	 0.498534	 0.231951	 0.642210	 0.542162	-1.636455	 0.094108	 0.657585
-0.567736	-1.131817	 0.602415	 0.498443	 0.066198	 0.498557	 0.231974	 0.639641	 1.039993	-1.632839	 0.094108	 0.157968
-0.565465	-1.127241	 0.600051	 0.498443	 0.066210	 0.498568	 0.231985	 0.637083	 1.285833	-1.627772	 0.094108	-0.091840
-0.563203	-1.122708	 0.597673	 0.498443	 0.066215	 0.498574	 0.231991	 0.634534	 0.905690	-1.621994	 0.094108	 0.283256
-0.560951	-1.118205	 0.595294	 0.498443	 0.066218	 0.498577	 0.231994	 0.631996	 0.714567	-1.615872	 0.094108	 0.469487
-0.558707	-1.113726	 0.592919	 0.498443	 0.066220	 0.498578	 0.231995	 0.629468	 1.117959	-1.609591	 0.094108	 0.561291
-0.556472	-1.109268	 0.590550	 0.498443	 0.066220	 0.498579	 0.231996	 0.626950	 1.316612	-1.603245	 0.094108	 0.605887
-0.554246	-1.104830	 0.588189	 0.498443	 0.066221	 0.498579	 0.231996	 0.624442	 0.912908	-1.596877	 0.094108	 0.626884
-0.552029	-1.100410	 0.585837	 0.498443	 0.066221	 0.498579	 0.231997	 0.621945	 0.710038	-1.590513	 0.094108	 0.636087
-0.049821	-1.096008	 0.583494	 0.498443	 0.066221	 0.498579	 0.231997	 0.619457	 1.107588	-1.584162	 0.094108	 0.639397
 0.201283	-1.091623	 0.581160	 0.498443	 0.066221	 0.498579	 0.231997	 0.616979	 1.303353	-1.577831	 0.094108	 0.639767
 0.326835	-1.087257	 0.578836	 0.498443	 0.066221	 0.498579	 0.231997	 0.614511	 1.398237	-1.571523	 0.094108	 0.638672
-0.110389	-1.082908	 0.576520	 0.498443	-0.433779	 0.498579	 0.231997	 0.612053	 0.942693	-1.565238	 0.094108	 0.136849
-0.327906	-1.078576	 0.574214	 0.498443	-0.681911	 0.498579	 0.231997	 0.609605	 0.714921	-1.558978	 0.094108	-0.114062
-0.435573	-1.074262	 0.571917	 0.498443	-0.304117	 0.498579	 0.231997	 0.607166	 0.601035	-1.552742	 0.094108	 0.260482
-0.488321	-1.069965	 0.569630	 0.498443	-0.115220	 0.498579	 0.231997	 0.604738	 0.544092	-1.546532	 0.094108	 0.446484
-0.513612	-1.065685	 0.567351	 0.498443	-0.020772	 0.498579	 0.231997	 0.602319	 1.015621	-1.540345	 0.094108	 0.038220
-0.525180	-1.061422	 0.565082	 0.498443	 0.026452	 0.498579	 0.231997	 0.599910	 1.248411	-1.534184	 0.094108	-0.165912
-0.529890	-1.057176	 0.562822	 0.498443	 0.050064	 0.498579	 0.231997	 0.597510	 1.361843	-1.528047	 0.094108	 0.232022
-0.531177	-1.052948	 0.560570	 0.498443	 0.061870	 0.498579	 0.231997	 0.595120	 1.415609	-1.521935	 0.094108	 0.429730
-0.530755	-1.048736	 0.558328	 0.498443	 0.067773	 0.498579	 0.231997	 0.592739	 1.439553	-1.515848	 0.094108	 0.527328
-0.529483	-1.044541	 0.556095	 0.498443	 0.070725	 0.498579	 0.231997	 0.590368	 1.448598	-1.509784	 0.094108	 0.074878
-0.527791	-1.040363	 0.553870	 0.498443	 0.072201	 0.498579	 0.231997	 0.588007	 1.450205	-1.503745	 0.094108	-0.151348
-0.525892	-1.036201	 0.551655	 0.498443	 0.072939	 0.498579	 0.231997	 0.585655	 1.448105	-1.497730	 0.094108	 0.235540
-0.523895	-1.032057	 0.549448	 0.498443	 0.073308	 0.498579	 0.231997	 0.583312	 1.444163	-1.491739	 0.094108	 0.427739
-0.521853	-1.027928	 0.547250	 0.498443	-0.426508	 0.498579	 0.231997	 0.580979	 0.939312	-1.485772	 0.094108	 0.522598
-0.519792	-1.023817	 0.545061	 0.498443	-0.674563	 0.498579	 0.231997	 0.578655	 0.686886	-1.479829	 0.094108	 0.568793
-0.517726	-1.019721	 0.542881	 0.498443	-0.296745	 0.498579	 0.231997	 0.576341	 0.560673	-1.473910	 0.094108	 0.590661
-0.515662	-1.015642	 0.540710	 0.498443	-0.107837	 0.498579	 0.231997	 0.574035	 0.497567	-1.468014	 0.094108	 0.600369
-0.513603	-1.011580	 0.538547	 0.498443	-0.013382	 0.498579	 0.231997	 0.571739	 0.466014	-1.462142	 0.094108	 0.604003
-0.511550	-1.007534	 0.536393	 0.498443	 0.033845	 0.498579	 0.231997	 0.569452	 0.950237	-1.456293	 0.094108	 0.604605
-0.509505	-1.003503	 0.534247	 0.498443	 0.057459	 0.498579	 0.231997	 0.567174	 1.189480	-1.450468	 0.094108	 0.603696
-0.507467	-1.499489	 0.532110	 0.498443	 0.069265	 0.498579	 0.231997	 0.564906	 0.806244	-1.444666	 0.094108	 0.602035
-0.505437	-1.743491	 0.529982	 0.498443	 0.075169	 0.498579	 0.231997	 0.562646	 0.614626	-1.438888	 0.094108	 0.600004
-0.503416	-1.361518	 0.527862	 0.498443	 0.078121	 0.498579	 0.231997	 0.560395	 0.518817	-1.433132	 0.094108	 0.597793
-0.501402	-1.168571	 0.525750	 0.498443	 0.079596	 0.498579	 0.231997	 0.558154	 0.470912	-1.427400	 0.094108	 0.595496
-0.500395	-1.070147	 0.523647	 0.498443	-0.419666	 0.498579	 0.231997	 0.555921	 0.946960	-1.421690	 0.094108	 0.593161
-0.499892	-1.018992	 0.521553	 0.498443	-0.667459	 0.498579	 0.231997	 0.553697	 1.182138	-1.416003	 0.094108	 0.590812
-0.499640	-0.991478	 0.519466	 0.498443	-0.789525	 0.498579	 0.231997	 0.551483	 1.296892	-1.410339	 0.094108	 0.588461
-0.499514	-0.975793	 0.517389	 0.498443	-0.348735	 0.498579	 0.231997	 0.549277	 0.851446	-1.404698	 0.094108	 0.586113
-0.499451	-0.966031	 0.515319	 0.498443	-0.128340	 0.498579	 0.231997	 0.547080	 0.628723	-1.399079	 0.094108	 0.583771
-0.499420	-0.959237	 0.513258	 0.498443	-0.018142	 0.498579	 0.231997	 0.544891	 0.517361	-1.393483	 0.094108	 0.581438
-0.499404	-0.953935	 0.511205	 0.498443	 0.036957	 0.498579	 0.231997	 0.542712	 0.461681	-1.387909	 0.094108	 0.579113
-0.499396	-0.949387	 0.509160	 0.998443	 0.064506	 0.498579	 0.231997	 0.540541	 0.433840	-1.382357	 0.094108	 0.576797
-0.499392	-0.945223	 0.507123	 1.245446	 0.078281	 0.498579	 0.231997	 0.538379	 0.419920	-1.376828	 0.094108	 0.574490
-0.499390	-0.941259	 0.505095	 0.865962	 0.085168	 0.498579	 0.231997	 0.536225	 0.912960	-1.371321	 0.094108	 0.572192
-0.499389	-0.937403	 0.503074	 0.676221	 0.088612	 0.498579	 0.231997	 0.534080	 1.156668	-1.365835	 0.094108	 0.569903
-0.499389	-0.933607	 0.501062	 0.581350	 0.090333	 0.498579	 0.231997	 0.531944	 1.275721	-1.360372	 0.094108	 0.567623
-0.499389	-0.929850	 0.500056	 0.533914	-0.408806	 0.498579	 0.231997	 0.529816	 0.832458	-1.854930	 0.094108	 0.565353
-0.499389	-0.926119	 0.499553	 0.510197	-0.656559	 0.498579	 0.231997	 0.527697	 0.610827	-2.097511	 0.094108	 0.563092
-0.499388	-0.922409	 0.499301	 0.498338	-0.278627	 0.498579	 0.231997	 0.525586	 0.500011	-1.214121	 0.094108	 0.060839
-0.499388	-0.918717	 0.499176	 0.492408	-0.089662	 0.498579	 0.231997	 0.523484	 0.444603	-0.772426	 0.094108	-0.190287
-0.499388	-0.915040	 0.499113	 0.489444	 0.004821	 0.498579	 0.231997	 0.521390	 0.416899	-1.051578	 0.094108	 0.184150
-0.499388	-0.911379	 0.499081	 0.487961	 0.052063	 0.498579	 0.231997	 0.519304	 0.403047	-1.188493	 0.094108	 0.370251
-0.499388	-0.907733	-0.000934	 0.487220	 0.075684	-0.001421	 0.231997	 0.517227	 0.896121	-1.254299	 0.094108	-0.037811
-0.499388	-0.904102	-0.249940	 0.486850	 0.087494	-0.250418	 0.231997	 0.515158	 1.139880	-1.284563	 0.094108	-0.241842
-0.499388	-0.900486	-0.374443	 0.486664	 0.093399	-0.374916	 0.231997	 0.513098	 1.258992	-1.297064	 0.094108	-0.343857
-0.499388	-0.896884	 0.063305	 0.486572	 0.096352	 0.062834	 0.231997	 0.511045	 1.315792	-1.300696	 0.094108	 0.105135
-0.499388	-0.893296	 0.281177	 0.486525	 0.097828	 0.280709	 0.231997	 0.509001	 1.341446	-1.299904	 0.094108	 0.328523
-0.499388	-0.889723	 0.390113	 0.486502	 0.098566	 0.389646	 0.231997	 0.506965	 0.851540	-1.296909	 0.094108	 0.439113
-0.499388	-0.886164	 0.444581	 0.486491	 0.098935	 0.444114	 0.231997	 0.504937	 0.606586	-1.292824	 0.094108	 0.493308
-0.499388	-0.882620	 0.471815	 0.486485	 0.099120	-0.028651	 0.231997	 0.502917	 0.984110	-1.288204	 0.094108	 0.019311
-0.499388	-0.879089	 0.485432	 0.486482	 0.099212	-0.264031	 0.231997	 0.500906	 1.170148	-1.283327	 0.094108	-0.217687
 0.000612	-0.875573	 0.492241	 0.486480	-0.400742	 0.118278	 0.231997	 0.499900	 0.760455	-1.278331	 0.094108	 0.163813
 0.249610	-0.872070	 0.495645	 0.486480	-0.648917	 0.308432	 0.231997	 0.499397	 0.555608	-1.273287	 0.094108	 0.353473
 0.374110	-0.868582	 0.497347	 0.486479	-0.771211	 0.403509	 0.231997	 0.499146	 0.453185	-1.268228	 0.094108	 0.447217
-0.063641	-0.865108	 0.498198	 0.486479	-0.330571	 0.451048	 0.231997	 0.499020	 0.401973	-1.263172	 0.094108	-0.006993
-0.281513	-0.861647	 0.498624	 0.486479	-0.110251	 0.474817	 0.231997	 0.498957	 0.376367	-1.258128	 0.094108	-0.234098
-0.390449	-0.858201	 0.498837	 0.486479	-0.000091	 0.486702	 0.231997	 0.498925	 0.863564	-1.253100	 0.094108	 0.152349
-0.444917	-0.854768	 0.498943	 0.486479	 0.054989	 0.492644	 0.231997	 0.498910	 1.104461	-1.248090	 0.094108	 0.344495
-0.472151	-0.851349	 0.498996	 0.486479	 0.082530	 0.495615	 0.231997	 0.498902	 1.222219	-1.243098	 0.094108	 0.439495
-0.485768	-0.847944	 0.499023	 0.486479	 0.096300	 0.497101	 0.231997	 0.498898	 1.278418	-1.238127	 0.094108	 0.485926
-0.492577	-0.844552	-0.000964	 0.486479	 0.103185	 0.497843	 0.231997	 0.498896	 0.803848	-1.233174	 0.094108	 0.508077
-0.495981	-0.841174	-0.249955	 0.486479	 0.106627	 0.498215	 0.231997	 0.498895	 0.566564	-1.228242	 0.094108	 0.518092
-0.497683	-0.837809	-0.374451	 0.486479	 0.108348	 0.498400	 0.231997	 0.498895	 0.447921	-1.223329	 0.094108	 0.522043
-0.498534	-0.834458	 0.063301	 0.486479	 0.609209	 0.498493	 0.231997	 0.498894	 0.888600	-1.218436	 0.094108	 0.522966
-0.498960	-0.831120	 0.281175	 0.486479	 0.857419	 0.498540	 0.231997	 0.498894	 1.106281	-1.213562	 0.094108	 0.522380
-0.499173	-0.827795	 0.390112	 0.486479	 0.479313	 0.498563	 0.231997	 0.498894	 0.712473	-1.208708	 0.094108	 0.521044
-0.499279	-0.824484	 0.444580	 0.486479	 0.290260	 0.498575	 0.231997	 0.498894	 0.515569	-1.203873	 0.094108	 0.519336
-0.499332	-0.821186	 0.471815	 0.486479	 0.195733	 0.498580	 0.231997	 0.498894	 0.417118	-1.199057	 0.094108	 0.517447
-0.499359	-0.817901	 0.485432	 0.486479	 0.148470	 0.498583	 0.231997	 0.498894	 0.367892	-1.194261	 0.094108	 0.515471
-0.499372	-0.814630	 0.492240	 0.986479	 0.124838	 0.498585	 0.231997	 0.498894	 0.843279	-0.689484	 0.094108	 0.013457
