-0.499379	-0.811371	 0.495645	 1.233506	 0.113023	 0.498585	 0.231997	 0.498894	 1.078335	-0.437096	 0.094108	-0.237551
-0.499382	-0.808126	 0.497347	 1.354058	 0.107115	 0.498586	 0.231997	 0.498894	 1.193236	-0.310901	 0.094108	-0.363055
-0.499384	-0.804893	 0.498198	 0.911385	 0.104161	 0.498586	 0.231997	 0.498894	 1.248071	-0.747804	 0.094108	 0.074194
-0.499384	-0.801674	 0.498623	 0.690049	 0.102684	 0.498586	 0.231997	 0.498894	 1.272882	-0.963886	 0.094108	 0.291795
-0.499385	-0.798467	 0.498836	 1.079381	 0.101945	 0.498586	 0.231997	 0.498894	 0.782692	-1.069567	 0.094108	 0.399577
-0.499385	-0.795273	 0.498943	 1.271109	 0.101576	 0.498586	 0.231997	 0.498894	 0.537597	-1.120057	 0.094108	 0.452453
-0.499385	-0.792092	 0.498996	 0.864048	 0.101391	 0.498586	 0.231997	 0.498894	 0.915050	-1.142961	 0.094108	 0.477880
-0.499385	-0.788924	 0.499022	 0.660517	 0.101299	 0.498586	 0.231997	 0.498894	 1.101191	-1.152081	 0.094108	 0.489587
-0.499385	-0.785768	 0.499036	 0.558752	 0.101253	 0.498586	 0.231997	 0.498894	 0.691687	-0.654319	 0.094108	 0.494438
-0.499385	-0.782625	 0.499042	 0.507869	 0.101230	 0.498586	 0.231997	 0.498894	 0.486935	-0.405438	 0.094108	 0.496864
-0.499385	-0.779494	 0.499046	 0.482428	 0.101218	 0.498586	 0.231997	 0.498894	 0.884559	-0.780997	 0.094108	 0.498076
-0.499385	-0.776376	 0.499047	 0.469707	 0.101212	 0.498586	 0.231997	 0.498894	 1.080807	-0.966464	 0.094108	 0.498683
-0.499385	-0.773271	 0.499048	 0.463347	 0.101210	 0.498586	 0.231997	 0.498894	 1.176377	-1.056893	 0.094108	 0.498986
-0.499385	-0.770178	 0.499049	 0.960166	 0.101208	 0.498586	 0.231997	 0.498894	 0.721617	-1.099814	 0.094108	 0.499138
-0.499385	-0.767097	 0.499049	 1.205662	 0.101207	 0.498586	 0.231997	 0.498894	 0.494238	-1.118988	 0.094108	 0.499213
-0.499385	-0.764029	 0.499049	 0.825508	 0.101207	 0.498586	 0.231997	 0.498894	 0.380548	-1.126299	 0.094108	 0.499251
-0.499385	-0.760973	 0.499049	 0.635431	 0.101207	 0.498586	 0.231997	 0.498894	 0.323703	-1.127687	 0.094108	 0.499270
-0.499385	-0.757929	 0.499049	 0.540392	 0.101207	 0.498586	 0.231997	 0.498894	 0.795281	-1.126123	 0.094108	 0.499280
-0.499385	-0.754897	 0.499049	 0.492873	 0.101207	 0.498586	 0.231997	 0.498894	 1.028536	-1.123092	 0.094108	 0.499284
 0.000615	-0.751877	 0.499049	 0.969113	 0.101207	 0.498586	-0.768003	 0.498894	 0.642640	-1.119337	 0.094108	 0.499287
 0.249613	-0.748870	 0.499049	 1.204343	 0.101207	 0.498586	-1.264467	 0.498894	 0.449692	-1.115228	 0.094108	 0.499288
 0.374113	-0.745875	 0.499049	 1.319078	 0.101207	 0.498586	-1.509177	 0.498894	 0.353218	-1.110951	 0.094108	 0.499289
-0.063637	-0.742891	 0.499049	 1.373579	 0.101207	 0.498586	-0.628025	 0.498894	 0.304981	-0.606599	 0.094108	 0.499289
-0.281510	-0.739919	 0.499049	 1.397973	 0.101207	 0.498586	-0.187448	 0.498894	 0.280862	-0.354423	 0.094108	 0.499289
-0.390446	-0.736960	 0.499049	 1.407325	 0.101207	 0.498586	 0.032840	 0.998894	 0.268803	-1.228335	 0.094108	 0.499289
-0.444914	-0.734012	 0.499049	 1.409168	 0.101207	 0.498586	 0.142984	 1.245896	 0.262773	-1.661087	 0.094108	 0.499289
-0.472148	-0.731076	 0.499049	 0.907267	 0.101207	 0.498586	-0.301944	 0.866412	 0.259759	-1.373275	 0.094108	-0.000711
-0.485765	-0.728152	 0.499049	 0.656317	 0.101207	 0.498586	-0.522914	 0.676669	 0.258251	-1.227198	 0.094108	-0.249709
-0.492574	-0.725239	 0.499049	 0.530841	 0.101207	 0.498586	-0.131912	 0.581798	 0.757498	-0.651997	 0.094108	-0.374209
-0.495978	-0.722338	 0.499049	 0.468104	 0.101207	 0.498586	 0.063590	 0.534362	 1.004607	-0.364397	 0.094108	-0.436458
-0.497680	-0.719449	 0.499049	 0.436735	 0.101207	 0.498586	 0.161340	 0.510645	 1.125659	-0.220597	 0.094108	-0.467583
-0.498531	-0.716571	 0.499049	 0.421051	 0.101207	 0.498586	 0.210216	 0.498786	 0.683691	-0.648697	 0.094108	 0.016854
-0.498957	-0.713705	 0.499049	 0.413208	 0.101207	 0.498586	 0.234653	 0.492856	 0.462707	-0.860593	 0.094108	 0.258071
-0.499169	-0.710850	 0.499049	 0.409287	 0.601207	 0.498586	 0.246872	 0.489892	-0.147785	-0.964396	 0.094108	 0.378679
-0.499276	-0.708006	 0.499049	 0.407327	 0.849004	 0.498586	 0.252982	 0.488409	-0.451514	-1.014162	 0.094108	 0.438983
 0.000671	-0.705174	 0.499049	 0.406346	 0.470710	 0.498586	 0.256036	-0.012332	 0.398131	-1.036916	 0.094108	 0.469135
 0.249643	-0.702354	 0.499049	 0.405856	 0.281562	 0.498586	 0.257564	-0.261676	 0.820459	-1.046174	 0.094108	 0.484211
-0.125871	-0.699544	 0.499049	 0.405611	 0.186988	 0.498586	-0.241673	 0.114673	 1.029137	-1.048692	 0.094108	-0.008251
-0.312625	-0.696746	 0.499049	 0.405489	 0.139702	 0.498586	-0.489809	 0.302848	 1.131000	-1.047849	 0.094108	-0.253481
-0.406002	-0.693959	 0.499049	 0.405427	 0.116058	 0.498586	-0.612401	 0.396936	 1.179466	-1.045333	 0.094108	-0.376095
-0.452691	-0.691183	 0.499049	 0.905397	 0.104236	 0.498586	-0.172227	 0.443980	 0.701243	-1.041990	 0.094108	 0.062597
-0.476035	-0.688418	 0.499049	 1.152571	 0.098326	 0.498586	 0.047860	 0.467501	 0.462132	-1.038241	 0.094108	 0.280941
 0.012293	-1.185665	 0.499049	 1.273358	 0.095370	 0.498586	-0.342097	 0.479262	 0.842576	-1.034297	 0.094108	 0.390113
 0.255456	-1.430922	 0.499049	 1.330964	 0.093892	 0.498586	-0.535611	 0.485143	 1.030352	-1.030265	 0.094108	 0.444699
-0.122963	-1.050198	 0.499049	 0.856989	 0.593154	 0.498586	-0.130910	 0.488083	 0.621804	-1.026196	 0.094108	 0.471992
-0.311170	-0.858498	 0.499049	 0.620002	 0.840599	 0.498586	 0.071441	 0.489553	 0.417530	-1.022118	 0.094108	 0.485638
-0.405273	-0.261314	 0.499049	 0.501509	 0.462146	 0.498586	 0.172616	-0.509712	-1.184607	 0.981958	 0.094108	-0.007539
-0.452324	 0.037278	 0.499049	 0.442262	 0.272919	 0.498586	 0.223204	-1.006326	-1.980102	 1.978023	 0.094108	-0.253126
-0.475850	 0.186574	 0.499049	 0.412638	 0.178306	 0.498586	 0.248497	-1.251628	-2.372298	 2.470108	 0.094108	-0.375919
-0.487613	 2.261222	-0.000951	 0.397827	-0.369000	 0.498586	 0.261144	-2.371285	-3.562868	 5.710226	-0.405892	-0.937316
-0.493495	 3.289875	-0.249949	 0.390421	-0.640821	 0.498586	 0.267468	-2.924131	-4.148645	 7.312384	-0.654080	-1.215017
 1.003565	 6.295564	-0.874448	 0.386718	-1.274906	-0.001414	 0.270629	-3.693600	-5.932065	 11.095634	-0.276370	-1.850882
 1.747093	 7.779806	-1.183700	 0.384866	-1.588131	-0.250411	 0.272210	-4.069409	-6.808344	 12.957502	-0.087515	-2.163841
 2.613876	 11.003399	-1.835340	-0.116059	-2.240940	-0.374910	-0.226999	-4.248423	-7.231115	 14.358796	 0.506913	-2.815367
 3.040306	 12.586741	-2.156186	-0.365288	-2.561558	-0.437159	-0.475152	-4.329075	-7.427192	 15.027924	 0.801924	-3.134196
 3.746588	 14.350072	-1.811655	 0.011326	-2.716102	-0.468284	-0.597781	-4.360581	-7.509984	 16.331093	 0.947236	-3.286704
 4.090823	 15.199511	-1.636455	 0.199634	-2.787633	-0.483846	-0.657655	-4.367550	-7.536195	 16.947409	 1.017707	-3.356080
 4.254070	 15.592132	-1.545932	 0.293787	-2.817680	-0.491627	-0.686157	-4.362286	-7.534175	 17.220440	 1.050766	-3.383917
 4.826859	 16.756474	-1.997760	 0.340864	-3.327008	-0.495518	-1.198979	-4.850940	-7.518101	 18.321968	 1.565127	-4.391012
 5.102455	 17.302803	-2.218775	 0.364403	-3.573999	-0.497463	-1.451966	-5.084587	-7.495060	 18.833886	 1.818149	-4.883764
 5.229496	 18.540269	-2.324403	 0.376172	-3.189853	-0.498436	-1.575050	-5.190775	-7.468595	 19.051153	 1.940518	-5.119386
 5.282304	 19.119446	-2.372357	 0.382056	-2.992169	-0.498922	-1.633195	-5.233274	-7.440479	 19.121249	 1.997577	-5.226487
 5.298037	 19.869638	-2.391493	 0.384999	-2.887737	-0.999165	-1.158885	-4.743973	-7.411596	 19.617915	 2.021997	-5.269371
 5.295277	 20.203494	-2.396240	 0.386470	-2.829955	-1.246288	-0.920361	-4.490813	-7.382389	 19.826019	 2.030114	-5.280188
 5.783311	 20.329347	-2.393812	 0.387205	-2.295520	-1.366862	-0.799736	-4.355757	-7.353079	 19.890002	 2.030096	-5.275015
 6.014786	 20.351364	-2.387815	 0.387573	-2.024780	-1.424175	-0.738064	-4.279788	-7.323776	 19.882086	 2.026027	-5.261888
 6.118031	 20.321625	-2.380052	 0.387757	-1.885902	-1.449868	-0.705876	-4.233396	-7.294536	 19.838380	 2.019948	-5.244828
 5.657210	 20.766172	-2.371427	 0.387849	-2.312969	-1.459764	-0.688435	-4.201826	-7.265386	 20.276937	 2.012881	-5.225842
 5.416408	 20.946024	-2.362388	 0.387895	-2.521022	-1.461772	-0.678372	-4.177700	-7.236338	 20.454785	 2.005336	-5.205935
 5.785655	 20.993698	-2.353162	 0.387918	-2.619591	-1.459849	-0.672004	-4.157330	-7.207399	 20.002443	 1.997568	-5.185610
 5.957969	 20.975453	-2.343862	 0.387929	-2.663438	-1.455971	-0.667489	-4.138871	-7.178573	 19.737172	 1.989704	-5.165116
 5.531865	 20.924415	-2.334542	 0.387935	-2.679948	-0.951128	-0.663905	-4.121401	-7.149861	 20.065593	 1.981809	-5.144581
 5.308602	 20.857150	-2.325232	 0.387938	-2.682810	-0.698707	-0.660793	-4.104458	-7.121262	 20.189016	 1.973913	-5.124065
 5.186800	 21.281938	-2.815945	 0.387939	-2.178869	-1.072496	-0.657921	-4.087812	-7.092777	 20.210102	 1.966034	-5.103599
 5.115768	 21.450918	-3.054688	 0.387940	-1.923549	-1.256498	-0.655175	-4.071346	-7.064407	 20.180183	 1.958177	-5.083201
 5.070163	 21.492168	-2.667473	 0.387941	-2.292553	-0.845618	-0.652497	-4.055003	-7.036149	 20.124922	 1.950349	-5.062876
 5.037312	 21.469727	-2.469305	 0.387941	-2.471731	-0.640178	-0.649859	-4.038755	-7.008004	 20.057153	 1.942549	-5.042628
 5.010877	 21.415611	-2.365678	 0.387941	-2.556019	-0.537458	-0.647245	-4.022586	-6.979972	 19.983290	 1.934780	-5.022459
 4.987691	 21.345831	-2.309341	-0.112059	-2.092882	-0.486098	-0.644649	-4.006488	-6.952053	 19.906539	 1.927041	-5.002371
 4.966169	 21.268388	-2.276666	-0.360835	-1.858054	-0.460418	-0.642067	-3.990459	-6.924244	 19.828504	 1.919333	-4.982362
 4.945518	 21.187285	-2.755841	-0.484004	-1.737394	-0.947578	-1.139497	-3.974495	-6.896547	 19.749986	 1.911656	-4.962432
 4.925343	 21.104521	-2.988958	-0.544374	-1.673830	-1.188289	-1.384938	-3.958596	-6.868961	 19.671384	 1.904010	-4.942583
 5.405445	 21.021096	-2.599073	-0.073349	-1.638828	-1.305786	-1.004398	-3.942761	-6.841485	 20.092897	 1.896394	-4.922812
 5.633725	 20.937508	-2.399712	 0.162163	-1.618119	-1.361688	-0.812880	-3.926990	-6.814119	 20.262625	 1.888808	-4.903121
 5.236141	 21.354006	-2.295631	 0.279919	-1.604569	-1.386804	-0.715878	-3.911282	-6.786863	 20.306624	 1.881253	-4.883509
 5.027672	 21.518714	-2.239207	 0.338797	-1.594613	-1.396538	-0.666140	-3.895637	-6.759715	 20.287922	 1.873728	-4.863975
 4.913799	 21.557701	-2.206629	 0.368236	-1.586465	-1.398592	-0.640038	-3.880054	-6.732677	 20.238033	 1.866233	-4.844519
 5.347263	 21.534001	-2.185993	 0.382956	-2.079235	-0.896818	-0.625759	-3.864534	-6.705746	 19.672712	 1.858768	-4.825141
 5.552433	 21.479131	-2.171343	 0.390316	-2.320475	-0.645931	-0.617396	-3.849076	-6.678923	 19.351837	 1.851333	-4.805840
 5.643503	 21.408847	-2.159706	 0.393995	-1.935972	-1.020488	-0.611997	-3.833679	-6.652207	 19.153338	 1.843928	-4.786617
 5.677569	 21.331028	-2.149590	 0.395835	-1.740618	-1.204976	-0.608084	-3.818345	-6.625598	 19.016178	 1.836552	-4.767470
 5.183179	 20.749612	-2.140254	 0.396755	-1.639850	-0.794441	-0.604919	-3.803071	-6.599096	 17.909840	 1.329206	-4.248401
 4.926606	 20.418568	-2.131324	 0.397215	-1.586388	-0.589174	-0.602133	-3.787859	-6.572700	 17.323064	 1.073889	-3.981407
 4.288980	 18.212870	-2.122614	-0.102555	-1.556591	-0.486540	-0.599542	-3.772708	-6.546409	 13.996204	 0.944593	-3.840481
 3.962864	 17.078007	-2.114031	-0.351235	-1.538639	-0.435223	-0.597052	-3.757617	-6.520223	 12.311435	 0.878315	-3.762619
 3.792532	 16.478690	-2.105529	-0.474375	-1.526622	-0.409565	-0.594618	-3.742586	-6.494142	 11.447797	 0.843552	-3.716319
 2.700122	 11.647272	-2.097084	-0.534751	-1.517584	-0.396735	-0.592217	-3.727616	-6.468166	 6.994810	-0.175448	-2.685829
 2.150702	 9.217931	-2.088684	-0.563748	-1.510048	-0.390321	-0.589836	-3.712706	-6.442293	 4.763233	-0.682558	-2.167273
 0.872789	 4.989684	-1.580323	-0.577061	-1.503275	-0.387114	-1.087471	-3.197855	-4.916524	 2.142381	-0.933734	-1.404697
 0.233832	 2.874037	-1.323999	-0.582537	-1.496895	-0.385510	-1.333119	-2.935063	-4.146858	 0.831955	-1.056952	-1.022126
-0.585646	 0.314697	-0.693702	-0.084099	-1.490725	-0.384708	-1.452785	-2.298323	-2.755270	-2.323258	-1.116201	-0.329560
-0.992575	-0.960483	-0.378553	 0.165120	-1.484670	-0.384307	-1.509473	-1.976630	-2.056749	-3.889908	-1.143475	 0.016722
-1.193240	-3.593602	-0.220979	-0.210270	-1.478686	-0.384107	-1.534685	-1.812473	-1.204772	-5.162319	-1.154770	 0.189863
-1.290785	-4.897709	-0.142192	-0.396794	-1.472748	-0.384006	-1.544171	-1.727098	-0.778784	-5.785656	-1.158085	 0.276434
-1.336781	-5.537358	-0.102798	-0.488889	-1.466845	-0.383956	-1.545806	-1.681127	-0.565790	-6.084506	-1.157420	 0.319719
-1.357013	-5.844829	-0.083101	-0.533775	-1.460972	-0.383931	-1.543529	-1.154872	 0.040708	-5.721164	-0.654774	 0.341362
-1.364375	-5.986259	-0.073253	-0.555061	-1.455126	-0.383919	-1.539308	-0.890487	 0.342662	-5.528778	-0.403451	 0.352183
-0.865312	-6.044719	-0.068329	-1.064551	-1.449304	 0.116088	-1.534128	-0.757042	 0.492350	-5.921912	-0.277790	 0.357594
-0.615781	-6.061743	-0.065866	-1.316148	-1.443506	 0.364858	-1.528479	-0.689072	 0.565909	-6.105849	-0.214959	 0.360299
-0.991015	-6.058097	-0.064635	-0.438811	-1.437731	 0.488017	-1.022610	-0.153845	 0.101410	-5.685238	-0.183544	 0.361652
-1.175900	-6.044166	-0.064020	-0.000142	-1.431980	 0.548373	-0.768641	 0.113768	-0.130839	-5.464403	-0.167836	 0.362328
-1.265621	-6.025139	-0.063712	 0.219192	-1.426252	 0.577334	-0.640628	 0.247575	 0.253036	-5.843498	-0.159982	 0.362666
-1.307770	-6.003614	-0.063558	 0.328859	-1.420547	 0.590602	-0.575596	 0.314478	 0.443700	-6.020601	-0.156055	 0.362836
-1.326145	-5.980887	-0.063481	 0.383693	-1.414865	 0.596028	-0.542059	 0.347930	 0.537763	-6.096757	-0.154092	 0.362920
-1.332644	-5.957607	-0.063443	 0.411110	-0.909206	 0.597539	-0.524273	 0.364656	 0.583531	-5.622489	-0.153110	 0.362962
-1.333215	-5.934099	-0.063424	 0.424818	-0.656376	 0.597096	-0.514367	 0.373019	 0.605156	-5.375058	-0.152619	 0.362983
-1.330833	-5.910523	-0.063414	 0.431672	-0.529961	 0.595681	-0.508405	 0.377200	 0.614716	-5.241088	-0.152374	 0.862994
-1.326985	-5.886962	-0.063409	 0.435099	-0.466753	 0.593785	-0.504420	 0.379291	 0.618247	-5.163889	-0.152251	 1.110273
-0.822414	-5.863454	 0.436593	 0.436813	-0.435150	 0.591653	-0.501426	 0.380336	 1.118768	-5.115115	-0.152190	 0.731198
-0.570129	-5.840020	 0.684721	 0.437670	-0.419348	 0.589408	-0.499929	 0.380859	 1.365791	-5.080596	-0.152159	 0.541660
-0.943987	-5.316670	 0.306920	-0.061902	-0.411447	 0.587111	-0.499181	 0.381120	 0.986076	-5.053244	-0.152144	 0.946891
-1.128280	-5.045409	 0.118019	-0.310565	-0.407497	 0.584793	-0.498806	 0.381251	 0.795007	-5.029517	-0.152136	 1.146803
-1.217801	-4.900229	 0.023568	-0.433778	-0.405521	 0.582469	-0.498619	 0.381316	 0.698264	-5.007641	-0.152132	 1.244065
-1.259947	-4.818130	 0.476343	 0.005730	-0.404534	 0.580147	-0.498526	 0.381349	 1.148689	-4.486732	-0.652130	 0.790013
-1.278416	-4.767608	 0.700872	 0.225483	-0.404040	 0.577830	-0.498479	 0.381365	 1.370704	-4.218346	-0.899825	 0.562987
-1.285057	-4.732913	 0.311286	 0.335360	-0.403793	 0.575521	-0.498456	 0.381374	 1.478526	-4.076253	-0.521377	 0.949475
-1.285794	-4.706169	 0.116493	 0.390299	-0.403670	 0.573220	-0.498444	 0.381378	 1.529264	-3.997338	-0.332154	 1.140046
-1.283589	-4.683438	 0.519096	 0.417768	-0.403608	 0.570927	-0.498438	 0.381380	 1.551473	-4.450044	-0.237542	 0.732671
-1.279924	-4.662751	 0.718555	 0.431503	-0.403577	 0.568644	-0.498435	 0.381381	 1.559430	-4.666591	-0.190236	 0.528983
-0.775539	-4.643124	 0.816448	 0.438370	 0.096439	 0.066369	-0.498434	 0.881381	 1.060274	-4.765098	-0.166583	 0.927139
-0.523346	-4.624063	 0.863566	 0.441803	 0.345253	-0.184768	-0.498433	 1.128619	 0.809574	-4.804625	-0.154756	 1.123567
-0.397250	-4.605322	 0.885303	 0.443520	 0.468473	-0.310336	-0.498432	 1.249486	 0.683106	-4.814700	-0.148843	 1.219140
-0.834202	-4.586779	 0.394358	 0.444379	 0.528899	 0.126879	-0.498432	 0.807179	 0.618758	-4.810088	-0.145886	 1.264298
-1.050136	-4.568371	 0.148885	 0.444808	 0.557933	 0.344359	-0.498432	 0.586025	 0.585476	-4.798171	-0.144408	 1.284258
-1.155570	-4.550067	 0.026149	 0.445023	 0.071277	 0.451975	-0.498432	 0.975448	 1.067730	-4.282640	-0.143669	 1.291629
-1.205766	-4.531851	-0.035219	 0.445130	-0.172052	 0.504664	-0.498432	 1.167430	 1.305758	-4.017340	-0.143299	 1.292717
-1.228351	-4.513716	-0.065903	 0.445183	-0.293716	 0.529894	-0.498432	 0.760702	 1.421684	-4.377186	-0.143115	 0.790673
-1.237142	-4.495658	-0.081245	 0.445210	-0.354548	 0.541398	-0.498432	 0.557338	 1.476571	-4.547635	-0.143022	 0.539651
-1.239046	-4.477673	 0.411084	 0.945224	 0.115036	 0.546045	-0.498432	 0.455656	 1.500952	-4.623423	-0.142976	 0.414140
-1.237516	-4.459761	 0.655441	 1.192340	 0.348659	 0.547267	-0.498432	 0.404815	 1.510092	-4.651919	-0.142953	 0.351385
-1.234279	-4.441922	 0.775821	 1.313019	 0.464305	 0.546781	-0.498432	 0.379395	 1.511624	-4.656806	-0.142941	 0.320007
-1.230198	-4.424154	 0.334218	 0.370491	 0.020969	 0.545445	-0.498432	 0.366685	 1.009363	-4.649926	-0.142935	 0.304318
-1.225706	-4.406457	 0.113416	-0.099628	-0.200699	 0.543689	-0.498432	 0.360329	 0.757219	-4.637200	-0.142933	 0.296474
-0.721017	-4.388831	 0.003016	 0.166451	 0.188467	 0.541727	-0.498432	 0.357152	 0.630136	-4.621588	-0.142931	 0.292552
-0.468673	-4.371276	-0.052185	 0.299491	 0.381894	 0.539667	-0.498432	 0.355563	 0.565589	-4.604570	-0.142930	 0.290591
-0.342500	-4.353791	-0.079785	 0.366011	 0.477457	 0.537561	-0.498432	 0.354769	 1.032313	-4.086886	-0.142930	 0.289610
-0.279414	-4.336376	-0.093585	 0.399271	 0.524093	 0.535438	-0.498432	 0.354371	 1.262677	-3.820906	-0.142930	 0.289120
-0.747871	-4.319030	-0.100485	 0.415901	 0.546269	 0.033309	-0.498432	 0.854173	 1.374873	-4.180806	-0.142930	 0.288875
-0.979667	-4.301754	-0.103935	 0.424216	 0.556221	-0.217755	-0.498432	 1.101366	 1.427997	-4.351674	-0.142930	 0.288752
-1.093142	-4.284547	-0.105660	 0.428373	 0.560064	-0.343287	-0.498432	 1.222265	 1.451597	-4.428064	-0.142930	 0.288691
-1.147466	-4.267409	-0.106522	 0.430452	 0.060858	 0.093947	-0.498432	 1.280028	 1.460446	-3.957249	-0.142930	 0.788660
-1.172225	-4.250339	-0.106954	 0.431491	-0.188745	 0.311501	-0.498432	 1.306234	 1.461932	-3.714869	-0.142930	 1.036068
-1.182210	-4.233338	-0.107169	 0.432011	-0.313547	 0.419221	-0.498432	 1.316672	 1.459749	-3.586734	-0.142930	 1.157204
-1.184819	-4.216405	-0.107277	 0.432271	-0.375948	 0.472026	-0.498432	 1.319237	 1.455742	-3.515750	-0.142930	 1.215216
-1.183748	-4.199539	-0.107331	 0.432401	 0.092852	 0.497380	-0.498432	 0.817876	 0.950835	-3.473368	-0.142930	 1.241675
-1.180847	-4.182741	-0.107358	 0.432466	 0.326128	 0.509011	-0.498432	 0.567195	 0.698381	-3.445315	-0.142930	 1.252369
-1.177041	-4.166010	-0.107372	 0.432498	 0.441648	 0.513785	-0.498432	 0.441855	 0.072154	-3.424454	-0.142930	 0.755189
-1.172791	-4.149346	-0.107378	 0.432514	 0.498293	 0.515135	-0.498432	 0.379185	-0.239851	-3.407216	-0.142930	 0.506600
-1.168329	-4.132748	-0.107382	 0.432523	 0.025506	 0.514777	-0.498432	 0.347850	 0.605250	-3.391817	-0.142930	 0.382305
-1.163771	-4.116217	-0.107383	 0.432527	-0.210887	 0.513569	-0.498432	 0.332182	 1.024900	-3.377365	-0.142930	 0.320157
-1.159173	-4.099753	-0.107384	 0.432529	-0.329084	 0.511941	-0.498432	 0.324349	 1.231836	-3.363413	-0.142930	 0.289084
-1.154565	-4.083354	-0.107385	 0.432530	 0.111817	 0.510106	-0.498432	 0.820432	 1.332426	-3.849738	-0.142930	 0.773547
-1.149961	-4.067020	-0.107385	 0.432530	 0.331163	 0.508172	-0.498432	 1.065840	 1.379855	-4.084229	-0.142930	 1.013262
-1.145368	-4.050752	-0.107385	 0.432530	 0.439734	 0.506192	-0.498432	 0.685922	 1.400715	-3.692836	-0.142930	 1.130614
-1.140790	-4.034549	-0.107385	 0.432531	 0.492924	 0.504194	-0.498432	 0.495963	 1.408302	-3.490537	-0.142930	 1.186794
-1.136229	-4.018411	 0.392615	 0.432531	 0.518426	 0.502191	-0.498432	 0.900983	 1.409264	-3.382811	-0.142930	 0.712398
-1.131685	-4.002337	 0.640830	 0.432531	 0.530089	 0.500188	-0.498432	 1.100882	 1.406924	-3.322398	-0.142930	 0.475200
-1.127159	-3.986328	 0.263159	 0.432531	 0.534837	 0.499187	-0.498432	 1.198229	 1.402945	-3.285668	-0.142930	 0.856601
-1.122650	-3.970383	 0.074324	 0.432531	 0.536132	 0.498687	-0.498432	 1.244312	 1.398158	-3.260805	-0.142930	 1.044826
-1.118160	-3.954501	-0.020094	 0.432531	 0.535705	 0.498437	-0.498432	 1.264772	 1.392977	-3.241901	-0.142930	 1.136472
-1.113687	-3.938683	-0.067303	 0.432531	 0.034421	 0.498311	-0.498432	 1.272432	 1.387612	-3.726003	-0.142930	 0.679839
-1.109233	-3.922928	-0.090907	 0.432531	-0.216221	 0.498249	-0.498432	 1.273702	 1.382164	-3.959634	-0.142930	 0.451522
-1.104796	-3.907237	-0.102709	 0.432531	-0.341542	 0.498218	-0.498432	 1.271787	 1.376687	-3.568063	-0.142930	 0.837364
-1.100376	-3.891608	-0.108611	 0.432531	-0.404203	 0.498202	-0.498432	 1.268289	 1.371206	-3.365925	-0.142930	 1.027838
-1.095975	-3.876041	-0.111561	 0.432531	 0.064467	 0.498194	-0.498432	 1.264011	 0.865734	-3.258528	-0.142930	 1.120639
-1.091591	-3.860537	-0.113036	 0.432531	 0.297735	 0.498190	-0.498432	 1.259353	 0.612998	-3.198527	-0.142930	 1.164612
-0.587225	-3.845095	 0.386226	 0.432531	 0.413308	 0.498188	-0.498432	 1.254514	 0.986630	-3.162250	-0.142930	 1.184182
-0.335041	-3.829714	 0.634086	 0.432531	 0.470036	 0.498187	-0.498432	 1.249595	 1.170726	-3.137859	-0.142930	 1.191559
-0.208950	-3.814396	 0.756252	 0.432531	 0.497347	 0.498187	-0.498432	 1.244647	 1.260064	-3.119437	-0.142930	 1.192850
-0.645904	-3.799138	 0.315579	 0.432531	 0.009953	 0.498187	-0.498432	 1.239693	 1.302034	-3.104024	-0.142930	 1.191107
-0.862215	-3.783941	 0.095242	 0.432531	-0.233744	 0.498186	-0.498432	 1.234746	 1.320331	-3.090140	-0.142930	 1.187857
-0.468214	-3.768806	-0.014927	 0.432531	 0.144407	 0.498186	 0.001568	 1.229814	 1.326802	-3.577046	-0.142930	 1.183863
-0.271213	-3.753730	-0.070011	 0.432531	 0.332438	 0.498186	 0.250565	 1.224898	 1.327371	-3.812370	-0.142930	 1.179506
-0.672713	-3.738716	 0.402447	 0.432531	 0.425412	 0.498186	-0.124937	 1.220000	 1.325000	-3.421938	-0.142930	 1.174977
-0.871315	-3.723761	 0.636926	 0.432531	 0.470863	 0.498186	-0.311687	 1.215120	 1.321169	-3.220658	-0.142930	 1.170372
-0.968475	-3.708866	 0.752423	 0.432531	 0.492555	 0.498186	-0.405062	 1.210260	 1.316619	-3.113980	-0.142930	 1.165737
-1.014925	-3.694030	 0.808435	 0.432531	 0.502373	 0.498186	-0.451749	 1.205419	 1.311720	-3.054626	-0.142930	 1.161098
-1.036026	-3.679254	 0.834713	 0.432531	 0.506258	 0.498186	-0.475093	 1.200598	 1.306657	-3.018958	-0.142930	 1.156466
-1.044463	-3.664537	 0.846130	 0.432531	 0.507179	 0.498186	-0.486765	 1.195795	 1.301522	-2.995158	-0.142930	 1.151846
-1.046576	-3.649879	 0.850123	 0.432531	 0.506624	 0.498186	-0.492601	 1.191012	 1.296362	-2.977315	-0.142930	 1.147241
-1.045534	-3.635279	 0.350411	 0.432531	 0.505335	 0.498186	-0.495519	 1.186248	 1.291199	-2.962475	-0.142930	 1.142654
-1.042925	-3.620738	 0.100555	 0.432531	 0.503682	 0.498186	-0.496978	 1.181503	 1.286046	-2.949159	-0.142930	 1.138084
-1.039540	-3.606255	-0.024372	 0.432531	 0.501851	 0.498186	-0.497707	 1.176777	 1.280907	-2.936630	-0.142930	 1.133532
-1.035775	-3.591830	-0.086836	 0.432531	 0.499936	 0.498186	-0.498072	 1.172070	 1.275787	-2.924517	-0.142930	 1.128998
-1.031828	-3.577463	-0.118068	 0.432531	 0.498978	-0.001814	-0.498254	 1.167382	 1.270685	-2.912636	-0.142930	 1.124482
-1.027799	-3.563153	-0.133684	 0.432531	 0.498499	-0.250810	-0.498345	 1.162712	 1.265603	-2.900893	-0.142930	 1.119984
-1.023737	-3.548901	-0.141492	 0.432531	 0.498260	-0.375308	-0.498391	 1.158061	 1.260541	-2.889244	-0.142930	 1.115504
-1.019667	-3.534705	 0.354604	 0.432531	 0.498140	 0.062443	-0.498414	 1.153429	 1.255499	-3.377664	-0.142930	 1.111042
-1.015600	-3.520566	 0.600950	 0.432531	 0.498080	 0.280318	-0.498425	 1.148816	 1.250477	-3.614142	-0.142930	 1.106598
-0.511544	-3.506484	 0.222429	 0.432531	 0.498050	 0.389255	-0.498431	 1.144220	 1.245475	-3.224680	-0.142930	 1.102172
-0.259516	-3.492458	 0.033168	 0.432531	 0.498035	 0.443724	-0.498434	 1.139643	 1.240493	-3.024278	-0.142930	 1.097763
-0.633502	-3.478488	-0.061462	 0.432531	 0.498028	 0.470958	-0.498435	 1.135085	 1.235531	-2.918430	-0.142930	 1.093372
-0.818480	-3.464574	-0.108777	 0.432531	 0.498024	 0.484576	-0.498436	 1.130544	 1.230589	-2.859880	-0.142930	 1.088998
-0.908962	-3.450716	-0.132435	 0.432531	 0.498022	 0.491384	-0.498436	 1.126022	 1.225667	-2.825003	-0.142930	 1.084642
-0.952204	-3.436913	-0.144264	 0.432531	 0.498021	 0.494788	-0.498436	 1.121518	 1.220764	-2.801984	-0.142930	 1.080304
-0.971834	-3.423165	-0.150178	 0.432531	 0.498021	 0.496491	-0.498437	 1.117032	 1.215881	-2.784917	-0.142930	 1.075983
-0.979666	-3.409473	-0.153135	 0.432531	 0.498021	 0.497342	-0.998437	 1.112564	 1.211018	-2.770847	-0.142930	 1.071679
-0.981607	-3.395835	-0.154614	 0.432531	 0.498021	 0.497767	-1.245440	 1.108114	 1.206173	-2.758299	-0.142930	 1.067392
-0.980611	-3.382251	 0.344647	 0.432531	 0.498020	 0.497980	-0.365956	 1.103681	 1.201349	-2.746533	-0.142930	 1.063122
-0.978153	-3.368722	 0.592589	 0.432531	 0.498020	 0.498086	 0.072758	 1.099267	 1.196543	-2.735181	-0.142930	 1.058870
-0.974973	-3.355248	 0.214880	 0.432531	 0.498020	 0.498140	 0.291093	 0.594869	 0.691757	-2.724057	-0.142930	 0.554635
-0.971439	-3.341827	 0.026025	 0.432531	 0.498020	 0.498166	 0.399241	 0.342671	 0.439364	-2.713069	-0.142930	 0.302517
-0.967737	-3.328459	-0.068403	 0.432531	 0.498020	 0.498179	-0.047700	 0.716572	 0.813168	-2.702171	-0.142930	 0.676458
-0.963957	-3.315145	-0.115616	 0.432531	 0.498020	 0.498186	-0.271170	 0.901341	 0.997695	-2.691340	-0.142930	 0.861328
-0.960147	-3.301885	-0.139223	 0.432531	 0.498020	 0.498189	-0.382905	 0.991554	 1.087595	-2.680563	-0.142930	 0.951670
-0.956330	-3.288677	-0.151027	 0.932531	 0.498020	-0.001809	 0.061227	 1.034496	 1.130190	-2.669835	-0.142930	 0.494757
-0.952516	-3.275523	-0.156928	 1.179666	 0.498020	-0.250804	 0.282283	 1.053813	 1.149141	-2.659153	-0.142930	 0.266301
-0.448711	-3.262420	 0.340121	 0.800380	 0.498020	 0.124698	-0.108196	 1.061325	 1.156281	-2.648515	-0.142930	 0.652073
-0.196809	-3.249371	 0.586971	 0.610736	 0.498020	 0.311448	-0.303436	 1.062943	 1.157524	-2.637920	-0.142930	 0.842883
-0.070858	-3.236373	 0.208728	 1.015915	 0.498020	 0.404824	-0.401055	 1.061623	 1.155828	-3.127368	-0.142930	 0.936221
-0.007883	-3.223428	 0.019607	 1.215662	 0.498020	 0.451512	-0.449865	 1.058843	 1.152672	-3.364858	-0.142930	 0.980830
-0.476395	-3.210534	 0.425047	 0.812705	 0.498020	 0.474855	-0.474270	 1.055340	 1.148795	-2.976399	-0.142930	 1.001084
-0.708761	-3.197692	 0.626105	 0.611226	 0.498020	 0.486527	-0.486473	 1.051485	 1.144566	-2.776993	-0.142930	 1.009169
-0.823062	-3.184901	 0.724980	 0.510487	 0.498020	 0.492363	-0.492574	 1.047463	 1.140171	-2.672135	-0.142930	 1.011176
-0.378338	-3.172162	 0.772770	 0.460117	 0.498020	 0.995281	 0.004375	 1.043364	 1.135702	-2.614571	-0.142930	 1.010154
-0.155976	-3.159473	 0.795024	 0.434932	 0.498020	 1.243744	 0.251847	 1.039237	 1.131205	-2.580676	-0.142930	 1.007624
-0.544795	-3.146835	 0.804516	 0.422340	 0.498020	 0.864991	-0.124416	 0.535103	 1.126703	-2.558634	-0.142930	 1.004349
-0.737337	-3.134248	 0.807634	 0.416044	 0.498020	 0.675614	-0.311547	 0.283036	 1.122208	-2.542540	-0.142930	 1.000710
-0.831748	-3.121711	 0.307572	 0.412895	 0.498020	 0.580926	-0.405112	 0.657002	 0.617725	-2.529440	-0.142930	 0.496896
-0.877102	-3.109224	 0.057541	 0.411321	 0.498020	 0.533582	-0.451895	 0.841923	 0.365483	-2.517858	-0.142930	 0.244989
-0.897933	-3.096787	-0.067475	 0.410534	 0.498020	 0.509910	 0.024714	 0.932330	 0.739363	-2.507054	-0.142930	 0.619035
-0.906512	-3.084400	-0.129983	 0.410141	 0.498020	 0.498074	 0.262015	 0.975488	 0.924076	-2.496660	-0.142930	 0.804072
-0.908971	-3.072062	-0.161237	 0.409944	 0.498020	 0.492156	 0.380666	 0.995030	 1.014215	-2.486490	-0.142930	 0.894613
-0.908377	-3.059774	-0.176864	 0.409846	 0.498020	 0.489197	 0.439992	 1.002772	 1.057076	-2.476452	-0.142930	 0.937913
-0.906265	-3.047535	-0.184677	 0.409797	 0.498020	 0.487717	 0.469654	 1.004622	 1.076306	-2.466501	-0.142930	 0.957600
-0.903401	-3.035345	 0.311416	 0.909772	 0.498020	 0.486977	 0.484486	 1.003534	 1.083730	-2.456612	-0.142930	 0.965489
-0.900167	-3.023203	 0.557848	 1.156940	 0.498020	 0.486607	 0.491901	 1.000985	 1.085260	-2.446774	-0.142930	 0.967487
-0.896757	-3.011111	 0.679455	 1.277716	 0.498020	-0.013577	 0.495609	 0.997713	 1.583851	-2.436981	-0.142930	 0.966547
-0.893265	-2.999066	 0.738657	 1.335307	 0.498020	-0.262642	 0.497463	 0.994089	 1.828982	-2.427230	-0.142930	 0.964146
-0.889739	-2.987070	 0.266662	 0.861317	 0.498020	-0.386151	-0.001610	 0.990296	 1.447399	-2.417520	-0.142930	 0.961022
-0.886204	-2.975122	 0.030664	 0.624322	 0.498020	-0.446887	-0.250145	 0.986426	 1.254476	-2.407849	-0.142930	 0.957544
-0.882671	-2.963221	-0.087335	 0.505824	 0.498020	-0.476239	-0.374413	 0.982526	 1.155892	-2.398217	-0.142930	 0.953897
-0.879147	-2.951368	 0.353666	 0.446575	 0.498020	 0.010096	 0.063453	 0.978619	 1.104485	-2.388624	-0.142930	 0.950173
-0.875633	-2.939563	 0.572577	 0.416951	 0.498020	 0.253263	 0.281384	 0.974716	 1.076675	-2.379070	-0.142930	 0.946418
-0.872132	-2.927804	 0.680450	 0.402139	-0.001980	 0.374847	-0.109651	 0.970823	 1.060673	-2.369553	-0.142930	 0.942655
-0.868644	-2.916093	 0.732809	 0.394732	-0.250976	 0.435639	-0.304167	 0.966942	 1.050582	-2.360075	-0.142930	 0.938896
-0.865170	-2.904429	 0.757419	 0.891029	 0.124526	-0.033965	 0.098575	 0.963076	 1.043456	-2.350635	-0.142930	 0.935146
-0.861709	-2.892811	 0.768159	 1.136403	 0.311277	-0.267760	 0.298944	 0.959224	 1.037820	-2.341232	-0.142930	 0.931408
-0.358263	-2.381240	 0.771972	 0.756327	 0.404653	 0.116346	 0.399128	 0.955388	 1.032938	-3.331867	-0.142930	 0.927684
-0.106539	-2.121715	 0.772327	 0.566288	 0.451340	 0.307398	 0.449220	 0.951566	 1.028440	-3.818540	-0.142930	 0.923974
 0.019322	-2.488228	 0.270959	 0.971269	 0.474684	-0.097076	 0.474266	 0.947760	 1.024144	-3.053266	-0.142930	 0.420279
 0.082253	-2.665775	 0.020275	 1.171007	 0.486356	-0.298310	 0.486789	 0.943969	 1.019956	-2.666053	-0.142930	 0.168431
 0.113719	-2.748862	-0.105067	 1.268135	 0.492192	-0.398927	 0.493050	 0.940193	 1.015830	-2.467889	-0.142930	 0.042507
-0.370549	-2.284742	-0.167738	 0.813968	 0.495110	 0.050764	 0.496181	 0.936433	 1.011744	-2.364267	-0.142930	-0.020455
-0.610973	-2.049040	-0.199074	 0.586884	 0.496569	 0.274609	 0.497747	 0.932687	 1.007686	-2.307935	-0.142930	-0.051936
-0.729482	-2.427563	-0.214742	 0.473343	 0.497299	 0.386532	 0.498529	 0.928956	 1.003649	-2.275266	-0.142930	-0.067676
-0.787040	-2.611212	-0.222576	 0.416572	 0.497663	 0.442493	 0.498921	 0.925240	 0.999632	-2.254446	-0.142930	-0.075547
-0.814131	-2.697447	 0.273507	 0.388186	 0.497846	 0.470473	 0.499116	 0.921539	 0.995632	-2.239569	-0.142930	-0.079482
-0.825993	-2.734997	 0.520010	 0.373994	 0.497937	 0.484464	 0.499214	 0.917853	 0.991649	-2.227681	-0.142930	-0.081449
-0.830249	-2.748227	 0.641728	 0.866897	 0.497983	 0.491459	 0.499263	 0.914182	 0.987682	-2.217305	-0.142930	 0.417567
-0.830708	-2.749319	 0.701060	 1.110630	 0.498005	 0.494956	 0.499287	 0.910525	 0.983731	-2.207704	-0.142930	 0.665242
-0.829275	-2.744364	 0.729205	 1.229787	 0.498017	 0.496705	 0.499300	 0.906883	 0.979796	-2.198507	-0.142930	 0.787253
-0.826902	-2.736408	 0.741763	 0.786668	 0.498023	 0.497580	 0.499306	 0.403255	 0.975877	-2.189529	-0.142930	 0.846441
-0.824067	-2.726973	 0.746534	 0.565108	 0.498025	 0.498017	 0.499309	 0.151442	 0.971973	-2.180680	-0.142930	 0.874223
-0.821007	-2.716820	 0.747416	 0.454328	 0.498027	 0.498235	 0.499310	 0.525535	 0.968085	-2.171911	-0.642930	 0.886310
-0.817841	-2.706331	 0.746361	 0.398938	 0.498027	 0.498345	 0.499311	 0.710782	 0.964213	-2.163201	-0.890644	 0.890557
-0.814629	-2.695694	 0.744343	 0.371243	 0.498028	 0.498399	 0.499311	 0.801614	 0.960356	-2.154536	-0.512224	 0.890891
-0.811400	-2.685006	 0.741849	 0.357396	 0.498028	 0.498427	 0.499312	 0.845245	 0.956515	-2.145913	-0.323014	 0.889275
-0.308169	-2.674313	 0.739123	 0.350472	 0.498028	 0.498440	 0.499312	 0.865282	 1.452688	-2.137326	-0.228409	 0.886692
-0.056554	-2.663639	 0.736288	 0.347010	 0.498028	 0.498447	 0.499312	 0.873531	 1.696878	-2.128775	-0.181107	 0.883632
 0.069254	-2.652996	 0.733403	 0.345279	 0.498028	 0.498451	 0.499312	 0.875891	 1.815090	-2.120260	-0.157456	 0.880341
-0.367842	-2.142390	 0.730500	 0.344414	-0.001972	 0.498452	-0.000688	 0.875315	 1.370330	-2.611778	-0.145630	 0.876942
-0.584781	-1.883824	 0.727593	 0.343981	-0.250968	 0.498453	-0.249687	 0.873277	 1.146099	-2.851331	-0.139717	 0.873495
-0.691646	-2.251290	 0.724690	 0.843765	 0.124534	 0.498454	 0.125814	 0.870516	 1.032139	-2.964925	-0.136761	 0.870031
-0.743482	-2.429786	 0.721795	 1.090970	 0.311285	 0.498454	 0.312562	 0.867400	 0.973323	-3.015566	-0.135283	 0.866566
-0.767809	-2.013817	 0.718910	 0.711896	 0.404660	 0.498454	 0.405936	 0.864113	 0.942086	-2.534753	-0.134544	 0.863108
-0.778389	-1.802637	 0.716035	 0.522359	 0.451348	 0.498454	 0.452622	 0.860748	 0.924646	-2.290239	-0.134174	 0.859659
-0.782100	-2.193864	 0.213171	 0.427590	 0.474692	 0.498454	 0.475966	 0.857351	 0.914111	-2.163891	-0.133989	 0.856222
-0.782385	-2.384307	-0.038261	 0.380206	 0.486364	 0.498454	 0.487638	 0.853944	 0.907037	-2.096642	-0.133897	 0.852798
-0.780961	-2.474379	-0.163976	 0.356514	 0.492200	 0.498454	 0.493474	 0.850540	 0.901700	-2.058958	-0.133851	 0.849388
-0.778691	-2.514286	 0.273166	 0.844668	 0.495118	 0.498454	-0.003609	 0.847144	 0.897238	-2.036074	-0.133828	 0.845990
-0.776003	-2.529132	 0.490316	 1.086079	 0.496577	 0.498454	-0.251148	 0.843758	 0.893222	-2.020605	-0.133816	 0.842607
-0.773112	-2.531466	 0.597476	 0.704130	-0.002694	 0.498454	 0.125082	 0.840384	 0.889436	-2.008861	-0.133810	 0.839236
-0.770126	-2.527566	 0.649647	 0.513155	-0.251325	 0.498454	 0.312194	 0.837023	 0.885771	-1.998994	-0.133807	 0.835879
-0.267099	-2.020569	 0.674329	 0.917668	 0.124359	 0.498454	 0.405751	 0.833676	 0.882175	-1.990083	-0.133806	 0.832536
-0.015585	-1.764043	 0.685272	 1.117280	 0.311202	 0.498454	 0.452529	 0.830341	 0.878619	-1.981665	-0.133805	 0.829206
-0.389828	-2.132765	 0.689351	 0.714452	 0.404623	 0.498454	 0.475918	 0.327020	 0.875091	-1.973509	-0.133805	 0.325889
-0.575422	-2.312123	 0.690003	 0.513038	 0.451333	 0.498454	 0.487612	 0.075359	 0.871584	-1.965501	-0.133805	 0.074230
-0.666697	-2.396819	 0.688948	 0.412331	 0.474688	 0.498454	 0.493460	-0.050471	 0.868095	-1.957581	-0.133805	-0.051599
-0.710818	-2.434204	 0.687045	 0.361978	 0.486366	 0.498454	 0.496383	 0.386614	 0.864621	-1.949723	-0.133805	 0.385487
-0.731369	-2.447953	 0.684723	 0.336801	 0.492205	 0.498454	 0.497845	 0.603509	 0.861161	-1.941909	-0.133805	 0.602384
-0.740140	-1.949904	 0.182197	 0.324212	 0.495124	 0.498454	 0.498576	 0.710316	 0.857716	-1.934135	-0.133805	 0.709194
-0.743028	-1.697976	-0.069065	 0.317918	 0.496584	 0.498454	 0.498941	 0.762085	 0.854285	-1.926394	-0.133805	 0.760968
-0.742980	-2.069120	 0.305303	 0.814771	 0.497314	 0.498454	 0.499124	 0.786342	 0.850868	-1.918687	-0.133805	 0.785229
-0.741471	-2.249812	 0.491128	 1.060574	 0.497679	 0.498454	 0.499216	 0.796849	 0.847464	-1.911011	-0.133805	 0.795740
-0.739236	-2.335296	 0.582687	 0.680863	 0.497861	 0.498454	 0.499261	 0.800488	 0.844075	-1.903367	-0.133805	 0.799383
-0.736644	-2.373197	 0.627117	 0.491008	 0.497952	 0.498454	 0.499284	 0.800699	 0.840698	-1.895753	-0.133805	 0.799599
-0.733881	-2.387325	 0.647990	 0.396080	 0.497998	 0.498454	 0.499295	 0.799203	 0.837335	-1.888170	-0.133805	 0.798107
-0.731037	-1.889586	 0.657088	 0.348616	 0.498021	 0.498454	 0.499301	 0.796859	 0.833986	-1.880617	-0.133805	 0.795768
-0.728158	-1.637933	 0.660305	 0.324884	 0.498032	 0.498454	 0.499304	 0.794098	 0.830650	-1.873095	-0.133805	 0.793012
-0.725268	-1.509334	 0.660586	 0.313018	 0.498038	-0.001546	 0.499305	 0.791135	 0.827328	-1.865602	-0.133805	 0.790053
-0.722379	-1.442273	 0.659405	 0.307085	 0.498041	-0.250543	 0.499306	 0.788077	 0.824018	-1.858140	-0.133805	 0.786999
-0.719495	-1.405992	 0.657498	 0.304119	 0.498042	 0.124959	 0.499307	 0.784978	 0.820722	-1.850708	-0.133805	 0.783905
-0.716620	-1.385112	 0.655234	 0.302635	 0.498043	 0.311709	 0.499307	 0.781865	 0.817439	-1.843305	-0.133805	 0.780796
-0.713755	-1.871944	 0.652795	 0.801894	 0.498043	 0.405083	 0.499307	 0.778751	 0.814170	-1.835931	-0.133805	 0.277686
-0.710900	-2.110642	 0.650276	 1.048921	 0.498043	 0.451771	 0.499307	 0.775643	 0.810913	-1.828588	-0.133805	 0.026131
-0.708057	-2.225293	 0.647720	 1.169842	 0.498044	 0.475115	 0.499307	 0.772543	 0.807669	-1.821273	-0.133805	-0.099647
-0.705225	-1.777938	 0.645152	 0.727721	 0.498044	 0.486786	 0.499307	 0.769455	 0.804439	-1.813988	-0.133805	 0.337465
-0.702404	-1.551599	 0.642583	 0.506661	 0.498044	 0.492622	 0.499307	 0.766378	 0.801221	-1.806732	-0.133805	 0.554471
-0.699595	-1.435780	 0.640018	 0.396131	-0.001956	 0.495540	 0.499307	 0.763313	 0.798016	-1.799505	-0.133805	 0.661431
-0.696796	-1.375230	 0.637461	 0.340866	-0.250952	 0.496999	 0.499307	 0.760260	 0.794824	-1.792307	-0.133805	 0.713375
-0.194009	-1.842326	 0.634913	 0.313233	 0.124549	 0.497729	 0.499307	 0.757219	 1.291645	-1.785138	-0.133805	 0.737816
 0.057384	-2.071255	 0.632374	 0.299417	 0.311300	 0.498094	 0.499307	 0.754190	 1.536478	-1.777998	-0.133805	 0.748512
-0.316919	-1.681119	 0.629845	 0.292509	 0.404676	 0.498276	 0.499307	 0.751173	 1.155332	-1.770886	-0.133805	 0.252341
-0.502688	-1.483469	 0.627325	 0.289055	 0.451364	 0.498367	 0.499307	 0.748169	 0.963211	-1.763802	-0.133805	 0.004256
-0.594196	-1.382072	 0.624816	 0.287328	 0.474707	 0.498413	 0.499307	 0.745176	 0.865608	-1.756747	-0.133805	-0.119786
-0.638578	-1.828813	 0.622317	 0.286464	-0.013621	 0.498436	 0.499307	 0.742195	 0.815270	-1.749720	-0.133805	 0.318192
-0.659403	-2.047632	 0.619828	 0.286032	-0.256781	 0.498447	 0.499307	 0.739226	 0.788572	-1.742721	-0.133805	 0.535669
-0.668455	-1.652508	 0.617348	 0.785816	 0.121639	 0.498453	 0.499307	 0.736270	 0.773699	-1.735750	-0.133805	 0.642902
-0.671627	-1.452432	 0.614879	 1.033137	 0.309849	 0.498456	 0.499307	 0.733324	 0.764745	-1.728807	-0.133805	 0.695017
-0.671863	-1.849889	 0.612419	 1.154237	 0.403954	 0.498457	 0.499307	 0.730391	 0.758756	-1.721892	-0.133805	 0.719581
-0.670636	-2.044123	 0.609970	 1.212236	 0.451006	 0.498458	 0.499307	 0.727470	 0.754256	-1.715004	-0.133805	 0.730375
-0.668684	-1.636763	 0.607530	 1.238695	 0.474533	-0.001542	 0.499307	 0.724560	 0.750507	-1.708144	-0.133805	 0.734289
-0.666375	-1.430624	 0.605100	 1.249394	 0.486296	-0.250539	 0.499307	 0.721662	 0.747138	-1.701312	-0.133805	 0.734770
-0.663892	-1.825106	 0.602679	 1.252224	 0.492177	 0.124963	 0.499307	 0.718775	 0.743967	-1.694506	-0.133805	 0.733540
-0.661328	-2.017908	 0.600269	 1.251128	 0.495118	 0.311713	 0.499307	 0.715900	 0.740899	-1.687728	-0.133805	 0.731460
-0.658728	-2.109887	 0.597868	 1.248081	 0.496588	 0.405088	 0.499307	 0.713036	 0.737890	-1.680978	-0.133805	 0.728962
-0.656116	-1.651473	 0.595476	 1.244067	-0.002676	 0.451775	 0.499307	 0.710184	 0.734916	-1.674254	-0.133805	 0.726259
-0.653503	-1.419880	 0.593094	 1.239579	-0.251305	 0.475119	 0.499307	 0.707343	 0.731964	-1.667557	-0.133805	 0.723461
-0.650895	-1.301707	 0.590722	 1.234866	 0.124381	 0.486791	 0.499307	 0.704514	 0.729031	-1.660886	-0.133805	 0.720621
-0.648294	-1.240253	 0.588359	 1.230049	 0.311224	 0.492627	 0.499307	 0.701696	 0.726112	-1.654243	-0.133805	 0.717765
-0.145702	-1.207169	 0.086006	 0.725190	 0.404645	 0.495545	 0.499307	 0.698889	 0.723206	-1.647626	-0.133805	 0.214907
 0.105594	-1.188278	-0.165171	 0.472760	 0.451356	 0.497004	 0.499307	 0.696094	 0.720312	-1.641035	-0.133805	-0.036522
-0.268758	-1.176494	 0.209240	 0.346545	 0.474711	 0.497733	 0.499307	 0.693309	 0.717431	-2.134471	-0.133805	-0.162236
-0.454648	-1.168273	 0.395279	 0.283438	 0.486389	 0.498098	 0.499307	 0.690536	 0.714561	-2.375933	-0.133805	-0.225093
-0.546312	-1.161842	 0.487136	 0.251884	 0.492227	 0.498280	 0.499307	 0.687774	 0.711703	-2.491430	-0.133805	-0.256522
-0.590868	-1.156316	 0.531906	 0.236107	 0.495147	 0.498371	 0.499307	 0.685023	 0.708856	-2.543964	-0.133805	-0.272236
-0.611875	-1.151251	 0.553138	 0.728219	 0.496607	 0.498417	 0.499307	 0.682283	 0.706020	-2.065038	-0.133805	 0.219907
-0.621113	-1.146427	 0.562605	 0.971834	 0.497336	 0.498440	 0.499307	 0.679553	 0.703196	-1.822403	-0.133805	 0.464554
-0.624471	-1.141731	 0.566194	 1.091211	 0.497701	 0.498451	 0.499307	 0.676835	 0.700383	-1.697926	-0.133805	 0.585459
-0.624895	-1.637109	 0.566849	 1.148478	 0.497884	 0.498457	 0.499307	 0.674128	 0.697582	-1.632540	-0.133805	 0.144499
-0.623856	-1.880533	 0.566042	 1.174700	 0.497975	 0.498460	 0.499307	 0.671431	 0.694792	-1.596713	-0.133805	-0.075981
-0.622091	-1.497997	 0.564508	 0.685409	 0.498021	 0.498461	 0.499307	 0.668746	 1.192012	-1.575678	-0.133805	 0.313779
-0.619967	-1.304498	 0.562615	 0.440764	 0.498044	 0.498462	 0.499307	 0.666071	 1.437244	-1.562051	-0.133805	 0.507252
-0.617670	-1.205527	 0.560547	 0.318441	 0.498055	 0.498462	 0.499307	 0.663406	 1.556495	-1.552141	-0.133805	 0.602587
-0.615291	-1.653828	 0.558396	 0.757280	 0.998061	 0.498462	 0.499307	 0.660753	 1.112769	-2.044101	-0.133805	 0.148859
-0.612875	-1.873775	 0.556208	 0.974307	 1.245067	 0.498463	 0.499307	 0.658110	 0.889568	-2.285009	-0.133805	-0.078006
-0.610447	-1.479560	 0.554006	 0.580438	 0.865587	 0.498463	 0.499307	 0.655477	 0.776635	-1.400411	-0.133805	 0.308562
-0.608016	-1.280282	 0.551801	 0.383503	 0.675846	 0.498463	 0.499307	 0.652855	 0.718841	-0.957081	-0.133805	 0.500456
-0.105590	-1.178482	 0.549600	 0.285036	 0.580976	 0.498463	 0.499307	 0.650244	 0.688622	-1.234388	-0.133805	 0.095018
 0.145623	-1.125428	 0.547404	 0.235802	 0.533541	 0.498463	 0.499307	 0.647643	 0.672196	-1.370018	-0.133805	-0.107701
-0.228770	-1.596756	 0.545216	 0.711185	 0.509823	 0.498463	 0.499307	 0.645052	 0.662671	-1.434822	-0.133805	-0.209060
-0.414760	-1.828284	 0.543036	 0.946504	 0.497965	 0.498463	 0.499307	 0.642472	 0.656602	-1.464225	-0.133805	-0.259740
-0.506554	-1.939928	 0.540864	 1.061799	 0.492035	 0.498463	 0.499307	 0.639902	 0.652267	-1.475939	-0.133805	-0.285080
-0.551254	-1.491647	 0.538701	 0.617093	 0.489070	 0.498463	 0.499307	 0.637343	 0.648803	-1.478821	-0.133805	 0.202250
-0.572412	-1.265420	 0.536546	 0.394740	 0.487588	 0.498463	 0.499307	 0.634793	 0.645781	-1.477298	-0.133805	 0.444536
-0.581804	-1.150228	 0.534400	 0.283563	 0.486847	 0.498463	 0.499307	 0.632254	 0.642984	-1.473585	-0.133805	 0.564305
-0.585318	-1.090562	 0.532262	 0.227975	 0.486476	 0.498463	 0.499307	 0.629725	 0.640305	-1.468789	-0.133805	 0.622822
-0.585897	-1.558667	 0.530133	 0.200181	 0.986291	 0.498463	 0.499307	 0.627206	 0.637691	-1.463463	-0.133805	 0.650717
-0.585014	-1.788666	 0.528013	 0.186284	 1.233226	 0.498463	 0.499307	 0.624697	 0.635113	-1.457884	-0.133805	 0.663308
-0.583404	-1.899629	 0.525901	 0.179335	 1.353733	 0.498463	 0.499307	 0.622199	 0.632559	-1.452189	-0.133805	 0.668252
-0.581435	-1.951089	 0.523797	 0.675861	 0.911039	 0.998463	 0.499307	 0.619710	 1.130022	-1.446449	-0.133805	 0.669377
-0.579292	-1.972813	 0.521702	 0.921779	 0.689691	 1.245466	 0.499307	 0.617231	 1.375499	-1.440698	-0.133805	 0.668599
-0.577066	-1.479687	 0.519615	 0.542403	 0.579017	 0.865982	 0.499307	 0.614762	 0.994995	-1.434952	-0.133805	 0.666874
-0.574803	-1.231150	 0.517537	 0.352714	 0.523681	 0.676241	 0.499307	 0.612303	 0.803515	-1.429221	-0.133805	 0.664681
-0.572527	-1.104917	 0.015467	 0.257870	 0.496012	 0.581370	 0.499307	 0.609854	 0.706550	-1.423508	-0.133805	 0.662260
-0.570248	-1.039843	-0.235568	 0.210448	 0.482178	 0.533934	 0.499307	 0.607414	 0.656849	-1.417817	-0.133805	 0.659729
-0.567973	-1.005356	 0.138914	 0.686737	 0.975261	 0.510217	 0.499307	 0.604985	 0.630784	-1.412146	-0.133805	 0.657150
-0.565704	-0.986171	 0.325128	 0.922556	 1.218866	 0.498358	 0.499307	 0.602565	 0.616542	-1.406498	-0.133805	 0.654551
-0.563443	-0.974645	 0.417213	 0.538148	 0.837743	 0.492428	-0.000693	 0.600155	 0.608216	-0.900873	-0.133805	 0.651947
-0.561190	-0.966955	 0.462237	 0.345944	 0.647182	 0.489464	-0.249692	 0.597754	 0.602854	-0.648060	-0.133805	 0.649347
-0.558945	-0.961192	 0.483734	 0.249843	 0.551901	 0.487981	-0.374191	 0.595363	 0.598977	-0.521653	-0.133805	 0.646753
-0.556710	-0.956399	-0.006528	 0.701792	 0.504261	 0.487240	 0.063559	 0.592981	 0.595849	-0.958450	-0.133805	 0.644168
-0.554483	-0.952100	-0.251659	 0.925459	 0.480441	 0.486870	 0.281432	 0.590610	 0.593099	-1.174058	-0.133805	 0.641593
-0.552265	-0.948055	 0.125776	 1.034994	 0.468531	 0.486684	 0.390368	 0.588247	 0.590544	-1.279083	-0.133805	 0.639027
-0.550056	-0.944144	 0.313487	 1.087473	 0.462575	 0.486592	 0.444836	 0.585894	 0.588090	-1.328827	-0.133805	 0.636471
-0.547856	-0.940308	 0.406340	 1.111432	 0.459598	 0.486545	 0.472070	 0.583551	 0.585692	-1.350942	-0.133805	 0.633925
-0.545664	-0.936517	 0.452766	 1.121141	 0.458109	 0.486522	 0.485687	 0.581216	 0.583326	-1.359253	-0.133805	 0.631389
-0.543482	-0.932756	 0.475979	 1.123734	 0.457365	-0.013489	 0.492496	 0.578891	 0.580982	-1.360673	-0.133805	 0.128864
-0.541308	-0.929018	 0.487586	 1.122777	 0.456993	-0.262468	 0.495900	 0.576576	 0.578652	-1.358660	-0.133805	-0.122399
-0.539142	-0.925298	 0.493389	 1.120056	 0.456807	-0.385935	 0.497602	 0.574270	 0.576334	-1.354939	-0.133805	-0.248030
-0.536986	-0.921595	 0.496291	 0.616460	 0.456714	 0.053351	-0.001547	 0.571973	 0.574028	-1.350377	-0.133805	 0.189154
-0.534838	-0.917908	 0.497742	 0.364662	 0.456667	 0.272994	-0.250120	 0.569685	 0.571731	-1.345404	-0.133805	 0.406493
-0.532699	-0.914236	-0.001533	 0.238763	 0.456644	-0.117185	 0.125594	 0.567406	 1.069444	-1.340236	-0.133805	 0.513916
-0.530568	-0.910579	-0.250168	 0.175814	 0.456632	-0.311260	 0.312448	 0.565136	 1.315166	-1.334983	-0.133805	 0.566384
-0.528446	-0.906936	 0.125514	 0.644339	 0.956626	 0.092714	 0.405875	 0.562876	 0.934905	-1.329696	-0.133805	 0.591380
-0.526332	-0.903308	 0.312352	 0.876376	 1.203710	 0.294700	 0.452588	 0.560624	 0.743665	-1.324404	-0.133805	 0.602646
-0.024226	-0.899695	 0.405772	 0.490178	 0.824350	 0.395694	 0.475945	 0.558382	 0.646941	-1.319120	-0.133805	 0.607051
 0.226826	-0.896096	 0.452481	 0.297078	 0.634671	 0.446190	 0.487624	 0.556148	 0.597478	-1.313850	-0.133805	 0.608030
 0.352353	-0.892512	 0.475836	 0.200529	 0.539831	 0.471439	 0.493463	 0.553924	 0.571650	-1.308598	-0.133805	 0.607302
-0.084884	-0.888942	-0.012486	 0.152254	 0.492411	 0.484063	 0.496382	 0.551708	 1.057645	-1.303366	-0.133805	 0.605725
-0.302458	-0.885386	-0.255646	 0.128117	 0.468701	 0.490375	 0.497842	 0.549501	 1.297555	-1.298153	-0.133805	 0.603728
-0.410205	-0.881845	 0.122774	 0.616048	 0.956846	 0.493531	-0.001428	 0.547303	 0.914435	-1.292961	-0.133805	 0.601526
-0.463043	-0.878317	 0.310982	 0.857806	 1.198028	 0.495109	-0.250062	 0.545114	 0.721813	-1.287789	-0.133805	 0.599226
-0.488430	-0.874804	 0.405086	 0.476485	 1.315741	 0.495898	 0.125622	 0.542933	 0.624443	-1.282638	-0.133805	 0.596883
-0.500096	-0.871305	 0.452138	 0.285825	 1.371731	 0.496293	 0.312461	 0.540762	 0.574704	-1.277508	-0.133805	 0.594522
-0.504905	-0.867819	 0.475664	 0.690495	 1.396870	 0.496490	 0.405880	 0.538599	 0.548784	-1.272398	-0.133805	 0.592157
-0.506291	-0.864348	 0.487427	 0.890640	 1.406596	 0.496589	 0.452590	 0.536444	 0.534779	-1.267308	-0.133805	 0.589795
-0.505968	-0.860891	 0.493308	 0.488531	 0.908626	 0.496638	 0.475945	 0.534298	 0.526735	-1.262239	-0.133805	 0.087439
-0.504795	-0.857447	 0.496249	 0.287476	 0.659641	 0.496662	 0.487622	 0.532161	 0.521675	-1.257190	-0.133805	-0.163739
-0.503202	-0.854017	 0.497719	 0.186949	 0.535148	 0.496675	 0.493461	 0.530033	 0.518112	-1.252161	-0.133805	-0.289328
-0.501402	-0.850601	-0.001546	 0.636685	 0.472902	 0.496681	-0.003620	 0.527912	 0.515302	-0.747152	-0.133805	 0.147878
-0.500502	-0.847199	-0.250176	 0.859380	 0.441779	 0.496684	-0.251159	 0.525801	 0.512871	-0.494648	-0.133805	 0.365310
-0.500052	-0.843810	 0.125508	 0.968564	 0.926218	 0.496686	-0.374928	 0.523698	 0.510635	-0.868396	-0.133805	 0.472861
-0.499827	-0.840435	 0.312348	 1.021000	 1.165615	 0.496686	-0.436813	 0.521603	 0.508501	-1.052786	-0.133805	 0.525476
-0.499714	-0.837073	 0.405768	 1.045071	 0.782504	 0.496687	 0.032245	 0.519516	 0.506420	-1.142506	-0.133805	 0.550627
-0.499658	-0.833725	 0.452478	 1.054969	 0.590949	 0.496687	 0.265771	 0.517438	 0.504372	-1.184902	-0.133805	 0.562051
-0.499630	-0.830390	 0.475833	 0.557788	 0.995171	 0.496687	 0.382534	 0.515369	 0.502343	-1.203645	-0.133805	 0.566616
-0.499616	-0.827068	 0.487511	 0.309197	 1.194483	 0.496687	 0.440916	 0.513307	 0.500328	-1.210572	-0.133805	 0.567756
-0.499609	-0.823760	 0.493349	 0.184902	 1.291352	 0.496687	 0.470106	 0.511254	 0.499320	-1.211600	-0.133805	 0.567188
-0.499605	-0.820465	 0.496269	 0.622754	 0.837010	 0.496687	 0.484702	 0.509209	 0.498816	-0.709689	-0.133805	 0.565771
-0.499604	-0.817183	 0.497728	 0.839559	 0.609839	 0.496687	 0.491999	 0.507172	 0.498564	-0.458734	-0.133805	 0.563934
-0.499603	-1.313914	 0.498458	 0.445849	 0.496253	 0.496687	 0.495648	 0.505143	 0.498438	-0.333256	-0.133805	 0.561891
-0.499602	-1.558659	 0.498823	 0.248994	 0.439460	 0.496687	 0.497473	 0.503123	 0.498375	-0.270517	-0.133805	 0.559750
-0.499602	-1.177424	 0.499006	 0.150566	 0.411064	 0.496687	 0.498385	 0.501110	 0.498344	-0.739148	-0.133805	 0.557564
-0.499602	-0.985215	 0.499097	 0.101352	 0.396866	 0.496687	 0.498841	 0.500104	 0.498328	-0.971047	-0.133805	 0.555361
-0.499602	-0.887524	 0.499142	 0.576746	 0.889767	 0.496687	-0.000931	 0.499601	 0.498320	-1.084591	-0.133805	 0.553153
-0.499602	-0.837099	 0.499165	 0.812338	 1.133452	 0.496687	-0.249815	 0.499349	 0.498316	-1.138967	-0.133805	 0.550947
-0.499602	-0.810313	 0.499177	 0.928038	 1.252540	 0.496687	-0.374258	 0.499224	 0.498314	-1.163768	-0.133805	 0.548746
-0.499602	-0.795353	 0.499182	 0.983801	 0.809341	 0.496687	 0.063521	 0.499161	 0.998313	-1.673792	-0.133805	 0.046553
-0.499602	-0.786312	 0.499185	 1.009603	 0.587741	 0.496687	 0.281408	 0.499129	 1.245316	-1.924436	-0.133805	-0.204544
-0.499602	-0.780237	 0.499187	 1.020433	 0.976942	 0.496687	 0.390351	 0.499114	 0.865833	-1.045408	-0.133805	 0.169908
-0.499602	-0.775651	 0.499187	 1.023786	 1.168810	 0.496687	 0.444823	 0.499106	 0.676091	-0.605894	-0.133805	 0.356045
-0.499602	-0.771816	 0.499188	 0.523408	 1.262022	 0.496687	 0.472059	 0.499102	 0.581221	-0.886137	-0.133805	 0.448029
-0.499602	-0.768363	 0.499188	 0.273219	 1.305918	 0.496687	 0.485677	 0.499100	 0.533785	-1.023925	-0.133805	 0.492941
-0.499602	-0.765106	 0.499188	 0.148124	 1.325166	 0.496687	 0.492486	 0.499099	 0.510068	-1.090496	-0.133805	 0.514322
