-0.406164	-1.383329	 0.535275	 0.498193	 1.055634	 0.498960	 0.493053	 1.172636	 1.399258	-1.105892	-0.499475	 0.561866
 0.047125	-0.936632	 0.045025	 0.498194	 1.063353	 0.498960	 0.495971	 1.170880	 0.905638	-1.101469	-0.499475	 0.571326
 0.272768	-0.713283	-0.200100	 0.498194	 1.065070	 0.498960	 0.497430	 1.167664	 0.658827	-1.097063	-0.499475	 0.574894
-0.114410	-1.101609	 0.177338	 0.498194	 1.063795	 0.498960	 0.498159	 1.163726	 0.535422	-1.092675	-0.499475	 0.575521
-0.306996	-1.292792	 0.364947	 0.498195	 1.061033	 0.498960	 0.498524	 1.159438	 0.473720	-1.088304	-0.499475	 0.574682
-0.403289	-0.885416	 0.457646	 0.498195	 0.557535	 0.498960	 0.498706	 1.154984	 0.442869	-1.083951	-0.499475	 0.073115
-0.451436	-0.681727	 0.502895	 0.498195	 0.305786	 0.498960	 0.498797	 1.150456	 0.427443	-1.079615	-0.499475	-0.177668
-0.475509	-0.579883	 0.024424	 0.498195	 0.679911	 0.498960	 0.498843	 1.145900	 0.419730	-0.575297	-0.499475	 0.196940
-0.487545	-0.528961	-0.214812	 0.498195	 0.864866	 0.498960	 0.498866	 1.141339	 0.415874	-0.323137	-0.499475	 0.383101
-0.493564	-0.503500	-0.334430	 0.498195	 0.955244	 0.498960	 0.498877	 1.136785	 0.413945	-0.197058	-0.499475	 0.475043
-0.496573	-0.990770	 0.105761	-0.001805	 0.998342	 0.498960	 0.498883	 0.632244	 0.412981	-0.134018	-0.499475	 0.519880
-0.498077	-1.231448	 0.324764	-0.250802	 1.017807	 0.498960	 0.498886	 0.379973	 0.412499	-0.102498	-0.499475	 0.541169
-0.498830	-0.848843	 0.433179	 0.124700	 1.025466	 0.498960	 0.498887	 0.753838	 0.412258	-0.086738	-0.499475	 0.550689
-0.499206	-0.657541	 0.486303	 0.311451	 1.027229	 0.498960	 0.498888	 0.938515	 0.412138	-0.078858	-0.499475	 0.554328
-0.499394	-0.561890	 0.511786	 0.404826	 1.026052	 0.498960	 0.498888	 1.028607	 0.412077	-0.074918	-0.499475	 0.055032
-0.499488	-0.514064	 0.523453	 0.451513	 1.023414	 0.498960	 0.498888	 1.071415	 0.412047	-0.072948	-0.499475	-0.194616
-0.499535	-0.990151	 0.528216	 0.474857	 1.020054	 0.498960	-0.001112	 1.090591	 0.412032	-0.571963	-0.499475	 0.180560
-0.499558	-1.225262	 0.529532	 0.486529	 1.016340	 0.498960	-0.250109	 1.097960	 0.412025	-0.819329	-0.499475	 0.367036
-0.499570	-1.339897	 0.529128	 0.492365	 1.012458	 0.498960	-0.374608	 1.099433	 0.412021	-0.940878	-0.499475	 0.459168
-0.499576	-0.894306	 0.527869	 0.495283	 1.008500	 0.498960	 0.063142	 1.097968	 0.912019	-0.999528	-0.499475	 0.504131
-0.499579	-0.671510	 0.526186	 0.496742	 1.004512	 0.498960	 0.281016	 1.095043	 1.159194	-1.026736	-0.499475	 0.525514
 0.000419	-0.560112	 0.524295	 0.497472	 1.000516	 0.498960	 0.389953	 1.091396	 1.279969	-1.038233	-0.499475	 0.535112
 0.249418	-0.504413	 0.522305	 0.497836	 0.996526	 0.498960	 0.444421	 1.087397	 1.337555	-1.041882	-0.499475	 0.538821
-0.126083	-0.476563	 0.520270	 0.498019	 0.992546	 0.998960	 0.471655	 1.083230	 0.863557	-0.541615	-0.499475	 0.539591
-0.312830	-0.462639	 0.518215	 0.498110	 0.988578	 1.245962	 0.485272	 1.078989	 0.626559	-0.291482	-0.499475	 0.538895
-0.406204	-0.455676	 0.516156	 0.498155	 0.984625	 0.866477	 0.492081	 1.074719	 1.008059	-0.166415	-0.499475	 0.537471
-0.452891	-0.452195	 0.514098	 0.498178	 0.980688	 0.676735	 0.495485	 1.070443	 1.196031	-0.103882	-0.499475	 0.535687
-0.476234	-0.450454	 0.512045	 0.498190	 0.976765	 0.581864	 0.497187	 1.066173	 1.287248	-0.072615	-0.499475	 0.533727
-0.487906	-0.449584	 0.509998	 0.498195	 0.972858	 0.534428	 0.498038	 1.061914	 1.330100	-0.556982	-0.499475	 0.531683
-0.493741	-0.449149	 0.507959	 0.498198	 0.968967	 0.510710	 0.498464	 1.057669	 1.348780	-0.797082	-0.499475	 0.529602
-0.496659	-0.448931	 0.505928	 0.498200	 0.965091	 0.498851	 0.498677	 1.053440	 1.355385	-0.915058	-0.499475	 0.527507
-0.498118	-0.448823	 0.503904	 0.498200	 0.961231	 0.492922	 0.498783	 1.049227	 1.355964	-0.971980	-0.499475	 0.525408
-0.498848	-0.448768	 0.501889	 0.498201	 0.957386	 0.489957	 0.498836	 1.045030	 0.853540	-0.998383	-0.499475	 0.523312
-0.499213	-0.448741	 0.500881	 0.498201	 0.953556	 0.488475	 0.498863	 1.040850	 0.602328	-1.009535	-0.499475	 0.521222
-0.499395	-0.948727	 0.000377	-0.001799	 0.949742	 0.487733	 0.498876	 1.036687	 0.976722	-0.513070	-0.499475	 0.519138
-0.499486	-1.195823	-0.248875	-0.250795	 0.945943	 0.487363	 0.498883	 1.032540	 1.161217	-0.264837	-0.499475	 0.517062
-0.499532	-1.316485	-0.373500	-0.375294	 0.942159	 0.487178	 0.498886	 1.028410	 1.250773	-0.140721	-0.499475	 0.514994
-0.499555	-0.873942	 0.064187	-0.437543	 0.938391	 0.487085	 0.498888	 1.024296	 0.792870	-0.578663	-0.499475	 0.512935
-0.499566	-0.652670	 0.282026	-0.468667	 0.934637	 0.487039	 0.498889	 1.020199	 0.563919	-0.795600	-0.499475	 0.510883
-0.499572	-0.542035	 0.390946	 0.015771	 0.930899	 0.487015	 0.498889	 1.016118	 0.449443	-0.902044	-0.499475	 0.508840
-0.499574	-0.486717	 0.445406	 0.256989	 0.927175	 0.487004	 0.498889	 1.012054	 0.392205	-0.953249	-0.499475	 0.506804
-0.499576	-0.459058	 0.472636	 0.377598	 0.923466	 0.486998	 0.498889	 1.008006	 0.863587	-0.976843	-0.499475	 0.504777
-0.499577	-0.445228	 0.486251	 0.437903	 0.919772	 0.486995	 0.498889	 1.003974	 1.096607	-0.986638	-0.499475	 0.502758
-0.499577	-0.438313	 0.493059	 0.468055	 0.916093	 0.486994	 0.498889	 0.999958	 1.210458	-0.989544	-0.499475	 0.000747
-0.499577	-0.434856	 0.496462	 0.483131	 0.912429	 0.486993	 0.498889	 0.995958	 1.264735	-0.989011	-0.499475	-0.249256
-0.499577	-0.433127	 0.498164	 0.490669	 0.908779	 0.486993	 0.498889	 0.991974	 1.289236	-0.986768	-0.499475	-0.374258
-0.499577	-0.432263	 0.499015	 0.494438	 0.905144	 0.486992	-0.001111	 0.988006	 1.298858	-0.983677	-0.499475	 0.063242
-0.499577	-0.431831	 0.499441	 0.496323	 0.901524	 0.486992	-0.250108	 0.984054	 1.301053	-0.980171	-0.499475	 0.280990
-0.499577	-0.431615	-0.000347	 0.497265	 0.397917	 0.486992	-0.374607	-0.019882	-0.200457	 1.023536	-0.499475	-0.110136
-0.499577	-0.431507	-0.249240	 0.497736	 0.146114	 0.486992	-0.436857	-0.519802	-0.947807	 2.019334	-0.499475	-0.304697
 0.000423	 1.568547	-0.373687	-0.002028	-0.479787	-0.013008	-0.467981	-1.767723	-2.318092	 5.011204	 0.000525	-0.901977
 0.249422	 2.561437	-0.435910	-0.250907	-0.790526	-0.261982	-0.483544	-2.385652	-2.995858	 6.491132	 0.249524	-1.197618
 1.873921	 5.050773	-0.967022	-0.375346	-1.943694	-0.385447	-0.491325	-2.688610	-4.327394	 9.215154	 0.874024	-1.842453
 2.679174	 6.280361	-1.229581	-0.437566	-2.514084	-0.446161	-0.495216	-2.834105	-4.981844	 10.553287	 1.183277	-2.159895
 3.074832	 6.880135	-1.357877	-0.468676	-2.793109	-0.475505	-0.497161	-2.900894	-5.297796	 11.198570	 1.334918	-2.313662
 4.265720	 8.665062	-1.919052	-0.484231	-2.426478	-0.489167	-0.998134	-2.928353	-6.444545	 11.497524	 2.407765	-2.885610
 4.850250	 9.536626	-2.194679	-0.492008	-2.239043	-0.494993	-1.245622	-2.936171	-7.002737	 11.623408	 2.937228	-3.164669
 5.631646	 9.951592	-2.327552	 0.004103	-2.641222	-0.496904	-1.366379	-2.934192	-7.266711	 11.662852	 3.695026	-3.797312
 6.009518	 10.138341	-2.389068	 0.251159	-2.836225	-0.497859	-1.423784	-2.927338	-7.383636	 11.659169	 4.065019	-4.104773
 6.685679	 10.711066	-2.414925	 0.374686	-2.927664	-0.498337	-1.949524	-2.918070	-7.427098	 11.634017	 4.241146	-4.249679
 7.009036	 10.974860	-2.422971	 0.436450	-2.967345	-0.498576	-2.207444	-2.907618	-7.433888	 11.598223	 4.320374	-4.313343
 7.656050	 11.584281	-2.422133	-0.532668	-2.981172	-0.498695	-1.831473	-2.896598	-7.422401	 12.057201	 4.851190	-4.336421
 7.962950	 11.864603	-2.416871	-1.014224	-2.982095	-0.498755	-1.640576	-2.885317	-7.401836	 12.261658	 5.105833	-4.339241
 8.099861	 12.480475	-3.409417	-0.752010	-2.976590	-0.498785	-1.542228	-2.873928	-7.376791	 12.338954	 4.722434	-4.831966
 8.151843	 12.762218	-3.896886	-0.620903	-2.967896	-0.498800	-1.490167	-2.862509	-7.349565	 12.352769	 4.522056	-5.067680
 8.161426	 12.877001	-4.131851	-0.555349	-2.957630	-0.498807	-1.461260	-2.851097	-7.321307	 12.334944	 4.413224	-5.174930
 8.149876	 12.908409	-3.240601	-0.022573	-2.446603	-0.498811	-1.443942	-2.839711	-7.292592	 12.301397	 4.850199	-5.217991
 8.127824	 12.898234	-2.790277	 0.242795	-2.187218	-0.498813	-1.432429	-2.828362	-7.263707	 12.260088	 5.058113	-5.228999
 8.100586	 12.867370	-2.560435	 0.374463	-2.053670	-0.498814	-1.423831	-2.817053	-7.234795	 12.714996	 5.151537	-5.224023
 8.070821	 12.826265	-2.440853	 0.439284	-1.983056	-0.498814	-1.416702	-2.805788	-7.205927	 12.916110	 5.187759	-5.211097
 8.039856	 13.280142	-2.376419	-0.029313	-1.943924	-0.498814	-1.410318	-2.794566	-7.177139	 12.990432	 5.195423	-5.194237
 8.008356	 13.479613	-2.339578	-0.263612	-1.920548	-0.498815	-1.404318	-2.783388	-7.148448	 13.001464	 5.188848	-5.175453
 7.976652	 13.551990	-2.316552	 0.119239	-1.905066	-0.498815	-1.398522	-2.772255	-7.119863	 12.980955	 5.175196	-5.155747
 7.944910	 13.560930	-2.300452	 0.309660	-1.893546	-0.498815	-1.392838	-2.761166	-7.091388	 12.944780	 5.158047	-5.135623
 7.913213	 13.538260	-2.287834	 0.403870	-1.884021	-0.498815	-1.387222	-2.750121	-7.063025	 12.900875	 5.139191	-5.115329
 8.381601	 13.499894	-2.276974	 0.450976	-1.875510	-0.498815	-1.381650	-2.739121	-7.034774	 12.853208	 5.119522	-5.094992
 8.598096	 13.453788	-2.267012	 0.474528	-1.867521	-0.498815	-1.376113	-2.728164	-7.006635	 12.803764	 5.099488	-5.074675
 8.688714	 13.403919	-2.257517	 0.486305	-2.359807	-0.498815	-1.370603	-2.717252	-6.978609	 12.753533	 5.079312	-5.054407
 8.716464	 13.352277	-2.248273	 0.492193	-2.600246	-0.498815	-1.365117	-2.706383	-6.950695	 12.703011	 5.059106	-5.034205
 8.712851	 13.299855	-2.239173	 0.495137	-2.214784	-0.498815	-1.359655	-2.695557	-6.922892	 12.652445	 5.038925	-5.014076
 8.693625	 13.247149	-2.230163	 0.496609	-2.018394	-0.498815	-1.354216	-2.684775	-6.895201	 12.601959	 5.018797	-4.994024
 8.166664	 13.694407	-2.221216	 0.497345	-1.916556	-0.498815	-1.348799	-2.674036	-6.867620	 12.551612	 4.998736	-4.974049
 7.887904	 13.889752	-2.212317	 0.497713	-1.862007	-0.498815	-1.343404	-2.663340	-6.840149	 12.501436	 4.978748	-4.954154
 7.733306	 13.959255	-2.203461	 0.497897	-1.831117	-0.498815	-1.338030	-2.652686	-6.812789	 12.451446	 4.958836	-4.934338
 8.140849	 13.465949	-2.194644	 0.497989	-1.812072	-0.498815	-1.332678	-2.642076	-6.785538	 12.401648	 4.939002	-4.914601
 8.327524	 13.193350	-2.185864	 0.498035	-1.798964	-0.498815	-1.327347	-2.631507	-6.758395	 12.352045	 4.919247	-4.894943
 8.403833	 13.531210	-2.177120	 0.498058	-1.788838	-0.498815	-1.322038	-2.620981	-6.731362	 12.302639	 4.899571	-4.875363
 8.425027	 13.672401	-2.168411	 0.498069	-1.780217	-0.498815	-1.316749	-2.610497	-6.704436	 12.253429	 4.879973	-4.855862
 8.418732	 13.715370	-2.159737	 0.498075	-1.772364	-0.498815	-1.311482	-2.100055	-6.677619	 12.204416	 4.860453	-4.836438
 8.398759	 13.709337	-2.151098	 0.498078	-1.764908	-0.498815	-1.306236	-1.841655	-6.650908	 12.155599	 4.841011	-4.817092
 8.372016	 13.678915	-2.142494	 0.498079	-1.757665	-1.498815	-1.301012	-2.209289	-6.624305	 12.106976	 4.821647	-4.797824
 8.341953	 13.636406	-2.133924	 0.498080	-1.750543	-1.993817	-1.295807	-2.387951	-6.597807	 12.058549	 4.802361	-4.778633
 8.310298	 13.587964	-2.125388	 0.498081	-1.743495	-2.236341	-1.290624	-2.472150	-6.571416	 12.010314	 4.783151	-4.759518
 8.277913	 13.536664	-2.116886	 0.498081	-1.736498	-1.352645	-1.285462	-2.509136	-6.545130	 11.962273	 4.764019	-4.740480
 8.245230	 13.484043	-2.108419	 0.498081	-1.729541	-0.910797	-1.280320	-2.522537	-6.518950	 11.914424	 4.744962	-4.721518
 8.212463	 12.930870	-2.599985	 0.498081	-1.722617	-0.689873	-1.275199	-2.024166	-6.492874	 10.866766	 4.225983	-4.702632
 8.179720	 12.629528	-2.839585	 0.498081	-1.715724	-0.579411	-1.270098	-1.771928	-6.466903	 10.323299	 3.959079	-4.683822
 6.647055	 10.454201	-2.453227	-0.001919	-1.708859	-0.524180	-1.265017	-2.642770	-5.441035	 7.532006	 1.818242	-3.665086
 5.870493	 9.349979	-2.255914	-0.250915	-1.702023	-0.496564	-1.259957	-3.071164	-4.919271	 6.126878	 0.747824	-3.150426
 3.972025	 6.281377	-2.153140	-0.375413	-1.695215	-0.482756	-1.254918	-2.778362	-4.149594	 3.414871	 0.212615	-2.387824
 3.018643	 4.740651	-2.097653	-0.437662	-1.688434	-0.475853	-1.249898	-2.626990	-3.757995	 2.057461	-0.054989	-2.003273
 2.537822	 3.963887	-2.065825	-0.468787	-1.681680	-0.472401	-1.244898	-2.546352	-3.555463	 1.377356	-0.188792	-1.807760
 0.793298	 1.069132	-1.545842	-0.484349	-1.674953	-0.470675	-1.239919	-2.001102	-2.947492	 0.035909	-0.755693	-1.206779
-0.077062	-0.374595	-1.283800	-0.492130	-1.668253	-0.469812	-1.234959	-1.725565	-2.638827	-0.632203	-1.036498	-0.905077
-1.010347	-3.092822	-0.650735	-0.496021	-1.161580	-0.469380	-1.230019	-1.084897	-1.479834	-2.963659	-1.174266	-0.253019
-1.473103	-4.440313	-0.334202	-0.497966	-0.906934	-0.469164	-1.225099	-0.764563	-0.900337	-4.118796	-1.240526	 0.073010
-1.700609	-5.102483	-0.175936	-0.498939	-0.778306	 0.030943	-0.720199	-0.604396	-0.110589	-4.185817	-1.271043	 0.236024
-1.810505	-5.422039	-0.096803	-0.499425	-0.712693	 0.279935	-0.467748	-0.524312	 0.282927	-4.210822	-1.283698	 0.317532
-1.861613	-5.570333	-0.057236	-0.499668	-0.678592	 0.403373	-0.341523	-0.484270	 0.478332	-4.214853	-1.287433	 0.358285
-1.883341	-5.633044	-0.037453	-0.499790	-0.660253	 0.464039	-0.278411	-0.464249	 0.574687	-4.208430	-1.286718	 0.378662
-1.890395	-5.653007	-0.027562	-0.499851	-0.649799	 0.493322	-0.246855	-0.454239	 0.621522	-4.196815	-1.283788	 0.388850
-1.890127	-5.151643	-0.022616	-0.999881	-0.643294	 0.506918	-0.231076	 0.050766	 0.643603	-4.182637	-1.279762	 0.393945
-1.886214	-4.891660	-0.020143	-1.246896	-0.638767	 0.512676	-0.223187	 0.302157	 0.653312	-4.167211	-1.275197	 0.396492
-1.880492	-5.252406	-0.518906	-0.867416	-0.635236	 0.514517	-0.219243	 0.426746	 1.156841	-4.151194	-1.270373	 0.397765
-1.873882	-5.421552	-0.766253	-0.677676	-0.632207	 0.514406	-0.217271	 0.487937	 1.405284	-4.134916	-1.265431	 0.398402
-1.866842	-4.994944	-0.387899	-0.582806	-0.629434	 0.513321	-0.716284	 0.517435	 1.526199	-4.118539	-1.260438	 0.398720
-1.859603	-4.772503	-0.198722	-0.535371	-0.626794	 0.511754	-0.963361	 0.531090	 1.583361	-4.102147	-1.255431	 0.398880
-1.852278	-4.652182	-0.104133	-0.511654	-0.624226	 0.509951	-0.584478	 0.536828	 1.608662	-3.585779	-1.250427	 0.398959
-1.844926	-4.582958	-0.056839	-0.499795	-0.621698	 0.508032	-0.395037	 0.538612	 1.618044	-3.321456	-1.245434	 0.398999
-1.837575	-4.539319	-0.033192	-0.493866	-0.619196	 0.506061	-0.300316	 0.538423	 1.619480	-3.183180	-1.240456	 0.399019
-1.830239	-4.508508	-0.021368	-0.490901	-0.116712	 0.504067	-0.252956	 0.537252	 1.616957	-3.107953	-1.235497	 0.899029
-1.822925	-4.484147	-0.015457	-0.489418	 0.134530	 0.502066	-0.229276	 0.535594	 1.612466	-3.064274	-1.230556	 1.146236
-1.315637	-4.463047	-0.012501	-0.488677	-0.239848	 0.500065	-0.217435	 0.533698	 1.607005	-3.536393	-1.225634	 1.267052
-1.060376	-4.443613	-0.011023	-0.488307	-0.425809	 0.499065	-0.211515	 0.531686	 1.601071	-3.764435	-1.220732	 1.324685
-1.431136	-4.425048	 0.489716	 0.011879	-0.517566	 0.498565	-0.208555	 0.529620	 1.594914	-3.870472	-1.215849	 0.850737
-1.612912	-4.406952	 0.738105	 0.260947	-0.562226	 0.498315	-0.207075	 0.527533	 1.588658	-3.915537	-1.210986	 0.613762
-1.700210	-4.389127	 0.360326	-0.115539	-0.083342	 0.498190	-0.206335	 0.525438	 1.582365	-3.430148	-1.206142	 0.995275
-1.740284	-4.371471	 0.171437	-0.303782	 0.156100	 0.498127	-0.205965	 0.523344	 1.576066	-3.181564	-1.201317	 1.183278
-1.756761	-4.353936	 0.076992	-0.397903	 0.275821	 0.498096	-0.205780	 0.521254	 1.569778	-3.051406	-1.196512	 1.274537
-1.261453	-4.336495	 0.029770	 0.055036	 0.335681	 0.498080	-0.205688	 0.519171	 1.563506	-2.980485	-1.191726	 0.817435
-1.012266	-4.319137	 0.006159	 0.280490	 0.365611	 0.498073	-0.205642	 0.517095	 1.557256	-2.939205	-1.186959	 0.588884
-1.386147	-4.301854	-0.005647	-0.107795	 0.380576	 0.498069	 0.294382	 0.515027	 1.551029	-3.412769	-1.182211	 0.974608
-1.569567	-4.284644	-0.011550	-0.301938	 0.388059	 0.498067	 0.542804	 0.512968	 1.544826	-3.641779	-1.177482	 1.164750
-1.657771	-4.267504	-0.014501	-0.399009	 0.391800	 0.498066	 0.165433	 0.510916	 1.538647	-3.248542	-1.172772	 1.257111
-1.698381	-4.250433	-0.015977	-0.447545	 0.393671	 0.498065	-0.023252	 0.508872	 1.532493	-3.046213	-1.168081	 1.300592
-1.715208	-4.233431	-0.016715	 0.028188	 0.394606	 0.498065	 0.382405	 0.506837	 1.526363	-2.939361	-1.163409	 1.319645
-1.720158	-4.216497	-0.017084	 0.265046	 0.395074	 0.498065	 0.583657	 0.504809	 1.520257	-2.880269	-1.158755	 1.326494
-1.719182	-4.199631	-0.017268	 0.382471	 0.395308	 0.498065	 0.682714	 0.502790	 1.514176	-2.845082	-1.154120	 1.327252
-1.715258	-4.182832	-0.017360	 0.441184	 0.395425	 0.498065	 0.230678	 0.500779	 1.508120	-2.821868	-1.149504	 0.824975
-1.709873	-4.166101	-0.017407	 0.470540	 0.395483	 0.498065	 0.004661	 0.499773	 1.502087	-2.804664	-1.144906	 0.573836
-1.703772	-4.149436	-0.017430	-0.014782	 0.395512	 0.498065	-0.108348	 0.499271	 1.496079	-2.790487	-1.140326	 0.948267
-1.697326	-4.132839	-0.017441	-0.256442	 0.395527	 0.498065	-0.164852	 0.499019	 1.490094	-2.777845	-1.135765	 1.132837
-1.690721	-4.116307	-0.017447	-0.377273	 0.395534	 0.498065	-0.193105	 0.498894	 1.484134	-2.765994	-1.131222	 1.222487
-1.684051	-4.099842	-0.017450	-0.437688	 0.395538	 0.498065	-0.207231	 0.498831	 1.478198	-2.754561	-1.126697	 1.264688
-1.677361	-4.083443	-0.017451	 0.032105	 0.395540	 0.498065	 0.285706	 0.498799	 1.472285	-2.743358	-1.122190	 1.283174
-1.670674	-4.067109	-0.017452	 0.265997	 0.395541	 0.498065	 0.530617	 0.498784	 1.466396	-2.732292	-1.117701	 1.289814
-1.664003	-4.050841	-0.017452	 0.382943	 0.395541	 0.498065	 0.651522	 0.498776	 1.460530	-2.721316	-1.113230	 1.290541
-1.657353	-4.034637	-0.017452	-0.058584	 0.395541	 0.498065	 0.210429	 0.498772	 1.454688	-2.710408	-1.108778	 0.788322
-1.650726	-4.018499	-0.017453	-0.278347	 0.395541	 0.498065	-0.010117	 0.498770	 1.448869	-2.699555	-1.104342	 0.537213
-1.144125	-4.002425	-0.017453	-0.388229	 0.395541	 0.498065	 0.379610	 0.498769	 1.443074	-2.688751	-1.099925	 0.411658
-0.889549	-3.986415	-0.017453	-0.443169	 0.395541	 0.498065	 0.572935	 0.498768	 1.437301	-2.677993	-1.095525	 0.348881
-1.260991	-3.970469	-0.017453	-0.470640	 0.395542	 0.498065	 0.668065	 0.498768	 1.431552	-2.667279	-1.091143	 0.817492
-1.443447	-3.954587	-0.017453	-0.484375	 0.395542	 0.498065	 0.714103	 0.498768	 1.425826	-2.656610	-1.086779	 1.049226
-1.531424	-3.938769	-0.017453	-0.491243	 0.395542	 0.498065	 0.235602	 0.498768	 1.420123	-2.645983	-1.082432	 0.662530
-1.572173	-3.923014	-0.017453	-0.494676	 0.395542	 0.498065	-0.003648	 0.498768	 1.414442	-2.635399	-1.078102	 0.469183
-1.589322	-3.907322	-0.017453	-0.496393	 0.395542	 0.498065	-0.123274	 0.498768	 1.408784	-2.624857	-1.073789	 0.372509
-1.594683	-3.391693	-0.017453	-0.497252	 0.395542	-0.001935	-0.183086	 0.498768	 1.403149	-2.614358	-1.069494	 0.324172
-1.594164	-3.128126	-0.017453	-0.497681	 0.395542	-0.250931	-0.212993	 0.498768	 1.397537	-2.603900	-1.065216	 0.300004
-1.590717	-3.490613	-0.017453	 0.002104	 0.395542	 0.124571	 0.272054	 0.498768	 1.391947	-3.093484	-1.060955	 0.287919
-1.585819	-3.664151	-0.017453	 0.250993	 0.395542	 0.311321	 0.513063	 0.498768	 1.386379	-3.331111	-1.056712	 0.281877
-1.580208	-3.743244	-0.017453	-0.124562	 0.395542	 0.404697	 0.132060	 0.498768	 1.380833	-2.942786	-1.052485	 0.778856
-1.574254	-3.775146	-0.017453	-0.311340	 0.395542	 0.451385	-0.058442	 0.498768	 1.375310	-2.743515	-1.048275	 1.024794
-1.568140	-3.783483	-0.017453	 0.095272	 0.395542	 0.474728	-0.153693	 0.498768	 1.369809	-2.638791	-1.044082	 0.645221
-1.561959	-3.780068	-0.017453	 0.297573	 0.395542	 0.486400	-0.201318	 0.498768	 1.364329	-2.581361	-1.039905	 0.455435
-1.555757	-3.770807	-0.017453	 0.398724	 0.395542	 0.492236	-0.225131	 0.498768	 1.358872	-2.547598	-1.035746	 0.860542
-1.549556	-3.758654	-0.017453	 0.449300	 0.395542	 0.495154	-0.237037	 0.498768	 1.353437	-2.525689	-1.031603	 1.060564
-1.543370	-3.745084	-0.017453	 0.474587	 0.395542	 0.496613	-0.242990	 0.498768	 1.348023	-2.509726	-1.027476	 1.158054
-1.537202	-3.730836	-0.017453	-0.012769	 0.395542	 0.497343	-0.245967	 0.498768	 1.342631	-2.496758	-1.023367	 0.704288
-1.531056	-3.716279	-0.017453	-0.255446	 0.395542	 0.497708	-0.247455	 0.498768	 1.337260	-2.485306	-1.019273	 0.477405
-1.524933	-3.701597	-0.017453	 0.123215	-0.104458	 0.497890	-0.248200	 0.498768	 1.331911	-2.474632	-1.015196	 0.863963
-1.518834	-3.686882	-0.017453	 0.311541	-0.353250	 0.497981	-0.248572	 0.498768	 1.326584	-2.464368	-1.011135	 1.054741
-1.512759	-3.172180	-0.017453	-0.094295	 0.023559	 0.498027	 0.251242	 0.498768	 1.321277	-2.454327	-1.007091	 1.147640
-1.506708	-2.909514	-0.017453	-0.296213	 0.211963	 0.498049	 0.499647	 0.498768	 1.315992	-2.444418	-1.003062	 1.191608
-1.500682	-3.272888	-0.017453	-0.397172	 0.306165	 0.498061	 0.122354	 0.498768	 1.310728	-2.434595	-0.999050	 1.211120
-1.494679	-3.447302	-0.017453	-0.447652	 0.353266	 0.498067	-0.066293	 0.498768	 1.305485	-2.424833	-0.995054	 1.218415
-1.488700	-3.527266	-0.017453	-0.472892	 0.376817	 0.498069	-0.160617	 0.498768	 1.300263	-2.415123	-0.991074	 1.219612
-1.482745	-3.060033	-0.017453	-0.485511	 0.388592	-0.001929	 0.292222	 0.498768	 1.295062	-2.405456	-0.987109	 1.217768
-1.476814	-2.821231	-0.017453	-0.491821	 0.394480	-0.250925	 0.517151	 0.498768	 1.289882	-2.395832	-0.983161	 1.214414
-1.470907	-3.196665	-0.017453	 0.005024	 0.397424	 0.124578	 0.628131	 0.498768	 1.284723	-2.386247	-0.979228	 1.210316
-1.465024	-3.377238	-0.017453	 0.252442	 0.398896	 0.311329	 0.682143	 0.498768	 1.279584	-2.376701	-0.975311	 1.205854
-1.459163	-2.960409	 0.482547	 0.376152	 0.399632	 0.404704	-0.292323	 0.498768	 1.274465	-2.367194	-0.971410	 1.201220
-1.453327	-2.746907	 0.730582	 0.438007	 0.400000	 0.451392	-0.777023	 0.498768	 1.269367	-2.357725	-0.967524	 1.196510
-1.447514	-2.635089	 0.352642	 0.468934	 0.400184	-0.025264	-0.516849	 0.498768	 1.264290	-2.348294	-0.963654	 0.691771
-1.441723	-2.574134	 0.163673	 0.484398	 0.400276	-0.262588	-0.386762	 0.498768	 1.259233	-2.338901	-0.959800	 0.439402
-1.435957	-2.538630	 0.069188	 0.492129	 0.400322	-0.381251	-0.321719	 0.498768	 1.254196	-2.329545	-0.955961	 0.313217
-1.430213	-2.515872	 0.021945	 0.495995	 0.400345	-0.440582	 0.210803	 0.498768	 1.249179	-2.320227	-0.952137	 0.750125
-1.424492	-2.499506	-0.001676	 0.497928	 0.400356	-0.470247	 0.475577	 0.498768	 1.244182	-2.310946	-0.948328	 0.966205
-1.418794	-2.486357	 0.486513	 0.498895	 0.400362	 0.014920	 0.606483	 0.498768	 1.239206	-2.301702	-0.944535	 0.571880
-1.413119	-2.474837	 0.728659	 0.499378	 0.400365	 0.256504	 0.670462	 0.498768	 1.234249	-2.292496	-0.940757	 0.374718
-1.407466	-2.964149	 0.847790	 0.499620	 0.400366	 0.377295	 0.700982	 0.498768	 1.229312	-2.283326	-0.936994	 0.276137
-1.401836	-3.201899	 0.905421	 0.499740	 0.400367	 0.437691	 0.714779	 0.498768	 1.224395	-2.274192	-0.933246	 0.226846
-1.396229	-2.813894	 0.432311	 0.499801	 0.400367	 0.467889	 0.220221	 0.998768	 0.719497	-2.265096	-0.929513	 0.702201
-1.390644	-2.615040	 0.195756	 0.499831	 0.400367	 0.482988	-0.027059	 1.245770	 0.467048	-2.256035	-0.925795	 0.937523
-1.385082	-2.510781	 0.077478	 0.499846	 0.400367	 0.490538	-0.150698	 1.366286	 0.340824	-2.247011	-0.922091	 1.052838
-1.379541	-2.953838	 0.018340	 0.499854	 0.400367	 0.494312	 0.287482	 0.923570	 0.777712	-2.238023	-0.918403	 1.108160
-1.374023	-3.168573	-0.011230	 0.499857	 0.400368	 0.496200	 0.505121	 0.702212	 0.993726	-2.229071	-0.914729	 1.133493
-1.368527	-2.769174	-0.026015	 0.499859	 0.400368	 0.497143	 0.612494	 1.091533	 1.099314	-2.220155	-0.911071	 0.643843
-1.363053	-2.564735	-0.033407	 0.499860	 0.400368	 0.497615	 0.664742	 1.283232	 1.149698	-2.211274	-0.907426	 0.399017
-1.357601	-2.957795	 0.462897	 0.499861	 0.400368	 0.497851	 0.689431	 0.876132	 0.672490	-2.202429	-0.903797	 0.776605
-1.352170	-3.147623	 0.709130	 0.499861	 0.400368	 0.497969	 0.700348	 0.672582	 0.433886	-2.193619	-0.900181	 0.963090
-1.346762	-2.735862	 0.330336	-0.000139	 0.400368	-0.001972	 0.704384	 1.070806	 0.814584	-2.184845	-0.896581	 1.054033
-1.341375	-2.525333	 0.140939	-0.249139	 0.400368	-0.250939	 0.704985	 1.266981	 1.002543	-2.176105	-0.892994	 1.097215
-1.336009	-2.415440	 0.046241	-0.373638	 0.400368	-0.375422	 0.703874	 1.362142	 1.094141	-2.167401	-0.889422	 1.116525
-1.330665	-2.355881	-0.001108	 0.064112	 0.400368	 0.062336	 0.201913	 1.406808	 1.137568	-1.658731	-0.885865	 1.123909
-1.325342	-2.321510	-0.024783	 0.281983	 0.400368	 0.280215	-0.049067	 1.426238	 1.156920	-1.402096	-0.882321	 1.125338
-1.320041	-2.299750	-0.036620	-0.109081	 0.400368	 0.389155	-0.174558	 0.933061	 0.664244	-1.771488	-0.878792	 1.123799
-1.314761	-2.284314	-0.042539	-0.303613	 0.400368	 0.443625	-0.237303	 0.686473	 0.417905	-1.951902	-0.875277	 1.120785
-1.309502	-2.772058	-0.045498	 0.099121	 0.400368	 0.470859	-0.268675	 1.063179	 0.294736	-2.037844	-0.871776	 1.117042
-1.304264	-3.009410	-0.046978	 0.299484	 0.400368	 0.484477	-0.284361	 1.248652	 0.233152	-2.076568	-0.868289	 1.112944
-1.299047	-2.621593	 0.452282	 0.399666	 0.400368	 0.491286	 0.207795	 0.838520	 1.202359	-2.091699	-0.864815	 1.108678
-1.293851	-2.423217	 0.700009	 0.449757	 0.400368	 0.494690	 0.452474	 0.633455	 1.682620	-2.095051	-0.861356	 1.104336
-1.288675	-2.319579	 0.821977	 0.474802	 0.400368	 0.496392	 0.573419	 0.530922	 1.918425	-2.092530	-0.857911	 1.099964
-1.283520	-2.263328	 0.881073	 0.487325	 0.400368	 0.497243	 0.632503	 0.479655	 1.532018	-2.587090	-0.854479	 1.095588
-1.278386	-2.230789	 0.908741	 0.493586	 0.400368	 0.497669	 0.660661	 0.454022	 1.336524	-2.828207	-0.851061	 1.091217
-1.273273	-2.210123	 0.420702	-0.003283	 0.400368	 0.497882	 0.673363	 0.441205	 1.236495	-1.942626	-0.847657	 1.086858
-1.268180	-2.195411	 0.176683	-0.250718	 0.400368	 0.497988	 0.678342	 0.434797	 1.184207	-1.497722	-0.844266	 1.082513
-1.263107	-2.683693	 0.054673	 0.125565	 0.400368	 0.498041	 0.679465	 0.931593	 1.155800	-1.773164	-0.840889	 1.078185
-1.258055	-2.921490	-0.006332	 0.312703	 0.400368	 0.498068	 0.678665	 1.177134	 1.139341	-1.906788	-0.837526	 1.073873
-1.253022	-2.534071	-0.036834	 0.406272	 0.400368	 0.498081	 0.676909	 1.297059	 1.128866	-1.969519	-0.834176	 1.069578
-1.248010	-2.336067	-0.052085	 0.453056	 0.400368	 0.498088	 0.674681	 1.354188	 1.121392	-1.996820	-0.830839	 1.065300
-1.243018	-2.232790	-0.059711	 0.476449	 0.400368	 0.498091	 0.672222	 1.379930	 1.115427	-2.006422	-0.827515	 1.061038
-1.238046	-2.176892	-0.063524	 0.488145	 0.400368	 0.498093	 0.169653	 1.389989	 1.110225	-2.007192	-0.824205	 1.056794
-1.233094	-2.144701	-0.065430	 0.493993	 0.400368	 0.498093	-0.081632	 1.392219	 1.105415	-2.003560	-0.820909	 1.052567
-1.228162	-2.124380	 0.433616	-0.003083	 0.400368	 0.498094	 0.292726	 1.390545	 1.100808	-1.997745	-0.817625	 1.048357
-1.223249	-2.110012	 0.681275	-0.250621	 0.400368	 0.498094	 0.478571	 1.386930	 1.096312	-1.990853	-0.814354	 1.044163
-1.218356	-2.098636	 0.303246	 0.125610	 0.400368	 0.498094	 0.570164	 0.882356	 1.091881	-1.983439	-0.811097	 1.039987
-1.213483	-2.088774	 0.114231	 0.312722	 0.400368	 0.498094	 0.614638	 0.630069	 1.087490	-1.975780	-0.807853	 1.035827
-1.208629	-2.079685	 0.019724	 0.406278	 0.400368	 0.498094	 0.635556	 1.003925	 1.083129	-1.968015	-0.804621	 1.031684
-1.203794	-2.070999	-0.027529	 0.453056	 0.400368	 0.498094	 0.644702	 1.188098	 1.078790	-1.960211	-0.801403	 1.027557
-1.198979	-2.062532	-0.051156	 0.476445	 0.400368	 0.498094	 0.647968	 1.277440	 1.074472	-1.952405	-0.798197	 1.023447
-1.194183	-2.054190	-0.062970	 0.488140	 0.900368	-0.001906	 0.648298	 1.319377	 1.070173	-1.944612	-0.795004	 1.019353
-1.189406	-2.045928	-0.068876	 0.493987	 1.147567	-0.250902	 0.647166	 1.337623	 1.065892	-1.936842	-0.791824	 1.015275
-1.184649	-2.037721	-0.071830	 0.496910	 0.768377	 0.124600	 0.645308	 1.344035	 1.561628	-1.929099	-0.788657	 1.011214
-1.179910	-2.029559	-0.073306	 0.498372	 0.578782	 0.311351	 0.643092	 1.344539	 1.805381	-1.921385	-0.785502	 1.007169
-1.175190	-2.021435	-0.074045	 0.499103	 0.483984	 0.404726	 0.640702	 1.342102	 1.423159	-1.913701	-0.782360	 1.003141
-1.170490	-2.013346	-0.074414	 0.499469	 0.436586	 0.451414	 0.638231	 1.338203	 1.229967	-1.906046	-0.779231	 0.999128
-1.165808	-2.005291	-0.074599	 0.499651	 0.412886	 0.474758	 0.635723	 1.333586	 1.131297	-1.898422	-0.776114	 0.995132
-1.161144	-1.997269	-0.074691	 0.499743	 0.401037	 0.486430	 0.633203	 1.328619	 1.079897	-1.890829	-0.773010	 0.991151
-1.156500	-1.989280	-0.074737	 0.499788	 0.395112	 0.492266	 0.630682	 1.323488	 1.052139	-1.883266	-0.769918	 0.987187
-1.151874	-1.981323	 0.425240	-0.000189	 0.392149	 0.495184	-0.371835	 1.318286	 1.036212	-1.375733	-0.766838	 0.983238
-1.147266	-1.973397	 0.673378	-0.249177	 0.390668	 0.496643	-0.870345	 1.313059	 1.026208	-1.120230	-0.763771	 0.979305
-1.142677	-1.965504	 0.295604	-0.373671	 0.389928	-0.002628	-0.116862	 1.307830	 1.019173	-1.490749	-0.760715	 0.975388
-1.138107	-1.957641	 0.106717	-0.435918	 0.389557	-0.251259	 0.258606	 1.302610	 1.013632	-1.672286	-0.757673	 0.971486
-1.133554	-1.949811	 0.012273	 0.032958	 0.389372	 0.124425	-0.054928	 1.297405	 1.008845	-1.759347	-0.754642	 0.967600
-1.129020	-1.942012	-0.034948	 0.266393	 0.389280	 0.311267	-0.211695	 1.292218	 1.004443	-1.799184	-0.751623	 0.963730
-1.124504	-1.934244	 0.441441	-0.116890	 0.889233	 0.404688	 0.209921	 1.287051	 1.000242	-1.815425	-0.748617	 0.959875
-1.120006	-1.926507	 0.677800	-0.307531	 1.136432	 0.451398	 0.419467	 1.281903	 0.996150	-1.819882	-0.745622	 0.956035
-1.115526	-1.918801	 0.294151	 0.097149	 0.757264	 0.474753	 0.522981	 1.276776	 0.992120	-1.318462	-0.742640	 0.952211
-1.111064	-1.911125	 0.102326	 0.298485	 0.567680	 0.486431	 0.573485	 1.271669	 0.988128	-1.066118	-0.739669	 0.948402
-1.106619	-1.903481	 0.006414	 0.399153	 0.472888	 0.492270	 0.597490	 1.266583	 0.984164	-0.938318	-0.736711	 0.944609
-1.102193	-1.895867	 0.458458	-0.050513	 0.425492	 0.495189	 0.608249	 1.261516	 1.480222	-0.872797	-0.733764	 0.940830
-1.097784	-1.888284	 0.682659	-0.274346	 0.401794	 0.496649	 0.612390	 1.256470	 1.724298	-0.838422	-0.730829	 0.937067
-1.093393	-1.880730	 0.292946	 0.113738	 0.389945	 0.497379	 0.613228	 1.251445	 1.842400	-1.319627	-0.727905	 0.933319
-1.089020	-1.873207	 0.098089	 0.306776	 0.384020	 0.497744	 0.612419	 1.246439	 1.897529	-1.556627	-0.724994	 0.929585
-1.084663	-1.865715	 0.000661	-0.096705	 0.381058	 0.497926	 0.610791	 1.241453	 1.421189	-1.671540	-0.722094	 0.925867
-1.080325	-1.858252	-0.048053	-0.297445	 0.379577	 0.498017	 0.608758	 1.236487	 1.181129	-1.725424	-0.719205	 0.922164
-1.076003	-1.850819	-0.072410	 0.102185	 0.378836	 0.498063	 0.606529	 1.231541	 1.559217	-1.748807	-0.716329	 0.918475
-1.071699	-1.843415	-0.084589	 0.300996	 0.378466	 0.498086	 0.604205	 1.226615	 1.744386	-1.756954	-0.713463	 0.914801
-1.067413	-1.836042	-0.090678	 0.400402	 0.378281	 0.498097	 0.601840	 1.221709	 1.833112	-1.757498	-0.710609	 0.911142
-1.063143	-1.828698	-0.093723	 0.450105	 0.378188	 0.498103	 0.599458	 1.216822	 1.373631	-1.754253	-0.707767	 0.907497
-1.058890	-1.821383	-0.095245	 0.474956	 0.378142	 0.498106	 0.597073	 1.211954	 1.142062	-1.749129	-0.704936	 0.903867
-1.054655	-1.814097	-0.096006	 0.487382	 0.378119	 0.498107	 0.594691	 1.207107	 1.524457	-1.243079	-0.702116	 0.900252
-1.050436	-1.806841	-0.096387	 0.493595	 0.378107	 0.498108	 0.592316	 1.202278	 1.711840	-0.988580	-0.699308	 0.896651
-1.046235	-1.799614	-0.096577	 0.496701	 0.378102	 0.498108	 0.589948	 1.197469	 1.301734	-1.359862	-0.696511	 0.893064
-1.042050	-1.792415	-0.096672	 0.498254	 0.378099	 0.498108	 0.587589	 1.192679	 1.094897	-1.542041	-0.693724	 0.889492
-1.037881	-1.785245	-0.096720	 0.499031	 0.378097	 0.498109	 0.585239	 1.187909	 0.989703	-1.629682	-0.690950	 0.885934
-1.033730	-1.778104	-0.096744	 0.499419	 0.378096	 0.498109	 0.582899	 1.183157	 0.935336	-1.670068	-0.688186	 0.882390
-1.029595	-1.770992	-0.096756	 0.499613	 0.378096	 0.498109	 0.580567	 1.178424	 0.906391	-1.686840	-0.685433	 0.878861
-1.025477	-1.763908	-0.096761	 0.499711	 0.878096	 0.498109	 0.578245	 1.173711	 0.890164	-1.691819	-0.682691	 0.875345
-1.021375	-1.756852	-0.096764	 0.499759	 1.125340	 0.498109	 0.575932	 1.169016	 0.880302	-1.690914	-0.679961	 0.871844
-1.017289	-1.749825	 0.403234	 0.499783	 0.746216	 0.498109	 0.573628	 1.164340	 0.873631	-1.687082	-0.677241	 0.868356
-1.013220	-1.742826	 0.651427	 0.499796	 0.556655	 0.498109	 0.571334	 1.159682	 0.868561	-1.681800	-0.674532	 0.864883
-1.009167	-1.735854	 0.773724	-0.000198	 0.461874	 0.498109	 0.569048	 1.155044	 0.864299	-1.675805	-0.671834	 0.861424
-1.005130	-1.728911	 0.833081	-0.249195	 0.414483	 0.498109	 0.566772	 1.150423	 0.860448	-1.669469	-0.669146	 0.857978
-1.001110	-1.721995	 0.360974	 0.126307	 0.390788	 0.498109	 0.564505	 1.145822	 0.856809	-1.662974	-0.666470	 0.854546
-0.997105	-1.715107	 0.124921	 0.313054	 0.378941	 0.498109	 0.562247	 1.141238	 0.853284	-1.656414	-0.663804	 0.851128
-0.993117	-1.708247	 0.006894	 0.406428	 0.373017	 0.498109	 0.559998	 1.136673	 0.849821	-1.649834	-0.661149	 0.847723
-0.989145	-1.701414	-0.052119	 0.453114	 0.370055	 0.498109	 0.557758	 1.132127	 0.846397	-1.143257	-0.658504	 0.844332
-0.985188	-1.694608	-0.081626	 0.476458	 0.368574	 0.498109	 0.555527	 1.127598	 0.842999	-0.888696	-0.655870	 0.840955
-0.981247	-1.687830	 0.403621	 0.488129	 0.367833	 0.498109	 0.553305	 1.123088	 0.839621	-1.260147	-0.653247	 0.837591
-0.977322	-1.681079	 0.644466	 0.493965	 0.367463	 0.498109	 0.551092	 1.118596	 0.836260	-1.442609	-0.650634	 0.834241
-0.973413	-1.674354	 0.263118	 0.496883	 0.867278	 0.498109	 0.548887	 1.114121	 0.832913	-1.030590	-0.648031	 0.830904
-0.969519	-1.667657	 0.072445	 0.498342	 1.114451	 0.498109	 0.546692	 1.109665	 0.829581	-0.823343	-0.645439	 0.827580
-0.965641	-1.660986	 0.477108	 0.499072	 1.235315	 0.498109	 0.544505	 1.105226	 0.826262	-1.218488	-0.642857	 0.324270
-0.961779	-1.654342	 0.677676	 0.499436	 1.293034	 0.498109	 0.542327	 1.100805	 0.822957	-1.412833	-0.640286	 0.072615
-0.957932	-1.647725	 0.776203	 0.499619	 1.319192	 0.498109	 0.540158	 1.096402	 0.819665	-1.506791	-0.637725	-0.053213
-0.954100	-1.641134	 0.823717	 0.499710	 1.329581	 0.498109	 0.537997	 1.092016	 0.816386	-1.050569	-0.635174	 0.383873
-0.950283	-1.634569	 0.845732	 0.499756	 1.332095	 0.498109	 0.535845	 1.087648	 0.813121	-0.821269	-0.632633	 0.600775
-0.946482	-1.628031	 0.855004	 0.499778	 0.830683	 0.498109	 0.533702	 1.083298	 0.809868	-0.705435	-0.630102	 0.707590
-0.942696	-1.621519	 0.857911	 0.499790	 0.579977	 0.498109	 0.531567	 1.078964	 0.806629	-0.646339	-0.627582	 0.759369
-0.938926	-1.615033	 0.357643	-0.000205	 0.454624	 0.498109	 0.529441	 1.074649	 0.803402	-1.115616	-0.625072	 0.783636
-0.935170	-1.608573	 0.107509	-0.249201	 0.391947	 0.498109	 0.527323	 1.070350	 0.800189	-1.347085	-0.622571	 0.794153
-0.931429	-1.602139	 0.482442	 0.126300	 0.860609	 0.498109	 0.525214	 0.566069	 0.796988	-0.959662	-0.620081	 0.797803
-0.927703	-1.595730	 0.668194	 0.313048	 1.092281	 0.498109	 0.523113	 0.313928	 0.793800	-0.764807	-0.617601	 0.798025
-0.923993	-1.589347	 0.759362	 0.406421	 1.205470	 0.498109	 0.521020	 0.187858	 0.790625	-0.666239	-0.615130	 0.796539
-0.920297	-1.582990	 0.803245	 0.453108	 1.259426	 0.498109	 0.518936	 0.624822	 1.287462	-0.615820	-0.612670	 0.794206
-0.916616	-1.576658	 0.823492	 0.476451	 1.283778	 0.498109	 0.516860	 0.841181	 1.532312	-0.589479	-0.610219	 0.791456
-0.912949	-1.570351	 0.331928	 0.488123	 0.793338	 0.498109	 0.514793	 0.447246	 1.151183	-0.575183	-0.607778	 0.788504
-0.909297	-1.564070	 0.086146	 0.493959	 0.548117	 0.498109	 0.512734	 0.250278	 0.959078	-0.566913	-0.605347	 0.785456
-0.905660	-1.557813	 0.463255	 0.496877	 0.425507	 0.498109	 0.510683	 0.651794	 1.361492	-0.561660	-0.602926	 0.282368
-0.902037	-1.551582	 0.650129	 0.498336	 0.364202	 0.498109	 0.508640	 0.850445	 1.559171	-0.557921	-0.600514	 0.030824
-0.398429	-1.545376	 0.241892	 0.499065	 0.333550	 0.498109	 0.506606	 0.947673	 0.654497	-1.054944	-0.598112	-0.094948
-0.146625	-1.539194	 0.037774	 0.499430	 0.318223	 0.498109	 0.504579	 0.994197	 0.202160	-1.300351	-0.595720	-0.157835
-0.520723	-1.533038	 0.435714	 0.499612	 0.310560	 0.498109	 0.502561	 1.015377	 0.475991	-0.919963	-0.593337	 0.310722
-0.705983	-1.526905	 0.633017	 0.499704	 0.306729	 0.498109	 0.500551	 1.023894	 0.611407	-0.728690	-0.590963	 0.543442
-0.796830	-1.520798	 0.730008	 0.499749	 0.304813	 0.498109	 0.499545	 1.026088	 0.677622	-0.631978	-0.588600	 0.658250
-0.840478	-1.514715	 0.776850	-0.000228	 0.803855	 0.498109	 0.499043	 1.025128	 0.709241	-0.582552	-0.586245	 0.714108
-0.860534	-1.508656	 0.798623	-0.249216	 1.050770	 0.498109	 0.498792	 1.022600	 0.723569	-0.556773	-0.583900	 0.740497
-0.868801	-1.502621	 0.807869	-0.373710	 1.171633	 0.498109	 0.498666	 1.019296	 1.229257	-1.042821	-0.581565	 0.752157
-0.871180	-1.496611	 0.810858	-0.435957	 1.229479	 0.498109	 0.498603	 1.015612	 1.478632	-1.282787	-0.579238	 0.756460
-0.870622	-1.490624	 0.310724	-0.467081	 0.755827	-0.001891	 0.498572	 1.011746	 1.099863	-0.899725	-0.576921	 0.757090
-0.868603	-1.484662	 0.060658	-0.482643	 0.519001	-0.250888	 0.498556	 1.007797	 0.909036	-0.707161	-0.574614	 0.755889
-0.865861	-1.478723	 0.435624	 0.009576	 0.400588	 0.124614	 0.498548	 1.003815	 0.812186	-0.609849	-0.572315	 0.753780
-0.862763	-1.472808	 0.621486	 0.254682	 0.341382	 0.311365	 0.498544	 0.999825	 0.762331	-0.560168	-0.570026	 0.751222
-0.859495	-1.466917	 0.712803	 0.377235	 0.311779	 0.404740	 0.498542	 0.995838	 0.735978	-0.534307	-0.567746	 0.748445
-0.856149	-1.461049	 0.256853	-0.061488	 0.796977	 0.451428	 0.498541	 0.991860	 1.221383	-0.520359	-0.565475	 0.745566
-0.852770	-1.455205	 0.028878	-0.279849	 1.037012	 0.474772	 0.498541	 0.987896	 1.460671	-0.512373	-0.563213	 0.742640
-0.849382	-1.449384	 0.414890	 0.110970	 0.654475	 0.486444	 0.498541	 0.983946	 1.076916	-0.507371	-0.560960	 0.739698
-0.845996	-1.443587	 0.606295	 0.305376	 0.463207	 0.492280	 0.498540	 0.980011	 0.883651	-0.503865	-0.558716	 0.736754
-0.842617	-1.437812	 0.700401	 0.402579	 0.367573	 0.495198	 0.498540	 0.976091	 0.785639	-0.501111	-0.556481	 0.733814
-0.839250	-1.432061	 0.745866	 0.451181	 0.319756	 0.496657	 0.498540	 0.972187	 0.735257	-0.499735	-0.554255	 0.730882
-0.835894	-1.426333	 0.267015	 0.475481	 0.295847	 0.497386	 0.498540	 0.968298	 0.708696	-0.999046	-0.552038	 0.727961
-0.832551	-1.420628	 0.027590	 0.487632	 0.283893	 0.497751	 0.498540	 0.964425	 0.694052	-1.245705	-0.549830	 0.725050
-0.829221	-1.414945	-0.092122	 0.493707	 0.277916	 0.497933	 0.498540	 0.960568	 0.685371	-1.366050	-0.547631	 0.722150
-0.825905	-1.409285	 0.348021	-0.003256	 0.774927	 0.498025	 0.498540	 0.956725	 0.679677	-0.923250	-0.545440	 0.719262
-0.822601	-1.403648	 0.566517	-0.250736	 1.020889	 0.498070	 0.498540	 0.952898	 0.675482	-0.701849	-0.543259	 0.716385
-0.819311	-1.398034	 0.674194	 0.125523	 0.641336	 0.498093	 0.498540	 0.949087	 0.672042	-0.591149	-0.541086	 0.713519
-0.816034	-1.392441	 0.726470	 0.312650	 0.451560	 0.498104	 0.498540	 0.945290	 0.668985	-0.535799	-0.538921	 0.710665
-0.812769	-1.386872	 0.751050	 0.406213	 0.856672	 0.498110	 0.498540	 0.941509	 0.666124	-0.508124	-0.536766	 0.207822
-0.809518	-1.381324	 0.761788	 0.452994	 1.056704	 0.498113	 0.498540	 0.937743	 0.663367	-0.494287	-0.534619	-0.043599
-0.806280	-1.375799	 0.765613	 0.476385	 0.654207	 0.498114	 0.498540	 0.933992	 0.660668	-0.487368	-0.532480	 0.330690
-0.803055	-1.370296	 0.765986	 0.488080	 0.452958	 0.498115	 0.498540	 0.930256	 0.658002	-0.483909	-0.530350	 0.516425
-0.799843	-1.364814	 0.764640	 0.493928	 0.352334	 0.498115	 0.498540	 0.926535	 0.655358	-0.482179	-0.528229	 0.607888
-0.796644	-1.359355	 0.262440	 0.496852	 0.302022	 0.498116	 0.498540	 0.922829	 1.152731	-0.981314	-0.526116	 0.652221
-0.793457	-1.353918	 0.011341	 0.498314	 0.276865	 0.498116	 0.498540	 0.919138	 1.398117	-1.227921	-0.524011	 0.672994
-0.790283	-1.348502	 0.385791	-0.000955	 0.764287	 0.498116	 0.498540	 0.915461	 1.017524	-0.848275	-0.521915	 0.681993
-0.787122	-1.343108	 0.571495	-0.249589	 1.005495	 0.498116	 0.498540	 0.911799	 0.825953	-0.658452	-0.519828	 0.685111
-0.783974	-1.337736	 0.162833	 0.126094	 1.123605	 0.498116	 0.498540	 0.908152	 1.228899	-0.563541	-0.517748	 0.185293
-0.780838	-1.332385	-0.041498	 0.312932	 1.180177	 0.498116	 0.498540	 0.904520	 1.427108	-0.516085	-0.515677	-0.064616
-0.777714	-1.327055	 0.356337	 0.406351	 1.205989	 0.498116	 0.498540	 0.900902	 1.522962	-0.492357	-0.513615	 0.310430
-0.774603	-1.321747	 0.553745	 0.453060	 1.216432	 0.498116	 0.498540	 0.897298	 1.567651	-0.480493	-0.511560	 0.496582
-0.771505	-1.316460	 0.650948	 0.476415	 1.219200	 0.498116	 0.498540	 0.893709	 1.586771	-0.474561	-0.509514	 0.588292
-0.768419	-1.311194	 0.198052	 0.488092	 1.218139	 0.498116	 0.498540	 0.890134	 1.593119	-0.971595	-0.507476	 0.632788
-0.765345	-1.305949	-0.028395	 0.493931	 1.215175	 0.498116	 0.498540	 0.886573	 1.593094	-1.217175	-0.505446	 0.653681
-0.762284	-1.300726	-0.141619	-0.003150	 0.211269	 0.498116	 0.498540	 0.883027	 1.589896	-1.337039	-0.503424	 0.662778
-0.759235	-1.295523	-0.198231	-0.250690	-0.289099	 0.498116	 0.498540	 0.879495	 1.585123	-1.394058	-0.501411	 0.665983
-0.756198	-1.290341	-0.226537	 0.125540	-0.537704	 0.498116	 0.498540	 0.875977	 1.579576	-1.419665	-0.500404	 0.666247
-0.753173	-1.285179	-0.240690	 0.312652	-0.660434	 0.498116	 0.498540	 0.872473	 1.573655	-1.429578	-0.499900	 0.665046
-0.750160	-1.280038	-0.247766	 0.406208	 0.279767	 0.498116	 0.498540	 0.868983	 1.067558	-0.931655	-0.499649	 0.663118
-0.747160	-1.274918	-0.251305	 0.452986	 0.747428	 0.498116	 0.498540	 0.865507	 0.813387	-0.682694	-0.499523	 0.660831
-0.744171	-1.269819	 0.246926	 0.476375	 0.478828	 0.498116	 0.498540	 0.862045	 0.685183	-0.558213	-0.499460	 0.658371
-0.741194	-1.264739	 0.494551	 0.488069	 0.344528	 0.498116	 0.498540	 0.858597	 0.619967	-0.495973	-0.499428	 0.655829
-0.738230	-1.259680	 0.616880	 0.493916	 0.277378	 0.498116	 0.498540	 0.855163	 0.586250	-0.464853	-0.499413	 0.653252
-0.735277	-1.254642	 0.176565	 0.496840	 0.743803	 0.498116	 0.498540	 0.851742	 0.568286	-0.449293	-0.499405	 0.650661
-0.732336	-1.249623	-0.043592	 0.498302	 0.974595	 0.498116	 0.498540	 0.848335	 0.558204	-0.441513	-0.499401	 0.648070
-0.729406	-1.244625	 0.346329	-0.000967	 1.087581	 0.498116	 0.498540	 0.844942	 0.552066	-0.437623	-0.499399	 0.645484
-0.726489	-1.239646	 0.539818	-0.249602	 1.141672	 0.498116	 0.498540	 0.841562	 0.547905	-0.435678	-0.499398	 0.642905
-0.723583	-1.234688	 0.635095	 0.126081	 0.666326	 0.498116	 0.498540	 0.838196	 1.044738	-0.434705	-0.499397	 0.140334
-0.720688	-1.229749	 0.681273	 0.312919	 0.428653	 0.498116	 0.498540	 0.834843	 1.290071	-0.434219	-0.499397	-0.110951
-0.217806	-1.224830	 0.202907	 0.406338	 0.809817	 0.498116	 0.498540	 0.831504	 0.909666	-0.433976	-0.499397	 0.263407
 0.033636	-1.219930	-0.036276	 0.453048	 0.998017	 0.498116	 0.498540	 0.828178	 0.718406	-0.433854	-0.499397	 0.449310
 0.159356	-1.215051	-0.155867	 0.476403	 1.089744	 0.498116	 0.498540	 0.824865	 0.621721	-0.433794	-0.499397	 0.540991
-0.277783	-1.210191	 0.284337	 0.488080	 1.133245	 0.498116	 0.498540	 0.821565	 1.072329	-0.433763	-0.499397	 0.585566
-0.494923	-1.205350	 0.502990	 0.493919	 1.152642	 0.498116	 0.498540	 0.818279	 1.294587	-0.433748	-0.499397	 0.606594
-0.602069	-1.200528	 0.110873	 0.496838	 1.159996	 0.498116	 0.498540	 0.815006	 0.902682	-0.433740	-0.499397	 0.615852
-0.654224	-1.195726	-0.085185	 0.498298	 1.161339	 0.498116	 0.498540	 0.811746	 0.705708	-0.433737	-0.499397	 0.619231
-0.678888	-1.190943	 0.316786	 0.499028	 0.659685	 0.498116	 0.498540	 0.308499	 0.606203	-0.433735	-0.499397	 0.619675
-0.689813	-1.186180	 0.516334	 0.499392	 0.408858	 0.498116	 0.498540	 0.056876	 0.555438	-0.433734	-0.499397	 0.618657
-0.693874	-1.181435	 0.614676	 0.499575	 0.283444	 0.498116	 0.498540	 0.431064	 1.029046	-0.933733	-0.499397	 0.616913
-0.694509	-1.176709	 0.662421	 0.499666	 0.220737	 0.498116	 0.498540	 0.616547	 1.262844	-1.180866	-0.499397	 0.614810
-0.693436	-1.172002	 0.684873	 0.499712	 0.189384	 0.498116	 0.498540	 0.707685	 1.376750	-1.301576	-0.499397	 0.612534
-0.691515	-1.167314	 0.694685	 0.499735	 0.673707	 0.498116	 0.498540	 0.751656	 0.930722	-0.859086	-0.499397	 0.610175
-0.689175	-1.162645	 0.698181	 0.499746	 0.913553	 0.498116	 0.498540	 0.772051	 0.707708	-0.637842	-0.499397	 0.607780
-0.686631	-1.157994	 0.198526	 0.499752	 1.031169	 0.498116	 0.498540	 0.780663	 0.596201	-0.527219	-0.499397	 0.605372
-0.683992	-1.153362	-0.051301	 0.499754	 1.087679	 0.498116	 0.498540	 0.783391	 0.540447	-0.471908	-0.499397	 0.602961
-0.681309	-1.148749	 0.323785	 0.499756	 1.113646	 0.498116	 0.498540	 0.783182	 0.512571	-0.944252	-0.499397	 0.600555
-0.678610	-1.144154	 0.509930	 0.499757	 1.124350	 0.498116	 0.498540	 0.781512	 0.498632	-1.177591	-0.499397	 0.598156
-0.675909	-1.139577	 0.601611	 0.499757	 0.127432	 0.498116	 0.498540	 0.779117	 0.991663	-0.791439	-0.499397	 0.595765
-0.673212	-1.135019	 0.646065	 0.499757	-0.369288	 0.498116	 0.498540	 0.776366	 1.235209	-0.598363	-0.499397	 0.593382
-0.670523	-1.130479	 0.666911	 0.499757	-0.615916	 0.498116	 0.498540	 0.773444	 1.354024	-0.501825	-0.499397	 0.591009
-0.667842	-1.125957	 0.675958	 0.499757	-0.237505	 0.498116	 0.498540	 0.770441	 1.410487	-0.453556	-0.499397	 0.588645
-0.665172	-1.121453	 0.679112	 0.499757	-0.048299	 0.498116	 0.498540	 0.767405	 1.435784	-0.429421	-0.499397	 0.586291
-0.662511	-1.116967	 0.679324	 0.499757	 0.546304	 0.498116	 0.498540	 0.764359	 1.445510	-0.417354	-0.499397	 0.583946
-0.659862	-1.112500	 0.678071	 0.499757	 0.841323	 0.498116	 0.498540	 0.761313	 1.447463	-0.411320	-0.499397	 0.581610
-0.657222	-1.108050	 0.676091	 0.499757	 0.986560	 0.498116	 0.498540	 0.758273	 0.945540	-0.408304	-0.499397	 0.579284
-0.654593	-1.103617	 0.673753	 0.499757	 1.056915	 0.498116	 0.498540	 0.755243	 0.694579	-0.406795	-0.499397	 0.576966
-0.651975	-1.099203	 0.671241	 0.499757	 1.089838	 0.498116	 0.498540	 0.752223	 1.069098	-0.406041	-0.499397	 0.574659
-0.649367	-1.094806	 0.668647	 0.499757	 1.104054	 0.498116	 0.498540	 0.749215	 1.253471	-0.405664	-0.499397	 0.572360
-0.646770	-1.090427	 0.666018	 0.499757	 1.108926	 0.498116	 0.498540	 0.746219	 1.342781	-0.405475	-0.499397	 0.570071
-0.644183	-1.086065	 0.663377	 0.499757	 1.109134	 0.498116	 0.498540	 0.743234	 0.884573	-0.905381	-0.499397	 0.067790
-0.641606	-1.081721	 0.660735	 0.499757	 1.107019	 0.498116	 0.498540	 0.740261	 0.655468	-1.152523	-0.499397	-0.183350
-0.639039	-1.077394	 0.158098	 0.499757	 0.603752	 0.498116	 0.498540	 0.737300	 1.040916	-0.773295	 0.000603	 0.191080
-0.636483	-1.073084	-0.093221	 0.499757	 0.352118	 0.498116	 0.498540	 0.734351	 1.230787	-0.583681	 0.249602	 0.377164
-0.633937	-1.068792	 0.281120	 0.499757	 0.726302	 0.498116	 0.498540	 0.231413	 0.822881	-0.488874	-0.125899	 0.469079
-0.631402	-1.064517	 0.466979	 0.499757	 0.911192	 0.498116	 0.498540	-0.020055	 0.618928	-0.441470	-0.312646	 0.513915
-0.628876	-1.060259	 0.558603	 0.499757	 1.001445	 0.498116	 0.498540	 0.354210	 1.016952	-0.417769	-0.406020	 0.535216
-0.626360	-1.056018	 0.603115	 0.499757	 1.044389	 0.498116	 0.498540	 0.539886	 1.213134	-0.405918	-0.452707	 0.544753
-0.623855	-1.051794	 0.624076	 0.499757	 1.063685	 0.498116	 0.498540	 0.631273	 1.308406	-0.399992	-0.476050	 0.548413
-0.621360	-1.047587	 0.633266	-0.000243	 1.071168	 0.498116	 0.498540	 0.175521	 0.853235	-0.397030	-0.487722	 0.049139
-0.618874	-1.043396	 0.636576	-0.249242	 1.072752	 0.498116	 0.498540	-0.052355	 0.625649	-0.395548	-0.493558	-0.200498
-0.616399	-1.039223	 0.136951	 0.126258	 1.071395	 0.498116	 0.498540	 0.333707	 0.511856	-0.394808	-0.496476	 0.174683
-0.613933	-1.035066	-0.112861	 0.313005	 1.068577	 0.498116	 0.498540	 0.525299	 0.454960	-0.394437	-0.497935	 0.361174
-0.611477	-1.030926	-0.237767	 0.406378	 1.065036	 0.498116	 0.498540	 0.619661	 0.426512	-0.394252	-0.498664	 0.453324
-0.609031	-1.026802	-0.300220	 0.453065	 1.061143	 0.498116	 0.498540	 0.665414	 0.412288	-0.394159	-0.499029	 0.498308
-0.606595	-1.022695	 0.168553	 0.476408	 1.057082	 0.498116	 0.498540	 0.686868	 0.405176	-0.394113	-0.499211	 0.519714
-0.604169	-1.018604	 0.401665	 0.488080	 1.052945	 0.498116	 0.498540	 0.696178	 0.401620	-0.394090	-0.499302	 0.529334
-0.601752	-1.014529	 0.516952	 0.493915	 1.048779	 0.498116	 0.498540	 0.699422	 0.399842	-0.394078	-0.499348	 0.533067
-0.599345	-1.010471	 0.573330	 0.496833	 0.544607	 0.498116	 0.498540	 0.699639	 0.398953	-0.394073	-0.499371	 0.533859
-0.596948	-1.006429	 0.600260	 0.498292	 0.292521	 0.498116	 0.498540	 0.698348	 0.398508	-0.394070	-0.499382	 0.533186
-0.594560	-1.002404	 0.612471	-0.000978	 0.666478	 0.498116	 0.498540	 0.696308	-0.101714	-0.394068	-0.499388	 0.531785
-0.592182	-0.998394	 0.617327	-0.249613	 0.851375	 0.498116	 0.498540	 0.693900	-0.350621	-0.394068	-0.499391	 0.530023
-0.589813	-0.994401	 0.618511	 0.126070	 0.441752	 0.498116	 0.498540	 0.691312	 0.526124	-0.394067	-0.499392	 0.528086
-0.587454	-0.990423	 0.617863	 0.312907	 0.236940	 0.498116	 0.498540	 0.688641	 0.961691	-0.394067	-0.499393	 0.526065
-0.585104	-0.986461	 0.116305	 0.406326	 0.634534	 0.498116	 0.498540	 0.685934	 0.676680	-0.394067	-0.499393	 0.524006
-0.582764	-0.982515	-0.134474	 0.453036	 0.831266	 0.498116	 0.498540	 0.683214	 0.534175	-0.394067	-0.499393	 0.521933
-0.580433	-0.978585	-0.259864	 0.476391	 0.927577	 0.498116	 0.498540	 0.680493	 0.462922	-0.394067	-0.499394	 0.519857
-0.578111	-0.974671	-0.322559	-0.011932	 0.973684	 0.498116	 0.498540	 0.677777	 0.927295	-0.894067	-0.499394	 0.517783
-0.575798	-0.970772	-0.353906	-0.255093	 0.994698	 0.498116	 0.498540	 0.675068	 1.156699	-1.141279	-0.499394	 0.515715
-0.573495	-0.966889	 0.130420	 0.123327	 1.003174	 0.498116	 0.498540	 0.672370	 1.268628	-0.762108	-0.499394	 0.513653
-0.571201	-0.963022	 0.371354	 0.311533	 1.005389	 0.498116	 0.498540	 0.669681	 1.321832	-0.572522	-0.499394	 0.511600
-0.568916	-0.959170	 0.490596	 0.405636	 1.004481	 0.498116	 0.498540	 0.667003	 0.845684	-0.477729	 0.000606	 0.509553
-0.566641	-0.955333	 0.548998	 0.452688	 1.002020	 0.498116	 0.498540	 0.664335	 0.607610	-0.430333	 0.249605	 0.507515
-0.564374	-0.951512	 0.576984	-0.023786	 0.998790	 0.498116	 0.498540	 0.661677	 0.488573	-0.406635	-0.125895	 0.505485
-0.562117	-0.947706	 0.589767	-0.261023	 0.995184	 0.498116	 0.498540	 0.659031	 0.429054	-0.394786	-0.312643	 0.503464
-0.559868	-0.943915	 0.594953	-0.379641	 0.991398	 0.498116	 0.498540	 0.656395	 0.399295	-0.388861	-0.406017	 0.501450
-0.557629	-0.940139	 0.596346	 0.061049	 0.487529	 0.498116	 0.498540	 0.653769	 0.884415	-0.385899	-0.452704	 0.500443
-0.555398	-0.936378	 0.595847	 0.280391	 0.235595	 0.498116	 0.498540	 0.651154	 1.124236	-0.384418	-0.476047	 0.499939
-0.553177	-0.932633	 0.594407	 0.390062	 0.609628	 0.498116	 0.498540	 0.648549	 0.741419	-0.383677	-0.487719	-0.000312
