-0.550964	-0.928902	 0.592501	 0.444898	 0.794677	 0.498116	 0.498540	 0.645955	 0.550010	-0.383307	-0.493555	-0.249437
-0.548760	-0.925187	 0.590366	 0.472316	 0.885242	 0.498116	 0.498540	 0.643371	 0.454306	-0.383122	-0.496473	 0.126001
-0.546565	-0.921486	 0.588123	 0.486025	 0.928573	 0.498116	 0.498540	 0.640798	 0.406453	-0.383029	-0.497932	 0.312716
-0.544379	-0.917800	 0.585829	 0.492879	 0.948295	 0.498116	 0.498540	 0.638235	 0.882527	-0.382983	-0.498661	-0.093926
-0.542201	-0.914129	 0.583515	 0.496306	 0.956220	 0.498116	 0.498540	 0.635682	 1.117847	-0.382960	-0.499026	-0.296245
-0.540032	-0.910472	 0.581196	 0.498020	 0.958254	 0.498116	 0.498540	 0.633139	 1.232801	-0.382948	-0.499208	-0.397405
-0.537872	-0.906831	 0.078879	 0.498877	 0.457350	 0.498116	 0.498540	 0.630607	 0.787582	-0.382942	-0.499299	 0.052015
-0.535721	-0.903203	-0.172280	 0.499305	 0.206899	 0.498116	 0.498540	 0.628084	 0.564972	-0.382940	-0.499345	 0.275722
-0.533578	-0.899590	 0.202141	-0.000481	 0.581673	 0.498116	 0.498540	 0.625572	 0.953668	-0.382938	-0.499368	 0.387575
-0.531444	-0.895992	 0.388198	-0.249373	 0.767147	 0.498116	 0.498540	 0.623069	 1.145331	-0.382937	-0.499379	 0.443502
-0.529318	-0.892408	 0.480078	 0.126181	 0.857979	 0.498116	 0.498540	 0.620577	 1.238488	-0.382937	-0.499385	 0.471466
-0.527201	-0.888838	 0.524874	 0.312954	 0.901497	 0.498116	 0.498540	 0.618095	 1.282404	-0.382937	-0.499388	 0.485447
-0.525092	-0.885283	 0.546133	 0.406341	 0.921366	 0.498116	-0.001460	 0.615623	 1.301709	-0.382937	-0.499389	 0.492438
-0.522991	-0.881742	 0.555627	 0.453034	 0.929418	 0.498116	-0.250457	 0.613160	 1.308719	-0.382937	-0.499390	 0.495934
-0.520899	-0.878215	 0.559244	 0.476381	 0.431569	 0.498116	 0.125045	 0.610707	 1.309593	-0.882937	-0.499390	 0.497681
-0.518816	-0.874702	 0.559927	 0.488054	 0.182645	 0.498116	 0.311794	 0.608265	 1.307409	-1.130171	-0.499390	 0.498555
-0.516741	-0.871203	 0.559147	 0.493891	 0.058183	 0.498116	 0.405169	 0.605831	 1.303707	-1.251033	-0.499390	 0.498992
-0.514674	-0.867718	 0.557641	 0.496809	 0.495952	 0.498116	 0.451857	 0.603408	 1.299255	-1.308720	-0.499390	 0.499210
-0.512615	-0.864248	 0.555775	 0.498268	 0.712969	 0.498116	 0.475200	 0.600995	 1.294440	-1.334831	-0.499390	 0.499320
-0.510564	-0.860791	 0.553735	-0.001002	 0.319617	 0.498116	 0.486872	 0.598591	 1.289453	-0.845165	-0.499390	 0.499374
-0.508522	-0.857347	 0.551611	-0.249637	 0.122941	 0.498116	 0.492708	 0.596196	 1.284391	-0.600332	-0.499390	 0.499402
-0.006488	-0.853918	 0.549450	-0.373954	 0.524604	 0.498116	 0.495626	 0.593811	 1.279301	-0.977915	-0.499390	 0.499415
 0.244529	-0.850502	 0.547275	-0.436113	 0.723582	 0.498116	 0.497085	 0.591436	 1.274208	-1.163996	-0.499390	 0.499422
-0.129963	-0.847100	 0.545097	 0.032808	 0.821226	 0.498116	 0.497815	 0.589070	 0.769123	-0.754336	 0.000610	 0.499426
-0.316199	-0.843712	 0.542923	 0.266265	 0.868211	 0.498116	 0.498179	 0.586714	 0.516580	-0.549506	 0.249608	 0.499427
-0.408313	-0.840337	 0.540754	 0.382993	 0.889872	 0.498116	 0.498362	 0.584367	 0.390309	-0.447091	 0.374108	 0.499428
-0.453369	-0.836976	 0.538592	 0.441357	 0.898880	 0.498116	 0.498453	 0.582030	 0.827173	-0.895883	-0.063643	 0.499429
-0.475897	-0.833628	 0.536439	 0.470540	 0.901568	 0.498116	 0.498498	 0.579702	 1.043078	-1.117590	-0.281515	 0.499429
-0.487161	-0.830293	 0.534293	 0.485131	 0.401104	 0.998116	-0.001479	 0.577383	 1.148512	-0.725765	-0.390451	 0.499429
-0.492793	-0.826972	 0.532156	 0.492426	 0.150872	 1.245120	-0.250464	 0.575073	 1.198721	-0.529853	-0.444919	 0.499429
-0.495609	-0.823664	 0.530028	 0.496074	 0.525756	 0.865637	 0.125043	 0.572773	 1.221328	-0.431896	 0.027847	 0.499429
-0.497017	-0.820370	 0.527908	 0.497898	 0.711396	 0.675896	 0.311795	 0.570482	 1.230143	-0.382918	 0.263228	 0.499429
-0.497721	-0.817088	 0.525796	 0.498810	 0.802422	 0.581025	 0.405171	 0.568200	 1.232073	-0.358429	-0.119081	 0.499429
-0.498073	-0.813820	 0.523693	 0.499266	 0.846149	 0.533590	 0.451860	 0.565927	 1.230570	-0.346185	-0.309232	 0.499429
-0.498249	-0.810565	 0.521598	 0.499494	 0.866232	 0.509872	 0.475204	 0.563664	 1.227360	-0.340062	-0.404308	 0.499429
-0.498337	-0.807322	 0.519512	 0.499608	 0.874501	 0.498014	 0.486876	 0.561409	 1.223307	-0.337001	-0.451846	 0.499429
-0.498381	-0.804093	 0.517434	 0.499665	 0.876870	 0.492084	 0.492712	 0.559163	 1.218842	-0.335471	-0.475615	 0.499429
-0.498403	-0.800877	 0.015364	 0.499693	 0.376296	 0.489120	 0.495630	 0.556927	 1.214181	-0.334705	-0.487500	-0.000571
-0.498414	-0.797673	-0.235671	 0.499707	 0.126009	 0.487637	 0.497089	 0.554699	 1.209431	-0.334323	-0.493442	-0.249570
-0.498419	-0.794482	 0.138812	 0.499715	 0.000866	 0.486896	 0.497818	 0.552480	 1.204647	-0.334131	-0.496413	 0.125931
-0.498422	-0.791304	 0.325026	 0.499718	-0.061706	 0.486525	 0.498183	 0.550270	 1.199855	-0.334036	-0.497899	 0.312678
-0.498423	-0.788139	 0.417111	 0.499720	 0.407008	 0.486340	 0.498365	 0.548069	 1.195069	-0.333988	-0.498641	 0.406052
-0.498424	-0.784987	 0.462135	 0.499721	 0.639614	 0.486247	 0.498456	 0.545877	 1.190295	-0.333964	-0.499013	 0.452739
-0.498424	-0.781847	 0.483633	 0.499721	 0.754172	 0.486201	 0.498502	 0.543693	 1.185537	-0.333952	-0.499199	 0.476082
-0.498425	-0.778719	 0.493371	-0.000279	 0.809714	 0.486178	 0.498525	 0.541519	 1.180797	-0.333946	-0.499291	 0.487754
-0.498425	-0.775605	 0.497235	-0.249278	 0.835754	 0.486166	 0.498536	 0.539352	 1.176075	-0.333943	-0.499338	 0.493590
-0.498425	-0.772502	 0.498164	 0.126222	 0.847051	-0.013839	 0.498542	 0.537195	 0.671371	-0.333942	 0.000639	-0.003492
-0.498425	-0.769412	 0.498629	 0.312969	 0.850982	-0.262815	 0.498545	 0.535046	 0.419019	-0.333941	 0.249626	-0.251032
 0.001575	 0.233666	-0.001139	 0.406343	 0.351238	 0.113721	 0.498546	-0.467094	-0.707157	 1.166060	 0.374120	-0.374802
 0.250572	 0.732731	-0.250021	 0.453029	 0.101366	 0.301989	 0.498547	-0.965226	-1.266579	 1.910728	 0.436367	-0.436687
 0.875070	 1.479800	-0.874462	 0.476373	-1.023570	 0.396123	-0.001453	-1.711365	-2.542637	 2.777751	 1.467490	-1.467630
 1.184321	 1.848881	-1.183685	 0.488044	-1.581741	 0.443190	-0.250450	-2.079519	-3.173029	 3.203973	 1.978054	-1.978104
 1.335958	 2.028985	-1.335310	 0.493880	-1.856546	 0.466724	-0.374948	-2.258701	-3.480618	 3.409824	 2.228359	-2.228364
 3.408802	 3.114619	-1.908149	 0.496798	-1.989687	 0.478491	-0.937197	-2.343416	-4.126836	 4.005518	 3.348555	-2.848536
 4.434261	 3.649036	-2.189607	 0.498257	-2.052011	 0.484374	-1.215323	-2.380918	-4.440399	 4.294162	 3.899715	-3.151685
 6.436071	 3.907877	-2.325393	-0.001014	-2.078945	-0.012684	-1.351399	-2.394831	-4.587673	 3.929319	 4.666393	-3.296350
 7.420100	 4.028964	-2.388364	-0.249648	-2.088200	-0.260194	-1.416462	-2.396971	-4.651840	 3.739768	 5.038866	-3.361801
 8.395306	 4.081208	-2.414947	-0.373966	-2.088632	-0.382933	-1.446030	-2.393242	-5.174491	 3.637892	 5.714280	-3.887671
 8.864168	 4.099063	-2.423355	-0.436124	-2.084670	-0.443292	-1.457864	-2.386599	-5.424423	 3.579882	 6.039207	-4.141779
 9.579933	 4.099756	-2.422696	 0.032796	-2.078528	-0.472464	-1.460841	-2.378518	-5.038040	 3.043834	 6.688943	-4.260042
 9.917224	 4.091902	-2.417522	 0.266253	-2.071312	-0.486046	-1.459402	-2.369736	-4.835545	 2.770794	 6.999133	-4.310416
 10.065361	 4.079807	-2.410111	 0.382982	-2.063576	-0.492838	-1.455766	-2.360623	-4.725031	 2.629278	 7.139610	-4.326882
 11.119002	 4.065624	-2.401600	-0.058654	-2.055596	-0.496233	-1.451044	-1.851364	-4.660546	 2.053545	 8.195288	-4.826428
 11.621478	 4.050430	-2.392558	-0.278471	-2.047511	-0.497931	-1.445790	-1.594050	-4.619111	 1.762723	 8.704625	-5.065549
 12.848467	 4.034762	-2.383270	-0.388380	-2.039390	-0.998780	-1.440283	-1.462719	-5.089238	 0.614368	 9.440866	-5.174501
 13.433811	 4.018890	-2.373878	-0.443334	-2.031266	-1.246205	-1.434659	-1.394391	-5.313183	 0.041258	 9.788632	-5.218409
 14.198445	 4.002948	-2.364453	-0.470812	-1.523158	-1.366931	-1.928989	-1.357575	-5.414081	-0.244233	 9.942242	-5.229839
 14.550836	 3.987003	-2.355030	-0.484550	-1.267074	-1.424318	-2.171308	-1.336526	-5.453500	-0.385919	 9.998855	-5.225071
 15.197224	 4.471088	-2.345628	-0.491419	-1.137010	-1.450048	-2.287640	-0.823370	-4.962224	-0.455706	 10.007051	-5.212247
 15.488732	 4.703221	-2.336254	-0.494854	-1.069964	-1.459962	-2.340998	-0.566792	-4.707643	-0.489549	 9.991119	-5.195436
 15.602925	 4.809416	-2.326914	-0.496571	-1.034436	-1.461979	-2.362888	-0.438503	-4.571447	-0.505424	 9.963202	-5.176673
 15.628587	 4.852683	-2.317608	-0.497430	-1.014673	-1.460059	-1.869064	-0.374359	-4.494479	-0.512319	 9.929373	-5.156976
 15.610110	 4.864524	-2.308339	-0.497859	-1.002803	-1.456183	-1.619401	-0.342287	-4.447159	-0.514728	 9.892667	-5.136853
 15.569688	 4.860692	-2.299106	-0.498074	-0.994885	-1.951341	-1.491830	-0.826250	-4.414700	-0.514898	 9.854603	-4.616558
 15.518418	 4.849062	-2.289910	-0.498181	-0.988953	-2.194026	-1.425316	-1.065612	-4.389706	-0.513953	 9.815937	-4.348218
 15.461849	 4.833572	-2.280750	-0.498235	-0.984020	-1.310496	-1.889342	-0.682683	-4.368479	-0.512454	 9.777050	-4.705888
 15.402754	 4.816191	-2.271628	-0.498262	-0.979596	-0.868731	-2.116648	-0.491218	-4.349172	-0.510683	 9.738130	-4.874596
 15.342519	 4.797903	-2.262541	-0.498275	-0.975433	-1.147848	-1.725613	-0.395486	-4.330858	-0.508780	 9.699272	-4.948863
 15.281837	 4.779200	-2.253491	-0.498282	-0.971410	-1.284553	-1.527426	-0.347620	-4.313076	-0.506814	 9.660522	-4.975951
 15.221054	 4.760327	-2.244477	-0.498285	-0.967463	-1.350063	-1.425674	-0.823687	-4.295595	-0.504822	 9.621903	-4.979488
 15.160342	 4.741408	-2.235499	-0.498287	-0.963563	-1.379986	-1.372151	-1.059121	-4.278298	-0.502820	 9.583427	-4.971291
 15.099787	 4.722504	-2.226557	-0.498288	-0.959693	-1.392128	-1.342751	-1.174248	-4.261127	-0.500817	 9.545099	-4.957266
 15.039430	 4.703644	-2.217651	-0.498288	-0.955847	-1.395391	-1.325425	-0.729234	-4.244054	 0.000184	 9.506922	-4.940367
 14.979294	 4.684845	-2.208780	-0.498288	-0.952019	-1.394225	-1.314146	-0.506726	-4.227064	 0.249682	 9.468896	-4.922071
 14.919388	 5.166113	-2.199945	-0.498289	-0.948209	-1.390856	-1.305900	-0.895472	-4.210148	 0.374431	 9.431021	-4.903115
 14.859716	 5.395452	-2.191145	-0.498289	-0.944416	-1.386396	-1.299182	-1.087277	-4.193304	 0.436806	 9.393297	-4.883869
 15.300279	 5.498872	-1.682381	-0.498289	-0.440638	-1.381403	-1.793239	-0.680621	-4.176529	 0.467993	 9.355724	-4.864517
 15.489080	 5.539378	-1.425651	-0.498289	-0.188748	-1.376153	-2.035692	-0.477293	-4.159822	 0.483587	 9.318301	-4.845150
 15.552124	 5.548471	-1.794949	-0.498289	-0.062804	-1.370786	-1.652362	-0.875630	-4.143182	 0.491384	 9.281028	-4.825815
 15.552416	 5.541902	-1.975269	-0.498289	 0.000168	-1.365372	-1.458160	-1.072250	-4.126609	 0.495282	 9.243904	-4.806535
 15.521456	 5.527547	-2.061118	-0.498289	 0.031654	-1.359945	-1.358530	-1.168022	-4.110103	 0.497231	 9.206929	-4.787320
 15.474996	 5.509343	-2.099748	-0.498289	 0.047398	-0.854523	-1.806198	-0.713381	-4.093662	 0.498206	 9.170101	-4.768177
 15.420908	 5.489259	-2.114787	-0.498289	 0.055269	-0.601811	-2.025524	-0.486060	-4.077288	 0.498693	 9.133420	-4.749107
 15.363131	 5.468279	-1.618046	-0.498289	 0.059205	-0.975456	-2.130697	-0.372399	-4.060978	 0.498937	 9.096887	-4.730112
 15.303631	 5.446894	-1.367434	-0.498289	 0.061173	-1.159580	-2.178812	-0.315569	-4.044734	 0.499059	 9.060499	-4.711192
 15.243393	 5.425350	-1.239894	-0.498289	 0.062157	-1.248954	-1.698416	-0.287154	-4.028555	 0.499119	 9.024257	-4.692348
 15.182908	 5.403771	-1.173899	-0.498289	 0.062649	-1.290965	-1.455781	-0.272947	-4.012441	 0.499150	 8.988160	-4.673579
 15.122421	 5.382217	-1.138686	-0.498289	 0.062895	-0.809304	-1.332038	-0.265843	-3.996391	 0.499165	 8.952208	-4.654884
 15.062053	 5.360719	-1.118872	-0.498289	 0.063018	-0.568474	-1.267750	-0.262291	-3.980406	 0.499173	 8.916399	-4.636265
 14.501866	 5.339291	-1.106767	-0.498289	-0.436921	-0.448059	-1.233199	-0.760515	-3.964484	 0.999177	 7.880733	-4.617720
 14.193889	 5.317942	-1.098525	-0.498289	-0.685016	-0.387851	-1.213526	-1.007110	-3.948626	 1.246180	 7.349210	-4.599249
 14.012129	 5.296674	-1.092224	-0.498289	-0.807198	-0.357747	-1.201302	-1.127899	-3.932832	 1.366695	 7.069813	-4.580852
 10.893588	 4.275489	-1.586901	-0.498289	-1.366430	-0.342696	-1.692811	-2.185797	-4.417101	 0.923979	 4.416534	-3.562529
 9.318767	 3.758388	-1.830077	-0.498289	-1.642195	-0.335170	-1.934198	-2.708258	-4.649432	 0.702620	 3.086368	-3.048278
 5.015869	 1.993355	-1.447518	-0.498289	-2.276241	-0.331407	-2.050540	-2.963028	-4.255834	 0.091941	 0.917772	-2.286085
 2.862994	 1.110838	-1.254109	-0.498289	-2.587444	-0.329525	-2.104377	-3.083977	-4.051311	-0.212361	-0.164024	-1.901941
 0.285136	 0.169580	-1.155283	-0.498289	-2.737248	-0.328584	-1.626979	-2.638041	-3.441356	-0.863479	-1.202430	-1.206833
-0.999207	-0.299506	-1.103757	-0.498289	-2.806376	-0.328114	-1.385981	-2.410689	-3.130715	-1.186008	-1.717152	-0.858256
-2.136812	-2.532512	-0.575890	-0.498289	-2.335189	-0.327879	-1.263192	-2.292647	-1.969755	-2.344256	-1.970049	-0.682948
-2.699065	-3.639483	-0.311956	-0.498289	-2.095867	-0.327761	-1.199517	-2.229276	-1.387657	-2.916375	-2.092051	-0.594279
-2.973669	-4.183476	-0.179989	-0.498289	-1.972493	-0.327702	-1.165407	-2.193259	-1.094997	-3.195457	-2.148624	-0.548933
-3.104475	-4.446018	-0.114006	-0.498289	-1.907108	-0.327673	-1.146090	-1.670936	-0.947063	-2.828050	-1.672501	-0.525253
-3.163407	-4.567872	-0.081014	-0.498289	-1.870732	-0.327658	-1.134178	-1.407477	-0.871497	-2.639424	-1.432046	-0.512409
-3.186428	-4.619419	-0.064518	-0.498289	-1.848875	 0.172349	-1.125977	-1.273460	-0.832122	-2.540210	-1.809435	-0.005988
-3.191520	-4.635851	-0.056270	-0.498289	-1.834293	 0.421008	-1.119641	-1.204172	-0.810850	-2.485721	-1.993757	 0.246222
-3.187673	-4.634762	-0.052146	-0.498289	-1.823362	 0.043998	-1.114247	-1.167259	-0.798634	-2.953614	-2.081561	 0.372327
-3.179382	-4.624950	-0.050084	-0.498289	-1.814272	-0.144507	-1.109332	-1.146541	-0.790953	-3.180717	-2.121124	 0.435380
-3.168894	-4.110814	-0.049053	-0.498289	-1.806117	-0.238759	-0.604666	-1.133931	-0.285546	-2.787454	-1.636585	 0.466906
-3.157333	-3.846553	-0.048538	-0.498289	-1.798443	-0.285885	-0.352332	-1.125383	-0.032843	-2.586033	-1.392011	 0.482669
-3.145261	-3.707258	-0.048280	-0.498289	-1.791025	-0.309449	-0.226166	-1.118876	 0.093509	-2.480554	-1.267429	 0.490551
-3.132959	-3.630474	-0.048151	 0.001711	-1.783748	 0.178770	-0.163083	-1.113397	 0.156685	-2.423064	-1.702852	 0.494491
-3.120566	-3.584975	-0.048087	 0.250708	-1.776557	 0.421545	-0.131541	-1.108442	 0.188272	-2.389588	-1.916288	 0.496462
-3.108154	-3.555146	-0.048054	-0.124794	-1.769423	 0.541604	-0.115770	-0.603757	 0.204066	-2.368138	-2.018746	 0.497447
-3.095756	-3.533181	-0.048038	-0.311544	-1.762331	 0.600310	-0.107885	-0.351415	 0.211963	-2.352719	-2.065732	 0.497939
-3.083390	-3.515176	-0.048030	 0.095081	-1.755275	 0.628345	-0.103942	-0.225244	 0.715912	-2.340335	-2.085000	 0.498186
-3.071066	-3.499180	-0.048026	 0.297390	-1.748250	 0.641050	-0.101971	-0.162159	 0.965446	-2.329487	-2.090426	 0.498309
-3.058786	-3.484215	-0.048024	 0.398544	-1.741255	 0.646095	-0.100985	-0.130616	 1.087784	-1.819426	-2.088947	 0.498371
-3.046553	-3.469794	-0.048023	 0.449122	-1.734289	 0.647315	-0.100492	-0.114844	 1.146532	-1.561777	-2.084032	 0.498401
-3.034368	-3.455673	-0.048023	 0.474410	-1.727352	 0.646628	-0.100246	-0.106959	 1.173496	-1.430344	-2.077417	 0.498417
-3.022231	-3.441729	-0.048022	-0.012945	-1.220442	 0.644993	-0.100122	-0.103016	 0.184577	-1.862030	-2.069967	 0.998424
-3.010142	-3.427902	-0.048022	-0.255623	-0.965560	 0.642888	-0.100061	-0.101044	-0.308274	-2.073285	-2.062118	 1.245431
-2.998102	-3.414160	-0.048022	 0.123039	-0.836698	 0.640555	-0.100030	-0.100059	 0.446903	-2.174344	-2.054084	 0.865950
-2.986109	-3.400488	-0.048022	 0.311366	-0.770851	 0.638111	-0.100015	-0.099566	 0.822087	-2.220322	-2.045976	 0.676209
-2.974165	-3.386879	-0.048022	 0.405530	-0.736518	 0.635618	-0.100007	-0.099319	 1.007284	-1.738779	-2.037845	 1.081339
-2.962268	-3.373327	-0.048022	 0.452611	-0.717947	 0.633105	-0.100003	-0.099196	 1.097498	-1.495493	-2.029721	 1.280931
-2.950419	-3.359832	-0.048022	 0.476152	-0.707262	 0.630588	-0.100001	-0.099135	 1.140230	-1.371345	-2.021615	 0.877766
-2.938617	-3.346392	-0.048022	 0.487923	-0.700527	 0.628073	-0.100000	-0.099104	 1.159230	-1.306777	-2.013536	 0.676183
-2.926863	-3.333006	-0.048022	 0.493808	-0.695772	 0.625564	-0.100000	-0.099088	 1.166373	-1.272009	-2.005485	 0.575392
-2.915156	-3.319674	-0.048022	 0.496751	-0.692012	 0.623064	-0.099999	-0.099081	 1.167598	-1.252150	-1.997465	 0.524996
-2.903495	-3.306395	-0.048022	 0.498222	-0.688756	 0.620573	-0.099999	-0.099077	 1.165872	-1.239756	-1.989476	 0.499798
-2.891881	-3.293169	-0.048022	 0.498958	-0.685757	 0.118091	 0.400001	-0.099075	 1.162682	-1.231104	-1.981518	 0.487200
-2.880313	-3.279996	-0.048022	 0.499325	-0.682892	-0.133150	 0.648201	-0.099074	 1.158767	-1.224334	-1.973592	 0.480900
-2.868792	-3.266876	-0.048022	 0.499509	-1.180099	 0.241229	 0.270508	-0.099073	 1.154500	-1.218513	-1.965698	 0.477750
-2.857317	-3.253809	-0.048022	 0.499601	-1.425348	 0.427188	 0.081662	-0.099073	 1.150066	-1.213177	-1.957835	 0.476175
-2.845888	-3.240794	-0.048022	-0.500353	-1.044632	 0.518941	 0.487238	-0.099073	 1.145558	-1.708094	-1.950004	 0.475388
-2.834504	-3.227830	-0.048022	-0.997329	-0.852945	 0.563596	 0.688241	-0.099073	 1.141022	-1.951146	-1.942204	 0.474994
-2.823166	-3.214919	-0.048022	-1.242829	-0.755780	 0.584707	 0.786964	-0.099073	 1.136481	-2.068284	-1.934435	 0.474797
-2.811873	-3.202059	-0.048022	-0.362602	-1.205880	 0.594051	 0.334554	-0.099073	 1.131946	-1.622482	-1.926697	 0.474699
-2.800626	-3.189251	-0.048022	 0.076476	-1.427618	 0.597516	 0.108349	-0.099073	 1.127424	-1.397228	-1.918991	 0.474650
-2.789423	-3.176494	-0.048022	 0.294984	-1.035188	 0.598047	-0.004753	-0.099073	 1.122917	-1.282256	-1.911315	 0.474625
-2.778266	-3.163788	-0.048022	 0.403211	-0.837688	 0.597115	-0.061305	-0.099073	 1.118427	-1.222436	-1.903669	 0.474613
-2.767153	-2.651133	-0.048022	-0.043698	-0.737657	 0.595457	-0.089580	-0.099073	 1.113954	-1.190201	-1.896055	 0.474607
-2.756084	-2.390529	-0.048022	-0.267153	-0.686367	 0.593440	-0.103718	-0.099073	 1.109499	-1.171767	-1.888471	 0.474604
-2.745060	-2.255966	-0.048022	-0.378880	-0.659451	 0.591249	-0.110787	-0.099073	 1.105061	-1.160244	-1.880917	 0.474602
-2.734080	-2.184443	-0.048022	-0.434744	-0.644728	 0.588975	-0.114321	-0.099073	 1.100641	-1.152185	-1.873393	 0.474601
-2.723143	-2.144455	-0.048022	-0.462676	-0.636107	 0.586665	-0.116089	-0.099073	 1.096238	-1.145867	-1.865899	 0.474601
-2.712251	-2.620252	-0.048022	 0.023358	-0.630541	 0.584341	-0.116972	-0.099073	 1.091853	-1.140429	-1.858436	 0.474601
-2.701402	-2.851958	-0.048022	 0.265357	-0.626509	 0.582015	-0.117414	-0.099073	 1.087486	-1.135440	-1.851002	 0.474601
-2.690596	-2.961644	-0.048022	-0.114659	-0.623247	 0.579693	-0.117635	-0.099073	 1.083136	-1.130685	-1.843598	 0.974601
-2.679834	-3.010345	-0.048022	-0.304667	-0.620377	 0.577377	-0.117745	-0.099073	 1.078803	-1.126055	-1.836224	 1.221651
-2.669114	-3.028577	-0.048022	 0.100329	-0.617706	 0.075069	-0.117801	-0.099073	 1.074488	-1.121497	-1.828879	 0.842239
-2.658438	-3.031599	-0.048022	 0.301817	-0.615141	-0.176085	-0.117828	-0.099073	 1.070190	-1.116985	-1.821563	 0.652533
-2.647804	-2.527041	-0.048022	 0.401554	-1.112633	 0.198338	-0.117842	-0.099073	 1.065909	-1.112503	-1.814277	 0.557680
-2.637213	-2.270717	-0.048022	 0.450420	-1.358159	 0.384404	-0.117849	-0.099073	 1.061646	-1.108047	-1.807020	 0.510254
-2.626664	-2.138526	-0.048022	 0.474853	-1.477715	 0.476296	-0.117852	-0.099073	 1.057399	-1.103611	-1.799792	 0.486541
-2.616157	-2.068418	-0.048022	 0.487069	-1.034298	 0.521105	-0.117854	-0.099073	 1.053170	-1.099195	-1.792593	 0.474684
-2.605693	-2.029368	-0.048022	 0.493178	-0.811408	 0.542378	-0.117855	-0.099073	 1.048957	-1.094797	-1.785422	 0.468756
-2.595270	-2.505862	-0.048022	 0.496232	-0.698786	 0.551887	-0.117855	-0.099073	 1.044761	-1.090418	-1.778281	 0.965792
-2.584889	-2.738144	-0.048022	 0.497759	-0.641302	 0.555519	-0.117856	-0.099073	 1.040582	-1.086056	-1.771167	 1.211384
-2.574549	-2.848344	-0.048022	 0.498522	-0.611393	 0.556217	-0.117856	-0.099073	 1.036420	-1.081712	-1.764083	 0.831266
-2.564251	-2.897527	-0.048022	 0.498904	-0.595275	 0.555452	-0.117856	-0.099073	 1.032274	-1.077385	-1.757026	 0.641207
-2.553994	-2.416225	-0.048022	 0.499095	-0.586058	 0.553960	-0.117856	-0.099073	 1.028145	-1.073075	-1.749998	 0.546178
-2.543778	-2.171705	-0.048022	 0.499190	-0.580296	 0.552109	-0.117856	-0.099073	 1.024032	-1.068783	-1.742998	 0.498663
-2.533603	-2.045590	-0.048022	 0.499238	-0.576266	 0.550083	-0.117856	-0.099073	 1.019936	-1.064508	-1.736026	 0.974906
-2.523469	-1.978694	-0.048022	 0.499262	-0.573106	 0.547974	-0.117856	-0.099073	 1.015857	-1.060250	-1.729082	 1.210125
-2.513375	-1.941422	-0.048022	 0.499274	-0.570386	 0.545828	-0.117856	-0.099073	 1.011793	-1.056009	-1.722166	 1.324843
-2.503321	-1.918978	-0.048022	 0.499280	-0.567891	 0.543667	-0.117856	-0.099073	 1.007746	-1.051785	-1.715277	 0.879324
-2.493308	-1.903962	-0.048022	 0.499283	-0.565513	 0.541504	-0.117856	-0.099073	 1.003715	-1.047578	-1.708416	 0.656564
-2.483335	-1.892677	-0.048022	 0.499284	-0.563197	 0.539344	 0.382144	-0.099073	 0.999700	-1.543387	-1.701583	 1.045184
-2.473401	-1.883271	-0.048022	 0.499285	-0.560918	 0.537189	 0.630380	-0.099073	 0.995701	-1.787214	-1.694776	 1.236626
-2.463508	-1.874821	-0.048022	 0.499286	-0.558661	 0.535042	 0.252741	-0.099073	 0.991719	-1.405065	-1.687997	 1.329491
-2.453654	-1.866863	-0.048022	 0.499286	-0.556420	 0.532902	 0.063921	-0.099073	 0.987752	-1.211945	-1.681245	 1.373079
-2.443839	-1.859166	-0.048022	 0.499286	-0.554191	 0.530771	-0.030489	-0.099073	 0.983801	-1.113347	-1.674520	 0.892040
-2.434064	-1.851615	-0.048022	 0.499286	-0.551972	 0.528648	-0.077694	-0.099073	 0.979865	-1.062018	-1.667822	 0.651520
-2.424328	-1.844151	-0.048022	 0.499286	-0.549763	 0.526534	-0.101296	-0.099073	 0.975946	-1.034333	-1.661151	 0.531260
-2.414630	-2.336746	-0.048022	 0.499286	-0.547564	 0.524428	 0.386902	-0.099073	 0.972042	-1.018477	-1.654506	 0.471130
-2.404972	-2.577384	-0.048022	 0.499286	-0.545374	 0.522330	 0.629252	-0.099073	 0.968154	-1.008543	-1.647888	 0.441065
-2.395352	-2.192068	-0.048022	 0.499286	-0.543192	 0.520241	 0.248683	-0.099073	 0.964281	-1.501580	-1.641297	 0.426033
-2.385770	-1.995796	-0.048022	 0.499286	-0.541019	 0.518160	 0.058399	-0.099073	 0.960424	-1.744108	-1.634731	 0.418517
-2.376227	-1.894061	-0.048022	 0.499286	-0.538855	 0.016087	-0.036744	-0.099073	 0.956583	-1.361400	-1.628192	 0.414759
-2.366722	-1.839609	-0.048022	 0.499286	-0.536700	-0.234949	-0.084315	-0.099073	 0.952756	-1.168088	-1.621680	 0.412879
-2.357256	-1.808812	-0.048022	 0.499286	-0.534553	 0.139532	-0.108100	-0.099073	 0.948945	-1.069482	-1.115193	 0.411940
-2.347826	-1.789858	-0.048022	 0.499286	-0.532415	 0.325745	-0.119993	-0.099073	 0.945149	-1.018238	-0.860732	 0.411470
-2.338435	-1.776839	-0.048022	 0.499286	-0.530285	 0.417828	-0.125939	-0.099073	 0.941369	-0.990682	-0.732289	 0.411235
-2.329081	-1.766802	-0.048022	 0.499286	-0.528164	 0.462849	-0.128912	-0.099073	 0.937603	-0.974977	-1.166860	 0.411118
-2.319765	-1.758270	-0.048022	 0.499286	-0.526051	 0.484344	-0.130399	-0.099073	 0.933853	-0.965206	-1.380943	 0.411059
-2.310486	-1.750505	-0.048022	-0.000714	-0.523947	 0.494080	-0.131142	-0.099073	 0.930118	-0.958410	-1.484794	 0.911030
-2.301244	-1.743136	-0.048022	-0.249713	-0.521851	 0.497940	-0.131514	-0.099073	 0.926397	-0.953109	-1.533542	 1.158193
-2.292039	-1.735981	-0.048022	 0.125788	-0.519764	 0.498867	-0.131700	-0.099073	 0.422691	-0.948563	-1.554752	 0.778964
-2.282871	-1.728945	-0.048022	 0.312536	-0.517685	 0.499330	-0.131793	-0.099073	 0.170839	-0.944401	-1.562205	 0.589350
-2.273740	-1.721984	-0.048022	 0.405910	-0.515614	 0.499562	-0.131839	-0.099073	 0.044912	-0.940440	-1.562792	 0.494542
-2.264645	-1.715073	-0.048022	 0.452597	-0.513551	 0.499678	-0.131862	-0.099073	-0.018051	-0.936587	-1.559959	 0.447139
-2.255586	-1.708201	-0.048022	 0.475940	-0.511497	 0.499736	-0.131874	-0.099073	-0.049533	-0.932795	-1.555428	 0.423437
-2.246564	-1.701363	-0.048022	 0.487612	-0.509451	 0.499765	 0.368120	-0.099073	 0.434727	-0.929041	-1.550061	 0.411586
-2.237577	-1.694554	-0.048022	 0.493448	-0.507413	 0.499779	 0.616381	-0.099073	 0.675018	-0.925313	-1.544288	 0.405660
-2.228627	-1.687775	-0.048022	 0.496366	-0.005384	 0.499786	 0.738782	-0.099073	 0.793334	-0.921606	-1.538324	 0.402698
-2.219713	-1.681023	-0.048022	 0.497825	 0.245631	 0.499790	 0.798260	-0.099073	 0.850668	-0.917917	-1.532278	 0.401216
-2.210834	-1.674298	-0.048022	 0.498554	-0.128862	 0.499792	 0.326284	-0.099073	-0.122481	-0.914244	-1.526202	 0.900476
-2.201990	-1.667601	-0.048022	 0.498919	-0.315101	 0.499793	 0.090296	-0.099073	-0.606864	-0.910586	-1.520124	 1.147306
-2.193182	-1.660930	-0.048022	 0.499101	-0.407218	 0.499793	-0.027698	-0.099073	 0.153127	-0.906943	-1.514057	 1.267933
-2.184410	-1.654287	-0.048022	 0.499192	-0.453277	 0.499793	-0.086695	-0.099073	 0.531296	-0.903315	-1.508007	 1.325469
-2.175672	-1.647670	-0.048022	 0.499238	-0.476306	 0.499793	-0.116194	-0.099073	 0.718562	-0.899702	-1.501978	 1.351471
-2.166969	-1.641079	-0.048022	 0.499261	-0.487821	 0.499793	 0.369057	 0.400927	 0.810383	-0.896103	-1.495972	 0.861717
-2.158301	-1.634515	-0.048022	 0.499272	-0.493578	 0.499793	 0.609974	 0.649125	 0.854489	-0.892519	-1.489989	 0.616840
-2.149668	-1.627976	-0.048022	 0.499278	-0.496457	 0.499793	 0.228730	 0.271430	 0.874745	-0.888948	-1.484029	 0.494402
-2.141070	-1.621465	-0.048022	 0.499281	-0.497896	 0.499793	 0.038109	 0.082582	 0.883083	-0.885393	-1.478094	 0.433183
-2.132505	-1.614979	-0.048022	 0.499282	-0.498616	 0.499793	 0.442798	-0.011842	 0.885469	-0.881851	-0.972181	 0.402573
-2.123975	-1.608519	-0.048022	 0.499283	-0.498976	 0.499793	 0.643447	-0.059054	 0.884886	-0.878324	-0.719225	 0.387268
-2.115479	-1.602085	-0.048022	 0.499283	-0.499155	 0.499793	 0.242084	 0.417340	 0.882826	-0.874810	-1.092747	 0.379616
-2.107017	-1.595676	-0.048022	 0.499283	-0.499245	 0.499793	 0.041402	 0.653750	 0.880035	-0.871311	-1.276576	 0.375790
-2.098589	-1.589294	-0.048022	 0.499284	-0.499290	 0.499793	-0.058939	 0.770174	 0.876885	-0.867826	-1.365569	 0.373876
-2.090195	-1.582936	-0.048022	 0.499284	-0.499313	 0.499793	 0.390891	 0.326613	 0.873562	-0.864355	-1.407157	 0.872920
-2.081834	-1.576605	-0.048022	 0.499284	-0.499324	 0.499793	 0.614124	 0.104833	 0.870160	-0.860897	-1.425053	 1.119698
-2.073507	-1.570298	-0.048022	 0.499284	 0.000670	 0.499793	 0.224066	-0.006058	 0.866726	-0.857454	-1.431115	 0.740354
-2.065213	-1.564017	-0.048022	 0.499284	 0.249666	 0.499793	 0.029037	-0.061503	 0.863282	-0.854024	-1.431272	 0.550682
-2.056952	-1.557761	-0.048022	 0.499284	 0.374164	 0.499793	 0.431523	 0.410775	 0.859841	-0.350608	-1.428487	 0.955846
-2.048724	-1.551530	-0.048022	 0.499284	 0.436413	 0.499793	 0.631097	 0.645147	 0.856407	-0.098900	-1.424244	 1.155706
-2.040529	-1.545324	-0.048022	 0.499284	 0.467537	 0.499793	 0.729223	 0.260575	 0.852984	-0.473046	-1.419282	 1.252924
-2.032367	-1.539143	-0.048022	 0.499284	 0.483100	 0.499793	 0.776632	 0.068288	 0.849574	-0.658424	-1.413972	 1.298834
-2.024238	-1.532986	-0.048022	 0.499284	 0.490881	 0.499793	 0.798688	-0.027855	 0.846176	-0.749426	-1.408500	 1.319099
-2.016141	-1.526854	 0.451978	 0.499284	 0.494771	 0.499793	 0.808074	-0.075927	 1.342792	-0.793246	-1.402958	 1.326552
-2.008076	-1.520747	 0.700074	 0.499284	 0.496717	 0.499793	 0.811133	-0.099962	 1.587421	-0.813482	-1.397392	 1.327611
-2.000044	-1.514664	 0.322226	 0.499284	 0.497689	 0.499793	 0.811034	 0.388020	 1.206071	-0.321932	-1.391826	 1.325483
-1.992044	-1.508605	 0.133301	 0.499284	 0.498176	 0.499793	 0.809362	 0.630259	 1.013747	-0.076158	-1.386270	 1.321773
-1.984076	-1.502571	 0.038839	 0.499284	 0.498419	 0.499793	 0.806911	 0.249633	 0.915942	 0.046730	-0.880731	 1.317281
-1.976139	-1.496560	-0.008392	 0.499284	 0.498540	 0.499793	 0.804076	 0.059321	 0.865403	 0.108174	-0.627961	 1.312410
-1.968235	-1.490574	-0.032007	 0.499284	 0.498601	 0.499793	 0.801057	-0.035836	 0.838504	-0.361105	-1.001576	 0.807359
-1.960362	-1.484612	-0.043815	 0.499284	 0.498632	 0.499793	 0.797951	-0.083414	 0.823431	-0.594083	-1.185633	 0.554834
-1.952520	-1.478673	-0.049719	 0.499284	 0.498647	 0.499793	 0.794808	-0.107203	 0.814278	-0.708918	-1.274922	 0.428571
-1.944710	-1.472759	-0.052671	 0.499284	-0.001346	 0.499793	 0.791653	 0.380902	 0.808091	-0.264688	-1.316839	 0.365440
-1.936931	-1.466868	-0.054147	 0.499284	-0.250339	 0.499793	 0.788499	 0.623217	 0.803394	-0.042573	-1.335079	 0.333874
-1.929184	-1.461000	-0.054885	 0.499284	 0.125164	 0.499793	 0.785351	 0.242643	 0.799448	-0.431515	-1.341493	 0.318091
-1.921467	-1.455156	-0.055254	 0.499284	 0.311914	 0.499793	 0.782213	 0.052356	 0.795884	-0.624346	-1.342004	 0.310200
-1.913781	-1.449336	-0.055438	 0.499284	-0.094711	 0.499793	 0.779086	-0.042787	 0.792518	-0.219127	-1.339574	 0.306254
-1.906126	-1.443538	-0.055530	 0.499284	-0.297020	 0.499793	 0.775970	-0.090359	 0.789256	-0.016517	-1.335685	 0.304281
-1.898501	-1.437764	 0.444423	 0.499284	 0.101825	 0.499793	 0.772867	 0.385855	 0.786053	 0.084788	-1.331077	 0.803295
-1.890907	-1.432013	 0.692512	 0.499284	 0.300246	 0.499793	 0.769775	 0.622238	 0.782886	 0.135440	-1.326120	 1.050197
-1.883344	-1.426285	 0.814674	 0.499284	 0.399457	 0.499793	 0.766696	 0.738713	 0.779743	 0.160766	-1.320999	 1.171054
-1.875810	-1.420580	 0.373882	 0.499284	 0.449062	 0.499793	 0.763630	 0.295239	 1.276618	-0.326571	-1.315807	 0.728899
-1.868307	-1.414897	 0.153486	 0.499284	 0.473865	 0.499793	 0.760575	 0.073503	 1.521509	-0.568611	-1.310590	 0.507821
-1.860834	-1.409238	 0.043288	 0.499284	-0.013734	 0.499793	 0.757533	-0.037366	 1.140422	-0.688010	-0.805370	 0.897282
-1.853391	-1.403601	-0.011811	 0.499284	-0.256531	 0.499793	 0.754503	-0.092800	 0.948359	-0.746095	-0.552761	 1.089439
-1.845977	-1.397987	-0.039360	 0.499284	 0.122071	 0.499793	 0.751485	-0.120517	 0.850815	-0.773529	-0.926456	 0.682955
-1.838593	-1.392395	-0.053135	 0.499284	 0.310370	 0.499793	 0.748479	-0.134375	 0.800537	-0.785644	-1.110703	 0.479712
-1.831239	-1.386825	-0.060023	 0.499284	-0.095480	 0.499793	 0.745485	-0.141305	 0.773897	-0.290106	-1.200237	 0.378091
-1.823914	-1.381278	-0.063466	 0.499284	-0.297402	 0.499793	 0.742503	-0.144769	 0.759083	-0.042337	-1.242424	 0.327281
-1.816618	-1.375753	-0.065188	 0.499284	-0.398364	 0.499793	 0.739533	-0.146502	 0.750187	 0.081548	-1.260949	 0.301875
-1.809352	-1.370250	 0.433951	 0.499284	 0.051156	 0.499793	 0.736575	-0.147368	 0.744257	-0.356510	-0.767652	 0.789173
-1.802114	-1.364769	 0.681654	 0.499284	 0.274914	 0.499793	 0.733628	-0.147801	 0.739815	-0.573950	-0.521004	 1.030268
-1.794906	-1.359309	 0.303647	 0.499284	 0.386793	-0.000207	 0.230694	 0.351983	 1.236123	-0.181087	-0.897679	 1.148273
-1.787726	-1.353872	 0.114644	 0.499284	 0.442733	-0.249206	-0.020773	 0.600171	 1.480812	 0.015344	-1.083469	 1.204743
-1.780575	-1.348457	 0.520142	 0.499284	 0.470703	 0.126294	 0.353493	 0.222568	 1.099706	 0.113560	-1.173825	 0.730456
-1.773453	-1.343063	 0.721040	 0.499284	 0.484688	 0.313041	 0.539171	 0.033767	 0.907716	 0.162668	-1.216474	 0.493312
-1.766359	-1.337691	 0.319645	 0.499284	-0.008320	 0.406414	 0.630560	-0.060634	 0.810289	-0.312778	-1.235281	 0.874741
-1.759294	-1.332340	 0.118947	 0.499284	-0.253821	 0.453100	 0.674810	-0.107834	 0.760150	-0.548925	-1.242176	 1.062942
-1.752257	-1.327011	 0.518599	 0.499284	 0.123428	-0.023556	 0.695498	-0.131434	 1.233660	-0.165428	-1.243126	 1.154541
-1.745248	-1.321703	 0.716588	 0.499284	 0.311052	-0.260884	 0.704409	-0.143234	 1.467001	 0.026321	-1.241112	 1.197848
-1.738267	-1.316416	 0.813753	 0.499284	 0.404863	-0.379548	 0.707438	-0.149134	 1.580271	 0.122195	-1.237627	 1.217019
-1.731314	-1.311150	 0.360514	 0.499284	 0.451769	 0.061120	 0.707531	 0.347916	 1.133519	-0.329868	-1.233416	 0.724132
-1.724388	-1.305905	 0.133894	 0.499284	 0.475222	 0.280450	 0.706163	 0.594751	 0.908769	-0.554336	-1.228853	 0.477689
-1.717491	-1.300682	 0.020585	 0.499284	-0.013051	 0.390116	 0.704069	 0.716485	 0.795026	-0.665012	-1.224122	 0.354467
-1.710621	-1.295479	-0.036070	 0.499284	-0.256185	 0.444948	 0.701618	 0.775676	 0.736792	-0.718799	-1.219318	 0.292856
-1.703778	-1.290297	-0.064398	 0.499284	-0.377752	 0.472365	 0.698995	 0.303601	 1.206318	-0.744147	-1.214487	 0.762051
-1.696963	-1.285136	-0.078561	 0.499284	-0.438536	 0.486073	 0.696290	 0.067564	 1.437730	-0.755282	-1.209652	 0.994186
-1.690175	-1.279995	-0.085643	 0.499284	 0.031072	 0.492927	 0.693550	-0.050454	 1.550097	-0.759317	-1.204825	 1.107800
-1.683415	-1.274875	-0.089184	 0.499284	 0.264875	 0.496354	 0.690799	-0.109464	 1.602956	-0.759807	-1.200012	 1.162165
-1.676681	-1.269776	-0.090955	 0.499284	 0.381776	 0.498067	 0.688047	-0.138968	 1.626073	-0.758532	-1.195215	 1.186914
-1.669974	-1.264697	-0.091840	-0.000716	 0.440227	 0.498924	 0.685301	 0.346279	 1.634334	-0.756380	-1.190435	 0.696865
-1.663294	-1.259638	-0.092282	-0.249715	 0.469452	 0.499352	 0.682562	 0.587240	 1.635179	-0.753795	-1.185674	 0.451841
-1.656641	-1.254600	-0.092504	-0.374214	-0.015935	 0.499567	 0.679834	 0.206064	 1.132329	-0.251001	-1.180932	 0.829329
-1.650015	-1.249581	-0.092614	-0.436464	-0.257626	 0.499674	 0.677115	 0.015476	 0.879646	 0.000397	-1.176208	 1.015659
-1.643415	-1.244583	 0.407330	 0.032411	-0.378471	 0.499727	 0.674407	-0.079818	 0.752050	 0.126095	-1.171503	 0.606420
-1.636841	-1.239604	 0.655488	 0.265846	-0.438894	 0.499754	 0.671709	-0.127465	 0.687003	 0.188945	-1.166818	 0.401801
-1.630293	-1.234646	 0.777760	 0.382564	 0.030894	 0.499767	 0.169023	-0.151288	 0.653236	 0.220369	-1.162150	 0.299491
-1.623772	-1.229707	 0.837095	 0.440923	 0.264787	 0.499774	-0.082321	-0.163200	 0.635113	 0.236082	-1.157502	 0.248336
-1.617277	-1.224789	 0.864970	 0.470102	 0.381734	 0.499777	-0.207992	-0.169156	 0.624818	 0.243938	-1.152872	 0.222759
-1.610808	-1.219889	 0.377122	 0.484692	 0.440207	-0.000221	 0.229172	 0.327866	 0.618441	-0.252134	-1.148260	 0.709970
-1.604365	-1.215010	 0.133198	 0.491986	 0.469444	-0.249220	 0.446421	 0.574727	 0.614029	-0.498674	-1.143667	 0.951182
-1.597947	-1.210150	 0.011236	 0.495634	-0.015938	-0.373719	 0.553719	 0.196515	 1.110603	-0.120453	-1.139092	 1.069402
-1.591556	-1.205309	-0.049745	 0.497458	-0.257626	-0.435969	 0.606045	 0.007409	 1.355676	 0.068657	-1.134536	 1.126138
-1.585189	-1.200488	 0.419765	 0.498369	 0.121530	 0.032907	 0.630892	 0.412855	 0.975011	 0.163213	-1.129998	 1.152139
-1.578849	-1.195686	 0.652741	 0.498825	 0.310106	 0.266341	 0.642004	 0.613942	 0.783490	 0.210490	-1.125478	 1.162784
-1.572533	-1.190903	 0.767457	 0.499053	-0.095605	 0.383058	 0.646253	 0.212856	 1.186545	-0.265871	-1.120976	 0.665760
-1.566243	-1.186140	 0.823051	 0.499167	-0.297459	 0.441416	 0.647077	 0.012312	 1.384894	-0.502567	-1.116492	 0.417247
-1.559978	-1.181395	 0.849091	 0.499224	-0.398385	 0.470595	 0.646193	-0.087959	 1.480902	-0.619437	-1.112026	 0.292991
-1.553738	-1.176670	 0.860361	 0.499253	 0.051151	 0.485185	 0.644461	 0.361905	 1.525752	-0.176399	-1.107578	 0.730863
-1.547523	-1.171963	 0.864252	 0.499267	 0.274918	 0.492480	 0.642309	 0.585213	 1.545036	 0.045120	-1.103148	 0.947462
-1.541333	-1.167275	 0.364462	 0.499274	 0.386802	 0.496127	 0.639953	 0.195251	 1.551549	 0.155880	-1.098735	 1.053433
-1.535168	-1.162606	 0.114566	 0.499278	 0.442744	 0.497951	 0.637499	 0.000269	 1.551689	 0.211259	-1.094340	 1.104099
-1.529027	-1.157956	-0.010381	 0.499280	-0.029286	 0.498863	 0.635003	-0.097222	 1.048656	 0.238949	-1.089963	 0.627123
-1.522911	-1.153324	-0.072855	 0.499280	-0.264297	 0.499319	 0.632489	-0.145967	 0.796048	 0.252794	-1.085603	 0.388635
-1.516819	-1.148710	-0.104092	 0.499281	 0.118197	 0.499547	 0.129973	-0.170340	 0.668657	 0.259717	-1.081261	 0.769391
-1.510752	-1.144116	-0.119710	 0.499281	 0.308442	 0.499661	-0.121286	-0.182526	 0.603879	 0.263178	-1.076936	 0.957469
-1.504709	-1.139539	-0.127520	 0.499281	 0.403565	 0.499718	-0.246915	-0.188619	 0.570412	 0.264908	-1.072628	 1.049217
-1.498690	-1.134981	 0.368576	 0.499281	 0.451126	 0.499746	 0.190271	 0.308334	 1.052605	 0.265774	-1.068337	 0.592809
-1.492696	-1.130441	 0.614894	 0.499281	 0.474907	 0.499760	 0.407608	 0.555200	 1.290631	 0.266206	-1.064064	 0.364605
-1.486725	-1.125919	 0.736331	 0.499281	-0.013203	 0.499767	 0.515027	 0.177029	 1.406587	-0.233577	-1.059808	 0.250503
-1.480778	-1.121416	 0.795334	 0.499281	-0.256255	 0.499771	 0.567492	-0.012056	 1.461520	-0.482002	-1.055568	 0.193451
-1.474855	-1.116930	 0.323126	 0.499281	 0.122219	 0.499773	 0.592484	-0.106599	 0.985954	-0.104754	-1.051346	 0.164926
-1.468955	-1.112462	 0.087023	 0.499281	 0.310455	 0.499774	 0.603746	-0.153870	 0.747150	 0.083870	-1.047141	 0.150663
-1.463080	-1.108012	-0.031029	 0.499281	-0.095427	 0.499774	 0.608146	 0.322494	 0.626731	 0.178182	-1.042952	 0.143532
-1.457227	-1.103580	-0.090055	 0.499281	-0.297366	 0.499774	 0.609122	 0.559078	 0.565509	 0.225338	-1.038780	 0.139966
-1.451398	-1.099166	-0.119568	 0.499281	-0.398335	 0.499774	 0.608389	 0.675779	 0.533890	 0.248916	-1.034625	 0.138183
-1.445593	-1.094769	 0.365676	 0.499281	-0.448820	 0.499775	 0.606807	 0.232545	 0.517075	-0.239295	-1.030487	 0.137292
-1.439810	-1.090390	 0.606596	 0.499281	-0.474062	 0.499775	 0.604806	 0.010928	 0.507668	-0.481945	-1.026365	 0.136846
-1.434051	-1.086029	 0.725361	 0.499281	 0.013317	 0.499775	 0.102600	-0.099881	 0.502964	-0.601821	-0.522259	 0.136623
-1.428315	-1.081685	 0.783055	 0.499281	 0.256005	 0.499775	-0.148503	-0.155285	 0.500612	-0.660316	-0.270207	 0.136512
-1.422602	-1.077358	 0.810220	 0.499281	 0.377349	 0.499775	 0.225945	 0.317012	 0.499436	-0.688126	-0.144180	 0.636456
-1.416911	-1.073048	 0.822128	 0.499281	 0.438021	 0.499775	 0.411969	 0.551583	 0.498848	-0.700599	-0.081167	 0.884156
-1.411244	-1.068756	 0.826414	 0.499281	 0.468357	 0.499775	 0.503784	 0.667296	 0.498554	-0.705409	-0.549661	 1.005742
-1.405599	-1.064481	 0.826896	 0.499281	 0.483525	 0.499775	 0.548501	 0.723586	 0.498407	-0.706394	-0.781871	 1.064280
-1.399976	-1.060223	 0.825482	 0.499281	 0.491109	 0.499775	 0.569673	 0.750171	 0.498333	-0.705471	-0.895948	 1.091303
-1.394376	-1.055982	 0.823127	 0.499281	 0.494901	-0.000225	 0.579077	 0.761911	 0.498297	-0.203601	-0.950966	 0.602578
-1.388799	-1.051758	 0.820308	 0.499281	 0.496797	-0.249225	 0.582602	 0.766233	 0.498278	 0.047334	-0.976464	 0.358216
-1.383244	-1.047551	 0.317263	 0.499281	 0.497745	 0.126275	 0.583193	 0.766853	 0.498269	 0.172802	-0.987208	 0.736035
-1.377711	-1.043361	 0.065741	 0.499281	 0.498219	 0.313022	 0.582320	 0.765628	 0.498264	 0.235535	-0.990585	 0.922716
-1.372200	-1.039188	 0.439980	 0.499281	 0.498456	 0.406395	 0.580721	 0.263487	 0.998262	 0.266902	-0.990285	 1.013839
-1.366711	-1.035031	 0.625471	 0.499281	 0.498574	 0.453082	 0.578763	 0.012416	 1.245264	 0.282586	-0.988155	 1.057190
-1.361244	-1.030891	 0.716594	 0.499281	 0.498634	 0.476425	 0.576631	-0.113119	 0.865781	 0.290427	-0.485118	 0.576664
-1.355799	-1.026767	 0.760541	 0.499281	 0.498663	 0.488097	 0.574416	-0.175887	 0.676039	 0.294348	-0.233600	 0.336401
-1.350376	-1.022660	 0.780905	 0.499281	 0.498678	 0.493933	 0.572164	-0.207271	 0.581169	 0.296309	-0.107841	 0.216270
-1.344974	-1.018570	 0.789484	 0.499281	 0.498685	-0.003150	 0.569898	 0.277037	 1.033733	 0.297289	-0.044961	 0.656204
-1.339595	-1.014495	 0.792178	 0.499281	 0.498689	-0.250690	 0.567630	 0.517669	 1.257043	 0.297779	-0.013521	 0.873979
-1.334236	-1.010437	 0.791935	 0.499281	 0.498691	 0.125540	 0.565365	 0.636468	 0.865737	 0.298024	-0.497801	 0.980683
-1.328899	-1.006396	 0.790230	 0.499281	 0.498692	 0.312651	 0.563106	 0.694357	 0.670084	 0.298147	-0.737977	 1.031860
-1.323584	-1.002370	 0.787801	 0.499281	 0.498692	 0.406207	 0.560855	 0.721797	 0.572258	 0.298208	-0.856109	 1.055283
-1.318289	-0.998361	 0.785015	 0.499281	 0.498693	 0.452984	 0.558612	 0.734018	 0.523344	 0.298239	-0.913226	 1.064837
-1.313016	-0.994367	 0.282058	 0.499281	 0.498693	 0.476373	 0.556378	 0.738637	 0.498888	 0.298254	-0.439844	 0.567465
-1.307764	-0.990390	 0.030580	 0.499281	 0.498693	 0.488068	 0.554153	 0.739459	 0.486659	 0.298262	-0.203153	 0.318779
-1.302533	-0.986428	 0.404840	 0.499281	 0.498693	 0.493915	 0.051936	 0.738390	-0.019455	 0.298265	-0.584808	 0.694436
-1.297323	-0.982482	 0.590412	 0.499281	 0.498693	 0.496839	-0.199172	 0.736381	-0.271461	 0.298267	-0.773702	 0.880124
-1.292134	-0.978552	 0.681647	 0.499281	 0.498693	 0.498300	-0.324726	 0.733907	-0.396417	 0.298268	-0.866224	 0.970837
-1.286965	-0.974638	 0.725718	 0.499281	 0.498693	-0.000969	-0.387503	 0.231208	 0.042148	 0.298269	-0.910567	 0.514070
-1.281817	-0.970740	 0.746214	 0.499281	 0.498693	-0.249603	-0.418892	-0.020142	 0.261430	 0.298269	-0.930829	 0.285687
-1.276690	-0.966857	 0.754929	 0.499281	-0.001307	 0.126080	 0.065414	 0.354183	 0.371072	 0.298269	-0.939058	 0.671495
-1.271583	-0.962989	 0.757759	 0.499281	-0.250305	 0.312918	 0.306468	 0.539889	 0.425892	 0.298269	-0.941278	 0.862284
-1.266497	-0.959137	 0.757652	 0.499281	-0.374803	 0.406337	 0.425899	 0.131290	 0.453302	 0.298269	-0.940501	 0.955573
-1.261431	-0.955301	 0.756084	 0.499281	-0.437053	 0.453047	 0.484524	-0.073009	 0.467008	 0.298269	-0.938233	 1.000120
-1.256385	-0.951480	 0.253791	 0.499281	 0.031823	 0.476401	 0.512751	 0.324842	 0.973860	 0.298269	-0.935227	 1.020304
-1.251360	-0.947674	 0.002645	 0.499281	 0.265259	 0.488079	 0.525782	 0.522321	 1.224325	 0.298269	-0.931860	 1.028315
-1.246354	-0.943883	-0.122929	 0.499281	 0.381977	 0.493917	 0.531220	 0.619622	 1.346608	 0.298269	-0.928319	 1.030247
-1.241369	-0.940107	 0.314285	 0.499281	 0.440336	 0.496837	 0.532866	 0.666838	 0.904812	 0.298269	-0.924699	 0.529149
-1.236403	-0.936347	 0.531388	 0.499281	 0.469516	 0.498296	 0.532619	 0.689018	 0.683913	 0.298269	-0.921047	 0.278600
-1.231458	-0.932602	 0.638443	 0.499281	 0.484105	 0.499026	 0.531432	 0.198686	 0.573464	 0.298269	-0.917386	 0.653326
-1.226532	-0.928871	 0.690480	 0.499281	 0.491400	 0.499391	 0.529777	-0.046481	 0.518240	 0.298269	-0.913728	 0.838633
-1.221626	-0.925156	 0.215013	 0.499281	 0.495048	 0.499574	 0.527894	 0.330936	 0.990627	 0.298269	-0.410079	 0.929238
-1.216739	-0.921455	-0.022721	 0.499281	 0.496871	 0.499665	 0.525900	 0.518228	 1.223895	 0.298269	-0.158255	 0.972501
-1.211872	-0.917769	-0.141587	 0.499281	 0.497783	-0.000290	 0.523855	 0.610463	 0.837615	 0.298269	-0.032342	 0.992101
-1.207025	-0.914098	-0.201021	 0.499281	 0.498239	-0.249266	 0.521789	 0.655175	 0.644475	 0.298269	 0.030614	 0.999878
-1.202197	-0.910442	-0.230737	 0.499281	 0.498467	-0.373755	 0.519717	 0.676131	 0.547905	 0.298269	 0.062092	 1.001751
-1.197388	-0.906800	 0.254404	 0.499281	 0.498581	 0.064001	 0.517645	 0.685215	 0.999620	 0.298269	-0.422169	 1.000680
-1.192598	-0.903173	 0.495496	 0.499281	 0.498638	 0.281876	 0.515578	 0.688369	 1.222574	 0.298269	-0.662487	 0.998145
-1.187828	-0.899560	 0.614569	 0.499281	 0.498667	 0.390813	 0.513518	 0.688562	 0.831161	 0.298269	-0.780840	 0.494887
-1.183077	-0.895962	 0.672638	 0.499281	 0.498681	 0.445281	 0.511465	 0.687282	 0.635454	 0.298269	-0.838218	 0.243258
-1.178344	-0.892378	 0.200211	 0.499281	 0.498688	 0.472516	 0.009419	 0.685269	 0.537600	-0.201731	-0.865116	 0.617443
-1.173631	-0.888809	-0.036003	 0.499281	 0.498692	 0.486133	-0.241603	 0.682896	 0.488674	-0.450327	-0.876781	 0.802552
-1.168936	-0.885253	-0.154109	 0.499281	 0.498693	 0.492941	 0.132885	 0.180349	 0.464210	-0.073228	-0.880836	 0.393132
-1.164261	-0.881712	-0.213163	 0.499281	 0.498694	 0.496346	 0.319115	-0.070925	 0.451979	 0.115322	-0.881094	 0.188421
-1.159604	-0.878185	-0.242689	 0.499281	 0.498695	 0.498048	 0.411219	-0.196561	 0.445863	 0.209597	-0.879461	 0.086066
-1.154965	-0.874673	-0.257453	 0.499281	 0.498695	 0.498899	 0.456265	-0.259380	 0.942805	 0.256734	-0.876888	 0.534889
-1.150345	-0.871174	-0.264834	 0.499281	 0.498695	 0.499325	 0.477785	-0.290789	 1.188396	 0.280303	-0.873853	 0.757333
-1.145744	-0.867689	 0.231475	 0.499281	 0.498695	 0.499537	 0.488545	-0.306494	 1.308324	 0.292087	-0.370594	 0.866595
-1.141161	-0.864219	 0.478174	 0.499281	 0.498695	 0.499644	 0.493925	-0.314346	 1.365432	 0.297980	-0.118965	 0.919274
-1.136596	-0.860762	 0.600074	 0.499281	 0.498695	 0.499697	 0.496615	-0.318272	 1.391140	-0.199074	-0.493150	 0.943670
-1.132050	-0.857319	 0.659580	 0.499281	 0.498695	 0.499723	 0.497960	-0.320235	 1.401161	-0.446209	-0.678508	 0.953932
-1.127522	-0.853889	 0.187894	 0.499281	 0.498695	 0.499737	 0.498632	 0.178783	 1.403349	-0.068390	-0.769459	 0.457134
-1.123012	-0.850474	-0.047948	 0.499281	 0.498695	 0.499743	 0.498968	 0.426937	 1.401632	 0.120520	-0.813214	 0.208736
-1.118520	-0.847072	-0.165870	 0.499281	 0.498695	 0.499747	 0.499137	 0.549663	 1.397973	 0.214975	-0.833377	 0.084536
-1.114046	-0.843684	 0.275170	 0.499281	 0.498695	 0.499748	 0.499221	 0.609682	 0.893356	 0.262202	-0.841752	 0.522437
-1.109589	-0.840309	 0.494257	 0.499281	 0.498695	 0.499749	 0.499263	 0.638352	 0.641047	 0.285816	-0.844239	 0.739466
-1.105151	-0.836948	 0.602374	-0.000719	 0.498695	 0.499750	 0.499284	 0.151353	 0.514892	 0.297623	-0.343789	 0.346068
-1.100730	-0.833600	 0.655011	-0.249717	 0.498695	 0.499750	 0.499294	-0.092147	 0.451815	 0.303526	-0.093564	 0.149369
-1.096327	-0.830265	 0.679915	 0.125783	 0.498695	 0.499750	-0.000701	 0.286103	 0.920276	 0.306478	 0.031548	 0.551019
-1.091942	-0.826944	 0.690957	 0.312531	 0.498695	 0.499750	-0.249697	 0.473900	 1.151730	 0.307954	 0.094104	 0.749939
-1.087574	-0.823637	 0.695074	 0.405905	 0.498695	 0.499750	 0.125805	 0.566475	 0.764690	-0.191308	-0.374617	 0.347501
-1.083224	-0.820342	 0.695734	 0.452592	 0.498695	 0.499750	 0.312554	 0.611444	 0.571170	-0.439558	-0.607292	 0.146282
-1.078891	-0.817061	 0.694671	 0.475936	 0.498695	 0.499750	 0.405928	 0.632616	 0.474410	-0.562307	-0.721949	 0.045673
-1.074576	-0.813792	 0.692753	 0.487607	 0.498695	 0.499750	 0.452615	 0.641894	 0.926030	-0.122312	-0.777604	 0.495368
-1.070277	-0.810537	 0.690412	 0.493443	 0.498695	 0.499750	 0.475959	 0.645231	 1.149085	 0.097686	-0.803765	 0.718326
-1.065996	-0.807295	 0.187865	 0.496361	 0.498695	 0.499750	 0.487630	 0.645602	 1.257868	-0.292315	-0.815186	 0.827922
-1.061732	-0.804066	-0.063408	 0.497820	 0.498695	 0.499750	 0.493466	 0.644496	 1.309526	-0.485951	-0.819243	 0.880845
-1.057485	-0.800850	 0.310955	 0.498550	 0.498695	 0.499750	 0.496384	 0.642656	 0.832633	-0.081410	-0.819625	 0.905439
-1.053255	-0.797646	 0.496766	 0.498914	 0.498695	 0.499750	 0.497843	 0.640454	 0.594186	 0.120860	-0.818176	 0.915876
-1.049042	-0.794456	 0.588307	 0.499097	-0.001305	 0.499750	 0.498573	 0.638077	 0.474963	 0.221996	-0.815818	 0.919242
-1.044846	-0.791278	 0.632717	 0.499188	-0.250302	 0.499750	 0.498937	 0.635617	 0.415351	 0.272563	-0.813012	 0.919079
-1.040667	-0.788113	 0.653568	 0.499233	-0.374801	 0.499750	 0.499120	 0.633121	 0.385545	 0.297847	-0.809989	 0.917160
-1.036504	-0.784960	 0.662645	 0.499256	 0.062950	 0.499750	-0.000789	 0.630611	 0.870642	 0.310489	-0.806863	 0.914370
-1.032358	-0.781820	 0.665840	 0.499268	 0.280824	 0.499750	-0.249742	 0.628100	 1.110480	 0.316810	-0.803693	 0.911152
-1.028229	-0.778693	 0.666099	 0.499273	 0.389761	 0.499750	 0.125782	 0.625594	 1.227697	 0.319971	-0.800507	 0.407727
-1.024116	-0.775578	 0.664896	 0.499276	 0.444229	 0.499750	 0.312541	 0.623094	 1.283617	 0.321551	-0.797319	 0.156015
-1.020019	-0.272476	 0.662967	 0.499278	 0.471463	 0.499750	 0.405920	 0.620603	 0.808897	 0.322341	-0.794137	 0.530159
-1.015939	-0.020925	 0.660681	 0.499278	 0.485081	 0.499750	 0.452610	 0.618122	 0.571537	 0.322736	-0.790964	 0.715422
-1.011875	-0.395149	 0.658221	 0.499279	 0.491889	 0.499750	 0.475955	 0.115649	 0.952857	 0.322934	-0.787802	 0.806252
-1.007828	-0.580723	 0.655679	 0.499279	 0.495293	 0.499750	 0.487627	-0.135587	 1.140849	 0.323032	-0.784652	 0.849873
-1.003797	-0.671977	 0.653102	 0.499279	 0.496995	 0.499750	 0.493464	-0.261205	 1.232187	 0.323082	-0.781514	 0.869897
-0.999781	-0.216078	 0.150512	 0.499279	 0.497847	-0.000250	 0.496382	-0.324014	 0.775209	 0.323106	-0.778388	 0.878129
-0.995782	 0.011872	-0.100782	 0.499279	 0.498272	-0.249249	 0.497841	-0.355418	 0.546720	 0.323119	-0.775274	 0.880472
-0.991799	-0.374153	 0.273570	 0.499279	 0.498485	 0.126251	 0.498570	 0.128880	 0.932476	 0.323125	-0.772173	 0.379878
-0.987832	-0.565645	 0.459451	 0.499279	 0.498591	 0.312997	 0.498935	 0.369802	 1.122717	 0.323128	-0.769085	 0.129581
-0.983881	-0.659877	 0.551100	 0.499279	 0.498644	 0.406371	-0.000883	-0.010958	 0.715212	 0.323129	-0.266008	 0.504432
-0.979945	-0.705485	 0.595640	 0.499279	 0.498671	 0.453057	-0.249790	-0.201338	 0.511459	 0.323130	-0.014470	 0.690099
-0.976025	-0.726786	 0.116629	 0.499279	 0.498684	-0.023599	 0.125756	 0.203472	 0.909583	 0.323131	-0.388701	 0.781182
-0.972121	-0.735941	-0.122876	 0.499279	 0.498691	-0.260927	 0.312527	 0.404660	 1.106029	 0.323131	-0.574291	 0.824978
-0.968233	-0.739028	 0.257371	 0.499279	 0.498694	 0.120409	 0.405912	 0.504043	 1.201648	 0.323131	-0.165566	 0.345139
-0.964360	-0.739088	 0.446219	 0.499279	 0.498696	 0.310074	 0.452605	 0.552527	 1.246862	 0.323131	 0.038797	 0.105219
-0.960502	-0.737639	 0.539373	 0.499279	 0.498697	 0.404906	 0.475951	 0.575567	 1.266885	 0.323131	 0.140978	-0.014741
-0.956660	-0.735442	 0.584685	 0.499279	 0.498697	 0.452322	-0.012376	 0.085890	 0.774323	-0.176869	-0.307931	-0.074721
-0.952834	-0.732877	 0.606081	 0.499279	 0.498697	 0.476030	-0.255538	-0.158948	 0.528042	-0.425515	-0.530872	-0.104711
-0.949022	-0.730134	 0.615524	 0.499279	 0.498698	 0.487884	 0.122881	 0.218632	 0.904901	-0.048490	-0.640835	 0.380294
-0.945226	-0.727308	 0.618996	 0.499279	 0.498698	 0.493811	 0.311088	 0.406230	 1.090768	 0.140023	-0.694315	 0.621066
-0.941445	-0.724446	 0.119487	 0.499279	 0.498698	 0.496775	 0.405192	 0.498842	 1.181147	 0.234279	-0.719559	 0.239729
-0.937680	-0.721572	-0.130268	 0.499279	 0.498698	 0.498256	 0.452243	 0.543964	 1.223794	 0.281407	-0.730692	 0.049060
-0.933929	-0.218697	-0.255145	 0.499279	 0.498698	 0.498997	 0.475769	 0.565348	 0.742585	 0.304971	-0.734775	-0.046275
-0.930193	 0.032740	-0.317584	 0.499279	 0.498698	 0.499368	 0.487532	 0.574866	 0.501980	 0.316753	-0.735338	-0.093942
-0.926472	 0.158459	-0.348803	 0.499279	 0.498698	 0.499553	 0.493414	 0.578456	 0.381678	 0.322644	-0.734148	-0.117776
-0.922767	 0.221318	 0.135587	 0.499279	 0.498698	 0.499645	 0.496354	 0.579087	 0.821527	 0.325590	-0.732087	 0.370308
-0.919075	 0.252748	 0.376543	 0.499279	 0.498698	 0.499692	 0.497825	 0.578243	 1.038928	 0.327062	-0.729597	 0.612633
-0.915399	-0.231538	 0.495785	 0.499279	 0.498698	 0.499715	 0.498560	 0.576666	 1.145116	 0.327799	-0.226897	 0.732085
-0.911738	-0.472249	 0.554176	 0.499279	 0.498698	 0.499727	 0.498927	 0.574728	 1.195708	 0.328167	 0.024452	 0.790108
-0.908091	-0.591178	 0.582147	 0.499279	 0.498698	 0.499732	-0.000889	 0.572613	 1.218511	 0.328351	-0.349873	 0.817423
-0.904458	-0.649223	 0.594912	 0.499279	 0.498698	 0.499735	-0.249795	 0.570415	 1.227430	 0.328443	-0.535587	 0.829392
-0.900840	-0.176830	 0.100079	 0.499279	 0.498698	 0.499737	 0.125751	 0.568179	 1.229417	 0.328489	-0.127001	 0.333693
