-1.355467	 0.498489	 0.498402	-0.249834	 1.204594	 0.498993	 0.499232	 0.623138	 0.499693	 0.749759	-0.711549	 0.499622
-1.350045	 0.498463	-0.001386	 0.125667	 0.700725	-0.001007	 0.999232	 0.741640	 0.499693	 0.746760	-0.708702	 0.499622
-1.344645	 0.498450	-0.250277	 0.312415	 0.448790	-0.250005	 1.246234	 0.799170	 0.499693	 0.743773	-0.705868	 0.499622
-1.339266	 0.498444	 0.125278	 0.405789	 0.322823	 0.125496	 0.866748	 0.326222	 0.499693	 0.740798	-0.703044	 0.499622
-1.333909	 0.498441	 0.312053	 0.452476	 0.259839	 0.312245	 0.677005	 0.089748	 0.499693	 0.737835	-0.700232	 0.499622
-1.328574	 0.498439	 0.405441	 0.475820	 0.228348	-0.094381	 0.582134	-0.028489	 0.499693	 0.734883	-0.697431	 0.499622
-1.323259	 0.498438	 0.452135	 0.487491	 0.212602	-0.296692	 0.534698	-0.087607	 0.499693	 0.731944	-0.694641	 0.499622
-1.317966	 0.498438	 0.475482	 0.493327	 0.204729	-0.397847	 0.510980	-0.117167	 0.499693	 0.729016	-0.691863	 0.499622
-1.312694	 0.498438	 0.487155	 0.496245	 0.700792	 0.051575	 0.499121	-0.131946	 0.499693	 0.726100	-0.689095	 0.499622
-1.307444	 0.498438	 0.492992	 0.497704	 0.946430	 0.275284	 0.493192	-0.139336	 0.499693	 0.723196	-0.686339	 0.499622
-1.302214	 0.498438	 0.495910	 0.498434	 0.566865	 0.387139	 0.490227	 0.356969	 0.499693	 0.220303	-0.683593	 0.499622
-1.297005	 0.498437	 0.497369	 0.498798	 0.377083	 0.443066	 0.488745	 0.603415	 0.499693	-0.031144	-0.680859	 0.499622
-1.291817	 0.498437	-0.001901	 0.498981	 0.282191	 0.471030	 0.488003	 0.724938	 0.499693	 0.343133	-0.678136	 0.499622
-1.286650	 0.498437	-0.250534	 0.499072	 0.234746	 0.485012	 0.487633	 0.784007	 0.499693	 0.528837	-0.675423	 0.499622
-1.281503	 0.498437	 0.125150	-0.000882	 0.711023	 0.492003	 0.487447	 0.311855	 0.499693	 0.620259	-0.672721	 0.499622
-1.276377	 0.498437	 0.311990	-0.249858	 0.946787	 0.495498	 0.487355	 0.075779	 0.499693	 0.664547	-0.670031	 0.499622
-1.271272	 0.498437	 0.405410	-0.374346	 1.062304	 0.497246	 0.487308	-0.042259	 0.499693	 0.685274	-0.667350	 0.499622
-1.266187	 0.498437	 0.452120	 0.063410	 1.117707	 0.498120	 0.487285	-0.101278	 0.499693	 0.694225	-0.664681	 0.499622
-1.261122	 0.498437	 0.475475	 0.281286	 1.143062	 0.498557	 0.487274	-0.130787	 0.499693	 0.697294	-0.662022	 0.499622
-1.256077	 0.498437	 0.487152	 0.390224	 0.653403	 0.498775	 0.487268	 0.354458	 0.499693	 0.697428	-0.659374	 0.499622
-1.251053	 0.498437	 0.492991	 0.444693	 0.408573	 0.498884	 0.487265	 0.595401	 0.499693	 0.696100	-0.656737	 0.499622
-1.246049	 0.498437	 0.495911	 0.471927	 0.786158	 0.498939	 0.487264	 0.714200	 0.499693	 0.694046	-0.654110	 0.499622
-1.241065	 0.498437	 0.497370	 0.485545	 0.972623	 0.498966	 0.487263	 0.771934	 0.499693	 0.691635	-0.651493	 0.499622
-1.236100	 0.498437	 0.498100	-0.007647	 1.063538	 0.498980	 0.487263	 0.299141	 0.499693	 0.689052	-0.648887	 0.499622
-1.231156	 0.498437	 0.498465	-0.253241	 1.106686	 0.498987	 0.487262	 0.062745	 0.499693	 0.686387	-0.646292	 0.499622
-1.226231	 0.498437	 0.498648	-0.376038	 1.125960	 0.498990	 0.487262	-0.055453	 0.499693	 0.683687	-0.643707	 0.499622
-1.221326	 0.498437	 0.498739	 0.062564	 1.133307	 0.498992	 0.487262	 0.385448	-0.000307	 0.680975	-0.641132	 0.499622
-1.216441	 0.498437	 0.498784	 0.280862	 1.134699	 0.498993	 0.487262	 0.604245	-0.249306	 0.678262	-0.638567	 0.499622
-1.211575	 0.498437	 0.498807	 0.390011	 0.633123	 0.498993	 0.487262	 0.211998	 0.126194	 0.675555	-0.636013	 0.499622
-1.206729	 0.498437	 0.498819	 0.444586	 0.382335	 0.498993	 0.487262	 0.015874	 0.312941	 0.672856	-0.633469	 0.499622
-1.201902	 0.498437	 0.498824	 0.471873	 0.256941	 0.498993	 0.487262	 0.417813	 0.406314	 0.670166	-0.630935	 0.499622
-1.197094	 0.498437	 0.498827	 0.485517	 0.194244	 0.498993	 0.487262	 0.617142	 0.453001	 0.667486	-0.628411	 0.499622
-1.192306	 0.498437	 0.498829	 0.492339	 0.662895	 0.498994	 0.487262	 0.215174	 0.476344	 0.664816	-0.625898	 0.499622
-1.187537	 0.498437	 0.498829	 0.495750	 0.894958	 0.498994	 0.487262	 0.014190	 0.488016	 0.662157	-0.623394	 0.499622
-1.182787	 0.498437	 0.498830	 0.497455	 1.008735	 0.498994	 0.487262	-0.086302	 0.493852	 0.659509	-0.620901	 0.499622
-1.178056	 0.498437	 0.498830	 0.498308	 1.063379	 0.498994	 0.487262	 0.363452	 0.496770	 0.656871	-0.618417	 0.499622
-1.173343	 0.498437	 0.498830	 0.498734	 1.088465	 0.498994	 0.487262	 0.586703	 0.498229	 0.654243	-0.615943	 0.499622
-1.168650	 0.498437	-0.001170	 0.498947	 0.598780	 0.498994	 0.487262	 0.196708	 0.498958	 0.651626	-0.613479	 0.499622
-1.163975	 0.498437	-0.250168	 0.499054	 0.353938	 0.498994	 0.487262	 0.001711	 0.499323	 0.649020	-0.611026	 0.499622
-1.159319	 0.498437	 0.125333	 0.499107	 0.731517	 0.498994	 0.487262	 0.404212	 0.499505	 0.146424	-0.608581	 0.499622
-1.154682	 0.498437	 0.312082	 0.499134	 0.918089	 0.498994	 0.487262	 0.603849	 0.499596	-0.104874	-0.606147	 0.499622
-1.150063	 0.498437	 0.405457	 0.499147	 0.509165	 0.498994	 0.487262	 0.202061	 0.499642	 0.269477	-0.603723	 0.499622
-1.145463	 0.498437	 0.452144	 0.499154	 0.304703	 0.498994	 0.487262	 0.001167	 0.499665	 0.455364	-0.601308	 0.499622
-1.140881	 0.498437	 0.475488	 0.499157	 0.202472	 0.498994	 0.487262	-0.099280	 0.499676	 0.547026	-0.598902	 0.499622
-1.136318	 0.498437	 0.487159	 0.499159	 0.651357	 0.498994	 0.487262	-0.149504	 0.499682	 0.591579	-0.596507	 0.499622
-1.131773	 0.498437	 0.492995	 0.499160	 0.873598	 0.498994	 0.487262	-0.174616	 0.499685	 0.612584	-0.594121	 0.499622
-1.127245	-0.001563	-0.004087	 0.499160	 0.982528	 0.498994	 0.487262	-0.187172	 0.499686	 0.621819	-0.591744	-0.000378
-1.122737	-0.250559	-0.251625	 0.499160	 1.034809	 0.498994	 0.487262	-0.193450	 0.499687	 0.625174	-0.589377	-0.249377
-0.618246	-0.375058	-0.375395	 0.499160	 1.058776	 0.498994	 0.487262	-0.196588	-0.000313	 0.125595	 0.912980	-1.373877
-0.366000	-0.437307	-0.437279	 0.499160	 1.068594	 0.498994	 0.487262	-0.198158	-0.249312	-0.124195	 1.659328	-1.931130
 2.260123	-0.968432	-0.468222	-0.000839	 0.571346	 0.498994	-0.012738	-0.198943	-1.873812	-1.249090	 5.527691	-3.704779
 3.563412	-1.230995	-0.483693	-0.249838	 0.322722	 0.498994	-0.261712	-0.199335	-2.679065	-1.806789	 7.443080	-4.580648
 4.205323	-1.359289	-0.491428	-0.374337	 0.198410	 0.498994	-0.385178	-0.199531	-3.074723	-2.080910	 8.382058	-5.007668
 6.016584	-1.920461	-0.995296	-0.436587	 0.136254	-0.001006	-0.445894	-0.199629	-2.265611	-3.213260	 8.832905	-5.710310
 6.906558	-2.196084	-1.244232	-0.467711	 0.105176	-0.250004	-0.475239	-0.199678	-1.858142	-3.770744	 9.039760	-6.048804
 8.335953	-2.328952	-1.365713	-0.983274	-0.410363	-0.374503	-0.988902	-0.199703	-2.151506	-5.040830	 9.124695	-6.205277
 9.031119	-2.390463	-1.423480	-1.238057	-0.666281	-0.436753	-1.242728	-0.199715	-2.293299	-5.663251	 9.148743	-6.270790
 10.359250	-1.916314	-0.949400	-0.862463	-0.292395	-0.467878	-1.366648	-0.199721	-1.859325	-5.961890	 8.642422	-6.290874
 10.999941	-1.676355	-0.712361	-0.674666	-0.105452	-0.483440	-1.425627	-0.199724	-1.639487	-6.098688	 8.372989	-6.288294
 11.297005	-1.553503	-0.593841	-0.580768	-0.011981	-0.991221	-1.452147	-0.199726	-2.026729	-6.154617	 6.722065	-6.274432
 11.422348	-1.489215	-0.534581	-0.533819	 0.034755	-1.242114	-1.462450	-0.199727	-2.215522	-6.170160	 5.886461	-6.254980
 11.461925	-0.954222	-0.004951	-0.510344	 0.058123	-1.364574	-1.464656	-0.199727	-1.805110	-6.165560	 3.958557	-5.732783
 11.458710	-0.686725	 0.258815	-0.498607	 0.069807	-1.422830	-1.462825	-0.199727	-1.597114	-6.150938	 2.990544	-5.461264
 11.434192	-0.552977	 0.389652	-0.492738	 0.075649	-1.448996	-1.458988	-0.199727	-1.490338	-6.131354	 2.502493	-5.315124
 10.899113	-0.486103	-0.045970	-0.989804	 0.078570	-1.459129	-1.454159	-0.199727	-0.934183	-6.109339	 2.254438	-5.231717
 10.610846	-0.452665	-0.263781	-1.235363	 0.080030	-1.461256	-1.448846	-0.199727	-0.656106	-6.086157	 2.126398	-5.179716
 10.446067	-0.435947	 0.127314	-0.855181	 0.080760	-1.459394	-1.443302	 0.300273	-0.517067	-6.062440	 1.058381	-4.643461
 10.343115	-0.427588	 0.321824	-0.665089	 0.081125	-1.455547	-1.437655	 0.548672	-0.447547	-6.038504	 0.524373	-4.367118
 10.271159	-0.423408	 0.418047	-1.070044	-0.418692	-0.950720	-1.431967	 0.171278	-0.912788	-6.014507	 1.757368	-4.720766
 10.214782	-0.421318	 0.465129	-1.269571	-0.666764	-0.698307	-1.426271	-0.017420	-1.142652	-5.990527	 2.367886	-4.887441
 9.166277	-1.420273	-0.012354	-1.366396	-0.288970	-0.572100	-1.420581	-0.611768	-1.754839	-4.966604	 0.667187	-3.460670
 8.625789	-1.914912	-0.251095	-1.411883	-0.100073	-0.508997	-1.414907	-0.906530	-2.056198	-4.446757	-0.181095	-2.743217
 8.339375	-2.157413	-0.370466	-1.431711	-0.005625	-0.477445	-1.409251	-1.051509	-2.202163	-4.178980	-0.603177	-2.380438
 3.680061	-2.273863	-0.430151	-1.438722	-0.458400	-0.461670	-1.403616	-1.121605	-1.270449	-3.537269	-1.312168	-0.695014
 1.352363	-2.327308	-0.459994	-1.439336	-0.682966	-0.453782	-1.398003	-1.154270	-0.804592	-3.210622	-1.662621	 0.145717
-0.309535	-2.349269	-0.474915	-0.936763	-0.293434	 0.050162	-1.392411	-1.168228	-0.571663	-2.541531	-2.333821	 0.564110
-1.136542	-2.355507	-0.482376	-0.685477	-0.098667	 0.301026	-1.386842	-1.172843	-0.455199	-2.203241	-2.663411	 0.771341
-1.546118	-1.853902	-0.486106	-1.059834	-0.001284	 0.425354	-0.881294	-1.172796	-0.396967	-2.030365	-2.822220	 0.873000
-1.746994	-1.600395	-0.487972	-1.244144	 0.047407	 0.486419	-0.628521	-1.170426	-0.367851	-1.940213	-2.895663	 0.921880
-1.843537	-1.470948	-0.488904	-0.833442	 0.071753	 0.015856	-0.502134	-0.666906	-0.353293	-1.891437	-2.926446	 0.944378
-1.887928	-1.403541	-0.489371	-0.628091	 0.083926	-0.219425	-0.438941	-0.415145	-0.346014	-1.863363	-2.935923	 0.953694
-1.906259	-1.367166	-0.489604	-0.525415	 0.090012	-0.337066	-0.407344	-0.289265	-0.342374	-1.845656	-2.934771	 0.956426
-1.911575	-1.346316	 0.010280	-0.474078	 0.093056	 0.104114	-0.391546	-0.226325	-0.340555	-1.833146	-2.928327	 0.955873
-1.910400	-1.333241	 0.259201	-0.448409	 0.094577	 0.323613	-0.383646	-0.194855	-0.339645	-1.823250	-2.919262	 0.953686
-1.905993	-1.324063	-0.117354	-0.435574	 0.095338	 0.432277	-0.379697	-0.179120	 0.160810	-1.814675	-2.408909	 0.950690
-1.899987	-1.316844	-0.305632	-0.429157	 0.095718	 0.485526	-0.377722	-0.171252	 0.409715	-1.806776	-2.149935	 0.947296
-1.893196	-1.310615	 0.100229	-0.425949	 0.095909	 0.511074	-0.376735	-0.167319	 0.032850	-1.299228	-2.516666	 0.943712
-1.886028	-1.304892	 0.302147	-0.424344	 0.096004	 0.522774	-0.376241	-0.165352	-0.155582	-1.043871	-2.694265	 0.940039
-1.878686	-1.299432	 0.402098	-0.923542	 0.096051	 0.527555	-0.375994	-0.164368	 0.250202	-0.914615	-2.277321	 0.936330
-1.871272	-1.294114	 0.451070	-1.170296	 0.096075	 0.528881	-0.375871	-0.163877	 0.451782	-0.848417	-2.065128	 0.932610
-1.863837	-1.288878	 0.474555	-1.290838	 0.096087	 0.528484	-0.375809	-0.163631	 0.551265	-0.813753	-1.955325	 0.928893
-1.856407	-1.283692	 0.486298	-0.348287	 0.096093	 0.027229	-0.375778	-0.163508	 0.599705	-0.794863	-1.896733	 0.925183
-1.848994	-1.278542	 0.492170	 0.121800	 0.096096	-0.223398	-0.375763	-0.163446	 0.622629	-0.783866	-1.863761	 0.921486
-1.841605	-1.273421	-0.004895	-0.144340	 0.096097	 0.151288	-0.375755	-0.163416	 0.632800	-0.776822	-1.843613	 0.917802
-1.834241	-1.268323	-0.252423	-0.277410	 0.096098	 0.337579	-0.375751	-0.163400	 0.636599	-0.771760	-1.829892	 0.914131
-1.826906	-1.263248	 0.123813	 0.156055	 0.096098	 0.429677	-0.375749	-0.163393	 0.637218	-1.267696	-1.819400	 0.910475
-1.819599	-1.258194	 0.310931	 0.371609	 0.096099	 0.474682	-0.375748	-0.163389	 0.636252	-1.512137	-1.810535	 0.906833
-1.812321	-0.753161	 0.404490	 0.478211	 0.096099	 0.496146	-0.375748	-0.163387	 0.634498	-1.130844	-1.802500	 0.903206
-1.805072	-0.500644	 0.451269	 0.530343	 0.096099	 0.505842	-0.375747	-0.163386	 0.632356	-0.938698	-1.794893	 0.899593
-1.797852	-0.374386	 0.474659	 0.555243	 0.096099	 0.509659	-0.375747	-0.163385	 0.630024	-0.841133	-1.787515	 0.895995
-1.790661	-0.811257	 0.486354	 0.066533	 0.096099	 0.510541	 0.124253	-0.163385	 0.627603	-0.790862	-1.780266	 0.892411
-1.783498	-1.027196	 0.492201	-0.177821	 0.096099	 0.509959	 0.373004	-0.163385	 0.625142	-0.764246	-1.773095	 0.888841
-1.776364	-0.632679	 0.495125	 0.200001	 0.096099	 0.508649	 0.496136	 0.336615	 0.622666	-0.749463	-1.765978	 0.885286
-1.769259	-0.435421	 0.496587	 0.387757	 0.096099	 0.506979	 0.556464	 0.584942	 0.620188	-0.740602	-1.758902	 0.881745
-1.762182	-0.336792	 0.497318	 0.480483	 0.096099	 0.505134	 0.085394	 0.207439	 0.617713	-0.734708	-1.751860	 0.878218
-1.755133	-0.287477	 0.497683	 0.525700	 0.096099	 0.503205	-0.150141	 0.018687	 0.615246	-0.730303	-1.744850	 0.874705
-1.748112	-0.262820	 0.497866	 0.547167	 0.596099	 0.501238	 0.232092	-0.075689	 0.612786	-0.726649	-1.737869	 0.871206
-1.741120	-0.250491	 0.497957	 0.556763	 0.843907	 0.500254	 0.421980	-0.122877	 0.610336	-0.723376	-1.730916	 0.867721
-1.734155	-0.244327	 0.498003	 0.560428	 0.965627	 0.499762	 0.515700	-0.146470	 0.607895	-0.720299	-1.723992	 0.864251
-1.727219	-0.241245	 0.498026	 0.061133	 0.524313	 0.499516	 0.061341	-0.158267	 0.605463	-0.717327	-1.717096	 0.860794
-1.720310	-0.239704	 0.498037	-0.188515	 0.303655	 0.499393	-0.165839	-0.164166	 0.603042	-0.714411	-1.710228	 0.857350
-1.713429	-0.238933	 0.498043	 0.186661	 0.693327	 0.499332	 0.220572	-0.167115	 0.600630	-0.711531	-1.703387	 0.853921
-1.706575	-0.238548	 0.498046	 0.373126	 0.885996	 0.499301	 0.412563	-0.168590	 0.598227	-0.708673	-1.696573	 0.850505
-1.699749	-0.238355	 0.498047	 0.465239	 0.980174	 0.499286	 0.507349	-0.169327	 0.595834	-0.705833	-1.689787	 0.847103
-1.692950	-0.238259	 0.498048	 0.510180	 1.025114	 0.499278	 0.553538	-0.169696	 0.593451	-0.703007	-1.683028	 0.843715
-1.686178	-0.238211	 0.498048	 0.031541	 1.045444	 0.499274	 0.575433	-0.169880	 0.591077	-0.700193	-1.676296	 0.840340
-1.679433	-0.238187	 0.498049	-0.207779	 1.053477	 0.499272	 0.585186	-0.169972	 0.588713	-0.697392	-1.669590	 0.836979
-1.672715	-0.238175	 0.498049	-0.327438	 1.055371	 0.499271	 0.588873	-0.170018	 0.586358	-0.694602	-1.662912	 0.833631
-1.666024	-0.238169	 0.498049	 0.112732	 1.054203	 0.499271	-0.410469	-0.170041	 0.584012	-0.691823	-2.156260	 0.830296
-1.659360	-0.238166	 0.498049	 0.331711	 1.051513	 0.499271	-0.907320	-0.170053	 0.581676	-0.689056	-2.397635	 0.826975
-1.652723	-0.238164	 0.498049	 0.440099	 1.048071	 0.499271	-0.652938	-0.170059	 0.579350	-0.686300	-2.013045	 0.823667
-1.646112	-0.238163	 0.498049	 0.493196	 1.044260	 0.499270	-0.525746	-0.170062	 0.577032	-0.683554	-1.817493	 0.820372
-1.639528	-0.238163	 0.498049	 0.518652	 1.040274	 0.499270	 0.037849	-0.170063	 0.074724	-0.680820	-1.716473	 0.817091
-1.632969	-0.238163	 0.498049	 0.530292	 1.036208	 0.499270	 0.318444	-0.170064	-0.176430	-0.678097	-1.662732	 0.813823
-1.626438	-0.238163	 0.498049	 0.535028	 1.032111	 0.499270	 0.457544	-0.170064	 0.197993	-0.675384	-1.632643	 0.810567
-1.619932	-0.238163	 0.498049	 0.536317	 1.028007	 0.499270	 0.525900	-0.170064	 0.384060	-0.672683	-1.614394	 0.807325
-1.613452	-0.238163	 0.498049	 0.535886	 1.023907	 0.499270	 0.558890	-0.170064	 0.475953	-0.669992	-1.602077	 0.804096
-1.606998	-0.238163	 0.498049	 0.534599	 1.019817	 0.499270	 0.574201	-0.170064	 0.520764	-0.667312	-1.592739	 0.800879
-1.600570	-0.238163	 0.498049	 0.532889	 1.015741	 0.499270	 0.580677	-0.170064	 0.542038	-0.664643	-1.584903	 0.797676
-1.594168	-0.238163	 0.498049	 0.530972	 1.011679	 0.499270	 0.082741	-0.170064	 0.551548	-1.161984	-1.577831	 0.794485
-1.587791	-0.238163	 0.498049	 0.528955	 1.007633	 0.499270	-0.166227	-0.170064	 0.555182	-1.407336	-1.571154	 0.791307
-1.581440	-0.238163	 0.498049	 0.526893	 1.003603	 0.499270	 0.209289	-0.170064	 0.555880	-0.526707	-1.564686	 0.788142
-1.575114	-0.238163	 0.498049	 0.524812	 0.999589	 0.499270	 0.395878	-0.170064	 0.555117	-0.086392	-1.558336	 0.784989
-1.568814	-0.238163	 0.498049	 0.522727	 0.995591	 0.499270	 0.488007	-0.170064	 0.553626	-0.366235	-2.052057	 0.781849
-1.562539	-0.238163	 0.498049	 0.520642	 0.991608	 0.499270	 0.532911	-0.170064	 0.551777	-0.504864	-2.293825	 0.778722
-1.556289	-0.238163	 0.498049	 0.518563	 0.487642	-0.000730	-0.445792	 0.329936	 0.549752	-0.072892	-1.909639	 0.775607
-1.550063	-0.238163	 0.498049	 0.516490	 0.235659	-0.249728	-0.932295	 0.578276	 0.547644	 0.143094	-1.714494	 0.772505
-1.543863	-0.238163	 0.498049	 0.514425	 0.109667	-0.374227	-1.172709	 0.700793	 0.545499	 0.251087	-1.613884	 0.769415
-1.537688	-0.238163	 0.498049	 0.512368	 0.546671	 0.063523	-0.290089	 0.760404	 0.543340	-0.194916	-1.560552	 0.766337
-1.531537	-0.238163	 0.498049	 0.510319	 0.763206	 0.281396	 0.150035	 0.788570	 0.541178	-0.416636	-1.530871	 0.763272
-1.525411	-0.238163	 0.498049	 0.508278	 0.369514	 0.390332	-0.131083	 0.301020	 0.539019	-0.526219	-1.513029	 1.260219
-1.519309	-0.238163	 0.498049	 0.506245	 0.172668	 0.444800	-0.271642	 0.057244	 0.536866	-0.579739	-1.501117	 1.505178
-1.513232	-0.238163	 0.498049	 0.504220	 0.074245	 0.472034	 0.158079	 0.435357	 0.534720	-0.605233	-1.492183	 1.124157
-1.507179	-0.238163	 0.498049	 0.502203	 0.025033	 0.485651	 0.371764	 0.622786	 0.532582	-0.616718	-1.484749	 0.932160
-1.501150	-0.238163	 0.498049	 0.500194	 0.500427	 0.492460	 0.477435	 0.214880	 0.530452	-0.621204	-1.478078	 0.834682
-1.495146	-0.238163	 0.498049	 0.499190	 0.736173	 0.495864	 0.529104	 0.010927	 0.528330	-0.622196	-1.471799	 0.784468
-1.489165	-0.238163	 0.498049	 0.498687	 0.852102	 0.497566	 0.553778	-0.091049	 0.526217	-0.621445	-1.465729	 0.757893
-1.483208	-0.238163	 0.498049	 0.498436	 0.908130	 0.498417	 0.564957	-0.142037	 0.524112	-0.619829	-1.459774	 0.743142
-1.477276	-0.238163	 0.498049	 0.498311	 0.934216	 0.498843	 0.569395	-0.167532	 0.522016	-0.617784	-1.453889	 0.734310
-1.471367	-0.238163	 0.498049	 0.498248	 0.945338	 0.499055	 0.570466	-0.180279	 0.519928	-0.115530	-1.448051	 0.728443
-1.465481	-0.238163	 0.498049	 0.498217	 0.948987	 0.499162	 0.569859	-0.186652	 0.517848	 0.135597	-1.442247	 0.724065
-1.459619	-0.238163	 0.498049	 0.498201	 0.948906	 0.499215	 0.568416	-0.189839	 0.515777	-0.238840	-1.936473	 0.720436
-1.453781	-0.238163	 0.498049	 0.498193	 0.946967	 0.499242	 0.566561	-0.191432	 0.513713	-0.424831	-2.178724	 0.717188
-1.447966	-0.238163	 0.498049	 0.498189	 0.944108	 0.499255	 0.564504	 0.307771	 0.511659	-0.516606	-1.795008	 0.714136
-1.442174	-0.238163	 0.498049	 0.498187	 0.940796	 0.499262	 0.562351	 0.555759	 0.509612	-0.561276	-1.600327	 0.711188
-1.436405	-0.238163	 0.498049	 0.498186	 0.937265	 0.499265	 0.560154	 0.678145	 0.507573	-0.582399	-1.500175	 0.708298
-1.430659	-0.238163	 0.498049	 0.498186	 0.933632	 0.499267	 0.557939	 0.737737	 0.505543	-0.091754	-1.447299	 0.705442
-1.424937	-0.238163	 0.498049	 0.498185	 0.929956	 0.499267	 0.555721	 0.765939	 0.503521	 0.153569	-1.418073	 0.702608
-1.419237	-0.238163	 0.498049	 0.498185	 0.926265	 0.499268	 0.553504	 0.778451	 0.501507	-0.223770	-1.400681	 0.699792
-1.413560	-0.238163	 0.498049	 0.498185	 0.922574	 0.499268	 0.551294	 0.783125	 0.500500	-0.411237	-1.389219	 0.696990
-1.407906	-0.238163	 0.498049	 0.498185	 0.918891	 0.499268	 0.549090	 0.783887	 0.499996	-0.503773	-1.380733	 0.694201
-1.402274	-0.238163	 0.498049	 0.498185	 0.915219	 0.499268	 0.546894	 0.782698	 0.499745	-0.548849	-1.373745	 0.691423
-1.396665	-0.238163	 0.498049	 0.498185	 0.911560	 0.499268	 0.544707	 0.780541	 0.499619	-0.070198	-1.367518	 0.688657
-1.391078	-0.238163	 0.498049	 0.498185	 0.907915	 0.499268	 0.542529	 0.777906	 0.499556	 0.169127	-1.361681	 0.685902
-1.385514	-0.238163	 0.498049	 0.498185	 0.904284	 0.499268	 0.540359	 0.775037	 0.499524	 0.288789	-1.356051	 0.683159
-1.379972	-0.238163	 0.498049	 0.498185	 0.900667	 0.499268	 0.538197	 0.272059	 0.499509	-0.151380	-1.350536	 1.180426
-1.374452	-0.238163	 0.498049	 0.498185	 0.897064	 0.499268	 0.536045	 0.020570	 0.499501	-0.370281	-1.345088	 1.425704
-1.368954	-0.238163	 0.498049	 0.498185	 0.893476	 0.499268	 0.533900	 0.394825	 0.499497	-0.478553	-1.339685	 1.545002
-1.363479	-0.238163	 0.498049	 0.498185	 0.889902	 0.499268	 0.531765	 0.580415	 0.499495	-0.531516	-1.334314	 1.601321
-1.358025	-0.238163	 0.498049	-0.001815	 0.886343	-0.000732	 0.029638	 0.671677	 0.499494	-0.056828	-1.328971	 1.126166
-1.352593	-0.238163	 0.498049	-0.250811	 0.882797	-0.249730	-0.221426	 0.715783	 0.499493	 0.180516	-1.323653	 0.887287
-1.347182	 0.261837	 0.498049	 0.124691	 0.879266	 0.125770	 0.153042	 0.236316	 0.999493	-0.200812	-1.318357	 1.266550
-1.341793	 0.510314	 0.498049	 0.311441	 0.875749	 0.312518	 0.339222	-0.003418	 1.246494	-0.390312	-1.313082	 1.452890
-1.336426	 0.633034	 0.498049	 0.404816	 0.872246	 0.405892	 0.431260	-0.123284	 1.367007	-0.483902	-1.307830	 1.542782
-1.331081	 0.192883	 0.498049	 0.451504	 0.868757	 0.452579	 0.476233	-0.183218	 1.424289	-0.029542	-1.302598	 1.084462
-1.325756	-0.027193	 0.498049	 0.474848	 0.865282	 0.475923	 0.497677	-0.213184	 1.449967	 0.197638	-1.297388	 0.854050
-1.320453	 0.362770	 0.498049	 0.486520	 0.861821	-0.012406	 0.507361	 0.271832	 0.959854	 0.311228	-1.292198	 1.237597
-1.315171	 0.556245	 0.498049	 0.492356	 0.858374	-0.255568	 0.511169	 0.512827	 0.714798	 0.368023	-1.287029	 1.426128
-1.309911	 0.151484	 0.498049	 0.495274	 0.354940	 0.122850	 0.512042	 0.131817	 1.092270	 0.396420	-1.281881	 1.017164
-1.304671	-0.050897	 0.498049	 0.496733	 0.103223	 0.311057	 0.511454	-0.058689	 1.278067	 0.410619	-1.276754	 0.811466
-1.299452	-0.152088	 0.498049	 0.497462	 0.477365	 0.405161	 0.510137	 0.346059	 0.868037	 0.417718	-1.271647	 0.707405
-1.294255	-0.202683	 0.498049	 0.497827	 0.662733	 0.452212	 0.508462	 0.546931	 0.663022	 0.421268	-1.266560	 0.654168
-1.289078	-0.227980	 0.498049	 0.498009	 0.753720	 0.475738	 0.506610	 0.645871	 0.560515	 0.423043	-1.261494	 0.626347
-1.283921	-0.240629	 0.498049	 0.498100	 0.797525	 0.487501	 0.504675	 0.693852	 0.509261	-0.076070	-1.256448	 0.611240
-1.278786	-0.246954	 0.498049	 0.498146	 0.817744	 0.493382	 0.502702	 0.716359	 0.483634	-0.324476	-1.251422	 0.602494
-1.273670	-0.250116	 0.498049	 0.498169	 0.826178	-0.003677	 0.500714	 0.726134	 0.470821	-0.447533	-1.246416	 0.596934
-1.268576	-0.251697	 0.498049	 0.498180	 0.828726	-0.251205	 0.499720	 0.729550	 0.464414	-0.507920	-1.241431	 0.592971
-1.263501	-0.252487	 0.498049	-0.001814	 0.828337	-0.374969	 0.499223	 0.729792	 0.961211	-0.536977	-1.236465	 0.589811
-1.258447	-0.252883	 0.498049	-0.250808	 0.826487	-0.436851	 0.498974	 0.728453	 1.206693	-0.550374	-1.231519	 0.587058
-1.253414	-0.253080	 0.498049	-0.375304	 0.823913	 0.032208	 0.498850	 0.226329	 1.326530	-0.055945	-1.226593	 0.584513
-1.248400	-0.253179	 0.498049	-0.437553	 0.820983	 0.265735	 0.498788	-0.024733	 1.383556	 0.191270	-1.221687	 0.582077
-1.243406	-0.253229	 0.498049	-0.468677	 0.817882	 0.382498	 0.498757	-0.150263	 1.409187	 0.314877	-1.216800	 0.579699
-1.238433	-0.253253	 0.498049	 0.015761	 0.814702	 0.440880	 0.498741	 0.286971	 1.419134	 0.376681	-1.211933	 1.077356
-1.233479	-0.253266	 0.498049	 0.256980	 0.811489	 0.470071	 0.498734	 0.504140	 1.421248	 0.407583	-1.207085	 1.323034
-1.228545	-0.253272	 0.498049	 0.377589	 0.808265	 0.484666	 0.498730	 0.111282	 0.919459	 0.423034	-1.202257	 1.442736
-1.223631	-0.253275	 0.498049	 0.437893	 0.805044	 0.491964	 0.498728	-0.085147	 0.668565	 0.430759	-1.197448	 1.499462
-0.718736	-0.253276	 0.498049	 0.468046	 0.801829	 0.495613	-0.001273	 0.316638	 0.543117	-0.065378	-1.192658	 1.024712
-0.466289	-0.253277	 0.498049	 0.483122	 0.798625	 0.497437	-0.250271	 0.516094	 0.480394	-0.312324	-1.187887	 0.786238
-0.840065	-0.253278	 0.498049	 0.490660	 0.795432	 0.498350	 0.125230	 0.114391	 0.449032	-0.434678	-1.183136	 0.665905
-1.024526	-0.253278	 0.498049	 0.494429	 0.792251	 0.498806	 0.311979	-0.086461	 0.433351	-0.494741	-1.178403	 0.604647
-1.114338	-0.253278	 0.498049	 0.496314	 0.789082	 0.499034	 0.405354	 0.313113	 0.425510	-0.023663	-1.173690	 1.072932
-1.156836	-0.253278	 0.498049	 0.497256	 0.785926	 0.499148	 0.452041	 0.511475	 0.421590	 0.211876	-1.168995	 1.303992
-1.175686	-0.253278	 0.498049	 0.497727	 0.782782	 0.499205	 0.475385	 0.609236	 0.419630	 0.329646	-1.164319	 1.416451
-1.182722	-0.253278	 0.498049	 0.497963	 0.779651	 0.499233	 0.487056	 0.656703	 0.418650	 0.388530	-1.159662	 0.969623
-1.183861	-0.253278	 0.498049	 0.498080	 0.776533	 0.499248	 0.492892	 0.679028	 0.418160	 0.417973	-1.155023	 0.745164
-1.182060	 0.246722	 0.498049	 0.498139	 0.773427	 0.499255	 0.495810	 0.688788	 0.417915	 0.432694	-1.150403	 0.631893
-1.178799	 0.495229	 0.498049	 0.498169	 0.770333	 0.499258	 0.497269	 0.692270	 0.417792	 0.440055	-1.145801	 0.574220
-1.174818	 0.617994	 0.498049	 0.498183	 0.767252	 0.499260	 0.497999	 0.692620	 0.417731	 0.443735	-1.141218	 0.544350
-1.170485	 0.677896	 0.498049	 0.498191	 0.764183	 0.499261	 0.498363	 0.691409	 0.417701	 0.445575	-1.136653	 0.528387
-1.165987	 0.206371	 0.498049	-0.001806	 0.761126	 0.499261	 0.498546	 0.189423	 0.917685	-0.053505	-1.132106	 0.519380
-1.161415	-0.029392	 0.498049	-0.250800	 0.758081	 0.499262	 0.498637	-0.061569	 1.164842	-0.301940	-1.127578	 0.513856
-1.156815	-0.147273	 0.498049	-0.375297	 0.755049	 0.499262	 0.498683	-0.187066	 1.285597	-0.425056	-1.123068	 0.510077
-1.152210	 0.293787	 0.498049	 0.062454	 0.752029	 0.499262	 0.498705	-0.249814	 0.843161	 0.014482	-1.118575	 1.007175
-1.147613	 0.512847	 0.498049	 0.280329	 0.749021	 0.499262	 0.498717	-0.281188	 0.621944	 0.234251	-1.114101	 1.252716
-1.143028	 0.620913	 0.498049	 0.389267	 0.746025	 0.499262	 0.498722	 0.203125	 0.511335	 0.344135	-1.109645	 1.372489
-1.138459	 0.673488	 0.498049	 0.443736	 0.743041	 0.499262	 0.498725	 0.443906	 0.456030	 0.399077	-1.105206	 1.429392
-1.133907	 0.698323	 0.498049	 0.470970	 0.740068	 0.499262	 0.498727	 0.562928	 0.428378	 0.426549	-1.100785	 0.954870
-1.129372	 0.709295	 0.498049	 0.484587	 0.737108	 0.499262	 0.498727	 0.621074	 0.414552	 0.440284	-1.096382	 0.717610
-1.124855	 0.213340	 0.498049	 0.491396	 0.734160	 0.499262	 0.498728	 0.648789	 0.407639	 0.447152	-1.091997	 1.098979
-1.120355	-0.034637	 0.498049	 0.494800	 0.731223	 0.499262	 0.498728	 0.661294	 0.404182	 0.450586	-1.087629	 1.286703
-1.115874	-0.158626	 0.498049	 0.496502	 0.728298	 0.499262	 0.498728	 0.666199	 0.402454	 0.452303	-1.083278	 1.377617
-1.111411	-0.220621	 0.498049	 0.497353	 0.725385	 0.499262	 0.498728	 0.667309	 0.401590	 0.453161	-1.078945	 1.420136
-1.106965	-0.251618	 0.498049	 0.497779	 0.722483	 0.499262	 0.498728	 0.666527	 0.401158	 0.453590	-1.074629	 1.438471
-1.102537	 0.232884	 0.498049	 0.497992	 0.719593	 0.499262	-0.501272	 0.664805	 0.900942	 0.453805	-1.070331	 1.444724
-1.098127	 0.473700	 0.498049	 0.498098	 0.716715	 0.499262	-0.998269	 0.662617	 1.148032	 0.453912	-1.066049	 1.444949
-1.093734	 0.592679	 0.498049	 0.498151	 0.713848	 0.499262	-0.243778	 0.160203	 0.768787	 0.453966	-1.061785	 0.942171
-1.089360	 0.650745	 0.498049	 0.498178	 0.710993	 0.499262	 0.132447	-0.091005	 0.579165	 0.453993	-1.057538	 0.690782
-1.085002	 0.678360	 0.498049	 0.498191	 0.708149	 0.499262	 0.319542	 0.283392	 0.984354	 0.454006	-1.053308	 1.065088
-1.080662	 0.690756	 0.498049	 0.498198	 0.705316	 0.499262	 0.412076	 0.469274	 1.184169	 0.454013	-1.049095	 1.249362
-1.076339	 0.695548	 0.498049	 0.498201	 0.702495	 0.499262	 0.457334	 0.560905	 1.281309	 0.454016	-1.044898	 1.338631
-1.072034	 0.696543	 0.498049	 0.498203	 0.699685	 0.499262	-0.021042	 0.605416	 1.327122	 0.454018	-1.040719	 0.880410
-1.067746	 0.695645	 0.498049	 0.498204	 0.696886	 0.499262	-0.260230	 0.626371	 1.347282	 0.454019	-1.036556	 0.651300
-1.063475	 0.193807	 0.498049	 0.498204	 0.194099	 0.499262	 0.120175	 0.135554	 0.854628	 0.454019	-1.032410	 0.536745
-1.059221	-0.057112	 0.498049	 0.498204	-0.057295	 0.499262	 0.309377	-0.109854	 0.608300	 0.454019	-1.028280	 0.479467
-1.054984	 0.317428	 0.498049	 0.498204	 0.317008	 0.499262	 0.403978	 0.267441	 0.485137	 0.454020	-1.024167	 0.450828
-1.050764	 0.503314	 0.498049	 0.498204	 0.502777	 0.499262	 0.451279	 0.454800	 0.423555	 0.454020	-1.020070	 0.436509
-1.046561	 0.594879	 0.498049	 0.498204	 0.594284	 0.499262	 0.474929	 0.547195	 0.392764	 0.454020	-1.015990	 0.429349
-1.042375	 0.639289	 0.498049	 0.498204	 0.638666	 0.499262	 0.486754	 0.592113	 0.377369	 0.454020	-1.011926	 0.425769
-1.038205	 0.660126	 0.498049	 0.498204	 0.659491	 0.499262	 0.492667	 0.613298	 0.369671	 0.454020	-1.007878	 0.423979
-1.034053	 0.169183	-0.001951	 0.498204	 0.668543	 0.499262	-0.004377	 0.622622	 0.865822	 0.454020	-1.003847	 0.923084
-1.029916	-0.076289	-0.250947	 0.498204	 0.671714	 0.499262	-0.251896	 0.626019	 1.111174	 0.454020	-0.999831	 1.169793
-1.025797	-0.199025	 0.124555	-0.001796	 0.671950	 0.499262	 0.124344	 0.126460	 1.231136	 0.454020	-0.995832	 1.290314
-1.021694	-0.260393	 0.311305	-0.250792	 0.670723	 0.499262	 0.311463	-0.123320	 1.288415	 0.454020	-0.991849	 1.347753
-1.017607	-0.291077	 0.404681	 0.124710	 0.668771	 0.499262	 0.405023	-0.248210	 0.814364	 0.454020	-0.987881	 1.373662
-1.013536	-0.306418	 0.451369	 0.311460	 0.666461	 0.499262	 0.451803	-0.310655	 0.577338	 0.454020	-0.983930	 1.383817
-1.009482	-0.314089	 0.474712	 0.404836	 0.663978	 0.499262	-0.024807	 0.158122	 0.958825	 0.454020	-0.979994	 0.886107
-1.005444	-0.317925	 0.486384	 0.451523	 0.661413	 0.499262	-0.262110	 0.391257	 1.146888	 0.454020	-0.976074	 0.637252
-1.001423	-0.319843	 0.492220	 0.474867	 0.658813	 0.499262	-0.380761	 0.506576	 1.238249	 0.454020	-0.972170	 0.512824
-0.997417	 0.179198	 0.495138	 0.486539	 0.656201	 0.499262	 0.059914	 0.562991	 1.281271	-0.045980	-0.968281	 0.950610
-0.993427	 0.427363	 0.496597	 0.492375	 0.653587	 0.499262	 0.279250	 0.589960	 1.300133	-0.294888	-0.964408	 1.166727
-0.989453	 0.050093	 0.497327	 0.495293	 0.650979	 0.499262	 0.388918	 0.602211	 0.806926	 0.081745	-0.960550	 0.772019
-0.985496	-0.138541	 0.497692	 0.496752	 0.648378	 0.499262	 0.443752	 0.607107	 0.560323	 0.270062	-0.956708	 0.574665
-0.981554	-0.232858	 0.497874	 0.497481	 0.645786	 0.499262	 0.471169	 0.108332	 0.437021	 0.364220	-0.952881	 0.475988
-0.977627	-0.280017	 0.497965	 0.497846	 0.643203	 0.499262	 0.484877	-0.141056	 0.375370	 0.411300	-0.949070	 0.426650
-0.973717	 0.196404	 0.498011	 0.498028	 0.640631	 0.499262	 0.491731	 0.234250	 0.844545	-0.065161	-0.945274	 0.901981
-0.969822	 0.433268	 0.498033	 0.498120	 0.638068	 0.499262	 0.495159	 0.420684	 1.076505	-0.302308	-0.941492	 1.136891
-0.965943	 0.550361	 0.498045	 0.498165	 0.635516	 0.499262	 0.496872	 0.512686	 1.189868	-0.419802	-0.937726	 1.251603
-0.962079	 0.607572	 0.498051	 0.498188	 0.632974	 0.499262	-0.002271	 0.557478	 1.243943	 0.022525	-0.933976	 1.306226
-0.958231	 0.634848	 0.498053	 0.498199	 0.630442	 0.499262	-0.250840	 0.578670	 1.268384	 0.243689	-0.930240	 1.330816
-0.954398	 0.147161	 0.498055	-0.001795	 0.627921	 0.499262	 0.124876	 0.588066	 1.278019	 0.354270	-0.926519	 0.840401
-0.950580	-0.096682	 0.498056	-0.250788	 0.625409	 0.499262	 0.311732	 0.591569	 1.280261	 0.409561	-0.922813	 0.595193
-0.946778	 0.281397	 0.498056	 0.124715	 0.622907	 0.499262	-0.094839	 0.592130	 1.278817	 0.437207	-0.919121	 0.972589
-0.942991	 0.469117	 0.498056	 0.311466	 0.620416	 0.499262	-0.297122	 0.591226	 1.275541	 0.451030	-0.915445	 1.158587
-0.939219	 0.561664	 0.498056	 0.404842	 1.117934	 0.499262	 0.101736	 0.589593	 1.271358	 0.457941	-0.911783	 0.748897
-0.935462	 0.606628	 0.498056	 0.451529	 1.363462	 0.499262	 0.300164	 0.587600	 1.266732	 0.461397	-0.908136	 0.544052
-0.931720	 0.627808	 0.498056	 0.474873	 1.483008	 0.499262	 0.399378	 0.585433	 1.261895	 0.463124	-0.904503	 0.441629
-0.927993	 0.137099	 0.498056	 0.486545	 1.039576	 0.499262	 0.448985	 0.583183	 0.756962	 0.463988	-0.900885	 0.890418
-0.924281	-0.108255	 0.498056	 0.492381	 0.816668	 0.499262	 0.473789	 0.580896	 0.504496	 0.464420	-0.897282	 1.112134
-0.920584	 0.269068	 0.498056	 0.495299	 1.204026	 0.499262	 0.486191	 0.578595	 0.878263	 0.464636	-0.893693	 1.220324
-0.916902	 0.456437	 0.498056	 0.496758	 1.394523	 0.499262	 0.492391	 0.576292	 1.062642	 0.464744	-0.890118	 1.271762
-0.913234	 0.548833	 0.498056	 0.497488	 1.486601	 0.499262	 0.495492	 0.573992	 1.152338	 0.464798	-0.886558	 1.294835
-0.909581	 0.593749	 0.498056	 0.497852	 1.529483	 0.499262	 0.497042	 0.571699	 1.194702	 0.464825	-0.883011	 1.303735
-0.905943	 0.614930	 0.498056	 0.498035	 1.047779	 0.499262	 0.497817	 0.569414	 0.713409	 0.464839	-0.879479	 1.305560
-0.902319	 0.624248	 0.498056	 0.498126	 0.805795	 0.499262	 0.498205	 0.567137	 0.472763	 0.464846	-0.875961	 1.303858
-0.898710	 0.627640	 0.498056	 0.498172	 0.683675	 0.499262	 0.498399	 0.564869	 0.852440	-0.035151	-0.872457	 1.300402
-0.895115	 0.628074	 0.498056	 0.498194	 0.621492	 0.499262	 0.498495	 0.562610	 1.039814	-0.284079	-0.868968	 1.296081
-0.891535	 0.627034	 0.498056	 0.498206	 0.589282	 0.499262	 0.498544	 0.560359	 1.131047	-0.407477	-0.865492	 1.291337
-0.887968	 0.625262	 0.498056	 0.498211	 0.572063	 0.499262	 0.498568	 0.558118	 1.174219	 0.031886	-0.862030	 0.786391
-0.884417	 0.623129	 0.498056	 0.498214	 0.562344	 0.499262	 0.498580	 0.555885	 1.193370	 0.251567	-0.858582	 0.533919
-0.880879	 0.620820	 0.498056	 0.498216	 0.556379	 0.499262	 0.498586	 0.053662	 1.200521	 0.361408	-0.855147	 0.907682
-0.877355	 0.618429	 0.498056	 0.498216	 0.552295	 0.499262	 0.498589	-0.197450	 1.201680	 0.416328	-0.851727	 1.092001
-0.873846	 0.116001	 0.498056	 0.498217	 0.549157	 0.499262	 0.498591	 0.176994	 1.199855	 0.443788	-0.848320	 0.681608
-0.870351	-0.135213	 0.498056	 0.498217	 0.546496	 0.499262	 0.498592	 0.363113	 1.196546	 0.457518	-0.844927	 0.476411
-0.866869	 0.239180	 0.498056	 0.498217	 0.544078	 0.499262	 0.498592	-0.044926	 1.192505	 0.464383	-0.841547	 0.373813
-0.863402	 0.425150	 0.498056	 0.498217	 0.541786	 0.499262	 0.498592	-0.248945	 1.188108	 0.467816	-0.838181	 0.322514
-0.859948	 0.516912	 0.498056	 0.498217	 0.539560	 0.499262	 0.498592	-0.350955	 1.183541	 0.469532	-0.834828	 0.296864
-0.856508	 0.561576	 0.498056	 0.498217	 0.537373	 0.499262	 0.498592	 0.098040	 1.178900	 0.470390	-0.831489	 0.784040
-0.853082	 0.582696	 0.498056	 0.498217	 0.535209	 0.499262	 0.498592	 0.321444	 1.174231	 0.470819	-0.828163	 1.025085
-0.849670	 0.592048	 0.498056	 0.498217	 0.533061	 0.499262	 0.498592	-0.067944	 0.669558	 0.471034	-0.824850	 1.143075
-0.846271	 0.595521	 0.498056	 0.498217	 0.530925	 0.499262	 0.498592	-0.262638	 0.417221	 0.471141	-0.821551	 1.199548
-0.842886	 0.596060	 0.498056	 0.498217	 0.528800	 0.499262	 0.498592	 0.140015	 0.791053	 0.471195	-0.818264	 1.225273
-0.839515	 0.595136	 0.498056	 0.498217	 0.526684	 0.499262	 0.498592	 0.340256	 0.975639	 0.471222	-0.814991	 1.235633
-0.836157	 0.593485	 0.498056	 0.498217	 0.524576	 0.499262	 0.498592	 0.439296	 1.065611	-0.028765	-0.811731	 1.238321
-0.832812	 0.591476	 0.498056	 0.498217	 0.522478	 0.499262	 0.498592	 0.487739	 1.108286	-0.277701	-0.808485	 1.237183
-0.829481	 0.589293	 0.498056	 0.498217	 0.520388	 0.499262	 0.498592	 0.510888	 1.127322	-0.401115	-0.805251	 1.234142
-0.826163	 0.587027	 0.498056	 0.498217	 1.018306	 0.499262	 0.498592	 0.521395	 1.134547	 0.038226	-0.802030	 1.230159
-0.822858	 0.584725	 0.498056	 0.498217	 1.264233	 0.499262	 0.498592	 0.525584	 1.135876	 0.257897	-0.798821	 1.225715
-0.819567	 0.582409	 0.498056	 0.498217	 0.884176	 0.499262	 0.498592	 0.526619	 1.134266	 0.367733	-0.795626	 0.721051
-0.816288	 0.580090	 0.498056	 0.498217	 0.693139	 0.499262	 0.498592	 0.526082	 1.131196	 0.422650	-0.792444	 0.468719
-0.813023	 0.577776	 0.498056	 0.498217	 1.096617	 0.499262	 0.498592	 0.024762	 1.127404	 0.450109	-0.789274	 0.842553
-0.809771	 0.575468	 0.498056	 0.498217	 1.295355	 0.499262	 0.498592	-0.225898	 1.123261	 0.463839	-0.786117	 1.027037
-0.806532	 0.573167	 0.498056	 0.498217	 0.891736	 0.499262	 0.498592	 0.148772	 1.118952	 0.470703	-0.782972	 1.116856
-0.803306	 0.570875	 0.498056	 0.498217	 0.689927	 0.499262	 0.498592	 0.335060	 1.114568	 0.474136	-0.779840	 1.159352
-0.800093	 0.568592	 0.498056	 0.498217	 0.589022	 0.499262	 0.498592	 0.427161	 1.110155	 0.475852	-0.776721	 1.178197
-0.796892	 0.566318	 0.498056	 0.498217	 1.038570	 0.499262	 0.498592	 0.472173	 1.105738	 0.476710	-0.773614	 1.185225
-0.793705	 0.564053	 0.498056	 0.498217	 1.260367	 0.499262	 0.498592	 0.493645	 1.101326	 0.477139	-0.770520	 1.186354
-0.790530	 0.061796	 0.498056	 0.498217	 0.868302	 0.499262	 0.498592	 0.503351	 0.596926	 0.477354	-0.767438	 1.184544
-0.787368	-0.189332	 0.498056	 0.498217	 0.672269	 0.499262	 0.498592	 0.507177	 0.344727	 0.477461	-0.764368	 1.181273
-0.784218	 0.185104	 0.498056	 0.498217	 0.574253	 0.499262	 0.498592	 0.508069	 0.718627	-0.022486	-0.761310	 1.177282
-0.781081	 0.371203	 0.498056	 0.498217	 0.525244	 0.499262	 0.498592	 0.507496	 0.903392	-0.271414	-0.758265	 1.172940
-0.777957	 0.463138	 0.498056	 0.498217	 1.000740	 0.499262	 0.498592	 0.506196	 0.493598	 0.105163	-0.755232	 0.668432
-0.774845	 0.507995	 0.498056	 0.498217	 1.235536	 0.499262	 0.498592	 0.504537	 0.288701	 0.293451	-0.752211	 0.416177
-0.771746	 0.529318	 0.498056	 0.498217	 1.349993	 0.499262	 0.498592	 0.502701	 0.186253	 0.387595	-0.749202	 0.290050
-0.768659	 0.538878	 0.498056	 0.498217	 0.904293	 0.499262	-0.501408	 0.500781	 0.635028	 0.434667	-0.746206	 0.226987
-0.765584	 0.542562	 0.498056	 0.498217	 0.681442	 0.499262	-0.998405	 0.499822	 0.857249	 0.458203	-0.743221	 0.195455
-0.762522	 0.543311	 0.498056	 0.498217	 0.570017	 0.499262	-0.243913	 0.499342	 0.966200	-0.030029	-0.740248	 0.679689
-0.759472	 0.542597	 0.498056	 0.498217	 0.514305	 0.499262	 0.132312	 0.499102	 1.018525	-0.273108	-0.737287	 0.919478
-0.756434	 0.541157	 0.498056	 0.498217	 0.986448	 0.499262	 0.319408	 0.498982	 0.542546	 0.106384	-0.734338	 1.037055
-0.753408	 0.539357	 0.498056	 0.498217	 1.219603	 0.499262	 0.411942	 0.498922	 0.304557	 0.296131	-0.731400	 1.093533
-0.750395	 0.537382	 0.498056	 0.498217	 0.833275	 0.499262	 0.457201	 0.498892	 0.685562	-0.108996	-0.728475	 1.119473
-0.747393	 0.535324	 0.498056	 0.498217	 0.640111	 0.499262	 0.478825	 0.498877	 0.873931	-0.310531	-0.725561	 1.130152
-0.744403	 0.533228	 0.498056	 0.498217	 0.543529	 0.499262	 0.488636	 0.498869	 0.965991	-0.410275	-0.722659	 1.133209
-0.741426	 0.531118	 0.498056	 0.498217	-0.004762	 0.499262	 0.493542	 0.498866	 1.009905	 0.040873	-0.719768	 1.132466
-0.738460	 0.529005	 0.498056	 0.498217	-0.277802	 0.499262	 0.495995	 0.498864	 1.029755	 0.266448	-0.716889	 1.129830
-0.735506	 0.526895	 0.498056	 0.498217	 0.086780	 0.499262	 0.497221	 0.498863	 1.037580	 0.379235	-0.714021	 1.126258
-0.732564	 0.524790	 0.498056	 0.498217	 0.269071	 0.499262	 0.497834	 0.498862	 1.039402	 0.435628	-0.711165	 1.122227
-0.729634	 0.522692	 0.498056	 0.498217	 0.860217	 0.499262	 0.498141	 0.498862	 1.038231	-0.536175	-0.708321	 1.117975
-0.726716	 0.520602	 0.498056	 0.498217	 1.152887	 0.499262	 0.498294	 0.498862	 1.035571	-1.019061	-0.705487	 1.113621
-0.223809	 0.518520	 0.498056	 0.498217	 0.796331	 0.499262	 0.498371	 0.498862	 0.532175	-0.257500	-0.702665	 1.109226
 0.027645	 0.516446	 0.498056	 0.498217	 0.618053	 0.499262	 0.498409	 0.498862	 0.280477	 0.122273	-0.699855	 1.104819
 0.153372	 0.514380	 0.498056	 0.498217	 0.528914	 0.499262	 0.498428	 0.498862	 0.154628	 0.311155	-0.697055	 1.100414
-0.283765	 0.012323	 0.498056	 0.498217	 0.984344	 0.499262	 0.498438	 0.498862	 0.591704	 0.404596	-0.694267	 0.596020
-0.500892	-0.238706	 0.498056	 0.498217	 1.209180	 0.499262	 0.498443	 0.498862	 0.808184	 0.451316	-0.691490	 0.343823
-0.608019	 0.135780	 0.498056	 0.498217	 1.318730	 0.499262	 0.498445	 0.498862	 0.914375	 0.474677	-0.688724	 0.717724
-0.660152	 0.322002	 0.498056	 0.498217	 1.370648	 0.499262	 0.498446	 0.498862	 0.965429	 0.486357	-0.685969	 0.902492
-0.684794	 0.414097	 0.498056	 0.498217	 0.893762	 0.499262	-0.001553	 0.498862	 0.988923	 0.492197	-0.683225	 0.992701
-0.695696	 0.459132	 0.498056	 0.498217	 0.655319	 0.499262	-0.250550	 0.498862	 0.998645	 0.495117	-0.680492	 1.035640
-0.699734	 0.480641	 0.498056	 0.498217	 1.036098	 0.499262	 0.124952	 0.498862	 1.001490	 0.496577	-0.677770	 1.054952
-0.700346	 0.490391	 0.498056	 0.498217	 1.223653	 0.499262	 0.311702	 0.498862	 1.000903	 0.497307	-0.675059	 1.062460
-0.699250	 0.494266	 0.498056	 0.498217	 1.314608	 0.499262	 0.405077	 0.498862	 0.998609	 0.497672	-0.672359	 1.064074
-0.697305	 0.496203	 0.498056	 0.498217	 0.857275	 0.499262	 0.451764	 0.498862	-0.004530	-0.002146	-0.669670	 0.562749
-0.694942	 0.497172	 0.498056	 0.498217	 0.628608	 0.499262	 0.475108	 0.498862	-0.504085	-0.251050	-0.666991	 0.312087
-0.692376	 0.497657	 0.498056	 0.498217	 0.514275	 0.499262	 0.486780	 0.498862	 0.248145	 0.124497	-0.664323	 0.186756
-0.689713	 0.497899	 0.498056	 0.498217	 0.457108	 0.499262	 0.492616	 0.498862	 0.622260	 0.311271	-0.661666	 0.124090
-0.687007	 0.498020	 0.498056	 0.498217	 0.428525	 0.499262	 0.495534	 0.498862	 0.807324	 0.404658	-0.659019	 0.592757
-0.684286	 0.498080	 0.498056	 0.498217	 0.414233	 0.499262	 0.496993	 0.498862	 0.897872	 0.451351	-0.656383	 0.824968
-0.681562	 0.498111	 0.498056	 0.498217	 0.407087	 0.499262	 0.497722	 0.498862	 0.941168	 0.474698	-0.653757	 0.438959
-0.678842	 0.498126	 0.498056	 0.498217	 0.403514	 0.499262	 0.498087	 0.498862	 0.960848	 0.486371	-0.651142	 0.245955
-0.676130	 0.498133	 0.498056	 0.498217	 0.401728	 0.499262	 0.498270	 0.498862	 0.968727	 0.492208	-0.648538	 0.149452
-0.673427	 0.498137	 0.498056	 0.498217	 0.400835	 0.499262	 0.498361	 0.498862	 0.970713	 0.495126	-0.645944	 0.601201
-0.670735	 0.498139	 0.498056	 0.498217	 0.400388	 0.499262	 0.498406	 0.498862	 0.969760	 0.496585	-0.643360	 0.824970
-0.668052	 0.498140	 0.498056	 0.498217	 0.400165	 0.499262	 0.498429	 0.498862	 0.967347	 0.497315	-0.640786	 0.934757
-0.665380	 0.498140	 0.498056	 0.498217	 0.400053	 0.499262	 0.498441	 0.498862	 0.964210	 0.497680	-0.638223	 0.987561
-0.662719	 0.498141	 0.498056	 0.498217	 0.899997	 0.499262	 0.498446	 0.498862	 0.960719	 0.497862	-0.635670	 1.011882
-0.660068	 0.498141	 0.498056	 0.498217	 1.147170	 0.499262	 0.498449	 0.498862	 0.957060	 0.497953	-0.633128	 1.021971
-0.657428	 0.498141	 0.498056	 0.498217	 0.767967	 0.499262	 0.498450	 0.498862	 0.453323	 0.497999	-0.630595	 1.024951
-0.654798	 0.498141	 0.498056	 0.498217	 0.578366	 0.499262	 0.498451	 0.498862	 0.201455	 0.498022	-0.628073	 1.024385
-0.652179	 0.498141	 0.498056	 0.498217	 0.483565	 0.499262	 0.498452	 0.498862	 0.075521	 0.498033	-0.625561	 1.022054
-0.649570	 0.498141	 0.498056	 0.498217	 0.936165	 0.499262	 0.498452	 0.498862	 0.512553	 0.498039	-0.623058	 0.518850
-0.646972	 0.498141	 0.498056	 0.498217	 1.159687	 0.499262	 0.498452	 0.498862	 0.729171	 0.498042	-0.620566	 0.267247
-0.644384	 0.498141	 0.498056	 0.498217	 0.768682	 0.499262	 0.498452	 0.498862	 0.835588	 0.498043	-0.618084	 0.641446
-0.641806	 0.498141	 0.498056	 0.498217	 0.573179	 0.499262	 0.498452	 0.498862	 0.886912	 0.498044	-0.615611	 0.826514
-0.639239	 0.498141	 0.498056	-0.001783	 0.475428	 0.499262	 0.498452	 0.498862	 0.910698	 0.498044	-0.613149	 0.917025
-0.636682	 0.498141	 0.498056	-0.250779	 0.426552	 0.499262	 0.498452	 0.498862	 0.920722	 0.498044	-0.610696	 0.960265
-0.634135	 0.498141	 0.498056	 0.124722	 0.902114	 0.499262	 0.498452	 0.498862	 0.923872	 0.498044	-0.608254	 0.479879
-0.631599	 0.498141	 0.498056	 0.311473	 1.137140	 0.499262	 0.498452	 0.498862	 0.923594	 0.498045	-0.605821	 0.239685
-0.629072	 0.498141	 0.498056	 0.404848	 0.751909	 0.499262	 0.498452	 0.498862	 0.921608	 0.498045	-0.603397	 0.619589
-0.626556	 0.498141	 0.498056	 0.451536	 0.559293	 0.499262	 0.498452	 0.498862	 0.918775	 0.498045	-0.600984	 0.807541
-0.624050	 0.498141	 0.498056	 0.474880	 0.462985	 0.499262	 0.498452	 0.498862	 0.915527	 0.498045	-0.598580	 0.899527
-0.621554	 0.498141	 0.498056	 0.486551	 0.914831	 0.499262	 0.498452	 0.498862	 0.912079	 0.498045	-0.596186	 0.943536
-0.619067	 0.498141	 0.498056	 0.492387	 1.138021	 0.499262	 0.498452	 0.498862	 0.908537	 0.498045	-0.593801	 0.963566
-0.616591	 0.498141	 0.498056	 0.495305	 1.246893	-0.000738	 0.498452	 0.498862	 0.904956	 0.498045	-0.591426	 0.971614
-0.614125	 0.498141	 0.498056	 0.496764	 1.298618	-0.249737	 0.498452	 0.498862	 0.901363	 0.498045	-0.589060	 0.973678
-0.611668	 0.498141	 0.498056	 0.497494	 0.821780	 0.125764	 0.498452	 0.498862	 0.897771	 0.498045	-0.586704	 0.972759
-0.609222	 0.498141	 0.498056	 0.497859	 0.583360	 0.312512	 0.498452	 0.498862	 0.894187	 0.498045	-0.584357	 0.970356
-0.606785	 0.498141	 0.498056	 0.498041	 0.964151	 0.405886	 0.498452	 0.498862	 0.890613	 0.498045	-0.582019	 0.967218
-0.604358	 0.498141	 0.498056	 0.498132	 1.151856	 0.452573	 0.498452	 0.498862	 0.887053	 0.498045	-0.579691	 0.963721
-0.601940	 0.498141	 0.498056	 0.498178	 1.243030	 0.475916	 0.498452	 0.498862	 0.883505	 0.498045	-0.577373	 0.960052
-0.599532	 0.498141	 0.498056	 0.498201	 1.285948	-0.012412	 0.498452	 0.498862	 0.879972	 0.498045	-0.575063	 0.956305
-0.597134	 0.498141	 0.498056	 0.498212	 1.304749	-0.255575	 0.498452	 0.498862	 0.876452	 0.498045	-0.572763	 0.952526
-0.594746	 0.498141	 0.498056	 0.498218	 0.811503	 0.122844	 0.498452	 0.498862	 0.872946	 0.498045	-0.570472	 0.948739
-0.592367	 0.498141	 0.498056	 0.498220	 0.564880	 0.311051	 0.498452	 0.498862	 0.869455	 0.498045	-0.568190	 0.944956
-0.589997	 0.498141	 0.498056	 0.498222	 0.441568	 0.405154	 0.498452	 0.498862	 0.865977	 0.498045	-0.565917	 0.941182
-0.587637	 0.498141	 0.498056	 0.498223	 0.379912	 0.452206	 0.498452	 0.498862	 0.862513	 0.498045	-0.563653	 0.937420
-0.585287	 0.498141	 0.498056	 0.498223	 0.849085	 0.475732	 0.498452	 0.498862	 0.859063	 0.498045	-0.561399	 0.933672
-0.582946	 0.498141	 0.498056	 0.498223	 1.081034	 0.487495	 0.498452	 0.498862	 0.855627	 0.498045	-0.559153	 0.929938
-0.580614	 0.498141	 0.498056	 0.498223	 1.194383	 0.493376	 0.498452	 0.498862	 0.852204	 0.498045	-0.556917	 0.926219
-0.578291	 0.498141	 0.498056	 0.498223	 0.748442	 0.496317	 0.498452	 0.498862	 0.848795	 0.498045	-0.554689	 0.922514
-0.575978	 0.498141	 0.498056	 0.498223	 0.525471	 0.497787	 0.498452	 0.498862	 0.845400	 0.498045	-0.552470	 0.918824
-0.573674	 0.498141	 0.498056	 0.498223	 0.913986	 0.498522	 0.498452	 0.498862	 0.842018	 0.498045	-0.550260	 0.915149
-0.571380	 0.498141	 0.498056	 0.498223	 1.105638	 0.498890	 0.498452	 0.498862	 0.838650	 0.498045	-0.548059	 0.911488
-0.569094	 0.498141	 0.498056	 0.498223	 1.198870	 0.499074	 0.498452	 0.498862	 0.835296	 0.498045	-0.545867	 0.407842
-0.566818	 0.498141	 0.498056	 0.498223	 1.242902	 0.499166	 0.498452	 0.498862	 0.831955	 0.498045	-0.543684	 0.156019
-0.564550	 0.498141	 0.498056	 0.498223	 1.262344	 0.499212	 0.498452	 0.498862	 0.828627	 0.498045	-0.541509	 0.530108
-0.562292	 0.498141	 0.498056	 0.498223	 1.269501	 0.499235	 0.498452	 0.498862	 0.825312	 0.498045	-0.539343	 0.715344
-0.560043	 0.498141	 0.498056	 0.498223	 1.270526	 0.499246	 0.498452	 0.498862	 0.822011	 0.498045	-0.537185	 0.806160
-0.557803	 0.498141	 0.498056	 0.498223	 1.268496	 0.499252	 0.498452	 0.498862	 0.818723	 0.498045	-0.535037	 0.849775
-0.555572	 0.498141	 0.498056	 0.498223	 1.264948	 0.499255	 0.498452	 0.498862	 0.815448	 0.498045	-0.532897	 0.869795
-0.553349	 0.498141	 0.498056	 0.498223	 1.260651	 0.499256	 0.498452	 0.498862	 0.812186	 0.498045	-0.530765	 0.378026
-0.551136	 0.498141	 0.498056	 0.498223	 1.255990	 0.499257	 0.498452	 0.498862	 0.808938	 0.498045	-0.528642	 0.132141
-0.548931	 0.498141	 0.498056	-0.001777	 0.751157	 0.499257	 0.498452	 0.498862	 0.805702	 0.498045	-0.526527	 0.509199
-0.546736	 0.498141	 0.498056	-0.250773	 0.498740	 0.499257	 0.498452	 0.498862	 0.802479	 0.498045	-0.524421	 0.695955
-0.544549	 0.498141	 0.498056	 0.124729	 0.872532	 0.499258	 0.498452	 0.498862	 0.299269	 0.498045	-0.522324	 0.287568
-0.542371	 0.498141	 0.498056	 0.311479	 1.056935	 0.499258	 0.498452	 0.498862	 0.047664	 0.498045	-0.520234	 0.083374
-0.540201	 0.498141	 0.498056	 0.404854	 1.146654	 0.499258	 0.498452	 0.498862	-0.078138	 0.498045	-0.518153	-0.018723
-0.538040	 0.498141	 0.498056	 0.451542	 1.189040	 0.499258	 0.498452	 0.498862	-0.141040	 0.498045	-0.516081	 0.430229
-0.535888	 0.498141	 0.498056	 0.474886	 1.207771	 0.499258	 0.498452	 0.498862	-0.172490	 0.498045	-0.514016	 0.652946
-0.533745	 0.498141	 0.498056	 0.486558	 1.214683	 0.499258	 0.498452	 0.498862	 0.311784	 0.498045	-0.511960	 0.762554
-0.531610	 0.498141	 0.498056	 0.492394	 1.215696	 0.499258	 0.498452	 0.498862	 0.552330	 0.498045	-0.509912	 0.815613
-0.529483	 0.498141	 0.498056	 0.495312	 1.213769	 0.499258	 0.498452	 0.498862	 0.671017	-0.001955	-0.507873	 0.840405
-0.527365	 0.498141	 0.498056	 0.496771	 1.210382	 0.499258	 0.498452	 0.498862	 0.728781	-0.250952	-0.505841	 0.851071
-0.525256	 0.498141	 0.498056	 0.497500	 0.706274	 0.499258	 0.498452	 0.498862	 0.756090	 0.124550	-0.503818	 0.854681
-0.523155	 0.498141	 0.498056	 0.497865	 0.454221	 0.499258	 0.498452	 0.498862	 0.768177	 0.311301	-0.501803	 0.854769
-0.521062	 0.498141	 0.498056	 0.498047	 0.328194	 0.499258	 0.498452	 0.498862	 0.772660	 0.404677	-0.500795	 0.853103
-0.518978	 0.498141	 0.498056	 0.498138	 0.765180	 0.499258	 0.498452	 0.498862	 0.773348	 0.451364	-0.500291	 0.850567
-0.516902	 0.498141	 0.498056	 0.498184	 0.981269	 0.499258	 0.498452	 0.498862	 0.772143	 0.474708	-0.500039	 0.847604
-0.514834	 0.498141	 0.498056	 0.498207	 1.086919	 0.499258	 0.498452	 0.498862	 0.769999	 0.486380	-0.499913	 0.844432
-0.512775	 0.498141	 0.498056	 0.498218	 1.137359	 0.499258	 0.498452	 0.498862	 0.767392	 0.492216	-0.499850	 0.841164
-0.510724	 0.498141	 0.498056	 0.498224	 1.160203	 0.499258	 0.498452	 0.498862	 0.764558	 0.495134	-0.499819	 0.837854
-0.508681	 0.498141	 0.498056	 0.498227	 1.169259	 0.499258	 0.498452	 0.498862	 0.761618	 0.496593	-0.499803	 0.834530
-0.506646	 0.498141	 0.498056	 0.498228	 1.171430	 0.499258	 0.498452	 0.498862	 0.758631	 0.497323	-0.499795	 0.831206
-0.504620	 0.498141	 0.498056	 0.498229	 1.170169	 0.499258	 0.498452	 0.498862	 0.755626	 0.497687	-0.499791	 0.827888
-0.502601	 0.498141	 0.498056	 0.498229	 1.167200	 0.499258	 0.498452	 0.498862	 0.752618	 0.497870	-0.499789	 0.824580
-0.500591	 0.498141	 0.498056	 0.498229	 1.163388	 0.499258	 0.498452	 0.498862	 0.749615	 0.497961	-0.499788	 0.321283
-0.499586	 0.498141	 0.498056	 0.498229	 1.159162	 0.499258	 0.498452	 0.498862	 0.746620	 0.498007	-0.499788	 0.069635
-0.499083	 0.498141	 0.498056	 0.498229	 1.154740	-0.000742	 0.498452	 0.498862	 0.743635	-0.001971	-0.499788	 0.443811
-0.498832	 0.498141	 0.498056	 0.498230	 1.150228	-0.249741	 0.498452	 0.498862	 0.740662	-0.250955	-0.499788	 0.629263
-0.498706	 0.498141	 0.498056	 0.498230	 1.145680	 0.125760	 0.498452	 0.498862	 0.737700	 0.124552	-0.499787	 0.720359
-0.498643	 0.498141	 0.498056	 0.498230	 1.141124	 0.312508	 0.498452	 0.498862	 0.734749	 0.311306	-0.499787	 0.764285
-0.498612	 0.498141	 0.498056	 0.498230	 0.636573	 0.405882	 0.498452	 0.498862	 0.731810	 0.404683	-0.499787	 0.784631
-0.498596	 0.498141	 0.498056	 0.498230	 0.384298	 0.452569	 0.498452	 0.498862	 0.728883	 0.451371	-0.499787	 0.793194
-0.498588	 0.498141	 0.498056	 0.498230	 0.258160	 0.475912	 0.498452	 0.498862	 0.725967	 0.474716	-0.499787	 0.795872
-0.498584	 0.498141	 0.498056	 0.498230	 0.695091	 0.487584	 0.498452	 0.498862	 0.223064	 0.486388	-0.499787	 0.295614
-0.498582	 0.498141	 0.498056	 0.498230	 0.911292	 0.493420	 0.498452	 0.498862	-0.028388	 0.492224	-0.499787	 0.045485
-0.498581	 0.498141	 0.498056	 0.498230	 1.017138	 0.496338	 0.498452	 0.498862	 0.345886	 0.495142	-0.499787	 0.420420
-0.498581	 0.498141	 0.498056	 0.498230	 1.067815	 0.497797	 0.498452	 0.498862	 0.531582	 0.496601	-0.499787	 0.606297
