-0.361389	 0.446264	 0.498469	 0.252560	-0.311084	-0.306386	 0.499079	 0.498551	 0.312706	 0.312035	 0.131930	 0.499326
-0.361389	 0.351511	 0.498469	 0.252561	 0.094752	-0.402914	 0.499079	 0.498551	 0.406080	 0.405410	 0.131930	 0.499326
-0.361389	 0.304135	 0.498469	 0.252562	 0.296669	-0.451177	 0.499079	 0.498551	 0.452767	 0.452097	 0.131930	 0.499326
-0.361389	 0.280446	 0.498469	 0.252562	 0.397627	-0.475309	 0.499079	 0.498551	 0.476110	 0.475441	 0.131930	 0.499326
-0.361389	 0.268602	 0.498469	 0.252563	 0.448106	-0.487375	 0.499079	 0.498551	 0.487782	 0.487112	 0.131930	 0.499326
-0.361389	 0.262680	 0.498469	 0.252563	 0.473346	-0.493408	 0.499079	 0.498551	 0.493618	 0.492948	 0.131930	 0.499326
-0.361389	 0.259719	-0.001531	 0.252563	 0.485966	-0.496424	 0.499079	 0.498551	-0.003465	 0.495866	 0.131930	 0.499326
-0.361389	 0.258239	-0.250528	 0.252563	 0.492276	-0.497932	 0.499079	 0.498551	-0.251004	 0.497325	 0.131930	 0.499326
-0.361389	 0.257498	 0.124974	 0.252563	 0.495431	-0.498687	 0.499079	 0.498551	 0.125226	 0.498055	 0.131930	 0.499326
-0.361389	 0.257128	 0.311724	 0.252563	 0.497008	-0.499064	 0.499079	 0.498551	 0.312338	 0.498419	 0.131930	 0.499326
-0.361389	 0.256943	 0.405099	 0.252563	 0.497797	-0.499252	 0.499079	 0.498551	 0.405894	 0.498602	 0.131930	 0.499326
-0.361389	 0.256851	 0.451786	 0.252563	 0.498191	-0.499346	 0.499079	 0.498551	 0.452672	 0.498693	 0.131930	 0.499326
-0.361389	 0.256804	 0.475130	 0.252563	 0.498388	 0.000606	 0.499079	 0.498551	 0.476061	 0.498739	 0.131930	 0.499326
-0.361389	 0.256781	 0.486802	 0.252563	 0.498487	 0.249582	 0.499079	 0.498551	 0.487755	 0.498761	 0.131930	 0.499326
-0.361389	 0.256770	 0.492638	 0.252563	 0.498536	 0.374069	 0.499079	 0.498551	 0.493603	 0.498773	 0.131930	 0.499326
-0.361389	 0.256764	 0.495555	 0.252563	 0.498561	-0.063687	 0.499079	 0.498551	 0.496526	 0.498778	 0.131930	 0.499326
-0.361389	 0.256761	 0.497014	 0.252563	 0.498573	-0.281562	 0.499079	 0.498551	 0.497988	 0.498781	 0.131930	 0.499326
-0.361389	 0.756760	 0.497744	 0.752563	 0.498579	 0.109500	 0.499079	 0.498551	 0.498719	 0.998783	 0.131930	 0.499326
-0.361389	 1.004245	 0.498109	 1.000058	 0.498582	 0.304031	 0.499079	 0.498551	 0.499084	 1.245786	 0.131930	 0.499326
-0.361389	 0.625485	-0.001709	 0.621310	 0.498584	-0.098704	 0.499079	 0.498551	 0.499267	 0.866302	 0.131930	 0.499326
-0.361389	 0.436104	-0.250615	 0.431936	 0.498585	-0.299069	 0.499079	 0.498551	 0.499358	 0.676560	 0.131930	 0.499326
-0.361389	 0.341414	 0.124932	 0.337249	 0.498585	 0.100749	 0.499079	 0.498551	 0.499404	 1.081689	 0.131930	 0.499326
-0.361389	 0.294069	 0.311705	 0.289906	 0.498585	 0.299656	 0.499079	 0.498551	 0.499427	 1.281280	 0.131930	 0.499326
-0.361389	 0.270397	 0.405091	 0.266234	 0.498585	 0.399110	 0.499079	 0.498551	 0.499438	 1.378113	 0.131930	 0.499326
-0.361389	 0.258560	 0.451784	 0.754398	-0.001414	-0.051163	 0.499079	 0.498551	 0.499444	 0.423580	 0.131930	 0.499326
-0.361389	 0.252642	 0.475131	 0.995995	-0.250412	-0.275297	 0.499079	 0.498551	 0.499447	-0.052624	 0.131930	 0.499326
-0.361389	 0.249683	 0.486804	 0.614318	 0.125090	 0.112637	 0.499079	 0.498551	 0.499448	 0.210331	 0.131930	 0.499326
-0.361389	 0.248204	 0.492641	 0.423480	 0.311839	 0.305602	 0.499079	 0.498551	 0.499449	 0.341809	 0.131930	 0.499326
-0.361389	 0.247464	 0.495559	 0.328061	 0.405214	-0.097915	 0.499079	 0.498551	 0.499449	-0.092452	 0.131930	 0.499326
-0.361389	 0.247094	 0.497018	 0.280351	 0.451901	-0.298671	 0.499079	 0.498551	 0.499450	-0.308530	 0.131930	 0.499326
-0.361389	 0.246909	-0.002252	 0.256496	-0.024755	-0.399049	 0.499079	-0.001449	 0.499450	 0.084481	 0.131930	 0.499326
-0.361389	 0.246817	-0.250884	 0.244569	-0.262080	-0.449238	 0.499079	-0.250447	 0.499450	 0.280986	 0.131930	 0.499326
-0.361389	 0.746770	 0.124800	 0.238605	 0.119257	 0.025668	 0.499079	 0.125055	 0.499450	 0.379239	 0.131930	 0.499326
-0.361389	 0.994254	 0.311641	 0.235623	 0.308925	 0.262119	 0.499079	 0.311805	 0.499450	 0.428365	 0.131930	 0.499326
-0.361389	 1.115512	 0.405061	 0.234133	 0.403758	 0.380345	 0.499079	 0.405179	 0.499450	 0.452929	 0.131930	 0.499326
-0.361389	 0.673668	 0.451772	 0.233387	-0.048825	-0.060542	 0.499079	 0.451867	 0.499450	 0.465210	 0.131930	 0.499326
-0.361389	 0.452745	 0.475127	 0.233014	-0.274113	-0.279983	 0.499079	 0.475210	 0.499450	 0.471351	 0.131930	 0.499326
-0.361389	 0.342284	-0.013196	 0.232828	-0.386758	-0.389703	-0.000921	 0.486882	-0.000550	 0.474421	 0.131930	 0.499326
-0.361389	 0.287054	-0.256354	 0.232735	-0.443080	-0.444563	-0.249919	 0.492718	-0.249549	 0.475957	 0.131930	 0.499326
-0.361389	 0.259439	-0.377933	 0.232688	-0.471241	-0.471993	-0.374419	 0.495636	-0.374049	 0.476724	 0.131930	 0.499326
-0.361389	 0.245631	-0.438723	 0.232665	-0.485322	-0.485708	-0.436668	 0.497095	-0.436298	 0.477108	 0.131930	 0.499326
-0.361389	 0.238727	-0.469117	 0.232653	-0.492362	-0.492566	 0.032207	 0.497825	 0.032577	 0.477300	 0.131930	 0.499326
-0.361389	 0.235275	-0.484315	 0.232647	-0.495882	-0.495995	 0.265643	 0.498189	 0.266012	 0.477396	 0.131930	 0.499326
-0.361389	 0.233549	-0.491913	 0.232645	-0.497642	-0.497709	 0.382360	 0.498372	 0.382729	 0.477444	 0.131930	 0.499326
-0.361389	 0.232686	-0.495713	 0.232643	-0.498522	-0.498566	 0.440719	 0.498463	-0.058912	 0.477468	 0.131930	 0.499326
-0.361389	 0.232255	-0.497612	 0.232642	-0.498962	-0.498995	 0.469899	 0.498509	-0.278732	 0.477480	 0.131930	 0.499326
-0.361389	 0.232039	-0.498562	 0.232642	-0.499182	-0.499209	-0.015512	 0.498531	-0.388642	 0.477486	 0.131930	 0.499326
-0.361389	 0.231931	-0.499037	 0.232642	-0.499292	-0.499316	-0.257215	 0.498543	-0.443597	 0.477489	 0.131930	 0.499326
-0.361389	 0.231877	 0.000725	 0.232642	-0.499347	-0.499370	 0.121933	 0.498548	-0.471074	 0.477490	 0.131930	 0.499326
-0.361389	 0.231850	 0.249606	 0.232642	-0.499375	-0.499397	 0.310505	 0.498551	-0.484813	 0.477491	 0.131930	 0.499326
-0.361389	 0.231837	 0.374046	 0.232642	 0.000612	-0.499410	 0.404791	 0.498553	-0.491682	 0.477491	 0.131930	 0.499326
-0.361389	 0.231830	 0.436266	 0.232642	 0.249603	-0.499417	 0.451934	 0.498553	-0.495117	 0.477492	 0.131930	 0.499326
-0.361389	 0.231827	 0.467376	 0.232642	 0.374099	-0.499420	 0.475506	 0.498554	-0.496834	 0.477492	 0.131930	 0.499326
-0.361389	 0.231825	-0.017069	 0.232642	 0.436347	-0.999422	 0.487292	-0.001446	-0.497693	 0.477492	 0.131930	 0.499326
-0.361389	 0.231824	-0.258289	 0.232642	 0.467471	-1.246424	 0.493185	-0.250443	-0.498122	 0.477492	 0.131930	 0.499326
-0.361389	 0.231824	-0.378898	 0.232642	-0.016967	-0.866938	 0.496131	-0.374942	-0.498337	 0.477492	 0.131930	 0.499326
-0.361389	 0.231823	-0.439203	 0.232642	-0.258183	-0.677195	 0.497604	-0.437191	-0.498444	 0.477492	 0.131930	 0.499326
-0.361389	 0.231823	 0.030644	 0.232642	-0.378791	-0.582323	 0.498341	 0.031685	-0.498498	 0.477492	 0.131930	 0.499326
-0.361389	 0.231823	 0.264567	 0.232642	-0.439095	-0.534888	 0.498709	 0.265121	-0.498525	 0.477492	 0.131930	 0.499326
-0.361389	 0.231823	-0.118471	 0.232642	-0.469247	-0.511170	 0.498893	 0.381839	-0.498538	 0.477492	 0.131930	 0.499326
-0.361389	 0.231823	-0.308988	 0.232642	-0.484323	-0.499311	 0.498985	 0.440199	-0.498545	 0.477492	 0.131930	 0.499326
-0.361389	 0.231823	-0.404246	 0.232642	-0.491861	-0.493381	 0.499031	 0.469378	-0.498548	 0.477492	 0.131930	 0.499326
-0.361389	 0.231823	-0.451875	 0.232642	-0.495630	-0.490417	 0.499054	 0.483968	-0.498550	 0.477492	 0.131930	 0.499326
-0.361389	 0.231823	-0.475689	 0.232642	-0.497515	-0.488934	 0.499066	 0.491263	-0.498551	 0.477492	 0.131930	 0.499326
-0.861389	 0.231823	 0.012403	 0.232642	-0.498457	-0.488193	 0.499072	 0.494910	-0.498551	 0.477492	 0.131930	 0.499326
-1.108666	 0.231823	 0.255449	 0.232642	-0.498928	-0.487822	 0.499075	 0.496734	-0.498551	 0.477492	 0.131930	 0.499326
-0.729593	 0.231823	-0.123029	 0.232642	-0.499163	-0.487637	 0.499076	-0.002354	-0.498551	 0.477492	 0.131930	 0.499326
-0.540056	 0.231823	-0.311264	 0.232642	-0.499281	-0.487545	 0.499077	-0.250895	-0.498552	 0.477492	 0.131930	 0.499326
-0.445288	 0.231823	-0.405382	 0.232642	 0.000660	-0.487498	 0.499077	-0.375166	-0.498552	 0.477492	 0.131930	 0.499326
-0.397904	 0.231823	-0.452441	 0.232642	 0.249629	-0.487475	 0.499077	-0.437301	-0.498552	 0.477492	 0.131930	 0.499326
-0.374212	 0.231823	-0.475970	 0.232642	 0.374114	-0.487463	 0.499077	-0.468369	-0.498552	 0.477492	 0.131930	 0.499326
-0.362366	 0.231823	-0.487735	 0.232642	-0.063644	-0.487458	 0.499077	 0.016097	-0.498552	-0.022508	 0.131930	 0.499326
-0.356443	 0.231823	-0.493618	 0.232642	-0.281520	-0.487455	 0.499077	 0.257329	-0.498552	-0.271463	 0.131930	 0.499326
-0.353481	 0.231823	-0.496559	 0.232642	 0.109542	-0.487453	 0.499077	 0.377945	 0.001448	 0.105100	 0.131930	 0.499326
-0.352000	 0.231823	-0.498029	 0.232642	 0.304072	-0.487453	 0.499077	 0.438253	 0.250446	 0.293382	 0.131930	 0.499326
-0.351260	 0.231823	-0.498765	 0.232642	-0.098663	-0.487452	 0.499077	 0.468407	 0.374944	-0.112477	 0.131930	 0.499326
-0.350890	 0.231823	-0.499132	 0.232642	-0.299028	-0.487452	 0.499077	 0.483484	 0.437193	-0.314370	 0.131930	 0.499326
-0.350705	 0.231823	-0.499316	 0.232642	-0.399210	-0.487452	 0.499077	 0.491023	-0.031682	 0.085716	 0.131930	-0.000674
-0.350612	 0.231823	-0.499408	 0.232642	-0.449301	-0.487452	 0.499077	 0.494792	-0.265119	 0.285759	 0.131930	-0.249673
-0.350566	 0.231823	-0.499454	 0.232642	-0.474347	-0.487452	 0.499077	 0.496677	-0.381837	 0.385780	 0.131930	-0.374172
-0.350543	 0.231823	-0.499477	 0.232642	-0.486870	-0.487452	 0.499077	 0.497619	-0.440196	 0.435791	 0.131930	-0.436422
-0.350531	 0.231823	-0.499488	 0.232642	-0.493131	-0.487452	 0.499077	 0.498090	-0.469376	 0.460796	 0.131930	-0.467547
-0.350526	 0.231823	 0.000506	 0.232642	-0.496262	-0.487452	 0.499077	 0.498326	-0.483965	 0.473299	 0.131930	 0.016891
-0.350523	 0.231823	 0.249502	 0.232642	-0.497827	-0.487452	 0.499077	 0.498443	-0.491260	 0.479550	 0.131930	 0.258107
-0.850521	 0.231823	-0.126000	 0.232642	-0.498610	-0.487452	 0.499077	 0.498502	-0.494908	-0.017324	 0.131930	 0.378715
-1.097819	 0.231823	-0.312748	 0.232642	-0.499001	-0.487452	 0.499077	 0.498532	-0.496731	-0.264733	 0.131930	 0.439019
-0.718778	 0.231823	-0.406122	 0.232642	-0.499197	-0.987452	 0.499077	 0.498546	 0.002357	 0.112587	 0.131930	 0.469171
-0.529258	 0.231823	-0.452809	 0.232642	-0.499295	-1.234477	 0.499077	 0.498554	 0.250898	 0.301247	 0.131930	 0.484247
-0.434497	 0.231823	-0.476152	 0.232642	-0.499344	-1.355027	 0.499077	 0.498558	 0.375168	 0.395577	 0.131930	 0.491785
-0.387117	 0.231823	-0.487824	 0.232642	 0.000632	-0.912350	 0.499077	 0.498559	 0.437304	 0.442742	 0.131930	 0.495554
-0.363427	 0.231823	-0.493660	 0.232642	 0.249618	-0.691012	 0.499077	 0.498560	 0.468371	 0.466325	 0.131930	 0.497438
-0.351582	 0.231823	-0.496578	 0.232642	-0.125888	-0.580343	 0.499077	 0.498561	 0.483905	 0.478116	 0.131930	 0.498381
-0.345660	 0.231823	-0.498037	 0.232642	-0.312639	-0.525008	 0.499077	 0.498561	 0.491672	 0.484012	 0.131930	 0.498852
-0.342698	 0.231823	-0.498766	 0.232642	 0.093986	-0.497341	 0.499077	 0.498561	 0.495556	 0.486959	 0.131930	 0.499087
-0.341218	 0.231823	-0.499131	 0.232642	 0.296297	-0.483507	 0.499077	 0.498561	 0.497497	 0.488433	 0.131930	 0.499205
-0.340477	 0.231823	 0.000686	 0.232642	-0.102547	-0.476591	 0.499077	 0.498561	 0.498468	 0.489170	 0.131930	 0.499264
-0.340107	 0.231823	 0.249594	 0.232642	-0.300967	-0.473132	 0.499077	 0.498561	 0.498954	 0.489539	 0.131930	 0.499294
-0.339922	 0.231823	 0.374048	 0.232642	-0.400177	-0.471403	 0.499077	 0.498561	 0.499196	 0.489723	 0.131930	 0.499308
-0.339830	 0.731823	 0.436275	 0.232642	 0.050218	 0.029462	 0.499077	 0.498561	 0.499318	 0.489815	 0.131930	 0.499316
-0.339783	 0.979360	 0.467389	 0.232642	 0.274415	 0.278833	 0.499077	 0.498561	 0.499378	 0.489861	 0.131930	 0.499319
-0.339760	 1.100674	 0.482945	 0.232642	 0.386513	-0.097537	 0.499077	 0.498561	 0.499409	 0.989884	 0.131930	 0.499321
-0.339749	 1.158887	 0.490724	 0.232642	 0.442562	-0.285723	 0.499077	 0.498561	 0.499424	 1.236916	 0.131930	 0.499322
-0.339743	 0.685560	 0.494613	 0.732642	 0.470587	 0.120185	 0.499077	 0.498561	 0.499431	 1.357464	 0.131930	 0.499323
-0.339740	 0.448896	 0.496557	 0.980176	 0.484599	 0.322086	 0.499077	 0.498561	 0.499435	 1.414782	 0.131930	 0.499323
-0.339739	 0.830564	 0.497530	 1.101488	-0.008395	 0.421989	 0.499077	 0.498561	 0.499437	 0.940497	 0.131930	 0.499323
-0.339738	 1.018974	 0.498016	 1.159699	-0.253889	 0.470897	 0.499077	 0.498561	 0.499438	 0.703354	 0.131930	 0.499323
-0.339738	 1.110764	 0.498259	 0.686368	 0.123364	-0.005689	 0.499077	 0.498561	 0.499439	 1.084783	 0.131930	 0.499323
-0.339737	 1.154253	 0.498381	 0.449703	 0.310989	-0.243982	 0.499077	 0.498561	 0.499439	 1.272565	 0.131930	 0.499323
-0.339737	 1.173603	 0.498441	 0.331370	 0.404802	-0.363129	 0.499077	 0.498561	 0.499439	 1.363535	 0.131930	 0.499323
-0.339737	 1.180892	 0.498472	 0.772204	 0.451708	 0.077298	 0.999077	 0.498561	 0.499439	 1.406111	 0.131930	 0.499323
-0.339737	 1.182160	 0.498487	 0.990194	 0.475161	 0.296476	 1.246079	 0.498561	 0.499439	 1.424502	 0.131930	 0.499323
-0.339737	 1.180427	 0.498494	 1.096773	 0.486888	 0.405034	 1.366594	 0.498561	 0.499439	 0.930811	 0.131930	 0.499323
-0.339737	 1.177203	 0.498498	 1.147656	 0.492751	 0.458285	 1.423877	 0.498561	 0.499439	 0.683966	 0.131930	 0.499323
-0.339737	 1.173243	 0.498500	 0.670701	 0.495683	 0.483888	 0.949556	 0.498561	 0.499439	 1.060543	 0.131930	 0.499323
-0.339737	 1.168925	 0.498501	 0.432223	 0.497148	 0.495671	 0.712396	 0.498561	 0.499439	 1.245958	 0.131930	 0.499323
-0.339737	 1.164436	 0.498502	 0.312984	-0.002119	 0.500547	 0.593816	 0.498561	 0.499439	 1.335802	 0.131930	 0.499323
-0.339737	 1.159872	 0.498502	 0.253364	-0.250749	 0.501974	 0.534526	 0.498561	 0.499439	 1.377873	 0.131930	 0.499323
-0.339737	 1.155280	 0.498502	 0.223555	-0.375065	 0.501681	 0.504881	 0.498561	 0.499439	 1.396069	 0.131930	 0.499323
-0.339737	 1.150682	 0.498502	 0.708650	-0.437222	 0.500532	 0.490058	 0.998561	 0.499439	 1.402338	 0.131930	 0.499323
-0.339737	 1.146091	 0.498502	 0.948810	-0.468301	 0.499957	 0.482647	 1.245564	 0.499439	 1.402656	 0.131930	 0.499323
-0.339737	 0.641512	 0.498502	 1.066512	 0.016159	 0.499670	 0.978941	 0.866080	 0.499439	 0.900008	 0.131930	 0.499323
-0.339737	 0.389223	 0.498502	 1.122995	 0.257388	 0.499526	 1.224138	 0.676339	 0.499439	 0.648685	 0.131930	 0.499323
-0.339737	 0.763078	 0.498502	 0.648877	-0.121997	-0.000546	 0.843798	 0.581468	 0.499439	 1.023023	 0.631930	 0.499323
-0.339737	 0.947732	 0.498502	 0.411818	-0.310687	-0.249581	 0.653628	 0.534032	 0.499439	 1.207397	 0.879666	 0.499323
-0.339737	 0.537794	 0.498502	 0.293289	 0.094968	 0.125902	 1.058542	 0.510314	 0.499439	 1.296801	 0.501279	 0.499323
-0.339737	 0.332825	 0.498502	 0.234024	 0.296794	 0.312641	 1.258073	 0.498456	 0.499439	 1.338730	 0.312086	 0.499323
-0.339737	 0.230341	 0.498502	 0.204392	 0.397707	 0.406010	 1.354923	 0.492526	 0.499439	 1.356934	 0.217489	 0.499323
-0.339737	 0.679099	 0.498502	 0.189575	 0.448164	 0.452695	 0.900445	 0.489561	 0.499439	 0.863285	 0.170191	 0.499323
-0.339737	 0.901222	 0.498502	 0.182167	 0.473392	 0.476037	 0.673205	 0.488079	 0.499439	 0.616461	 0.146542	 0.499323
-0.339737	 0.510037	 0.498502	 0.178463	-0.013994	-0.012292	 0.559586	 0.487338	 0.499439	 0.993049	 0.134717	 0.499323
-0.339737	 0.314444	 0.498502	 0.176611	-0.256684	-0.255455	 0.502776	 0.486967	 0.499439	 1.178603	 0.128805	 0.499323
-0.339737	 0.216648	 0.498502	 0.675685	 0.121971	 0.122963	 0.474371	 0.486782	 0.499439	 1.268652	 0.125849	 0.499323
-0.339737	 0.167750	 0.498502	 0.922873	 0.310297	 0.311170	 0.460169	 0.486689	 0.499439	 1.310959	 0.124371	 0.499323
-0.339737	 0.643301	 0.498502	 0.544126	 0.404460	-0.094727	 0.453067	 0.486643	 0.499439	 1.329406	 0.623631	 0.499323
-0.339737	 0.878839	 0.498502	 0.354753	 0.451542	-0.296674	 0.449517	 0.486620	 0.499439	 1.335934	 0.871016	 0.499323
-0.339737	 0.994379	 0.498502	 0.260067	 0.475083	-0.397648	 0.447741	 0.486608	 0.499439	 1.336513	 0.992472	 0.499323
-0.339737	 1.049929	 0.498502	 0.212723	 0.486853	 0.051865	 0.446854	 0.486603	 0.499439	 0.834129	 0.550972	 0.499323
-0.339737	 1.075493	 0.498502	 0.189052	 0.492738	 0.275619	 0.446410	 0.486600	 0.499439	 0.582936	 0.330222	 0.499323
-0.339737	 1.086073	 0.498502	 0.177216	 0.495681	 0.387496	 0.446188	 0.486598	 0.499439	 0.957340	 0.219847	 0.499323
-0.339737	 1.089170	 0.498502	 0.171298	 0.497152	 0.443435	 0.446077	 0.486597	 0.499439	 1.141878	 0.164659	 0.499323
-0.339737	 0.588533	 0.498502	 0.668339	 0.497888	 0.471404	 0.446022	 0.486597	 0.499439	 1.231495	 0.137065	 0.499323
-0.339737	 0.338215	 0.498502	 0.914529	 0.498256	 0.485389	 0.445994	 0.486597	 0.499439	 1.273661	 0.123268	 0.499323
-0.339737	 0.713056	 0.498502	 0.535302	 0.498439	-0.007619	 0.945980	 0.486597	 0.499439	 0.792112	 0.116370	 0.499323
-0.339737	 0.898301	 0.498502	 0.345689	 0.498531	-0.253122	 1.193081	 0.486597	 0.499439	 0.551338	 0.112921	 0.499323
-0.339737	 0.988756	 0.498502	 0.250882	 0.498577	-0.375873	 1.313751	 0.486597	 0.499439	 0.430951	 0.111196	 0.499323
-0.339737	 0.531825	 0.498502	 0.203479	 0.498600	 0.062751	 0.871218	 0.486597	 0.499439	 0.870757	 0.110334	 0.499323
-0.339737	 0.303360	 0.498502	 0.179777	 0.498612	 0.281061	 0.649951	 0.486597	 0.499439	 1.088039	 0.109903	 0.499323
-0.339737	 0.689127	 0.498502	 0.167926	 0.498618	 0.390215	 0.539317	 0.486597	 0.499439	 0.694069	 0.109687	 0.499323
-0.339737	 0.879861	 0.498502	 0.162001	 0.498621	 0.444793	 0.484000	 0.486597	 0.499439	 0.497085	 0.109579	 0.499323
-0.339737	 0.973087	 0.498502	 0.159038	-0.001378	 0.472082	 0.456342	 0.986597	 0.499439	 0.898592	 0.109525	 0.499323
-0.339737	 1.017567	 0.498502	 0.157557	-0.250375	 0.485726	 0.442513	 1.233624	 0.499439	 1.096746	 0.109499	 0.499323
-0.339737	 0.537683	 0.498502	 0.156816	 0.125127	-0.007452	 0.935598	 0.854176	 0.499439	 0.693233	 0.109485	 0.499323
-0.339737	 0.297741	 0.498502	 0.156446	 0.311877	-0.253040	 1.179284	 0.664452	 0.499439	 0.491476	 0.109478	 0.499323
-0.339737	 0.177770	 0.498502	 0.156261	 0.405252	-0.375833	 1.298280	 0.569590	 0.499439	 0.390598	 0.109475	 0.499323
-0.339737	 0.617785	 0.498502	 0.156168	 0.451939	-0.437230	 0.854944	 0.522159	 0.499439	 0.840159	 0.109473	 0.499323
-0.339737	 0.835676	 0.498502	 0.156122	 0.475283	-0.467929	 0.633276	 0.498443	 0.499439	 1.062360	 0.109472	 0.499323
-0.339737	 0.942515	 0.498502	 0.656099	 0.486955	 0.016722	 0.522442	 0.486585	 0.499439	 0.670891	 0.109472	 0.499323
-0.339737	 0.993836	 0.498502	 0.903775	 0.492790	 0.258045	 0.467025	 0.480657	 0.499439	 0.475157	 0.109472	 0.499323
-0.339737	 1.017406	 0.498502	 0.525310	 0.495708	 0.378706	 0.439317	 0.477692	 0.499439	 0.877290	 0.109472	 0.499323
-0.339737	 1.027109	 0.498502	 0.336078	 0.497167	 0.439037	 0.425462	 0.476210	 0.499439	 1.075798	 0.109472	 0.499323
-0.339737	 1.029887	 0.498502	 0.241462	 0.497897	-0.030798	 0.418535	 0.475469	 0.499439	 0.672503	 0.109472	 0.499323
-0.339737	 1.029210	 0.498502	 0.194154	 0.498262	-0.264714	 0.415072	 0.475098	 0.499439	 0.470855	 0.109472	 0.499323
-0.339737	 1.026815	 0.498502	 0.170500	 0.498444	-0.381672	 0.413340	 0.474913	 0.499439	 0.370032	 0.109472	 0.499323
-0.339737	 0.523569	 0.498502	 0.658673	 0.498535	 0.059849	 0.412474	 0.474820	 0.499439	 0.319620	 0.109472	 0.499323
-0.339737	 0.271945	 0.498502	 0.900465	 0.498581	 0.279607	 0.412041	 0.474774	 0.499439	 0.294414	 0.109472	 0.499323
-0.339737	 0.146134	 0.498502	 1.019077	 0.498604	-0.110515	 0.411825	 0.474751	 0.499439	 0.281811	 0.109472	 0.499323
-0.339737	 0.083228	 0.498502	 1.076108	 0.498615	-0.304574	 0.411716	 0.474739	 0.499439	 0.275509	 0.109472	 0.499323
-0.339737	 0.551775	 0.498502	 0.602357	-0.001379	 0.098396	 0.411662	 0.474734	 0.499439	 0.272359	 0.109472	 0.499323
-0.339737	 0.784008	 0.498502	 0.365481	-0.250374	 0.298879	 0.411635	 0.474731	 0.499439	 0.270783	 0.109472	 0.499323
-0.339737	 0.898092	 0.498502	 0.747044	 0.125129	 0.399120	 0.911622	 0.474729	 0.499439	 0.769996	 0.109472	 0.499323
-0.339737	 0.953110	 0.498502	 0.935567	 0.311879	 0.449241	 1.158792	 0.474728	 0.499439	 1.017063	 0.109472	 0.499323
-0.339737	 0.478602	 0.498502	 1.027581	-0.094746	 0.474301	 0.779565	 0.474728	 0.499439	 0.638069	 0.109472	 0.499323
-0.339737	 0.241348	 0.498502	 1.071349	-0.297055	 0.486831	 0.589951	 0.474728	 0.499439	 0.448572	 0.109472	 0.499323
-0.339737	 0.122722	 0.498502	 1.091003	-0.398210	 0.493096	 0.495145	 0.474728	 0.499439	 0.353823	 0.109472	 0.499323
-0.339737	 0.063408	 0.498502	 1.098608	 0.051212	 0.496229	 0.447741	 0.474728	 0.499439	 0.806449	 0.109472	 0.499323
-0.339737	 0.033751	 0.498502	 1.100198	 0.274922	 0.497795	 0.424039	 0.474728	 0.499439	 1.030244	 0.109472	 0.499323
-0.339737	 0.518923	 0.498502	 0.598790	-0.613223	-0.001422	 0.412189	 0.474728	 0.499439	 0.639633	 0.109472	 0.499323
-0.339737	 0.759501	 0.498502	 0.348086	-1.054292	-0.250029	 0.406263	 0.474728	 0.499439	 0.444327	 0.109472	 0.499323
-0.339737	 0.877789	 0.498502	 0.222734	-0.271837	-0.374333	 0.903300	 0.474728	 0.499439	 0.846675	 0.109472	 0.499323
-0.339737	 0.934941	 0.498502	 0.160058	 0.118370	-0.436484	 1.149018	 0.474728	 0.499439	 1.045350	 0.109472	 0.499323
-0.339737	 0.961533	 0.498502	 0.628720	 0.312456	-0.467560	 0.769088	 0.474728	 0.499439	 1.142200	 0.109472	 0.499323
-0.339737	 0.972853	 0.498502	 0.860856	 0.408486	-0.483098	 0.579123	 0.474728	 0.499439	 1.188147	 0.109472	 0.499323
-0.339737	 0.976545	 0.498502	 0.974738	 0.455492	-0.490867	 0.484140	 0.474728	 0.499439	 1.208652	 0.109472	 0.499323
-0.339737	 0.976430	 0.498502	 0.529502	 0.477990	 0.005248	 0.436649	 0.474728	 0.499439	 1.216446	 0.609472	 0.499323
-0.339737	 0.974420	 0.498502	 0.306884	 0.488238	 0.252303	 0.412903	 0.474728	 0.499439	 1.217895	 0.857253	 0.499323
-0.339737	 0.971470	 0.498502	 0.695575	 0.493362	 0.375831	 0.401030	 0.474728	 0.499439	 1.216181	 0.478933	 0.499323
-0.339737	 0.968058	 0.498502	 0.887752	 0.495924	 0.437595	 0.395094	 0.474728	 0.499439	 1.212895	 0.289773	 0.499323
-0.339737	 0.464423	 0.498502	 0.981680	 0.497205	-0.031523	 0.392126	 0.974728	 0.499439	 0.708832	 0.695193	 0.499323
-0.339737	 0.212605	 0.498502	 1.026493	 0.497846	-0.265081	 0.390642	 1.221778	 0.499439	 0.456801	 0.895702	 0.499323
-0.339737	 0.586696	 0.498502	 0.546757	 0.498166	 0.118140	 0.389900	 0.842366	 0.499439	 0.830786	 0.493764	 0.499323
-0.339737	 0.771820	 0.498502	 0.306889	 0.498326	 0.308748	 0.389529	 0.652660	 0.499439	 1.015368	 0.292795	 0.499323
-0.339737	 0.862469	 0.498502	 0.186955	 0.498406	 0.404052	 0.389343	 0.557807	 0.499439	 1.105260	 0.192311	 0.499323
-0.339737	 0.405886	 0.498502	 0.126988	 0.498446	 0.451704	 0.389250	 0.510380	 0.499439	 0.647815	 0.642069	 0.499323
-0.339737	 0.177595	 0.498502	 0.097005	 0.498466	 0.475530	 0.389204	 0.486667	 0.499439	 0.419093	 0.864764	 0.499323
-0.339737	 0.563450	 0.498502	 0.582013	 0.498476	 0.487443	 0.389181	 0.474810	 0.499439	 0.304732	 0.473936	 0.499323
-0.339737	 0.754478	 0.498502	 0.822383	 0.498481	 0.493399	 0.389169	 0.468882	 0.499439	 0.247551	 0.278523	 0.499323
-0.339737	 0.348102	 0.498502	 0.940442	 0.498484	 0.496377	 0.389163	 0.465918	 0.499439	 0.718961	 0.180816	 0.499323
-0.339737	 0.144913	 0.498502	 0.997355	 0.498485	 0.497866	 0.389160	 0.464436	 0.499439	 0.952285	 0.131963	 0.499323
-0.339737	 0.543319	 0.498502	 1.023703	 0.498486	 0.498611	 0.389159	 0.463695	 0.499439	 0.566576	 0.107536	 0.499323
-0.339737	 0.740639	 0.498502	 1.034777	 0.498486	 0.498983	 0.389158	 0.463324	 0.499439	 0.373721	 0.095322	 0.499323
-0.339737	 0.837422	 0.498502	 1.038222	 0.498486	 0.499169	 0.389158	 0.463139	 0.499439	 0.277294	 0.089216	 0.499323
-0.339737	 0.883946	 0.498502	 1.037861	 0.498486	-0.000737	 0.889158	 0.463046	 0.499439	 0.229080	 0.086162	 0.499323
-0.339737	 0.905347	 0.498502	 1.035606	 0.498486	-0.249690	 1.136379	 0.463000	 0.499439	 0.204973	 0.084636	 0.499323
-0.339737	 0.914194	 0.498502	 0.532412	 0.498486	 0.125834	 0.757223	 0.462977	 0.499439	-0.307080	 0.083872	 0.499323
-0.339737	 0.916771	 0.498502	 0.280814	 0.498486	 0.312593	 0.567645	 0.462965	 0.499439	-0.561468	 0.083491	 0.499323
-0.339737	 0.416221	 0.498502	 0.155016	 0.498486	-0.094027	 0.472856	 0.462959	 0.499439	 0.312969	 0.083300	 0.499323
-0.339737	 0.165946	 0.498502	 0.092117	 0.498486	-0.296336	 0.425461	 0.462956	 0.499439	 0.747813	 0.083205	 0.499323
-0.339737	 0.040808	 0.498502	 0.060667	-0.001514	 0.102510	 0.401764	 0.462955	 0.499439	 0.462870	 0.083157	 0.499323
-0.339737	-0.021760	 0.498502	 0.044942	-0.250511	 0.300930	 0.389915	 0.462954	 0.499439	 0.320398	 0.083133	 0.499323
-0.339737	-0.053045	 0.498502	 0.037080	-0.375009	 0.400140	 0.383991	 0.462954	 0.499439	 0.249162	 0.083121	 0.499323
-0.339737	 0.431313	 0.498502	 0.533148	-0.437258	-0.050255	 0.381029	 0.462954	 0.499439	 0.213544	 0.083115	 0.499323
-0.339737	 0.671661	 0.498502	 0.779124	-0.468383	-0.274451	 0.379548	 0.462954	 0.499439	 0.195735	 0.083112	 0.499323
-0.339737	 0.290010	 0.498502	 0.900062	 0.016055	 0.113451	 0.378807	 0.462954	 0.499439	 0.186831	 0.583111	 0.499323
-0.339737	 0.099185	 0.498502	 0.958489	 0.257272	 0.306399	 0.378437	 0.462954	 0.499439	 0.182379	 0.830944	 0.499323
-0.339737	 0.503773	 0.498502	 0.485669	 0.377881	 0.402873	 0.378252	 0.462954	 0.499439	 0.180152	 0.452703	 0.499323
-0.339737	 0.704250	 0.498502	 0.249259	 0.438186	 0.451110	 0.378159	 0.462954	 0.499439	 0.179039	 0.263582	 0.499323
-0.339737	 0.802679	 0.498502	 0.131053	 0.468338	 0.475229	 0.378113	 0.462953	 0.499439	 0.178483	 0.669022	 0.499323
-0.339737	 0.850091	 0.498502	 0.071951	 0.483414	 0.487288	 0.378090	 0.462953	 0.499439	 0.178205	 0.869593	 0.499323
-0.339737	 0.872002	 0.498502	 0.042400	 0.490952	 0.493317	 0.378078	 0.462953	 0.499439	 0.178065	 0.967738	 0.499323
-0.339737	 0.881170	 0.498502	 0.027624	 0.494721	 0.496332	 0.378072	 0.462953	 0.499439	 0.177996	 0.514679	 0.499323
-0.339737	 0.883973	 0.498502	 0.020236	 0.496606	 0.497840	 0.378069	 0.462953	 0.499439	 0.177961	 0.288149	 0.499323
-0.339737	 0.883601	 0.498502	 0.016542	 0.497548	-0.001407	 0.378068	 0.462953	 0.499439	 0.677944	 0.174884	 0.499323
-0.339737	 0.881649	 0.498502	 0.014695	 0.498019	-0.250028	 0.378067	 0.462953	 0.499439	 0.925579	 0.118252	 0.499323
-0.339737	 0.878913	 0.498502	 0.513772	 0.498255	-0.374339	 0.378067	 0.462953	 0.499439	 0.547050	 0.089936	 0.499323
-0.339737	 0.875793	 0.498502	 0.761284	 0.498373	-0.436495	 0.378067	 0.462953	 0.499439	 0.357786	 0.075778	 0.499323
-0.339737	 0.372488	 0.498502	 0.883023	 0.498431	 0.032427	 0.878067	 0.462953	 0.499439	 0.263154	 0.068699	 0.499323
-0.339737	 0.120835	 0.498502	 0.941883	 0.498461	 0.265886	 1.125310	 0.462953	 0.499439	 0.215838	 0.065159	 0.499323
-0.339737	-0.004991	 0.498502	 0.969311	 0.498476	 0.382615	 1.246187	 0.462953	 0.499439	 0.192180	 0.063389	 0.499323
-0.339737	 0.432095	 0.498502	 0.981032	 0.498483	 0.440980	 0.803891	 0.462953	 0.499439	 0.180351	 0.562504	 0.499323
-0.339737	 0.648900	 0.498502	 0.984907	 0.498487	 0.470162	 0.582744	 0.462953	 0.499439	 0.174436	 0.809939	 0.499323
-0.339737	 0.255572	 0.498502	 0.984867	 0.498488	-0.015247	 0.472170	 0.462953	 0.499439	 0.171479	 0.931541	 0.499323
-0.339737	 0.058907	 0.498502	 0.982877	 0.498489	-0.256950	 0.416883	 0.462953	 0.499439	 0.170000	 0.990236	 0.499323
-0.339737	 0.460575	 0.498502	 0.979920	 0.498490	-0.377802	 0.389239	 0.462953	 0.499439	 0.169261	 0.517486	 0.499323
-0.339737	 0.659684	 0.498502	 0.976488	 0.498490	-0.438227	 0.375417	 0.462953	 0.499439	 0.168891	 0.281110	 0.499323
-0.339737	 0.757521	 0.498502	 0.972826	 0.498490	 0.031560	 0.368507	 0.462953	 0.499439	 0.668707	 0.162923	 0.499323
-0.339737	 0.804729	 0.498502	 0.969056	 0.498490	 0.265451	 0.365051	 0.462953	 0.499439	 0.916277	 0.103829	 0.499323
-0.339737	 0.826629	 0.498502	 0.965241	 0.498490	 0.382396	 0.363323	 0.462953	 0.499439	 1.037735	 0.074282	 0.499323
-0.339737	 0.835882	 0.498502	 0.961411	 0.498490	-0.059131	 0.362460	 0.462953	 0.499439	 0.596145	 0.059509	 0.499323
-0.339737	 0.838818	 0.498502	 0.957580	 0.498490	-0.278894	 0.362028	 0.462953	 0.499439	 0.375350	 0.052122	 0.499323
-0.339737	 0.838603	 0.498502	 0.953758	 0.498490	 0.111225	 0.861812	 0.462953	 0.499439	 0.764953	 0.048429	 0.499323
-0.339737	 0.836819	 0.498502	 0.949946	 0.498490	 0.305282	 1.108981	 0.462953	 0.499439	 0.957445	 0.046582	 0.499323
-0.339737	 0.334256	 0.498502	 0.946148	 0.498490	 0.402310	 0.729853	 0.462953	 0.499439	 1.051391	 0.045659	 0.499323
-0.339737	 0.082975	 0.498502	 0.942365	 0.498490	 0.450825	 0.540289	 0.462953	 0.499439	 1.096074	 0.045197	 0.499323
-0.339737	 0.457335	 0.498502	 0.438596	 0.498490	 0.475082	 0.945507	 0.462953	 0.499439	 1.116133	 0.044966	 0.499323
-0.339737	 0.642851	 0.498502	 0.186711	 0.498490	 0.487210	 1.145414	 0.462953	 0.499439	 1.123891	 0.044851	 0.499323
-0.339737	 0.233952	 0.498502	 0.060769	 0.498490	 0.493275	 1.242677	 0.462953	 0.499439	 0.625506	 0.044793	 0.499323
-0.339737	 0.029503	 0.498502	-0.002202	 0.498490	 0.496307	 1.288629	 0.462953	 0.499439	 0.376314	 0.044764	 0.499323
-0.339737	-0.072722	 0.498502	-0.033688	 0.498490	 0.497823	 1.308936	 0.462953	 0.499439	 0.251718	 0.044750	 0.499323
-0.339737	 0.376166	 0.498502	 0.450570	 0.498490	-0.001419	 0.816431	 0.462953	 0.499439	 0.189420	 0.044742	 0.499323
-0.339737	 0.598960	 0.498502	 0.690829	 0.498490	-0.250039	 0.570178	 0.462953	 0.499439	 0.158271	 0.044739	 0.499323
-0.339737	 0.208713	 0.498502	 0.809096	 0.498490	-0.374349	 0.447052	 0.462953	 0.499439	 0.642696	 0.044737	 0.499323
-0.339737	 0.013590	 0.498502	 0.866375	 0.498490	-0.436504	 0.385489	 0.462953	 0.499439	 0.882655	 0.044736	 0.499323
-0.339737	 0.416028	 0.498502	 0.393167	 0.498490	 0.032419	 0.354707	 0.962953	 0.499439	 0.500389	 0.044736	 0.499323
-0.339737	 0.615610	 0.498502	 0.156563	 0.498490	 0.265877	 0.339316	 1.210028	 0.499439	 0.309256	 0.044735	 0.499323
-0.339737	 0.713771	 0.498502	 0.038261	 0.498490	 0.382607	 0.331621	 0.830650	 0.499439	 0.713689	 0.044735	 0.499323
-0.339737	 0.761228	 0.498502	-0.020890	 0.498490	 0.440971	 0.327773	 0.640962	 0.499439	 0.913670	 0.044735	 0.499323
-0.339737	 0.783339	 0.498502	-0.050465	 0.498490	 0.470154	 0.325849	 0.546118	 0.499439	 1.011433	 0.044735	 0.499323
-0.339737	 0.792783	 0.498502	 0.434747	 0.498490	-0.015255	 0.324887	 0.998695	 0.499439	 0.558096	 0.044735	 0.499323
-0.339737	 0.795901	 0.498502	 0.675513	 0.498490	-0.256958	 0.324406	 1.222082	 0.499439	 0.331427	 0.044735	 0.499323
-0.339737	 0.795862	 0.498502	 0.294064	 0.498490	 0.122190	 0.324166	 1.330884	 0.499439	 0.218093	 0.044735	 0.499323
-0.339737	 0.794251	 0.498502	 0.103339	 0.498490	 0.310762	 0.324046	 1.382406	 0.499439	 0.161426	 0.044735	 0.499323
-0.339737	 0.791860	 0.498502	 0.507977	-0.001510	 0.405048	 0.323986	 0.905299	 0.499439	 0.133093	 0.044735	 0.499323
-0.339737	 0.789085	 0.498502	 0.708470	-0.250507	 0.452190	 0.323956	 0.666745	 0.499439	 0.118926	 0.044735	 0.499323
-0.339737	 0.286125	 0.498502	 0.306899	 0.124995	 0.475762	 0.323941	 0.547469	 0.499439	 0.111842	 0.044735	 0.499323
-0.339737	 0.034646	 0.498502	 0.106113	 0.311745	 0.487548	 0.323933	 0.487830	 0.499439	 0.108301	 0.044735	 0.499323
-0.339737	-0.091094	 0.498502	 0.005721	 0.405120	 0.493441	 0.323929	 0.458011	 0.499439	 0.106530	 0.044735	 0.499323
-0.339737	 0.346036	 0.498502	 0.455524	-0.048193	 0.496387	 0.823927	 0.443101	 0.499439	 0.105644	 0.044735	 0.499323
-0.339737	 0.563034	 0.498502	 0.678615	-0.273846	 0.497860	 1.071279	 0.435647	 0.499439	 0.105202	 0.044735	 0.499323
-0.339737	 0.669974	 0.498502	 0.288358	 0.113327	-0.001403	 0.692317	 0.431919	 0.499439	 0.104980	 0.044735	 0.499323
-0.339737	 0.721889	 0.498502	 0.093229	 0.305913	-0.250034	 0.502836	 0.430056	 0.499439	 0.104870	 0.044735	 0.499323
-0.339737	 0.246300	 0.498502	-0.004336	 0.402206	 0.125651	 0.908096	 0.429124	 0.499439	 0.604814	 0.044735	 0.499323
-0.339737	 0.008505	 0.498502	-0.053118	 0.450352	 0.312491	 1.108099	 0.428658	 0.499439	 0.852577	 0.044735	 0.499323
-0.339737	-0.110393	 0.498502	 0.422491	 0.474425	 0.405911	 1.205484	 0.428425	 0.499439	 0.474258	 0.044735	 0.499323
-0.339737	-0.169841	 0.498502	 0.658499	 0.486462	 0.452621	 1.251571	 0.428308	 0.499439	 0.285098	 0.044735	 0.499323
-0.339737	-0.199566	 0.498502	 0.774714	 0.492480	 0.475976	 1.272019	 0.428250	 0.499439	 0.190518	 0.044735	 0.499323
-0.339737	 0.285572	 0.498502	 0.831040	 0.495489	 0.487653	 1.279658	 0.428221	 0.499439	 0.643228	 0.044735	 0.499323
-0.339737	 0.526600	 0.498502	 0.857428	 0.496994	 0.493492	 1.280903	 0.428206	 0.499439	 0.867392	 0.044735	 0.499323
-0.339737	 0.145578	 0.498502	 0.868854	 0.497746	 0.496411	 1.278961	 0.428199	-0.000561	 0.477290	 0.044735	 0.499323
-0.339737	-0.044933	 0.498502	 0.872807	 0.498122	 0.497871	 1.275437	 0.428195	-0.249560	 0.282239	 0.044735	 0.499323
-0.339737	-0.140188	 0.498502	 0.373030	 0.498310	 0.498601	 0.771130	 0.428194	 0.125941	 0.184714	 0.044735	 0.499323
-0.339737	-0.187816	 0.498502	 0.123141	 0.498404	 0.498966	 0.518977	 0.428193	 0.312688	 0.135951	 0.044735	 0.499323
-0.339737	 0.288370	 0.498502	 0.498197	 0.498451	-0.000852	 0.892901	 0.428192	 0.406062	 0.611570	 0.544735	 0.499323
-0.339737	 0.524934	 0.498502	 0.683978	 0.498475	-0.249759	 1.077329	 0.428192	 0.452749	 0.847205	 0.792646	 0.499323
-0.339737	 0.641693	 0.498502	 0.775129	 0.498487	-0.374213	 1.167019	 0.428192	 0.476092	 0.962857	 0.914520	 0.499323
-0.339737	 0.698556	 0.498502	 0.318973	 0.498493	 0.063560	 0.709351	 0.428192	 0.487764	 1.018526	 0.473384	 0.499323
-0.339737	 0.725476	 0.498502	 0.090894	 0.498495	 0.281444	 0.480517	 0.428192	 0.493600	 1.044212	 0.252816	 0.499323
-0.339737	 0.737432	 0.498502	 0.476855	 0.498497	 0.390386	 0.366100	 0.428192	 0.496518	 1.054915	 0.142532	 0.499323
-0.339737	 0.741911	 0.498502	 0.168110	 0.498498	-0.055143	 0.808891	 0.428192	 0.497977	 0.558135	 0.087390	 0.499323
-0.339737	 0.742658	 0.498502	 0.013737	 0.498498	-0.276906	 1.027784	 0.428192	 0.498706	 0.309745	 0.059820	 0.499323
-0.339737	 0.241544	 0.498502	 0.436551	 0.498498	-0.387788	 0.634737	 0.428192	 0.499071	 0.685551	 0.046034	 0.499323
-0.339737	-0.009013	 0.498502	 0.646239	 0.498498	-0.443228	 0.438213	 0.428192	 0.499253	 0.871330	 0.039141	 0.499323
-0.339737	 0.365709	 0.498502	 0.749371	 0.498498	 0.029051	 0.839951	 0.428192	 0.499344	 0.462106	 0.035695	 0.499323
-0.339737	 0.551589	 0.498502	 0.799232	 0.498498	 0.264188	 1.038337	 0.428192	 0.499390	 0.257494	 0.033972	 0.499323
-0.339737	 0.643054	 0.498502	 0.822464	 0.498498	 0.381757	 1.135056	 0.428192	 0.499413	 0.155188	 0.033110	 0.499323
-0.339737	 0.687317	 0.498502	 0.832389	 0.498498	 0.440541	 1.180952	 0.428192	 0.499424	 0.104035	 0.032679	 0.499323
-0.339737	 0.207986	 0.498502	 0.335667	 0.498498	 0.469933	 0.701447	 0.428192	 0.499430	 0.578458	 0.032464	 0.499323
-0.339737	-0.031680	 0.498502	 0.087306	 0.498498	 0.484629	 0.461694	 0.428192	 0.499433	 0.813564	 0.032356	 0.499323
-0.339737	 0.348487	 0.498502	-0.036875	 0.498498	 0.491977	 0.841818	 0.428192	 0.499434	 0.429020	 0.032302	 0.499323
-0.339737	 0.537114	 0.498502	-0.098965	 0.498498	 0.495651	 1.029436	 0.428192	 0.499435	 0.236748	 0.032275	 0.499323
-0.339737	 0.629975	 0.498502	-0.130010	 0.498498	 0.497488	 0.620810	 0.428192	 0.499435	 0.640612	 0.032262	 0.499323
-0.339737	 0.674961	 0.498502	-0.145533	 0.498498	 0.498407	 0.416498	 0.428192	 0.499435	 0.840455	 0.032255	 0.499323
-0.339737	 0.196013	 0.498502	 0.346706	-0.001502	 0.498866	 0.314342	 0.428192	 0.499435	 0.938296	 0.032252	 0.499323
-0.339737	-0.043460	 0.498502	 0.591147	-0.250499	 0.499096	 0.263263	 0.428192	 0.499435	 0.985144	 0.032250	 0.499323
-0.339737	-0.163197	 0.498502	 0.711697	-0.374997	 0.499211	 0.237724	 0.428192	 0.499436	 1.006504	 0.032249	 0.499323
-0.339737	 0.276934	 0.498502	 0.270307	 0.062754	 0.499268	 0.224955	 0.428192	 0.499436	 1.015128	 0.032249	 0.499323
-0.339737	 0.495566	 0.498502	 0.049612	 0.280628	 0.499297	 0.218570	 0.428192	 0.499436	 1.017393	 0.032249	 0.499323
-0.339737	 0.103453	 0.498502	-0.060735	 0.389565	 0.499311	 0.215378	 0.428192	 0.499436	 1.016486	 0.032249	 0.499323
-0.339737	-0.092603	 0.498502	-0.115909	 0.444034	 0.499318	 0.213781	 0.428192	 0.499436	 1.014001	 0.032249	 0.499323
-0.339737	 0.309369	 0.498502	 0.356504	 0.471268	 0.499322	 0.212983	 0.428192	 0.499436	 0.510736	 0.032249	 0.499323
-0.339737	 0.508932	 0.498502	 0.591053	 0.484885	 0.499324	 0.212584	 0.428192	 0.499436	 0.259103	 0.032249	 0.499323
-0.339737	 0.607297	 0.498502	 0.706676	 0.491694	 0.499325	 0.212385	 0.428192	 0.499436	 0.133287	 0.532249	 0.499323
-0.339737	 0.655068	 0.498502	 0.762843	 0.495098	 0.499325	 0.212285	 0.428192	 0.499436	 0.070379	 0.780184	 0.499323
-0.339737	 0.677548	 0.498502	 0.789289	 0.496800	 0.499325	 0.212235	 0.428192	 0.499436	 0.038925	 0.902096	 0.499323
-0.339737	 0.687388	 0.498502	 0.800880	-0.002349	 0.499325	 0.212210	 0.428192	 0.499436	 0.023198	 0.461003	 0.499323
-0.339737	 0.690913	 0.498502	 0.805051	-0.250920	 0.499325	 0.212198	 0.428192	 0.499436	 0.015334	 0.240457	 0.499323
-0.339737	 0.691287	 0.498502	 0.805518	 0.124794	-0.000675	 0.712191	 0.428192	 0.499436	 0.011402	 0.130184	 0.499323
-0.339737	 0.690091	 0.498502	 0.804139	 0.311650	-0.249673	 0.959764	 0.428192	 0.499436	 0.009436	 0.075048	 0.499323
-0.339737	 0.688115	 0.498502	 0.801844	 0.405078	 0.125827	 0.581136	 0.428192	 0.499436	 0.508453	 0.047479	 0.499323
-0.339737	 0.685754	 0.498502	 0.799098	 0.451792	 0.312575	 0.391821	 0.428192	 0.499436	 0.755947	 0.033695	 0.499323
-0.839737	 0.683207	 0.498502	 0.796132	 0.475149	-0.094051	 0.297164	 0.428192	 0.499436	 0.877687	 0.026803	 0.499323
-1.087058	 0.680573	 0.498502	 0.793063	 0.486828	-0.296363	 0.249836	 0.428192	 0.499436	 0.936558	 0.023357	 0.499323
-1.208049	 0.677899	 0.498502	 0.789948	 0.492667	-0.397519	 0.226171	 0.428192	 0.499436	 0.964003	 0.021634	 0.499323
-0.765887	 0.675212	 0.498502	 0.286817	 0.495587	 0.051903	 0.714339	 0.428192	 0.499436	 0.975742	 0.020773	 0.499323
-0.544806	 0.672524	 0.498502	 0.035251	 0.497047	 0.275612	 0.956018	 0.428192	 0.499436	 0.979637	 0.020342	 0.499323
-0.434265	 0.669840	 0.498502	 0.409469	 0.497776	 0.387466	 0.574462	 0.428192	 0.499436	 0.979617	 0.020126	 0.499323
-0.378995	 0.667163	 0.498502	 0.595010	 0.498141	 0.443393	 0.383684	 0.428192	 0.499436	 0.977648	 0.020019	 0.499323
-0.351360	 0.664496	 0.498502	 0.686220	-0.001676	 0.471357	 0.288295	 0.428192	 0.499436	 0.974712	 0.019965	 0.499323
-0.337542	 0.661839	 0.498502	 0.730269	-0.250582	 0.485338	 0.240601	 0.428192	 0.499436	 0.971301	 0.019938	 0.499323
-0.330633	 0.659192	 0.498502	 0.250746	 0.124965	 0.492329	 0.216754	 0.428192	 0.499436	 0.967659	 0.519924	 0.499323
-0.327179	 0.656555	 0.498502	 0.010984	 0.311738	 0.495825	 0.204830	 0.428192	 0.499436	 0.963911	 0.767878	 0.499323
-0.325452	 0.653929	 0.498502	-0.108897	 0.405124	 0.497572	 0.198868	 0.428192	 0.499436	 0.960116	 0.889823	 0.499323
-0.324588	 0.651314	 0.498502	 0.331162	 0.451817	 0.498446	 0.195887	 0.428192	 0.499436	 0.956306	 0.448772	 0.499323
-0.324156	 0.648708	 0.498502	 0.549650	 0.475164	 0.498883	 0.194397	 0.428192	 0.499436	 0.952496	 0.228246	 0.499323
-0.323940	 0.146114	 0.498502	 0.657357	 0.486837	 0.499102	 0.193652	 0.428192	 0.499436	 0.948693	 0.117984	 0.499323
-0.323833	-0.105184	 0.498502	 0.709681	 0.492674	 0.499211	 0.193279	 0.428192	 0.499436	 0.944902	 0.062852	 0.499323
-0.323779	 0.269167	 0.498502	 0.734319	-0.004408	 0.499266	 0.193093	 0.428192	 0.499436	 0.441125	 0.035287	 0.499323
-0.323752	 0.455056	 0.498502	 0.745120	-0.251946	 0.499293	 0.192999	 0.428192	 0.499436	 0.189236	 0.021504	 0.499323
-0.323738	 0.546719	 0.498502	 0.249008	 0.124285	 0.499307	 0.192953	 0.428192	 0.499436	 0.063291	 0.014612	 0.499323
-0.323731	 0.591273	 0.498502	 0.000952	 0.311400	 0.499313	 0.192930	 0.428192	 0.499436	 0.000319	 0.011167	 0.499323
-0.323728	 0.612279	 0.498502	-0.123075	 0.404957	 0.499317	 0.192918	 0.428192	 0.499436	-0.031167	 0.009444	 0.499323
-0.323726	 0.621515	 0.498502	-0.185089	 0.451736	-0.000682	 0.192912	 0.428192	 0.499436	 0.453090	 0.008582	 0.499323
-0.323725	 0.624871	 0.498502	-0.216096	 0.475125	-0.249679	 0.192909	 0.428192	 0.499436	 0.693344	 0.008152	 0.499323
-0.323725	 0.625293	 0.498502	-0.231600	 0.486820	 0.125822	 0.192908	 0.428192	-0.000564	 0.311604	 0.007936	 0.499323
-0.323725	 0.624253	 0.498502	-0.239351	 0.492667	 0.312570	 0.192907	 0.428192	-0.249563	 0.120733	 0.007829	 0.499323
-0.323725	 0.622486	 0.498502	 0.256773	 0.495591	 0.405944	 0.192907	 0.428192	 0.125937	 0.525298	 0.007775	 0.499323
-0.323725	 0.620361	 0.498502	 0.503329	 0.497052	 0.452631	 0.192907	 0.428192	 0.312685	 0.725721	 0.007748	 0.499323
-0.323725	 0.618062	 0.498502	 0.625107	 0.497783	-0.024026	 0.192906	 0.428192	 0.406058	 0.824080	 0.007734	 0.499323
-0.323725	 0.615681	 0.498502	 0.684503	 0.498149	-0.261353	 0.192906	 0.428192	 0.452745	 0.871415	 0.007728	 0.499323
-0.323725	 0.613264	 0.498502	 0.712713	 0.498331	-0.380016	 0.192906	 0.428192	 0.476089	 0.893245	 0.007724	 0.499323
-0.323725	 0.610834	 0.498502	 0.725336	 0.498423	-0.439348	 0.192906	 0.428192	 0.487760	 0.402329	 0.007723	 0.499323
-0.323725	 0.608402	 0.498502	 0.730171	 0.498468	-0.469014	 0.192906	 0.428192	 0.493596	 0.156872	 0.007722	 0.499323
-0.323725	 0.105974	 0.498502	 0.231119	 0.498491	 0.016153	 0.192906	 0.428192	 0.496514	 0.534143	 0.007721	 0.499323
-0.323725	-0.145240	 0.498502	-0.018407	 0.498503	 0.257734	 0.192906	 0.428192	 0.497973	 0.720956	 0.007721	 0.499323
-0.323725	-0.270847	 0.498502	-0.143170	 0.498508	-0.121475	 0.192906	 0.428192	 0.498703	 0.812547	 0.007721	 0.499323
-0.323725	-0.333650	 0.498502	-0.205551	 0.498511	-0.310079	 0.192906	 0.428192	 0.499067	 0.856534	 0.007721	 0.499323
-0.323725	 0.134948	 0.498502	 0.263258	 0.498513	 0.095620	 0.192906	 0.428192	 0.499250	 0.376726	 0.007721	 0.499323
-0.323725	 0.368040	 0.498502	 0.496198	 0.498513	 0.297466	 0.192906	 0.428192	 0.499341	 0.136823	 0.007721	 0.499323
-0.323725	 0.483384	 0.498502	 0.611210	 0.498514	 0.398389	 0.192906	 0.428192	 0.499386	 0.016871	 0.007721	 0.499323
-0.323725	 0.539858	 0.498502	 0.667264	 0.498514	-0.051149	 0.192906	 0.428192	 0.499409	 0.456895	 0.007721	 0.499323
-0.323725	 0.566903	 0.498502	 0.693844	 0.498514	-0.274917	 0.192906	 0.428192	 0.499421	 0.675113	 0.007721	 0.499323
-0.323725	 0.579237	 0.498502	 0.705693	 0.498514	 0.113199	 0.192906	 0.428192	 0.499426	 0.782435	 0.007721	 0.499323
-0.323725	 0.584221	 0.498502	 0.710183	 0.498514	 0.306255	 0.192906	 0.428192	 0.499429	 0.834317	 0.007721	 0.499323
-0.323725	 0.585535	 0.498502	 0.710998	 0.498514	 0.402782	 0.692906	 0.928192	 0.499431	 0.858486	 0.007721	 0.499323
-0.323725	 0.585018	 0.498502	 0.709982	 0.498514	 0.451046	 0.940521	 1.175335	 0.499431	 0.868804	 0.007721	 0.499323
-0.323725	 0.583591	 0.498502	 0.708056	 0.498514	 0.475178	 1.061951	 0.796062	 0.499432	 0.872206	 0.007721	 0.499323
-0.323725	 0.581713	 0.498502	 0.705681	 0.498514	 0.487244	 1.120300	 0.606426	 0.499432	 0.872155	 0.007721	 0.499323
-0.323725	 0.579614	 0.498502	 0.703087	 0.498514	 0.493277	 1.147117	 0.511607	 0.499432	 0.870386	 0.007721	 0.499323
-0.323725	 0.577409	 0.498502	 0.700389	-0.001486	-0.503706	 0.658178	 0.464198	 0.499432	 0.367764	 0.007721	 0.499323
-0.323725	 0.575157	 0.498502	 0.697644	-0.250483	-0.999197	 0.413708	 0.440494	 0.499432	 0.116453	 0.007721	 0.499323
-0.323725	 0.572885	 0.498502	 0.194882	 0.125019	-0.743953	 0.291473	 0.428641	 0.499432	 0.490797	 0.507721	 0.499323
-0.323725	 0.570607	 0.498502	-0.056499	 0.311768	-1.116331	 0.230356	 0.422715	 0.499432	 0.676239	 0.255706	 0.499323
-0.323725	 0.568332	 0.498502	-0.182189	 0.405143	-1.299542	 0.199797	 0.419752	 0.499432	 0.767237	 0.129698	 0.499323
-0.323725	 0.066062	 0.498502	-0.245034	 0.451831	-0.388182	 0.184518	 0.418271	 0.499432	 0.311019	 0.566694	 0.499323
-0.323725	-0.185072	 0.498502	-0.276457	 0.475174	 0.066451	 0.176878	 0.417530	 0.499432	 0.082910	 0.783185	 0.499323
-0.323725	-0.310640	 0.498502	-0.292168	 0.486846	 0.292726	 0.173058	 0.417160	 0.499432	-0.031144	 0.889431	 0.499323
 0.176275	-0.373424	 0.498502	 0.199976	 0.492682	 0.404825	 0.171148	 0.416974	 0.499432	 0.411829	 0.440562	 0.499323
 0.424923	-0.404816	 0.498502	 0.444664	 0.495600	 0.459841	 0.170193	 0.416882	 0.499432	 0.631605	 0.216128	 0.499323
 0.047899	-0.420511	 0.498502	 0.065629	-0.002941	-0.013681	 0.669716	 0.416835	 0.499432	 0.739791	 0.103911	 0.499323
-0.140612	-0.428359	 0.498502	-0.123888	-0.251208	-0.250442	 0.917139	 0.416812	 0.499432	 0.792188	 0.047802	 0.499323
-0.234868	-0.432283	 0.498502	-0.218647	 0.124658	 0.131178	 0.538521	 0.416801	 0.499432	 0.816697	 0.019748	 0.499323
-0.281996	-0.434245	 0.498502	-0.266026	 0.311590	 0.320962	 0.349212	 0.416795	 0.499432	 0.827269	 0.005721	 0.499323
-0.305560	-0.435226	 0.498502	-0.289716	 0.405056	-0.085168	 0.254558	 0.416792	 0.499432	 0.830880	-0.001293	 0.499323
-0.317342	-0.435717	 0.498502	-0.301561	 0.451789	-0.288232	 0.207230	 0.416791	 0.499432	 0.831016	-0.004799	 0.499323
-0.323233	-0.435962	 0.498502	-0.307483	 0.475155	-0.389765	 0.183567	 0.416790	 0.499432	 0.829422	-0.006553	 0.499323
-0.326178	-0.436085	 0.498502	-0.310444	 0.486839	-0.440531	 0.171735	 0.416790	 0.499432	 0.826969	-0.007429	 0.499323
-0.327651	-0.436146	 0.498502	-0.311925	 0.492680	-0.465914	 0.165819	 0.416789	 0.499432	 0.824094	-0.007868	 0.499323
-0.328388	 0.063823	 0.498502	 0.187335	 0.495601	-0.978605	 0.662861	 0.416789	 0.499432	 0.321013	-0.008087	 0.499323
-0.328756	 0.312680	 0.498502	 0.435591	 0.497061	-1.231969	 0.909062	 0.416789	 0.499432	 0.069473	-0.008196	 0.499323
-0.328940	 0.435986	 0.498502	 0.558352	 0.497792	-0.355680	 0.529852	 0.416789	 0.499432	 0.443703	-0.008251	 0.499323
-0.329032	 0.496520	 0.498502	 0.618370	 0.498157	 0.081424	 0.340247	 0.416789	 0.499432	 0.629183	-0.008279	 0.499323
-0.329078	 0.525673	 0.498502	 0.647022	 0.498339	 0.298938	 0.245445	 0.416789	 0.499432	 0.220293	-0.008292	 0.499323
-0.329101	 0.539140	 0.498502	 0.659997	 0.498431	 0.406663	 0.198044	 0.416789	 0.499432	 0.015848	-0.008299	 0.499323
-0.329112	 0.544768	 0.498502	 0.665139	 0.498476	-0.040504	 0.674343	 0.416789	 0.499432	 0.413625	-0.008303	 0.499323
-0.329118	 0.546481	 0.498502	 0.666369	 0.498499	-0.264087	 0.910191	 0.416789	 0.499432	 0.610891	-0.008304	 0.499323
-0.329121	 0.546242	 0.498502	 0.665649	 0.498510	-0.375879	 1.025824	 0.416789	 0.499432	 0.707908	-0.008305	 0.499323
-0.329123	 0.045030	 0.498502	 0.663959	 0.498516	-0.431775	 1.081357	 0.416789	 0.499432	 0.254807	-0.008306	 0.499323
-0.329123	-0.205576	 0.498502	 0.661789	 0.498519	-0.459722	 1.106850	 0.416789	 0.499432	 0.028256	-0.008306	 0.499323
-0.329124	 0.169121	 0.498502	 0.659385	 0.498520	 0.026304	 0.617331	 0.416789	 0.499432	-0.085020	-0.008306	 0.499323
-0.329124	 0.355382	 0.498502	 0.656869	 0.498521	 0.268292	 0.372572	 0.416789	 0.499432	-0.141657	-0.008306	 0.499323
-0.329124	 0.447429	 0.498502	 0.154303	-0.001478	 0.388266	 0.250193	 0.416789	 0.499432	-0.169976	 0.491694	 0.499323
-0.329124	 0.492373	 0.498502	-0.096981	-0.250475	 0.447236	 0.189003	 0.416789	 0.499432	-0.184136	 0.739711	 0.499323
-0.329124	 0.513771	 0.498502	 0.277378	 0.125026	 0.475709	 0.658408	 0.416789	 0.499432	-0.191215	 0.361743	 0.499323
-0.329124	 0.523400	 0.498502	 0.463253	 0.311776	 0.488937	 0.890855	 0.416789	 0.499432	-0.194755	 0.172760	 0.499323
-0.329124	 0.527148	 0.498502	 0.554893	 0.405151	 0.494546	 1.004832	 0.416789	 0.499432	-0.196525	 0.078268	 0.499323
-0.329124	 0.027960	 0.498502	 0.599420	 0.451838	 0.496351	 0.559582	 0.416789	 0.499432	-0.197410	 0.031022	 0.499323
-0.329124	-0.221634	 0.498502	 0.620395	 0.475182	 0.497253	 0.336958	 0.416789	 0.499432	-0.197852	 0.007399	 0.499323
-0.329124	 0.153569	 0.498502	 0.629600	 0.486854	-0.002296	 0.225646	 0.416789	 0.499432	 0.301926	-0.004412	 0.499323
-0.329124	 0.340113	 0.498502	 0.632925	 0.492690	-0.251066	 0.169989	 0.416789	 0.499432	 0.550212	-0.010318	 0.499323
-0.329124	 0.432332	 0.498502	 0.633315	-0.004392	 0.124548	 0.642161	 0.416789	 0.499432	 0.672758	-0.013271	 0.499323
-0.329124	 0.477392	 0.498502	 0.632242	-0.251930	 0.311355	 0.876019	 0.416789	 0.499432	 0.732441	-0.014747	 0.499323
-0.329124	 0.498877	 0.498502	 0.130444	-0.375699	 0.404759	 0.490728	 0.416789	 0.499432	 0.760698	-0.015486	 0.499323
-0.329124	 0.508579	 0.498502	-0.120455	-0.437584	 0.451460	 0.298082	 0.416789	 0.499432	 0.773248	-0.015855	 0.499323
-0.329124	 0.512394	 0.498502	-0.245905	-0.468526	 0.474811	 0.201759	 0.416789	 0.499432	 0.777952	-0.016039	 0.499323
-0.329124	 0.013269	 0.498502	 0.191370	 0.016003	 0.486487	 0.153598	 0.416789	 0.499432	 0.278738	-0.016131	 0.499323
-0.329124	-0.236294	 0.498502	 0.408750	 0.257266	 0.492324	 0.129517	 0.416789	 0.499432	 0.029132	-0.016178	 0.499323
-0.329124	-0.361075	 0.498502	 0.516188	 0.377898	-0.004757	 0.117477	 0.416789	 0.499432	-0.095672	-0.016201	 0.499323
-0.329124	-0.423466	 0.498502	 0.568660	 0.438214	-0.252294	 0.111457	 0.416789	 0.499432	-0.158073	-0.016212	 0.499323
-0.329124	 0.045339	 0.498502	 0.093654	 0.468372	-0.376062	 0.108447	 0.416789	 0.499432	-0.189274	-0.016218	 0.499323
-0.329124	 0.278713	 0.498502	-0.143850	 0.483450	-0.437946	 0.106941	 0.416789	 0.499432	-0.204875	-0.016221	 0.499323
-0.329124	 0.394376	 0.498502	 0.237399	 0.490990	-0.468888	 0.106189	 0.416789	 0.499432	-0.212675	-0.016222	 0.499323
-0.329124	 0.451187	 0.498502	 0.426786	 0.494760	-0.484359	 0.105813	 0.416789	 0.499432	-0.216575	-0.016223	 0.499323
-0.329124	 0.478577	 0.498502	 0.520247	 0.496645	-0.492095	 0.105625	 0.416789	 0.499432	-0.218525	-0.016223	 0.499323
-0.329124	 0.491259	 0.498502	 0.065750	 0.497587	 0.004037	 0.105530	 0.416789	 0.499432	 0.280500	-0.016224	 0.499323
-0.329124	 0.496593	 0.498502	-0.161498	 0.498058	 0.251103	 0.105483	 0.416789	 0.499432	 0.528453	-0.016224	 0.499323
-0.329124	-0.001744	 0.498502	-0.275123	-0.001706	 0.374636	 0.605460	 0.416789	 0.499432	 0.650877	 0.483776	 0.499323
-0.329124	-0.249912	 0.498502	-0.331935	-0.250585	 0.436402	 0.853237	 0.416789	 0.499432	 0.710543	 0.731809	 0.499323
-0.329124	 0.126003	 0.498502	 0.139659	 0.124975	 0.467286	 0.974924	 0.416789	 0.499432	 0.738835	 0.353865	 0.499323
-0.329124	 0.312957	 0.498502	 0.374234	 0.311754	 0.482727	 1.033574	 0.416789	 0.499432	 0.751447	 0.164894	 0.499323
-0.329124	 0.406434	 0.498502	-0.009697	 0.405144	 0.490448	 1.060715	 0.416789	 0.499432	 0.756225	 0.070408	 0.499323
-0.329124	 0.453173	 0.498502	-0.201662	 0.451838	 0.494308	 1.072109	 0.416789	 0.499432	 0.757091	 0.023165	 0.499323
-0.329124	 0.476542	 0.498502	-0.297645	 0.475186	 0.496239	 1.075640	 0.416789	 0.499432	 0.756009	-0.000457	 0.499323
-0.329124	 0.488227	 0.498502	 0.154364	-0.013141	-0.002796	 0.575246	 0.416789	 0.499432	 0.753958	-0.012267	 0.499323
-0.329124	 0.494069	 0.498502	 0.379156	-0.256301	-0.251310	 0.325050	 0.416789	 0.499432	 0.751429	-0.018173	 0.499323
