 0.405790	 0.498463	 0.498640	 0.233063	 0.405866	 0.356426	 0.398580	 0.498568	 0.499193	 0.487564	-0.357107	 0.499644
 0.452479	 0.498463	 0.498640	 0.430764	 0.452553	 0.356426	 0.643721	 0.498568	 0.499193	 0.735497	-0.368884	 0.499644
 0.475823	 0.498463	 0.498640	 0.528358	 0.475897	 0.356426	 0.764514	 0.498568	 0.499193	 0.857496	-0.374773	 0.499644
 0.487496	 0.498463	 0.498640	-0.424097	-0.012431	 0.356426	 0.823140	 0.498568	 0.499193	 0.416537	-0.377717	 0.499644
 0.493332	 0.498463	 0.498640	-0.897572	-0.255594	 0.356426	 0.850690	 0.498568	 0.499193	 0.196058	-0.379189	 0.499644
 0.496250	 0.498463	 0.498640	-0.131567	-0.377175	 0.356426	 0.862708	 0.498568	 0.499193	 0.585818	-0.379925	 0.499644
 0.497709	 0.498463	 0.498640	 0.250167	-0.437966	 0.356426	 0.866968	 0.498568	 0.499193	 0.778747	-0.380294	 0.499644
 0.498438	 0.498463	 0.498640	 0.439770	-0.468361	 0.356426	 0.367355	 0.498568	 0.499193	 0.373268	-0.380478	 0.499644
 0.498803	 0.498463	 0.498640	 0.533312	-0.483559	 0.356426	 0.117549	 0.498568	 0.499193	 0.170528	-0.380570	 0.499644
 0.498985	 0.498463	 0.498640	 0.578830	 0.008842	 0.356426	 0.492646	 0.498568	 0.499193	 0.069159	-0.380616	 0.499644
 0.499077	 0.498463	 0.498640	 0.600340	 0.254041	 0.356426	 0.678459	 0.498568	 0.499193	 0.018474	-0.380639	 0.499644
 0.499122	 0.498463	 0.498640	 0.609851	 0.376640	 0.356426	 0.769636	 0.498568	 0.499193	-0.006869	-0.380650	 0.499644
-0.000855	 0.498463	 0.498640	 0.613368	 0.437939	 0.356426	 0.813504	 0.498568	 0.499193	 0.480460	-0.380656	 0.499644
-0.249842	 0.498463	 0.498640	 0.613893	 0.468589	 0.356426	 0.833723	 0.498568	 0.499193	 0.722189	-0.380659	 0.499644
-0.374335	 0.498463	 0.498640	 0.612927	 0.483914	 0.356426	 0.342124	 0.498568	 0.499193	 0.841126	-0.380660	 0.499644
-0.436582	 0.498463	 0.498640	 0.611220	 0.491576	 0.356426	 0.096325	 0.498568	 0.499193	 0.898674	-0.380661	 0.499644
 0.032295	 0.498463	 0.498640	 0.109147	 0.495407	 0.356426	-0.026575	 0.498568	 0.499193	 0.425535	 0.119339	 0.499644
 0.265731	 0.498463	 0.498640	-0.141889	 0.497323	 0.356426	-0.088024	 0.498568	 0.499193	 0.188966	 0.368100	 0.499644
 0.382449	 0.498463	 0.498640	 0.232592	 0.498281	 0.356426	 0.381251	 0.498568	 0.499193	 0.570682	-0.008753	 0.499644
 0.440808	 0.498463	 0.498640	 0.418619	 0.498760	 0.356426	 0.614187	 0.498568	 0.499193	 0.759634	-0.197180	 0.499644
 0.469987	 0.498463	 0.498640	 0.510423	 0.498999	 0.356426	 0.728961	 0.498568	 0.499193	 0.852214	-0.291393	 0.499644
-0.015423	 0.498463	 0.498640	 0.555121	 0.499119	 0.356426	 0.784661	 0.498568	 0.499193	 0.396614	-0.338500	 0.499644
-0.257127	 0.498463	 0.498640	 0.576270	 0.499179	 0.356426	 0.810830	 0.498568	 0.499193	 0.168814	-0.362053	 0.499644
 0.122022	 0.498463	 0.498640	 0.085650	-0.000791	-0.143574	 0.322240	 0.498568	 0.499193	 0.054914	-0.373830	 0.499644
 0.310593	 0.498463	 0.498640	-0.159660	-0.249775	-0.392287	 0.077946	 0.498568	 0.499193	-0.002036	-0.379718	 0.499644
 0.404879	 0.498463	 0.498640	 0.217685	 0.125733	-0.015362	-0.044202	 0.498568	 0.499193	 0.469489	-0.382662	 0.499644
 0.452022	 0.498463	 0.498640	 0.405167	 0.312485	 0.173101	-0.105275	 0.498568	 0.499193	 0.703369	-0.384134	 0.499644
-0.024406	 0.498463	 0.498640	 0.497723	 0.405861	 0.267333	-0.135812	 0.498568	 0.499193	 0.318435	-0.384870	 0.499644
-0.261619	 0.498463	 0.498640	 0.542820	 0.452549	 0.314448	-0.151081	 0.498568	 0.499193	 0.125968	-0.385238	 0.499644
-0.380225	 0.498463	 0.498640	 0.564193	 0.475893	 0.338006	-0.158715	 0.498568	 0.499193	 0.029734	-0.385422	 0.499644
 0.060472	 0.498463	 0.498640	 0.073708	 0.487565	 0.349785	 0.337468	 0.498568	 0.499193	-0.018382	-0.385514	 0.499644
 0.279818	 0.498463	 0.498640	-0.171534	 0.493401	 0.355674	 0.583892	 0.498568	 0.499193	-0.042441	-0.385560	 0.499644
 0.389491	 0.498463	 0.498640	 0.205845	 0.496319	 0.358619	 0.705444	 0.498568	 0.499193	 0.445530	-0.385583	 0.499644
 0.444327	 0.498463	 0.498640	 0.393368	 0.497778	 0.360092	 0.764565	 0.498568	 0.499193	 0.687648	-0.385595	 0.499644
 0.471746	 0.498463	 0.498640	 0.485968	 0.498507	 0.360828	 0.792479	 0.498568	 0.499193	 0.306848	-0.385601	 0.499644
 0.485455	 0.498463	 0.498640	 0.531110	 0.498872	 0.361196	 0.804795	 0.498568	 0.499193	 0.116448	-0.385603	 0.499644
-0.007691	 0.498463	 0.498640	 0.552529	-0.000946	 0.361380	 0.809319	 0.498568	 0.499193	 0.521248	-0.385605	 0.499644
-0.253262	 0.498463	 0.498640	 0.562091	-0.249853	 0.361472	 0.809953	 0.498568	 0.499193	 0.721796	-0.385606	 0.499644
-0.376047	 0.498463	 0.498640	 0.565728	-0.374307	 0.361518	 0.808649	 0.498568	 0.499193	 0.820225	-0.385606	 0.499644
-0.437440	 0.498463	 0.498640	 0.066408	 0.063467	 0.361541	-0.193618	 0.498568	 0.499193	 0.367602	-0.385606	 0.499644
-0.468136	 0.498463	 0.498640	-0.183252	 0.281351	 0.361552	-0.692360	 0.498568	 0.499193	 0.141291	-0.385606	 0.499644
-0.483485	 0.498463	 0.498640	-0.808082	 0.390293	 0.361558	 0.060652	 0.498568	 0.499193	 0.028135	-0.385606	 0.499644
-0.491159	 0.498463	 0.498640	-1.117631	 0.444764	 0.361561	 0.435530	 0.498568	 0.499193	-0.028443	-0.385606	 0.499644
-0.494996	 0.498463	 0.498640	-0.269551	 0.471999	 0.361563	 0.121348	 0.498568	 0.499193	-0.056732	-0.385606	 0.499644
-0.496914	 0.498463	 0.498640	 0.153332	 0.485617	 0.361563	-0.035742	 0.498568	 0.499193	-0.070876	-0.385606	 0.499644
-0.497874	 0.498463	 0.498640	-0.136379	 0.492426	 0.361564	 0.385712	 0.498568	 0.499193	 0.422052	-0.385606	 0.499644
-0.498353	 0.498463	 0.498640	-0.281235	 0.495830	 0.361564	 0.594825	 0.498568	 0.499193	 0.666686	-0.385606	 0.499644
-0.498593	 0.498463	 0.498640	-0.353663	 0.497533	 0.361564	 0.697774	 0.498568	 0.499193	 0.787180	-0.385606	 0.499644
-0.498713	 0.498463	 0.498640	 0.110123	 0.498384	 0.861564	 0.747647	 0.998568	 0.499193	 0.345612	-0.385606	 0.499644
-0.498773	 0.498463	 0.498640	 0.340869	 0.498809	 1.108841	 0.770988	 1.245571	 0.499193	 0.124828	-0.385606	 0.499644
-0.498803	 0.498463	 0.498640	 0.455098	 0.499022	 1.729767	 0.781070	 1.366087	 0.999193	 0.514436	-0.385606	 0.499644
-0.498818	 0.498463	 0.498640	 0.511074	 0.499128	 2.035529	 0.784529	 1.423372	 1.246194	 0.707432	-0.385606	 0.499644
 0.001175	 0.498463	 0.498640	 0.537928	 0.499182	 2.183727	 0.784682	 1.449053	 1.366709	 0.802129	-0.385606	 0.499644
 0.250169	 0.498463	 0.498640	 0.550225	 0.499208	 2.253162	 0.783189	 1.458945	 1.423991	 0.847684	-0.385606	 0.499644
 0.374666	 0.498463	 0.498640	 0.555249	 0.499221	 2.283235	 0.780879	 0.960952	 0.949670	 0.368675	-0.385606	 0.499644
 0.436914	 0.498463	 0.498640	 0.556640	 0.499228	 2.293644	 0.778167	 0.711956	 0.712510	 0.129170	-0.385606	 0.499644
 0.468038	 0.498463	 0.498640	 0.556220	 0.499231	 2.294241	 0.775260	 0.587458	 0.593929	 0.009418	-0.385606	 0.499644
 0.483600	 0.498463	 0.498640	 0.554898	 0.999233	 2.289950	 0.772262	 1.025209	 0.534639	-0.050458	-0.385606	 0.499644
 0.491381	 0.498463	 0.498640	 0.553130	 1.246235	 2.283233	 0.769225	 1.241159	 0.504994	-0.080396	-0.385606	 0.499644
 0.495272	 0.498463	 0.498640	 0.551143	 0.866750	 1.275321	 0.766173	 1.346220	 0.490172	-0.095365	-0.385606	 0.499644
 0.497217	 0.498463	 0.498640	 0.549052	 0.677008	 0.771365	 0.763121	 1.395847	 0.482760	-0.102850	-0.385606	 0.499644
 0.498190	 0.498463	 0.498640	 0.546912	 0.582136	 1.019388	 0.760075	 1.417770	 0.479055	-0.106592	-0.385606	 0.499644
 0.498676	 0.498463	 0.498640	 0.544752	 0.534701	 1.140864	 0.757038	 1.425852	 0.477202	-0.108463	-0.385606	 0.499644
-0.001081	 0.498463	 0.498640	 0.542588	 0.510983	 0.199077	-0.245988	 0.927025	-0.023724	-1.109399	-0.385606	 0.499644
-0.249957	 0.498463	 0.498640	 0.540424	 0.499124	-0.270331	-0.745003	 0.677612	-0.273138	-1.605646	-0.385606	 0.499644
-0.374396	 0.498463	 0.498640	 0.538266	 0.493194	-0.503555	-0.992023	 0.552905	-0.396800	-1.849566	-0.385606	 0.499644
 0.063385	 0.498463	 0.498640	 0.536115	 0.490230	-1.118694	-1.613055	 0.490552	-0.457590	-2.467339	-0.385606	 0.499644
 0.281273	 0.498463	 0.498640	 0.533971	 0.488747	-1.422795	-1.919102	 0.459375	-0.486948	-2.770055	-0.385606	 0.499644
-0.109783	 0.498463	 0.498640	 0.531836	 0.488006	-1.071392	-1.067676	 0.443787	-0.500595	-1.415268	-0.385606	 0.499644
-0.304309	 0.498463	 0.498640	 0.529709	 0.487635	-0.894251	-0.641963	 0.435993	-0.506390	-0.737874	-0.385606	 0.499644
-0.401572	 0.498463	 0.498640	 0.527590	 0.487450	-0.304246	-0.429106	 0.432096	-0.008263	-0.899177	-0.385606	 0.499644
-0.450204	 0.498463	 0.498640	 0.525480	 0.487358	-0.009244	-0.322678	 0.430147	 0.240801	-0.977708	-0.385606	 0.499644
-0.474520	 0.498463	 0.498640	 0.523378	 0.487311	 0.138258	-0.269464	 0.429173	 0.365332	-0.514860	-0.385606	-0.000356
-0.486678	 0.498463	 0.498640	 0.521284	 0.487288	 0.212008	-0.242857	 0.428686	 0.427598	-0.283437	-0.385606	-0.249355
-0.492756	 0.498463	 0.498640	 0.519199	 0.487276	 0.248884	-0.229553	 0.428442	 0.458731	-0.167725	-0.385606	-0.373855
-0.495796	 0.498463	 0.498640	 0.517122	 0.487271	 0.267321	 0.277099	 0.428320	 0.474298	-0.109869	-0.385606	 0.063895
-0.497316	 0.498463	 0.498640	 0.515054	 0.487268	 0.276540	 0.528857	 0.428259	 0.482081	-0.080941	-0.385606	 0.281767
 0.001924	 0.498463	 0.498640	 0.512994	 0.487266	 0.281150	 0.653175	 0.428229	-0.014027	-0.066477	-0.385606	 0.390703
 0.250542	 0.498463	 0.498640	 0.510942	 0.487266	 0.283454	 0.713779	 0.428214	-0.261061	-0.059245	-0.385606	 0.445171
 0.374851	 0.498463	 0.498640	 0.508898	 0.487265	 0.284607	 0.242532	 0.428206	 0.116438	-0.055629	-0.385606	 0.472405
 0.437005	 0.498463	 0.498640	 0.506862	 0.487265	 0.285183	 0.006909	 0.428202	 0.305188	-0.053821	-0.385606	 0.486022
 0.468083	 0.498463	 0.498640	 0.004835	 0.487265	 0.285471	-0.110903	 0.428200	 0.399562	-0.052917	-0.385606	 0.492830
 0.483621	 0.498463	 0.498640	-0.246179	 0.487265	 0.285615	-0.169809	 0.428200	 0.446750	-0.052465	-0.385606	 0.496235
 0.491391	 0.498463	 0.498640	-0.371686	 0.487265	 0.285687	-0.199262	 0.428199	 0.470343	-0.052239	-0.385606	 0.497937
-0.004725	 0.498463	 0.498640	 0.065561	 0.487265	-0.214277	-0.213988	 0.428199	 0.482140	-0.052126	-0.385606	 0.498788
-0.251781	 0.498463	 0.498640	 0.283178	 0.487265	-0.462831	-0.221351	 0.428199	 0.488039	-0.052070	-0.385606	 0.499213
 0.124691	 0.498463	 0.498640	 0.390986	 0.487265	-0.085685	 0.274967	 0.428199	 0.490988	-0.052041	-0.385606	 0.499426
 0.311925	 0.498463	 0.498640	 0.444889	 0.487265	 0.102888	 0.521584	 0.428199	 0.492463	-0.052027	-0.385606	 0.499532
-0.094458	 0.498463	 0.498640	 0.471841	 0.487265	 0.197175	 0.143356	 0.428199	 0.493200	-0.052020	-0.385606	 0.499586
-0.296648	 0.498463	 0.498640	 0.485317	 0.487265	 0.244318	-0.045758	 0.428199	 0.493568	-0.052017	-0.385606	 0.499612
-0.397743	 0.498463	 0.498640	-0.007945	 0.487265	 0.267890	 0.359685	 0.428199	 0.493753	-0.052015	-0.385606	 0.499625
-0.448291	 0.498463	 0.498640	-0.253574	 0.487265	 0.279676	 0.560876	 0.428199	 0.493845	-0.052014	-0.385606	 0.499632
 0.026436	 0.498463	 0.498640	 0.123612	-0.012735	 0.285569	 0.159947	 0.428199	 0.493891	-0.052014	-0.385606	 0.499635
 0.262797	 0.498463	 0.498640	 0.311203	-0.261710	 0.288515	-0.040517	 0.428199	 0.493914	-0.052013	-0.385606	 0.499637
 0.380977	 0.498463	 0.498640	 0.404999	-0.385176	 0.289988	-0.140749	 0.428199	 0.493926	-0.052013	-0.385606	 0.499638
 0.440067	 0.498463	 0.498640	 0.451897	-0.445891	 0.290725	 0.309135	 0.428199	 0.493931	-0.052013	 0.114394	 0.499638
 0.469612	 0.498463	 0.498640	 0.475346	-0.475236	 0.291093	 0.532559	 0.428199	 0.493934	-0.052013	 0.363165	 0.499639
 0.484385	 0.498463	 0.498640	 0.487070	 0.011101	 0.291277	 0.642759	 0.428199	 0.493936	-0.552013	-0.013673	 0.499639
 0.491771	 0.498463	 0.498640	 0.492932	 0.254269	 0.291369	 0.696353	 0.428199	 0.493936	-0.799909	-0.202093	 0.499639
 0.495464	 0.498463	 0.498640	 0.495863	 0.375854	 0.291415	 0.721650	 0.428199	 0.493937	-0.421762	-0.296302	 0.499639
 0.497311	 0.498463	 0.498640	 0.497329	 0.436646	 0.291438	 0.732805	 0.428199	 0.493937	-0.232688	-0.343407	 0.499639
 0.498234	 0.498463	 0.498640	-0.001938	 0.467042	 0.291450	 0.236894	 0.428199	 0.493937	-0.138151	 0.133041	 0.499639
 0.498696	 0.498463	 0.498640	-0.250569	 0.482240	 0.291456	-0.011061	 0.428199	 0.493937	-0.090882	 0.370046	 0.499639
 0.498927	 0.498463	 0.498640	-0.374885	 0.489839	 0.291459	-0.135039	 0.428199	 0.493937	-0.067248	 0.487334	 0.499639
-0.000958	 0.498463	 0.498640	 0.062957	 0.493638	 0.291460	 0.302972	 0.428199	 0.493937	-0.055431	 0.044769	 0.499639
-0.249899	 0.498463	 0.498640	 0.280877	 0.495538	 0.291461	 0.520496	 0.428199	 0.493937	-0.049523	-0.176514	 0.499639
 0.125631	 0.498463	 0.498640	 0.389836	 0.496488	 0.291461	 0.627782	 0.428199	 0.493937	-0.046568	 0.212845	 0.499639
 0.312394	 0.498463	 0.498640	 0.444316	 0.496963	 0.291461	 0.679955	 0.428199	 0.493937	-0.045091	 0.406320	 0.499639
 0.405775	 0.498463	 0.498640	 0.471556	 0.497200	 0.291461	 0.704577	 0.428199	 0.493937	-0.044353	 0.001858	 0.499639
 0.452465	 0.498463	 0.498640	 0.485176	 0.497319	 0.291461	 0.715429	 0.428199	 0.493937	-0.043983	-0.200373	 0.499639
-0.024189	 0.498463	 0.498640	 0.491986	 0.497379	 0.291461	 0.719403	 0.428199	 0.493937	-0.043799	 0.198511	 0.499639
-0.261515	 0.498463	 0.498640	 0.495391	 0.497408	 0.291461	 0.719943	 0.428199	 0.493937	-0.043706	 0.396759	 0.499639
-0.380178	 0.498463	 0.498640	 0.497094	 0.497423	 0.291461	 0.718772	 0.428199	 0.493937	-0.043660	 0.494692	 0.499639
 0.060491	 0.498463	 0.498640	 0.497945	 0.497430	 0.291461	 0.716752	 0.428199	 0.493937	-0.043637	 0.042474	 0.499639
 0.279823	 0.498463	 0.498640	 0.498371	 0.497434	 0.291461	 0.714312	 0.428199	 0.493937	-0.043626	-0.183635	 0.499639
 0.389489	 0.498463	 0.498640	 0.498583	 0.497436	-0.208539	 0.211668	 0.428199	 0.493937	-0.043620	-0.296690	 0.499639
 0.444322	 0.498463	 0.498640	 0.498690	 0.497437	-0.457121	-0.039654	 0.428199	 0.493937	-0.043617	-0.353217	 0.499639
-0.028262	 0.498463	 0.498640	-0.001257	 0.497437	-0.080002	 0.334685	-0.071801	 0.493937	 0.456385	-0.381481	 0.499639
-0.263552	 0.498463	 0.498640	-0.250228	 0.497438	 0.108558	 0.520437	-0.320658	 0.493937	 0.704473	-0.395613	 0.499639
 0.118803	 0.498463	 0.498640	-0.374713	 0.497438	 0.202838	 0.611900	 0.556053	 0.493937	 0.326611	-0.402679	 0.499639
 0.308978	 0.498463	 0.498640	-0.436956	 0.497438	 0.249978	 0.656225	 0.991543	 0.493937	 0.137681	-0.406211	 0.499639
 0.404066	 0.498463	 0.498640	-0.468078	 0.497438	 0.273548	 0.676987	 1.206434	 0.493937	 0.043216	-0.407978	 0.499639
 0.451610	 0.498463	 0.498640	 0.016362	 0.497438	-0.214667	 0.185972	 0.811037	 0.493937	-0.004017	-0.408861	 0.499639
 0.475382	 0.498463	 0.498640	 0.257580	 0.497438	-0.457368	-0.059536	 0.613338	 0.493937	-0.027633	-0.409303	 0.499639
 0.487268	 0.498463	 0.498640	-0.121811	 0.497438	-0.077319	-0.182289	 0.514489	 0.493937	-0.039442	 0.090476	 0.499639
 0.493211	 0.498463	 0.498640	-0.310504	 0.497438	 0.112706	-0.243666	 0.465064	 0.493937	-0.045346	 0.339185	 0.499639
 0.496182	 0.498463	 0.498640	 0.095149	 0.497438	 0.207718	-0.274354	 0.940352	-0.506063	 0.451702	-0.037636	 0.499639
 0.497668	 0.498463	 0.498640	 0.296974	 0.497438	 0.255224	-0.289699	 1.175164	-1.003051	 0.698329	-0.226046	 0.499639
-0.001589	 0.498463	 0.498640	 0.397887	 0.497438	 0.278977	-0.297371	 0.789751	-0.248545	 0.319752	-0.320252	 0.499639
-0.250216	 0.498463	 0.498640	 0.448343	 0.497438	 0.290854	-0.301207	 0.597044	 0.127697	 0.130464	-0.367354	 0.499639
-0.374530	 0.498463	 0.498640	 0.473571	 0.497438	 0.296792	-0.303125	 0.500690	 0.314809	 0.035820	-0.390906	 0.499639
-0.436686	 0.498463	 0.498640	 0.486185	 0.497438	 0.299761	 0.195916	 0.452514	 0.407362	 0.488498	 0.097319	 0.499639
-0.467765	 0.498463	 0.498640	 0.492492	 0.497438	 0.301246	 0.444047	 0.428425	 0.453638	 0.712954	 0.340260	 0.499639
 0.016696	 0.498463	 0.498640	 0.495646	-0.002562	 0.301988	 0.566728	 0.916381	 0.476776	 0.823308	-0.039436	 0.499639
 0.257924	 0.498463	 0.498640	 0.497223	-0.251557	 0.302359	 0.626689	 1.157550	 0.488345	 0.876617	-0.229284	 0.499639
-0.121462	 0.498463	 0.498640	 0.498011	 0.124947	 0.302545	 0.655297	 0.775337	 0.494130	 0.901412	-0.324208	 0.499639
-0.310153	 0.498463	 0.498640	 0.498405	 0.312196	 0.302637	 0.668233	 0.584231	 0.497022	 0.911957	-0.371670	 0.499639
 0.095501	 0.498463	 0.498640	 0.498602	 0.405820	 0.302684	 0.673338	 0.488678	 0.498468	 0.415384	-0.395401	 0.499639
 0.297326	 0.498463	 0.498640	 0.498701	 0.452632	 0.302707	 0.674534	 0.440901	 0.499191	 0.167098	-0.407267	 0.499639
 0.398239	 0.498463	 0.498640	 0.498750	 0.476038	 0.302719	 0.673781	 0.417013	 0.499553	 0.042955	-0.413199	 0.499639
 0.448695	 0.498463	 0.498640	 0.498775	 0.487741	 0.302724	 0.672058	 0.405069	 0.499733	 0.480883	-0.416166	 0.499639
 0.473923	 0.498463	 0.498640	 0.498787	 0.493593	 0.302727	 0.669856	 0.399097	 0.499824	 0.698010	-0.417649	 0.499639
 0.486537	 0.498463	 0.498640	 0.498793	 0.496519	 0.302729	 0.667420	 0.896111	 0.499869	 0.804743	-0.418390	 0.499639
 0.492844	 0.498463	 0.498640	 0.498796	 0.497982	 0.302729	 0.664871	 1.141831	 0.499892	 0.856287	-0.418761	 0.499639
-0.004002	 0.498463	 0.498640	-0.001202	 0.498713	 0.302730	 0.662273	 0.761917	 0.499903	 0.880243	-0.418947	 0.499639
-0.251424	 0.498463	 0.498640	-0.250199	 0.499079	 0.302730	 0.659654	 0.571959	 0.499909	 0.890412	-0.419039	 0.499639
 0.124865	 0.498463	 0.498640	 0.125303	 0.499262	-0.197270	 0.657031	 0.476981	 0.499911	 0.393696	-0.419086	 0.499639
 0.312008	 0.498463	 0.498640	 0.312052	 0.499353	-0.445875	 0.654410	 0.429491	 0.499913	 0.145338	-0.419109	 0.499639
 0.405579	 0.498463	 0.498640	 0.405426	 0.499399	-0.568789	 0.651796	 0.405747	 0.499914	 0.021159	-0.419120	 0.499639
 0.452364	 0.498463	 0.498640	 0.452114	 0.499422	-0.128863	 0.649191	 0.393874	 0.499914	 0.459069	-0.419126	 0.499639
 0.475757	 0.498463	 0.498640	 0.475457	 0.499433	 0.091101	 0.646595	 0.387938	 0.499914	 0.676231	-0.419129	 0.499639
 0.487453	 0.498463	 0.498640	 0.487129	 0.499439	 0.201082	 0.644009	 0.384970	 0.499914	 0.783024	-0.419131	 0.499639
 0.493302	 0.498463	 0.498640	 0.492965	 0.499442	 0.256073	 0.641433	 0.383486	 0.499914	 0.834642	-0.419131	 0.499639
-0.003774	 0.498463	 0.498640	-0.004117	 0.499443	 0.283569	 0.638868	 0.382744	 0.499914	 0.358678	-0.419132	 0.499639
-0.251311	 0.498463	 0.498640	-0.251656	 0.499444	 0.297316	 0.636312	 0.382373	 0.499914	 0.120696	-0.419132	 0.499639
 0.124921	 0.498463	 0.498640	 0.124575	 0.499444	 0.304190	 0.633767	 0.882187	 0.499914	 0.501705	-0.419132	 0.499639
 0.312035	 0.498463	 0.498640	 0.311689	 0.499444	 0.307627	 0.631232	 1.129331	 0.499914	 0.690444	-0.419132	 0.499639
 0.405592	 0.498463	 0.498640	 0.405246	 0.499444	 0.309346	 0.628707	 1.250149	 0.499914	 0.783055	-0.419132	 0.499639
 0.452370	 0.498463	 0.498640	 0.452024	 0.499445	 0.310205	 0.626192	 0.807817	 0.499914	 0.827609	-0.419132	 0.499639
 0.475759	 0.498463	 0.498640	 0.475413	 0.499445	 0.310634	 0.623688	 0.586650	 0.499914	 0.848142	-0.419132	 0.499639
 0.487454	 0.498463	 0.498640	 0.487108	 0.499445	 0.310849	 0.621193	 0.476067	 0.499914	 0.856671	-0.419132	 0.499639
 0.493301	 0.498463	 0.498640	 0.492955	 0.499445	 0.310957	 0.618708	 0.420776	 0.499914	 0.859205	-0.419132	 0.499639
-0.003775	 0.498463	 0.498640	 0.495879	 0.499445	 0.311010	 0.616233	 0.893130	 0.499914	 0.858749	-0.419132	 0.499639
-0.251311	 0.498463	 0.498640	 0.497341	 0.499445	 0.311037	 0.613768	 1.126576	 0.499914	 0.856804	-0.419132	 0.499639
 0.124920	 0.498463	 0.498640	 0.498072	 0.499445	 0.311051	 0.111313	 0.740579	-0.000086	 0.354122	-0.419132	 0.499639
 0.312034	 0.498463	 0.498640	 0.498437	 0.499445	 0.311057	-0.139914	 0.547581	-0.249086	 0.102781	-0.419132	 0.499639
 0.405591	 0.498463	 0.498640	 0.498620	 0.499445	 0.311061	-0.265528	 0.451081	-0.373585	-0.022889	-0.419132	 0.499639
-0.047631	 0.498463	 0.498640	-0.001289	-0.000555	 0.311062	 0.171665	 0.402832	 0.064165	-0.085725	-0.419132	 0.499639
-0.273240	 0.498463	 0.498640	-0.250241	-0.249554	 0.311063	 0.389044	 0.378707	 0.282036	-0.117142	-0.419132	 0.499639
 0.113955	 0.498463	 0.498640	 0.125283	-0.374054	 0.311064	 0.496520	 0.366645	 0.390971	 0.367149	-0.419132	 0.499639
 0.306551	 0.498463	 0.498640	 0.312044	-0.436304	 0.311064	 0.549051	 0.360613	 0.445439	 0.607592	-0.419132	 0.499639
 0.402849	 0.498463	 0.498640	-0.094576	 0.032572	 0.311064	 0.574113	 0.857598	 0.472673	 0.726117	-0.419132	 0.499639
 0.450997	 0.498463	 0.498640	-0.296884	 0.266006	 0.311064	 0.585445	 1.103381	 0.486290	 0.783690	-0.419132	 0.499639
-0.024928	 0.498463	 0.498640	-0.398037	 0.382724	 0.311064	 0.589918	 1.223574	 0.493098	 0.810794	-0.419132	 0.499639
-0.261889	 0.498463	 0.498640	-0.448614	 0.441082	 0.311064	 0.590966	 1.280983	 0.496503	 0.822671	-0.419132	 0.499639
-0.380370	 0.498463	 0.498640	-0.473903	 0.470262	 0.311064	 0.590306	 1.307011	 0.498205	 0.826940	-0.419132	 0.499639
 0.060390	 0.498463	 0.498640	 0.013453	 0.484851	 0.311064	 0.588796	 1.317359	 0.499056	 0.327412	-0.419132	 0.499639
 0.279767	 0.498463	 0.498640	 0.256129	 0.492146	 0.311064	 0.586867	 1.319877	 0.499481	 0.077648	-0.419132	 0.499639
-0.110544	 0.498463	 0.498640	 0.377468	 0.495794	 0.311064	 0.584732	 0.818491	 0.499694	 0.452766	-0.419132	 0.499639
-0.304698	 0.498463	 0.498640	 0.438137	 0.497617	 0.311064	 0.582500	 0.567799	 0.499801	 0.638669	-0.419132	 0.499639
-0.401775	 0.498463	 0.498640	 0.468471	 0.498529	 0.311064	 0.580223	 0.442452	 0.499854	 0.729972	-0.419132	 0.499639
-0.450313	 0.498463	 0.498640	 0.483638	 0.498985	 0.311064	 0.577929	 0.379779	 0.499880	 0.773980	-0.419132	 0.499639
 0.025418	 0.498463	 0.498640	 0.491222	 0.499213	 0.311064	 0.575630	 0.348443	 0.499894	 0.794349	-0.419132	 0.499639
 0.262281	 0.498463	 0.498640	 0.495014	 0.499327	 0.311064	 0.573335	 0.332774	 0.499900	 0.802903	-0.419132	 0.499639
 0.380712	 0.498463	 0.498640	 0.496910	 0.499384	 0.311064	 0.571045	 0.324940	 0.499904	 0.805558	-0.419132	 0.499639
-0.060072	 0.498463	 0.498640	 0.497858	 0.499412	 0.811064	 0.568762	 0.321023	 0.499905	 0.805269	 0.080868	 0.499639
-0.279462	 0.498463	 0.498640	 0.498332	 0.499427	 1.058442	 0.566488	 0.319064	 0.499906	 0.803514	 0.329706	 0.499639
 0.110843	 0.498463	 0.498640	 0.498569	 0.499434	 0.679519	 0.564222	 0.818085	 0.499907	 0.301033	-0.047032	 0.499639
 0.304993	 0.498463	 0.498640	 0.498687	 0.499437	 0.490058	 0.561966	 1.064961	 0.499907	 0.049793	-0.235401	 0.499639
 0.402068	 0.498463	 0.498640	 0.498746	 0.499439	 0.395327	 0.559718	 0.685776	 0.499907	 0.424173	-0.329585	 0.499639
 0.450605	 0.498463	 0.498640	 0.498776	 0.499440	 0.347962	 0.557479	 0.496183	 0.499907	 0.609765	-0.376677	 0.499639
-0.025126	 0.498463	 0.498640	 0.498791	 0.499441	 0.324279	 0.555249	 0.901387	 0.499907	 0.200971	-0.400224	 0.499639
-0.261990	 0.498463	 0.498640	 0.498798	 0.499441	 0.312438	 0.553028	 1.101375	 0.499907	-0.003426	-0.411997	 0.499639
 0.119578	 0.498463	 0.498640	 0.498802	 0.499441	 0.306517	 0.550816	 1.198767	 0.499907	 0.394375	-0.417883	 0.499639
 0.309360	 0.498463	 0.498640	 0.498804	 0.499441	 0.303557	 0.548613	 1.244870	 0.499907	 0.591692	-0.420826	 0.499639
 0.404251	 0.498463	 0.498640	 0.498805	 0.499441	 0.302077	 0.546418	 1.265340	 0.499907	 0.688772	-0.422298	 0.499639
 0.451696	 0.498463	 0.498640	 0.498805	 0.499441	 0.301337	 0.544233	 0.773003	 0.499907	 0.735740	-0.423034	 0.499639
 0.475419	 0.498463	 0.498640	 0.498805	 0.499441	 0.300967	 0.542056	 0.526835	 0.499907	 0.757659	-0.423402	 0.499639
 0.487280	 0.498463	 0.498640	 0.498806	 0.499441	 0.300782	 0.539888	 0.403751	 0.499907	 0.767059	-0.423586	 0.499639
 0.493211	 0.498463	 0.498640	 0.498806	 0.499441	 0.300689	 0.537728	 0.342209	 0.499907	 0.770206	-0.423678	 0.499639
-0.003824	 0.498463	 0.498640	 0.498806	 0.499441	 0.300643	 0.535577	 0.311438	 0.499907	 0.770233	-0.423724	 0.499639
-0.251339	 0.498463	 0.498640	 0.498806	 0.499441	 0.300620	 0.533435	 0.296052	 0.499907	 0.768706	-0.423747	 0.499639
 0.124903	 0.498463	 0.498640	 0.498806	 0.499441	 0.300608	 0.531301	 0.288359	 0.499907	 0.266408	-0.423758	 0.499639
 0.312022	 0.498463	 0.498640	 0.498806	 0.499441	 0.300602	 0.529176	 0.284513	 0.499907	 0.015259	-0.423764	 0.499639
 0.405581	 0.498463	 0.498640	 0.498806	 0.499441	 0.300599	 0.527059	 0.282590	 0.499907	-0.110315	-0.423767	 0.499639
 0.452361	 0.498463	 0.498640	 0.498806	 0.499441	 0.300598	 0.524951	 0.281628	 0.499907	 0.326898	-0.423768	 0.499639
 0.475751	 0.498463	 0.498640	 0.498806	 0.499441	 0.300597	 0.522851	 0.281147	 0.499907	 0.543976	-0.423769	 0.499639
-0.012555	 0.498463	 0.498640	 0.498806	 0.499441	 0.300597	 0.520760	 0.780907	 0.499907	 0.150993	-0.423769	 0.499639
-0.255705	 0.498463	 0.498640	 0.498806	 0.499441	 0.300597	 0.518677	 1.028225	 0.499907	-0.045499	-0.423769	 0.499639
-0.377281	 0.498463	 0.498640	 0.498806	 0.499441	 0.300597	 0.516602	 1.149334	 0.499907	-0.143744	-0.423770	 0.499639
-0.438068	 0.498463	 0.498640	 0.498806	 0.499441	 0.300597	 0.514536	 1.207347	 0.499907	-0.192867	-0.423770	 0.499639
-0.468462	 0.498463	 0.498640	 0.498806	 0.499441	 0.300597	 0.512477	 1.233823	 0.499907	-0.217429	-0.423770	 0.499639
-0.483659	 0.498463	 0.498640	 0.498806	 0.499441	 0.300596	 0.510427	 1.244540	 0.499907	-0.229709	-0.423770	 0.499639
-0.491258	 0.498463	 0.498640	 0.498806	 0.499441	 0.300596	 0.508386	 1.247388	 0.499907	-0.235850	-0.423770	 0.499639
 0.004943	 0.498463	 0.498640	-0.001194	 0.499441	 0.300596	 0.506352	 0.746312	 0.499907	 0.261080	-0.423770	 0.499639
 0.252041	 0.498463	 0.498640	-0.250192	 0.499441	 0.300596	 0.504327	 0.495774	 0.499907	 0.508029	-0.423770	 0.499639
-0.124410	 0.498463	 0.498640	 0.125309	 0.499441	 0.300596	 0.502310	 0.870504	 0.499907	 0.129993	-0.423770	 0.499639
-0.311634	 0.498463	 0.498640	 0.312058	 0.499441	 0.300596	 0.500300	 1.055379	 0.499907	-0.059024	-0.423770	 0.499639
-0.405245	 0.498463	 0.498640	 0.405433	 0.499441	 0.300596	 0.499296	 1.145336	 0.499907	 0.346467	-0.423770	 0.499639
-0.452051	 0.498463	 0.498640	 0.452120	 0.499441	 0.300596	 0.498793	 1.187844	 0.499907	 0.547708	-0.423770	 0.499639
 0.024546	 0.498463	 0.498640	 0.475464	 0.499441	 0.300596	 0.498542	 1.206638	 0.499907	 0.646831	 0.076230	 0.499639
 0.261842	 0.498463	 0.498640	 0.487135	 0.499441	 0.300596	 0.498417	 1.213583	 0.499907	 0.694901	 0.325078	 0.499639
 0.380490	 0.498463	 0.498640	 0.492971	 0.499441	 0.300596	 0.498354	 1.214615	 0.499907	 0.717450	 0.448354	 0.499639
 0.439814	 0.498463	 0.498640	 0.495889	 0.499441	 0.300596	 0.498322	 1.212700	 0.499907	 0.227244	 0.008849	 0.499639
 0.469476	 0.498463	 0.498640	 0.497348	 0.499441	 0.300596	 0.498307	 1.209321	 0.499907	-0.017859	-0.210904	 0.499639
-0.015693	 0.498463	 0.498640	 0.498078	 0.499441	 0.300596	 0.498299	 1.205219	 0.499907	-0.140410	-0.320780	 0.499639
-0.257276	 0.498463	 0.498640	 0.498442	 0.499441	 0.300596	 0.498295	 1.200766	 0.499907	-0.201686	-0.375719	 0.499639
 0.121933	 0.498463	 0.498640	 0.498625	 0.499441	 0.300596	 0.498293	 0.696147	 0.499907	 0.267676	-0.403188	 0.499639
 0.310535	 0.498463	 0.498640	 0.498716	 0.499441	 0.300596	 0.498292	 0.443837	 0.499907	 0.500883	-0.416922	 0.499639
-0.095164	 0.498463	 0.498640	 0.498762	-0.000559	 0.300596	 0.498292	 0.317683	 0.499907	 0.616019	-0.423790	 0.499639
-0.297012	 0.498463	 0.498640	 0.498784	-0.249558	 0.300596	 0.498291	 0.254605	 0.499907	 0.672124	-0.427223	 0.499639
-0.397936	 0.498463	 0.498640	 0.498796	-0.374057	 0.300596	 0.498291	 0.223066	 0.499907	 0.698720	-0.428940	 0.499639
 0.051602	 0.498463	 0.498640	 0.498802	 0.063693	 0.300596	 0.498291	 0.707297	 0.499907	 0.210568	-0.429798	 0.499639
 0.275369	 0.498463	 0.498640	 0.498804	 0.281565	 0.300596	 0.498291	 0.947029	 0.499907	-0.033508	-0.430228	 0.499639
-0.112747	 0.498463	 0.498640	 0.498806	 0.390501	 0.300596	 0.498291	 0.564522	 0.499907	 0.344453	-0.430442	 0.499639
-0.305804	 0.498463	 0.498640	 0.498807	 0.444969	 0.300596	 0.498291	 0.373268	 0.499907	 0.531989	-0.430549	 0.499639
-0.402332	 0.498463	 0.498640	 0.498807	 0.472203	 0.300596	 0.498291	 0.777641	 0.499907	 0.124318	-0.430603	 0.499639
-0.450596	 0.498463	 0.498640	 0.498807	 0.485820	 0.300596	 0.498291	 0.977464	 0.499907	-0.079517	-0.430630	 0.499639
-0.474729	 0.498463	 0.498640	 0.498807	 0.492629	 0.300596	 0.498291	 1.075021	 0.499907	-0.181435	-0.430643	 0.499639
-0.486795	 0.498463	 0.498640	 0.498807	 0.496033	 0.300596	 0.498291	 1.121454	 0.499907	-0.232394	-0.430650	 0.499639
-0.492828	 0.498463	 0.498640	 0.498807	 0.497735	 0.300596	 0.498291	 1.142335	 0.499907	-0.257873	-0.430653	 0.499639
 0.004156	 0.498463	 0.498640	 0.498807	 0.498586	 0.300596	 0.498291	 1.150449	 0.499907	 0.229387	-0.430655	 0.499639
 0.251645	 0.498463	 0.498640	 0.498807	 0.499012	 0.300596	 0.498291	 1.152189	 0.499907	 0.471584	-0.430656	 0.499639
-0.124610	 0.498463	 0.498640	 0.498807	 0.499225	 0.300596	 0.498291	 1.150751	 0.499907	 0.591255	-0.430656	 0.499639
-0.311736	 0.498463	 0.498640	 0.498807	 0.499331	 0.300596	 0.498291	 1.147733	 0.499907	 0.649669	-0.430657	 0.499639
 0.094701	 0.498463	 0.498640	 0.498807	 0.499384	 0.300596	 0.498291	 0.643935	 0.499907	 0.177459	 0.069343	 0.499639
 0.296917	 0.498463	 0.498640	 0.498807	 0.499411	 0.300596	 0.498291	 0.392036	 0.499907	-0.058646	 0.318205	 0.499639
 0.398026	 0.498463	 0.498640	-0.001193	-0.000576	 0.300596	 0.498291	 0.266086	 0.499907	 0.323302	-0.058499	 0.499639
 0.448580	 0.498463	 0.498640	-0.250190	-0.249568	 0.300596	 0.498291	 0.203111	 0.499907	 0.512865	-0.246851	 0.499639
 0.473857	 0.498463	 0.498640	-0.374689	-0.374064	 0.300596	 0.498291	 0.171624	 0.499907	 0.606242	-0.341027	 0.499639
 0.486495	 0.498463	 0.498640	 0.063061	 0.063688	 0.300596	 0.498291	 0.155880	 0.499907	 0.651531	-0.388114	 0.499639
 0.492814	 0.498463	 0.498640	 0.280935	 0.281561	 0.300596	 0.498291	 0.148008	 0.499907	 0.672782	-0.411658	 0.499639
 0.495974	 0.498463	 0.498640	 0.389872	 0.390497	 0.300596	 0.498291	 0.144073	 0.499907	 0.682020	-0.423430	 0.499639
 0.497554	 0.498463	 0.498640	 0.444340	 0.444966	 0.300596	 0.498291	 0.142105	 0.499907	 0.685256	-0.429316	 0.499639
 0.498344	 0.498463	 0.498640	 0.471575	-0.027800	 0.300596	-0.001709	 0.641121	 0.499907	 0.685497	-0.432259	 0.499639
 0.498739	 0.498463	 0.498640	 0.485192	-0.263182	 0.300596	-0.250706	 0.888348	 0.499907	 0.684246	-0.433731	 0.499639
-0.001064	 0.498463	 0.498640	 0.492000	 0.119127	 0.300596	 0.124796	 1.009691	 0.499907	 0.682255	-0.434467	 0.499639
-0.249963	 0.498463	 0.498640	 0.495404	 0.309279	 0.300596	 0.311546	 1.068100	 0.499907	 0.679898	-0.434835	 0.499639
-0.374413	 0.498463	 0.498640	 0.497107	 0.404355	 0.300596	 0.404922	 1.095052	 0.499907	 0.677365	-0.435018	 0.499639
-0.436638	 0.498463	 0.498640	 0.497958	 0.451893	 0.300596	 0.451609	 1.106284	 0.499907	 0.674749	 0.064890	 0.499639
-0.467750	 0.498463	 0.498640	 0.498383	 0.475662	 0.300596	 0.474953	 1.109665	 0.499907	 0.672097	 0.313714	 0.499639
 0.016693	 0.498463	 0.498640	 0.498596	 0.487546	 0.300596	 0.486625	 0.609129	 0.499907	 0.169431	-0.062999	 0.499639
 0.257913	 0.498463	 0.498640	 0.498702	 0.493488	 0.300596	 0.492461	 0.358861	 0.499907	-0.081901	-0.251355	 0.499639
-0.121477	 0.498463	 0.498640	 0.498756	-0.003541	 0.300596	-0.004621	 0.233727	 0.499907	 0.292433	-0.345534	 0.499639
-0.310171	 0.498463	 0.498640	 0.498782	-0.251054	 0.300596	-0.252159	 0.171160	 0.499907	 0.478266	-0.392623	 0.499639
-0.404517	 0.498463	 0.498640	 0.498795	 0.125189	 0.300596	 0.124072	 0.639877	 0.499907	 0.569854	-0.416167	 0.499639
-0.451691	 0.498463	 0.498640	 0.498802	 0.312308	 0.300596	 0.311187	 0.872018	 0.499907	 0.614326	-0.427940	 0.499639
-0.475277	 0.498463	 0.498640	 0.498805	 0.405868	 0.300596	 0.404745	 0.985880	 0.499907	 0.635244	-0.433826	 0.499639
-0.487071	 0.498463	 0.498640	 0.498807	 0.452647	 0.300596	 0.451524	 1.040612	 0.499907	 0.644391	-0.436769	 0.499639
-0.492967	 0.498463	 0.498640	 0.498808	 0.476037	 0.300596	 0.474913	 1.065787	 0.499907	 0.647657	-0.438240	 0.499639
 0.004084	 0.498463	 0.498640	 0.498808	 0.487732	 0.300596	 0.486608	 1.076192	 0.499907	 0.147988	-0.438976	 0.499639
 0.251608	 0.498463	 0.498640	 0.498809	 0.493580	 0.300596	 0.492455	 1.079222	 0.499907	-0.101846	-0.439344	 0.499639
 0.375370	 0.498463	 0.498640	 0.498809	 0.496503	 0.300596	 0.495379	 0.578572	 0.499907	 0.273237	 0.060472	 0.499639
 0.437251	 0.498463	 0.498640	 0.498809	 0.497965	 0.300596	 0.496840	 0.328248	 0.499907	 0.459481	 0.309260	 0.499639
 0.468191	 0.498463	 0.498640	 0.498809	 0.498696	 0.300596	 0.497571	 0.703085	 0.499907	 0.551312	-0.067463	 0.499639
 0.483661	 0.498463	 0.498640	 0.498809	 0.499062	 0.300596	 0.497937	 0.888348	 0.499907	 0.595942	-0.255824	 0.499639
 0.491396	 0.498463	 0.498640	 0.498809	 0.499244	 0.300596	 0.498120	 0.978832	 0.499907	 0.616975	-0.350005	 0.499639
-0.004736	 0.498463	 0.498640	 0.498809	-0.000664	 0.300596	 0.498211	 1.021936	 0.499907	 0.626216	-0.397095	 0.499639
-0.251800	 0.498463	 0.498640	 0.498809	-0.249618	 0.300596	 0.498257	 1.041358	 0.499907	 0.629565	-0.420640	 0.499639
 0.124667	 0.498463	 0.498640	 0.498809	 0.125906	 0.800596	 0.498279	 0.548947	 0.499907	 0.629974	-0.432413	 0.499639
 0.311899	 0.498463	 0.498640	 0.498809	 0.312665	 1.047995	 0.498291	 0.302741	 0.499907	 0.628918	-0.438299	 0.499639
 0.405515	 0.498463	 0.498640	 0.498809	 0.406044	 0.169104	 0.498297	 0.679639	 0.499907	 0.627134	-0.441242	 0.499639
 0.452323	 0.498463	 0.498640	 0.498809	 0.452734	-0.268922	 0.498299	 0.865974	 0.499907	 0.624991	-0.442714	 0.499639
 0.475727	 0.498463	 0.498640	 0.498809	 0.476079	 0.013479	 0.498301	 0.957037	 0.499907	 0.122674	 0.056551	 0.499639
 0.487429	 0.498463	 0.498640	 0.498809	 0.487751	 0.154679	 0.498302	 1.000473	 0.499907	-0.128484	 0.305071	 0.499639
 0.493280	 0.498463	 0.498640	 0.498809	 0.493587	 0.225279	 0.498302	 1.020103	 0.499907	-0.254064	 0.428224	 0.499639
 0.496205	 0.498463	 0.498640	 0.498809	-0.003495	 0.260579	 0.498302	 1.027838	 0.499907	-0.316853	-0.011302	 0.499639
 0.497668	 0.498463	 0.498640	 0.498809	-0.251034	 0.278229	 0.498302	 1.029635	 0.499907	-0.348248	-0.231065	 0.499639
-0.001601	 0.498463	 0.498640	-0.001191	 0.125196	 0.287054	 0.498302	 0.528470	 0.499907	 0.136055	-0.340947	 0.499639
-0.250233	 0.498463	 0.498640	-0.250189	 0.312308	 0.291467	 0.498302	 0.277888	 0.499907	 0.376965	-0.395887	 0.499639
 0.125450	 0.498463	 0.498640	 0.125312	 0.405864	 0.293673	 0.498302	 0.652597	 0.499907	 0.496185	-0.423358	 0.499639
 0.312290	 0.498463	 0.498640	 0.312061	 0.452642	 0.294776	 0.498302	 0.837897	 0.499907	 0.554564	-0.437093	 0.499639
 0.405710	 0.498463	 0.498640	 0.405436	 0.476031	 0.295328	 0.498302	 0.928500	 0.499907	 0.082527	-0.443961	 0.499639
 0.452420	 0.498463	 0.498640	 0.452123	 0.487726	 0.295604	 0.498302	 0.971764	 0.499907	-0.153491	-0.447394	 0.499639
 0.475774	 0.498463	 0.498640	 0.475467	 0.493573	 0.295742	 0.498302	 0.991365	 0.499907	-0.271500	-0.449111	 0.499639
 0.487452	 0.498463	 0.498640	 0.487138	 0.496497	 0.295811	 0.498302	 0.999144	 0.499907	 0.169495	-0.449970	 0.499639
 0.493291	 0.498463	 0.498640	 0.492974	 0.497958	 0.295845	 0.498302	 1.001020	 0.499907	 0.388772	-0.450399	 0.499639
 0.496210	 0.498463	 0.498640	 0.495892	 0.498689	 0.295862	 0.498302	 0.499952	 0.499907	 0.497194	-0.450614	 0.499639
 0.497670	 0.498463	 0.498640	 0.497351	 0.499055	 0.295871	 0.498302	 0.249418	 0.499907	 0.550194	-0.450721	 0.499639
-0.001600	 0.498463	 0.498640	 0.498081	 0.499237	 0.295875	 0.498302	 0.624151	 0.499907	 0.575488	-0.450775	 0.499639
-0.250234	 0.498463	 0.498640	 0.498446	 0.499329	 0.295877	 0.498302	 0.809520	 0.499907	 0.586933	-0.450801	 0.499639
 0.125450	 0.498463	 0.498640	 0.498628	 0.499375	 0.295878	 0.498302	 0.400214	 0.499907	 0.591459	-0.450815	 0.499639
 0.312289	 0.498463	 0.498640	 0.498719	 0.499397	 0.295879	 0.498302	 0.195562	 0.499907	 0.592530	-0.450822	 0.499639
 0.405709	 0.498463	 0.498640	 0.498765	 0.499409	 0.295879	 0.498302	 0.093235	 0.499907	 0.591878	-0.450825	 0.499639
-0.047581	 0.498463	 0.498640	 0.498787	 0.499414	 0.295879	 0.498302	 0.542072	 0.499907	 0.590370	-0.450827	 0.499639
-0.273225	 0.498463	 0.498640	 0.498799	 0.499417	 0.295879	 0.498302	 0.764509	 0.499907	 0.588438	-0.450827	 0.499639
-0.386046	 0.498463	 0.498640	-0.001195	 0.499419	 0.295879	 0.498302	 0.873753	 0.499907	 0.586299	 0.049172	 0.499639
-0.442457	 0.498463	 0.498640	-0.250190	 0.499419	 0.295879	 0.498302	 0.926409	 0.499907	 0.584061	 0.298074	 0.499639
-0.470663	 0.498463	 0.498640	-0.374688	 0.499420	 0.295879	-0.001698	 0.950779	 0.499907	 0.581779	 0.421430	 0.499639
-0.484765	 0.498463	 0.498640	-0.436936	 0.499420	 0.295879	-0.250694	 0.961014	 0.499907	 0.579478	 0.482019	 0.499639
 0.008183	 0.498463	 0.498640	 0.031939	 0.499420	 0.295879	 0.124807	 0.964189	 0.499907	 0.577174	 0.011228	 0.499639
 0.253655	 0.498463	 0.498640	 0.265376	 0.499420	 0.295879	 0.311558	 0.963842	 0.499907	 0.574872	-0.224167	 0.499639
 0.376391	 0.498463	 0.498640	 0.382094	 0.499420	 0.295879	 0.404933	 0.961741	 0.499907	 0.572576	-0.341865	 0.499639
 0.437759	 0.498463	 0.498640	 0.440453	 0.499420	 0.295879	 0.451620	 0.958771	 0.499907	 0.570287	-0.400714	 0.499639
 0.468443	 0.498463	 0.498640	 0.469632	 0.499420	 0.295879	 0.474964	 0.955375	 0.499907	 0.568007	-0.430138	 0.499639
 0.483785	 0.498463	 0.498640	 0.484222	 0.499420	 0.295879	 0.486636	 0.451773	 0.499907	 0.565735	-0.444850	 0.499639
 0.491456	 0.498463	 0.498640	 0.491517	 0.499420	 0.295879	 0.492472	 0.199972	 0.499907	 0.563473	-0.452206	 0.499639
 0.495292	 0.498463	 0.498640	 0.495164	 0.499420	 0.295879	 0.495390	 0.574071	 0.499907	 0.561219	-0.455884	 0.499639
 0.497210	 0.498463	 0.498640	 0.496988	 0.499420	 0.295879	 0.496849	 0.759224	 0.499907	 0.558974	-0.457723	 0.499639
 0.498168	 0.498463	 0.498640	 0.497900	 0.499420	 0.295879	 0.497578	 0.849912	 0.499907	 0.556738	-0.458643	 0.499639
 0.498648	 0.498463	 0.498640	 0.498356	 0.499420	 0.295879	 0.497943	 0.893375	 0.499907	 0.554511	-0.459103	 0.499639
 0.498888	 0.498463	 0.498640	 0.498584	 0.499420	 0.295879	 0.498125	 0.913233	 0.499907	 0.552293	-0.459333	 0.499639
 0.499007	 0.498463	 0.498640	 0.498698	 0.499420	 0.295879	 0.498217	 0.921296	 0.499907	 0.550084	-0.459447	 0.499639
 0.499067	 0.498463	 0.498640	 0.498755	 0.499420	 0.295879	 0.498262	 0.923468	 0.499907	 0.547884	-0.459505	 0.499639
 0.499097	 0.498463	 0.498640	-0.001217	 0.499420	 0.295879	 0.498285	 0.422703	 0.499907	 0.545692	-0.459534	 0.499639
 0.499112	 0.498463	 0.498640	-0.250200	 0.499420	 0.295879	 0.498296	 0.172321	 0.499907	 0.543509	-0.459548	 0.499639
 0.499120	 0.498463	 0.498640	 0.125308	 0.499420	 0.295879	 0.498302	 0.547129	 0.499907	 0.041335	-0.459555	 0.499639
 0.499124	 0.498463	 0.498640	 0.312061	 0.499420	 0.295879	 0.498305	 0.732690	 0.499907	-0.209752	-0.459559	 0.499639
-0.000875	 0.498463	 0.498640	 0.405437	 0.499420	 0.295879	 0.498306	 0.823634	 0.499907	 0.164705	-0.459561	 0.499639
-0.249872	 0.498463	 0.498640	 0.452125	 0.499420	 0.295879	 0.498307	 0.867276	 0.499907	 0.350855	-0.459562	 0.499639
 0.125629	 0.498463	 0.498640	 0.475469	 0.499420	 0.295879	 0.498307	 0.387276	-0.000093	 0.442856	-0.459562	 0.499639
 0.312378	 0.498463	 0.498640	 0.487141	 0.499420	 0.295879	 0.498308	 0.147276	-0.249093	 0.487786	-0.459562	 0.499639
 0.405752	 0.498463	 0.498640	 0.492977	 0.499420	 0.295879	 0.498308	 0.027276	-0.373593	 0.509186	-0.459562	 0.499639
-0.047561	 0.498463	 0.498640	 0.495895	 0.499420	 0.295879	 0.498308	 0.467276	 0.064157	 0.018825	-0.459562	 0.499639
-0.273215	 0.498463	 0.498640	 0.497354	 0.499420	 0.295879	 0.498308	 0.685461	 0.282028	-0.226356	-0.459562	 0.499639
 0.113957	 0.498463	 0.498640	-0.001916	 0.499420	 0.295879	 0.498308	 0.792746	 0.390964	 0.151054	-0.459562	 0.499639
 0.306541	 0.498463	 0.498640	-0.250549	 0.499420	 0.295879	 0.498308	 0.844589	 0.445432	 0.338702	-0.459562	 0.499639
 0.402833	 0.498463	 0.498640	-0.374866	 0.999420	 0.295879	 0.498308	 0.868717	 0.472666	-0.068527	 0.040438	 0.499639
 0.450979	 0.498463	 0.498640	-0.437024	 1.246421	 0.295879	 0.498308	 0.878996	 0.486283	-0.272141	 0.289357	 0.499639
-0.024948	 0.498463	 0.498640	 0.031897	 0.866935	 0.795879	 0.498308	 0.882357	 0.493091	-0.373948	-0.087260	 0.499639
-0.261909	 0.498463	 0.498640	 0.265356	 0.677192	 1.043288	 0.498308	 0.882266	 0.496495	-0.424852	-0.275569	 0.499639
-0.380390	 0.498463	 0.498640	 0.382085	 0.582320	 1.164410	 0.498308	 0.880456	 0.498198	-0.450304	-0.369723	 0.499639
-0.439631	 0.498463	 0.498640	 0.440450	 0.534885	 0.722401	 0.498308	 0.877794	 0.499049	-0.463029	-0.416800	 0.499639
-0.469251	 0.498463	 0.498640	 0.469632	 0.511167	 0.501396	 0.498308	 0.874712	 0.499474	-0.469392	-0.440339	 0.499639
 0.015939	 0.498463	 0.498640	-0.015776	 0.499308	 0.390893	 0.498308	 0.871428	 0.499687	-0.472574	-0.452108	 0.499639
 0.257532	 0.498463	 0.498640	-0.257478	 0.493378	 0.335642	 0.498308	 0.868050	 0.499793	-0.474165	-0.457993	 0.499639
-0.121672	 0.498463	 0.498640	 0.121670	 0.490414	 0.308017	 0.498308	 0.364631	 0.499846	 0.025040	-0.460935	 0.499639
-0.310272	 0.498463	 0.498640	 0.310243	 0.488931	 0.294204	 0.498308	 0.112922	 0.499873	 0.273594	-0.462406	 0.499639
-0.404572	 0.498463	 0.498640	 0.404530	 0.488190	 0.287297	 0.498308	-0.012932	 0.499886	 0.396826	-0.463142	 0.499639
-0.451722	 0.498463	 0.498640	 0.451673	 0.487819	 0.283844	 0.498308	-0.075860	 0.499893	 0.457403	-0.463509	 0.499639
-0.475297	 0.498463	 0.498640	 0.475245	 0.487634	 0.282118	 0.498308	-0.107323	 0.499896	 0.486655	-0.463693	 0.499639
-0.487085	 0.498463	 0.498640	 0.487030	 0.487541	 0.281254	 0.498308	 0.376945	 0.499898	 0.500249	-0.463785	 0.499639
-0.492978	 0.498463	 0.498640	 0.492923	 0.487495	 0.280823	 0.498308	 0.617356	 0.499899	 0.506018	-0.463831	 0.499639
 0.004075	 0.498463	 0.498640	-0.004130	 0.487472	 0.280607	 0.498308	 0.735847	 0.499899	 0.507880	-0.463854	 0.499639
 0.251599	 0.498463	 0.498640	-0.251655	 0.487460	 0.280499	 0.498308	 0.793383	 0.499899	 0.507791	-0.463866	 0.499639
 0.375361	 0.498463	 0.498640	 0.124583	 0.487455	 0.280445	 0.498308	 0.820450	 0.499900	 0.006731	-0.463872	 0.499639
 0.437242	 0.498463	 0.498640	 0.311700	 0.487452	 0.280418	 0.498308	 0.832288	 0.499900	-0.243799	-0.463874	 0.499639
 0.468183	 0.498463	 0.498640	 0.405259	 0.487450	 0.280405	-0.001692	 0.836519	 0.499900	 0.130936	-0.463876	 0.499639
 0.483653	 0.498463	 0.498640	 0.452038	 0.487450	 0.280398	-0.250689	 0.836953	 0.499900	 0.317292	-0.463877	 0.499639
 0.491388	 0.498463	 0.498640	 0.475428	 0.487449	 0.280394	-0.375187	 0.835495	 0.499900	 0.409463	-0.463877	 0.499639
 0.495256	 0.498463	 0.498640	-0.012877	-0.012551	 0.280393	 0.062564	 0.833098	 0.499900	 0.454545	-0.463877	 0.499639
 0.497189	 0.498463	 0.498640	-0.256027	-0.261526	 0.280392	 0.280439	 0.830238	 0.499900	 0.477086	-0.463877	 0.499639
 0.498156	 0.498463	 0.498640	 0.122397	 0.115008	 0.280391	 0.389376	 0.827153	 0.499900	 0.488357	-0.463877	 0.499639
 0.498640	 0.498463	 0.498640	 0.310608	 0.303274	 0.280391	 0.443845	 0.823963	 0.499900	 0.493992	-0.463877	 0.499639
 0.498882	 0.498463	 0.498640	 0.404714	 0.397408	 0.280391	 0.471079	 0.820726	 0.499900	-0.003190	-0.463877	 0.499639
 0.499002	 0.498463	 0.498640	 0.451766	 0.444474	 0.280391	 0.484696	 0.817473	 0.499900	-0.250781	-0.463877	 0.499639
 0.499063	 0.498463	 0.498640	 0.475293	 0.468008	 0.280391	 0.491505	 0.314217	 0.499900	-0.374576	-0.463877	 0.499639
 0.499093	 0.498463	 0.498640	 0.487056	 0.479774	 0.280391	 0.494909	 0.062590	 0.499900	-0.436474	-0.463877	 0.499639
 0.499108	 0.498463	 0.498640	 0.492937	 0.485658	 0.280391	 0.496611	-0.063224	 0.499900	-0.467423	-0.463877	 0.499639
 0.499116	 0.498463	 0.498640	 0.495878	 0.488599	 0.280391	 0.497462	 0.373869	 0.499900	 0.017103	-0.463877	 0.499639
 0.499119	 0.498463	 0.498640	 0.497349	 0.490070	 0.280391	 0.497888	 0.590794	 0.499900	 0.258363	-0.463877	 0.499639
 0.499121	 0.498463	 0.498640	 0.498084	 0.490806	 0.280391	 0.498101	 0.697641	 0.499900	 0.378992	 0.036123	 0.499639
 0.499122	 0.498463	 0.498640	 0.498451	 0.491173	 0.280391	 0.498207	 0.749455	 0.499900	 0.439307	 0.285050	 0.499639
 0.499123	 0.498463	 0.498640	 0.498635	 0.491357	 0.280391	 0.498260	 0.773760	 0.499900	 0.469465	-0.091554	 0.499639
 0.499123	 0.498463	 0.498640	 0.498727	 0.491449	 0.280391	 0.498287	 0.784316	 0.499900	 0.484543	-0.279856	 0.499639
 0.499123	 0.498463	 0.498640	 0.498773	 0.491495	 0.280391	 0.498300	 0.788004	 0.499900	-0.007917	-0.374007	 0.499639
 0.499123	 0.498463	 0.498640	 0.498796	 0.491518	 0.280391	 0.498307	 0.788265	 0.499900	-0.253147	-0.421082	 0.499639
 0.499123	 0.498463	 0.498640	 0.498808	 0.491530	 0.280391	 0.498310	 0.786819	 0.499900	-0.375762	-0.444620	 0.499639
 0.499123	 0.498463	 0.498640	 0.498813	 0.491535	 0.280391	 0.498312	 0.784524	 0.499900	 0.062931	-0.456389	 0.499639
 0.499123	 0.498463	 0.498640	 0.498816	 0.491538	 0.280391	 0.498313	 0.781813	 0.499900	 0.281274	-0.462273	 0.499639
-0.000877	 0.498463	 0.498640	 0.498818	 0.491540	 0.280391	 0.498313	 0.778899	 0.499900	 0.390446	-0.465215	 0.499639
-0.249875	 0.498463	 0.498640	 0.498818	 0.491540	 0.280391	 0.498313	 0.775890	 0.499900	 0.445031	-0.466687	 0.499639
 0.125626	 0.498463	 0.498640	 0.498819	 0.491541	 0.280391	 0.498313	 0.772840	 0.499900	 0.472324	-0.467422	 0.499639
 0.312374	 0.498463	 0.498640	 0.498819	 0.491541	 0.280391	 0.498313	 0.769775	 0.499900	 0.485971	-0.467790	 0.499639
-0.094252	 0.498463	 0.498640	 0.498819	 0.491541	 0.280391	 0.498313	 0.266709	 0.499900	 0.492794	-0.467974	 0.499639
-0.296563	 0.498463	 0.498640	 0.498819	 0.491541	 0.280391	 0.498313	 0.015177	 0.499900	 0.496206	-0.468066	 0.499639
-0.397719	 0.498463	 0.498640	 0.498819	 0.491541	 0.280391	 0.498313	-0.110590	 0.499900	 0.497911	-0.468112	 0.499639
 0.051704	 0.498463	 0.498640	 0.498819	 0.491541	 0.280391	 0.498313	 0.326527	 0.499900	 0.498764	-0.468135	 0.499639
 0.275412	 0.498463	 0.498640	 0.498819	 0.491541	 0.280391	 0.498313	 0.543558	 0.499900	 0.499191	-0.468146	 0.499639
 0.387267	 0.498463	 0.498640	 0.498819	 0.491541	 0.280391	 0.498313	 0.650552	 0.499900	-0.000596	 0.031848	 0.499639
 0.443194	 0.498463	 0.498640	 0.498819	 0.491541	 0.280391	 0.498313	 0.702534	 0.499900	-0.249489	 0.280782	 0.499639
 0.471158	 0.498463	 0.498640	 0.498819	 0.491541	 0.280391	 0.498313	 0.727016	-0.000100	-0.373935	-0.095811	 0.499639
 0.485139	 0.498463	 0.498640	 0.498819	 0.491541	 0.280391	 0.498313	 0.737754	-0.249100	-0.436158	-0.284108	 0.499639
 0.492130	 0.498463	 0.498640	 0.498819	 0.491541	 0.280391	 0.498313	 0.741626	 0.126400	 0.032730	-0.378256	 0.499639
 0.495626	 0.498463	 0.498640	 0.498819	 0.491541	 0.280391	 0.498313	 0.742071	 0.313146	 0.266171	-0.425330	 0.499639
 0.497374	 0.498463	 0.498640	 0.498819	 0.491541	 0.280391	 0.498313	 0.740809	 0.406519	 0.382892	-0.448867	 0.499639
-0.001753	 0.498463	 0.498640	 0.498819	-0.008459	 0.280391	 0.498313	 0.738699	 0.453206	 0.441252	-0.460635	 0.499639
-0.250314	 0.498463	 0.498640	 0.498819	-0.257442	 0.280391	 0.498313	 0.736170	 0.476549	 0.470432	-0.466520	 0.499639
 0.125405	 0.498463	 0.498640	 0.498819	 0.119079	 0.280391	 0.498313	 0.733439	 0.488221	 0.485022	-0.469462	 0.499639
 0.312263	 0.498463	 0.498640	 0.498819	 0.307340	 0.280391	 0.498313	 0.730612	 0.494057	 0.492317	-0.470933	 0.499639
-0.094308	 0.498463	 0.498640	 0.498819	 0.401470	 0.280391	 0.498313	 0.727742	 0.496975	 0.495965	-0.471668	 0.499639
-0.296592	 0.498463	 0.498640	 0.498819	 0.448535	 0.280391	 0.498313	 0.724858	 0.498434	 0.497788	-0.472036	 0.499639
 0.102266	 0.498463	 0.498640	 0.498819	 0.472068	 0.280391	 0.498313	 0.221972	 0.499163	-0.001300	-0.472220	 0.499639
 0.300693	 0.498463	 0.498640	 0.498819	 0.483834	 0.280391	 0.498313	-0.029471	 0.499528	-0.249843	-0.472312	 0.499639
 0.399906	 0.498463	 0.498640	 0.498819	 0.489717	 0.280391	 0.498313	-0.155193	 0.499710	-0.374115	-0.472358	 0.499639
 0.449513	 0.498463	 0.498640	 0.498819	 0.492659	 0.280391	 0.498313	 0.281947	 0.499801	 0.063750	-0.472381	 0.499639
 0.474316	 0.498463	 0.498640	 0.498819	 0.494130	 0.280391	 0.498313	 0.499078	 0.499847	 0.281678	-0.472392	 0.499639
 0.486718	 0.498463	 0.498640	-0.001181	 0.494865	 0.280391	 0.498313	 0.606211	 0.499870	 0.390643	-0.472398	 0.499639
 0.492918	 0.498463	 0.498640	-0.250179	 0.495233	 0.280391	 0.498313	 0.658351	 0.499881	 0.445125	-0.472401	 0.499639
-0.003981	 0.498463	 0.498640	 0.125323	 0.495417	 0.280391	 0.498313	 0.683000	 0.499887	 0.472366	-0.472402	 0.499639
-0.251429	 0.498463	 0.498640	 0.312072	 0.495509	 0.280391	 0.498313	 0.693910	 0.499890	 0.485987	-0.472403	 0.499639
 0.124847	 0.498463	 0.498640	 0.405446	 0.495555	 0.280391	 0.498313	 0.697955	 0.499891	 0.492797	-0.472404	 0.499639
 0.311983	 0.498463	 0.498640	 0.452133	 0.495578	 0.280391	 0.498313	 0.698573	 0.499892	 0.496202	-0.472404	 0.499639
 0.405550	 0.498463	 0.498640	 0.475477	 0.495589	 0.280391	 0.498313	 0.697484	 0.499892	 0.497905	-0.472404	 0.499639
 0.452334	 0.498463	 0.498640	 0.487149	 0.495595	 0.280391	 0.498313	 0.695547	 0.499892	 0.498756	-0.472404	 0.499639
 0.475726	 0.498463	 0.498640	 0.492985	 0.495598	 0.280391	 0.498313	 0.693191	 0.499892	 0.499182	-0.472404	 0.499639
-0.012578	 0.498463	 0.498640	 0.495903	 0.495599	 0.280391	 0.498313	 0.690631	 0.499892	 0.499394	-0.472404	 0.499639
-0.255728	 0.498463	 0.498640	 0.497362	 0.495600	 0.280391	 0.498313	 0.687975	 0.499892	 0.499501	-0.472404	 0.499639
-0.377303	 0.498463	 0.498640	 0.498091	 0.495600	 0.280391	 0.498313	 0.685276	 0.499892	-0.000446	-0.472404	 0.499639
-0.438091	 0.498463	 0.498640	 0.498456	 0.495600	 0.280391	 0.498313	 0.682562	 0.499892	-0.249419	-0.472404	 0.499639
 0.031516	 0.498463	 0.498640	 0.498638	 0.495600	 0.280391	 0.498313	 0.679845	 0.499892	-0.373905	-0.472404	 0.499639
 0.265317	 0.498463	 0.498640	 0.498729	 0.495601	 0.280391	 0.498313	 0.677132	 0.499892	-0.436148	-0.472404	 0.499639
 0.382217	 0.498463	 0.498640	 0.498775	 0.495601	 0.280391	 0.498313	 0.674427	 0.499892	-0.467270	-0.472404	 0.499639
-0.059333	 0.498463	 0.498640	 0.498798	-0.004399	 0.280391	-0.001687	 0.671731	 0.499892	-0.482830	-0.472404	 0.499639
-0.279106	 0.498463	 0.498640	 0.498809	-0.253391	 0.280391	-0.250683	 0.669045	 0.499892	-0.490611	-0.472404	 0.499639
 0.111007	 0.498463	 0.498640	 0.498815	 0.123119	 0.280391	 0.124818	 0.666369	 0.499892	 0.005499	-0.472404	 0.499639
 0.305062	 0.498463	 0.498640	 0.498818	 0.311373	 0.280391	 0.311569	 0.663704	 0.499892	 0.252551	-0.472404	 0.499639
 0.402089	 0.498463	 0.498640	 0.498819	 0.405500	 0.280391	 0.404944	 0.661049	 0.499892	 0.376077	-0.472404	 0.499639
 0.450603	 0.498463	 0.498640	 0.498820	 0.452564	 0.280391	 0.451631	 0.658405	 0.499892	 0.437840	-0.472404	 0.499639
 0.474860	 0.498463	 0.498640	 0.498820	 0.476096	 0.280391	 0.474975	 0.655772	 0.499892	-0.031279	-0.472404	 0.499639
 0.486988	 0.498463	 0.498640	 0.498820	 0.487862	 0.280391	 0.486647	 0.653148	 0.499892	-0.264837	-0.472404	 0.499639
-0.006948	 0.498463	 0.498640	 0.498820	 0.493745	 0.780391	 0.492483	 0.650536	 0.499892	 0.118383	-0.472404	 0.499639
-0.252914	 0.498463	 0.498640	 0.498820	 0.496686	 1.027830	 0.495401	 0.647934	 0.499892	 0.308990	-0.472404	 0.499639
