 0.199673	-0.340071	 0.498581	 0.451444	 0.499110	 0.774294	 0.086382	 0.408759	 0.596790	-0.077772	-0.447178	 0.506211
-0.181674	-0.245254	 0.498581	 0.475517	-0.000705	 0.389373	 0.086428	 0.877401	 1.094403	-0.077585	-0.447178	 0.504186
-0.371222	-0.197845	 0.498581	 0.487554	-0.249612	 0.196912	 0.086451	 1.109030	 1.340025	-0.077492	-0.447178	 0.502169
-0.464874	-0.174141	 0.498581	 0.493572	-0.374066	 0.100682	 0.086463	 1.222163	 1.459665	-0.077446	-0.447178	 0.500160
-0.510583	-0.162289	 0.498581	 0.496581	 0.063708	 0.052567	 0.086468	 0.776059	 1.016327	-0.577423	-0.447178	 0.499156
-0.532325	-0.156363	 0.498581	 0.498086	 0.281591	 0.028509	 0.086471	 0.553007	 0.793511	-0.825256	-0.447178	 0.498654
-0.042088	-0.153400	 0.498581	 0.498838	 0.390533	 0.516480	 0.086473	 0.941481	 0.680962	-0.447027	-0.447178	 0.498403
 0.203030	-0.151918	 0.498581	 0.499214	 0.445004	 0.758457	 0.086473	 1.133058	 0.623551	-0.257912	-0.447178	 0.498277
-0.174410	-0.151177	 0.498581	-0.000598	-0.027760	 0.377444	-0.413526	 1.226198	 0.593713	-0.663355	-0.447178	 0.498214
-0.362027	-0.150807	 0.498581	-0.249503	-0.263142	 0.186938	-0.661699	 1.270129	 0.577666	-0.863938	-0.447178	 0.498183
-0.454736	-0.150622	 0.498581	 0.126045	 0.119168	 0.091685	-0.283966	 0.789466	 0.568520	-0.462101	-0.447178	 0.498167
-0.499996	-0.150529	 0.498581	 0.312815	 0.309320	 0.044058	-0.095099	 0.549135	 0.562828	-0.261183	-0.447178	 0.498159
-0.521535	-0.150483	 0.498581	 0.406200	 0.404395	 0.020245	-0.000666	 0.428969	 0.558867	-0.160723	-0.447178	 0.498156
-0.531218	-0.150460	 0.498581	 0.452893	 0.451933	 0.008338	 0.046551	 0.868886	 0.555777	-0.110494	-0.447178	 0.498154
-0.534978	-0.150448	 0.498581	 0.476239	 0.475702	 0.002385	 0.070159	 1.086227	 0.553127	-0.085379	-0.447178	 0.498153
-0.035781	-0.650442	 0.498581	 0.487912	 0.487587	-0.500592	 0.081964	 1.192290	 1.050701	-0.572822	-0.447178	 0.498152
 0.213818	-0.898138	 0.498581	 0.493749	 0.493529	-0.750073	 0.087866	 1.242725	 1.296391	-0.814422	-0.447178	 0.498152
 0.338617	-1.019695	 0.498581	 0.496667	 0.496500	-0.372814	 0.090817	 1.265357	 0.916152	-0.433111	-0.447178	 0.498152
 0.401017	-1.078191	 0.498581	 0.498126	 0.497986	-0.184185	 0.092292	 1.274096	 0.724961	-0.242455	-0.447178	 0.498152
-0.067783	-0.605165	 0.498581	 0.498856	 0.498728	 0.410130	 0.093030	 0.775900	 1.128298	-0.147127	-0.447178	 0.498152
-0.301110	-0.368652	 0.498581	 0.499221	 0.499100	 0.705278	 0.093399	 0.526802	 1.326903	-0.099463	-0.447178	 0.498152
-0.416705	-0.250396	 0.498581	 0.499403	 0.499286	 0.850851	 0.093583	 0.402253	 1.423154	-0.075631	-0.447178	 0.498152
-0.473437	-0.691268	 0.498581	 0.499494	 0.499378	-0.078355	 0.093676	 0.339979	 0.968241	-0.063715	-0.447178	 0.498152
-0.500743	-0.909439	 0.498581	 0.499540	 0.499425	-0.540943	 0.093722	 0.308842	 0.739758	-0.057757	-0.447178	 0.498152
-0.013340	-0.516270	 0.498581	 0.499563	 0.499448	-0.270230	 0.093745	 0.793273	 0.624494	-0.554778	-0.447178	 0.498152
 0.230361	-0.319685	 0.498581	 0.499574	 0.499460	-0.134873	 0.093756	 1.032933	 0.565844	-0.801185	-0.447178	 0.498152
-0.147788	-0.221393	 0.498581	 0.499580	 0.499465	-0.067195	 0.093762	 1.150218	 1.035504	-0.422293	-0.447178	 0.498152
-0.335811	-0.172247	 0.498581	 0.499583	 0.499468	-0.033356	 0.093765	 1.206326	 1.267324	-0.232847	-0.447178	 0.498152
-0.428774	-0.147674	 0.498581	 0.499584	-0.500530	-0.016436	 0.093766	 0.731855	 1.380235	-0.638124	-0.447178	 0.498152
-0.474213	-0.135387	 0.498581	 0.499585	-0.997528	-0.007976	 0.093767	 0.494619	 1.433705	-0.838676	-0.447178	 0.498152
-0.495893	-0.129244	 0.498581	 0.499585	-1.243038	-0.003746	 0.093767	 0.376001	 1.457465	-0.936873	-0.447178	 0.498152
-0.505698	-0.126172	 0.498581	 0.499585	-0.362816	-0.001632	 0.093768	 0.816692	 0.966383	-0.983902	-0.447178	 0.498152
-0.509569	-0.124636	 0.498581	 0.499586	 0.076260	-0.000574	 0.093768	 1.034523	 0.720842	-1.005354	-0.447178	 0.498152
-0.010478	-0.123869	 0.498581	 0.499586	 0.294767	 0.499955	 0.093768	 0.640934	 0.598071	-0.514027	-0.447178	 0.498152
 0.239068	-0.123485	 0.498581	 0.499586	 0.402994	 0.748218	 0.093768	 0.444139	 0.536686	-0.268363	-0.447178	 0.498152
 0.363841	-0.123293	 0.498581	 0.499586	 0.456086	-0.129643	 0.093768	 0.845742	 1.005993	-0.645531	-0.447178	 0.498152
 0.426227	-0.123197	 0.498581	 0.499586	 0.481613	-0.566559	 0.093768	 1.044048	 1.237697	-0.832070	-0.447178	 0.498152
-0.042580	-0.123149	 0.498581	 0.499586	-0.006638	-0.283010	 0.093768	 1.140717	 0.850609	-0.423302	-0.447178	-0.001848
-0.275960	-0.123125	 0.498581	 0.499586	-0.250763	-0.141235	 0.093768	 1.186577	 0.657066	-0.218918	-0.447178	-0.250845
-0.391632	-0.123113	 0.498581	 0.499586	-0.372826	-0.070348	 0.093768	 1.207042	 0.560294	-0.116726	-0.447178	-0.375343
-0.448453	-0.123107	 0.498581	-0.000414	 0.066143	-0.034904	 0.093768	 1.214819	 0.511908	-0.565630	-0.447178	 0.062408
-0.475853	-0.123104	 0.498581	-0.249414	 0.284617	-0.017182	 0.093768	 1.216262	 0.487715	-0.788053	-0.447178	 0.280283
-0.488547	-0.123102	 0.498581	-0.373913	 0.392848	-0.008321	 0.093768	 1.214549	 0.975618	-0.397244	-0.447178	 0.389221
-0.493891	-0.123101	 0.498581	-0.436163	 0.445961	-0.003891	 0.093768	 1.211266	 1.216643	-0.201839	-0.447178	 0.443690
 0.003437	-0.123101	 0.498581	 0.032712	 0.472518	 0.498324	 0.093768	 1.207209	 1.334240	-0.604137	-0.447178	 0.470924
 0.251099	-0.123101	 0.498581	 0.266147	 0.485796	 0.747431	 0.093768	 1.202774	 1.390135	-0.803273	-0.447178	 0.484541
-0.125070	-0.123101	 0.998581	 0.382864	 0.992435	 0.869991	 0.593768	 0.698160	 0.415190	 1.099164	-0.447178	-0.008650
-0.312152	-0.123101	 1.245584	 0.441222	 1.242757	 0.929286	 0.841580	 0.445853	-0.071162	 2.044379	-0.447178	-0.254242
 0.094308	 0.876899	 0.866100	 0.470402	 1.864931	 0.956956	 1.463308	-0.180301	-1.813224	 3.011008	-0.447178	-0.377038
 0.296536	 1.373146	 0.676358	 0.484991	 2.171044	 0.968822	 1.770001	-0.491764	-2.677144	 3.486367	-0.447178	-0.438436
 0.397650	 1.617530	 0.581488	 0.492286	 2.319146	 0.972794	 1.919195	-0.645890	-3.102022	 3.716123	-0.447178	-0.469135
 1.448206	 3.735998	 0.034052	-0.004066	 2.388263	 0.972826	 2.489655	-1.721353	-4.307407	 5.323109	-0.447178	-1.484485
 1.968487	 4.783523	-0.238639	-0.251242	 2.417907	 0.970896	 2.768764	-2.253490	-4.899074	 6.112742	-0.447178	-1.987160
 2.723650	 7.295624	-0.373962	-0.874830	 2.927833	 0.467994	 2.902224	-3.013988	-5.683926	 7.993754	 0.052822	-2.733518
 3.094274	 8.532059	-0.440605	-1.183627	 3.175921	 0.216542	 2.962882	-3.386688	-6.063414	 8.914510	 0.301716	-3.099737
 3.772656	 10.130739	-0.972912	-1.835040	 3.793117	-0.409183	 2.987164	-4.065519	-7.240273	 9.855218	 0.425062	-3.775915
 4.602945	 11.406621	-1.236055	-2.155774	 4.592894	-0.219976	 3.493282	-4.395446	-7.811868	 10.803980	 0.985638	-5.105099
 5.007223	 12.019196	-1.364628	-2.311188	 4.981998	-0.125373	 3.738342	-4.550958	-8.080898	 11.254855	 1.262834	-5.756823
 5.198539	 12.300221	-1.425928	-2.383962	 5.165807	-0.078071	 3.852906	-4.619302	-8.198714	 11.456881	 1.398351	-6.069868
 5.283418	 12.415570	-1.453603	-2.415435	 5.247013	-0.054420	 3.902252	-4.644098	-8.240988	 11.534577	 1.463043	-6.213624
 4.815120	 13.448183	-1.464479	-2.426278	 5.276959	-0.542595	 3.919022	-5.647159	-8.245559	 12.050200	 1.992333	-6.272788
 4.572278	 13.935528	-1.466966	-2.426826	 5.281318	-0.784621	 3.919536	-6.135388	-8.231344	 12.282880	 2.251935	-6.289706
 5.442198	 14.650355	-1.965270	-2.422244	 5.272927	-0.403580	 3.911953	-6.366256	-8.207803	 12.374189	 2.376712	-6.285551
 5.864534	 14.977038	-2.209495	-2.415118	 5.258202	-0.213060	 3.900352	-6.468496	-8.179663	 12.394912	 2.434098	-6.270911
 6.063128	 15.609772	-2.326700	-2.406740	 5.240352	-0.617800	 3.886774	-6.506474	-8.149291	 12.380442	 2.457808	-6.251079
 6.149901	 15.893654	-2.380415	-2.397753	 5.220983	-0.818125	 3.872239	-6.512374	-8.117866	 12.348476	 2.464700	-6.228700
 6.180815	 16.003240	-2.402404	-2.388483	 5.700894	-0.916250	 3.857256	-6.502288	-8.085981	 12.807859	 2.463203	-6.205098
 6.183848	 16.025807	-2.408550	-2.379089	 5.928489	-0.963284	 3.842080	-6.484260	-8.053931	 13.011017	 2.457531	-6.180934
 5.672991	 16.004994	-2.406794	-1.869653	 6.029974	-0.984781	 3.826838	-6.462314	-8.021862	 13.086167	 2.449791	-6.156539
 5.407238	 15.962619	-2.401105	-1.612214	 6.068453	-0.993516	 3.811594	-6.438460	-7.989847	 13.097419	 2.441037	-6.132077
 5.264079	 15.909591	-2.393470	-1.480785	 6.075479	-0.995880	 3.796379	-6.413704	-7.957925	 13.076828	 2.431796	-6.107630
 5.182257	 16.351364	-2.384881	-1.912372	 6.066827	-0.995065	 3.781210	-5.388548	-7.926111	 13.040420	 2.422330	-6.083241
 5.131146	 16.538664	-2.375834	-2.123478	 6.050385	-0.992669	 3.766093	-4.867243	-7.894416	 12.996208	 2.412771	-6.058928
 5.595430	 16.598862	-2.366577	-2.224361	 5.530096	-0.989490	 3.751032	-5.597899	-7.862843	 12.948198	 2.403186	-6.034703
 5.815452	 16.595643	-2.357234	-2.270153	 5.259932	-0.985928	 3.736030	-5.950570	-7.831394	 12.898393	 2.393605	-6.010569
 5.913393	 16.560849	-2.347866	-1.788416	 5.114870	-0.982183	 3.721087	-6.114299	-7.800069	 12.847793	 2.384047	-5.986529
 5.950340	 16.510400	-2.338505	-1.544935	 5.032400	-0.978353	 3.706203	-6.183607	-7.768870	 12.796899	 2.374519	-5.962585
 5.956839	 16.452255	-2.329167	-1.920591	 5.481265	-0.974489	 3.691379	-5.205755	-7.737795	 12.745960	 2.365025	-5.938735
 5.948162	 16.390395	-2.319858	-2.103827	 5.693837	-0.970616	 3.676613	-4.708374	-7.706844	 12.695100	 2.355567	-5.914980
 5.931945	 16.326807	-2.310582	-2.190871	 5.788310	-0.966746	 3.661907	-4.451261	-7.676016	 12.644382	 2.346146	-5.891321
 5.912005	 16.262487	-2.301342	-1.729837	 5.823781	-0.962885	 4.147259	-5.314316	-7.645312	 12.593835	 2.336762	-5.867755
 5.890250	 16.197931	-2.292137	-1.496782	 5.829798	-0.959037	 4.380670	-5.733489	-7.614731	 12.543475	 2.327415	-5.844284
 5.867636	 16.133386	-2.282969	-1.877727	 5.821135	-0.955202	 4.488148	-5.930770	-7.584272	 12.993309	 2.818106	-5.820907
 5.844639	 16.068976	-2.273838	-2.063683	 5.805179	-0.951382	 4.532695	-6.017155	-7.553935	 13.191340	 3.056833	-5.797624
 5.821497	 16.004762	-2.264742	-2.152161	 5.785622	-0.447577	 4.045814	-5.048140	-7.523719	 13.263576	 2.669606	-5.774433
 5.798330	 15.940773	-2.255684	-2.191919	 5.764311	-0.195674	 3.795256	-4.555474	-7.493624	 13.273023	 2.471428	-5.751335
 5.775195	 16.377026	-2.246661	-2.207334	 5.742170	-0.569723	 3.662887	-5.301016	-7.463650	 13.251182	 2.867792	-5.728330
 5.752124	 16.561525	-2.237674	-2.210597	 5.719659	-0.754860	 3.589642	-5.661693	-7.433795	 13.213802	 3.059446	-5.705417
 5.729131	 16.620283	-2.228724	-2.207800	 5.697010	-0.845548	 3.545987	-5.829987	-7.404060	 13.168759	 3.148770	-5.682595
 5.706221	 16.616304	-2.219809	-2.201992	 5.674336	-0.389020	 4.017154	-5.902138	-7.374444	 13.119991	 2.686957	-5.659865
 5.683400	 16.581090	-2.210929	-2.194695	 5.651696	-0.160756	 4.243761	-5.926265	-7.344946	 13.069464	 2.451599	-5.637225
 5.660669	 16.530391	-2.202086	-2.186672	 5.629118	-0.546624	 4.348124	-4.926427	-7.315566	 13.018163	 2.329488	-5.614676
 5.638027	 16.472082	-2.193277	-2.178304	 5.606616	-0.737693	 4.391401	-4.418655	-7.286304	 12.966578	 2.264018	-5.592218
 5.615475	 16.410100	-2.184504	-2.169779	 6.084197	-0.831370	 4.404170	-5.156948	-7.257159	 12.914956	 2.226886	-5.069849
 5.593013	 16.346413	-2.175766	-2.161195	 6.309863	-0.876358	 4.401720	-5.514303	-7.228130	 12.863418	 2.203940	-4.799569
 5.570642	 15.782004	-2.167063	-2.152597	 5.909626	-0.897010	 3.891697	-5.681238	-7.199218	 11.312026	 1.688105	-4.655371
 5.548359	 15.469364	-2.158395	-2.144010	 5.698488	-0.905500	 3.629922	-5.753009	-7.170421	 10.516808	 1.427843	-4.574250
 5.526166	 15.282731	-2.149761	-2.135446	 5.581945	-0.907917	 3.492298	-5.777245	-7.141739	 10.099756	 1.295377	-4.524703
 4.504061	 12.159222	-1.641162	-1.626910	 4.012742	-1.407305	 2.416777	-4.277759	-6.113172	 5.871865	 0.226818	-2.990979
 3.986045	 10.579396	-1.384598	-1.370405	 3.223254	-1.653186	 1.876334	-3.522460	-5.588719	 3.754631	-0.305778	-2.221202
 2.720101	 5.771484	-0.754059	-1.239925	 1.323642	-1.272328	 0.603440	-2.639277	-4.816365	 1.692740	-1.070399	-1.333411
 2.084220	 3.365601	-0.438790	-1.172466	 0.374988	-1.080116	-0.031667	-2.194172	-4.422099	 0.661794	-1.449039	-0.889516
 1.263383	 0.660740	-0.281155	-1.136527	-0.598192	-0.482234	-0.847888	-1.968122	-2.216911	-1.853679	-1.134704	-0.167568
 0.852965	-0.687603	-0.202338	-1.116356	-1.081639	-0.183293	-1.252670	-1.851613	-1.114317	-3.102677	-0.975896	 0.192297
 0.147756	-2.857702	-0.162930	-0.604078	-2.320232	-0.533823	-1.951746	-1.289888	-0.063019	-3.718473	-0.894858	 0.371125
-0.203734	-3.932696	-0.143225	-0.347939	-2.932411	-0.707319	-2.295982	-1.007569	 0.460653	-4.017702	-0.852711	 0.459440
-0.378368	-4.460178	-0.133373	-0.219870	-3.231411	-0.792305	-2.462820	-0.864960	 0.720520	-4.158683	-0.830016	 0.502501
-0.464580	-4.713943	-0.128447	-0.155835	-2.873851	-0.333044	-2.040979	-0.792210	 0.848493	-4.220574	-1.317055	 0.522941
-0.506584	-4.830890	-0.125984	-0.123818	-2.690038	-0.103413	-1.826821	-0.754396	 0.910526	-4.242955	-1.556965	 0.532074
-0.526489	-4.879468	 0.375248	-0.107809	-2.593119	 0.011402	-2.216516	-0.734056	 0.939598	-4.245615	-1.173327	 0.535558
-0.535348	-4.893901	 0.624110	-0.099805	-2.539667	 0.068810	-2.406152	-0.722459	 0.952196	-4.238448	-0.979929	 0.536222
-1.038690	-4.891301	 0.746796	-0.095802	-2.507969	 0.097513	-1.995778	-0.215238	 0.956566	-4.226402	-0.881656	 0.535480
-1.287276	-4.880224	 0.806400	-0.093801	-2.487167	 0.111865	-1.787420	 0.038372	 0.956829	-4.211950	-0.830953	 0.534040
-0.908498	-4.864946	 0.834470	-0.092801	-2.471833	 0.119041	-1.680083	 0.165177	 0.955046	-4.196329	-0.804041	 1.032254
-0.718049	-4.847609	 0.846779	-0.092301	-2.459254	 0.122629	-1.623269	 0.228580	 0.952248	-4.180158	-0.789031	 1.278301
-0.621770	-4.829279	 0.851216	-0.092050	-2.448070	 0.124423	-1.591729	 0.260281	 0.948951	-4.163744	-0.779978	 1.398275
-0.572579	-4.810492	 0.851723	-0.091925	-2.437605	 0.125320	-1.572839	 0.276132	 0.945410	-4.147242	-0.773909	 0.955226
-0.546937	-4.791516	 0.850272	-0.091863	-2.427518	 0.125769	-1.560286	 0.284057	 0.941757	-4.130730	-0.769340	 0.732677
-0.533073	-4.772482	 0.347849	-0.091832	-2.417640	 0.125993	-2.050914	 0.288019	 0.938053	-4.114245	-0.765525	 0.620382
-0.525103	-4.753459	 0.096638	-0.091816	-2.407885	 0.126105	-2.291145	 0.290001	 0.934333	-4.097807	-0.762094	 0.563219
-0.520083	-4.734478	 0.471032	-0.091808	-2.398211	 0.126161	-1.906197	 0.290991	 0.930612	-4.081426	-0.758862	 0.533625
-0.516544	-4.715557	 0.656538	-0.091804	-2.388597	 0.126189	-1.710681	 0.291487	 0.926897	-4.065105	-0.755734	 0.517820
-1.013748	-4.696703	 0.747607	-0.091802	-2.379033	 0.126203	-1.609893	 0.291734	 0.923194	-4.048847	-0.752665	 1.008913
-1.259328	-4.677920	 0.791464	-0.091801	-2.369511	 0.126210	-1.556480	 0.291858	 0.919503	-4.032653	-0.749631	 1.251460
-1.379108	-4.659210	 0.811722	-0.091801	-2.360030	 0.126214	-1.526768	 0.291920	 0.915826	-4.016523	-0.746621	 1.369745
-0.936000	-4.640575	 0.820187	-0.091801	-2.350589	 0.126216	-1.508918	 0.291951	 0.912163	-3.500457	-0.743629	 0.925912
-0.714447	-4.622013	 0.822762	-0.091800	-2.341186	 0.126216	-1.497010	 0.291967	 0.908515	-3.236455	-0.740652	 0.703995
-0.603670	-4.103525	 0.822399	-0.091800	-2.331821	 0.126217	-1.488087	 0.291974	 0.904881	-3.598509	-0.737688	 0.593037
-0.548281	-3.837111	 0.820574	-0.091800	-2.322494	 0.126217	-1.480666	 0.291978	 0.901261	-3.771615	-0.734736	 0.537558
-0.520587	-3.696763	 0.818023	-0.091800	-2.313203	 0.126217	-1.474010	 0.291980	 0.897656	-3.350279	-0.731797	 0.509818
-0.506740	-3.619476	 0.815117	-0.091800	-2.303951	 0.126217	-1.467747	 0.291981	 0.894066	-3.133753	-0.728870	 0.495948
-0.999816	-3.573748	 0.812040	-0.091800	-1.794735	 0.126217	-1.461692	 0.291982	 0.890489	-3.519655	-0.725954	 0.489014
-1.243369	-3.543828	 0.808883	-0.091800	-1.537556	 0.126217	-1.455754	 0.291982	 0.886928	-3.704795	-0.723050	 0.485546
-1.362171	-3.521840	 0.805693	-0.091800	-1.406406	 0.126217	-1.449885	 0.291982	 0.883380	-3.789586	-0.720158	 0.483812
-1.418610	-3.503846	 0.802494	-0.091800	-1.838280	 0.126217	-1.444062	 0.291982	 0.879846	-3.324232	-0.717277	 0.482945
-1.443880	-3.487878	 0.799295	-0.091800	-2.049677	 0.126217	-1.438275	 0.291982	 0.876327	-3.085837	-0.714408	 0.482512
-0.953576	-3.472950	 0.796104	-0.091800	-2.150853	 0.126217	-1.432516	 0.291982	 0.872822	-2.960945	-0.711551	 0.482295
-0.708425	-3.458570	 0.792922	-0.091800	-2.196937	 0.126217	-1.426783	 0.291982	 0.869330	-2.892827	-0.708704	 0.482187
-0.585849	-3.444491	 0.789752	-0.091800	-2.215493	 0.126217	-1.421074	 0.291982	 0.865853	-2.853118	-0.705870	 0.982133
-0.524561	-3.430591	 0.786593	-0.091800	-2.220303	 0.126217	-1.415389	 0.291982	 0.862390	-2.827637	-0.703046	 1.229142
-0.993917	-3.416808	 0.783447	-0.091800	-2.218258	 0.126217	-1.409727	 0.291982	 1.358940	-2.809293	-0.700234	 1.349694
-1.225668	-3.403110	 0.780314	-0.091800	-2.212803	 0.126217	-1.404088	 0.291982	 1.603504	-2.794538	-0.697433	 1.407029
-1.338629	-3.389482	 0.777193	-0.091800	-2.205661	 0.126217	-1.398472	 0.291982	 1.722090	-2.781602	-0.694643	 1.432768
-1.392206	-3.375917	 0.774084	-0.091800	-2.197692	 0.126217	-1.392878	 0.291982	 1.277702	-2.769596	-0.691865	 0.942721
-1.416104	-3.362409	 0.770988	-0.091800	-2.189329	 0.126217	-1.387306	 0.291982	 1.053841	-2.758078	-0.689097	 0.697697
-1.425172	-3.348958	 0.767904	-0.091800	-1.680785	 0.126217	-1.381757	 0.291982	 0.940251	-2.746826	-0.686341	 0.575185
-1.426838	-3.335561	 0.764832	-0.091800	-1.424169	 0.126217	-1.376230	 0.291982	 0.881802	-2.735728	-0.683595	 0.513929
-1.424814	-3.322218	 0.761773	-0.091800	-1.793526	-0.373783	-1.370725	 0.791982	 1.350931	-2.724731	-0.680861	 0.483301
-1.420956	-3.308929	 0.758726	-0.091800	-1.973878	-0.622035	-1.365242	 1.039398	 1.581856	-2.713804	-0.678138	 0.467987
-1.416193	-3.295693	 0.755691	-0.091800	-1.559746	-0.244421	-1.359781	 0.660533	 1.693692	-3.202935	-0.675425	 0.460330
-1.410989	-3.282511	 0.752668	-0.091800	-1.350389	-0.055614	-1.354342	 0.471100	 1.746000	-3.440117	-0.672723	 0.456502
-1.405575	-3.269381	 0.749657	 0.408200	-1.243428	 0.038790	-1.348925	 0.376383	 0.768557	-3.051353	-0.670032	 0.454587
-1.400068	-3.256303	 0.746659	 0.656383	-1.187675	 0.085992	-1.343529	 0.329025	 0.279835	-2.851646	-0.667352	 0.453630
-1.394525	-3.243278	 0.743672	 0.778666	-1.157534	 0.109593	-1.338155	 0.305346	 0.035474	-2.746488	-0.664683	 0.453152
-1.388976	-3.230305	 0.740697	 0.338005	-1.640209	 0.121393	-1.332802	 0.293507	 0.913294	-2.688627	-0.662024	 0.952913
-1.383434	-3.217383	 0.737735	 0.117675	-1.877301	 0.127293	-1.327471	 0.287587	 1.348622	-2.654435	-0.659376	 1.199888
-1.377908	-3.204514	 0.734784	 0.007510	-1.491618	 0.130243	-1.322161	 0.784627	 1.062717	-2.632098	-0.656739	 1.320481
-1.372400	-3.191696	 0.731845	-0.047573	-1.296565	 0.131718	-1.316873	 1.030584	 0.918212	-2.615710	-0.654112	 1.377896
-0.866912	-3.178929	 0.728917	 0.424886	-1.196835	 0.132456	-1.311605	 1.151009	 1.344412	-2.602318	-0.651495	 1.403733
-0.614168	-3.166213	 0.726001	 0.659321	-1.144776	 0.132825	-1.306359	 1.208679	 1.553970	-2.590443	-0.648889	 1.413792
-0.487796	-3.153548	 0.723097	 0.774751	-1.116561	 0.133009	-0.801133	 1.234981	 1.655222	-3.079349	-0.646294	 1.415974
-0.424610	-3.140934	 0.720205	 0.830685	-1.100277	 0.133101	-0.548521	 1.245609	 1.702336	-3.316666	-0.643708	 1.414229
-0.393017	-3.128371	 0.717324	 0.856879	-1.089967	 0.133147	-0.422214	 1.248411	 1.722393	-3.428216	-0.641134	 1.410531
-0.377220	-3.115857	 0.714455	 0.368210	-1.582652	 0.133171	-0.859061	 1.247310	 1.228937	-2.976911	-0.638569	 1.405868
-0.369322	-3.103394	 0.711597	 0.123876	-1.824845	 0.133182	-1.074893	 1.244266	 0.980738	-2.746208	-0.636015	 1.400735
-0.865373	-3.090980	 0.708751	 0.001708	-1.441807	 0.133188	-1.180227	 1.240262	 0.855174	-2.625825	-0.633471	 1.395377
-1.110676	-3.078616	 0.705916	-0.059375	-1.248170	 0.133191	-1.230323	 1.235788	 0.790932	-2.560623	-0.630937	 1.389918
-0.730615	-3.066302	 0.703092	 0.410083	-1.149243	 0.133192	-0.752810	 1.231088	 0.757358	-3.023031	-0.628413	 0.884419
-0.540585	-3.054036	 0.700280	 0.643053	-1.097678	 0.133193	-0.514054	 1.226285	 0.739123	-3.247264	-0.625899	 0.631670
-0.945570	-3.041820	 0.697479	 0.257786	-1.069804	 0.133193	-0.894676	 1.221441	 0.728564	-2.852438	-0.623396	 0.505295
-1.145361	-3.029653	 0.694689	 0.065152	-1.053783	 0.133193	-1.082436	 1.216586	 0.721849	-2.650109	-0.620902	 0.442108
-1.242566	-3.017534	 0.691910	-0.031165	-1.043697	 0.133193	-1.173776	 1.211734	 0.717061	-2.544050	-0.618419	 0.410514
-0.788489	-3.005464	 0.689142	-0.079323	-1.036587	 0.133194	-0.716915	 1.206895	 1.213242	-2.486144	-0.615945	 0.894718
-0.561451	-2.993442	 0.686386	-0.103402	-1.030973	 0.133194	-0.488485	 1.202071	 1.457914	-2.452334	-0.613481	 1.134061
-0.947932	-2.981469	 0.683640	-0.115442	-1.026115	 0.133194	-0.374270	 1.197265	 1.576845	-2.430593	-0.611027	 1.250986
-1.138503	-2.969543	 0.680906	-0.121461	-1.021643	 0.133194	-0.317163	 1.192477	 1.632919	-2.414904	-0.608583	 1.306713
-1.231131	-2.957665	 0.678182	-0.124471	-1.517373	 0.133194	-0.788609	 1.187707	 1.657578	-2.402261	-0.606149	 0.831852
-1.274797	-2.945834	 0.675469	-0.125976	-1.761212	 0.133194	-1.021812	 1.182957	 1.666543	-2.391161	-0.603724	 0.594421
-1.293993	-2.934051	 0.672767	-0.126729	-1.379121	 0.133194	-1.135903	 1.178225	 1.167674	-2.380850	-0.601309	 0.475706
-1.300965	-2.922314	 0.670076	-0.127105	-1.186082	 0.133194	-1.190449	 1.173512	 0.916902	-2.370954	-0.598904	 0.416348
-1.301835	-2.910625	 0.667396	-0.127293	-1.087576	 0.133194	-1.215232	 1.168818	 0.790184	-2.361284	-0.596509	 0.386669
-1.299665	-2.898983	 0.664726	-0.127387	-1.036345	 0.133194	-0.725143	 1.164143	 1.225498	-2.351745	-0.594122	 0.871830
-1.295985	-2.887387	 0.662068	-0.127434	-1.008759	 0.133194	-0.480099	 1.159486	 1.439833	-2.342292	-0.591746	 1.111696
-0.791560	-2.875837	 0.659419	 0.372542	-0.993004	 0.133194	-0.857577	 1.154848	 1.543693	-2.332899	-0.589379	 1.228926
-0.539347	-2.864334	 0.656782	 0.620785	-0.983172	 0.133194	-1.043846	 1.150229	 1.592327	-2.323556	-0.587021	 1.284849
-0.913241	-2.852876	 0.654154	 0.743169	-0.976309	 0.133194	-1.134520	 1.145628	 1.613363	-2.314256	-0.584673	 1.310128
-1.097614	-2.841465	 0.651538	 0.802630	-0.970939	 0.133194	-1.177407	 1.141046	 1.620611	-2.304996	-0.582335	 1.320097
-1.187236	-2.830099	 0.648932	 0.330636	-0.966323	 0.133194	-1.196409	 1.136481	 1.620980	-2.295775	-0.580005	 0.822422
-1.229494	-2.818779	 0.646336	 0.094639	-0.962091	 0.133194	-1.203480	 1.131936	 1.617922	-2.286591	-0.577685	 0.573584
-1.248079	-2.807504	 0.643751	-0.023360	-0.958060	 0.133194	-1.204594	 1.127408	 1.613163	-2.277444	-0.575375	 0.449165
-1.254838	-2.796274	 0.641176	 0.417641	-0.954136	-0.366806	-1.202740	 1.122898	 1.607567	-2.268334	-0.573073	 0.886956
-1.255695	-2.785089	 0.638611	 0.636424	-0.950274	-0.615073	-1.199411	 1.118407	 1.601565	-2.259261	-0.570781	 1.103202
-1.253610	-2.773948	 0.636056	 0.744105	-1.446450	-0.237479	-0.695354	 1.113933	 1.595372	-2.250224	-0.568498	 1.208686
-1.250064	-2.762852	 0.633512	 0.796242	-1.690652	-0.048683	-0.443326	 1.109477	 1.589098	-2.241223	-0.566224	 1.258799
-1.245799	-2.751801	 0.630978	 0.820614	-1.308884	 0.045716	-0.317312	 1.105039	 1.582795	-2.232258	-0.563959	 1.281238
-1.241183	-2.740794	 0.628454	 0.831110	-1.116146	 0.092915	-0.254305	 1.100619	 1.576491	-2.223329	-0.561703	 1.289850
-0.736401	-2.729831	 0.625940	 0.834675	-1.017930	 0.116515	-0.722801	 1.096217	 1.070198	-2.214435	-0.559456	 0.791560
-0.484011	-2.718911	 0.623437	 0.834781	-0.966982	 0.128314	-0.954667	 1.091832	 0.815924	-2.205578	-0.557218	 0.542414
-0.357816	-2.708036	 0.620943	 0.833164	-0.939676	 0.134214	-1.068226	 1.087464	 0.687664	-2.196755	-0.554989	 0.417841
-0.794718	-2.697203	 0.618459	 0.830692	-0.924199	 0.137164	-0.622643	 1.083115	 1.122415	-2.187968	-0.552770	 0.355555
-1.010706	-2.686415	 0.615985	 0.827800	-0.914643	 0.138639	-0.399851	 1.078782	 1.336676	-2.179216	-0.550558	 0.324412
-0.616247	-2.675669	 0.613521	 0.324704	-1.408054	 0.139377	-0.288455	 1.074467	 1.440705	-2.170500	-0.548356	 0.308840
-0.419017	-2.664966	 0.611067	 0.073156	-1.650957	 0.139745	-0.232757	 1.070169	 1.489629	-2.161818	-0.546163	 0.301054
-0.820402	-2.654306	 0.608623	 0.447382	-1.268621	 0.139930	-0.704908	 1.065888	 1.511015	-2.153170	-0.543978	 0.297162
-1.018651	-2.643689	 0.606189	 0.632852	-1.075680	 0.140022	-0.938629	 1.061625	 1.518643	-2.144558	-0.541802	 0.295215
-0.615342	-2.633114	 0.603764	 0.723950	-0.977444	 0.140068	-0.553145	 1.057378	 1.519404	-2.135979	-0.539635	 0.794242
-0.413687	-2.622582	 0.601349	 0.767869	-0.926568	 0.140091	-0.360403	 1.053149	 1.516744	-2.127435	-0.537476	 1.041169
-0.312860	-2.612092	 0.598943	 0.788205	-0.899379	 0.140103	-0.264032	 1.048936	 1.512386	-2.118926	-0.535327	 1.162056
-0.762446	-2.601643	 0.596548	 0.796756	-0.884039	 0.140108	-0.215847	 1.044741	 0.507191	-2.110450	-0.533185	 1.219934
-0.984815	-2.591237	 0.594161	 0.799421	-0.874632	 0.140111	-0.191754	 1.040562	 0.004594	-2.102008	-0.531053	 1.246317
-0.593585	-2.580872	 0.591785	 0.799149	-1.368198	 0.140113	-0.179708	 1.036399	 0.753295	-2.093600	-0.528928	 1.256963
-0.397970	-2.570548	 0.589418	 0.797416	-1.611258	 0.140113	-0.173685	 1.032254	 1.124642	-2.085226	-0.526813	 1.259751
-0.800163	-2.560266	 0.587060	 0.794957	-1.729079	 0.140114	-0.670673	 1.028125	 1.307323	-2.076885	-0.524705	 1.258620
-0.998855	-2.550025	 0.584712	 0.792143	-1.784296	 0.140114	-0.916832	 1.024012	 1.395684	-2.068577	-0.522607	 1.255539
-0.595805	-2.539825	 0.582373	 0.789158	-1.308225	 0.140114	-0.537585	 1.019916	 1.436896	-2.060303	-0.520516	 1.251494
-0.394281	-2.529666	 0.580043	 0.786092	-1.068526	 0.140114	-0.347962	 1.015837	 1.454546	-2.052062	-0.518434	 1.246977
-0.293518	-2.519547	 0.577723	 0.782994	-0.947018	 0.140114	-0.253150	 1.011773	 1.460426	-2.043854	-0.516360	 1.242233
-0.243137	-2.509469	 0.575412	 0.779885	-0.884613	 0.140114	-0.205745	 1.007726	 0.960434	-2.035678	-0.514295	 0.737386
-0.217946	-2.499431	 0.573111	 0.776777	-0.851767	 0.140114	-0.182042	 1.003695	 0.710438	-2.027535	-0.512238	 0.484963
-0.205351	-2.489433	 0.570818	 0.273675	-0.833705	 0.140114	-0.170190	 0.999680	 1.085440	-2.019425	-0.510189	 0.858751
-0.199054	-2.479475	 0.568535	 0.022125	-0.823043	 0.140114	-0.164265	 0.995682	 1.270020	-2.011348	-0.508148	 1.043180
-0.695905	-2.469558	 0.566261	-0.103651	-0.816088	 0.140114	-0.661302	 0.991699	 1.359401	-2.503302	-0.506115	 1.132939
-0.941945	-2.459679	 0.563996	-0.166539	-0.810992	 0.140114	-0.907504	 0.987732	 1.401194	-2.743289	-0.504091	 1.175374
-1.062589	-2.449841	 0.561740	 0.302018	-0.806832	 0.140114	-0.528297	 0.983781	 1.419204	-2.357316	-0.502075	 1.194155
-1.120544	-2.440041	 0.559493	 0.534755	-0.803146	 0.140114	-0.338694	 0.979846	 1.425335	-2.160387	-0.500066	 1.201120
-1.147165	-2.430281	 0.557255	 0.649588	-0.799705	 0.140114	-0.243892	 0.975927	 1.425537	-2.057995	-0.499062	 1.202186
-0.658128	-2.420560	 0.555026	 0.705476	-0.796392	 0.140114	-0.196491	 0.972023	 1.422787	-2.002888	-0.498560	 1.200313
-0.413609	-2.410878	 0.552806	 0.731897	-0.793149	 0.140114	-0.172791	 0.968135	 1.418572	-1.971439	-0.498309	 1.196979
-0.291350	-2.401234	 0.550594	 0.743591	-0.789948	 0.140114	-0.660941	 0.964262	 1.413636	-1.951834	-0.498183	 1.192925
-0.230220	-2.391629	 0.548392	 0.747928	-0.786773	 0.140114	-0.902718	 0.960405	 1.408350	-1.938168	-0.498121	 1.188521
-0.699656	-2.382063	 0.546199	 0.748591	-0.783619	 0.140114	-0.521317	 0.956564	 0.902901	-1.927485	-0.498089	 1.183950
-0.932035	-2.372535	 0.544014	 0.747425	-0.780481	 0.140114	-0.330617	 0.952737	 0.650177	-1.918311	-0.498074	 1.179306
-1.045896	-2.363044	 0.541838	 0.245349	-1.277357	 0.140114	-0.735266	 0.948926	 1.023814	-1.909905	-0.498066	 1.174635
-1.100507	-2.353592	 0.539670	-0.005689	-1.522247	 0.140114	-0.935312	 0.945131	 1.207838	-1.901899	-0.498062	 1.169959
-1.125502	-2.344178	 0.537512	-0.131208	-1.641158	 0.140114	-1.033063	 0.941350	 1.297067	-1.894108	-0.498060	 1.165291
-1.135699	-2.334801	 0.535362	 0.306032	-1.197093	 0.140114	-0.579678	 0.437585	 1.338908	-1.886440	-0.498059	 1.160635
-1.138505	-2.325462	 0.533220	 0.523166	-0.973554	 0.140114	-0.352985	 0.185702	 1.357068	-1.878849	-0.498058	 1.155996
-0.637626	-2.316160	 0.531087	 0.630252	-0.860285	 0.140114	-0.239638	 0.559761	 1.363397	-2.371311	-0.498058	 0.651373
-0.387186	-2.306895	 0.528963	 0.682321	-0.802156	 0.140114	-0.182965	 0.744922	 1.363822	-2.611814	-0.498058	 0.399062
-0.761966	-2.297668	 0.526847	 0.206886	-0.771604	 0.140114	-0.154629	 0.835643	 1.361306	-2.726361	-0.498058	 0.772906
-0.947083	-2.288477	 0.524740	-0.030831	-0.754846	 0.140114	-0.140460	 0.879151	 1.357330	-2.777953	-0.498058	 0.957535
-1.037377	-2.279323	 0.522641	 0.350310	-0.744990	 0.140114	-0.133376	 0.899059	 1.352636	-2.298089	-0.498058	 1.047565
-1.080268	-2.270206	 0.520550	 0.539418	-0.738592	 0.140114	-0.129834	 0.907176	 1.347593	-2.054521	-0.498058	 1.090305
-1.099468	-2.261125	 0.518468	 0.632515	-0.733929	 0.140114	-0.128063	 0.909403	 1.342386	-1.929115	-0.498058	 1.109408
-1.106830	-2.252081	 0.516394	 0.677612	-0.730139	 0.140114	-0.127177	 0.908694	 1.337108	-1.862805	-0.498058	 1.116703
-1.108283	-2.243072	 0.514329	 0.698715	-0.726791	 0.140114	-0.126735	 0.906523	 1.331806	-1.826057	-0.498058	 1.118103
-1.106790	-2.234100	 0.512271	 0.707827	-0.723670	 0.140114	-0.126513	 0.903629	 1.326502	-1.804104	-0.498058	 1.116563
-1.103833	-2.225164	 0.510222	 0.710949	-0.720669	 0.140114	-0.126403	 0.900380	 1.321207	-1.789563	-0.498058	 1.113564
-1.100153	-2.216263	 0.508181	 0.711082	-0.717733	 0.140114	-0.126347	 0.896962	 1.315928	-1.778743	-0.498058	 1.109843
-1.096120	-2.207398	 0.506148	 0.709726	-0.714835	 0.140114	-0.126320	 0.893466	 1.310667	-1.769797	-0.498058	 1.105770
-1.091919	-2.198568	 0.504124	 0.707632	-0.711962	 0.140114	-0.126306	 0.889937	 1.305426	-1.761802	-0.498058	 1.101530
-1.087643	-2.189774	 0.502107	 0.705173	-0.709108	 0.140114	-0.126299	 0.886401	 1.300205	-1.754297	-0.498058	 1.097216
-1.083338	-2.181015	 0.500099	 0.702538	-0.706268	 0.140114	-0.126295	 0.882866	 1.295005	-1.747051	-0.498058	 1.092873
-1.079028	-2.172291	 0.499095	 0.699821	-0.703441	 0.140114	-0.126294	 0.879341	 1.289825	-1.739949	-0.498058	 1.088524
-1.074723	-2.163602	 0.498593	 0.697069	-0.700627	 0.140114	-0.126293	 0.875826	 1.284665	-1.732932	-0.498058	 1.084182
-0.570430	-2.154947	 0.498342	 0.194304	-0.697824	 0.140114	-0.126292	 0.872324	 1.279527	-1.725971	-0.498058	 1.079851
-0.318284	-2.146328	 0.498216	-0.057079	-0.695032	 0.140114	-0.126292	 0.868836	 1.274409	-1.719053	-0.498058	 1.075534
-0.692210	-2.137742	 0.498153	 0.317230	-0.692252	 0.140114	-0.126292	 0.865361	 1.269311	-1.712170	-0.498058	 1.071233
-0.877041	-2.129191	 0.498122	 0.503001	-0.689483	 0.140114	-0.126292	 0.861899	 1.264234	-1.705317	-0.498058	 1.066949
-0.467333	-2.120674	 0.498106	 0.094509	-0.686725	 0.140114	-0.126292	 0.858452	 1.259177	-1.698494	-0.498058	 1.062682
-0.262479	-2.112192	 0.498098	-0.109737	-0.683978	 0.140114	-0.126292	 0.855018	 1.254140	-1.691700	-0.498058	 1.058431
-0.660052	-2.103743	 0.498094	 0.288140	-0.681242	 0.140114	-0.126292	 0.851598	 1.249124	-2.184932	-0.498058	 1.054197
-0.856723	-2.095328	 0.498093	 0.485707	-0.678517	 0.140114	-0.126292	 0.848192	 1.244127	-2.426192	-0.498058	 1.049981
-0.952952	-2.086947	 0.498092	 0.583123	-0.675803	 0.140114	-0.126292	 0.844799	 1.239151	-2.541487	-0.498058	 1.045781
-0.998968	-2.078599	 0.498091	 0.130471	-0.673100	 0.140114	-0.126292	 0.841420	 1.234194	-2.093821	-0.498058	 1.041598
-1.019886	-2.070285	 0.498091	-0.095856	-0.670408	 0.140114	-0.126292	 0.838054	 1.229257	-1.866696	-0.498058	 1.037431
-1.028264	-2.062003	 0.498091	 0.290981	-0.667726	 0.140114	-0.126292	 0.834702	 1.224340	-2.249854	-0.498058	 1.033282
-1.030379	-2.053755	 0.498091	 0.483044	-0.665055	 0.140114	-0.126292	 0.831363	 1.219443	-2.436167	-0.498058	 1.029148
-1.029372	-2.045540	 0.498091	 0.577725	-0.662395	 0.140114	-0.126292	 0.828038	 1.214565	-2.024079	-0.498058	 0.525032
-1.026811	-2.037358	 0.498091	 0.623721	-0.659745	 0.140114	-0.126292	 0.824725	 1.209707	-1.814811	-0.498058	 0.272974
-1.023483	-2.029209	 0.498091	 0.645379	-0.657106	 0.140114	-0.126292	 0.821427	 1.204868	-1.706966	-0.498058	 0.646944
-1.019778	-2.021092	 0.498091	 0.654874	-0.654478	 0.140114	-0.126292	 0.818141	 1.200049	-1.649845	-0.498058	 0.831888
-1.015894	-2.013008	 0.498091	 0.658293	-0.651860	 0.140114	-0.126292	 0.814868	 1.195248	-1.618099	-0.498058	 0.922326
-1.011927	-2.004956	 0.498091	 0.658679	-0.649252	 0.140114	-0.126292	 0.811609	 1.190467	-1.599053	-0.498058	 0.965520
-1.007928	-1.996936	 0.498091	 0.657554	-0.646655	 0.140114	-0.126292	 0.808362	 1.185706	-1.586370	-0.498058	 0.985099
-1.003921	-1.988948	 0.498091	 0.655679	-0.644069	 0.140114	-0.126292	 0.805129	 1.180963	-2.076882	-0.498058	 0.992879
-0.999917	-1.980992	 0.498091	 0.653433	-0.641493	 0.140114	-0.126292	 0.801908	 1.176239	-2.317002	-0.498058	 0.994768
-0.995924	-1.973068	 0.498091	 0.651008	-0.138927	 0.140114	-0.626292	 0.798701	 1.171534	-1.931949	-0.498058	 0.993719
-0.991943	-1.965176	 0.498091	 0.648499	 0.112356	 0.140114	-0.874039	 0.795506	 1.166848	-1.736328	-0.498058	 0.991210
-0.987977	-1.957315	 0.498091	 0.645952	-0.262002	 0.140114	-0.495669	 0.792324	 1.162180	-1.635436	-0.498058	 0.987977
-0.984026	-1.949486	 0.498091	 0.643392	-0.447909	 0.140114	-0.306485	 0.789155	 1.157532	-1.581921	-0.498058	 0.984392
-0.980090	-1.941688	 0.498091	 0.640830	-0.539594	 0.140114	-0.211892	 0.785998	 1.152902	-1.552107	-0.498058	 0.980637
-0.476170	-1.933921	 0.498091	 0.638272	-0.584175	 0.140114	-0.164596	 0.782854	 1.148290	-1.534155	-0.498058	 0.976806
-0.224210	-1.926186	 0.498091	 0.635722	-0.605207	 0.140114	-0.140948	 0.779723	 1.143697	-1.522147	-0.498058	 0.972945
-0.598230	-1.918481	 0.498091	 0.633181	-0.614471	 0.140114	-0.129124	 0.776604	 1.139122	-1.513122	-0.498058	 0.969076
-0.783295	-1.910807	 0.498091	 0.630649	-0.617855	 0.140114	-0.123212	 0.773497	 1.134565	-1.505602	-0.498058	 0.965211
-0.873891	-1.903164	 0.498091	 0.628127	-0.618305	 0.140114	-0.120256	 0.770403	 1.130027	-1.498846	-0.498058	 0.961356
-0.917260	-1.895551	 0.498091	 0.625614	-0.617293	 0.140114	-0.118778	 0.767322	 1.125507	-1.492483	-0.498058	 0.957513
-0.937024	-1.887969	 0.498091	 0.623112	-0.115554	 0.140114	-0.118039	 0.764252	 1.121005	-1.486330	-0.498058	 0.953685
-0.944992	-1.880417	 0.498091	 0.620620	 0.135316	 0.140114	-0.117669	 0.761195	 1.116521	-1.480293	-0.498058	 0.949871
-0.947070	-1.872895	 0.498091	 0.618137	 0.260750	 0.140114	-0.117484	 0.758151	 1.112055	-1.474326	-0.498058	 0.946072
-0.946210	-1.865404	 0.498091	 0.615665	-0.176532	 0.140114	-0.117392	 0.755118	 1.107607	-1.468406	-0.498058	 0.942287
-0.943890	-1.857942	 0.498091	 0.613202	-0.393946	 0.140114	-0.117346	 0.752098	 1.103176	-1.462520	-0.498058	 0.938518
-0.940847	-1.850510	 0.498091	 0.610749	-0.501430	 0.140114	-0.117323	 0.749089	 1.098764	-1.456665	-0.498058	 0.934764
-0.937450	-1.843108	 0.498091	 0.608306	-0.553954	 0.140114	-0.117311	 0.746093	 1.094369	-1.450835	-0.498058	 0.931025
-0.933883	-1.835736	 0.498091	 0.605873	-0.579003	 0.140114	-0.117305	 0.743108	 1.089991	-0.945030	-0.498058	 0.927301
-0.930239	-1.828393	 0.498091	 0.603449	-0.590320	 0.140114	-0.117302	 0.740136	 1.085631	-0.692128	-0.498058	 0.923592
-0.926564	-1.821079	 0.498091	 0.601036	-0.594775	 0.140114	-0.117301	 0.737175	 1.081289	-1.065677	-0.498058	 0.919898
-0.922880	-1.813795	 0.498091	 0.598631	-0.595804	 0.140114	-0.117300	 0.734227	 1.076963	-1.249573	-0.498058	 0.916218
-0.919200	-1.806540	 0.498091	 0.596237	-0.595125	 0.140114	-0.117300	 0.731290	 1.072656	-1.338654	-0.498058	 0.912553
-0.915529	-1.799314	 0.498091	 0.593852	-0.093596	 0.140114	-0.117300	 0.728365	 1.068365	-0.880339	-0.498058	 0.908903
-0.911870	-1.792116	 0.498091	 0.591477	 0.157168	 0.140114	-0.117300	 0.725451	 1.064092	-0.651181	-0.498058	 0.905267
-0.408224	-1.784948	 0.498091	 0.589111	-0.217450	 0.140114	-0.617300	 0.722549	 1.059835	-1.036603	-0.498058	 0.901646
-0.156401	-1.777808	 0.498091	 0.586754	-0.403575	 0.140114	-0.865065	 0.719659	 1.055596	-1.226469	-0.498058	 0.898040
-0.030489	-1.770697	 0.498091	 0.584407	 0.004542	 0.140114	-0.986722	 0.716781	 1.051373	-1.318570	-0.498058	 0.894448
 0.032466	-1.763614	 0.498091	 0.582070	 0.208601	 0.140114	-1.045334	 0.713914	 1.047168	-1.361799	-0.498058	 0.890870
-0.436056	-1.756560	 0.498091	 0.579741	-0.189370	-0.359886	-0.572432	 0.711058	 1.042979	-1.380603	-0.498058	 0.887306
-0.668508	-1.749533	 0.498091	 0.577422	-0.387181	-0.608166	-0.335981	 0.708214	 1.038807	-1.387207	-0.498058	 0.883757
-0.782932	-1.742535	 0.498091	 0.575113	-0.484916	-0.730593	-0.217755	 0.705381	 1.034652	-1.387721	-0.498058	 0.880222
-0.838349	-1.735565	 0.498091	 0.572812	-0.032618	-0.290101	-1.158643	 0.702559	 1.030514	-1.385201	-0.498058	 0.876701
-0.864270	-1.728623	 0.498091	 0.570521	 0.193530	-0.069855	-1.624887	 0.699749	 1.026391	-1.381176	-0.498058	 0.873194
-0.375450	-1.721708	 0.498091	 0.568239	 0.306605	 0.040268	-0.853827	 0.696950	 1.022286	-1.376409	-0.498058	 0.869702
-0.131040	-1.714822	 0.498091	 0.565966	 0.363142	 0.095330	-0.468297	 0.694162	 1.018197	-1.371283	-0.498058	 0.866223
-0.008835	-1.707962	 0.498091	 0.563702	 0.391411	-0.377139	-0.275532	 0.691386	 1.014124	-1.365987	-0.498058	 0.862758
 0.052267	-1.701130	 0.498091	 0.561447	 0.405545	-0.611675	-0.179150	 0.688620	 1.010067	-1.360618	-0.498058	 0.859307
-0.417182	-1.694326	 0.498091	 0.559201	 0.412612	-0.227250	-0.130958	 0.685866	 1.006027	-1.355223	-0.498058	 0.855870
-0.650133	-1.687549	 0.498091	 0.556965	 0.416146	-0.035038	-0.106863	 0.683122	 1.002003	-1.349825	-0.498058	 0.852446
-0.764842	-1.680798	 0.498091	 0.554737	 0.417912	 0.061069	-0.094815	 0.680390	 0.997995	-1.344438	-0.498058	 0.849036
-0.320438	-1.674075	 0.498091	 0.552518	-0.081204	 0.109122	-0.588791	 0.677668	 0.994003	-1.339066	-0.498058	 0.845640
-0.098236	-1.667379	 0.498091	 0.550308	-0.329602	 0.133148	-0.833614	 0.674957	 0.990027	-1.333713	-0.498058	 0.842258
-0.487134	-1.660709	 0.498091	 0.548107	-0.452645	 0.145162	-0.953868	 0.672258	 0.986067	-1.328379	-0.498058	 0.838889
-0.679832	-1.654067	 0.498091	 0.545914	-0.513015	 0.151168	-1.011847	 0.669568	 0.982123	-1.323067	-0.498058	 0.835533
-0.774435	-1.647450	 0.498091	 0.543730	-0.042053	-0.345829	-0.538697	 0.666890	 0.978194	-1.317775	-0.498058	 0.832191
-0.819999	-1.640861	 0.498091	 0.541556	 0.193428	-0.592641	-0.302122	 0.664223	 0.974281	-1.312504	-0.498058	 0.828862
-0.841050	-1.134297	 0.498091	 0.539389	 0.311168	-0.214369	-0.183834	 1.161566	 0.970384	-1.307254	-0.498058	 0.825547
-0.849851	-0.879760	 0.498091	 0.537232	 0.370039	-0.025232	-0.124690	 1.406920	 0.966503	-1.302025	-0.498058	 0.822245
-0.352534	-1.251241	 0.498091	 0.535083	-0.100526	 0.069336	-0.095118	 1.526292	 0.962637	-1.296817	-0.498058	 0.818956
-0.103876	-1.433736	 0.498091	 0.532943	-0.334667	 0.116620	-0.080332	 1.082687	 0.958786	-1.291630	-0.498058	 0.815680
 0.020453	-1.521751	 0.498091	 0.530811	-0.450599	 0.140262	-0.072940	 0.859606	 0.954951	-1.286463	-0.498058	 0.812417
-0.417382	-1.562539	 0.498091	 0.528688	-0.507432	 0.152083	-0.069243	 0.746792	 0.951131	-1.281317	-0.498058	 0.809167
-0.634590	-1.079726	 0.498091	 0.526573	-0.034720	 0.157993	-0.567395	 0.689118	 0.947327	-0.776192	-0.498058	 0.805931
-0.741490	-0.837126	 0.498091	 0.524466	 0.201636	 0.160949	-0.814340	 0.659018	 0.943537	-0.523629	-0.498058	 0.802707
-0.793243	-1.214637	 0.498091	 0.022369	-0.180186	 0.162426	-0.435689	 0.642710	 0.939763	-0.397348	-0.498058	 0.799496
-0.817429	-1.400208	 0.498091	-0.228680	-0.369973	 0.163165	-0.246364	 0.633303	 0.936004	-0.334207	-0.498058	 0.796298
-0.327840	-1.489822	 0.498091	-0.354205	-0.463747	 0.163535	-1.151702	 0.627352	 0.932260	-0.802637	-0.498058	 0.793113
-0.083045	-1.531470	 0.498091	-0.416967	-0.509519	 0.163719	-1.600256	 0.623133	 0.928531	-1.034310	-0.498058	 0.789940
 0.039353	-1.549148	 0.498091	-0.448348	-0.531295	 0.163812	-1.820436	 0.619786	 0.924817	-1.147614	-0.498058	 0.786781
 0.100552	-1.554853	 0.498091	 0.035961	-0.041076	 0.163858	-1.426445	 0.616880	 0.921118	-1.201745	-0.498058	 0.783634
 0.131151	-1.554585	 0.498091	 0.277075	 0.204033	 0.163881	-1.227384	 0.614199	 0.917433	-1.226298	-0.498058	 0.780499
 0.146451	-1.551342	 0.498091	-0.103404	 0.326588	 0.163892	-0.625797	 0.611635	 0.913764	-1.236073	-0.498058	 0.777377
 0.154101	-1.546624	 0.498091	-0.293643	 0.387865	 0.163898	-0.325004	 0.609135	 0.910109	-1.238469	-0.498058	 0.774268
-0.342075	-1.041182	 0.498091	 0.111237	 0.418504	-0.336099	-0.174607	 0.606672	 0.906468	-1.237185	-0.498058	 0.771171
-0.588486	-0.787389	 0.498091	 0.312645	 0.433823	-0.584425	-0.099409	 0.604232	 0.902842	-1.234071	-0.498058	 0.768086
-0.710021	-1.159425	 0.498091	 0.412320	 0.441483	-0.206923	-0.561809	 0.601808	 0.899231	-1.230052	-0.498058	 0.765013
-0.769126	-1.342381	 0.498091	 0.461134	 0.445312	-0.018172	-0.790961	 0.599398	 0.895634	-1.225591	-0.498058	 0.761953
-0.797022	-1.430808	 0.498091	 0.484521	 0.447227	 0.076204	-0.903497	 0.596998	 0.892051	-1.220918	-0.498058	 0.758906
-0.809320	-1.471983	 0.498091	 0.495199	 0.448185	 0.123392	-0.457733	 0.594610	 0.888483	-1.216149	-0.498058	 0.255870
-0.813826	-1.489544	 0.498091	 0.499526	 0.448663	 0.146985	-0.234851	 0.592231	 0.884929	-1.211342	-0.498058	 0.004352
-0.814442	-1.495310	 0.498091	 0.500682	 0.448903	 0.158782	-0.123410	 0.589862	 0.881390	-1.206525	-0.498058	 0.378593
-0.813120	-1.495191	 0.498091	 0.500256	 0.449023	 0.164681	-0.067689	 0.587502	 0.877864	-1.201713	-0.498058	 0.564208
-0.810836	-1.492142	 0.498091	 0.000043	 0.449082	 0.167630	-0.039829	 0.585152	 0.874353	-0.696914	-0.498058	 0.655516
-0.808076	-1.487639	 0.498091	-0.249063	 0.449112	 0.169105	-0.025899	 0.582811	 0.870855	-0.444514	-0.498058	 0.699676
-0.805086	-1.482421	 0.498091	 0.126384	 0.449127	 0.169842	-0.518934	 0.580480	 0.867372	-0.818314	-0.498058	 0.720269
-0.801986	-1.476858	 0.498091	 0.313104	 0.449135	 0.170211	-0.763427	 0.578158	 0.863902	-1.002830	-0.498058	 0.729083
-0.798839	-1.471133	 0.498091	 0.406464	 0.449138	 0.170395	-0.883658	 0.575846	 0.860447	-1.092713	-0.498058	 0.732015
-0.795674	-0.965340	 0.498091	 0.453144	-0.050860	 0.170487	-0.441766	 0.573542	 0.857005	-0.635289	-0.498058	 0.732010
-0.792506	-0.712444	 0.498091	 0.476484	-0.299757	 0.170533	-0.220820	 0.571248	 0.853577	-0.406578	-0.498058	 0.730544
-0.789344	-1.085996	 0.498091	-0.011846	-0.423108	 0.170556	-0.110347	 0.568963	 0.850162	-0.792222	-0.498058	 0.728353
-0.786190	-1.269852	 0.498091	-0.255011	-0.483691	 0.170568	-0.055110	 0.566687	 0.846762	-0.982688	-0.498058	 0.725805
-0.783047	-1.358873	 0.498091	 0.123407	-0.012894	 0.170574	-0.027492	 0.564420	 0.843375	-0.575575	-0.498058	 0.723085
-0.779916	-1.400488	 0.498091	 0.311612	 0.222505	 0.170576	-0.013683	 0.562163	 0.840001	-0.372018	-0.498058	 0.720284
-0.776797	-1.418411	 0.498091	 0.405715	 0.340204	 0.170578	-0.006778	 0.559914	 0.836641	-0.270240	-0.498058	 0.717448
-0.773690	-1.424500	 0.498091	 0.452766	-0.100946	 0.170579	-0.003326	 1.057674	 0.833295	-0.719351	-0.498058	 0.714601
-0.770595	-1.424683	 0.498091	 0.476292	-0.320437	 0.170579	-0.001600	 1.303444	 0.829962	-0.941569	-0.498058	 0.711754
-0.767513	-1.421925	 0.498091	 0.488054	-0.429103	 0.170579	-0.000737	 1.423230	 0.826642	-1.050351	-0.498058	 0.708913
-0.764443	-0.917708	 0.498091	-0.006064	-0.482360	 0.170579	-0.000305	 1.480037	 0.823335	-1.102424	-0.498058	 0.706080
-0.761385	-0.665599	 0.498091	-0.252123	-0.507918	 0.170579	-0.000089	 1.505367	 0.820042	-1.126151	-0.498058	 0.703257
-0.758340	-0.539545	 0.498091	 0.124847	-0.019629	 0.170579	 0.000018	 1.014970	 0.816762	-1.135715	-0.498058	 0.700445
-0.755306	-0.476518	 0.498091	 0.312329	 0.224515	 0.170579	 0.000072	 0.768723	 0.813495	-1.138206	-0.498058	 0.697644
-0.752285	-0.945004	 0.498091	 0.406070	 0.346587	 0.170579	 0.000099	 1.144554	 0.810241	-1.137170	-0.498058	 0.694853
-0.749276	-1.176420	 0.498091	 0.452940	 0.407623	 0.170579	 0.000113	 1.329429	 0.807000	-1.134380	-0.498058	 0.692074
-0.746279	-1.289313	 0.498091	 0.476376	 0.438141	 0.170579	 0.000120	 0.918838	 0.803772	-1.130722	-0.498058	 0.689306
-0.743294	-1.342955	 0.498091	 0.488093	 0.453400	 0.170579	 0.000123	 0.712526	 0.800557	-1.126639	-0.498058	 0.686548
-0.740321	-1.366982	 0.498091	 0.493952	 0.461029	 0.170579	 0.000125	 0.608358	 0.797354	-1.122352	-0.498058	 0.683802
-0.737359	-1.376214	 0.498091	-0.003119	 0.464844	 0.170579	-0.499875	 0.555265	 0.794165	-1.117973	-0.498058	 0.681067
-0.734410	-1.378059	 0.498091	-0.250654	 0.466751	 0.170579	-0.747874	 0.527714	 0.790988	-1.113556	-0.498058	 0.678343
-0.231472	-1.376222	 0.498091	 0.125579	 0.467705	 0.170579	-0.369883	 0.512939	 0.787824	-1.109129	-0.498058	 0.675629
 0.019997	-1.372555	 0.498091	 0.312692	 0.468182	 0.170579	-0.180887	 0.505551	 0.784673	-1.104706	-0.498058	 0.672927
 0.145731	-0.867983	 0.498091	 0.406248	 0.468420	 0.170579	-0.086389	 0.501857	 0.781534	-0.600294	-0.498058	 0.670235
 0.208598	-0.615697	 0.498091	 0.453026	 0.468540	 0.170579	-0.039140	 0.500010	 0.778408	-0.348088	-0.498058	 0.667554
-0.259968	-0.989554	 0.498091	 0.476415	 0.468599	 0.170579	-0.515515	 0.499087	 0.775295	-0.721985	-0.498058	 0.664884
-0.492794	-1.173756	 0.498091	 0.488110	 0.468629	 0.170579	-0.751719	 0.498625	 0.772193	-0.906742	-0.498058	 0.662225
-0.607756	-1.263141	 0.498091	 0.493957	 0.468644	 0.170579	-0.867845	 0.498394	 0.769105	-0.996937	-0.498058	 0.659576
-0.663792	-1.305129	 0.498091	 0.496881	 0.468651	 0.170579	-0.923940	 0.998279	 0.766028	-1.039861	-0.498058	 0.656937
-0.690370	-1.323428	 0.498091	 0.498342	 0.468655	 0.170579	-0.950028	 1.245224	 0.762964	-1.059157	-0.498058	 0.654310
-0.702225	-1.329894	 0.498091	 0.499073	 0.468657	 0.170579	-0.461119	 0.865713	 0.759912	-0.566648	-0.498058	 0.651692
-0.706724	-1.330455	 0.498091	 0.499439	 0.468658	 0.170579	-0.216665	 0.675957	 0.756873	-0.320394	-0.498058	 0.649086
-0.207552	-1.328073	 0.498091	 0.499622	 0.468658	 0.170579	-0.094438	 0.581080	 0.753845	-0.197266	-0.498058	 0.646489
 0.042035	-1.324231	 0.498091	 0.499713	 0.468659	 0.170579	-0.033325	 0.533641	 0.750830	-0.135703	-0.498058	 0.643903
-0.333172	-1.319669	 0.498091	 0.499759	 0.468659	 0.170579	-0.002768	 0.509921	 0.747826	-0.104921	-0.498058	 0.641328
-0.519359	-1.314758	 0.498091	 0.499781	 0.468659	 0.170579	 0.012511	 0.498061	 0.744835	-0.089530	-0.498058	 0.638762
-0.611041	-1.309682	 0.498091	 0.499793	 0.468659	 0.170579	 0.020150	 0.492132	 0.741856	-0.081835	-0.498058	 0.636207
-0.155477	-1.304535	 0.498091	 0.499799	 0.468659	 0.170579	 0.023969	 0.989167	 0.738888	-0.077987	-0.498058	 0.633662
 0.072306	-1.299363	 0.498091	 0.499801	 0.468659	 0.170579	 0.025879	 1.234712	 0.735933	-0.076063	-0.498058	 0.631128
 0.186197	-0.794189	 0.498091	 0.499803	 0.468659	 0.170579	 0.026834	 0.854524	 0.732989	-0.575101	-0.498058	 0.628603
 0.243142	-0.541601	 0.498091	 0.499804	 0.468659	 0.170579	 0.027312	 0.664430	 0.730057	-0.822472	-0.498058	 0.626089
-0.228385	-0.915308	 0.498091	-0.000196	 0.468659	 0.170579	-0.472450	 0.569383	 0.727137	-0.444018	-0.498058	 0.623585
-0.462749	-1.099583	 0.498091	-0.249196	 0.468659	 0.170579	-0.720386	 0.521859	 0.724228	-0.254790	-0.498058	 0.621090
-0.078536	-1.189153	 0.498091	 0.126305	 0.468659	 0.170579	-0.342417	 0.498098	 0.721331	-0.160177	-0.498058	 0.618606
 0.113570	-1.231380	 0.498091	 0.313051	 0.468659	 0.170579	-0.153433	 0.486217	 0.718446	-0.112870	-0.498058	 0.616131
 0.209623	-1.249947	 0.498091	 0.406425	 0.468659	 0.170579	-0.058941	 0.480276	 0.715572	-0.089217	-0.498058	 0.613667
-0.242351	-0.756693	 0.498091	-0.046889	 0.468659	 0.170579	-0.011695	 0.977306	 0.712710	-0.577390	-0.498058	 0.611212
-0.466949	-0.510066	 0.498091	-0.272545	 0.468659	 0.170579	 0.011928	 1.222872	 0.709859	-0.819346	-0.498058	 0.608767
-0.577865	-0.886753	 0.498091	-0.385373	 0.468659	 0.170579	 0.023740	 1.342719	 0.707020	-0.938201	-0.498058	 0.606332
-0.631945	-1.072569	 0.498091	-0.441787	 0.468659	 0.170579	 0.029645	 1.399717	 0.704192	-0.995514	-0.498058	 0.603907
-0.657613	-1.162961	 0.498091	-0.469994	-0.031341	 0.170579	 0.032598	 0.925302	 0.701375	-0.522065	-0.498058	 0.601491
-0.669081	-1.205650	 0.498091	-0.484098	-0.280279	 0.170579	 0.034075	 0.688095	 0.698569	-0.285341	-0.498058	 0.599085
-0.673453	-0.724497	 0.498091	 0.008850	 0.096311	 0.170579	 0.034813	 0.569491	 0.695775	-0.166979	-0.498058	 0.596689
-0.674284	-0.483921	 0.498091	 0.254321	 0.284606	 0.170579	 0.035182	 0.510189	 0.692992	-0.107797	-0.498058	 0.594302
-0.673349	-0.863633	 0.498091	 0.377056	 0.378754	-0.329421	-0.464633	 0.480539	 0.690220	-0.078207	-0.498058	 0.591925
-0.671537	-1.051003	 0.498091	 0.438424	 0.425827	-0.577762	-0.712612	 0.965713	 0.687459	-0.063412	-0.498058	 0.589557
-0.669291	-1.142211	 0.498091	 0.469108	 0.449364	-0.700280	-0.834680	 1.205399	 0.684709	-0.056014	-0.498058	 0.587199
-0.666834	-1.185348	 0.498091	 0.484450	 0.461133	-0.259894	-0.893801	 0.822351	 0.681970	-0.052315	-0.498058	 0.584850
-0.664277	-1.204459	 0.498091	 0.492120	 0.467017	-0.039701	-0.921456	 0.630828	 0.679243	-0.050466	-0.498058	 0.582511
-0.661675	-1.211568	 0.498091	 0.495956	-0.030041	 0.070396	-0.433385	 0.535066	 0.676526	-0.549541	-0.498058	 0.080181
-0.659056	-1.212685	 0.498091	 0.497874	-0.277516	 0.125444	-0.189349	 0.487185	 0.673819	-0.796981	-0.498058	-0.170984
-0.656434	-1.210816	 0.498091	 0.498833	 0.099797	 0.152968	-0.067331	 0.963244	 0.671124	-0.418613	-0.498058	 0.203433
-0.653815	-1.207463	 0.498091	 0.499312	 0.288453	 0.166731	-0.006322	 1.198395	 0.668440	-0.229428	-0.498058	 0.389486
-0.651203	-1.203379	 0.498091	-0.000448	 0.382781	 0.173612	 0.024182	 1.313104	 0.665766	-0.634836	-0.498058	 0.481362
-0.648600	-1.198938	 0.498091	-0.249328	 0.429945	 0.177052	 0.039434	 1.367603	 0.663103	-0.835460	-0.498058	 0.526153
-0.646006	-1.194329	 0.498091	-0.373768	 0.453527	 0.178772	 0.047060	 1.392008	 0.660450	-0.933699	-0.498058	 0.547407
-0.643423	-0.689644	 0.498091	 0.064012	 0.465318	 0.179632	 0.050873	 1.401377	 0.657809	-0.480755	-0.498058	 0.556896
-0.640849	-0.437302	 0.498091	 0.281899	 0.471214	 0.180063	 0.052780	 1.403241	 0.655177	-0.254283	-0.498058	 0.560508
-0.138286	-0.311131	 0.498091	 0.390842	 0.474162	 0.180278	 0.053733	 1.401362	 0.652557	-0.141047	-0.498058	 0.561186
 0.112996	-0.248046	 0.498091	 0.445313	 0.475635	 0.180385	 0.054210	 1.397624	 0.649946	-0.084429	-0.498058	 0.560401
-0.261363	-0.716503	 0.498091	 0.472549	-0.023628	 0.180439	 0.054448	 0.892967	 0.647347	-0.056120	-0.498058	 0.558890
-0.447272	-0.948362	 0.498091	 0.486167	-0.272213	 0.180466	 0.054567	 0.640639	 0.644757	-0.041966	-0.498058	 0.557019
