-0.038959	-1.061931	 0.498091	 0.492976	 0.104535	 0.680479	 0.054627	 1.014474	 0.642178	-0.534888	-0.498058	 0.554973
 0.165197	-1.116364	 0.498091	 0.496381	 0.292910	 0.928125	 0.054657	 1.198616	 0.639610	-0.779294	-0.498058	 0.552845
 0.267275	-1.141239	 0.498091	 0.498083	 0.387097	 1.049596	 0.054672	 1.287921	 0.637051	-0.899450	-0.498058	 0.550679
-0.181686	-1.151345	 0.498091	 0.498934	-0.065809	 0.607990	-0.945321	 0.829819	 0.634503	-0.457488	-0.498058	 0.548499
-0.404905	-1.154074	 0.498091	 0.499360	-0.291225	 0.387187	-1.441427	 0.600768	 0.631965	-0.236507	-0.498058	 0.546317
-0.015259	-1.153126	 0.498091	 0.499572	 0.097100	 0.276785	-0.685604	 0.486243	 0.629437	-0.126017	-0.498058	 0.544137
 0.179565	-1.150347	 0.498091	 0.499679	 0.291263	 0.221584	-0.307693	 0.428980	 0.626919	-0.070772	-0.498058	 0.541963
-0.223024	-1.146662	 0.498091	 0.499732	 0.388344	 0.193984	-0.118738	 0.400348	 0.624412	-0.043149	-0.498058	 0.539797
-0.423067	-1.142534	 0.498091	 0.499759	 0.436885	 0.180183	-0.024260	 0.386033	 0.621914	-0.029338	-0.498058	 0.537638
-0.521842	-0.638193	 0.498091	 0.499772	 0.461155	 0.173283	-0.477021	 0.878875	 0.619426	-0.022432	-0.498058	 0.535488
-0.569988	-0.386023	 0.498091	 0.499778	 0.473290	 0.169833	-0.701542	 1.122553	 0.616949	-0.018979	-0.498058	 0.533346
-0.592825	-0.259938	 0.498091	 0.499782	 0.479358	 0.168108	-0.811950	 1.241659	 0.614481	-0.017253	-0.498058	 0.531213
-0.603012	-0.196895	 0.498091	 0.499783	 0.482392	 0.167246	-0.365310	 1.298491	 0.612023	-0.516390	-0.498058	 0.529088
-0.606879	-0.165374	 0.498091	 0.499784	 0.483909	 0.166815	-0.141990	 1.324196	 0.609575	-0.763927	-0.498058	 0.526972
-0.607592	-0.149613	 0.498091	 0.499785	 0.484667	 0.166599	-0.030329	 0.834349	 0.607137	-0.885673	-0.498058	 0.524864
-0.606731	-0.141733	 0.498091	 0.499785	 0.485046	 0.166491	 0.025501	 0.589425	 0.604708	-0.944531	-0.498058	 0.522765
-0.605089	-0.637793	 0.498091	 0.499785	-0.014764	 0.166437	 0.053416	 0.466963	 0.602289	-0.971953	-0.498058	 0.520674
-0.603061	-0.883555	 0.498091	 0.499785	-0.263640	 0.166410	 0.067373	 0.405732	 0.599880	-0.983666	-0.498058	 0.518591
-0.100845	-0.504177	 0.498091	 0.499785	 0.112947	 0.166397	 0.074352	 0.375117	 0.597480	-0.987531	-0.498058	 0.516517
 0.150263	-0.314489	 0.498091	 0.499785	 0.301240	 0.166390	 0.077841	 0.359809	 0.595091	-0.987481	-0.498058	 0.514450
 0.275817	-0.219644	 0.498091	 0.499785	 0.395387	 0.166387	 0.079586	 0.352155	 0.592710	-0.985481	-0.498058	 0.512393
-0.161406	-0.172222	 0.498091	 0.499785	 0.442461	 0.166385	 0.080458	 0.348328	 0.590339	-0.482514	-0.498058	 0.010343
-0.378820	-0.148511	 0.498091	 0.499785	 0.465997	 0.166384	 0.080894	 0.346415	 0.587978	-0.231031	-0.498058	-0.240682
-0.486335	-0.636655	 0.498091	 0.499785	-0.022234	 0.166384	 0.081113	 0.845458	 0.585626	-0.105289	-0.498058	 0.133806
-0.538905	-0.878478	 0.498091	 0.499785	-0.265329	 0.166384	 0.081222	 1.092291	 0.583284	-0.042418	-0.498058	 0.320033
-0.064006	-0.497149	 0.498091	 0.499785	 0.114140	 0.166383	 0.081276	 0.713029	 0.580950	-0.010983	-0.498058	 0.412134
 0.173443	-0.306484	 0.498091	 0.499785	 0.303875	 0.166383	 0.081303	 0.523398	 0.578627	 0.004735	-0.498058	 0.457176
-0.207833	-0.711152	 0.498091	 0.499785	 0.398742	 0.166383	 0.081317	 0.928582	 0.576312	-0.487406	-0.498058	 0.478693
-0.397292	-0.911254	 0.498091	 0.499785	 0.446176	 0.166383	 0.081324	 1.128507	 0.574007	-0.731518	-0.498058	 0.488451
-0.490849	-1.009082	 0.498091	 0.499785	 0.469893	 0.166383	 0.081327	 1.225813	 0.571711	-0.851622	-0.498058	 0.493330
-0.036458	-0.555783	 0.498091	 0.499785	-0.018249	 0.666383	 0.081329	 1.271819	 0.569424	-0.909731	-0.498058	 0.495769
 0.190737	-0.329133	 0.498091	 0.499785	-0.261307	 0.914051	 0.081330	 1.292187	 0.567146	-0.936850	-0.498058	 0.496989
-0.195665	-0.715808	 0.498091	 0.499785	 0.118173	 0.535561	 0.081330	 0.799745	 0.564878	-0.448481	-0.498058	 0.497599
-0.387702	-0.906941	 0.498091	 0.499785	 0.307913	 0.346316	 0.081330	 0.553525	 0.562618	-0.204297	-0.498058	 0.497904
-0.482561	-1.000311	 0.498091	 0.499785	 0.402783	 0.251693	 0.081331	 0.930414	 0.560368	-0.082204	-0.498058	 0.498056
-0.528836	-1.044808	 0.498091	 0.499785	 0.450218	 0.204382	 0.081331	 1.116245	 0.558126	-0.021158	-0.498058	 0.498132
-0.550823	-0.564879	 0.498091	 0.499785	 0.473935	 0.180726	 0.081331	 1.206556	 0.555894	-0.490635	-0.498058	 0.498171
-0.560671	-0.324914	 0.498091	 0.499785	 0.485794	 0.168899	 0.081331	 1.249117	 0.553670	-0.723454	-0.498058	 0.498190
-0.564454	-0.204931	 0.498091	 0.499785	 0.491723	 0.162985	 0.081331	 1.267815	 0.551456	-0.837950	-0.498058	 0.498199
-0.565209	-0.644940	 0.498091	 0.499785	 0.494688	 0.160028	 0.081331	 0.774591	 0.549250	-0.893294	-0.498058	 0.498204
-0.564454	-0.862775	 0.498091	 0.499785	 0.496170	 0.158549	 0.081331	 0.527978	 0.547053	-0.919068	-0.498058	 0.498206
-0.062950	-0.469531	 0.498091	 0.499785	 0.496911	 0.157810	 0.081331	 0.904672	 0.544864	-0.930066	-0.498058	 0.498207
 0.187803	-0.272909	 0.498091	 0.499785	 0.497282	 0.157441	 0.081331	 1.090457	 0.542685	-0.933682	-0.498058	 0.498208
-0.186821	-0.174598	 0.498091	 0.499785	 0.497467	 0.657256	 0.081331	 1.180796	 1.040514	-0.433616	-0.498058	 0.498208
-0.373010	-0.125442	 0.498091	 0.499785	 0.497560	 0.904849	 0.081331	 1.223424	 1.286352	-0.183583	-0.498058	 0.498209
-0.464986	-0.100864	 0.498091	 0.499785	 0.497606	 1.026341	 0.081331	 1.242205	 1.406207	-0.058566	-0.498058	 0.498209
-0.509860	-0.088575	 0.498091	 0.499785	 0.497629	 1.084791	 0.081331	 1.249074	 1.463082	 0.003942	-0.498058	 0.498209
-0.531188	-0.082431	 0.498091	 0.499785	 0.497641	 1.111730	 0.081331	 1.249997	 1.488480	 0.035196	-0.498058	 0.498209
 0.459253	 1.420641	 0.498091	 0.499785	 0.997647	 1.122922	 0.581331	 0.747956	-0.001849	 1.550823	-0.498058	-0.001791
 0.951574	 2.166330	 0.498091	 0.499785	 1.244654	 1.126250	 0.829168	 0.496936	-0.744029	 2.302504	-0.498058	-0.250788
 0.694847	 3.533350	 0.498091	 0.499785	 1.865175	 0.625654	 1.450933	-1.628574	-2.612147	 3.672236	-0.998058	-0.875286
 0.566484	 4.207060	 0.498091	 0.499785	 2.170464	 0.375357	 1.757670	-2.683821	-3.537245	 4.347018	-1.245062	-1.184535
 2.002302	 6.034153	-0.001909	-0.500215	 2.818157	 0.250208	 2.406909	-3.203966	-4.990870	 6.674365	-0.865580	-2.336173
 2.713335	 6.931977	-0.250906	-0.997214	 3.135071	 0.187634	 2.725417	-3.456591	-5.704793	 7.820036	-0.675839	-2.905016
 3.562002	 8.865229	-0.375404	-1.242726	 3.786625	-0.343654	 2.878583	-4.075485	-7.048917	 9.374939	-0.080968	-3.682489
 3.977515	 9.810259	-0.437653	-1.362505	 4.103525	-0.607547	 2.949102	-4.375543	-7.704193	 10.130532	 0.215439	-4.062306
 4.176485	 10.261263	-0.468777	-1.419430	 4.253134	-0.737751	 2.978323	-4.516221	-8.015112	 10.486555	 0.362620	-4.243331
 4.767219	 10.965340	-0.484340	-1.444940	 4.819134	-0.301117	 3.486918	-4.577246	-8.153920	 10.642882	 0.935190	-4.824994
 5.051871	 11.294040	-0.492121	-1.454754	 5.091363	-0.082801	 3.733224	-4.598482	-8.206738	 10.699447	 1.218460	-5.105012
 4.683523	 12.435144	-0.996011	-1.456732	 5.216750	-0.473642	 3.848419	-5.599860	-8.216628	 11.206218	 1.857091	-5.734252
 4.490719	 12.978544	-1.244957	-1.454803	 5.268760	-0.667334	 3.898088	-6.087347	-8.205120	 11.436177	 2.171415	-6.036144
 4.885721	 14.223200	-1.366442	-1.450933	 5.284123	-0.262458	 3.915028	-6.317941	-8.182979	 12.527824	 2.323606	-6.174414
 5.072661	 14.814592	-1.424208	-1.446104	 5.281206	-0.060020	 3.915634	-6.420141	-8.155586	 13.046409	 2.394750	-6.230924
 5.655611	 15.579477	-1.450128	-1.940807	 5.269190	-0.458801	 3.908104	-6.458196	-8.125634	 12.778571	 2.925390	-6.246604
 5.934610	 15.929230	-1.460135	-2.183287	 5.252668	-0.656476	 3.896538	-6.464231	-8.094466	 12.619631	 3.183798	-6.241920
 6.061681	 16.071549	-1.462199	-2.299676	 5.233935	-0.753605	 3.882985	-6.454308	-8.062756	 12.515239	 3.306117	-6.227103
 6.112840	 16.610280	-1.960302	-1.853038	 5.714138	-0.800468	 3.868470	-6.436458	-8.030839	 12.938222	 2.860420	-6.207270
 6.126091	 16.845348	-2.204437	-1.626907	 5.941851	-0.822205	 3.853504	-6.414695	-7.998882	 13.122991	 2.632742	-6.184978
 6.120438	 16.928721	-2.321607	-2.011039	 6.043368	-0.831386	 3.838344	-6.391028	-7.966970	 13.188760	 2.514093	-6.161507
 6.105382	 16.936384	-2.375315	-2.198315	 6.081837	-0.834295	 3.823118	-6.366460	-7.935144	 13.195135	 2.449978	-6.137496
 6.085673	 16.906327	-2.397310	-2.287182	 6.088831	-0.834075	 3.807889	-6.341492	-7.903424	 13.171920	 2.413148	-6.113263
 6.063687	 16.857546	-2.403470	-2.326863	 6.080136	-0.832298	 3.792689	-6.316375	-7.871821	 13.134015	 2.389981	-6.088969
 6.040610	 16.799538	-2.401730	-1.841971	 6.063646	-0.829748	 3.777535	-6.291234	-7.840339	 13.088870	 2.373663	-6.064692
 6.017037	 16.737050	-2.396060	-1.596810	 6.043306	-0.826818	 3.762432	-6.266132	-7.808980	 13.040210	 2.360790	-6.040473
 5.993263	 16.672458	-2.388444	-1.471527	 6.021091	-0.823706	 3.747387	-6.241098	-7.777745	 12.989897	 2.349658	-6.016331
 5.969438	 16.606946	-2.379875	-1.406193	 5.997985	-0.820509	 4.232399	-6.216149	-7.746635	 12.938861	 2.839414	-5.992275
 5.945634	 16.541107	-2.370848	-1.370844	 5.974483	-0.817275	 4.465470	-6.191292	-7.715649	 12.887568	 3.077634	-5.968311
 5.421888	 16.475237	-2.361610	-1.850499	 5.950829	-0.814031	 4.072609	-5.166531	-7.684786	 12.836249	 3.190113	-5.944441
 5.150219	 16.409483	-2.352287	-2.085666	 5.927148	-0.810787	 3.868819	-4.645867	-7.654047	 12.785019	 3.239747	-5.920664
 5.504627	 16.343919	-2.342939	-2.198607	 5.903501	-0.807550	 4.259594	-5.377285	-7.623431	 13.233937	 3.257985	-5.896982
 5.670113	 16.278580	-2.333598	-2.250455	 5.879918	-0.804322	 4.445680	-5.730776	-7.592938	 13.431030	 3.260551	-5.873394
 5.741185	 16.213484	-2.324279	-1.771774	 5.856413	-0.801107	 4.529460	-5.895353	-7.562566	 13.502320	 3.255309	-5.849901
 5.765096	 16.148639	-2.314990	-1.529848	 5.832995	-0.797903	 4.562124	-5.965522	-7.532316	 13.510818	 3.246187	-5.826501
 5.765474	 16.584049	-2.305734	-1.406309	 5.809667	-0.294712	 4.569266	-5.988535	-7.502186	 13.488029	 3.235152	-5.803195
 5.754131	 16.767715	-2.296513	-1.341974	 5.786430	-0.043116	 4.563684	-5.988018	-7.472178	 13.449703	 3.223186	-5.779983
 5.736974	 16.825646	-2.287328	-1.307251	 5.763285	 0.082682	 4.551777	-5.975785	-7.442289	 13.403718	 3.210781	-5.756863
 5.716956	 16.820844	-2.278179	-1.787344	 5.740233	-0.854419	 4.536744	-4.957741	-7.412520	 13.354010	 3.198182	-5.733835
 5.695553	 16.784811	-2.269066	-2.022856	 5.717272	-1.319387	 4.520184	-4.440840	-7.382870	 13.302547	 3.185511	-5.710900
 5.673503	 16.733297	-2.259990	-1.636096	 5.694403	-1.048302	 4.502896	-4.174541	-7.353338	 13.250313	 3.172830	-5.688056
 5.651176	 16.674176	-2.250950	-1.440216	 5.671626	-0.911205	 4.485281	-4.033575	-7.323925	 13.197801	 3.160169	-5.665304
 5.628754	 16.611385	-2.241947	-1.839788	 6.148939	-0.841108	 4.467539	-4.955307	-7.294629	 13.145254	 3.147543	-5.642643
 5.606330	 16.546893	-2.232979	-2.035095	 6.374343	-0.804518	 4.449768	-5.404419	-7.265451	 13.092795	 3.134961	-5.620072
 5.583951	 16.481682	-2.224047	-1.628288	 5.973846	-0.784687	 4.432018	-5.617268	-7.236389	 13.040484	 3.122425	-5.597592
 5.561638	 16.416244	-2.215151	-1.422442	 5.762451	-0.773242	 4.414315	-5.712032	-7.207443	 12.988353	 3.109937	-5.575202
 5.539403	 16.350823	-2.206290	-1.317085	 5.645651	-0.765996	 4.396670	-5.747801	-7.178613	 12.936415	 3.097498	-5.552901
 5.517251	 16.285542	-2.197465	-1.261983	 6.076193	-0.760855	 3.879090	-5.754118	-7.149899	 12.384677	 2.585109	-5.030689
 5.495185	 16.220460	-2.188675	-1.232019	 6.278451	-0.756773	 3.613576	-5.745756	-7.121299	 12.085142	 2.324769	-4.760567
 4.973206	 14.655609	-1.679920	-1.214632	 5.366618	-0.253227	 2.974124	-4.730100	-7.092814	 9.411803	 1.190470	-3.616524
 4.703313	 13.847002	-1.423201	-1.203545	 4.901793	-0.001454	 2.649728	-4.214843	-7.064443	 8.061657	 0.623320	-3.039558
 3.059501	 8.416622	-1.292508	-1.195616	 3.160506	 0.124433	 1.482879	-3.449815	-5.536185	 3.873161	-0.660255	-1.746150
 2.234763	 5.695459	-1.224838	-1.189276	 2.287024	 0.187376	 0.899455	-3.061932	-4.764040	 1.778913	-1.298154	-1.099446
 1.319574	 2.828929	-0.688688	-1.183740	 0.847456	 0.218848	 0.107743	-2.362642	-3.369984	 0.231789	-1.613232	-0.776094
 0.861979	 1.395664	-0.420614	-1.178616	 0.128856	 0.234583	-0.286745	-2.009671	-2.669004	-0.539143	-1.766914	-0.614418
 0.633182	 0.679032	-0.286576	-1.173707	-0.229264	 0.242451	-0.482627	-1.829871	-2.314578	-0.921988	-1.839914	-0.533580
 0.018783	-1.679285	 0.280442	-0.668915	-1.407150	-0.253615	-1.079211	-1.236672	-1.133445	-2.610801	-1.872588	 0.006839
-0.287225	-2.850368	 0.562257	-0.416519	-1.990922	-0.500148	-1.374151	-0.938785	-0.542878	-3.446608	-1.885115	 0.275954
-0.439042	-3.927866	 0.701476	-0.290321	-2.277659	-0.121922	-1.518283	-0.788560	-0.247595	-3.855947	-1.387583	 0.409422
-0.513769	-4.456605	 0.769404	-0.227222	-2.415899	 0.067191	-1.587024	-0.712170	-0.099953	-4.052086	-1.137037	 0.475070
-0.549956	-4.711003	 0.301693	-0.195672	-2.479911	 0.161748	-1.618083	-0.672704	 0.473868	-4.141659	-1.509991	 0.506812
-0.566877	-4.828272	 0.067838	-0.179897	-2.506829	 0.209026	-1.630314	-0.651705	 0.758683	-4.177983	-1.692702	 0.521606
-0.574170	-4.877015	 0.450910	-0.172010	-2.515220	 0.232666	-2.133145	-0.639943	 0.899003	-4.187717	-1.280307	 1.027930
-0.576653	-4.891535	 0.640779	-0.168066	-2.514369	 0.244485	-2.379288	-0.632806	 0.967085	-4.184188	-1.072373	 1.278024
-0.576737	-4.888983	 0.734051	-0.166095	-2.508916	 0.250395	-2.497109	-0.627987	 0.999055	-4.174063	-0.966678	 1.400015
-0.575625	-4.877934	 0.779033	-0.165109	-2.501182	 0.253350	-2.550789	-0.124330	 1.012978	-4.160672	-0.912108	 0.957966
-0.573920	-4.862676	 0.799876	-0.164616	-2.492329	 0.254827	-2.572421	 0.127498	 1.017886	-4.145682	-0.883108	 0.735910
-1.071923	-4.845352	 0.808656	-0.164369	-2.482935	 0.255566	-2.078048	 0.253412	 1.018294	-4.129926	-0.866900	 0.623854
-1.317785	-4.827034	 0.811411	-0.164246	-2.473291	 0.255935	-1.827695	 0.316369	 1.016461	-4.113820	-0.857094	 0.566802
-0.937588	-4.808257	 0.811160	-0.164184	-2.463542	 0.256120	-1.699363	 0.347847	 1.013515	-3.597571	-0.850497	 0.537257
-0.746375	-4.789290	 0.809413	-0.164154	-2.453760	 0.256212	-1.632055	 0.363587	 1.010021	-3.333284	-0.845510	 0.521469
-0.649658	-4.770266	 0.806924	-0.164138	-2.443981	 0.256259	-1.595272	 0.371456	 0.506261	-3.695003	-0.841336	 1.012564
-0.600194	-4.751251	 0.804071	-0.164130	-2.434223	 0.256282	-1.573763	 0.375391	 0.254381	-3.867748	-0.837575	 1.255104
-0.574360	-4.732280	 0.801042	-0.164127	-2.424495	 0.256293	-1.559905	 0.377359	 0.128441	-3.946040	-0.834026	 1.373378
-0.560347	-4.713367	 0.797931	-0.164125	-2.414801	 0.256299	-1.549883	 0.378342	 0.565471	-3.977138	-0.830591	 0.929533
-0.552247	-4.694522	 0.794786	-0.164124	-2.405144	 0.256302	-1.541793	 0.378834	 0.781981	-3.984670	-0.827219	 0.707610
-0.547109	-4.175748	 0.791630	-0.164123	-2.395525	 0.256303	-1.534680	 0.379080	 0.888239	-3.480451	-0.823886	 1.096648
-0.543456	-3.909047	 0.788476	-0.164123	-2.385943	 0.256304	-1.528068	 0.379203	 0.939379	-3.222390	-0.820578	 1.288196
-0.540550	-4.268412	 0.785328	-0.164123	-1.876400	 0.256304	-1.521720	 0.379264	 0.962968	-3.087430	-0.817289	 0.881010
-0.538021	-4.438839	 0.782189	-0.164123	-1.618894	 0.256305	-1.515515	 0.379295	 0.972789	-3.014046	-0.814017	 0.677418
-1.035686	-4.014834	 0.779062	-0.164123	-1.487419	 0.256305	-1.509394	 0.379311	 0.975735	-3.471472	-0.810759	 0.575621
-1.281452	-3.795650	 0.775946	-0.164123	-1.418969	 0.256305	-1.503326	 0.379318	 0.975250	-3.692327	-0.807516	 0.524723
-1.401280	-3.678904	 0.772843	-0.164123	-1.382043	 0.256305	-1.497298	 0.379322	 0.973058	-3.794929	-0.804285	 0.499274
-0.958152	-4.113408	 0.769752	-0.164123	-1.860890	 0.256305	-1.491302	 0.379324	 0.970021	-3.838434	-0.801068	 0.486549
-0.735558	-4.321563	 0.766673	-0.164123	-2.095634	 0.256305	-1.485333	 0.379325	 0.966568	-3.852423	-0.797863	 0.480187
-1.123235	-3.916582	 0.763606	-0.164123	-1.708345	 0.256305	-1.479390	 0.379325	 0.962915	-3.351685	-0.794672	 0.477006
-1.314052	-3.707068	 0.760552	-0.164123	-1.512059	 0.256305	-1.473471	 0.379326	 0.959171	-3.095614	-0.791493	 0.475415
-1.406451	-3.595316	 0.757510	-0.164123	-1.411284	-0.243695	-1.467577	 0.379326	 0.955387	-2.961899	-0.788327	 0.974620
-1.449652	-3.532473	 0.754480	-0.164123	-1.358276	-0.492208	-1.461706	 0.379326	 0.951592	-2.889385	-0.785174	 1.221275
-0.968267	-3.494112	 0.751462	 0.335877	-1.829161	-0.114983	-1.455859	 0.379326	 0.947799	-2.847495	-0.782033	 1.341666
-0.727575	-3.468020	 0.748456	 0.584206	-2.060004	 0.073630	-1.450036	 0.379326	 0.944015	-2.820938	-0.778905	 1.398938
-0.607229	-3.448090	 0.745462	 0.206705	-1.670843	 0.167936	-1.444236	 0.379326	 0.940242	-2.802071	-0.775789	 0.924661
-0.547056	-3.431269	 0.742480	 0.017954	-1.473700	 0.215089	-1.438459	 0.379326	 0.936483	-2.787071	-0.772686	 0.687523
-0.516969	-3.416029	 0.739510	-0.076421	-1.372575	 0.238666	-1.432705	 0.379326	 0.932738	-2.774027	-0.769596	 0.568954
-0.501926	-3.401608	 0.736552	-0.123609	-1.319469	 0.250454	-1.426974	 0.879326	 0.929007	-2.761983	-0.766517	 1.009669
-0.494404	-3.387623	 0.733606	-0.147203	-1.290384	 0.256348	-1.421266	 1.126567	 0.925291	-2.750461	-0.763451	 1.227126
-0.990643	-3.373883	 0.730672	-0.158999	-1.273319	-0.240705	-1.415581	 0.747440	 1.421590	-2.739223	-0.760397	 0.832966
-1.235789	-3.360293	 0.727749	-0.164898	-1.262273	-0.487756	-1.409919	 0.557877	 1.665904	-2.728147	-0.757356	 0.635885
-0.855400	-3.346804	 0.724838	-0.167847	-1.254248	-0.109812	-1.404279	 0.963095	 1.284240	-2.717175	-0.754326	 1.037345
-0.665206	-3.333394	 0.721939	-0.169322	-1.247743	 0.079161	-1.398662	 1.162968	 1.091603	-2.706277	-0.751309	 1.235197
-1.070109	-3.320048	 0.719051	-0.170059	-1.242008	 0.173647	-1.393067	 0.760178	 0.993487	-2.695437	-0.748304	 1.331257
-1.269610	-3.306762	 0.716175	-0.170428	-1.236668	 0.220890	-1.387495	 0.558784	 0.942638	-2.684648	-0.745310	 1.376433
-1.366422	-3.293532	 0.713310	-0.170612	-1.231536	 0.244511	-1.381945	 0.458086	 0.915430	-2.673906	-0.742329	 1.396177
-1.411902	-3.280356	 0.710457	-0.170704	-1.226517	 0.256322	-1.376417	 0.907737	 0.900050	-2.663208	-0.739360	 0.903218
-1.431727	-3.267234	 0.707615	-0.170750	-1.221564	 0.262227	-1.370912	 1.129848	 0.890590	-2.652554	-0.736402	 0.656738
-0.938737	-3.254165	 0.704784	-0.170773	-1.716655	 0.265180	-1.365428	 1.238200	 0.884098	-2.641944	-0.733457	 0.533498
-0.692241	-3.241148	 0.701965	-0.170785	-1.959776	 0.266656	-1.359966	 1.289683	 0.879097	-2.631376	-0.730523	 0.471878
-0.568994	-3.228183	 0.699157	-0.170791	-1.576931	 0.267394	-1.354526	 1.312742	 0.874848	-3.120850	-0.727601	 0.441068
-0.507370	-3.215271	 0.696361	-0.170793	-1.383121	 0.267764	-1.349108	 1.321599	 0.870982	-3.358367	-0.724691	 0.425663
-0.476558	-3.202410	 0.693575	-0.170795	-1.283837	 0.267948	-1.343712	 1.323367	 0.867315	-2.969933	-0.721792	 0.417961
-0.461152	-3.189600	 0.690801	-0.170796	-1.231826	 0.268040	-1.338337	 1.321601	 0.863754	-2.770553	-0.718905	 0.414109
-0.453449	-3.176841	 0.688038	-0.170796	-1.203461	 0.268086	-1.332984	 1.318078	 0.860254	-2.665721	-0.716029	 0.412184
-0.949598	-3.164134	 0.685286	 0.329204	-1.186928	 0.268110	-1.327652	 1.313688	 1.356790	-2.608183	-0.713165	 0.411221
-1.194780	-3.151478	 0.682544	 0.577545	-1.176321	 0.268121	-1.322341	 1.308874	 1.601351	-2.574313	-0.710312	 0.410739
-1.314492	-3.138872	 0.679814	 0.200064	-1.168686	 0.268127	-1.317052	 1.303859	 1.219940	-2.552297	-1.207471	 0.410499
-1.371479	-3.126316	 0.677095	 0.011324	-1.162546	 0.268130	-1.311784	 1.298754	 1.027557	-2.536229	-1.452641	 0.410378
-1.397116	-3.113811	 0.674387	-0.083046	-1.157163	 0.268131	-0.806537	 1.293614	 0.929696	-2.523154	-1.071831	 0.910318
-1.407089	-3.101356	 0.671689	-0.130232	-1.152169	 0.268132	-0.553913	 1.288467	 0.879101	-2.511597	-0.880043	 1.157468
-0.909241	-3.088950	 0.669002	 0.346176	-1.147377	-0.231868	-0.927601	 1.283327	 0.852147	-2.500818	-0.782773	 1.278233
-0.660317	-3.076594	 0.666326	 0.582734	-1.142696	-0.480404	-1.111843	 1.278201	 0.837019	-2.490448	-0.732767	 1.335818
-0.535855	-3.064288	 0.663661	 0.699375	-1.138079	-0.603214	-1.201371	 1.273091	 0.827812	-2.480303	-0.706398	 1.361823
-0.473624	-3.052031	 0.661006	 0.756063	-1.133504	-0.163167	-1.243554	 1.268001	 1.321571	-2.470291	-0.691854	 1.372051
-0.442509	-3.039823	 0.658362	 0.782782	-1.128958	 0.056856	-1.262074	 1.262929	 1.564820	-2.460364	-0.683227	 1.374400
-0.926951	-3.027663	 0.655729	 0.794522	-1.124437	 0.166868	-1.268772	 1.257878	 1.182828	-2.450499	-0.677565	 1.372821
-1.166349	-3.015553	 0.653106	 0.798780	-1.119936	 0.221874	-1.269571	 1.252847	 0.990231	-2.440686	-0.673390	 1.369289
-0.783237	-3.003491	 0.650494	 0.299303	-1.115455	 0.249377	-1.267429	 0.747836	 1.392337	-2.430917	-0.669964	 0.864791
-0.591681	-2.991477	 0.647892	 0.049564	-1.110993	 0.263128	-1.263828	 0.495330	 1.589801	-2.421191	-0.666917	 0.612542
-0.995903	-2.979511	 0.645300	 0.424695	-1.106548	 0.270004	-1.259507	 0.869077	 1.684958	-2.411505	-0.664067	 0.986418
-1.195214	-2.967593	 0.642719	 0.610660	-1.102122	 0.273442	-1.254836	 1.053465	 1.728977	-2.401858	-0.661319	 1.170635
-1.292080	-2.955722	 0.640148	 0.702050	-1.097713	 0.275161	-1.250000	 1.143183	 1.747440	-2.392250	-0.658628	 1.260034
-1.337735	-2.943899	 0.637587	 0.746158	-1.093322	 0.276020	-1.245092	 1.185577	 1.753140	-2.382681	-0.655970	 0.802035
-1.357796	-2.932124	 0.635037	 0.766631	-1.088949	 0.276450	-1.240157	 1.204317	 1.752472	-2.373150	-0.653335	 0.573035
-1.365071	-2.920395	 0.632497	 0.775294	-1.084593	 0.276665	-1.235220	 1.211242	 1.748635	-2.363657	-1.150716	 0.958535
-1.365963	-2.908714	 0.629967	 0.778057	-1.080255	 0.276773	-1.230290	 1.212267	 1.743226	-2.354203	-1.396110	 1.148597
-1.363676	-2.897079	 0.627447	 0.777877	-1.075934	 0.276826	-1.225375	 1.210354	 1.737046	-2.344786	-1.015524	 0.740951
-1.359810	-2.885491	 0.624937	 0.776232	-1.071630	 0.276853	-1.220476	 1.206980	 1.730495	-2.335407	-0.823962	 0.537128
-1.355164	-2.873949	 0.622437	 0.773860	-1.067344	 0.276867	-0.715596	 1.202886	 1.223771	-2.326065	-0.726915	 0.435216
-1.350141	-2.862453	 0.619948	 0.771131	-1.063074	 0.276873	-0.463155	 1.198441	 0.968975	-2.316761	-0.677133	 0.384260
-1.344939	-2.851003	 0.617468	 0.768230	-1.058822	 0.276877	-0.336935	 1.193831	 0.840149	-2.307494	-0.650986	 0.358782
-0.839658	-2.839599	 0.614998	 0.265249	-1.054587	 0.276878	-0.273825	 1.189147	 1.274313	-2.298264	-0.636664	 0.346043
-0.587018	-2.828241	 0.612538	 0.013758	-1.050368	 0.276879	-0.242270	 1.184437	 1.487978	-2.289071	-0.628258	 0.339674
-0.460698	-2.816928	 0.610088	 0.388013	-1.046167	 0.276880	-0.726493	 1.179722	 1.591407	-2.279915	-0.622815	 0.836489
-0.397538	-2.805660	 0.607648	 0.573615	-1.041982	 0.276880	-0.966182	 1.175014	 1.639732	-2.270795	-0.618859	 1.082230
-0.365958	-2.794437	 0.605217	 0.664898	-1.037814	 0.276880	-1.083616	 1.170320	 1.160519	-2.261712	-0.615651	 0.702445
-0.350168	-2.783260	 0.602796	 0.709028	-1.033663	 0.276880	-1.139930	 1.165642	 0.919549	-2.252665	-0.612822	 0.512552
-0.842273	-2.772127	 0.600385	 0.729586	-1.029528	 0.276880	-1.165695	 1.160981	 1.297707	-2.243654	-0.610188	 0.917606
-1.085657	-2.761038	 0.597983	 0.738365	-1.025410	 0.276880	-1.176194	 1.156337	 1.483435	-2.234680	-0.607655	 1.117487
-1.204690	-2.749994	 0.595591	 0.241260	-1.021309	 0.276880	-0.679071	 1.151712	 1.572960	-2.725741	-0.605179	 0.714793
-1.261560	-2.738994	 0.593209	-0.007293	-1.017223	 0.276880	-0.430509	 1.147106	 1.614398	-2.964838	-0.602735	 0.513446
-1.287358	-2.728038	 0.590836	-0.131569	-1.013154	 0.276880	-0.306228	 1.142517	 1.631805	-3.077979	-0.600313	 0.412773
-1.297630	-2.717126	 0.588473	 0.306293	-1.009102	 0.276880	-0.744087	 1.137947	 1.137210	-2.628167	-0.597906	 0.362436
-1.300151	-2.706257	 0.586119	 0.523736	-1.005065	 0.276880	-0.960653	 1.133396	 0.888628	-2.398904	-0.595512	 0.337268
-1.298806	-2.695432	 0.583775	 0.630975	-1.001045	 0.276880	-0.566582	 1.128862	 1.263056	-2.279933	-0.593128	 0.324683
-1.295538	-2.684650	 0.581439	 0.683118	-0.997041	 0.276880	-0.369546	 1.124346	 1.446995	-2.216126	-0.590755	 0.318391
-1.291320	-2.673912	 0.579114	 0.707719	-0.993053	 0.276880	-0.271028	 1.119849	 1.535703	-2.179918	-0.588392	 0.315245
-1.286637	-2.663216	 0.576797	 0.718554	-0.989081	 0.276880	-0.221769	 1.115370	 1.576808	-2.157526	-0.586038	 0.313672
-1.281731	-2.652563	 0.574490	 0.722514	-0.985124	 0.276880	-0.697140	 1.110908	 1.094125	-2.142060	-0.583694	 0.812886
-1.276725	-2.641953	 0.572192	 0.723040	-0.981184	 0.276880	-0.932480	 1.106465	 0.851560	-2.130074	-0.581359	 1.059868
-1.271678	-2.631385	 0.569903	 0.721856	-0.977259	 0.276880	-1.047815	 1.102039	 0.729060	-2.119845	-0.579033	 1.180746
-0.766621	-2.620860	 0.567624	 0.719823	-0.973350	 0.276880	-0.603155	 1.097631	 1.166597	-2.110511	-0.576717	 0.738581
-0.514093	-2.610376	 0.565353	 0.717371	-0.969457	 0.276880	-0.380826	 1.093240	 1.382157	-2.101642	-0.574410	 0.517499
-0.387829	-2.599935	 0.563092	 0.714715	-0.965579	 0.276880	-0.269661	 1.088867	 0.986742	-2.093021	-0.572113	 0.406958
-0.324697	-2.589535	 0.560839	 0.711963	-0.961716	 0.276880	-0.214079	 1.084512	 0.787851	-2.084543	-0.569824	 0.351687
-0.793131	-2.579177	 0.558596	 0.709168	-0.957870	 0.276880	-0.686288	 0.580174	 1.187228	-2.076151	-0.567545	 0.324052
-1.024825	-2.568860	 0.556362	 0.706359	-0.954038	 0.276880	-0.920075	 0.328005	 1.383743	-2.067820	-0.565275	 0.310235
-1.138159	-2.558585	 0.554136	 0.703546	-1.450222	 0.276880	-0.534661	 0.701920	 1.478841	-2.059535	-0.563014	 0.803326
-1.192322	-2.548350	 0.551920	 0.700739	-1.694421	 0.276880	-0.341954	 0.886726	 1.523241	-2.051290	-0.560762	 1.047279
-1.216911	-2.538157	 0.549712	 0.697939	-1.812643	 0.276880	-0.245600	 0.976986	 1.542306	-2.043082	-0.558518	 1.166672
-1.226723	-2.528004	 0.547513	 0.695149	-1.367893	 0.276880	-0.697424	 1.019982	 1.048716	-2.034908	-0.556284	 0.723797
-1.229156	-2.517892	 0.545323	 0.692369	-1.143671	 0.276880	-0.921037	 1.039353	 0.800811	-2.026767	-0.554059	 0.502360
-1.227909	-2.507821	 0.543142	 0.689600	-1.029722	 0.276880	-1.030554	 1.046922	 1.175752	-2.018660	-0.551843	 0.391641
-1.224832	-2.497790	 0.540969	 0.686842	-0.970915	 0.276880	-1.083033	 1.048597	 1.360122	-2.010585	-0.549636	 0.336281
-1.220850	-2.487798	 0.538805	 0.184095	-0.939688	-0.223120	-1.107001	 1.047334	 1.449217	-2.002543	-0.547437	 0.308602
-1.216426	-2.477847	 0.536650	-0.067279	-0.922257	-0.471674	-1.116723	 1.044611	 1.490689	-1.994532	-0.545247	 0.294762
-1.211789	-2.467936	 0.534504	 0.307034	-0.911732	-0.094510	-1.119331	 1.041165	 1.008360	-1.986554	-0.543066	 0.287842
-1.207057	-2.458064	 0.532366	 0.492828	-0.904667	 0.094072	-1.118391	 1.037367	 0.766143	-1.978608	-0.540894	 0.284382
-1.202286	-2.448232	 0.530236	 0.584368	-0.899340	 0.188362	-1.115687	 1.033401	 0.643987	-1.970693	-0.538731	 0.282652
-1.197505	-2.438439	 0.528115	 0.628786	-0.894888	 0.235508	-0.612108	 1.029359	 1.081866	-1.962811	-0.536576	 0.281787
-1.192730	-2.428685	 0.526003	 0.649649	-0.890881	 0.259081	-0.360319	 1.025287	 1.297765	-1.954959	-0.534429	 0.281355
-1.187966	-2.418970	 0.523899	 0.158739	-1.387104	 0.270867	-0.234425	 1.021209	 1.402688	-1.947140	-0.532292	 0.281138
-1.183218	-2.409295	 0.521803	-0.086716	-1.631449	 0.276760	-0.171477	 1.017135	 1.452134	-1.939351	-0.530162	 0.281030
-0.678487	-2.399657	 0.519716	-0.209443	-1.249869	 0.279707	-0.140004	 1.013072	 1.473854	-1.931594	-0.528042	 0.280976
-0.426121	-2.390059	 0.517637	-0.270807	-1.057343	 0.281180	-0.124267	 1.009023	 1.481723	-1.923867	-0.525930	 0.280949
-0.799938	-2.380498	 0.515566	 0.198511	-0.959351	 0.281917	-0.616398	 1.004988	 1.482678	-1.916172	-0.523826	 0.780936
-0.984499	-2.370976	 0.513504	 0.431835	-0.908631	 0.282285	-0.860247	 1.000969	 1.480188	-1.908507	-0.521731	 1.028367
-1.074442	-2.361493	 0.511450	 0.547166	-0.881556	 0.282469	-0.979963	 0.996966	 1.475988	-1.900873	-0.519644	 1.149531
-1.117084	-2.352047	 0.509404	 0.603507	-0.866309	 0.282561	-0.537622	 0.992978	 0.970944	-1.893270	-0.517565	 1.207572
-1.136086	-2.342638	 0.507367	 0.630357	-0.856984	 0.282607	-0.316451	 0.989006	 0.718422	-1.885697	-0.515495	 1.234061
-1.143277	-2.333268	 0.505337	 0.642468	-0.850626	 0.282630	-0.205866	 0.985050	 1.092161	-1.878154	-0.513433	 1.244784
-1.144571	-2.323935	 0.503316	 0.647215	-0.845758	 0.282642	-0.150573	 0.981110	 1.276099	-1.870641	-0.511379	 1.247635
-0.642927	-2.314639	 0.501303	 0.648284	-0.841643	 0.282648	-0.122927	 0.977185	 1.365148	-1.863159	-0.509334	 0.746559
-0.392104	-2.305380	 0.500296	 0.647520	-0.837910	 0.282650	-0.109104	 0.973277	 1.406764	-1.855706	-0.507296	 0.496022
-0.266693	-2.296159	 0.499793	 0.645844	-0.834375	 0.282652	-0.102192	 0.969384	 1.424675	-1.848283	-0.505267	 0.870753
-0.203988	-2.286974	 0.499541	 0.643718	-0.830946	 0.282653	-0.098736	 0.965506	 1.430746	-1.840890	-0.503246	 1.055627
-0.172635	-2.277826	 0.499415	 0.641372	-0.827577	 0.282653	-0.097009	 0.961644	 1.430907	-1.833526	-0.501233	 1.145584
-0.156958	-2.268715	 0.499352	 0.638921	-0.824243	 0.282653	-0.096145	 0.957798	 1.428126	-1.826192	-0.500227	 1.188091
-0.149120	-2.259640	 0.499321	 0.636422	-0.820935	 0.282653	-0.095713	 0.953966	 1.423884	-1.818888	-0.499723	 1.206883
-0.145201	-2.250602	 0.499305	 0.633905	-0.817645	 0.282653	-0.095497	 0.950150	 1.418925	-1.811612	-0.999472	 1.213828
-0.143242	-2.241599	 0.499297	 0.631384	-0.814372	 0.282653	-0.095389	 0.946350	 1.413617	-1.804366	-1.246347	 1.214859
-0.642262	-2.232633	 0.499293	 0.628865	-0.311113	 0.282653	-0.095335	 0.942564	 1.408146	-1.797148	-0.866799	 0.712942
-0.889489	-2.223702	 0.499291	 0.626353	-0.059484	 0.282653	-0.095308	 0.938794	 1.402605	-1.789959	-0.677025	 0.461984
-1.010830	-2.214808	 0.499290	 0.623850	-0.433669	 0.282653	-0.095294	 0.935039	 1.397041	-1.782800	-0.582137	 0.336505
-1.069236	-2.205948	 0.499290	 0.621355	-0.619146	 0.282653	-0.095287	 0.931299	 1.391476	-1.775668	-0.534694	 0.273765
-1.096183	-2.197125	 0.499290	 0.618870	-0.710275	 0.282653	-0.095284	 0.927574	 1.385921	-1.768566	-0.510972	 0.242396
-1.107411	-2.188336	 0.499290	 0.616395	-0.754237	 0.282653	-0.095282	 0.923863	 1.380383	-1.761491	-0.499111	 0.726711
-1.110787	-2.179583	 0.499289	 0.613929	-0.774621	 0.282653	-0.095282	 0.920168	 1.374865	-1.754446	-0.493181	 0.966446
-0.610247	-2.170864	 0.499289	 0.611474	-0.783224	 0.282653	-0.095281	 0.916487	 1.369367	-2.247428	-0.490216	 1.083902
-0.359977	-2.162181	 0.499289	 0.609028	-0.785941	 0.282653	-0.095281	 0.912821	 1.363890	-2.488438	-0.488733	 1.140227
-0.734842	-2.153532	 0.499289	 0.606592	-0.785723	 0.282653	-0.095281	 0.909170	 1.358435	-2.103484	-0.487992	 1.165996
-0.920055	-2.144918	 0.499289	 0.604166	-0.784042	 0.282653	-0.095281	 0.905533	 1.353001	-1.907570	-0.487621	 1.176497
-1.010451	-2.136338	 0.499289	 0.601749	-0.781637	 0.282653	-0.095281	 0.901911	 1.347589	-1.806190	-0.487436	 1.179374
-1.053448	-2.127793	 0.499289	 0.599342	-0.778876	 0.282653	-0.095281	 0.898304	 1.342199	-1.752090	-0.487343	 1.178448
-1.072753	-2.119282	 0.499289	 0.596944	-0.775944	 0.282653	-0.095281	 0.894710	 1.336830	-1.721644	-0.487297	 1.175629
-1.080221	-2.110805	 0.499289	 0.594557	-0.772931	 0.282653	-0.095281	 0.891132	 1.331483	-1.703039	-0.487273	 0.671875
-1.081780	-2.102362	 0.499289	 0.592178	-0.769885	 0.282653	-0.095281	 0.887567	 1.326157	-1.690368	-0.487262	 0.419997
-1.080393	-2.093952	 0.499289	 0.089810	-0.766829	 0.282653	-0.095281	 0.884017	 1.320852	-2.180676	-0.487256	 0.294059
-1.077541	-2.085576	 0.499289	-0.161375	-0.763773	 0.282653	-0.095281	 0.880481	 1.315569	-2.420489	-0.487253	 0.231089
-1.073966	-2.077234	 0.499289	-0.286967	-0.260723	-0.217347	-0.095281	 0.876959	 1.310307	-2.035075	-0.487252	 0.199605
-1.070038	-2.068925	 0.499289	-0.349763	-0.009199	-0.465912	-0.095281	 0.873451	 1.305065	-1.839068	-0.487251	 0.183862
-1.065941	-2.060649	 0.499289	 0.118839	 0.116564	-0.088766	-0.095281	 0.869957	 1.299845	-1.737779	-0.487251	 0.675991
-1.061769	-2.052407	 0.499289	 0.351965	 0.179445	 0.099807	-0.095281	 0.866477	 1.294646	-1.683861	-0.487250	 0.919719
-1.057568	-2.044197	 0.499289	 0.467358	 0.210885	 0.194094	-0.095281	 0.863011	 1.289467	-1.653642	-0.487250	 1.039257
-1.053361	-2.036020	 0.499289	 0.023889	 0.226606	 0.241237	-0.095281	 0.859559	 1.284309	-1.635286	-0.487250	 1.096708
-1.049159	-2.027876	 0.499289	-0.197846	 0.234466	 0.264809	-0.095281	 0.856121	 1.279172	-1.622874	-0.487250	 1.123125
-1.044968	-2.019765	 0.499289	 0.191287	 0.238396	 0.276595	-0.095281	 0.852697	 1.274055	-1.613447	-0.487250	 1.134034
-1.040791	-2.011686	 0.499289	 0.384693	 0.240361	 0.282488	-0.095281	 0.849286	 1.268959	-1.605526	-0.487250	 1.137199
-1.036629	-2.003639	 0.499289	 0.480239	 0.241343	 0.285434	-0.595281	 0.845889	 1.263883	-1.598370	-0.487250	 0.636501
-1.032484	-1.995624	 0.499289	 0.526861	 0.241835	 0.286907	-0.843090	 0.842505	 1.258828	-1.591609	-0.487250	 0.386152
-0.528354	-1.987642	 0.499289	 0.549025	 0.242080	 0.287644	-0.464813	 0.839135	 1.253793	-1.585059	-0.487250	 0.260977
-0.276289	-1.979691	 0.499289	 0.558964	 0.242203	 0.288012	-0.275675	 0.835779	 1.248777	-1.578627	-0.487250	 0.198390
-0.150257	-1.971773	 0.499289	 0.562796	 0.242265	 0.288196	-0.181105	 0.832435	 1.243782	-1.572267	-0.487250	 0.167096
-0.587241	-1.963885	 0.499289	 0.563579	 0.242295	 0.288289	-0.133821	 0.829106	 1.238807	-1.565955	-0.487250	 0.151449
-0.803684	-1.956030	 0.499289	 0.562842	 0.242311	 0.288335	-0.110178	 0.825789	 1.233852	-1.559680	-0.487250	 0.143626
-0.909866	-1.948206	 0.499289	 0.561349	-0.257682	-0.211642	-0.098357	 0.822486	 1.228916	-1.553435	-0.487250	 0.639714
-0.960924	-1.940413	 0.499289	 0.559483	-0.506163	-0.460208	-0.092447	 0.819196	 1.224001	-1.547219	-0.487250	 0.885487
-0.984430	-1.932651	 0.499289	 0.557434	-0.128894	-0.083073	-0.089491	 0.815919	 1.219105	-1.541028	-0.487250	 1.006111
-0.994166	-1.924921	 0.499289	 0.555300	 0.059741	 0.105495	-0.088014	 0.812656	 1.214228	-1.534864	-0.487250	 1.064169
-0.997027	-1.917221	 0.499289	 0.553126	-0.345942	 0.199778	-0.087275	 0.809405	 1.209371	-1.528724	-0.487250	 1.090954
-0.996457	-1.909552	 0.499289	 0.550937	-0.547280	 0.246920	-0.086905	 0.806167	 1.204534	-1.522609	-0.487250	 1.102111
-0.243043	-1.894306	 0.499289	 0.546556	 0.053962	-0.466311	-1.582455	 0.799731	 1.194917	-1.510452	-0.487250	 0.357139
-0.117474	-1.886729	 0.499289	 0.544373	 0.154169	-0.583306	-1.826166	 0.796532	 1.190137	-1.504410	-0.487250	 0.232977
-0.054689	-1.879182	 0.499289	 0.542197	 0.204273	-0.140403	-1.443882	 0.793346	 1.185377	-1.498393	-0.487250	 0.170896
-0.023297	-1.871665	 0.499289	 0.540029	 0.229324	 0.081048	-1.250617	 0.790173	 1.180635	-1.492399	-0.487250	 0.139855
-0.507601	-1.864179	 0.499289	 0.537869	 0.241850	 0.191774	-0.651869	 0.787012	 1.175913	-0.986429	-0.487250	 0.624335
-0.747769	-1.856722	 0.499289	 0.535718	 0.248113	 0.247137	-0.352495	 0.783864	 1.171209	-0.733445	-0.487250	 0.864357
-0.865877	-1.849295	 0.499289	 0.533575	-0.248755	 0.274818	-0.202809	 0.780728	 0.666524	-1.106952	-0.487250	 0.482159
-0.922963	-1.841898	 0.499289	 0.531441	-0.495698	 0.288659	-0.127965	 0.777605	 0.414182	-1.290745	-0.487250	 0.291061
-0.949546	-1.834530	 0.499289	 0.029315	-0.117685	 0.295579	-0.090543	 0.774495	 0.788011	-1.379692	-0.487250	 0.195511
-0.960885	-1.827192	 0.499289	-0.221748	 0.071322	 0.299039	-0.071833	 0.771397	 0.972601	-1.421229	-0.487250	 0.147736
-0.964610	-1.819883	 0.499289	-0.347279	 0.165826	 0.300770	-0.062477	 0.768311	 1.062582	-1.439071	-0.487250	 0.123849
-0.964536	-1.812604	 0.499289	-0.410045	 0.213078	 0.301635	-0.057799	 0.765238	 1.105268	-1.445079	-0.487250	 0.611905
-0.962570	-1.805354	 0.499289	-0.441428	 0.236703	 0.302067	-0.055461	 0.762177	 1.124314	-1.445181	-0.487250	 0.853734
-0.959666	-1.798132	 0.499289	-0.457119	-0.251484	 0.302283	-0.054291	 0.759129	 1.131551	-1.442341	-0.487250	 0.972457
-0.956301	-1.790940	 0.499289	-0.464965	-0.494098	 0.302391	-0.053706	 0.756092	 1.132892	-1.438042	-0.487250	 1.029636
-0.952712	-1.783776	 0.499289	 0.031112	-0.113932	 0.302446	-0.053414	 0.753068	 1.131294	-1.433025	-0.487250	 0.556052
-0.949019	-1.776641	 0.499289	 0.278096	 0.076152	 0.302473	-0.053268	 0.750055	 1.128235	-1.427661	-0.487250	 0.319260
-0.945282	-1.769534	 0.499289	 0.400538	-0.328807	 0.302486	-0.053195	 0.747055	 1.124456	-1.422134	-0.487250	 0.700864
-0.941531	-1.762456	 0.499289	 0.460713	-0.529818	 0.302493	-0.053158	 0.744067	 1.120325	-1.416537	-0.487250	 0.889501
-0.937779	-1.755406	 0.499289	 0.489759	-0.628863	 0.302496	-0.053140	 0.741091	 1.116027	-1.410917	-0.487250	 0.981663
-0.934036	-1.748385	 0.499289	 0.503244	-0.176929	 0.302498	-0.553131	 1.238126	 1.111654	-1.405296	-0.487250	 1.025596
-0.930303	-1.741391	 0.499289	 0.508953	 0.049038	 0.302499	-0.801020	 1.483174	 1.107253	-1.399686	-0.487250	 1.045424
-0.926584	-1.734425	 0.499289	 0.510779	 0.162021	 0.302499	-0.422867	 1.102241	 1.102847	-1.394093	-0.487250	 0.553207
-0.922878	-1.727488	 0.499289	 0.510666	 0.218513	 0.302499	-0.233790	 0.910332	 1.098447	-1.388520	-0.487250	 0.307099
-0.919187	-1.720578	 0.499289	 0.009589	 0.246759	 0.302500	-0.139252	 0.812941	 1.094059	-1.382967	-0.487250	 0.684045
-0.915511	-1.713695	 0.499289	-0.240950	 0.260882	 0.302500	-0.091983	 0.762814	 1.089686	-1.377436	-0.487250	 0.870396
-0.911849	-1.706841	 0.499289	 0.133780	 0.267943	 0.302500	-0.568348	 0.736325	 1.085329	-1.371927	-0.487250	 0.461458
-0.908202	-1.700013	 0.499289	 0.320129	 0.271474	 0.302500	-0.804442	 0.721661	 1.080988	-1.366439	-0.487250	 0.256989
-0.904569	-1.693213	 0.499289	 0.412290	 0.273239	 0.302500	-0.920407	 0.712915	 1.076665	-1.360974	-0.487250	 0.154754
-0.400951	-1.686440	 0.499289	 0.457362	 0.274122	 0.302500	-0.976317	 0.707134	 1.072358	-1.355530	-0.487250	 0.603637
-0.149141	-1.679695	 0.499289	 0.478893	 0.274563	 0.302500	-1.002208	 0.702841	 1.068069	-1.350108	-0.487250	 0.825973
-0.523237	-1.672976	 0.499289	 0.488657	-0.225216	 0.302500	-0.513097	 0.699297	 1.063796	-1.344707	-0.487250	 0.935045
-0.708490	-1.666284	 0.499289	 0.493540	-0.473656	 0.302500	-0.268541	 0.696133	 1.059541	-1.339328	-0.487250	 0.987493
-0.799329	-1.659619	 0.499289	 0.495981	-0.096431	 0.302500	-0.146264	 0.693166	 1.055303	-1.333971	-0.487250	 1.011636
-0.842968	-1.652980	 0.499289	 0.497201	 0.092181	 0.302500	-0.085125	 0.690301	 1.051082	-1.328635	-0.487250	 1.021637
-0.863015	-1.646368	 0.499289	 0.497812	-0.313513	 0.302500	-0.054555	 1.187495	 1.046878	-0.823321	-0.487250	 1.024574
-0.871272	-1.639783	 0.499289	 0.498117	-0.514921	 0.302500	-0.039271	 1.432722	 1.042690	-0.570663	-0.487250	 1.023987
-0.873641	-1.633224	 0.499289	 0.498269	-0.614193	 0.302500	-0.031628	 1.551979	 1.038519	-0.444335	-0.487250	 1.021647
-0.873074	-1.626691	 0.499289	 0.498346	-0.162402	 0.302500	-0.527807	 1.108266	 1.034365	-0.381170	-0.487250	 1.018438
-0.871045	-1.620184	 0.499289	 0.498384	 0.063494	 0.302500	-0.773848	 0.885080	 1.030228	-0.349588	-0.487250	 1.014804
-0.868293	-1.613703	 0.499289	 0.498403	 0.176441	 0.302500	-0.394829	 0.772163	 1.026107	-0.833797	-0.487250	 1.010964
-0.865186	-1.607249	 0.499289	 0.498412	 0.232915	 0.302500	-0.205320	 0.714386	 1.022002	-1.073266	-0.487250	 1.007030
-0.861908	-1.600820	 0.499289	 0.498417	 0.261152	 0.302500	-0.110565	 0.684184	 1.017914	-1.190374	-0.487250	 0.503057
-0.858552	-1.594416	 0.499289	 0.498420	 0.275271	 0.302500	-0.063188	 0.667776	 1.013843	-1.246314	-0.487250	 0.251070
-0.855163	-1.088039	 0.499289	 0.498421	 0.282330	 0.302500	-0.039499	 0.658269	 1.009787	-1.271679	-0.487250	 0.625077
-0.851765	-0.833687	 0.499289	 0.498421	 0.285860	 0.302500	-0.027655	 0.652217	 1.005748	-1.281768	-0.487250	 0.810082
-0.848370	-0.705352	 0.499289	 0.498422	 0.287624	 0.302500	-0.021733	 0.647900	 1.001725	-1.284228	-0.487250	 0.900594
-0.344982	-1.140030	 0.499289	 0.498422	 0.288507	 0.302500	-0.518771	 0.644453	 0.997718	-0.782885	-0.487250	 0.943868
-0.093288	-1.354220	 0.499289	 0.498422	 0.288948	 0.302500	-0.765259	 0.641448	 0.993728	-0.532213	-0.487250	 0.963531
-0.467441	-1.458178	 0.499289	 0.498422	 0.289169	-0.197500	-0.886480	 0.638669	 0.989753	-0.406878	-0.487250	 0.471396
-0.652834	-1.507033	 0.499289	 0.498422	 0.289279	-0.446105	-0.945075	 0.636008	 0.985794	-0.344210	-0.487250	 0.225328
-0.743855	-1.528349	 0.499289	 0.498422	 0.289334	-0.069018	-0.472365	 1.133410	 0.981850	-0.812876	-0.487250	 0.602295
-0.787695	-1.535907	 0.499289	 0.498422	 0.289362	 0.119525	-0.236010	 1.378850	 0.977923	-1.044646	-0.487250	 0.788819
-0.807952	-1.536600	 0.499289	 0.498422	 0.289375	 0.213797	-0.117832	 0.998321	 0.974011	-1.157978	-0.487250	 0.880131
-0.816424	-1.533871	 0.499289	 0.498422	 0.289382	 0.260933	-0.058743	 0.806821	 0.970115	-1.212101	-0.487250	 0.923844
-0.819011	-1.529445	 0.499289	 0.498422	 0.289386	 0.284501	-0.029199	 0.709840	 0.966235	-1.236631	-0.487250	 0.943765
-0.818660	-1.524181	 0.499289	 0.498422	 0.289387	 0.296285	-0.514427	 0.660124	 0.962370	-1.246373	-0.487250	 0.951798
-0.816849	-1.518512	 0.499289	 0.498422	 0.289388	 0.302176	-0.755041	 0.634046	 0.958520	-1.248732	-0.487250	 0.953895
-0.814313	-1.012651	 0.499289	 0.498422	 0.289389	 0.305122	-0.373357	 0.619790	 0.954686	-0.747409	-0.487250	 0.953032
-0.811421	-0.758708	 0.499289	 0.498422	 0.289389	 0.306595	-0.182515	 0.611451	 0.950868	-0.496748	-0.487250	 0.950696
-0.308359	-0.630726	 0.499289	 0.498422	 0.289389	 0.807332	-0.087094	 0.606076	 0.947064	-0.871417	-0.487250	 0.947631
-0.056827	-0.565730	 0.499289	 0.498422	 0.289389	 1.055084	-0.039384	 0.602187	 0.943276	-1.056260	-0.487250	 0.944210
-0.431062	-1.032230	 0.499289	 0.498422	 0.289389	 0.676354	-0.015529	 0.599045	 0.939503	-1.146199	-0.487250	 0.940617
-0.616568	-1.262483	 0.499289	 0.498422	 0.289389	 0.486990	-0.003601	 0.596283	 0.935745	-1.188696	-0.487250	 0.936947
-0.707717	-1.374624	 0.499289	 0.498422	 0.289389	 0.392307	 0.002363	 0.593715	 0.932002	-1.207482	-0.487250	 0.933245
-0.751694	-1.427721	 0.499289	 0.498422	-0.210611	 0.344966	-0.494655	 0.591248	 0.928274	-0.714423	-0.487250	 0.929535
-0.772091	-1.451308	 0.499289	 0.498422	-0.459190	 0.321295	-0.741181	 0.588838	 0.924561	-0.467893	-0.487250	 0.925829
-0.280705	-1.460152	 0.499289	 0.498422	-0.582063	 0.309460	-0.862468	 0.586459	 0.920862	-0.844628	-0.487250	 0.422131
-0.035011	-1.461635	 0.499289	 0.498422	-0.642091	 0.303543	-0.921145	 0.584102	 0.917179	-1.030553	-0.487250	 0.170282
 0.087835	-1.459451	 0.499289	 0.498422	-0.170700	 0.300584	-0.448523	 0.581760	 0.913510	-0.621082	-0.487250	 0.544358
 0.149258	-1.455444	 0.499289	 0.498422	 0.064996	 0.299104	-0.212212	 0.579430	 0.909856	-0.416347	-0.487250	 0.729559
-0.320030	-1.450538	 0.499289	 0.498422	 0.182843	 0.298365	-0.094057	 0.577111	 0.906217	-0.813980	-0.487250	 0.820330
-0.553095	-1.445194	 0.499289	 0.498422	 0.241767	 0.297995	-0.034979	 0.574802	 0.902592	-1.010373	-0.487250	 0.863893
-0.668056	-1.439642	 0.499289	 0.498422	 0.271229	 0.297810	-0.005440	 0.572502	 0.898982	-1.106155	-0.487250	 0.883860
-0.723970	-1.433998	 0.499289	 0.498422	 0.285960	 0.297717	-0.490671	 0.570212	 0.895386	-1.151643	-0.487250	 0.392036
-0.750367	-1.428319	 0.499289	 0.498422	 0.293325	 0.297671	-0.731334	 0.567931	 0.891804	-1.171993	-0.487250	 0.146124
-0.762013	-1.422634	 0.499289	 0.498422	 0.297008	 0.297648	-0.349722	 0.565659	 0.888237	-0.679783	-0.487250	 0.523167
-0.766288	-1.416958	 0.499289	 0.498422	 0.298850	 0.297636	-0.158916	 0.563397	 0.884684	-0.433678	-0.487250	 0.709889
-0.766884	-0.911297	 0.499289	 0.498422	 0.299770	 0.297631	-0.563513	 1.061143	 0.881145	-0.810625	-0.487250	 0.801457
-0.765648	-0.658467	 0.499289	 0.498422	 0.300231	 0.297628	-0.763875	 1.306898	 0.877621	-0.996724	-0.487250	 0.845454
-0.763500	-1.032052	 0.499289	 0.498422	 0.300461	 0.297626	-0.362128	 0.926671	 0.874110	-1.087408	-0.487250	 0.865674
-0.760904	-1.216033	 0.499289	 0.498422	 0.300576	 0.297626	-0.161254	 0.735464	 0.870614	-1.130393	-0.487250	 0.874012
-0.758089	-1.305224	 0.499289	 0.498422	 0.300633	 0.297625	-0.060817	 0.638772	 0.867131	-1.149539	-0.487250	 0.876417
-0.755171	-1.347030	 0.499289	 0.498422	 0.300662	 0.297625	-0.010599	 0.589342	 0.863663	-1.156775	-0.487250	 0.875861
-0.752208	-1.365156	 0.499289	 0.498422	 0.300677	 0.297625	 0.014510	 0.563547	 0.860208	-1.158065	-0.487250	 0.873833
-0.749228	-1.371452	 0.499289	 0.498422	 0.300684	 0.797625	 0.027065	 0.549574	 0.856767	-1.156391	-0.487250	 0.871075
-0.746245	-1.371844	 0.499289	 0.498422	 0.300687	 1.045030	 0.033342	 0.541517	 0.853340	-1.153245	-0.487250	 0.867960
-0.743267	-1.369296	 0.499289	 0.498422	 0.300689	 0.666147	 0.036481	 0.536421	 0.849927	-0.649371	-0.487250	 0.864672
-0.740298	-1.365289	 0.499289	 0.498422	 0.300690	 0.476706	 0.038050	 0.532810	 0.846527	-0.397435	-0.487250	 0.861306
-0.237338	-0.860562	 0.499289	 0.498422	 0.300690	 0.881985	 0.038835	 0.529947	 0.843141	-0.771466	-0.487250	 0.857907
 0.014141	-0.608199	 0.499289	 0.498422	 0.300691	 1.082050	 0.039227	 0.527461	 0.839768	-0.956191	-0.487250	 0.854498
 0.139881	-0.482017	 0.499289	 0.498422	 0.300691	 1.179519	 0.039423	 0.525168	 0.836409	-1.046272	-0.487250	 0.851092
-0.297249	-0.918927	 0.499289	 0.498422	 0.300691	 0.725699	 0.039521	 0.522976	 0.833064	-1.089039	-0.487250	 0.347693
-0.514345	-1.134670	 0.499289	 0.498422	 0.300691	 0.498789	 0.039570	 0.520838	 0.829731	-1.108159	-0.487250	 0.095994
-0.621430	-0.739840	 0.499289	 0.498422	 0.300691	 0.385334	-0.460405	 0.518732	 0.826412	-0.615465	-0.487250	 0.470144
-0.673516	-0.542426	 0.499289	 0.498422	 0.300691	 0.328607	-0.708472	 0.516645	 0.823107	-0.369118	-0.487250	 0.655531
-0.698108	-0.443718	 0.499289	-0.001578	 0.300691	 0.800243	-0.330592	 0.514573	 0.819814	-0.245944	-0.487250	 0.746542
-0.708958	-0.394365	 0.499289	-0.250575	 0.300691	 1.033517	-0.141653	 0.512512	 0.816535	-0.184357	-0.487250	 0.790373
-0.712944	-0.369688	 0.499289	 0.124927	 0.300691	 0.647621	-0.047183	 1.010460	 0.813269	-0.653564	-0.487250	 0.810620
-0.713503	-0.357349	 0.499289	 0.311677	 0.300691	 0.454673	 0.000052	 1.256418	 0.810016	-0.885922	-0.487250	 0.819081
-0.712354	-0.351180	 0.499289	 0.405052	 0.300691	 0.358199	 0.023670	 0.876392	 0.806776	-0.999864	-0.487250	 0.821657
-0.710357	-0.348095	 0.499289	 0.451739	 0.300691	 0.309962	 0.035478	 0.686379	 0.803549	-1.054607	-0.487250	 0.821297
-0.707942	-0.346553	 0.499289	 0.475083	 0.300691	 0.285843	 0.041383	 0.591372	 0.800335	-1.079761	-0.487250	 0.819474
-0.205323	-0.345782	 0.499289	 0.486755	 0.300691	 0.273784	 0.044335	 0.543869	 0.797133	-1.090127	-0.487250	 0.816928
 0.045986	-0.345396	 0.499289	 0.492591	 0.300691	 0.267754	 0.045811	 0.520117	 0.793945	-1.093110	-0.487250	 0.814026
 0.171641	-0.345204	 0.499289	 0.495509	-0.199309	 0.264739	 0.046549	 0.508242	 0.790769	-0.592409	-0.487250	 0.810953
 0.234468	-0.345107	 0.499289	 0.496968	-0.447910	 0.263232	 0.046918	 0.502304	 0.787606	-0.342058	-0.487250	 0.807800
-0.234119	-0.845059	 0.499289	-0.002303	-0.070818	 0.262478	 0.047103	 0.499335	 0.784455	-0.716883	-0.487250	 0.804615
-0.467006	-1.092345	 0.499289	-0.250935	 0.117728	 0.262101	 0.047195	 0.497850	 0.781318	-0.902112	-0.487250	 0.801419
-0.082050	-1.213309	 0.499289	 0.124749	 0.212001	 0.261913	 0.047241	 0.497108	 0.778192	-0.992552	-0.487250	 0.798225
 0.110428	-1.271122	 0.499289	 0.311590	 0.259138	 0.261819	 0.047264	 0.496737	 0.775080	-1.035606	-0.487250	 0.795038
 0.206667	-1.297371	 0.499289	 0.405011	 0.282706	 0.261772	 0.047276	 0.496551	 0.771979	-1.054975	-0.487250	 0.791861
-0.245214	-0.807848	 0.499289	 0.451721	 0.294490	 0.261748	 0.047281	 0.996459	 0.768891	-1.062511	-0.487250	 0.788695
-0.469760	-0.563086	 0.499289	 0.475076	 0.300382	 0.261736	 0.047284	 1.243419	 0.765816	-1.064139	-0.487250	 0.785541
-0.580644	-0.940706	 0.499289	 0.486754	 0.303328	 0.261730	 0.047286	 1.363919	 0.762753	-1.062822	-0.487250	 0.782399
-0.634704	-1.126879	 0.499289	 0.492592	 0.304801	 0.261727	 0.047286	 1.421200	 0.759701	-1.060040	-0.487250	 0.779269
-0.660356	-1.217339	 0.499289	 0.495512	 0.305538	 0.261726	 0.047287	 0.946884	 0.756663	-0.556535	-0.487250	 0.776152
-0.671810	-1.259954	 0.499289	 0.496971	 0.305906	 0.261725	 0.047287	 0.709725	 0.753636	-0.304782	-0.487250	 0.773048
-0.676170	-1.278656	 0.499289	 0.497701	 0.306090	 0.261725	 0.047287	 1.091146	 0.750621	-0.178905	-0.487250	 0.769956
-0.676989	-1.285412	 0.499289	 0.498066	 0.306182	 0.261725	 0.047287	 1.278912	 0.747619	-0.115967	-0.487250	 0.766876
-0.676043	-1.286206	 0.499289	 0.498249	 0.306228	 0.261725	 0.047287	 1.369861	 0.744629	-0.084498	-0.487250	 0.763808
-0.674220	-1.284029	 0.499289	-0.001660	 0.306251	 0.261725	-0.452713	 0.912414	 0.741650	-0.568764	-0.487250	 0.760753
-0.671964	-1.280377	 0.499289	-0.250611	 0.306263	 0.261724	-0.700807	 0.683690	 0.738683	-0.808790	-0.487250	 0.757710
-0.169496	-1.275997	 0.499289	 0.124913	 0.306268	 0.261724	-1.322957	 0.569329	 0.735729	-0.426706	-0.487250	 0.754679
 0.081738	-1.271264	 0.499289	 0.311674	 0.306271	 0.261724	-1.630141	 0.512148	 0.732786	-0.235664	-0.487250	 0.751660
-0.292645	-0.766365	 0.499289	-0.094945	-0.193727	 0.761724	-0.779859	 0.483557	 0.729855	-0.140143	-0.487250	 0.748654
-0.478503	-0.513915	 0.499289	-0.297252	-0.442339	 1.009201	-0.354718	 0.469262	 0.726935	-0.092382	-0.487250	 0.745659
-0.070103	-0.387690	 0.499289	 0.101595	-0.065263	 0.130426	-0.142147	 0.462115	 0.724027	-0.568502	-0.487250	 0.242677
 0.134097	-0.324577	 0.499289	 0.300018	 0.123275	-0.307465	-0.035862	 0.458541	 0.721131	-0.804473	-0.487250	-0.008815
 0.236197	-0.293021	 0.499289	 0.399229	 0.217544	-0.524920	 0.017281	 0.456754	 0.718247	-0.920377	-0.487250	-0.134560
 0.287247	-0.777243	 0.499289	 0.448835	 0.264678	-0.132162	 0.043852	 0.955860	 0.715374	-0.476257	-0.487250	 0.302567
 0.312772	-1.016831	 0.499289	 0.473637	 0.288246	 0.064216	 0.057138	 1.202504	 0.712512	-0.254197	-0.487250	 0.519651
-0.174465	-1.134112	 0.499289	 0.486039	-0.199971	 0.162406	 0.063780	 0.822927	 0.209662	-0.143166	-0.487250	 0.626720
-0.416761	-1.190250	 0.499289	 0.492239	-0.442703	 0.211500	 0.067102	 0.633139	-0.041763	-0.087651	-0.487250	 0.678786
-0.036590	-1.215826	 0.499289	 0.495340	-0.062698	 0.236048	 0.068763	 0.538245	 0.332525	-0.559894	-0.487250	 0.703358
 0.153495	-1.226132	 0.499289	 0.496890	 0.127305	 0.248322	 0.069593	 0.490798	 0.518255	-0.793951	-0.487250	 0.714188
 0.248538	-1.228811	 0.499289	 0.497665	 0.222306	 0.254458	 0.070008	 0.967074	 0.609712	-0.908923	-0.487250	 0.718153
 0.296059	-1.227688	 0.499289	 0.498053	 0.269807	 0.257527	 0.070216	 1.202326	 0.654038	-0.964362	-0.487250	 0.718691
 0.319820	-1.224673	 0.499289	 0.498246	 0.293557	 0.259061	 0.070319	 1.317076	 0.674805	-0.990041	-0.487250	 0.717522
 0.331700	-1.220723	 0.499289	 0.498343	 0.305432	 0.259828	 0.070371	 0.871588	 0.683797	-1.000850	-0.487250	 0.715504
