 0.485531	 0.498463	 0.498640	 0.460719	 0.958960	 0.469950	 0.312364	 0.667505	 0.498486	 0.232212	-0.318034	 0.499644
-0.007614	 0.498463	 0.498640	 0.960719	-0.037123	 0.476814	 0.312364	 0.664835	-0.001514	-0.267788	-0.318080	 0.499644
-0.253186	 0.498463	 0.498640	 1.207798	-0.533099	 0.480246	 0.312364	 0.662176	-0.250511	-0.516252	-0.318103	 0.499644
-0.375972	 0.498463	 0.498640	 0.828427	 0.220972	 0.481963	 0.312364	 0.659527	-0.375010	-0.138955	-0.318115	 0.499644
-0.437364	 0.498463	 0.498640	 0.638742	 0.596057	 0.482821	 0.312364	 0.656889	-0.437259	 0.049693	-0.318121	 0.499644
-0.468061	 0.498463	 0.498640	 0.543899	 0.781657	 0.483250	 0.312364	 0.654261	-0.468384	 0.144018	-0.318123	 0.499644
 0.016591	 0.498463	 0.498640	 0.496478	 0.372523	 0.483464	 0.312364	 0.651644	 0.016054	 0.191180	-0.318125	 0.499644
 0.257914	 0.498463	 0.498640	 0.472767	 0.167956	 0.483571	 0.312364	 0.649038	 0.257272	 0.214761	-0.318126	 0.499644
-0.121424	 0.498463	 0.498640	 0.460912	 0.565672	 0.483625	 0.312364	 0.646441	 0.377881	 0.226552	-0.318126	 0.499644
-0.310092	 0.498463	 0.498640	 0.454984	 0.762604	 0.483652	 0.312364	 0.643856	 0.438185	 0.232447	-0.318126	 0.499644
 0.095575	 0.498463	 0.498640	 0.452021	 0.359150	 0.483665	 0.312364	 0.641280	 0.468338	 0.235394	-0.318126	 0.499644
 0.297405	 0.498463	 0.498640	 0.450539	 0.157424	 0.483672	 0.312364	 0.638715	 0.483414	 0.236868	-0.318126	 0.499644
-0.101679	 0.498463	 0.498640	 0.449798	 0.556560	 0.483675	 0.312364	 0.636160	 0.490952	 0.237605	-0.318126	 0.499644
-0.300220	 0.498463	 0.498640	 0.449427	 0.754217	 0.483677	 0.312364	 0.633616	 0.494721	 0.237974	-0.318126	 0.499644
-0.399491	 0.498463	 0.498640	 0.449242	 0.851142	 0.483678	 0.312364	 0.631081	 0.496605	 0.238158	-0.318126	 0.499644
 0.050874	 0.498463	 0.498640	 0.449149	 0.397708	 0.483678	 0.312364	 0.628557	 0.497548	 0.238250	-0.318126	 0.499644
 0.275054	 0.498463	 0.498640	 0.449103	 0.170991	 0.483678	 0.312364	 0.626043	 0.498019	 0.238296	-0.318126	 0.499644
 0.387144	 0.498463	 0.498640	 0.449080	 0.557633	 0.483678	 0.312364	 0.623538	 0.498254	 0.238319	-0.318126	 0.499644
 0.443189	 0.498463	 0.498640	 0.449068	 0.749065	 0.483679	 0.312364	 0.621044	 0.498372	 0.238331	-0.318126	 0.499644
-0.028789	 0.498463	 0.498640	 0.449063	 0.342900	 0.483679	 0.312364	 0.618560	 0.498431	 0.238336	-0.318126	 0.499644
-0.263776	 0.498463	 0.498640	 0.449060	 0.139818	 0.483679	 0.312364	 0.616086	 0.498460	 0.238339	-0.318126	 0.499644
 0.118731	 0.498463	 0.498640	 0.449058	 0.538277	 0.483679	 0.312364	 0.613621	 0.498475	 0.238341	-0.318126	 0.499644
 0.308981	 0.498463	 0.498640	 0.449058	 0.735632	 0.483679	 0.312364	 0.611167	 0.498482	 0.238341	-0.318126	 0.499644
 0.404107	 0.498463	 0.498640	 0.449057	 0.832444	 0.483679	 0.312364	 0.608722	 0.498486	 0.238342	-0.318126	 0.499644
 0.451669	 0.498463	 0.498640	 0.449057	 0.878992	-0.016321	 0.312364	 0.606287	 0.498488	 0.238342	-0.318126	 0.499644
 0.475451	 0.498463	 0.498640	 0.449057	 0.900415	-0.265289	 0.312364	 0.603862	 0.498489	 0.238342	-0.318126	 0.499644
 0.487341	 0.498463	 0.498640	 0.449057	 0.909282	 0.111256	 0.312364	 0.601447	 0.498489	 0.238342	-0.318126	 0.499644
 0.493287	 0.498463	 0.498640	 0.449057	 0.911880	 0.299528	 0.312364	 0.599041	 0.498490	 0.238342	-0.318126	 0.499644
 0.496259	 0.498463	 0.498640	 0.949057	 0.411350	 0.393665	 0.312364	 0.596645	 0.498490	 0.238342	-0.318126	 0.499644
 0.497746	 0.498463	 0.498640	 1.196159	 0.161085	 0.440733	 0.312364	 0.594258	 0.498490	 0.238342	-0.318126	 0.499644
 0.498489	 0.498463	 0.498640	 1.316823	 0.535952	 0.464267	 0.312364	 0.591881	 0.498490	 0.238342	-0.318126	 0.499644
 0.498861	 0.498463	 0.498640	 1.374280	 0.721564	 0.476034	 0.312364	 0.589514	 0.498490	 0.238342	-0.318126	 0.499644
 0.499046	 0.498463	 0.498640	 1.400146	 0.812556	 0.481917	 0.312364	 0.587156	 0.498490	 0.238342	-0.318126	 0.499644
 0.499139	 0.498463	 0.498640	 0.910226	 0.356244	 0.484859	 0.312364	 0.584807	 0.498490	 0.238342	-0.318126	 0.499644
 0.499186	 0.498463	 0.498640	 0.665266	 0.128089	 0.486330	 0.312364	 0.582468	 0.498490	 0.238342	-0.318126	 0.499644
 0.499209	 0.498463	 0.498640	 0.542786	 0.514011	 0.487065	 0.312364	 0.080138	 0.498490	 0.238342	-0.318126	 0.499644
 0.499220	 0.498463	 0.498640	 0.481547	 0.705172	 0.487433	 0.312364	-0.171027	 0.498490	 0.238342	-0.318126	 0.499644
 0.499226	 0.498463	 0.498640	 0.950927	 0.798960	-0.012383	 0.312364	 0.203391	 0.498490	 0.238342	-0.318126	 0.499644
 0.499229	 0.498463	 0.498640	 1.182776	 0.844069	-0.261267	 0.312364	 0.389444	 0.498490	 0.238342	-0.318126	 0.499644
-0.000769	 0.498463	 0.498640	 0.795871	 0.864845	 0.115312	 0.312364	 0.481319	 0.498490	 0.238342	-0.318126	 0.499644
-0.249767	 0.498463	 0.498640	 0.602419	 0.873461	 0.303601	 0.312364	 0.526111	 0.498490	 0.238342	-0.318126	 0.499644
-0.374266	 0.498463	 0.498640	 0.505693	 0.876005	 0.397746	 0.312364	 0.547365	 0.498490	 0.238342	-0.318126	 0.499644
 0.063485	 0.498463	 0.498640	 0.457330	 0.875520	 0.444818	 0.312364	 0.556854	 0.498490	 0.238342	-0.318126	 0.499644
 0.281357	 0.498463	 0.498640	 0.433148	 0.873528	 0.468354	 0.312364	 0.560466	 0.498490	 0.238342	-0.318126	 0.499644
 0.390294	 0.498463	 0.498640	 0.921058	 0.870789	 0.980122	 0.312364	 0.561144	 0.498490	 0.238342	-0.318126	 0.499644
 0.444762	 0.498463	 0.498640	 1.162194	 0.867683	 1.233022	 0.312364	 0.560360	 0.498490	 0.238342	-0.318126	 0.499644
 0.471996	 0.498463	 0.498640	 1.279956	 0.864401	 1.856501	 1.312364	 0.558848	 0.498490	 1.238342	-0.318126	 0.499644
 0.485613	 0.498463	 0.498640	 1.336041	 0.861037	 2.163280	 1.807739	 0.556978	 0.498490	 1.733865	-0.318126	 0.499644
-0.007578	 0.498463	 0.498640	 1.361300	 0.857640	 2.311729	 2.550821	 0.054932	 0.498490	 1.977168	-0.318126	 0.499644
-0.253172	 0.498463	 0.498640	 1.371156	 0.854234	 2.381034	 2.915774	-0.196090	 0.498490	 2.094379	-0.318126	 0.499644
-0.375970	 0.498463	 0.498640	 1.373322	 0.850828	 2.410785	 3.091689	-0.321602	 0.498490	 2.148561	-0.318126	 0.499644
 0.062632	 0.498463	 0.498640	 0.871654	 0.847431	 2.420780	 3.673111	-1.884357	-1.001510	 2.671246	-0.318126	 0.499644
 0.280930	 0.498463	 0.498640	 0.620820	 0.844044	 2.420916	 3.955313	-2.658841	-1.746507	 2.926201	-0.318126	 0.499644
 0.390079	 0.498463	 0.498640	 0.995403	 0.840669	 2.916142	 4.087939	-4.039216	-2.614023	 4.547316	-0.318126	 0.499644
 0.444654	 0.498463	 0.498640	 1.179955	 0.837308	 3.156932	 4.145811	-4.718565	-3.040817	 5.345537	-0.318126	 0.499644
 0.471941	 0.498463	 0.498640	 0.769501	 0.833959	 3.770531	 4.166339	-5.047443	-4.247279	 5.732360	-0.318126	 0.499644
 0.485585	 0.498463	 0.498640	 0.564275	 0.830623	 4.068563	 4.168230	-5.201129	-4.839603	 5.913533	-0.318126	 0.499644
 0.492407	 0.498463	 0.498640	 0.461661	 0.827301	 4.208846	 4.160835	-5.267263	-4.124901	 5.491930	-0.318126	 0.499644
 0.495817	 0.498463	 0.498640	 0.410355	 0.823991	 4.270289	 4.148831	-5.289663	-3.760729	 5.270988	-0.318126	 0.499644
 0.497523	 0.498463	 0.498640	 0.384701	 0.820696	 4.292347	 4.134555	-5.290239	-3.571851	 5.150417	-0.318126	 0.499644
 0.498376	 0.498463	 0.498640	 0.871875	 0.817413	 3.294747	 4.619176	-5.279945	-3.470645	 5.580072	-0.318126	 0.499644
 0.498802	 0.498463	 0.498640	 1.112743	 0.814143	 2.791353	 4.851279	-5.264259	-3.413304	 5.782880	-0.318126	 0.499644
 0.499015	 0.498463	 0.498640	 0.730470	 0.810887	 2.535080	 4.457164	-5.245919	-2.877921	 5.872312	-0.318126	 0.499644
 0.499122	 0.498463	 0.498640	 0.539334	 0.807643	 2.402386	 4.251981	-5.226294	-2.605545	 5.905105	-0.318126	 0.499644
 0.499175	 0.498463	 0.498640	 0.443766	 0.804412	 1.831499	 4.141295	-4.206068	-2.464690	 4.409626	-0.318126	 0.499644
 0.499202	 0.498463	 0.498640	 0.395982	 0.801195	 1.543535	 4.077891	-3.689583	-2.389615	 3.656058	-0.318126	 0.499644
-0.000785	 0.498463	 0.498640	 0.372090	 0.797990	 0.897041	 2.038160	-2.924995	-1.847449	 1.273469	-0.318126	 0.499644
-0.249777	 0.498463	 0.498640	 0.360143	 0.794798	 0.573795	 1.018295	-2.538379	-1.573755	 0.084392	-0.318126	 0.499644
-0.374273	 0.498463	 0.498640	 0.354170	 0.791619	 0.412171	 0.508362	-2.340768	-1.434308	-0.507936	-0.318126	 0.499644
-0.436521	 0.498463	 0.498640	 0.351184	 0.788452	 0.331360	-0.246604	-1.237677	-0.361994	-1.301900	-0.318126	 0.499644
-0.467645	 0.498463	 0.498640	 0.349691	 0.785299	 0.290954	-0.622084	-0.686131	 0.172742	-1.694690	-0.318126	 0.499644
 0.016793	 0.498463	 0.498640	 0.848944	 0.782157	-0.229249	-0.807829	-0.410358	 0.438695	-1.886911	-0.318126	 0.499644
 0.258010	 0.498463	 0.498640	 1.095874	 0.779029	-0.487852	-0.898715	-0.272471	 0.570262	-1.978862	-0.318126	 0.499644
 0.378618	 0.498463	 0.498640	 0.716654	 0.775913	-0.115660	-0.442178	-0.703528	 0.634642	-1.020697	-0.318126	 0.499644
 0.438922	 0.498463	 0.498640	 0.527044	 0.772809	 0.070436	-0.213910	-0.916787	 0.665434	-0.541614	-0.318126	 0.499644
 0.469074	 0.498463	 0.498640	 0.432239	 0.769718	 0.163484	-0.099776	-1.021157	 0.679437	-0.802072	-0.318126	 0.499644
 0.484150	 0.498463	 0.498640	 0.384836	 0.766639	 0.210008	-0.042709	-1.071090	 0.685052	-0.930177	-0.318126	 0.499644
 0.491689	 0.498463	 0.498640	 0.361135	 0.763572	 0.233270	-0.014175	-1.093815	 0.686478	-0.992112	-0.318126	 0.499644
 0.495458	 0.498463	 0.498640	 0.349284	 0.760518	-0.255099	 0.000092	-0.602944	 0.185815	-0.520972	-0.318126	 0.499644
 0.497342	 0.498463	 0.498640	 0.343359	 0.757476	-0.497797	 0.007225	-0.357509	-0.064516	-0.285402	-0.318126	 0.499644
 0.498284	 0.498463	 0.498640	 0.340396	 0.754446	-0.117665	 0.010792	-0.234791	 0.310318	-0.667617	-0.318126	 0.499644
 0.498755	 0.498463	 0.498640	 0.338915	 0.751428	 0.072401	 0.012575	-0.173433	 0.496365	-0.856624	-0.318126	 0.499644
 0.498991	 0.498463	 0.498640	 0.338174	 0.248423	 0.167434	 0.013467	-0.142753	 0.588024	-0.449037	-0.318126	 0.499644
 0.499109	 0.498463	 0.498640	 0.337804	-0.003080	 0.214951	 0.013913	-0.127413	 0.632494	-0.245243	-0.318126	 0.499644
-0.000832	 0.498463	 0.498640	 0.337619	 0.371168	 0.238709	 0.014136	-0.119744	 0.653375	-0.643346	-0.318126	 0.499644
-0.249801	 0.498463	 0.498640	 0.337526	 0.556802	 0.250588	 0.014247	-0.115909	 0.662467	-0.840315	-0.318126	 0.499644
-0.374286	 0.498463	 0.498640	 0.337480	 0.648134	 0.256528	 0.014303	-0.113991	 0.665670	-0.936725	-0.318126	 0.499644
 0.063472	 0.498463	 0.498640	 0.337457	 0.692321	-0.240502	 0.014331	-0.113033	 0.665933	-0.482864	-0.318126	 0.499644
 0.281348	 0.498463	 0.498640	 0.337445	 0.712941	-0.487542	 0.014345	-0.112553	 0.664733	-0.255933	-0.318126	 0.499644
-0.109714	 0.498463	 0.498640	 0.337439	 0.221784	-0.109593	 0.014352	-0.112313	 0.662806	-0.142468	 0.181874	 0.499644
-0.304243	 0.498463	 0.498640	 0.337436	-0.023794	 0.079381	 0.014355	-0.112194	 0.660520	-0.085735	 0.430510	 0.499644
 0.098492	 0.498463	 0.498640	 0.337435	-0.146583	 0.173869	 0.014357	-0.112134	 0.658061	-0.057368	 0.053470	 0.499644
 0.298858	 0.498463	 0.498640	 0.337434	-0.207978	 0.221112	 0.014358	-0.112104	 0.655520	-0.043185	-0.135050	 0.499644
-0.100960	 0.498463	 0.498640	 0.337434	-0.238675	 0.244734	 0.014358	-0.112089	 0.652944	-0.036094	-0.229310	 0.499644
-0.299867	 0.498463	 0.498640	 0.337434	-0.254024	 0.256545	 0.014358	-0.112081	 0.650355	-0.032548	-0.276440	 0.499644
-0.399320	 0.498463	 0.498640	 0.337434	-0.261698	 0.262450	 0.014358	-0.112078	 0.647765	-0.030775	-0.300005	 0.499644
 0.050953	 0.498463	 0.498640	 0.337433	 0.234464	 0.265403	 0.014358	-0.112076	 0.645180	-0.029889	-0.311788	 0.499644
 0.275087	 0.498463	 0.498640	 0.337433	 0.481085	 0.266879	 0.014358	-0.112075	 0.642602	-0.029445	-0.317679	 0.499644
 0.387154	 0.498463	 0.498640	 0.337433	 0.602939	-0.232382	 0.014359	-0.112074	 0.640033	-0.029224	-0.320625	 0.499644
 0.443188	 0.498463	 0.498640	 0.337433	 0.662417	-0.480550	 0.014359	-0.112074	 0.637473	-0.029113	-0.322098	 0.499644
 0.471204	 0.498463	 0.498640	 0.337433	 0.190712	-0.103176	 0.014359	-0.112074	 0.634924	-0.029058	-0.322834	 0.499644
 0.485213	 0.498463	 0.498640	 0.337433	-0.045140	 0.085510	 0.014359	-0.112074	 0.632384	-0.029030	-0.323202	 0.499644
-0.007783	 0.498463	 0.498640	 0.337433	 0.336933	 0.179854	 0.014359	-0.112074	 0.629855	-0.029016	-0.323386	 0.499644
-0.253279	 0.498463	 0.498640	 0.337433	 0.526532	 0.227026	 0.014359	-0.112074	 0.627335	-0.029009	-0.323478	 0.499644
-0.376028	 0.498463	 0.498640	 0.337433	 0.619899	 0.250611	 0.014359	-0.112074	 0.624826	-0.029006	-0.323524	 0.499644
 0.062598	 0.498463	 0.498640	 0.337433	 0.665157	 0.262404	 0.014359	-0.112074	 0.622327	-0.029004	 0.176453	 0.499644
 0.280909	 0.498463	 0.498640	 0.337433	 0.686364	 0.268301	 0.014359	-0.112074	 0.619837	-0.029003	 0.425088	 0.499644
 0.390064	 0.498463	 0.498640	 0.337433	 0.695553	 0.271249	 0.014359	-0.112074	 0.617358	-0.029003	 0.048059	 0.499644
 0.444642	 0.498463	 0.498640	 0.337433	 0.698738	 0.272723	 0.014359	-0.112074	 0.614889	-0.029002	-0.140456	 0.499644
 0.471931	 0.498463	 0.498640	 0.337433	 0.198926	 0.273460	 0.014359	-0.112074	 0.612429	-0.029002	-0.234714	 0.499644
 0.485575	 0.498463	 0.498640	 0.337433	-0.050979	 0.273829	 0.014359	-0.112074	 0.609979	-0.029002	-0.281842	 0.499644
-0.007603	 0.498463	 0.498640	 0.837433	 0.324068	 0.274013	 0.014359	-0.112074	 0.607540	-0.029002	-0.305407	 0.499644
-0.253190	 0.498463	 0.498640	 1.084759	 0.510193	 0.274105	 0.014359	-0.112074	 0.605109	-0.029002	-0.317189	 0.499644
 0.124016	 0.498463	 0.498640	 0.705757	 0.601863	 0.274151	 0.014359	-0.112074	 0.602689	-0.029002	-0.323080	 0.499644
 0.311617	 0.498463	 0.498640	 0.516256	 0.646311	 0.274174	 0.014359	-0.112074	 0.600278	-0.029002	-0.326025	 0.499644
 0.405417	 0.498463	 0.498640	 0.421506	 0.667154	 0.274186	 0.014359	-0.112074	 0.597877	-0.029002	-0.327498	 0.499644
 0.452317	 0.498463	 0.498640	 0.374131	 0.676199	 0.274192	 0.014359	-0.112074	 0.595486	-0.029002	-0.328235	 0.499644
 0.475767	 0.498463	 0.498640	 0.350443	 0.679351	 0.274194	 0.014359	-0.112074	 0.593104	-0.029002	-0.328603	 0.499644
-0.012507	 0.498463	 0.498640	 0.338599	 0.179562	-0.225804	 0.014359	-0.112074	 0.590731	-0.029002	-0.328787	 0.499644
-0.255643	 0.498463	 0.498640	 0.332677	-0.070332	-0.474352	 0.014359	-0.112074	 0.588368	-0.029002	-0.328879	 0.499644
-0.377211	 0.498463	 0.498640	 0.329716	-0.195280	-0.097180	 0.014359	-0.112074	 0.586015	-0.029002	-0.328925	 0.499644
-0.437995	 0.498463	 0.498640	 0.328236	-0.257753	 0.091406	 0.014359	-0.112074	 0.583671	-0.029002	-0.328948	 0.499644
-0.468387	 0.498463	 0.498640	 0.327496	 0.211010	-0.314301	 0.014359	-0.112074	 0.581336	-0.029002	-0.328960	 0.499644
-0.483583	 0.498463	 0.498640	 0.327126	 0.444032	-0.515714	 0.014359	-0.112074	 0.579011	-0.029002	-0.328965	 0.499644
-0.491181	 0.498463	 0.498640	 0.326940	 0.559189	-0.614987	 0.014359	-0.112074	 0.576695	-0.029002	-0.328968	 0.499644
 0.005020	 0.498463	 0.498640	 0.326848	 0.115419	-0.663195	 0.014359	-0.112074	 0.574388	-0.029002	-0.328970	 0.499644
 0.252118	 0.498463	 0.498640	 0.326802	-0.106466	-0.685876	 0.014359	-0.112074	 0.572090	-0.029002	-0.328970	 0.499644
 0.375667	 0.498463	 0.498640	 0.326779	 0.282591	-0.195799	 0.014359	-0.112074	 0.569802	-0.029002	-0.328971	 0.499644
 0.437441	 0.498463	 0.498640	 0.326767	 0.475776	 0.049239	 0.014359	-0.112074	 0.567523	-0.029002	-0.328971	 0.499644
 0.468329	 0.498463	 0.498640	 0.826761	 0.571031	 0.171758	 0.014359	-0.112074	 0.565253	-0.029002	-0.328971	 0.499644
 0.483772	 0.498463	 0.498640	 1.074105	 0.617326	 0.233018	 0.014359	-0.112074	 0.562992	-0.029002	-0.328971	 0.499644
 0.491494	 0.498463	 0.498640	 0.695134	 0.639146	 0.263648	 0.014359	-0.112074	 0.560740	-0.029002	-0.328971	 0.499644
 0.495355	 0.498463	 0.498640	 0.505648	 0.648734	 0.278963	 0.014359	-0.112074	 0.558497	-0.029002	-0.328971	 0.499644
 0.497285	 0.498463	 0.498640	 0.410905	 0.652212	 0.286620	 0.014359	-0.112074	 0.556263	-0.029002	-0.328971	 0.499644
 0.498251	 0.498463	 0.498640	 0.363534	 0.652639	 0.290449	 0.014359	-0.112074	 0.054038	-0.029002	-0.328971	 0.499644
 0.498733	 0.498463	 0.498640	 0.339848	 0.651547	 0.292363	 0.014359	-0.112074	-0.197075	-0.029002	-0.328971	 0.499644
-0.001026	 0.498463	 0.498640	 0.328005	 0.649699	 0.293320	 0.014359	-0.112074	-0.322631	-0.029002	-0.328971	 0.499644
-0.249903	 0.498463	 0.498640	 0.322084	 0.647480	 0.293799	 0.014359	-0.112074	-0.385409	-0.029002	-0.328971	 0.499644
 0.125658	 0.498463	 0.498640	 0.819123	 0.645080	 0.294038	 0.014359	-0.112074	-0.416798	-0.029002	-0.328971	 0.499644
 0.312436	 0.498463	 0.498640	 1.065011	 0.642595	 0.294158	 0.014359	-0.112074	-0.432493	-0.029002	-0.328971	 0.499644
 0.405825	 0.498463	 0.498640	 0.685332	 0.640072	 0.294218	 0.014359	-0.112074	 0.059660	 0.470998	 0.171029	 0.499644
 0.452520	 0.498463	 0.498640	 0.495493	 0.637535	 0.294248	 0.014359	-0.112074	 0.304633	 0.719056	 0.419687	 0.499644
 0.475867	 0.498463	 0.498640	 0.400574	 0.634997	 0.294263	 0.014359	-0.112074	 0.426020	 0.841151	 0.542679	 0.499644
 0.487540	 0.498463	 0.498640	 0.853114	 0.632463	 0.294270	 0.014359	-0.112074	 0.485619	 0.400272	 0.102844	 0.499644
 0.493377	 0.498463	 0.498640	 1.076773	 0.629936	 0.294274	 0.014359	-0.112074	 0.514328	 0.179832	-0.117074	 0.499644
 0.496296	 0.498463	 0.498640	 1.186001	 0.627418	 0.294276	 0.014359	-0.112074	 0.527596	 0.069612	-0.227032	 0.499644
 0.497755	 0.498463	 0.498640	 1.238025	 0.624909	 0.294277	 0.014359	-0.112074	 0.533148	 0.014502	-0.282012	 0.499644
-0.001516	 0.498463	 0.498640	 1.261457	 0.622409	 0.294277	 0.014359	-0.112074	 0.534847	-0.013053	-0.309502	 0.499644
-0.250149	 0.498463	 0.498640	 1.270603	 0.619920	 0.294277	 0.014359	-0.112074	 0.534624	-0.026830	-0.323246	 0.499644
-0.374466	 0.498463	 0.498640	 1.272617	 0.617440	 0.294277	 0.014359	 0.387926	 0.533443	-0.033719	-0.330119	 0.499644
-0.436624	 0.498463	 0.498640	 1.271074	 0.614971	 0.294277	 0.014359	 0.636150	 0.531788	-0.037163	-0.333555	 0.499644
-0.467704	 0.498463	 0.498640	 1.267764	 0.612511	 0.294278	 0.014359	 0.758494	 0.529900	-0.038885	-0.335273	 0.499644
 0.016757	 0.498463	 0.498640	 0.763580	 0.610061	 0.294278	 0.014359	 0.817904	 0.527901	-0.039746	-0.336132	 0.499644
 0.257985	 0.498463	 0.498640	 0.511488	 0.607621	 0.294278	 0.014359	 0.845854	 0.525849	-0.040177	-0.336562	 0.499644
 0.378598	 0.498463	 0.498640	 0.385442	 0.605190	 0.294278	 0.014359	 0.358082	 0.523775	-0.040392	-0.336776	 0.499644
 0.438905	 0.498463	 0.498640	 0.322419	 0.602769	 0.294278	 0.014359	 0.114195	 0.521695	-0.040500	-0.336884	 0.499644
-0.030941	 0.498463	 0.498640	-0.209093	 0.600358	 0.294278	 0.014359	 0.492252	 0.519616	-0.040554	-0.336938	 0.499644
-0.264863	 0.498463	 0.498640	-0.473367	 0.597957	 0.294278	 0.014359	 0.679540	 0.517541	-0.040581	-0.336964	 0.499644
 0.118176	 0.498463	 0.498640	 0.395971	 0.095565	 0.294278	 0.014359	 0.271450	 0.015473	-0.040594	-0.336978	 0.499644
 0.308693	 0.498463	 0.498640	 0.828109	-0.155631	 0.294278	 0.014359	 0.067406	-0.235561	-0.040601	-0.336985	 0.499644
 0.403952	 0.498463	 0.498640	 1.041658	-0.281229	 0.294278	 0.014359	-0.034617	-0.361078	-0.040604	-0.336988	 0.499644
 0.451581	 0.498463	 0.498640	 1.145922	 0.155972	 0.294278	 0.014359	 0.414372	 0.076163	-0.040606	-0.336990	 0.499644
 0.475396	 0.498463	 0.498640	 1.195553	 0.373386	 0.294278	 0.014359	 0.637140	 0.293757	-0.040607	-0.336990	 0.499644
 0.487303	 0.498463	 0.498640	 1.217879	-0.019088	-0.205722	 0.014359	 0.246804	-0.098469	-0.040607	-0.336991	 0.499644
 0.493257	 0.498463	 0.498640	 1.226561	-0.215325	-0.454311	 0.014359	 0.051636	-0.294582	-0.040607	-0.336991	 0.499644
-0.003766	 0.498463	 0.498640	 1.228432	 0.186556	-0.077200	 0.014359	-0.045948	 0.107362	-0.040607	 0.163009	 0.499644
-0.251276	 0.498463	 0.498640	 1.226907	 0.386320	 0.111356	 0.014359	-0.094740	 0.307315	-0.040608	 0.411683	 0.499644
-0.375031	 0.498463	 0.498640	 0.723693	 0.485029	 0.205634	 0.014359	-0.119136	-0.093723	-0.540608	 0.034699	 0.499644
-0.436909	 0.498463	 0.498640	 0.472086	 0.533217	 0.252773	 0.014359	-0.131334	-0.294242	-0.788526	-0.153793	 0.499644
-0.467847	 0.498463	 0.498640	 0.346283	 0.556148	 0.276343	 0.014359	-0.137433	-0.394501	-0.910413	-0.248039	 0.499644
 0.016683	 0.498463	 0.498640	 0.283381	 0.566455	 0.288127	 0.014359	-0.140483	 0.055369	-0.469292	-0.295162	 0.499644
 0.257946	 0.498463	 0.498640	 0.251931	 0.570455	 0.294020	 0.014359	-0.142008	 0.279294	-0.248731	-0.318723	 0.499644
-0.310105	 0.498463	 0.498640	 0.228342	-0.178268	-0.450161	 0.014359	 0.605136	 0.444725	-0.083310	-0.336394	 0.499644
 0.095553	 0.498463	 0.498640	 0.224411	-0.303055	-0.072330	 0.014359	 0.727383	 0.471963	-0.055740	-0.339339	 0.499644
 0.297380	 0.498463	 0.498640	 0.222445	-0.365449	 0.116586	 0.014359	 0.786807	 0.485582	-0.041955	-0.340812	 0.499644
-0.101706	 0.498463	 0.498640	 0.721463	 0.103354	 0.211044	 0.014359	 0.814826	 0.492391	-0.535063	-0.341548	 0.499644
-0.300248	 0.498463	 0.498640	 0.968530	 0.336612	 0.258273	 0.014359	 0.827151	 0.495796	-0.779560	-0.341917	 0.499644
-0.399519	 0.498463	 0.498640	 1.089633	 0.452100	 0.281887	 0.014359	 0.831634	 0.497498	-0.899761	-0.342101	 0.499644
 0.050846	 0.498463	 0.498640	 1.147763	 0.508710	 0.293694	 0.014359	 0.832203	-0.001651	-0.457821	-0.342193	 0.499644
 0.275026	 0.498463	 0.498640	 1.174416	 0.535884	 0.299598	 0.014359	 0.830822	-0.250223	-0.236851	-0.342239	 0.499644
 0.387116	 0.498463	 0.498640	 0.685340	 0.548345	 0.302550	 0.014359	 0.828473	 0.125490	-0.626366	-0.342262	 0.499644
 0.443161	 0.498463	 0.498640	 0.440802	 0.553453	 0.304026	 0.014359	 0.825646	 0.312345	-0.819092	-0.342273	 0.499644
 0.471183	 0.498463	 0.498640	 0.818534	 0.554891	 0.304764	 0.014359	 0.822587	 0.405772	-0.413431	-0.342279	 0.499644
 0.485194	 0.498463	 0.498640	 1.005007	 0.554497	 0.305133	 0.014359	 0.819418	 0.452485	-0.210601	-0.342282	 0.499644
 0.492200	 0.498463	 0.498640	 1.095860	 0.053191	-0.194683	 0.014359	 0.816201	 0.475842	-0.109186	 0.157717	 0.499644
 0.495703	 0.498463	 0.498640	 1.138913	-0.197461	-0.443202	 0.014359	 0.812967	 0.487521	-0.058478	 0.406401	 0.499644
 0.497454	 0.498463	 0.498640	 1.158076	-0.322787	-0.566078	 0.014359	 0.809730	 0.493360	-0.033124	 0.529432	 0.499644
 0.498330	 0.498463	 0.498640	 1.165303	 0.114549	-0.126138	 0.014359	 0.306499	 0.496279	-0.020448	 0.589643	 0.499644
 0.498768	 0.498463	 0.498640	 1.166572	 0.332114	 0.093832	 0.014359	 0.054883	 0.497739	-0.014109	 0.618449	 0.499644
 0.498987	 0.498463	 0.498640	 0.664870	 0.439797	 0.203817	 0.014359	-0.070924	 0.498469	-0.010940	 0.131557	 0.499644
 0.499096	 0.498463	 0.498640	 0.414019	 0.492544	 0.258810	 0.014359	-0.133828	 0.498834	-0.009355	-0.111888	 0.499644
-0.000849	 0.498463	 0.498640	 0.288594	 0.517826	 0.286306	 0.014359	-0.165280	 0.499017	-0.008563	-0.233611	 0.499644
-0.249820	 0.498463	 0.498640	 0.225881	 0.529381	 0.300054	 0.014359	-0.181006	 0.499108	-0.008167	-0.294473	 0.499644
 0.125694	 0.498463	 0.498640	 0.694525	 0.534077	 0.306928	 0.014359	 0.311131	 0.499153	-0.007969	-0.324903	 0.499644
 0.312449	 0.498463	 0.498640	 0.926520	 0.535347	 0.310365	 0.014359	 0.555593	 0.499176	-0.007870	-0.340119	 0.499644
 0.405827	 0.498463	 0.498640	 1.040201	 0.534909	 0.312084	 0.014359	 0.676224	 0.499188	-0.007820	-0.347726	 0.499644
 0.452515	 0.498463	 0.498640	 0.594734	 0.533621	 0.312943	 0.014359	 0.234945	 0.499193	-0.007795	-0.351530	 0.499644
 0.475860	 0.498463	 0.498640	 0.372000	 0.531913	 0.313373	 0.014359	 0.014306	 0.499196	-0.007783	-0.353432	 0.499644
 0.487532	 0.498463	 0.498640	 0.260633	 0.029998	 0.313587	 0.014359	 0.403987	-0.000802	-0.007777	-0.354383	 0.499644
 0.493368	 0.498463	 0.498640	 0.204950	-0.220959	 0.313695	 0.014359	 0.597240	-0.249800	-0.007774	-0.354859	 0.499644
 0.496286	 0.498463	 0.498640	 0.677108	 0.153562	 0.313749	-0.485641	 0.692285	 0.125701	-0.007772	-0.355096	 0.499644
 0.497745	 0.498463	 0.498640	 0.910889	 0.339766	 0.313775	-0.733670	 0.738233	 0.312449	-0.007771	-0.355215	 0.499644
 0.498474	 0.498463	 0.498640	 0.525490	-0.068183	 0.313789	-0.355721	 0.759639	-0.094177	-0.007771	-0.355275	 0.499644
 0.498839	 0.498463	 0.498640	 0.332790	-0.272158	 0.313795	-0.166747	 0.768779	-0.296488	-0.007771	-0.355304	 0.499644
 0.499022	 0.498463	 0.498640	 0.236440	-0.374146	 0.313799	-0.072259	 0.771794	-0.397644	-0.007771	-0.355319	 0.499644
-0.000887	 0.498463	 0.498640	 0.688265	-0.425139	 0.313801	-0.025016	 0.771752	 0.051778	-0.007771	-0.355327	 0.499644
-0.249840	 0.498463	 0.498640	 0.911898	-0.450636	 0.313801	-0.001394	 0.770187	 0.275487	-0.007771	-0.355330	 0.499644
-0.374316	 0.498463	 0.498640	 1.021443	-0.463385	 0.313802	 0.010417	 0.767867	 0.387341	-0.507771	-0.355332	 0.499644
-0.436555	 0.498463	 0.498640	 1.073954	-0.469759	 0.313802	 0.016322	 0.765177	 0.443269	-0.755755	-0.355333	 0.499644
 0.032326	 0.498463	 0.498640	 0.597956	 0.027054	 0.313802	 0.019275	 0.762306	 0.471232	-0.377740	-0.355334	 0.499644
 0.265764	 0.498463	 0.498640	 0.359957	 0.274413	 0.313802	 0.020752	 0.759352	 0.485214	-0.188732	-0.355334	 0.499644
-0.117517	 0.498463	 0.498640	 0.740958	 0.397049	-0.186198	 0.021490	 0.756362	 0.492205	-0.094228	 0.144666	 0.499644
-0.308156	 0.498463	 0.498640	 0.929214	 0.457327	-0.434825	 0.021859	 0.753361	 0.495700	-0.046976	 0.393377	 0.499644
-0.403475	 0.498463	 0.498640	 1.021107	 0.486431	-0.557772	 0.022043	 0.750359	 0.497448	-0.023351	 0.516448	 0.499644
 0.048865	 0.498463	 0.498640	 0.564828	 0.499952	-0.117884	 0.022136	 0.747364	 0.498322	-0.011538	 0.076704	 0.499644
 0.274033	 0.498463	 0.498640	 0.336688	 0.505686	 0.102060	 0.022182	 0.744377	 0.498759	-0.005631	-0.143168	 0.499644
 0.386617	 0.498463	 0.498640	 0.722618	 0.507530	-0.287968	 0.022205	 0.741401	 0.498977	-0.002678	-0.253103	 0.499644
 0.442909	 0.498463	 0.498640	 0.913366	 0.507433	-0.481626	 0.022216	 0.738436	 0.499087	-0.001201	-0.308071	 0.499644
-0.028945	 0.498463	 0.498640	 0.506532	 0.006370	-0.077105	 0.022222	 0.735483	 0.499141	-0.000463	-0.335555	 0.499644
-0.263871	 0.498463	 0.498640	 0.303115	-0.244162	 0.125156	 0.022225	 0.732541	 0.499168	-0.000094	-0.349297	 0.499644
 0.118667	 0.498463	 0.498640	 0.201406	 0.130572	 0.226286	 0.022226	 0.729611	 0.499182	 0.000091	-0.356168	 0.499644
 0.308933	 0.498463	 0.498640	 0.150552	 0.316929	 0.276852	 0.022227	 0.726693	 0.499189	 0.000183	-0.359604	 0.499644
 0.404066	 0.498463	 0.498640	 0.625125	 0.409101	 0.302134	 0.022228	 0.723786	 0.499192	 0.000229	-0.361322	 0.499644
 0.451632	 0.498463	 0.498640	 0.860212	 0.454184	 0.314776	 0.022228	 0.720891	 0.499194	 0.000252	-0.362180	 0.499644
 0.475416	 0.498463	 0.498640	 0.975565	 0.476726	 0.321096	 0.022228	 0.718007	 0.499195	 0.000264	-0.362610	 0.499644
 0.487307	 0.498463	 0.498640	 1.031060	 0.487996	 0.324256	-0.477772	 0.715135	 0.499195	 0.000270	-0.362825	 0.499644
 0.493253	 0.498463	 0.498640	 1.056634	 0.493632	 0.325837	-0.725817	 0.712275	 0.499196	 0.000273	-0.362932	 0.499644
 0.496226	 0.498463	 0.498640	 0.567256	 0.496449	 0.326627	-0.347891	 0.709426	-0.000804	 0.000274	-0.362986	 0.499644
 0.497713	 0.498463	 0.498640	 0.322568	 0.497858	 0.327022	-0.158928	 0.706588	-0.249803	 0.000275	-0.363012	 0.499644
 0.498456	 0.498463	 0.498640	 0.200223	-0.001437	 0.327219	-0.064447	 0.703762	 0.125698	 0.000275	-0.363026	 0.499644
 0.498827	 0.498463	 0.498640	 0.139051	-0.250084	 0.327318	-0.017206	 0.700946	 0.312446	 0.000275	-0.363033	 0.499644
 0.499013	 0.498463	 0.498640	 0.608465	 0.125593	 0.327367	 0.006414	 0.698143	 0.405820	 0.000275	-0.363036	 0.499644
 0.499106	 0.498463	 0.498640	 0.841016	 0.312429	 0.327392	 0.018224	 0.695350	 0.452507	 0.000275	-0.363038	 0.499644
 0.499153	 0.498463	 0.498640	 0.955145	 0.405847	 0.327404	 0.024129	 0.692569	 0.475851	 0.000275	-0.363038	 0.499644
 0.499176	 0.498463	 0.498640	 0.510071	 0.452556	 0.327411	 0.027082	 0.689798	 0.487522	 0.000275	-0.363039	 0.499644
 0.499187	 0.498463	 0.498640	 0.287533	 0.475911	 0.327414	 0.028558	 0.687039	 0.493358	 0.000275	-0.363039	 0.499644
 0.499193	 0.498463	 0.498640	 0.676265	-0.012412	 0.327415	 0.029296	 0.684291	 0.496276	 0.000275	-0.363039	 0.499644
 0.499196	 0.498463	 0.498640	 0.868501	-0.255572	 0.327416	 0.029665	 0.681554	 0.497735	 0.000275	-0.363039	 0.499644
-0.000802	 0.498463	 0.498640	 0.962497	 0.122848	 0.327416	 0.029850	 0.678828	 0.498465	 0.000275	-0.363039	 0.499644
-0.249800	 0.498463	 0.498640	 1.007382	 0.311055	 0.327417	 0.029942	 0.676112	 0.498829	 0.000275	-0.363039	 0.499644
 0.125701	 0.498463	 0.498640	 1.027720	 0.405159	 0.327417	 0.029988	 0.673408	 0.499012	 0.000275	-0.363039	 0.499644
 0.312449	 0.498463	 0.498640	 1.035793	 0.452211	 0.327417	 0.030011	 0.670714	 0.499103	 0.000275	-0.363039	 0.499644
 0.405823	 0.498463	 0.498640	 1.037742	 0.475737	 0.327417	 0.030023	 0.668031	 0.499149	 0.000275	-0.363039	 0.499644
 0.452510	 0.498463	 0.498640	 0.536637	 0.487500	 0.327417	 0.030029	 0.165359	 0.499171	 0.000275	-0.363039	 0.499644
 0.475854	 0.498463	 0.498640	 0.286084	 0.493381	 0.327417	 0.030032	-0.085977	 0.499183	 0.000275	-0.363039	 0.499644
 0.487526	 0.498463	 0.498640	 0.660808	 0.496322	 0.327417	 0.030033	 0.288355	 0.499189	 0.000275	-0.363039	 0.499644
 0.493362	 0.498463	 0.498640	 0.846099	 0.497793	 0.327417	 0.030034	 0.474196	 0.499191	 0.000275	-0.363039	 0.499644
 0.496279	 0.498463	 0.498640	 0.436682	 0.498528	 0.327417	 0.030034	 0.565796	 0.499193	 0.000275	-0.363039	 0.499644
 0.497738	 0.498463	 0.498640	 0.231973	 0.498895	 0.327417	 0.030034	 0.610281	 0.499193	 0.000275	-0.363039	 0.499644
 0.498468	 0.498463	 0.498640	 0.629619	 0.499079	 0.327417	 0.030034	 0.631215	 0.499194	 0.000275	-0.363039	 0.499644
 0.498833	 0.498463	 0.498640	 0.826387	 0.499171	 0.327417	 0.030034	 0.640377	 0.499194	 0.000275	-0.363039	 0.499644
-0.000985	 0.498463	 0.498640	 0.922725	 0.499217	 0.327417	 0.030034	 0.643659	 0.499194	 0.000275	-0.363039	 0.499644
-0.249892	 0.498463	 0.498640	 0.968855	 0.499240	 0.327417	 0.030034	 0.644006	 0.499194	 0.000275	-0.363039	 0.499644
-0.374346	 0.498463	 0.498640	 0.489891	 0.499251	 0.327417	 0.030034	 0.642891	 0.499194	 0.000275	-0.363039	 0.499644
-0.436573	 0.498463	 0.498640	 0.250409	 0.499257	 0.327417	 0.030034	 0.641050	 0.499194	 0.000275	-0.363039	 0.499644
-0.467686	 0.498463	 0.498640	 0.630667	-0.000740	-0.172583	 0.030034	 0.638851	 0.499194	 0.000275	-0.363039	 0.499644
-0.483243	 0.498463	 0.498640	 0.818775	-0.249737	-0.421238	 0.030034	 0.636478	 0.499194	 0.000275	-0.363039	 0.499644
 0.008979	 0.498463	 0.498640	 0.410815	 0.125764	-0.044226	 0.030034	 0.634023	 0.499194	 0.000275	-0.363039	 0.499644
 0.254087	 0.498463	 0.498640	 0.206835	 0.312513	 0.144281	 0.030034	 0.631533	 0.499194	 0.000275	-0.363039	 0.499644
 0.376642	 0.498463	 0.498640	 0.104845	 0.405887	 0.238534	 0.030034	 0.629030	 0.499194	 0.000275	-0.363039	 0.499644
-0.062081	 0.498463	 0.498640	 0.553850	 0.452574	 0.285660	 0.030034	 0.626525	 0.499194	 0.000275	-0.363039	 0.499644
-0.280441	 0.498463	 0.498640	 0.776347	 0.475917	 0.309223	 0.030034	 0.624025	 0.499194	 0.000275	-0.363039	 0.499644
 0.110379	 0.498463	 0.498640	 0.885598	 0.487589	 0.321005	 0.030034	 0.621531	 0.499194	 0.000275	-0.363039	 0.499644
 0.304787	 0.498463	 0.498640	 0.938233	 0.493425	 0.326896	 0.030034	 0.619047	 0.499194	 0.000275	-0.363039	 0.499644
-0.098010	 0.498463	 0.498640	 0.962569	 0.496343	 0.329841	 0.030034	 0.616571	 0.499194	-0.499725	-0.363039	 0.499644
-0.298406	 0.498463	 0.498640	 0.972764	 0.497802	 0.331314	 0.030034	 0.614105	 0.499194	-0.747725	-0.363039	 0.499644
-0.398604	 0.498463	 0.498640	 0.475895	 0.498531	 0.332050	 0.030034	 0.611649	 0.499194	-0.369734	-0.363039	 0.499644
-0.448703	 0.498463	 0.498640	 0.227460	 0.498896	 0.332419	 0.030034	 0.609202	 0.499194	-0.180738	-0.363039	 0.499644
-0.473753	 0.498463	 0.498640	 0.103243	 0.499078	 0.332603	 0.030034	 0.606766	 0.499194	-0.086241	-0.363039	 0.499644
 0.013722	 0.498463	 0.498640	 0.541135	 0.499170	 0.332695	 0.030034	 0.604339	 0.499194	-0.038992	-0.363039	 0.499644
 0.256457	 0.498463	 0.498640	 0.758122	 0.499215	 0.332741	 0.030034	 0.601921	 0.499194	-0.015367	-0.363039	 0.499644
 0.377825	 0.498463	 0.498640	 0.864666	 0.499238	 0.332764	 0.030034	 0.099514	 0.499194	-0.003555	-0.363039	 0.499644
 0.438509	 0.498463	 0.498640	 0.915995	 0.499249	 0.332775	 0.030034	-0.151690	 0.499194	 0.002351	-0.363039	 0.499644
-0.031149	 0.498463	 0.498640	 0.939725	-0.000745	 0.332781	 0.030034	 0.222708	 0.499194	 0.505304	-0.363039	 0.499644
-0.264977	 0.498463	 0.498640	 0.949663	-0.249741	 0.332784	 0.030034	 0.408713	 0.499194	 0.754764	-0.363039	 0.499644
 0.118110	 0.498463	 0.498640	 0.952713	 0.125762	 0.332785	 0.030034	 0.500526	 0.499194	 0.377486	-0.363039	 0.499644
 0.308650	 0.498463	 0.498640	 0.952327	 0.312510	 0.332786	 0.030034	 0.545247	 0.499194	 0.188847	-0.363039	 0.499644
 0.403921	 0.498463	 0.498640	 0.950229	 0.405884	 0.332786	 0.030034	 0.566428	 0.499194	 0.094527	-0.363039	 0.499644
-0.048444	 0.498463	 0.498640	 0.947285	-0.047428	 0.332787	 0.030034	 0.575844	 0.499194	 0.047367	-0.363039	 0.499644
-0.273625	 0.498463	 0.498640	 0.943923	-0.273083	 0.332787	 0.030034	 0.579381	 0.499194	 0.023787	-0.363039	 0.499644
 0.113785	 0.498463	 0.498640	 0.440362	-0.385911	 0.332787	 0.030034	 0.579984	 0.499194	 0.011997	-0.363039	 0.499644
 0.306487	 0.498463	 0.498640	 0.188581	-0.442325	 0.332787	 0.030034	 0.579124	 0.499194	 0.006102	-0.363039	 0.499644
-0.097162	 0.498463	 0.498640	 0.562690	 0.029469	 0.332787	 0.030034	 0.577537	 0.499194	 0.003155	-0.363039	 0.499644
-0.297984	 0.498463	 0.498640	 0.747872	 0.264363	 0.332787	 0.030034	 0.575592	 0.499194	 0.001681	-0.363039	 0.499644
-0.398396	 0.498463	 0.498640	 0.338596	 0.381810	 0.332787	 0.030034	 0.573472	 0.499194	 0.000944	-0.363039	 0.499644
-0.448601	 0.498463	 0.498640	 0.133958	 0.440533	 0.332787	 0.030034	 0.571270	 0.499194	 0.000576	-0.363039	 0.499644
-0.473704	 0.498463	 0.498640	 0.531640	-0.030105	 0.332787	 0.030034	 0.569030	 0.499194	 0.000392	-0.363039	 0.499644
-0.486256	 0.498463	 0.498640	 0.728621	-0.264423	 0.332787	 0.030034	 0.566777	 0.499194	 0.000299	-0.363039	 0.499644
-0.492531	 0.498463	 0.498640	 0.825261	-0.381582	 0.332787	 0.030034	 0.564521	 0.499194	 0.000253	-0.363039	 0.499644
 0.004331	 0.498463	 0.498640	 0.371737	 0.059839	 0.332787	 0.030034	 0.562269	 0.499194	 0.000230	-0.363039	 0.499644
 0.251759	 0.498463	 0.498640	 0.144975	 0.279547	 0.332787	 0.030034	 0.560023	 0.499194	 0.000219	-0.363039	 0.499644
 0.375474	 0.498463	 0.498640	 0.031594	 0.389401	-0.167213	 0.030034	 0.557784	 0.499194	 0.000213	-0.363039	 0.499644
 0.437331	 0.498463	 0.498640	-0.025096	 0.444328	-0.415879	 0.030034	 0.555554	 0.499194	 0.000210	-0.363039	 0.499644
 0.468259	 0.498463	 0.498640	-0.553441	 0.471791	-0.038883	 0.030034	 0.553332	 0.499194	 0.000209	-0.363039	 0.499644
 0.483724	 0.498463	 0.498640	-0.815450	 0.485523	 0.149616	 0.030034	 0.551119	 0.499194	 0.000208	-0.363039	 0.499644
 0.491456	 0.498463	 0.498640	 0.055700	 0.492389	 0.243865	 0.030034	 0.548914	 0.499194	 0.000208	-0.363039	 0.499644
 0.495322	 0.498463	 0.498640	 0.489421	 0.495822	 0.290989	 0.030034	 0.546719	 0.499194	 0.000207	-0.363039	 0.499644
 0.497255	 0.498463	 0.498640	 0.704436	 0.497538	 0.314551	 0.030034	 0.544532	 0.499194	 0.000207	-0.363039	 0.499644
 0.498222	 0.498463	 0.498640	 0.310104	 0.498396	 0.326333	-0.469966	 0.542354	 0.499194	 0.000207	-0.363039	 0.499644
 0.498705	 0.498463	 0.498640	 0.112938	 0.498825	 0.332223	-0.718026	 0.540184	 0.499194	 0.000207	-0.363039	 0.499644
 0.498946	 0.498463	 0.498640	 0.514355	 0.499040	 0.335168	-0.340124	 0.538023	 0.499194	 0.000207	-0.363039	 0.499644
 0.499067	 0.498463	 0.498640	 0.713232	 0.499147	 0.336641	-0.151172	 0.535871	 0.499194	 0.000207	-0.363039	 0.499644
-0.000872	 0.498463	 0.498640	 0.810847	 0.499201	 0.337377	-0.056697	 0.533728	 0.499194	 0.000207	-0.363039	 0.499644
-0.249841	 0.498463	 0.498640	 0.857837	 0.499228	 0.337746	-0.009459	 0.531593	 0.499194	 0.000207	-0.363039	 0.499644
-0.374325	 0.498463	 0.498640	 0.879522	 0.499241	 0.337930	 0.014160	 0.529467	 0.499194	 0.000207	-0.363039	 0.499644
-0.436567	 0.498463	 0.498640	 0.888563	 0.499248	 0.338022	 0.025969	 0.527349	 0.499194	 0.000207	-0.363039	 0.499644
-0.467688	 0.498463	 0.498640	 0.891288	 0.499251	 0.338068	 0.031874	 0.525239	 0.499194	 0.000207	-0.363039	 0.499644
 0.016752	 0.498463	 0.498640	 0.890862	 0.499253	-0.161909	 0.034826	 0.523138	 0.499194	 0.000207	-0.363039	 0.499644
 0.257969	 0.498463	 0.498640	 0.888869	 0.499254	-0.410574	 0.036302	 0.521046	 0.499194	 0.000207	-0.363039	 0.499644
 0.378578	 0.498463	 0.498640	 0.886098	 0.499254	-0.033588	 0.537041	 0.518962	 0.499194	 0.000207	-0.363039	 0.499644
 0.438882	 0.498463	 0.498640	 0.882946	 0.499254	 0.154905	 0.785334	 0.516886	 0.499194	 0.000207	-0.363039	 0.499644
 0.469034	 0.498463	 0.498640	 0.879610	 0.499254	 0.249152	 0.407414	 0.514818	 0.499194	-0.499793	-0.363039	 0.499644
 0.484110	 0.498463	 0.498640	 0.876190	 0.499255	 0.296275	 0.218453	 0.512759	 0.499194	-0.747793	-0.363039	 0.499644
-0.008352	 0.498463	 0.498640	 0.372734	 0.499255	 0.319837	 0.623973	 0.510708	 0.499194	-0.369802	-0.363039	 0.499644
-0.253581	 0.498463	 0.498640	 0.121007	 0.499255	 0.331617	 0.824674	 0.508665	 0.499194	-0.180806	-0.363039	 0.499644
-0.376196	 0.498463	 0.498640	-0.004857	 0.499255	 0.337508	 0.922974	 0.506630	 0.499194	-0.086308	-0.363039	 0.499644
 0.062497	 0.498463	 0.498640	-0.067789	-0.000745	 0.340453	 0.470081	 0.004604	 0.499194	-0.039059	-0.363039	 0.499644
 0.280841	 0.498463	 0.498640	-0.099255	-0.249744	 0.341926	 0.243635	-0.246409	 0.499194	-0.015435	-0.363039	 0.499644
 0.390013	 0.498463	 0.498640	-0.114988	 0.125757	 0.342662	 0.130412	 0.128084	 0.499194	-0.003623	-0.363039	 0.499644
 0.444599	 0.498463	 0.498640	-0.122855	 0.312505	 0.343030	 0.073800	 0.314326	 0.499194	 0.002284	-0.363039	 0.499644
 0.471892	 0.498463	 0.498640	-0.126788	 0.405879	 0.343214	 0.045494	 0.406445	 0.499194	-0.494763	-0.363039	 0.499644
 0.485539	 0.498463	 0.498640	-0.128755	 0.452566	 0.343306	 0.031341	 0.452505	 0.499194	-0.741303	-0.363039	 0.499644
-0.007638	 0.498463	 0.498640	 0.370262	 0.475909	 0.343352	 0.024265	 0.475535	 0.499194	-0.362598	-0.363039	 0.499644
-0.253225	 0.498463	 0.498640	 0.618032	 0.487581	 0.343375	 0.020727	 0.487050	 0.499194	-0.173245	-0.363039	 0.499644
-0.376018	 0.498463	 0.498640	 0.740185	 0.493417	 0.343387	 0.018958	 0.492807	 0.499194	-0.078568	-0.363039	 0.499644
 0.062585	 0.498463	 0.498640	 0.799537	 0.496335	 0.343392	 0.018073	 0.495686	 0.499194	-0.031230	-0.363039	 0.499644
 0.280884	 0.498463	 0.498640	 0.827495	 0.497794	 0.343395	 0.017631	 0.497125	 0.499194	-0.007561	-0.363039	 0.499644
 0.390034	 0.498463	 0.498640	 0.339763	 0.498523	 0.343397	 0.517410	 0.497845	 0.499194	 0.004274	-0.363039	 0.499644
 0.444609	 0.498463	 0.498640	 0.095898	 0.498888	 0.343398	 0.765265	 0.498205	 0.499194	 0.010191	-0.363039	 0.499644
 0.471896	 0.498463	 0.498640	 0.473965	 0.499070	 0.343398	 0.387166	 0.498385	 0.499194	-0.486850	-0.363039	 0.499644
 0.485540	 0.498463	 0.498640	 0.661294	 0.499161	 0.343398	 0.198117	 0.498475	 0.499194	-0.733403	-0.363039	 0.499644
-0.007638	 0.498463	 0.498640	 0.753262	 0.499207	 0.343398	 0.103592	 0.498520	 0.499194	-0.354720	-0.363039	 0.499644
-0.253226	 0.498463	 0.498640	 0.797555	 0.499230	 0.343398	 0.056330	 0.498542	 0.499194	-0.165378	-0.363039	 0.499644
-0.376019	 0.498463	 0.498640	 0.818018	 0.499241	 0.343398	 0.032698	 0.498554	 0.499194	-0.070707	-0.363039	 0.499644
 0.062584	 0.498463	 0.498640	 0.326572	 0.499247	 0.343398	 0.020883	 0.498559	 0.499194	-0.023372	-0.363039	 0.499644
 0.280883	 0.498463	 0.498640	 0.080850	 0.499250	 0.343398	 0.014975	 0.498562	 0.499194	 0.000296	-0.363039	 0.499644
 0.390032	 0.498463	 0.498640	 0.457988	 0.499251	 0.343398	 0.012021	 0.498563	-0.000806	 0.012130	-0.363039	 0.499644
 0.444607	 0.498463	 0.498640	 0.644887	 0.499252	 0.343398	 0.010544	 0.498564	-0.249804	 0.018047	-0.363039	 0.499644
-0.028105	 0.498463	 0.498640	 0.236673	-0.000748	 0.343398	 0.509806	 0.498564	 0.125697	 0.021005	-0.363039	 0.499644
-0.263460	 0.498463	 0.498640	 0.032566	-0.249746	 0.343398	 0.757418	 0.498565	 0.312445	 0.022484	-0.363039	 0.499644
-0.381137	 0.498463	 0.498640	 0.430513	 0.125755	 0.343398	 0.379215	 0.498565	 0.405819	 0.023224	-0.363039	 0.499644
-0.439976	 0.498463	 0.498640	 0.627829	 0.312503	 0.343398	 0.190113	 0.498565	 0.452506	 0.023594	-0.363039	 0.499644
-0.469395	 0.498463	 0.498640	 0.724837	 0.405877	 0.343398	 0.095562	 0.498565	 0.475849	 0.023779	-0.363039	 0.499644
 0.015895	 0.498463	 0.498640	 0.771697	 0.452564	 0.343398	-0.451714	 0.498565	 0.487521	 0.023871	 0.136961	 0.499644
 0.257538	 0.498463	 0.498640	 0.793490	 0.475907	 0.343398	-0.723353	 0.498565	 0.493357	 0.023917	 0.385687	 0.499644
 0.378359	 0.498463	 0.498640	 0.302756	-0.012421	 0.343398	-0.357183	 0.498565	 0.496275	 0.523941	 0.008781	 0.499644
 0.438770	 0.498463	 0.498640	 0.057389	-0.255584	 0.343398	-0.174098	 0.498565	 0.497734	 0.771904	-0.179672	 0.499644
 0.468975	 0.498463	 0.498640	 0.434705	 0.122835	 0.343398	-0.082556	 0.498565	 0.498463	 0.393846	-0.273898	 0.499644
 0.484078	 0.498463	 0.498640	 0.621740	 0.311042	 0.343398	-0.036785	 0.498565	 0.498828	 0.204817	-0.321012	 0.499644
 0.491629	 0.498463	 0.498640	 0.713639	-0.094855	 0.343398	-0.013899	 0.498565	 0.499010	 0.110303	-0.344568	 0.499644
 0.495405	 0.498463	 0.498640	 0.757978	-0.296802	 0.343398	-0.002456	 0.498565	 0.499101	 0.063046	-0.356346	 0.499644
 0.497293	 0.498463	 0.498640	 0.778543	-0.397775	 0.343398	 0.003265	 0.498565	 0.499147	 0.039417	-0.362236	 0.499644
-0.001763	 0.498463	 0.498640	 0.787227	 0.051738	 0.343398	 0.506126	 0.498565	 0.499170	 0.027603	-0.365180	 0.499644
-0.250290	 0.498463	 0.498640	 0.789977	 0.275492	 0.343398	 0.755538	 0.498565	 0.499181	 0.021695	-0.366652	 0.499644
-0.374553	 0.498463	 0.498640	 0.789767	 0.387369	 0.343398	 0.378235	 0.498565	 0.499187	 0.018742	-0.367389	 0.499644
-0.436685	 0.498463	 0.498640	 0.788082	 0.443308	 0.343398	 0.189583	 0.498565	 0.499190	 0.017265	-0.367757	 0.499644
-0.467750	 0.498463	 0.498640	 0.785668	 0.471277	 0.343398	 0.095257	 0.498565	 0.499191	-0.483473	-0.367941	 0.499644
-0.483283	 0.498463	 0.498640	 0.782894	 0.485262	 0.343398	 0.048094	 0.498565	 0.499192	-0.731874	-0.368033	 0.499644
 0.008950	 0.498463	 0.498640	 0.779946	 0.492254	 0.343398	 0.524512	 0.498565	 0.499192	-0.354114	-0.368079	 0.499644
 0.254065	 0.498463	 0.498640	 0.776919	 0.495750	 0.343398	 0.760720	 0.498565	 0.499192	-0.165234	-0.368102	 0.499644
 0.376622	 0.498463	 0.498640	 0.773857	 0.497498	 0.343398	 0.376830	 0.498565	 0.499193	-0.070794	-0.368113	 0.499644
 0.437901	 0.498463	 0.498640	 0.770785	 0.498372	 0.343398	 0.184885	 0.498565	 0.499193	-0.023574	-0.368119	 0.499644
 0.468540	 0.498463	 0.498640	 0.767713	 0.498809	 0.343398	 0.088912	 0.498565	 0.499193	 0.000036	-0.368122	 0.499644
-0.016141	 0.498463	 0.498640	 0.264648	 0.499028	 0.343398	 0.540926	 0.498565	 0.499193	 0.011841	-0.368123	 0.499644
-0.257479	 0.498463	 0.498640	 0.013115	 0.499137	 0.343398	 0.764947	 0.498565	 0.499193	 0.017744	-0.368124	 0.499644
-0.378148	 0.498463	 0.498640	 0.387349	 0.499192	 0.343398	 0.874979	 0.498565	 0.499193	 0.020695	-0.368124	 0.499644
-0.438483	 0.498463	 0.498640	 0.572943	 0.499219	 0.343398	 0.928026	 0.498565	 0.499193	 0.022171	-0.368125	 0.499644
 0.031350	 0.498463	 0.498640	 0.664223	 0.499233	 0.343398	 0.952587	 0.498565	 0.499193	 0.022908	-0.368125	 0.499644
 0.265264	 0.498463	 0.498640	 0.708352	 0.499240	 0.343398	 0.962913	 0.498565	 0.499193	 0.023277	-0.368125	 0.499644
-0.117779	 0.498463	 0.498640	 0.728911	 0.499243	-0.156602	 0.966129	 0.498565	 0.499193	 0.023462	-0.368125	 0.499644
-0.308299	 0.498463	 0.498640	 0.737692	 0.499245	-0.405289	 0.965799	 0.498565	 0.499193	 0.023554	-0.368125	 0.499644
-0.403559	 0.498463	 0.498640	 0.740589	 0.499246	-0.528324	 0.963703	 0.498565	 0.499193	 0.023600	-0.368125	 0.499644
 0.048811	 0.498463	 0.498640	 0.740551	 0.499246	-0.088539	 0.960732	 0.498565	 0.499193	 0.523623	-0.368125	 0.499644
 0.273994	 0.498463	 0.498640	 0.739051	 0.499246	 0.131353	 0.957330	 0.498565	 0.499193	 0.771587	-0.368125	 0.499644
 0.386585	 0.498463	 0.498640	 0.236826	 0.499246	-0.258700	 0.453722	 0.498565	 0.499193	 0.393530	-0.368125	 0.499644
 0.442881	 0.498463	 0.498640	-0.014287	 0.499246	-0.452430	 0.201918	 0.498565	 0.499193	 0.204502	-0.368125	 0.499644
-0.028972	 0.498463	 0.498640	 0.360157	 0.499246	-0.048002	 0.076016	 0.498565	 0.499193	 0.109988	-0.368125	 0.499644
-0.263896	 0.498463	 0.498640	 0.545909	 0.499246	 0.154212	 0.013065	 0.498565	 0.499193	 0.062731	-0.368125	 0.499644
 0.118642	 0.498463	 0.498640	 0.637322	-0.000754	 0.255319	-0.018411	 0.498565	 0.499193	 0.039102	-0.368125	 0.499644
 0.308908	 0.498463	 0.498640	 0.681572	-0.249752	 0.305872	-0.034149	 0.498565	 0.499193	 0.027288	-0.368125	 0.499644
 0.404042	 0.498463	 0.498640	 0.702244	-0.374251	 0.331149	-0.042018	 0.498565	 0.499193	 0.021381	-0.368125	 0.499644
-0.048392	 0.498463	 0.498640	 0.211135	 0.063499	 0.343787	-0.045952	 0.498565	 0.499193	 0.018427	-0.368125	 0.499644
-0.273607	 0.498463	 0.498640	-0.034420	 0.281372	 0.350106	-0.047919	 0.498565	 0.499193	 0.016950	-0.368125	 0.499644
-0.386214	 0.498463	 0.498640	 0.342803	 0.390308	 0.353266	 0.451097	 0.498565	 0.499193	 0.016212	-0.368125	 0.499644
-0.442518	 0.498463	 0.498640	 0.529974	 0.444776	 0.354846	 0.698705	 0.498565	 0.499193	 0.015843	-0.368125	 0.499644
-0.470670	 0.498463	 0.498640	 0.622126	 0.472010	 0.355636	 0.320617	 0.498565	 0.499193	 0.015658	-0.368125	 0.499644
-0.484746	 0.498463	 0.498640	 0.666773	 0.485627	 0.356031	 0.131572	 0.498565	 0.499193	 0.015566	-0.368125	 0.499644
 0.008216	 0.498463	 0.498640	 0.187673	 0.492436	 0.356228	 0.037050	-0.001435	 0.499193	 0.515520	-0.368125	 0.499644
 0.253695	 0.498463	 0.498640	-0.051876	 0.495840	 0.356327	-0.010211	-0.250432	 0.499193	 0.763466	-0.368125	 0.499644
 0.376434	 0.498463	 0.498640	-0.171651	 0.497542	 0.356376	-0.033842	-0.374931	 0.499193	 0.885416	-0.368125	 0.499644
 0.437804	 0.498463	 0.498640	 0.268462	 0.498393	 0.356401	-0.045657	 0.062820	 0.499193	 0.444376	-0.368125	 0.499644
 0.468489	 0.498463	 0.498640	 0.487101	 0.498819	 0.356413	-0.051564	 0.280694	 0.499193	 0.223856	-0.368125	 0.499644
 0.483831	 0.498463	 0.498640	 0.595009	 0.499032	 0.356419	 0.445482	 0.389631	 0.499193	 0.113596	-0.368125	 0.499644
 0.491502	 0.498463	 0.498640	 0.647557	 0.499138	 0.356423	 0.692120	 0.444100	 0.499193	 0.058466	-0.368125	 0.499644
-0.004662	 0.498463	 0.498640	 0.672431	 0.499191	 0.356424	 0.313561	 0.471334	 0.499193	 0.030901	-0.368125	 0.499644
-0.251743	 0.498463	 0.498640	 0.683473	 0.499218	 0.356425	 0.124282	 0.484951	 0.499193	 0.017119	-0.368125	 0.499644
-0.375283	 0.498463	 0.498640	 0.687605	 0.499231	 0.356425	-0.470358	 0.491760	 0.499193	 0.010228	 0.131875	 0.499644
-0.437053	 0.498463	 0.498640	 0.688288	 0.499238	 0.356425	-0.765547	 0.495164	 0.499193	 0.006782	 0.380611	 0.499644
-0.467938	 0.498463	 0.498640	 0.687251	 0.499241	 0.356426	-0.911021	 0.496866	 0.499193	 0.005059	 0.503721	 0.499644
 0.016619	 0.498463	 0.498640	 0.685361	 0.499243	 0.356426	 0.018355	 0.497717	 0.499193	 0.504198	 0.064022	 0.499644
 0.257896	 0.498463	 0.498640	 0.683048	 0.499244	 0.356426	 0.481148	 0.498143	 0.499193	 0.751760	-0.155827	 0.499644
 0.378534	 0.498463	 0.498640	 0.180531	 0.499244	 0.356426	 0.210657	 0.498355	 0.499193	 0.373543	-0.265752	 0.499644
 0.438853	 0.498463	 0.498640	-0.070728	 0.499244	 0.356426	 0.075411	 0.498462	 0.499193	 0.184434	-0.320715	 0.499644
-0.030988	 0.498463	 0.498640	 0.303642	 0.499244	 0.356426	 0.007788	 0.498515	 0.499193	 0.089880	-0.348196	 0.499644
-0.264906	 0.498463	 0.498640	 0.489472	 0.499244	 0.356426	-0.026024	 0.498542	 0.499193	 0.042603	-0.361936	 0.499644
 0.118135	 0.498463	 0.498640	 0.581036	 0.499244	 0.356426	-0.042929	 0.498555	 0.499193	 0.018964	-0.368807	 0.499644
 0.308653	 0.498463	 0.498640	 0.625473	 0.499244	 0.356426	-0.051382	 0.498562	 0.499193	 0.007145	-0.372242	 0.499644
 0.403912	 0.498463	 0.498640	 0.646351	 0.499244	 0.356426	-0.055609	 0.498565	 0.499193	 0.001235	-0.373959	 0.499644
 0.451541	 0.498463	 0.498640	 0.655456	 0.499244	 0.356426	-0.057722	 0.498567	 0.499193	-0.001719	-0.374818	 0.499644
 0.475356	 0.498463	 0.498640	 0.658679	 0.499244	 0.356426	-0.058778	 0.498567	 0.499193	-0.003197	-0.375248	 0.499644
 0.487263	 0.498463	 0.498640	 0.658967	 0.499244	 0.356426	-0.059307	 0.498568	 0.499193	-0.003935	-0.375462	 0.499644
 0.493217	 0.498463	 0.498640	 0.657792	 0.499244	 0.356426	-0.059571	 0.498568	 0.499193	-0.004305	-0.375570	 0.499644
-0.003806	 0.498463	 0.498640	-0.344108	-0.000756	 0.356426	 0.440297	 0.498568	 0.499193	-0.004489	-0.375623	 0.499644
-0.251316	 0.498463	 0.498640	-0.842366	-0.249754	 0.356426	 0.688351	 0.498568	 0.499193	-0.004582	-0.375650	 0.499644
-0.375071	 0.498463	 0.498640	-0.588814	 0.125747	 0.356426	 0.810505	 0.498568	 0.499193	-0.004628	-0.375664	 0.499644
-0.436949	 0.498463	 0.498640	-0.462038	 0.312495	 0.356426	 0.869716	 0.498568	 0.499193	-0.004651	-0.375670	 0.499644
-0.467887	 0.498463	 0.498640	-0.398650	 0.405869	 0.356426	 0.897464	 0.498568	 0.499193	-0.004663	-0.375674	 0.499644
 0.016643	 0.498463	 0.498640	 0.133044	 0.452556	 0.356426	 0.909488	 0.498568	 0.499193	-0.004668	-0.375675	 0.499644
 0.257906	 0.498463	 0.498640	 0.397561	 0.475899	 0.356426	 0.913657	 0.498568	 0.499193	-0.004671	-0.375676	 0.499644
 0.378538	 0.498463	 0.498640	 0.528496	 0.487571	 0.356426	 0.913905	 0.498568	 0.499193	-0.004673	-0.375677	 0.499644
 0.438854	 0.498463	 0.498640	 0.592645	 0.493407	 0.356426	 0.912201	 0.498568	 0.499193	-0.004673	-0.375677	 0.499644
 0.469011	 0.498463	 0.498640	 0.623405	 0.496325	 0.356426	 0.909529	 0.498568	 0.499193	 0.495326	-0.375677	 0.499644
 0.484090	 0.498463	 0.498640	 0.637477	 0.497784	 0.356426	 0.906378	 0.498568	 0.499193	 0.743335	-0.375677	 0.499644
 0.491630	 0.498463	 0.498640	 0.643210	 0.498513	 0.356426	 0.402997	 0.498568	 0.499193	 0.365357	-0.375677	 0.499644
 0.495400	 0.498463	 0.498640	 0.644779	 0.498878	 0.356426	 0.151306	 0.498568	 0.499193	 0.176368	-0.375677	 0.499644
 0.497284	 0.498463	 0.498640	 0.644270	 0.499060	 0.356426	 0.025461	 0.498568	 0.499193	 0.081874	-0.375677	 0.499644
 0.498227	 0.498463	 0.498640	 0.642728	 0.499151	 0.356426	 0.462538	 0.498568	 0.499193	 0.034626	-0.375677	 0.499644
 0.498698	 0.498463	 0.498640	 0.640675	 0.499197	 0.356426	 0.679277	 0.498568	 0.499193	 0.011003	-0.375677	 0.499644
 0.498934	 0.498463	 0.498640	 0.138371	 0.499220	 0.356426	 0.285855	 0.498568	 0.499193	-0.000809	 0.124323	 0.499644
 0.499051	 0.498463	 0.498640	-0.112781	 0.499231	 0.356426	 0.089144	 0.498568	 0.499193	-0.006715	 0.373074	 0.499644
-0.000890	 0.498463	 0.498640	 0.261643	-0.000763	 0.356426	-0.009212	 0.498568	 0.499193	-0.009668	-0.003794	 0.499644
-0.249859	 0.498463	 0.498640	 0.447583	-0.249759	 0.356426	-0.058390	 0.498568	 0.499193	-0.011144	-0.192228	 0.499644
 0.125657	 0.498463	 0.498640	 0.039286	 0.125743	 0.356426	-0.082978	 0.498568	 0.499193	-0.011883	-0.286445	 0.499644
 0.312412	 0.498463	 0.498640	-0.164862	 0.312492	 0.356426	-0.095273	 0.498568	 0.499193	-0.012252	-0.333553	 0.499644
