-0.573358	-0.865855	 0.499395	 0.488587	 0.418654	-0.510121	-0.523143	 0.731489	 0.012386	-0.463958	-0.455062	 0.499075
-0.571065	-0.676114	 0.499395	 0.485135	 0.478773	-0.321029	-0.475729	 0.728563	-0.248466	-0.463587	-0.455062	 0.499075
-0.568781	-0.581243	 0.499395	 0.483409	 0.507755	-0.226483	-0.452023	 0.725649	-0.377873	-0.463401	-0.455062	 0.499075
-0.566505	-0.533807	 0.499395	 0.482546	 0.021173	 0.320790	-0.440169	 0.722746	 0.058438	-0.463308	-0.455062	 0.499075
-0.564239	-0.510090	 0.499395	 0.482115	-0.222119	 0.592690	-0.434242	 0.719855	 0.276593	-0.463262	-0.455062	 0.499075
-0.561983	-0.498231	 0.499395	 0.481899	 0.156236	 0.226911	 0.068721	 0.716976	 0.385671	-0.463239	-0.455062	 0.499075
-0.559735	-0.492301	 0.499395	 0.481791	 0.344344	 0.044022	 0.319059	 0.714108	 0.440210	-0.463227	-0.455062	 0.499075
-0.557496	-0.489337	 0.499395	 0.481737	-0.062667	-0.047423	-0.056910	 0.711252	 0.967479	-0.463221	-0.455062	 0.499075
-0.555266	-0.487854	 0.499395	 0.481710	-0.266173	-0.093145	-0.244895	 0.708407	 1.228124	-0.463219	-0.455062	 0.499075
-0.553045	-0.987113	 0.499395	 0.481697	-0.367926	 0.383993	-0.338888	 0.705573	 1.355469	-0.463217	-0.455062	 0.499075
-0.550832	-1.233770	 0.499395	 0.481690	-0.418802	 0.620841	-0.385884	 0.702751	 1.416176	-0.463216	-0.455062	 0.499075
-0.548629	-1.354137	 0.499395	 0.481687	-0.444240	 0.737549	-0.409382	 0.699940	 1.443576	-0.463216	-0.455062	 0.499075
-0.546435	-0.911372	 0.499395	-0.018315	 0.043041	 0.294194	-0.421131	 0.197140	 0.954334	-0.463216	-0.455062	 0.499075
-0.544249	-0.689989	 0.499395	-0.267279	 0.285621	 0.072517	-0.427006	-0.054260	 0.709713	-0.463216	-0.455062	 0.499075
-0.542072	-0.579298	 0.499395	 0.109271	 0.405854	 0.461678	 0.070057	 0.320040	 1.087402	-0.463216	-0.455062	 0.499075
-0.539904	-0.523953	 0.499395	 0.297546	 0.464919	 0.654557	 0.317454	 0.505802	 1.273317	-0.463216	-0.455062	 0.499075
-0.037744	-0.496280	 0.499395	 0.391684	 0.493403	 0.249302	-0.059977	 0.597299	 1.363356	-0.463216	-0.455062	 0.499075
 0.213336	-0.482443	 0.499395	 0.438753	 0.506601	 0.046674	-0.248692	 0.641670	 1.405468	-0.463216	-0.455062	 0.499075
-0.161124	-0.475525	 0.499395	 0.462287	 0.012161	 0.445361	 0.156950	 0.662484	 1.423629	-0.463216	-0.455062	 0.499075
-0.347283	-0.472066	 0.499395	 0.474054	-0.235059	 0.643016	 0.358646	 0.671524	 1.429826	-0.463216	-0.455062	 0.499075
-0.439296	-0.470336	 0.499395	 0.479938	-0.358669	 0.740162	 0.458373	 0.674683	 1.430053	-0.463216	-0.455062	 0.499075
-0.484239	-0.469472	 0.499395	 0.482880	-0.420474	 0.287060	 0.007120	 0.674907	 1.427306	-0.463216	-0.455062	 0.499075
-0.505653	-0.469039	 0.499395	 0.484351	-0.451377	 0.060509	-0.218506	 0.673668	 1.423083	-0.463216	-0.455062	 0.499075
-0.015305	-0.468823	 0.499395	 0.485086	 0.033172	 0.447234	-0.331319	 0.671704	 0.918134	-0.463216	-0.455062	 0.499075
 0.229868	-0.468715	 0.499395	 0.485454	 0.274411	 0.638928	-0.387726	 0.669383	 0.665659	-0.463216	-0.455062	 0.499075
-0.147545	-0.468661	 0.499395	 0.985638	 0.393999	 0.233114	 0.084071	 0.666888	 1.039422	-0.463216	-0.455062	 0.499075
-0.335201	-0.468634	 0.499395	 1.232758	 0.452766	 0.030207	 0.318858	 0.664312	 1.223477	-0.463216	-0.455062	 0.499075
-0.427984	-0.468620	 0.499395	 0.853358	-0.018874	 0.428754	 0.435144	 0.661700	 1.312689	-0.463216	-0.455062	 0.499075
-0.473334	-0.468614	 0.499395	 0.663658	-0.254694	 0.626372	 0.492184	 0.659076	 1.354492	-0.463216	-0.455062	 0.499075
-0.494971	-0.468610	 0.499395	 0.568809	-0.372603	 0.723534	 0.519606	 0.656451	 1.372600	-0.463216	-0.455062	 0.499075
-0.004757	-0.468609	 0.499395	 0.521384	-0.431558	 0.270473	 0.532222	 0.653831	 1.378873	-0.463216	-0.455062	 0.499075
 0.240350	-0.468608	 0.499395	 0.497671	-0.461036	 0.043943	 0.537441	 0.651219	 1.379239	-0.463216	-0.455062	 0.499075
 0.362904	-0.468607	 0.499395	 0.985815	-0.475775	 0.430678	 0.538965	 0.648615	 0.876663	-0.963216	-0.455062	 0.499075
 0.424181	-0.468607	 0.499395	 1.226939	-0.483144	 0.622410	 0.538646	 0.646021	 0.625375	-1.210289	-0.455062	 0.499075
-0.045181	-0.468607	 0.499395	 0.844565	 0.013171	 0.216648	 0.037410	 0.643438	 0.499731	-0.830911	-0.455062	 0.499075
-0.278833	-0.468607	 0.499395	 0.653378	 0.260310	 0.013767	-0.213208	 0.640864	 0.436909	-0.641222	-0.455062	 0.499075
-0.394633	-0.468607	 0.499395	 0.557784	 0.382864	 0.412327	 0.161483	 0.638301	 0.905498	-0.546378	-0.455062	 0.499075
-0.451513	-0.468607	 0.499395	 0.509987	 0.443131	 0.609985	 0.347756	 0.635748	 1.137044	-0.498956	-0.455062	 0.499075
-0.478936	-0.468607	 0.499395	 0.486089	 0.472257	 0.707198	 0.439825	 0.633205	 1.250080	-0.475244	-0.455062	 0.499075
-0.491635	-0.468607	 0.499395	 0.474140	 0.485818	 0.754196	-0.015205	 0.630672	 1.303872	-0.463389	-0.455062	 0.499075
-0.496976	-0.468607	 0.499395	 0.468165	 0.492598	 0.776093	-0.242720	 0.628149	 1.328053	-0.457461	-0.455062	 0.499075
 0.001359	-0.468607	 0.499395	 0.965178	 0.495988	 0.785445	 0.143523	 0.625637	 1.337439	-0.454497	-0.455062	 0.499075
 0.250526	-0.468607	 0.499395	 1.210760	 0.497683	 0.788532	 0.335585	 0.623134	 1.339438	-0.453015	-0.455062	 0.499075
 0.375109	-0.468607	 0.499395	 1.330638	 0.498531	 0.788492	 0.430560	 0.620642	 0.837755	-0.452274	-0.455062	 0.499075
 0.437401	-0.468607	 0.499395	 1.387676	 0.498954	 0.786895	 0.476997	 0.618159	 0.586913	-0.451904	-0.455062	 0.499075
-0.031453	-0.468607	 0.499395	 1.413306	 0.499166	 0.784526	 0.499168	 0.615686	 0.961492	 0.048281	-0.455062	 0.499075
-0.264879	-0.468607	 0.499395	 1.423243	 0.499272	 0.781777	 0.509212	 0.613224	 1.146110	 0.297277	-0.455062	 0.499075
 0.118407	 1.031393	 0.499395	 0.925345	 0.999325	 0.778845	 0.513195	 0.110771	-0.264243	 1.920682	-0.455062	-0.000925
 0.309047	 1.776330	 0.499395	 0.676396	 1.246353	 0.775827	 0.514152	-0.140456	-0.966070	 2.725297	-0.455062	-0.249923
 0.404367	 2.143756	 0.499395	 0.551921	 1.366880	 0.772772	 0.513600	-0.266069	-1.313648	 3.120544	-0.455062	-0.374422
 0.952027	 3.822447	-0.000605	-0.010316	 1.924169	 0.769705	 1.012298	-1.828876	-2.984115	 4.811136	-0.955062	-0.936672
 1.222858	 4.650790	-0.249604	-0.290289	 2.197850	 0.766639	 1.258625	-2.603496	-3.810039	 5.643429	-1.202152	-1.214798
 2.355286	 7.554003	-0.374103	-0.929136	 2.829748	 0.263578	 1.878779	-3.484049	-6.213729	 8.046624	-0.822799	-1.350876
 2.914525	 8.984696	-0.436353	-1.245423	 3.138773	 0.012048	 2.183858	-3.915597	-7.398339	 9.227322	-0.633122	-1.415941
 3.187196	 11.179211	-0.967478	-1.400443	 3.786391	-0.113717	 2.331419	-4.622676	-7.973478	 11.296855	-0.538283	-1.945511
 3.316612	 12.249721	-1.230043	-1.474842	 4.101331	-0.176600	 2.400242	-4.965557	-8.243951	 12.304888	-0.490864	-2.205346
 3.374428	 13.758336	-1.358340	-1.508943	 4.249969	-0.208041	 2.929715	-5.126380	-8.362158	 13.782279	-0.467155	-2.330334
 3.396472	 14.482109	-1.419516	-1.522908	 4.315491	-0.223762	 3.187534	-5.196217	-8.404301	 14.490455	-0.455300	-2.387917
 3.400657	 14.813584	-1.447142	-1.526816	 4.339489	-0.231622	 3.309552	-5.220604	-8.408479	 14.814146	-0.449372	-2.411817
 3.395939	 15.949032	-1.458006	-1.525709	 4.342762	-0.235552	 3.363698	-5.222307	-8.393743	 14.945716	-0.446409	-2.418896
 3.386798	 16.482586	-1.460500	-1.522106	 4.335706	-0.237517	 3.383936	-5.212711	-8.369617	 14.981346	-0.444927	-2.417583
 3.375472	 17.215331	-1.958821	-1.517268	 4.323521	-0.238500	 3.387246	-5.197506	-8.340863	 15.469127	-0.444186	-2.912094
 3.363081	 17.545808	-2.203067	-1.511824	 4.308805	-0.238991	 3.382120	-5.179539	-8.309862	 15.681104	-0.443816	-3.152537
 3.350184	 17.675293	-2.320296	-1.506089	 4.292860	-0.239237	 3.372803	-5.160233	-8.277804	 15.755306	-0.443630	-3.265972
 3.337061	 17.704427	-2.374035	-1.500221	 4.276333	-0.239360	 3.361418	-5.140298	-8.245283	 15.760748	-0.443538	-3.315931
 3.823852	 18.183526	-2.396049	-1.994298	 4.759550	-0.739421	 3.349025	-5.120089	-8.212597	 15.731937	 0.056509	-2.834179
 4.058626	 18.385751	-2.402220	-2.236360	 4.990673	-0.986973	 3.336155	-5.099785	-8.179895	 15.686125	 0.305419	-2.588597
 4.167426	 18.449687	-2.400488	-2.352434	 5.095791	-1.108279	 3.323074	-5.079475	-8.147249	 15.631939	 0.428765	-2.461121
 4.213274	 18.444628	-1.894825	-1.905534	 5.137948	-0.666474	 3.309913	-5.059201	-8.114697	 15.573690	-0.010666	-2.392715
 4.227679	 18.405219	-1.639215	-1.679167	 5.148666	-0.445571	 3.296739	-5.038986	-8.082256	 15.513535	-0.230382	-2.353864
 4.226398	 18.848783	-2.008643	-1.563077	 5.143707	-0.835119	 3.283585	-5.018841	-8.049937	 15.952550	 0.159761	-2.829808
 4.217307	 19.031980	-2.188601	-1.502139	 5.130949	-1.027444	 3.270467	-4.998771	-8.017741	 16.139275	 0.353732	-3.061169
 4.204345	 19.085149	-2.273843	-1.468787	 5.114334	-0.621167	 3.257394	-4.978779	-7.985673	 16.199985	-0.050378	-3.170264
 4.189481	 19.073456	-2.311745	-1.449240	 5.095831	-0.418029	 3.244368	-4.958865	-7.953731	 16.197819	-0.252433	-3.218253
 4.173700	 19.029487	-2.325997	-1.436608	 5.576425	-0.816459	 3.231393	-4.939030	-7.921917	 16.164345	 0.146540	-3.235715
 4.157494	 18.969531	-2.328443	-1.427443	 5.804608	-1.013245	 3.218468	-4.919275	-7.890230	 16.115346	 0.344935	-3.237940
 4.141108	 18.901733	-2.325004	-1.420025	 5.906634	-1.109218	 3.205595	-4.899598	-7.858669	 16.058713	 0.443046	-3.232572
 4.124666	 18.830167	-2.318641	-1.913490	 5.445630	-1.154794	 3.692773	-4.879999	-7.827234	 15.998393	 0.491019	-3.223433
 4.108228	 18.756867	-2.310835	-2.155409	 5.205158	-1.175181	 3.928002	-4.860479	-7.795925	 15.936357	 0.513928	-3.212435
 4.091826	 18.682849	-2.302326	-1.771574	 5.074993	-0.682984	 4.037290	-4.841038	-7.764742	 15.873590	 0.524309	-3.200534
 4.075474	 18.608623	-2.293484	-1.576880	 5.000021	-0.436885	 4.083641	-4.821673	-7.733683	 15.810585	 0.528429	-3.188205
 4.059179	 18.534441	-2.284494	-1.476770	 4.952685	-0.313835	 4.098556	-5.802387	-7.702748	 15.747587	 0.529425	-2.675690
 4.042946	 18.460429	-2.275448	-1.423961	 4.919206	-0.252311	 4.097787	-6.279177	-7.671937	 15.684719	 0.528862	-2.415105
 4.026777	 18.386651	-2.266392	-1.894814	 4.892695	-0.221548	 4.089208	-5.504060	-7.641249	 15.622042	 0.527524	-2.780504
 4.010670	 18.313136	-2.257349	-2.125509	 4.869707	-0.206167	 4.076758	-5.107044	-7.610684	 15.559584	 0.525802	-2.956912
 3.994628	 18.239899	-2.248331	-2.236145	 4.848520	-0.198477	 4.062404	-4.899116	-7.580241	 15.497361	 0.523893	-3.038849
 3.978650	 18.166947	-1.739344	-1.786769	 4.828272	-0.694631	 4.047131	-4.785770	-7.549920	 15.435379	 0.521895	-3.073576
 3.962735	 18.094284	-1.482389	-1.559406	 4.808531	-0.940327	 4.031430	-4.719752	-7.519721	 15.373642	 0.519856	-3.084723
 3.946885	 18.021908	-1.851461	-1.443060	 5.289084	-0.560803	 4.015549	-4.677435	-7.489642	 15.812149	 0.517801	-3.084105
 3.931097	 17.949822	-2.031556	-1.382234	 5.517821	-0.371041	 3.999609	-4.647007	-7.459683	 15.998901	 0.515742	-3.077628
 3.915373	 18.378023	-2.117180	-1.349178	 5.620696	-0.776160	 3.983671	-4.622559	-7.429845	 16.059906	 0.513685	-3.068248
 3.899711	 18.554511	-2.155587	-1.330018	 5.660686	-0.976357	 3.967767	-4.601139	-7.400125	 16.058167	 0.511633	-3.057440
 3.884112	 18.605293	-2.170402	-1.317816	 5.669280	-1.074102	 3.951911	-4.581270	-7.370525	 15.525184	 0.509588	-2.545943
 3.868576	 18.593372	-2.173439	-1.309104	 5.662221	-1.120631	 3.936111	-4.562212	-7.341043	 15.228708	 0.507550	-2.286125
 3.853102	 18.550249	-2.170605	-1.302147	 5.647382	-1.141561	 3.920371	-4.543597	-7.311678	 15.050606	 0.505521	-2.152164
 3.337689	 15.991673	-1.664852	-1.296079	 4.628697	-1.149701	 2.904691	-4.525240	-6.282432	 9.931810	 0.003499	-2.081147
 3.074338	 14.685518	-1.409657	-1.290464	 4.112134	-1.151456	 2.393073	-4.507047	-5.757302	 7.362786	-0.247512	-2.041618
 2.437041	 8.505683	-1.279751	-1.285087	 1.846662	-0.650026	 0.633502	-3.488973	-4.484273	 3.068686	-0.873018	-1.517850
 2.114793	 5.411113	-1.212498	-1.279839	 0.713926	-0.399312	-0.244032	-2.974994	-3.841336	 0.924087	-1.182773	-1.253977
 1.450084	 1.859195	-0.676582	-0.774666	-0.352442	-0.273955	-0.680556	-2.713083	-3.013470	-0.645771	-1.334666	-0.620061
 1.116158	 0.086622	-0.408623	-0.522080	-0.882789	-0.211276	-0.896584	-2.577225	-2.595166	-1.426269	-1.407640	-0.303103
 0.447631	-2.796293	 0.225356	-0.395786	-2.145136	-0.179937	-1.502372	-2.004413	-1.381661	-3.312104	-1.441165	-0.144623
 0.113368	-4.226392	 0.540627	-0.332640	-2.769494	-0.164267	-1.801050	-1.715144	-0.774908	-4.244626	-1.454978	-0.065384
-0.053764	-4.930129	 0.696551	-0.301066	-3.074886	-0.156432	-1.946190	-1.567658	-0.471532	-4.700533	-1.458947	-0.025764
-0.137330	-5.270729	 0.272808	-0.285280	-3.220821	-0.652515	-2.014577	-0.991074	 0.180157	-4.918173	-0.958006	-0.005954
-0.179113	-5.429807	 0.060936	-0.277386	-3.287055	-0.898259	-2.044605	-0.702783	 0.504337	-5.016722	-0.707535	 0.003951
-0.200004	-5.498168	-0.045000	-0.273440	-3.313466	-0.518843	-2.055469	-0.558637	 0.164770	-5.055766	-0.582300	 0.008903
-0.210450	-5.521215	-0.097968	-0.271466	-3.319991	-0.329135	-2.056769	-0.486564	-0.005013	-5.065098	-0.519682	 0.011379
-0.715673	-5.521651	-0.124452	-0.270480	-2.816601	-0.234281	-2.053302	 0.049473	 0.410095	-5.559615	-0.488374	 0.012618
-0.965843	-5.510824	-0.137693	-0.269986	-2.560279	-0.186854	-2.047470	 0.316320	 0.615999	-5.794766	-0.472719	 0.013237
-0.588495	-5.494411	 0.355686	-0.269740	-2.927511	-0.163140	-2.040470	 0.448577	 0.717307	-4.900281	-0.464892	 0.513546
-0.399822	-5.475248	 0.600677	-0.269616	-3.104537	-0.151284	-2.032903	 0.513544	 0.766324	-4.445027	-0.460978	 0.761673
-0.805485	-5.454755	 0.721481	-0.269555	-2.686487	-0.145355	-2.025069	 0.044871	 0.789201	-4.709421	-0.459022	 0.883717
-1.005894	-5.433639	 0.780199	-0.269524	-2.472925	-0.142391	-2.017118	-0.189466	 0.799016	-4.831670	-0.458043	 0.942728
-1.103686	-5.412257	 0.807880	-0.269509	-2.361625	-0.140909	-2.009123	-0.306635	 0.802306	-4.882886	-0.457554	 0.970229
-1.150179	-5.390784	 0.820049	 0.230499	-2.301475	-0.640168	-2.001124	-0.365219	 0.802340	-4.898627	-0.457309	 0.981985
-1.171033	-5.369308	 0.824469	 0.479042	-2.266917	-0.887519	-1.993138	-0.394511	 0.800752	-4.896668	-0.457187	 0.985875
-0.679075	-4.847875	 0.825022	 0.601858	-2.245173	-0.508924	-1.985175	 0.090843	 0.798359	-4.885899	-0.457126	 0.985841
-0.433097	-4.578506	 0.823647	 0.661817	-2.229854	-0.319627	-1.977239	 0.332368	 0.795571	-4.870765	-0.457095	 0.983852
-0.310108	-4.935203	 0.821315	 0.190353	-2.717766	-0.224978	-1.969332	 0.451982	 0.792592	-4.853486	-0.457080	 0.980894
-0.248613	-5.102967	 0.818511	-0.045379	-2.955310	-0.177654	-1.961456	 0.510646	 0.789523	-4.835174	-0.457072	 0.977459
-0.217866	-4.676308	 0.815477	-0.163245	-2.567697	-0.153992	-1.953611	 0.538840	 0.786415	-4.316385	-0.457069	 0.973793
-0.202492	-4.454479	 0.812336	-0.222178	-2.369530	-0.142161	-1.945797	 0.551802	 0.783295	-4.049395	-0.457067	 0.970020
-0.194805	-4.335100	 0.809147	-0.251645	-2.266104	-0.136245	-1.938014	 0.557154	 0.780174	-3.908335	-0.457066	 0.966201
-0.690962	-4.266978	 0.805940	 0.233622	-2.210065	-0.133287	-1.430262	 0.058705	 0.777060	-3.830270	-0.457065	 0.462367
-0.936666	-4.224520	 0.802731	 0.474818	-2.177738	-0.131809	-1.174541	-0.190520	 0.773955	-3.783734	-0.457065	 0.210450
-0.557153	-4.194927	 0.799528	 0.593983	-2.157284	-0.131069	-1.544843	 0.184868	 0.770861	-3.752991	-0.457065	 0.584491
-0.367397	-4.171799	 0.796334	 0.652140	-2.142783	-0.130699	-1.726163	 0.371441	 0.767778	-3.730175	-0.457065	 0.769595
-0.772518	-4.151938	 0.793150	 0.179798	-2.131276	-0.130515	-1.313009	 0.463612	 1.264707	-3.711353	-0.457065	 0.360237
-0.972724	-4.133744	 0.789979	-0.056374	-2.121283	-0.130422	-1.104632	 0.508586	 1.509649	-3.694556	-0.457065	 0.155558
-1.070481	-4.116415	 0.786819	 0.325541	-2.112064	-0.630376	-1.498651	 0.529966	 1.128610	-3.678803	-0.457065	 0.553219
-1.117023	-4.099553	 0.783672	 0.515083	-2.103248	-0.878092	-1.691875	 0.539553	 0.936596	-3.663600	-0.457065	 0.750148
-1.137967	-4.082956	 0.780537	 0.608445	-2.094652	-0.999699	-1.784717	 0.543248	 0.839099	-3.648701	-0.457065	 0.846718
-1.146121	-4.066525	 0.777415	 0.153722	-2.086181	-0.558259	-1.827382	 0.544002	 1.288868	-3.633985	-0.457065	 0.893116
-1.147890	-4.050210	 0.774306	-0.073639	-2.077791	-0.337540	-1.844975	 0.543289	 1.510275	-3.619388	-0.457065	 0.914436
-0.646475	-4.033984	 0.771209	 0.312680	-2.069457	-0.227180	-1.850046	 0.541848	 1.617515	-4.104880	-0.457065	 0.423225
-0.395767	-4.017836	 0.768124	 0.504442	-2.061167	-0.172000	-1.848872	 0.540046	 1.667686	-4.338445	-0.457065	 0.177619
-0.270413	-4.001758	 0.765051	 0.598930	-2.052917	 0.355590	-1.344589	 0.538069	 1.189335	-3.946083	-0.457065	 0.554816
-0.207736	-3.985748	 0.761991	 0.644788	-2.044703	 0.617619	-1.090767	 0.536008	 0.948738	-3.742795	-0.457065	 0.741551
-0.176398	-3.969803	 0.758943	 0.166335	-2.036522	 0.246874	-0.962182	 0.533910	 1.327023	-3.634072	-0.457065	 0.833062
-0.160729	-3.953923	 0.755907	-0.072891	-2.028375	 0.061501	-0.896223	 0.531797	 1.512755	-3.572660	-0.457065	 0.876968
-0.152894	-3.938107	 0.752884	-0.192504	-2.020262	-0.031185	-0.861582	 0.529681	 1.602224	-3.534931	-0.457065	 0.897079
-0.648977	-3.922355	 0.249872	 0.247689	-2.012180	-0.077528	-0.842608	 0.527568	 1.643575	-3.509073	-0.457065	 0.905301
-0.894728	-3.906665	-0.001634	 0.466410	-2.004132	-0.100700	-0.831474	 0.525461	 1.660881	-3.489177	-0.457065	 0.907584
-1.015323	-3.891038	 0.372613	 0.574400	-1.996115	-0.112285	-0.824266	 0.523360	 1.166178	-3.472290	-0.457065	 0.906906
-1.073348	-3.875474	 0.558243	 0.627031	-1.988131	-0.118078	-0.819028	 0.521268	 0.917483	-3.456936	-0.457065	 0.904755
-1.100098	-3.859972	 0.649570	 0.651987	-1.980178	-0.120975	-0.814782	 0.519183	 1.291798	-3.442376	-0.457065	 0.901874
-1.111219	-3.844532	 0.693752	 0.663111	-1.972257	-0.122423	-0.811037	 0.517106	 1.475623	-3.428240	-0.457065	 0.898635
-0.614535	-3.829154	 0.714367	 0.667324	-1.964368	-0.123147	-0.807550	 0.515038	 0.564217	-3.414344	-0.457065	 0.895225
-0.366193	-3.813838	 0.723205	 0.668088	-1.956511	-0.123509	-0.804199	 0.512978	 0.108514	-3.400595	-0.457065	 0.891737
-0.242022	-3.798582	 0.726160	 0.667132	-1.948685	-0.123690	-0.800921	 0.510926	-0.119338	-3.386947	-0.457065	 0.888216
-0.179937	-3.783388	 0.726179	 0.665322	-1.940890	-0.123781	-1.297687	 0.508882	 0.766737	-3.373377	-0.457065	 0.884686
-0.148894	-3.768254	 0.724736	 0.663090	-1.933126	-0.123826	-1.542482	 0.506847	 1.206468	-3.359872	-0.457065	 0.881159
-0.133373	-3.753181	 0.722568	 0.660652	-1.925394	-0.123849	-1.161304	 0.504820	 1.423041	-3.346426	-0.457065	 0.877640
-0.125612	-3.738169	 0.720043	 0.658116	-1.917692	-0.123860	-0.969155	 0.502800	 1.528049	-3.333038	-0.457065	 0.874132
-0.121732	-3.723216	 0.717346	 0.655538	-1.910022	-0.123866	-0.871526	 0.500789	 1.077286	-3.319704	-0.457065	 0.870637
-0.119792	-3.708323	 0.714568	 0.652942	-1.902381	-0.123868	-0.821164	 0.499783	 0.850652	-3.306425	-0.457065	 0.867156
-0.618821	-3.693490	 0.711755	 0.650344	-1.394772	-0.123870	-0.794442	 0.499281	 1.236087	-3.293199	-0.457065	 0.863687
-0.866101	-3.678716	 0.708931	 0.647749	-1.139193	-0.123870	-0.779545	 0.499029	 1.425561	-3.280026	-0.457065	 0.860233
-0.987514	-3.664001	 0.706106	 0.645162	-1.009636	-0.123871	-0.770567	 0.498904	 1.517068	-3.266906	-0.457065	 0.856792
-0.546002	-3.649345	 0.703288	 0.642583	-1.443098	-0.123871	-0.764555	 0.498841	 1.559605	-3.253838	-0.457065	 0.853365
-0.325246	-3.634748	 0.700477	 0.640013	-1.656075	-0.123871	-0.760032	 0.498809	 1.577669	-3.240823	-0.457065	 0.349951
-0.214869	-3.620209	 0.697677	 0.637453	-1.758826	-0.123871	-0.756260	 0.498794	 1.583509	-3.227859	-0.457065	 0.098245
-0.659680	-3.605728	 0.694887	 0.634904	-1.806478	-0.123871	-0.752868	 0.498786	 1.583251	-3.214948	-0.457065	-0.027609
-0.879876	-3.591305	 0.692108	 0.632364	-1.826596	-0.123871	-0.749674	 0.498782	 1.579956	-3.202088	-0.457065	-0.090535
-0.487774	-3.576940	 0.689340	 0.629835	-1.832961	-0.123871	-0.746584	 0.498780	 1.575155	-3.189280	-0.457065	 0.378001
-0.291723	-3.562632	 0.686582	 0.627316	-1.832465	-0.123871	-0.743551	 0.498779	 1.569614	-3.176522	-0.457065	 0.610576
-0.193698	-3.548381	 0.683836	 0.624806	-1.828554	-0.123871	-0.740554	 0.498778	 1.563715	-3.163816	-0.457065	 0.725178
-0.144685	-3.534188	 0.681101	 0.622307	-1.822948	-0.123871	-0.737581	 0.498778	 1.557650	-3.151161	-0.457065	 0.780799
-0.120179	-3.520051	 0.678376	 0.619818	-1.816511	-0.123871	-0.734625	 0.498778	 1.551514	-3.138556	-0.457065	 0.806937
-0.607926	-3.505971	 0.675663	 0.617339	-1.809672	-0.123871	-0.731683	 0.498778	 1.545356	-3.126002	-0.457065	 0.318339
-0.849608	-3.491947	 0.672960	 0.614869	-1.802647	-0.123871	-0.728755	 0.498778	 1.539198	-3.113498	-0.457065	 0.074041
-0.468266	-3.477979	 0.670268	 0.612410	-1.295543	-0.123871	-0.725839	 0.498778	 1.533053	-3.101044	-0.457065	 0.451891
-0.277595	-3.464067	 0.667587	 0.609960	-1.040415	-0.123871	-0.722936	 0.498778	 1.526927	-3.088640	-0.457065	 0.639157
-0.182260	-3.450211	 0.664917	 0.607520	-1.411280	-0.123871	-0.720044	 0.498778	 1.520822	-3.076286	-0.457065	 0.731137
-0.134592	-3.436410	 0.662257	 0.605090	-1.593148	-0.123871	-0.717164	 0.498778	 1.514740	-3.063980	-0.457065	 0.775481
-0.110758	-3.422665	 0.659608	 0.602670	-1.680532	-0.123871	-0.714295	 0.498778	 1.508682	-3.051724	-0.457065	 0.796013
-0.098842	-3.408974	 0.656970	 0.600259	-1.220688	-0.123871	-0.711438	 0.498778	 1.502648	-3.039518	-0.457065	 0.804646
-0.092883	-3.395338	 0.654342	 0.597858	-0.989245	-0.123871	-0.708592	 0.498778	 1.496637	-3.027359	-0.457065	 0.807336
-0.089904	-3.381757	 0.651724	 0.595467	-0.872007	-0.123871	-1.205758	 0.498778	 1.490651	-3.015250	-0.457065	 0.807061
-0.088414	-3.368230	 0.649118	 0.593085	-0.811879	-0.123871	-1.450934	 0.498778	 1.484688	-3.003189	-0.457065	 0.805310
-0.087669	-3.354757	 0.646521	 0.590713	-0.780311	-0.123871	-1.070131	 0.498778	 1.478749	-2.991176	-0.457065	 0.802827
-0.087297	-3.341338	 0.643935	 0.588350	-0.763030	-0.123871	-0.878350	 0.498778	 1.472834	-2.979212	-0.457065	 0.799985
-0.087111	-3.327972	 0.641359	 0.585996	-0.752898	-0.123871	-0.781087	 0.498778	 1.466943	-2.967295	-0.457065	 0.796970
-0.087018	-3.314660	 0.638794	 0.583652	-0.746346	-0.123871	-0.731087	 0.498778	 1.461075	-2.955426	-0.457065	 0.793875
-0.086971	-3.301402	 0.636239	 0.581318	-0.741591	-0.123871	-0.704726	 0.498778	 1.455231	-2.943604	-0.457065	 0.790745
-0.586948	-3.288196	 0.633694	 0.578992	-0.737740	-0.123871	-0.690188	 0.498778	 0.949410	-2.931829	-0.457065	 0.787605
-0.834762	-3.275043	 0.631159	 0.576677	-0.734346	-0.123871	-0.681568	 0.498778	 0.696500	-2.920102	-0.457065	 0.784466
-0.456505	-3.261943	 0.628634	 0.574370	-0.731187	-0.123871	-0.675912	 0.498778	 1.070044	-2.908422	-0.457065	 0.781334
-0.267376	-3.248896	 0.626120	 0.572072	-0.728152	-0.123871	-0.671743	 0.498778	 1.253930	-2.896788	-0.457065	 0.778212
-0.172811	-3.235900	 0.623615	 0.569784	-1.225184	-0.123871	-0.668324	 0.498778	 1.342997	-2.885201	-0.457065	 0.775100
-0.125529	-3.222956	 0.621121	 0.567505	-1.470256	-0.123871	-0.665284	 0.498778	 1.384666	-2.873660	-0.457065	 0.772001
-0.601888	-3.210065	 0.618636	 0.565235	-1.089361	-0.123871	-0.662440	 0.498778	 1.402648	-3.362165	-0.457065	 0.768913
-0.837911	-3.197224	 0.616162	 0.562974	-0.897497	-0.123871	-0.659699	 0.498778	 1.408798	-3.598717	-0.457065	 0.765838
-0.953774	-3.184435	 0.613697	 0.560722	-0.800153	-0.123871	-0.657014	 0.498778	 1.409043	-3.709322	-0.457065	 0.762774
-0.509567	-3.171698	 0.611242	 0.558479	-0.750076	-0.123871	-0.654363	 0.998778	 1.406347	-3.256985	-0.457065	 0.759723
-0.287463	-3.159011	 0.608797	 0.556245	-0.723637	-0.123871	-0.651735	 1.245780	 1.402191	-3.025207	-0.457065	 0.756685
-0.676411	-3.146375	 0.606362	 0.554020	-0.709023	-0.123871	-0.649122	 0.866296	 1.397317	-2.903731	-0.457065	 0.753658
-0.868755	-3.133789	 0.603937	 0.551804	-0.700328	-0.123871	-0.646522	 0.676554	 1.392096	-2.837428	-0.457065	 0.750643
-0.962804	-3.121254	 0.601521	 0.549597	-0.694597	 0.376129	-0.643935	 1.081683	 0.886711	-2.798735	-0.457065	 0.747641
-1.007715	-3.108769	 0.599115	 0.547399	-0.690353	 0.624377	-0.641359	 1.281274	 0.634019	-2.773868	-0.457065	 0.744650
-0.528065	-3.096334	 0.596718	 0.545209	-1.186859	 0.246755	-0.638793	 0.878107	 1.007673	-2.755937	-0.457065	 0.741671
-0.288240	-3.083949	 0.594332	 0.543028	-1.431746	 0.057944	-0.636237	 0.676524	 1.191737	-2.741495	-0.457065	 0.738705
-0.168328	-3.071613	 0.591954	 0.540856	-1.550836	-0.036461	-0.633692	 0.575733	 1.281017	-2.728820	-0.457065	 0.735750
-0.608372	-3.059326	 0.589586	 0.538693	-1.107041	-0.083664	-0.631158	 0.525337	 1.322917	-2.717050	-0.457065	 0.732807
-0.826297	-3.047089	 0.587228	 0.536538	-0.883817	-0.107265	-0.628633	 0.500139	 1.341137	-2.705755	-0.457065	 0.729876
-0.933171	-3.034901	 0.584879	 0.534392	-1.270884	-0.119066	-0.626118	 0.487540	 1.347529	-2.694718	-0.457065	 0.726956
-0.984528	-3.022761	 0.582540	 0.532254	-1.461101	-0.124966	-0.623614	 0.481240	 1.348017	-2.683833	-0.457065	 0.724048
-0.508135	-3.010670	 0.580210	 0.530125	-1.552907	 0.372084	-0.621119	 0.978091	 1.345563	-2.673044	-0.457065	 0.721152
-0.269938	-2.998627	 0.577889	 0.528005	-1.595521	 0.618871	-0.618635	 1.223566	 1.341651	-2.662325	-0.457065	 0.718268
-0.650840	-2.986633	 0.575577	 0.525893	-1.113552	 0.240533	-0.616160	 1.343365	 1.337019	-3.151662	-0.457065	 0.715394
-0.839227	-2.974686	 0.573275	 0.523789	-0.871304	 0.051364	-0.613696	 1.400339	 1.332038	-3.389049	-0.457065	 0.712533
-0.931365	-2.962788	 0.570982	 0.521694	-0.748922	-0.043221	-0.611241	 1.425911	 1.326894	-3.500489	-0.457065	 0.709683
-0.975388	-2.950937	 0.068698	 0.519607	-0.686477	-0.090513	-0.608796	 0.935794	 1.321678	-3.048986	-0.457065	 0.706844
-0.995360	-2.939133	-0.182444	 0.517529	-0.654007	-0.114159	-0.606361	 0.690736	 1.316437	-2.818039	-0.457065	 0.704017
-1.003315	-2.927376	 0.191985	 0.515459	-0.636529	-0.125982	-1.103935	 0.568206	 1.311194	-2.697391	-0.457065	 0.701201
-1.005271	-2.915667	 0.378067	 0.513397	-0.626552	-0.131894	-1.349520	 0.506942	 1.305961	-2.631914	-0.457065	 0.698396
-1.004234	-2.904004	 0.469979	 0.511343	-0.620330	-0.134850	-0.969122	 0.976309	 1.300743	-2.594043	-0.457065	 0.695602
-1.001709	-2.892388	 0.514812	 0.509298	-0.615991	-0.136327	-0.777745	 1.208102	 1.295543	-2.569995	-0.457065	 0.692820
-0.998448	-2.880818	 0.536109	 0.507261	-0.612598	-0.137066	-0.680884	 0.821118	 1.290362	-2.552879	-0.457065	 0.690049
-0.994827	-2.869295	 0.545642	 0.505232	-0.609684	-0.137436	-0.631286	 0.627627	 1.285201	-2.539249	-0.457065	 0.687288
-0.491035	-2.857818	 0.549299	 0.503211	-0.607013	-0.137621	-0.605323	 0.530881	 1.280061	-2.527383	-0.457065	 0.684539
-0.239138	-2.846387	 0.550021	 0.501198	-0.604468	-0.137713	-0.591183	 0.482508	 1.274941	-2.516419	-0.457065	 0.681801
-0.113190	-2.835001	 0.549281	 0.500191	-0.601993	-0.137759	-0.582959	 0.458321	 1.269841	-2.505926	-0.457065	 0.679074
-0.550216	-2.823661	 0.547813	 0.499688	-0.599556	-0.137782	-0.577697	 0.946228	 1.264762	-2.495689	-0.457065	 0.676358
-0.766754	-2.812367	 0.545987	 0.499436	-0.597143	-0.137794	-0.573922	 1.187313	 1.259703	-2.485599	-0.457065	 0.673652
-0.873057	-2.801117	 0.543986	 0.499311	-0.594747	 0.362200	-1.070893	 1.304999	 1.254664	-2.475603	-0.457065	 0.670957
-0.924250	-2.789913	 0.541901	 0.499248	-0.592364	 0.610473	-1.316244	 1.360996	 1.249645	-2.465674	-0.457065	 0.668274
-0.447895	-2.778753	 0.539779	 0.499216	-0.589993	 0.232892	-1.435796	 0.886161	 1.244647	-2.455798	-0.457065	 0.665601
-0.209718	-2.767638	 0.537643	 0.499201	-0.587632	 0.044101	-1.492461	 0.648744	 1.239668	-2.445968	-0.457065	 0.662938
-0.590629	-2.756567	 0.535503	 0.499193	-0.585281	 0.449706	-1.517695	 0.530035	 1.234710	-2.436181	-0.457065	 0.160286
-0.779142	-2.745541	 0.533367	 0.499189	-0.582940	 0.650798	-1.527227	 0.470680	 1.229771	-2.426435	-0.457065	-0.091039
-0.871463	-2.734559	 0.531237	 0.499187	-0.580608	 0.749640	-1.528919	 0.441003	 1.224852	-2.416728	-0.457065	-0.216702
-0.915696	-2.723621	 0.529113	 0.499186	-0.578285	 0.297364	-1.026704	 0.926165	 1.219952	-2.907061	-0.457065	 0.220466
-0.935892	-2.712726	 0.526997	 0.499185	-0.575972	 0.071226	-0.774547	 1.165923	 1.215072	-3.145432	-0.457065	 0.437735
-0.944078	-2.701875	 0.524890	 0.499185	-0.573668	-0.541843	-0.647424	 1.282990	 1.210212	-2.757851	-0.457065	 0.045060
-0.946267	-2.691068	 0.522790	 0.499185	-0.571374	-0.846068	-0.582822	 1.338724	 1.205371	-2.559319	-0.457065	-0.151278
-0.945464	-2.680304	 0.520699	-0.000815	-0.569088	-0.495879	-0.549484	 1.363802	 1.200550	-2.455332	-0.457065	 0.250553
-0.943174	-2.669582	 0.518616	-0.249813	-0.566812	-0.320785	-0.531783	 1.373563	 1.195748	-2.398636	-0.457065	 0.450164
-0.440147	-2.658904	 0.516542	 0.125687	-0.564545	-0.233238	-0.521905	 1.375677	 1.190965	-2.365603	-0.457065	 0.548670
-0.188633	-2.648268	 0.514476	 0.312435	-0.562286	-0.189465	-0.515941	 1.373979	 1.186201	-2.344422	-0.457065	 0.596628
-0.062876	-2.637675	 0.512418	 0.405809	-0.560037	-0.167578	-0.511940	 1.370385	 1.181456	-2.329185	-0.457065	 0.619318
 0.000002	-2.627125	 0.510368	 0.452496	-0.557797	-0.156634	-0.508923	 0.865854	 1.176730	-2.316939	-0.457065	 0.629379
 0.031441	-2.616616	 0.508327	 0.475840	-0.555566	-0.151163	-0.506403	 0.613589	 1.172023	-2.306206	-0.457065	 0.633131
 0.047161	-2.606150	 0.506294	-0.012488	-0.553344	-0.148427	-0.504135	 0.487456	 1.167335	-2.296249	-0.457065	 0.633733
 0.055021	-2.595725	 0.504268	-0.255651	-0.551130	-0.147059	-0.501997	 0.424390	 1.162666	-2.286698	-0.457065	 0.632765
 0.058951	-2.585342	 0.502251	 0.122768	-0.548926	-0.146375	-0.500928	 0.892857	 1.158015	-2.277368	-0.457065	 0.631018
 0.060916	-2.575001	 0.500242	 0.310975	-0.546730	-0.146033	-0.500394	 1.124368	 1.153383	-2.268167	-0.457065	 0.628886
 0.061898	-2.564701	 0.499238	 0.405078	-0.544543	-0.145862	-0.500127	 1.237411	 1.148770	-2.259048	-0.457065	 0.626566
 0.062389	-2.554442	 0.498736	 0.452130	-0.542365	-0.145777	-0.499993	 1.291232	 1.144174	-2.249989	-0.457065	 0.624158
 0.062635	-2.544224	 0.498484	 0.475656	-0.540196	-0.145734	-0.499926	 1.315452	 1.139598	-2.240978	-0.457065	 0.621710
-0.437242	-2.534047	 0.498359	 0.487419	-0.538035	-0.145712	-0.499893	 0.824883	 1.135039	-2.232008	-0.457065	 0.119248
-0.685307	-2.523911	 0.498296	 0.493300	-0.535883	-0.145702	-0.499876	 0.579599	 1.130499	-2.223077	-0.457065	-0.131983
-0.307472	-2.513816	 0.498265	 0.496241	-0.533739	-0.145696	-0.499868	 0.956956	 1.125977	-2.214184	-0.457065	 0.242401
-0.118555	-2.503760	 0.498249	 0.497712	-0.531604	-0.145694	-0.499864	 1.142967	 1.121473	-2.205326	-0.457065	 0.428360
-0.024096	-2.493745	 0.498241	 0.498447	-0.529478	-0.145692	-0.999862	 1.233314	 1.116987	-2.196505	-0.457065	 0.020110
 0.023133	-2.483770	 0.498237	 0.498814	-0.527360	-0.145692	-1.246861	 1.275840	 1.112519	-2.187718	-0.457065	-0.184014
-0.453252	-2.473835	 0.498235	-0.001002	-0.525250	-0.145691	-0.867373	 1.294466	 1.108069	-1.678967	-0.457065	 0.213923
-0.689586	-2.463940	 0.498234	-0.249908	-0.523149	-0.145691	-0.677629	 1.301153	 1.103637	-1.422251	-0.457065	 0.411668
-0.805900	-2.454084	 0.498234	-0.374362	-0.521057	-0.145691	-0.582757	 1.301881	 1.099223	-1.291562	-0.457065	 0.509322
-0.862213	-2.444268	 0.498233	 0.063412	-0.518973	-0.145691	-0.535321	 1.299640	 1.094826	-1.723896	-0.457065	 0.556935
-0.888533	-2.434491	 0.498233	 0.281296	-0.516897	-0.145691	-0.511603	 1.295925	 1.090446	-1.935751	-0.457065	 0.579532
-0.399863	-2.424753	 0.498233	 0.390238	-0.514829	-0.145691	-0.499744	 0.791482	 1.086085	-2.037383	-0.457065	 0.589627
-0.155528	-2.415054	 0.498233	 0.444709	-0.512770	-0.145691	-0.493814	 0.539261	 1.081740	-2.083921	-0.457065	 0.593475
-0.033360	-2.405393	 0.498233	 0.471945	-0.510719	-0.145691	-0.490849	 0.913151	 0.077413	-1.602929	-0.457065	 0.594204
 0.027723	-2.395772	 0.498233	 0.485563	-0.508676	-0.145691	-0.489367	 1.097521	-0.422896	-1.360189	-0.457065	 0.593379
 0.058265	-2.386189	 0.498233	 0.492372	-0.506641	 0.354309	-0.488626	 1.187143	 0.328795	-1.236584	-0.457065	 0.591781
 0.073536	-2.376644	 0.498233	 0.495776	-0.504615	 0.602600	-0.488255	 1.229400	 0.702480	-1.172556	-0.457065	 0.589802
 0.081172	-2.367137	 0.498233	 0.497478	-0.502596	 0.725044	-0.488070	 1.247986	 0.887170	-1.138324	-0.457065	 0.587636
 0.084989	-2.357669	 0.498233	 0.498329	-0.500586	 0.784571	-0.487977	 1.254745	 0.977371	-1.619001	-0.457065	 0.585383
 0.086898	-2.348238	 0.498233	 0.498755	-0.499581	 0.812647	-0.487931	 1.255602	 1.020337	-1.855139	-0.457065	 0.583090
 0.087853	-2.338845	 0.498233	 0.498968	-0.499078	 0.325003	-0.487908	 1.253517	 1.039693	-1.969026	-0.457065	 0.580782
 0.088330	-2.329490	 0.498233	 0.499074	-0.498827	 0.081181	-0.487896	 1.249972	 1.047253	-2.021804	-0.457065	 0.578471
 0.088569	-2.320172	 0.498233	 0.499127	-0.498701	-0.040730	-0.487890	 1.245707	 1.048923	-2.044043	-0.457065	 0.576163
 0.088688	-2.310891	 0.498233	 0.499154	-0.498638	-0.101686	-0.487888	 1.241091	 1.047657	-2.051031	-0.457065	 0.573861
 0.088747	-2.301648	 0.498233	 0.499167	-0.498607	 0.367837	-0.487886	 1.236310	 1.044932	-2.050408	-0.457065	 0.571567
 0.088777	-2.292441	 0.498233	 0.499174	-0.498591	 0.600923	-0.487885	 1.231457	 1.041484	-2.045997	-0.457065	 0.569282
 0.088792	-2.283271	 0.498233	 0.499177	-0.498583	 0.715798	-0.487885	 1.226577	 1.037685	-2.039709	-0.457065	 0.567005
 0.088800	-2.274138	 0.498233	 0.499179	-0.498579	 0.271574	-0.487885	 1.221694	 1.033717	-2.032498	-0.457065	 0.564737
 0.088803	-2.265042	 0.498233	 0.499180	-0.498577	 0.049463	-0.487885	 1.216818	 1.029674	-2.024842	-0.457065	 0.562478
 0.088805	-2.255982	 0.498233	 0.499180	-0.498576	 0.438407	-0.487885	 1.211957	 1.025601	-2.016979	-0.457065	 0.560228
 0.088806	-2.246958	 0.498233	 0.499180	-0.498576	 0.631224	-0.487885	 1.207112	 1.021521	-2.009030	-0.457065	 0.557988
 0.088807	-2.237970	 0.498233	 0.499180	-0.498576	 0.225985	-0.487885	 1.202285	 1.017447	-2.001053	-0.457065	 0.555756
 0.088807	-2.229018	 0.498233	 0.499180	-0.498575	 0.023365	-0.487885	 1.197476	 1.013383	-1.993078	-0.457065	 0.553533
 0.088807	-2.220102	 0.498233	 0.499180	-0.498575	-0.077945	-0.487885	 0.692687	 1.009332	-1.485121	-0.457065	 0.551319
 0.088807	-2.211221	 0.498233	 0.499180	-0.498575	-0.128600	-0.487885	 0.440292	 1.005296	-1.229188	-0.457065	 0.549113
 0.088807	-2.202377	 0.498233	 0.499180	-0.498575	-0.153927	-0.487885	 0.314095	 1.001275	-1.099275	-0.457065	 0.546917
-0.411193	-2.193567	 0.498233	-0.000820	-0.498575	 0.333409	-0.487885	 0.750996	 0.997271	-1.532379	-0.457065	 0.544729
-0.659371	-2.184793	 0.498233	-0.249818	-0.498575	 0.575436	-0.487885	 0.967071	 0.993282	-1.745001	-0.457065	 0.542550
-0.281644	-2.176054	 0.498233	 0.125683	-0.498575	 0.194814	-0.487885	 1.072742	 0.989309	-1.847396	-0.457065	 0.540380
-0.092781	-2.167349	 0.498233	 0.312431	-0.498575	 0.004503	-0.487885	 1.123221	 0.985352	-1.894694	-0.457065	 0.538218
-0.498349	-2.158680	 0.498233	 0.405805	-0.498575	-0.090652	-0.487885	 1.146113	 0.981410	-1.914459	-0.457065	 0.036066
-0.699326	-2.150045	 0.498233	 0.452492	-0.498575	-0.138230	-0.487885	 1.155221	 0.977485	-1.920473	-0.457065	-0.215011
-0.298013	-2.141445	 0.498233	 0.475835	-0.498575	-0.162019	-0.487885	 1.157446	 0.973575	-1.919628	-0.457065	 0.159451
-0.097357	-2.132879	 0.498233	 0.487507	-0.498575	-0.173913	-0.487885	 1.156239	 0.969680	-1.915367	-0.457065	 0.345614
 0.002971	-2.124348	 0.498233	 0.493343	-0.498575	-0.179860	-0.487885	 1.153326	 0.965802	-1.909415	-0.457065	 0.437632
 0.053135	-2.115850	 0.498233	 0.496261	-0.498575	-0.182834	-0.487885	 1.149568	 0.961938	-1.902631	-0.457065	-0.017418
 0.078217	-2.107387	 0.498233	 0.497720	-0.498575	-0.184321	-0.487885	 1.145398	 0.958091	-1.895448	-0.457065	-0.244943
 0.090758	-2.098957	 0.498233	 0.498450	-0.998575	 0.314936	-0.487885	 1.141030	 0.954258	-1.388080	-0.457065	 0.141294
 0.097028	-2.090562	 0.498233	 0.498814	-1.245578	 0.562936	-0.487885	 1.136573	 0.950441	-1.132634	-0.457065	 0.333358
 0.100164	-1.582199	 0.498233	 0.498997	-0.866094	 0.685314	-0.487885	 1.132080	 0.946640	-1.503157	-0.457065	 0.428339
 0.101731	-1.325871	 0.498233	 0.499088	-0.676353	 0.744887	-0.487885	 1.127579	 0.942853	-1.684671	-0.457065	 0.474782
-0.397485	-1.695567	 0.498233	 0.499133	-0.581482	 0.273065	-0.487885	 1.123082	 0.939082	-1.771696	-0.457065	 0.496962
-0.645300	-1.876285	 0.498233	 0.499156	-0.534046	 0.037154	-0.487885	 1.118596	 0.935325	-1.811491	-0.457065	 0.507013
-0.767421	-1.962530	 0.498233	 0.499168	-0.510328	-0.080801	-0.487885	 1.114125	 0.931584	-1.827686	-0.457065	 0.511005
-0.326702	-2.001555	 0.498233	 0.499173	-0.498470	-0.139779	-0.487885	 1.109670	 0.927858	-1.832095	-0.457065	 0.511971
-0.106343	-2.016986	 0.498233	 0.499176	-0.492540	-0.169268	-0.487885	 1.105233	 0.924146	-1.830627	-0.457065	 0.511428
-0.496163	-2.020637	 0.498233	 0.499178	-0.489575	-0.184012	-0.487885	 0.600812	 0.920450	-1.326235	-0.457065	 0.510135
-0.689301	-2.018413	 0.498233	 0.499178	-0.488093	-0.191385	-0.487885	 0.348602	 0.916768	-1.072395	-0.457065	 0.508470
-0.284106	-2.013269	 0.498233	 0.499179	-0.487352	-0.195071	-0.487885	 0.222497	 0.913101	-0.943838	-0.457065	 0.006624
-0.081508	-2.006681	 0.498233	 0.499179	-0.486981	-0.196914	-0.487885	 0.159444	 0.909448	-0.877929	-0.457065	-0.244298
 0.019791	-1.499387	 0.498233	 0.499179	-0.486796	-0.197835	-0.487885	 0.127918	 0.905811	-1.343350	-0.457065	 0.130240
 0.070441	-1.243756	 0.498233	 0.499179	-0.486703	-0.198296	-0.487885	 0.112155	 0.902187	-1.572443	-0.457065	 0.316500
 0.095765	-1.613964	 0.498233	 0.499179	-0.986657	-0.198526	-0.487885	 0.104273	 0.898579	-1.683387	-0.457065	 0.408624
 0.108428	-1.795099	 0.498233	 0.499179	-1.233661	-0.198642	-0.487885	 0.100332	 0.894984	-1.735270	-0.457065	 0.453685
 0.114759	-1.881715	 0.498233	 0.499179	-1.354201	-0.198699	-0.487885	 0.098362	 0.891404	-1.757637	-0.457065	 0.476215
-0.382076	-1.921086	 0.498233	 0.499179	-0.911522	-0.198728	-0.487885	 0.597377	 0.887839	-1.765261	-0.457065	 0.487480
-0.628735	-1.936850	 0.498233	 0.499179	-0.690182	-0.198742	-0.487885	 0.844691	 0.884287	-1.765527	-0.457065	 0.493113
-0.750314	-1.940827	 0.498233	 0.499179	-0.579512	-0.198750	-0.487885	 0.966165	 0.880750	-1.762128	-0.457065	 0.495929
-0.809359	-1.938926	 0.498233	 0.499179	-0.524178	-0.198753	-0.487885	 1.024726	 0.877227	-1.756912	-0.457065	 0.497337
-0.337145	-1.934102	 0.498233	 0.499179	-0.496510	-0.198755	-0.487885	 1.051840	 0.873718	-1.750800	-0.457065	 0.498041
-0.101039	-1.927831	 0.498233	 0.499179	-0.482676	-0.198756	-0.487885	 1.063239	 0.870223	-1.744255	-0.457065	 0.498394
 0.017015	-1.920852	 0.498233	 0.499179	-0.475759	-0.198756	-0.487885	 1.066790	 0.866742	-1.737507	-0.457065	-0.001430
 0.076042	-1.913535	 0.498233	 0.499179	-0.472301	-0.198757	-0.487885	 1.066424	 0.863276	-1.730671	-0.457065	-0.250340
 0.105555	-1.906064	 0.498233	 0.499179	-0.470572	-0.198757	-0.487885	 1.064109	 0.859822	-1.723806	-0.457065	-0.374795
 0.120312	-1.898532	 0.498233	-0.000821	-0.469707	-0.198757	-0.487885	 1.060828	 0.856383	-1.716939	-0.457065	 0.062978
 0.127690	-1.890983	 0.498233	-0.249819	-0.469275	-0.198757	-0.487885	 1.057073	 0.852958	-1.710086	-0.457065	 0.280863
-0.368621	-1.883442	 0.498233	 0.125681	-0.469059	-0.198757	-0.487885	 0.553088	 0.849546	-1.703252	-0.457065	 0.389805
-0.615046	-1.875920	 0.498233	 0.312430	-0.468951	-0.198757	-0.487885	 0.301096	 0.846148	-1.696443	-0.457065	 0.444276
-0.736536	-1.868422	 0.498233	 0.405804	-0.468897	-0.198757	-0.487885	 0.675100	 0.842763	-1.689659	-0.457065	 0.471512
-0.795565	-1.860951	 0.498233	 0.452491	-0.468870	-0.198757	-0.487885	 0.860003	 0.839392	-1.682901	-0.457065	 0.485130
-0.823370	-1.853509	 0.498233	 0.475834	-0.468856	-0.198757	-0.487885	 0.950366	 0.836034	-1.676170	-0.457065	 0.491939
-0.835570	-1.846096	 0.498233	 0.487506	-0.468849	-0.198757	-0.487885	 0.993465	 0.832690	-1.669466	-0.457065	 0.495343
-0.839975	-1.838712	 0.498233	 0.493342	-0.468846	-0.198757	-0.487885	 1.012942	 0.829359	-1.662788	-0.457065	 0.497045
-0.840489	-1.831357	 0.498233	 0.496260	-0.468844	-0.198757	-0.487885	 0.520615	 0.826042	-1.156137	-0.457065	-0.002104
-0.839063	-1.824032	 0.498233	 0.497719	-0.468843	-0.198757	-0.487885	 0.274452	 0.822738	-0.901512	-0.457065	-0.250675
-0.836675	-1.316736	 0.498233	 0.498448	-0.468843	-0.198757	-0.487885	 0.651370	 0.819447	-0.772906	-0.457065	 0.125039
-0.833813	-1.061469	 0.498233	 0.498813	-0.468843	-0.198757	-0.487885	 0.837773	 0.816169	-0.707315	-0.457065	 0.311894
-0.830720	-0.932223	 0.498233	 0.498995	-0.468843	-0.198757	-0.487885	 0.928926	 0.812904	-1.173235	-0.457065	 0.405322
-0.827518	-0.865994	 0.498233	 0.499086	-0.468843	-0.198757	-0.487885	 0.972462	 0.809653	-1.402917	-0.457065	 0.452036
-0.824268	-0.831280	 0.498233	 0.499132	-0.468843	-0.198757	-0.487885	 0.992198	 0.806414	-1.014493	-0.457065	 0.475393
-0.821002	-0.812330	 0.498233	 0.499155	-0.468843	-0.198757	-0.487885	 1.000043	 0.803189	-0.819029	-0.457065	 0.487071
-0.817733	-0.801268	 0.498233	 0.499166	-0.468843	-0.198757	-0.487885	 1.001949	 0.799976	-0.720050	-0.457065	 0.492910
-0.814469	-1.294157	 0.498233	 0.499172	-0.468843	-0.198757	-0.487885	 1.000894	 0.796776	-1.169318	-0.457065	 0.495830
-0.811215	-1.537027	 0.498233	 0.499175	-0.468843	-0.198757	-0.487885	 0.998367	 0.793589	-1.390715	-0.457065	 0.497290
-0.307972	-1.654902	 0.498233	 0.499176	-0.468843	-0.198757	-0.487885	 0.995112	 0.790414	-0.998189	-0.457065	 0.498020
-0.056351	-1.710294	 0.498233	 0.499177	-0.468843	-0.198757	-0.487885	 0.991501	 0.787253	-0.800715	-0.457065	 0.498385
 0.069460	-1.734459	 0.498233	 0.499177	-0.468843	-0.198757	-0.487885	 0.987720	 0.784104	-0.700771	-0.457065	 0.498567
 0.132365	-1.743024	 0.498233	 0.499177	-0.468843	-0.198757	-0.487885	 0.983861	 0.780967	-0.649598	-0.457065	 0.498658
-0.336182	-1.743803	 0.498233	 0.499177	-0.968843	 0.301243	-0.487885	 0.979972	 0.777843	-0.622814	-0.457065	 0.498704
-0.568846	-1.740704	 0.498233	 0.499178	-1.215905	 0.549641	-0.487885	 0.976075	 0.774732	-0.608231	-0.457065	 0.498727
-0.683575	-1.735679	 0.498233	 0.499178	-1.336510	 0.672243	-0.487885	 0.972182	 0.771633	-0.599751	-0.457065	 0.498738
-0.239343	-1.729705	 0.498233	 0.499178	-0.893899	 0.231955	-0.487885	 0.468299	 0.768547	-1.094329	-0.457065	 0.498744
-0.017227	-1.723271	 0.498233	 0.499178	-0.672593	 0.011811	-0.487885	 0.216358	 0.765472	-1.338440	-0.457065	 0.498747
-0.406169	-1.716620	 0.498233	 0.499178	-0.561940	-0.098261	-0.987885	 0.590387	 0.762411	-1.457331	-0.457065	 0.498748
-0.599050	-1.709875	 0.498233	 0.499178	-0.506613	-0.153297	-1.234909	 0.775473	 0.759361	-1.513624	-0.457065	 0.498749
-0.693906	-1.703096	 0.498233	 0.499178	-0.478950	-0.180815	-0.855457	 0.866095	 0.756323	-1.038630	-0.457065	 0.498749
-0.739757	-1.696314	 0.498233	 0.499178	-0.465119	-0.194574	-0.665731	 0.909492	 0.753298	-0.800006	-0.457065	 0.498749
-0.761111	-1.689544	 0.498233	 0.499178	-0.458203	-0.201454	-0.570868	 0.929285	 0.750285	-1.179571	-0.457065	 0.498749
-0.770223	-1.682793	 0.498233	 0.499178	-0.454745	-0.204894	-0.523437	 0.937283	 0.747284	-1.366236	-0.457065	 0.498750
-0.773221	-1.676066	 0.498233	 0.499178	-0.453016	-0.206613	-0.499721	 0.939392	 0.744295	-1.456462	-0.457065	 0.498750
-0.273167	-1.669363	 0.498233	 0.499178	-0.452151	-0.207473	-0.487863	 0.938563	 0.741318	-1.498482	-0.457065	 0.498750
-0.023140	-1.662687	 0.498233	 0.499178	-0.451719	-0.207903	-0.481934	 0.936273	 0.738352	-1.516411	-0.457065	 0.498750
 0.101873	-1.156036	 0.498233	 0.499178	-0.951503	 0.291882	-0.478970	 0.933260	 0.735399	-1.022307	-0.457065	 0.498750
 0.164380	-0.901412	 0.498233	 0.499178	-1.198492	 0.540191	-0.477488	 0.929894	 0.732457	-0.774198	-0.457065	 0.498750
-0.304367	-1.272807	 0.498233	 0.499178	-0.819096	 0.662768	-0.476747	 0.926357	 0.729527	-0.649092	-0.457065	 0.498750
-0.537194	-1.455216	 0.498233	 0.499178	-0.629398	 0.722487	-0.476376	 0.922743	 0.726609	-0.585490	-0.457065	 0.498750
-0.652067	-1.543145	 0.498233	 0.499178	-1.034549	 0.250781	-0.476191	 0.919098	 0.723703	-1.052646	-0.457065	 0.498750
-0.707970	-1.583847	 0.498233	 0.499178	-1.234245	 0.014929	-0.476098	 0.915444	 0.720808	-1.283184	-0.457065	 0.498750
-0.734394	-1.600949	 0.498233	 0.499178	-1.331225	-0.102998	-0.476052	 0.911794	 0.717925	-1.395426	-0.457065	 0.498750
-0.746084	-1.606264	 0.498233	 0.499178	-0.876859	-0.661961	-0.476029	 0.908153	 0.715053	-0.948531	-0.457065	 0.498750
-0.750414	-1.605699	 0.498233	 0.499178	-0.649676	-0.939001	-0.476017	 0.904523	 0.712193	-0.724081	-0.457065	 0.498750
-0.251069	-1.102206	 0.498233	 0.499178	-0.536084	-0.575089	-0.476011	 0.900906	 0.209344	-0.611856	-0.457065	 0.498750
-0.001397	-0.849262	 0.498233	 0.499178	-0.479288	-0.393132	-0.476008	 0.897303	-0.042080	-0.555743	-0.457065	 0.498750
 0.123440	-1.221597	 0.498233	 0.499178	-0.450890	-0.302154	-0.476007	 0.893714	 0.332208	-0.527687	-0.457065	 0.498750
 0.185858	-1.404577	 0.498233	 0.499178	-0.436691	-0.256665	-0.476006	 0.890140	 0.517938	-0.513658	-0.457065	 0.498750
 0.217067	-1.492892	 0.498233	 0.499178	-0.429592	-0.233921	-0.476006	 0.886579	 0.609397	-1.006644	-0.457065	-0.001250
 0.232671	-1.533887	 0.498233	 0.499178	-0.426042	-0.222549	-0.476006	 0.883033	 0.653724	-1.250138	-0.457065	-0.250248
 0.240473	-1.551234	 0.498233	 0.499178	-0.424267	-0.216862	-0.476005	 0.879501	 0.674492	-1.368898	-0.457065	-0.374747
-0.255625	-1.056771	 0.498233	 0.499178	-0.423380	-0.214019	-0.476005	 0.875983	 0.683485	-0.925302	-0.457065	 0.063004
-0.502171	-0.808415	 0.498233	 0.499178	-0.422936	-0.212598	-0.476005	 0.872479	 0.686596	-0.703504	-0.457065	 0.280878
-0.623947	-1.183117	 0.498233	 0.499178	-0.422714	-0.211887	-0.476005	 0.868989	 0.686773	-1.092606	-0.457065	-0.110185
-0.683343	-1.367352	 0.498233	 0.499178	-0.422603	-0.211532	-0.476005	 0.865513	 0.685487	-1.284193	-0.457065	-0.304714
-0.711556	-0.956366	 0.498233	 0.499178	-0.422548	-0.211354	-0.476005	 0.862051	 0.683476	-1.377035	-0.457065	 0.098021
-0.724183	-0.749783	 0.498233	 0.499178	-0.422520	-0.211265	-0.476005	 0.858603	 0.681107	-1.420516	-0.457065	 0.298387
-0.729023	-0.645405	 0.498233	 0.499178	-0.422506	-0.211221	-0.476005	 0.855168	 0.678566	-0.939329	-0.457065	 0.398570
-0.729975	-0.592133	 0.498233	 0.499178	-0.422499	-0.211199	-0.476005	 0.851748	 0.675943	-0.698735	-0.457065	 0.448662
-0.728989	-0.564420	 0.498233	 0.499178	-0.422496	-0.211187	-0.476005	 0.848341	 0.673285	-0.578438	-0.457065	 0.473708
-0.727040	-0.549490	 0.498233	 0.499178	 0.077506	-0.211182	-0.476005	 0.844947	 0.670614	-1.018290	-0.457065	 0.486231
-0.724615	-0.540956	 0.498233	 0.499178	 0.326352	-0.211179	-0.476005	 0.841568	 0.667943	-1.235299	-0.457065	 0.492492
-0.221959	-1.035624	 0.498233	 0.499178	-0.050376	 0.288822	-0.476005	 0.838201	 0.665277	-0.840899	-0.457065	 0.495623
 0.029370	-1.279897	 0.498233	 0.499178	-0.238740	 0.537245	-0.476005	 0.834849	 0.662619	-0.643699	-0.457065	 0.497188
 0.155034	-0.898986	 0.498233	 0.499178	-0.332921	 0.159886	-0.476005	 0.331509	 0.659970	-0.545099	-0.457065	 0.497971
 0.217866	-0.707494	 0.498233	 0.499178	-0.380012	-0.028794	-0.476005	 0.079839	 0.657331	-0.495799	-0.457065	 0.498362
-0.250718	-1.110716	 0.498233	 0.499178	-0.903558	-0.123134	-0.476005	 0.454005	 0.654702	-0.971149	-0.457065	 0.498558
-0.483571	-1.309299	 0.498233	 0.499178	-1.162476	-0.170304	-0.476005	 0.639431	 0.652083	-1.205931	-0.457065	 0.498656
-0.598565	-0.905575	 0.498233	 0.499178	-0.789093	-0.193889	-0.476005	 0.730494	 0.649475	-1.320441	-0.457065	 0.498705
-0.654635	-0.702709	 0.498233	 0.499178	-0.602401	-0.205682	-0.476005	 0.774383	 0.646877	-1.374826	-0.457065	 0.498729
-0.681249	-0.601276	 0.498233	 0.499178	-0.509055	-0.211578	-0.476005	 0.794691	 0.644290	-1.399160	-0.457065	 0.498741
-0.693140	-0.550560	 0.498233	 0.499178	-0.462382	 0.285474	-0.476005	 0.803214	 1.141712	-0.908480	-0.457065	 0.498747
-0.697675	-0.525201	 0.498233	 0.499178	-0.439046	 0.532435	-0.476005	 0.805853	 1.387146	-0.663140	-0.457065	 0.498750
-0.198538	-0.512522	 0.498233	 0.499178	-0.427378	 0.654356	-0.476005	 0.805555	 1.006597	-0.540470	-0.457065	 0.498752
 0.051030	-0.506183	 0.498233	 0.499178	-0.421543	 0.713765	-0.476005	 0.803796	 0.815071	-0.479135	-0.457065	 0.498753
-0.324186	-0.503013	 0.498233	 0.499178	-0.418626	 0.241922	-0.476005	 0.801312	 1.218060	-0.948467	-0.457065	 0.498753
-0.510395	-0.501428	 0.498233	 0.499178	-0.417168	 0.006001	-0.476005	 0.798472	 1.416313	-1.180298	-0.457065	 0.498753
-0.102106	-0.500636	 0.498233	 0.499178	-0.416439	-0.111959	-0.476005	 0.795461	 0.512210	-1.293389	-0.457065	 0.498753
 0.102038	-0.500239	 0.498233	 0.499178	-0.416074	-0.170939	-0.476005	 0.792371	 0.060159	-1.347122	-0.457065	 0.498753
 0.204110	-0.500041	 0.498233	 0.499178	-0.415892	-0.200430	-0.476005	 0.789247	-0.165867	-1.371186	-0.457065	 0.498754
-0.244854	-0.499942	 0.498233	 0.499178	-0.415800	-0.715175	-0.476005	 0.786113	 0.721120	-0.880428	-0.457065	 0.498754
-0.467948	-0.499893	 0.498233	 0.499178	-0.415755	-0.970087	-0.476005	 0.782980	 1.161398	-0.635049	-0.457065	 0.498754
-0.078113	-0.499868	 0.498233	 0.499178	-0.415732	-0.595094	-0.476005	 0.779854	 0.378333	-1.012359	-0.457065	 0.498754
 0.116804	-0.499856	 0.498233	 0.499178	-0.415721	-0.407597	-0.476005	 0.776737	-0.013199	-1.198235	-0.457065	 0.498754
-0.285737	-0.999849	 0.498233	 0.499178	-0.415715	-0.313848	-0.476005	 0.773632	 0.791035	-1.288405	-0.457065	 0.498754
-0.485631	-1.246847	 0.498233	 0.499178	-0.415712	-0.266974	-0.476005	 0.770538	 1.189961	-1.330733	-0.457065	 0.498754
-0.584207	-0.867358	 0.498233	 0.499178	-0.415711	-0.743537	-0.476005	 0.767456	 0.886246	-0.849150	-0.457065	 0.498754
-0.632129	-0.677613	 0.498233	 0.499178	-0.415710	-0.979378	-0.476005	 0.764387	 0.733224	-0.608359	-0.457065	 0.498754
-0.654731	-0.582741	 0.498233	 0.499178	-0.415710	-1.094869	-0.476005	 0.761329	 0.655552	-0.487964	-0.457065	 0.498754
-0.664676	-0.535305	 0.498233	 0.499178	-0.415709	-0.650193	-0.476005	 0.758284	 0.615561	-0.427766	-0.457065	 0.498754
-0.668300	-0.511587	 0.498233	 0.499178	-0.415709	-0.427855	-0.476005	 0.755251	 0.594414	-0.397667	-0.457065	 0.498754
-0.168768	-0.999728	 0.498233	 0.499178	-0.415709	-0.316686	-0.476005	 0.752230	 0.582694	-0.382618	-0.457065	-0.001246
 0.080998	-1.240822	 0.498233	 0.499178	-0.415709	-0.261102	-0.476005	 0.749221	 0.575692	-0.375093	-0.457065	-0.250244
 0.205881	-0.858406	 0.498233	 0.499178	-0.415709	-0.233310	-0.476005	 0.746224	 0.571054	-0.871331	-0.457065	 0.125257
 0.268322	-0.667198	 0.498233	 0.499178	-0.415709	-0.219413	-0.476005	 0.743239	 0.567602	-1.116714	-0.457065	 0.312006
 0.299543	-0.571593	 0.498233	 0.499178	 0.084291	 0.287535	-0.976005	 0.740266	 0.064747	-0.736682	-0.457065	 0.405381
 0.315153	-0.523791	 0.498233	 0.499178	 0.333122	 0.539420	-1.223053	 0.737305	-0.186680	-0.546666	-0.457065	 0.452068
