-0.029823	-0.161522	 0.163223	 0.494847	 0.264930	 0.498100	 0.284010	 1.222639	 0.708973	-0.534782	-0.254549	 0.494833
 0.066500	-0.035605	 0.157194	 0.496670	 0.381689	 0.498100	 0.284010	 1.247234	 0.706137	-0.626185	-0.377109	 0.496656
-0.385339	-0.472647	 0.154180	 0.497582	-0.059932	 0.498100	 0.284010	 0.756988	 0.703313	-0.670452	-0.438389	 0.497568
-0.609584	-0.689348	 0.152672	 0.498038	-0.279739	 0.498100	 0.284010	 0.511865	 0.700500	-0.691155	-0.469030	 0.498024
-0.220039	-0.795887	 0.151919	 0.498266	 0.110357	 0.998100	 0.284010	 0.389304	 0.197698	-0.700084	-0.484350	 0.498252
-0.025266	-0.847351	 0.151542	 0.498380	 0.304405	 1.245104	 0.284010	 0.328023	-0.053703	-0.703130	-0.492010	 0.498366
 0.072120	-0.371286	 0.151353	 0.498437	-0.598572	 0.865622	 0.284010	 0.797382	 0.320596	-0.703240	 0.004160	 0.498423
 0.120813	-0.133253	 0.151259	 0.498466	-1.047057	 0.675881	 0.284010	 1.029529	 0.506356	-0.701889	 0.251245	 0.498452
 0.145160	-0.514237	 0.651212	 0.498480	-0.268308	 0.581010	 0.284010	 1.143079	 0.597852	-0.699812	-0.125213	 0.498466
 0.157333	-0.702938	 0.898886	 0.498487	 0.120045	 0.533575	 0.284010	 1.197340	 0.642221	-0.697378	-0.312439	 0.498473
 0.163420	-0.795505	 1.020430	 0.498490	 0.313205	 0.509857	 0.284010	 1.221968	 0.663032	-0.694772	-0.406052	 0.498477
-0.333537	-0.340013	 0.578918	 0.498492	 0.408772	 0.497998	 0.284010	 1.231788	 0.672070	-0.692084	 0.047142	 0.498478
-0.580354	-0.112267	 0.358162	 0.498493	 0.455547	 0.492069	 0.284010	 1.234216	 0.675227	-0.689361	 0.272738	 0.498479
-0.202108	-0.498394	 0.747784	 0.498494	 0.477930	 0.489104	 0.284010	 0.732956	 0.675449	-0.686627	 0.385536	 0.498480
-0.012986	-0.689688	 0.940320	 0.498494	 0.488121	 0.487622	 0.284010	 0.482326	 0.674208	-0.683891	 0.441935	 0.498480
-0.418424	-0.783573	 1.034323	 0.498494	-0.006784	 0.486881	 0.284010	 0.357011	 0.672242	-0.681162	 0.470135	 0.498480
-0.619496	-0.828761	 1.079067	 0.498494	-0.253233	 0.486510	 0.284010	 0.294354	 0.669918	-0.678440	 0.484235	 0.498480
-0.718390	-0.849607	 0.599192	 0.498494	 0.123543	 0.486325	 0.284010	 0.763025	 0.167421	-0.675728	 0.491284	 0.498480
-0.766203	-0.858289	 0.359254	 0.498494	 0.310930	 0.486232	 0.284010	 0.994897	-0.083827	-0.673025	 0.494809	 0.498480
-0.788482	-0.860896	 0.239285	 0.498494	 0.404623	 0.486186	 0.284010	 1.108380	-0.209451	-0.670334	 0.496572	 0.498480
-0.797999	-0.860473	 0.179301	 0.498494	 0.451470	 0.486163	 0.284010	 1.162677	 0.227737	-0.167652	 0.497453	 0.498480
-0.801143	-0.858541	 0.149309	 0.498494	 0.474894	 0.486151	 0.284010	 1.187392	 0.445001	 0.083688	 0.497894	 0.498480
-0.301106	-0.855862	 0.634313	 0.498494	 0.486605	 0.486145	 0.284010	 0.697325	 0.552308	-0.290642	 0.498114	 0.498480
-0.051088	-0.852816	 0.874576	 0.498494	 0.492461	 0.486142	 0.284010	 0.452292	 0.604643	-0.476476	 0.498224	 0.498480
 0.073921	-0.349593	 0.992478	 0.998494	-0.004611	 0.486141	 0.284010	 0.829775	 0.629496	-0.068069	 0.498279	 0.498480
 0.136426	-0.097982	 1.049208	 1.245497	-0.252144	 0.486140	 0.284010	 1.016102	 0.640614	 0.136134	 0.498307	 0.498480
 0.167678	 0.027824	 1.075362	 0.866014	 0.124090	 0.486140	 0.284010	 1.106861	 0.644869	-0.261764	 0.498321	 0.498480
 0.183304	 0.090726	 1.086235	 0.676272	 0.311206	 0.486140	 0.284010	 1.149845	 0.645699	-0.459394	 0.498327	 0.498480
 0.191117	 0.122178	 1.089478	 0.581401	 0.404764	 0.486140	 0.284010	 1.168952	 0.644821	-0.556895	 0.498331	 0.498480
 0.195024	 0.137904	 1.088914	 0.533966	 0.451543	 0.486140	 0.284010	 1.176129	 0.643094	-0.104336	 0.498333	 0.498480
 0.196977	 0.145766	 1.086455	 0.510248	 0.474933	 0.486140	 0.284010	 1.177351	 0.640947	 0.121943	 0.498333	 0.498480
 0.197954	-0.350302	 1.083057	 0.498389	 0.486628	 0.486140	 0.284010	 0.675604	 0.638597	-0.264917	-0.001666	 0.498480
 0.198442	-0.596644	 1.079199	 0.492459	 0.492475	 0.486140	 0.284010	 0.424731	 0.636149	-0.457044	-0.250663	 0.498480
 0.198686	-0.718129	 0.575120	 0.489495	 0.495399	 0.486140	 0.284010	 0.799295	 0.633657	-0.551809	 0.124839	 0.498480
 0.198808	-0.777192	 0.323080	 0.488012	 0.496861	 0.486140	 0.284010	 0.984229	 0.631149	-0.597898	 0.311589	 0.498480
 0.198869	-0.805051	 0.697060	-0.012729	 0.497592	 0.486140	-0.215990	 1.074357	 0.628638	-0.119655	-0.095035	 0.498480
 0.198900	-0.817315	 0.881908	-0.262072	 0.497957	 0.486140	-0.464558	 1.117093	 0.626130	 0.119467	-0.297345	 0.498480
 0.198915	-0.821787	 0.472198	 0.114279	 0.498140	 0.486140	-0.087415	 0.636141	 0.623629	-0.260973	-0.398499	 0.498480
 0.198923	-0.822371	 0.267344	 0.302454	 0.498231	 0.486140	 0.101156	 0.395665	 0.621136	-0.449909	-0.449076	 0.498480
 0.198927	-0.821017	 0.164916	 0.396542	 0.498277	 0.486140	 0.195441	 0.275427	 0.618653	-0.543100	-0.474365	 0.498480
-0.301072	-0.818701	 0.113702	 0.443586	 0.498300	 0.486140	-0.257416	 0.215308	 0.616178	-0.588423	-0.487009	 0.498480
-0.549468	-0.815910	 0.088096	 0.467108	 0.498311	 0.486140	-0.482424	 0.185248	 0.613714	-0.609817	-0.493332	 0.498480
-0.672071	-0.812888	 0.075292	 0.478869	 0.498317	 0.486140	-0.093513	 0.170219	 0.111259	-0.619251	-0.496493	 0.498480
-0.731783	-0.809758	 0.068891	 0.484749	 0.498320	 0.486140	 0.100942	 0.162704	-0.139968	-0.622711	-0.498073	 0.498480
-0.260056	-0.806579	 0.065690	 0.487689	 0.498321	 0.486140	 0.198170	 0.658946	-0.265582	-0.623189	-0.498863	 0.498480
-0.024193	-0.803383	 0.064089	 0.489159	 0.498322	 0.486140	 0.246784	 0.904757	-0.328389	-0.622180	-0.499259	 0.498480
-0.406261	-0.300184	 0.063289	 0.489895	 0.498322	 0.486140	 0.271091	 1.025361	 0.140208	-0.120434	-0.499456	-0.001520
-0.595718	-0.048585	 0.062889	 0.490262	 0.498322	 0.486140	 0.283244	 1.083372	 0.373288	 0.130440	-0.499555	-0.250517
-0.688877	 0.077214	 0.062689	 0.490446	 0.498322	 0.486140	 0.289321	 1.110094	 0.488616	 0.255876	-0.499604	-0.375015
-0.233892	 1.640114	 0.062589	 0.490538	 0.998322	 0.486140	 0.792359	 0.621182	 0.045072	 1.318595	 0.000371	-0.437265
-0.006399	 2.415158	 0.062539	 0.490584	 1.245326	 0.486140	 1.041288	 0.376725	-0.176700	 1.845191	 0.249358	-0.468389
 0.607347	 4.296300	 0.062514	-0.009393	 1.865843	 0.486140	 1.663171	-0.745503	-1.787586	 3.603746	 0.373851	-0.983952
 0.911778	 5.224515	 0.062501	-0.258363	 2.171129	 0.486140	 1.969543	-1.302881	-2.586232	 4.472299	 0.436098	-1.238734
 2.061561	 7.176318	-0.437505	-0.881833	 2.818819	-0.013860	 2.118177	-2.077850	-3.478785	 6.395893	 0.967222	-2.363138
 2.630030	 8.133963	-0.685633	-1.190558	 3.135731	-0.262833	 2.187961	-2.459629	-3.916319	 7.341052	 1.229787	-2.918365
 3.407867	 10.094602	-1.307830	-1.341922	 3.287281	-0.386295	 2.718337	-3.144835	-4.626379	 8.297058	 1.358084	-3.189031
 3.788414	 11.050811	-1.615068	-1.414617	 3.356179	-0.447007	 2.977028	-3.479779	-4.970735	 8.756556	 1.419260	-3.317445
 3.970350	 11.504902	-1.764842	-1.447990	 3.383778	-0.476347	 3.099901	-3.639621	-5.132284	 8.967872	 1.446888	-3.374760
 4.053013	 12.208029	-1.835900	-1.461714	 3.890754	-0.990006	 3.154893	-3.711943	-5.202470	 9.555172	 1.457752	-3.396553
 4.086074	 12.533770	-1.867615	-1.465625	 4.135447	-1.243828	 3.175969	-3.740535	-5.227018	 9.828537	 1.460247	-3.400613
 4.094365	 13.670922	-1.879674	-1.464641	 4.249033	-0.867744	 3.180113	-4.247293	-5.728789	 10.445016	 1.958569	-3.395834
 4.090306	 14.209882	-1.881920	-1.461222	 4.297101	-0.679702	 3.175816	-4.491164	-5.967213	 10.731132	 2.202817	-3.386662
 4.580104	 14.949864	-2.379275	-1.456597	 4.312445	-0.585681	 3.167325	-4.603630	-6.074014	 10.852156	 2.320046	-3.375321
 4.814863	 15.288475	-2.622199	-1.451380	 4.311461	-0.538670	 3.156761	-4.650430	-6.115053	 10.890721	 2.373786	-3.362923
 4.922143	 15.926527	-2.737931	-1.445880	 4.302348	-0.515165	 3.145187	-4.664436	-7.123260	 11.388145	 2.395801	-3.350023
 4.965725	 16.212423	-2.790089	-1.440249	 4.289205	-0.503413	 3.133133	-4.662082	-7.611101	 11.613086	 2.401973	-3.336898
 4.977497	 16.322375	-2.810484	-1.434564	 4.274082	-0.497536	 3.120864	-5.151586	-7.838823	 11.701881	 2.400243	-3.823689
 4.973404	 16.344486	-2.815020	-1.428864	 4.258002	-0.494598	 3.108512	-5.385055	-7.936551	 11.722697	 2.394581	-4.058463
 4.961419	 16.322809	-2.811648	-1.423167	 4.241478	-0.493129	 3.096144	-5.490553	-7.969347	 11.709618	 2.386972	-4.167263
 4.945528	 16.779368	-2.804346	-1.417484	 4.224767	-0.492394	 3.083792	-5.032110	-7.969740	 11.679685	 2.378408	-3.713111
 4.927723	 16.973175	-2.795101	-1.411819	 4.207995	-0.492027	 3.071473	-4.793741	-7.953997	 11.641419	 2.369387	-3.479518
 4.909001	 17.035745	-2.784907	-1.406174	 4.191226	-0.491844	 3.059196	-4.665446	-6.930248	 11.599080	 2.360156	-3.356229
 4.889859	 17.032833	-2.774260	-1.400551	 4.174493	-0.491752	 3.046963	-4.592224	-6.406561	 11.554797	 2.350838	-3.288119
 4.870547	 16.997318	-2.763410	-1.894949	 4.157811	-0.491706	 3.034777	-4.546575	-6.132952	 12.009634	 2.341496	-3.747623
 4.851188	 16.945636	-2.752479	-2.137370	 4.141188	-0.491683	 3.022639	-4.514748	-5.984429	 12.212124	 2.332161	-3.968962
 4.831845	 16.886008	-2.741531	-1.753820	 4.124627	-0.991671	 3.010549	-4.489869	-6.898495	 12.288540	 2.322848	-4.071250
 4.812549	 16.822540	-2.730596	-1.559305	 4.108130	-1.238682	 2.998507	-4.468500	-7.339903	 12.302018	 2.313564	-4.114047
 4.793314	 16.757289	-2.719689	-1.459318	 4.091699	-1.359216	 2.986513	-4.448921	-7.545045	 12.284126	 2.304314	-4.127132
 4.774148	 16.691279	-2.708818	-1.406606	 4.075332	-1.416524	 3.474567	-4.430273	-6.632115	 12.250647	 2.295099	-4.125394
 4.755056	 16.625023	-2.697986	-1.377542	 4.059031	-1.442230	 3.710669	-4.412125	-6.164212	 12.209474	 2.285919	-4.116278
 4.736037	 17.058778	-2.687196	-1.360313	 4.042795	-1.952147	 3.820826	-4.394264	-5.918868	 12.164550	 2.276776	-4.103505
 4.717094	 17.240670	-2.676448	-1.349012	 4.026624	-2.202182	 3.868043	-4.376580	-5.784849	 12.117849	 2.267669	-4.088938
 4.698226	 17.296771	-2.665743	-1.340686	 4.010518	-1.322294	 3.383821	-4.359021	-5.706537	 12.070356	 2.258598	-4.073505
 4.679434	 17.290116	-2.655080	-1.333859	 3.994476	-0.882351	 3.135911	-4.341558	-5.656125	 12.022564	 2.249564	-4.057673
 4.660716	 17.252222	-2.644460	-1.327791	 3.978498	-1.162379	 3.506180	-4.324178	-5.619708	 11.974719	 2.240566	-4.041673
 4.642073	 17.198846	-2.633882	-1.322114	 3.962584	-1.299508	 3.683561	-4.306875	-5.590332	 11.926942	 2.231604	-4.025621
 4.623505	 17.137867	-2.623347	-1.316642	 3.946734	-1.365200	 3.764530	-4.289644	-5.564523	 11.879296	 2.222677	-4.009577
 4.605011	 17.073224	-2.612854	-1.811284	 3.930947	-0.895184	 3.797323	-4.272484	-5.540541	 11.831809	 2.213787	-3.993567
 4.586591	 17.006885	-2.602402	-2.053993	 3.915223	-0.660176	 3.806060	-4.255393	-5.517516	 11.784497	 2.204931	-3.977607
 4.568245	 16.939834	-2.591993	-2.170754	 4.399562	-0.542672	 3.802799	-4.238371	-5.495015	 11.737367	 2.196112	-4.461704
 4.549972	 16.872564	-2.581625	-2.224560	 4.631964	-0.483920	 3.793569	-4.221417	-5.472820	 11.690421	 2.187327	-4.693861
 4.031772	 16.805318	-2.571298	-1.746906	 4.738436	-0.454544	 3.781385	-4.204532	-6.450821	 11.643661	 2.178578	-4.300087
 3.765645	 16.738218	-2.561013	-1.505540	 4.781982	-0.439856	 3.767755	-4.187713	-6.924964	 11.597088	 2.169864	-4.095388
 4.125582	 16.671327	-2.550769	-1.382329	 4.794104	-0.432512	 3.753432	-4.170963	-6.147237	 11.550700	 2.161184	-3.985257
 4.296580	 16.604672	-2.540566	-1.318205	 4.790553	-0.428840	 3.738792	-4.154279	-5.747634	 11.504497	 2.152539	-3.922441
 4.373143	 16.538268	-2.530403	-1.283635	 4.779203	-0.427004	 3.724024	-4.137662	-5.537137	 11.458479	 2.143929	-3.883314
 4.402526	 15.972123	-2.520282	-1.263852	 4.263992	-0.426086	 3.209221	-4.121111	-5.421235	 9.412645	 1.635354	-3.356062
 4.408353	 15.658238	-2.510201	-1.251472	 3.998890	-0.425627	 2.946431	-4.104626	-5.352674	 8.374995	 1.378812	-3.086778
 3.402439	 11.470607	-2.000160	-1.242804	 2.358871	-0.425397	 1.309668	-3.588208	-4.307824	 4.841495	 0.748297	-1.946501
 2.894688	 9.362226	-1.742159	-1.236002	 1.537423	-0.425282	 0.491287	-3.323855	-3.778874	 3.072129	 0.433039	-1.374751
 1.636039	 4.793527	-1.110191	-1.230143	 0.125268	-0.425225	-0.417903	-2.685560	-2.507899	 0.184840	-0.224590	-0.587269
 1.006715	 2.509178	-0.794206	-1.224764	-0.578236	-0.425196	-0.869844	-2.362317	-1.869938	-1.253399	-0.551640	-0.193529
 0.192052	 0.367004	-0.636214	-0.719636	-1.427425	-0.425182	-1.093171	-1.696618	-1.048493	-1.967135	-0.713407	 0.003342
-0.214034	-0.700533	-0.557218	-0.467072	-1.847466	-0.425175	-1.202202	-1.361707	-0.637771	-2.318642	-0.792541	 0.101777
-0.415836	-1.230766	-0.517720	-0.340790	-2.052951	-0.425171	-1.254095	-1.192197	-0.432409	-2.489055	-0.830364	 0.150995
-0.515502	-2.992360	 0.002029	-0.277649	-2.151177	 0.074831	-1.277429	-1.105397	-0.329729	-2.568942	-0.847539	 0.175603
-0.564105	-3.863649	 0.260860	-0.246079	-2.195791	 0.323682	-1.286495	-1.059960	-0.278389	-2.603588	-0.854397	 0.187908
-0.587181	-4.289824	 0.389236	-0.230294	-2.213617	 0.446962	-1.288437	-1.035212	-0.252718	-2.615635	-0.856104	 0.194060
-0.597499	-4.493479	 0.452389	-0.222401	-2.218068	 0.507462	-1.286827	-1.020818	-0.239883	-2.616403	-0.855242	 0.197136
-1.101442	-4.585913	 0.482934	-0.718455	-2.215848	 0.036576	-1.283451	-0.511607	-0.233466	-3.111553	-0.853102	 0.198674
-1.350202	-4.622773	 0.497180	-0.964052	-2.210311	-0.198867	-1.279203	-0.257002	-0.230257	-3.351914	-0.850330	 0.199443
-1.471385	-4.631883	 0.003280	-0.584432	-2.203132	-0.316588	-1.274530	-0.129700	-0.228653	-2.964910	-0.847249	 0.199828
-1.528791	-4.627157	-0.243670	-0.394622	-2.195151	-0.375449	-1.269653	-0.066049	-0.227850	-2.766252	-0.844020	 0.200020
-1.554322	-4.615549	-0.367145	-0.299717	-2.186787	-0.404879	-1.264685	-0.034223	-0.227449	-2.661788	-0.840724	 0.200116
-1.063927	-4.600537	 0.071117	-0.252264	-2.178247	 0.080405	-1.259682	-0.018310	 0.272751	-2.604442	-0.837401	 0.700164
-0.817583	-4.583860	 0.289230	-0.228538	-2.169638	 0.321916	-1.254671	-0.010354	 0.521306	-2.570674	-0.834072	 0.947788
-1.193268	-4.566387	 0.397271	-0.216675	-2.161012	 0.441545	-1.249666	-0.006375	 0.644043	-2.548717	-0.830745	 1.069209
-1.377973	-4.548552	 0.450282	-0.210743	-2.152394	 0.500237	-1.244674	-0.004386	 0.703878	-2.532684	-0.827427	 1.127538
-1.467200	-4.530574	 0.475780	-0.207777	-2.143797	 0.028465	-1.239699	-0.003392	 0.732268	-2.519635	-0.824120	 1.154331
-1.508701	-4.512559	 0.487527	-0.206295	-2.135228	-0.207421	-1.234742	-0.002895	 0.744942	-2.508097	-0.820825	 1.165365
-1.026351	-4.494563	 0.493400	-0.205553	-2.126691	 0.174636	-1.229804	-0.002646	 0.749764	-2.497335	-0.317542	 1.168529
-0.784088	-4.476612	 0.496337	-0.205182	-2.118186	 0.364551	-1.224885	-0.002522	 0.750665	-2.486981	-0.065901	 1.167768
-0.661873	-4.458719	 0.497805	-0.204997	-2.109714	 0.458400	-1.219986	-0.002459	 0.749613	-2.476850	 0.059920	 1.165053
-0.599686	-4.440891	 0.498539	-0.204904	-2.101275	 0.504220	-1.215106	-0.002428	 0.747590	-2.466852	-0.377170	 1.161371
-0.567517	-4.423130	 0.498906	-0.204858	-2.092870	 0.526030	-1.210245	-0.002413	 0.745087	-2.456939	-0.594086	 1.157215
-0.550362	-3.905440	 0.499090	-0.204835	-2.084499	 0.535839	-1.205404	 0.497595	 0.742351	-2.447088	-0.200922	 1.152831
-0.540718	-3.639819	 0.499182	-0.204823	-2.076161	 0.539652	-1.200583	 0.745604	 0.739503	-2.437288	-0.004340	 1.148342
-0.534834	-4.000260	 0.499228	-0.204817	-2.067856	 0.540472	-1.195781	 0.367621	 0.736606	-2.427533	 0.093951	 1.143810
-0.530834	-4.171759	 0.499251	-0.204815	-2.059585	 0.539799	-1.190997	 0.178629	 0.733690	-2.417820	 0.143096	 1.139265
-0.527781	-3.748822	 0.499262	 0.295187	-2.051347	 0.538385	-1.186233	 0.584134	 0.730770	-2.408148	-0.332331	 1.134723
-0.525205	-3.530702	 0.499268	 0.543597	-2.043141	 0.536603	-1.181488	 0.784906	 0.727855	-2.398514	-0.568429	 1.130192
-0.522871	-3.415017	 0.499271	 0.666218	-2.034969	 0.534643	-1.176763	 0.883322	 0.724947	-2.388920	-0.684869	 1.125675
-0.520663	-3.350575	 0.499272	 0.725951	-2.026829	 0.532598	-1.172055	 0.930566	 0.722050	-2.379364	-0.241487	 1.121174
-0.518523	-3.311782	 0.499273	 0.754246	-2.018721	 0.530514	-1.167367	 0.952232	 0.719162	-2.369847	-0.019795	 1.116690
-0.516419	-3.285840	 0.499273	 0.266829	-1.510647	 0.528415	-1.162698	 0.961117	 0.716286	-2.360367	 0.091050	 1.112224
-0.514339	-3.266349	 0.499273	 0.023120	-1.254604	 0.526313	-1.158047	 0.963620	 0.713421	-2.350926	 0.146473	 1.107775
-0.512275	-3.250110	 0.499273	-0.098734	-1.624586	 0.524214	-1.153415	 0.962939	 0.710568	-2.341522	 0.174184	 1.103344
-0.510222	-3.235522	 0.499273	-0.159662	-1.805587	 0.522120	-1.148801	 0.960674	 0.707725	-2.332156	 0.188040	 1.098931
-1.008179	-3.721787	 0.499273	 0.309875	-1.392115	 0.520033	-1.144206	 0.957625	 0.704895	-2.322827	-0.305032	 0.594535
-1.254145	-3.956503	 0.499273	 0.543084	-1.183421	 0.517953	-1.139629	 0.954191	 0.702075	-2.313536	-0.549972	 0.342338
-0.874128	-4.065479	-0.000727	 0.158136	-2.077125	 0.515882	-1.135071	 0.950573	 0.699267	-2.304282	-0.670852	 0.716239
-0.684120	-4.111617	-0.249725	-0.034338	-2.518036	 0.513818	-1.130530	 0.946870	 0.696470	-2.295065	-0.729709	 0.901009
-0.589116	-4.126371	-0.374224	-0.130575	-2.732573	 0.511763	-1.126008	 0.943132	 0.693684	-2.285884	-0.757560	 0.991222
-1.041614	-3.625466	 0.063526	-0.178693	-2.333947	 0.509716	-1.121504	 0.939384	 1.190909	-2.276741	-0.769914	 1.034166
-1.264874	-3.368764	 0.281399	-0.202752	-2.130764	 0.507677	-1.117018	 0.935639	 1.436145	-2.267634	-0.774527	 1.053484
-1.373528	-3.234189	 0.390335	-0.214782	-1.525317	 0.505647	-1.112550	 0.931903	 1.055401	-2.258563	-0.775275	 0.560997
-1.424891	-3.160703	 0.444803	-0.220797	-1.220754	 0.503624	-1.108100	 0.928178	 0.863679	-2.249529	-0.774097	 0.314754
-0.947620	-3.117785	 0.472037	 0.276196	-1.566640	 0.501610	-1.103667	 0.924467	 0.766474	-2.240531	-0.771963	 0.691632
-0.708984	-3.090176	 0.485654	 0.523146	-1.735758	 0.500602	-1.099253	 0.920770	 0.716534	-2.231569	-0.769356	 0.877934
-1.089666	-3.070247	 0.492463	 0.645081	-1.816507	 0.500099	-1.094856	 0.917087	 0.690230	-2.222643	-0.766519	 0.968957
-1.277067	-3.054181	 0.495867	 0.704514	-1.853087	 0.499847	-1.090476	 0.913419	 0.675750	-2.213752	-0.763573	 1.012348
-1.367838	-3.040072	 0.497569	 0.732703	-1.867598	 0.499721	-1.086114	 0.909765	 0.667188	-2.204897	-0.760578	 1.031933
-1.410307	-3.026966	 0.498420	 0.745275	-1.371089	 0.499658	-1.081770	 0.906126	 0.661589	-2.196077	-0.757566	 1.039622
-1.428635	-3.014385	 0.498846	 0.750046	-1.121085	 0.499627	-1.077443	 0.902502	 0.657478	-2.187293	-0.754551	 1.041372
-1.434906	-3.002091	 0.499059	 0.750922	-0.994341	 0.499611	-1.073133	 0.898892	 0.654116	-2.178544	-0.251540	 1.040160
-1.435158	-2.989964	 0.499165	 0.749856	-0.929234	 0.499603	-1.068841	 0.895296	 0.651133	-2.169830	-0.000035	 1.037477
-0.932414	-2.977945	 0.499218	 0.747825	-0.894952	-0.000401	-1.064565	 0.391715	 0.648346	-2.161150	-0.374282	 1.034065
-0.681042	-2.966004	 0.499245	 0.745319	-0.876090	-0.249402	-1.060307	 0.139925	 0.645661	-2.152506	-0.559909	 1.030298
-1.055356	-2.954125	 0.499258	 0.742580	-0.864944	 0.126097	-1.056066	 0.514029	 0.643032	-2.143896	-0.651231	 0.526362
-1.239653	-2.942301	 0.499265	 0.739730	-0.857664	 0.312844	-1.051841	 0.699305	 0.640437	-2.135320	-0.695407	 0.274394
-1.328954	-2.930529	 0.499268	 0.736832	-0.852323	 0.406217	-1.047634	 0.790174	 0.637864	-2.126779	-0.716016	 0.148409
-1.370768	-2.918805	 0.499270	 0.733915	-0.847959	 0.452904	-1.043444	 0.833847	 0.635307	-2.118272	-0.224847	 0.585417
-1.388850	-2.907128	 0.499270	 0.730994	-0.844089	 0.476247	-1.039270	 0.853928	 0.632763	-2.109799	 0.020737	 0.801876
-1.395077	-2.895499	 0.499271	 0.728078	-0.840474	 0.487919	-1.035113	 0.862220	 0.630230	-2.101360	-0.356470	 0.908069
-1.395388	-2.883917	 0.499271	 0.725169	-0.836993	 0.493754	-1.030972	 0.864625	 0.627709	-2.092954	-0.543607	 0.959137
-0.892752	-2.872381	 0.499271	 0.722271	-0.833585	 0.496672	-1.026848	 0.364094	 0.625197	-2.084582	-0.635714	 0.982651
-0.641434	-2.860892	 0.499271	 0.719383	-0.830221	 0.498131	-1.022741	 0.113828	 0.622696	-2.076244	-0.680312	 0.992395
-1.015775	-2.849448	 0.499271	 0.216505	-0.826885	 0.498861	-1.018650	-0.011305	 0.620206	-2.067939	-0.701161	 0.995263
-1.200165	-2.838050	 0.499271	-0.034933	-0.823570	 0.499226	-1.014575	-0.073871	 0.617725	-2.059667	-0.710141	 0.994701
-1.289591	-2.826698	 0.499271	-0.160652	-0.820272	 0.499408	-1.010517	-0.105154	 0.615254	-2.051429	-0.713193	 0.992431
-0.831546	-2.815391	 0.499271	 0.276488	-1.316989	 0.499499	-1.006475	 0.379204	 0.612793	-2.043223	-0.213287	 0.489316
-0.602524	-2.804130	 0.499271	 0.493631	-1.561720	 0.499545	-1.002449	 0.619656	 0.610342	-2.035050	 0.036667	 0.237759
-0.488013	-2.792913	 0.499271	 0.600781	-1.180473	 0.499567	-0.998439	 0.738162	 1.107900	-2.026910	 0.161643	 0.611980
-0.430757	-2.781742	 0.499271	 0.652940	-0.988251	 0.499579	-0.994446	 0.795702	 1.353469	-2.018802	 0.224132	 0.797118
-0.902129	-2.770615	 0.499271	 0.677609	-0.890548	 0.499585	-0.990468	 0.822765	 0.973055	-2.010727	 0.255376	 0.887723
-1.135068	-2.759532	 0.499271	 0.688539	-0.840110	 0.499587	-0.986506	 0.834597	 0.781663	-2.002684	 0.270998	 0.931069
-1.248802	-2.748494	 0.499271	 0.692606	-1.313312	 0.499589	-0.482560	 0.838820	 1.184786	-1.994673	-0.221191	 0.950793
-1.302943	-2.737500	 0.499271	 0.693245	-1.546340	 0.499590	-0.230587	 0.839246	 1.383172	-1.986695	-0.465859	 0.958714
-1.327300	-2.726550	 0.499271	 0.692177	-1.659296	 0.499590	-0.104600	 0.837779	 1.479202	-1.978748	-0.586772	 0.960741
-1.336775	-2.715644	 0.499271	 0.690261	-1.212229	 0.499590	-0.041607	 0.835373	 1.524066	-1.970833	-0.645813	 0.959829
-1.338820	-2.704781	 0.499271	 0.687926	-0.987165	 0.499590	-0.010111	 0.832504	 1.543360	-1.962950	-0.673924	 0.957455
-1.337161	-2.693962	 0.499271	 0.685388	-1.373109	 0.499590	-0.494362	 0.829410	 1.049882	-1.955098	-0.186575	 0.954358
-1.333660	-2.683186	 0.499271	 0.682753	-1.562563	 0.499590	-0.734531	 0.826211	 0.802030	-1.947277	 0.057099	 0.950907
-1.329250	-2.672454	 0.499271	 0.680075	-1.153786	 0.499590	-0.352666	 0.822965	 0.676996	-1.939488	-0.321063	 0.947287
-1.324395	-2.661764	 0.499271	 0.677381	-0.947907	 0.499590	-0.161733	 0.819703	 0.613375	-1.931730	-0.508746	 0.943589
-1.319328	-2.651117	 0.499271	 0.674685	-1.343484	 0.499590	-0.566267	 0.816439	 0.580465	-1.924003	-0.601195	 0.939860
-1.314166	-2.640512	 0.499271	 0.671993	-1.537794	 0.499590	-0.766592	 0.813180	 0.562915	-1.916307	-0.646032	 0.936124
-1.308967	-2.629950	 0.499271	 0.669309	-1.631485	 0.499590	-0.864821	 0.809931	 0.553049	-1.908642	-0.667069	 0.932391
-1.303760	-2.619430	 0.499271	 0.666633	-1.174880	 0.499590	-0.912009	 0.806694	 0.547030	-1.901008	-0.676211	 0.928667
-1.298560	-2.608953	 0.499271	 0.663967	-0.945141	 0.499590	-0.933685	 0.803468	 0.542938	-1.893404	-0.679411	 0.924955
-1.293373	-2.598517	 0.499271	 0.661312	-0.828841	 0.499590	-0.442612	 0.800254	 1.039815	-1.885830	-0.179646	 0.921257
-1.288203	-2.588123	 0.499271	 0.658667	-0.769265	 0.499590	-0.197076	 0.797053	 1.285179	-1.878287	 0.070236	 0.917572
-1.283052	-2.577770	 0.499271	 0.156032	-0.738058	 0.499590	-0.074308	 0.793865	 0.904801	-1.870773	 0.195177	 0.413903
-1.277921	-2.567459	 0.499271	-0.095285	-0.721041	 0.499590	-0.012923	 0.790690	 0.713563	-1.863290	 0.257648	 0.162068
-0.772809	-2.557189	 0.499271	 0.279056	-0.711125	 0.499590	 0.017769	 0.787527	 0.116899	-1.855837	-0.211117	 0.536150
-0.520254	-2.546961	 0.499271	 0.464920	-0.704764	 0.499590	 0.033115	 0.784377	-0.181433	-1.848414	-0.444139	 0.721371
-0.393976	-2.536773	 0.499271	 0.556551	-0.700187	 0.499590	 0.040788	 0.781240	-0.330599	-1.841020	-0.559296	 0.812168
-0.330837	-2.526626	 0.499271	 0.601069	-0.696507	 0.499590	-0.455376	 0.778115	 0.094818	-1.833656	-0.615526	 0.855761
-0.299268	-2.516519	 0.499271	 0.622038	-0.693281	 0.499590	-0.701555	 0.775002	 0.306486	-1.826321	-0.642297	 0.875758
-0.783483	-2.506453	 0.499271	 0.131236	-0.690288	 0.499590	-0.322748	 0.771902	 0.911284	-1.819016	-0.654344	 0.883966
-1.023055	-2.496427	 0.499271	-0.114165	-0.687417	 0.499590	-0.133345	 0.768815	 1.210651	-1.811740	-0.659035	 0.886285
-0.640316	-2.486442	 0.499271	-0.236866	-0.684613	 0.499590	-0.538644	 0.765739	 0.857314	-1.804493	-0.160053	 0.885667
-0.448946	-2.476496	 0.499271	-0.298216	-0.681847	 0.499590	-0.739405	 0.762676	 0.679638	-1.797275	 0.089437	 0.883589
-0.353262	-2.466590	 0.499271	 0.171109	-1.179106	 0.499590	-0.837905	 0.759626	 1.089796	-1.790086	-0.285817	 0.880786
-0.305419	-2.456724	 0.499271	 0.404491	-1.424382	 0.499590	-0.885283	 0.756587	 1.291875	-1.782926	-0.472122	 0.877629
-0.781498	-2.446897	 0.499271	 0.519906	-1.043681	 0.499590	-0.907106	 0.753561	 0.889926	-1.775794	-0.563958	 0.874301
-1.017022	-2.437109	 0.499271	 0.576342	-0.852005	 0.499590	-0.916160	 0.750547	 0.688952	-1.768691	-0.608564	 0.870896
-1.132279	-2.427361	 0.499271	 0.603295	-0.754846	 0.499590	-0.918837	 0.747544	 0.588465	-1.761616	-0.629561	 0.867458
-0.687413	-2.417651	 0.499271	 0.615511	-0.704951	 0.499590	-0.918332	 0.744554	 0.538221	-1.754570	-0.638758	 0.864011
-0.464979	-2.407981	 0.499271	 0.620364	-0.678694	 0.499590	-0.916244	 0.741576	 0.513100	-1.747551	-0.642061	 0.860566
-0.353763	-2.398349	 0.499271	 0.621540	-0.664260	 0.499590	-0.913371	 0.738610	 0.500539	-1.740561	-0.142422	 0.357130
-0.298155	-2.388755	 0.499271	 0.620882	-0.655744	 0.499590	-0.910114	 0.735655	 0.494258	-1.733599	 0.107398	 0.105411
-0.270350	-2.379200	 0.499271	 0.619313	-1.150191	 0.499590	-0.906672	 0.732713	 0.991118	-1.726665	-0.267692	 0.479552
-0.256448	-2.369683	 0.499271	 0.617293	-1.394125	 0.499590	-0.903144	 0.729782	 1.236572	-1.719758	-0.453952	 0.664915
-0.749497	-2.360205	 0.499271	 0.615052	-1.012816	 0.499590	-1.399581	 0.726863	 1.356335	-1.712879	-0.545801	 0.755896
-0.993537	-2.350764	 0.499271	 0.612706	-0.820899	 0.499590	-1.644008	 0.723955	 1.413264	-1.706027	-0.590450	 0.799693
-0.613081	-2.341361	 0.499271	 0.610313	-1.223682	-0.000410	-0.762444	 0.721059	 1.438788	-1.699203	-0.111505	 0.819904
-0.422853	-2.331995	 0.499271	 0.607900	-1.421821	-0.249409	-0.321662	 0.718175	 1.448622	-1.692406	 0.127968	 0.828330
-0.327740	-2.322667	 0.499271	 0.605483	-1.517650	 0.126092	-0.101271	 0.715302	 1.450622	-1.685637	 0.247704	 0.830869
-0.280183	-2.313377	 0.499271	 0.603068	-1.562338	 0.312839	 0.008924	 0.712441	 1.448716	-1.678894	 0.307573	 0.830472
-0.756404	-2.304123	 0.499271	 0.600659	-1.081468	 0.406212	 0.064022	 0.709592	 1.444870	-1.672179	-0.162493	 0.828613
-0.992050	-2.294907	 0.499271	 0.598258	-0.839832	 0.452899	 0.091571	 0.706753	 1.440065	-1.665490	-0.396261	 0.826030
-1.107417	-2.285727	 0.499271	 0.595866	-0.717817	 0.476242	-0.394655	 0.703926	 1.434792	-1.658828	-0.511885	 0.823092
-1.162655	-2.276584	 0.499271	 0.593483	-0.655618	 0.487914	-0.636006	 0.701110	 1.429296	-1.652193	-0.568442	 0.819982
-1.187838	-2.267478	 0.499271	 0.591109	-0.623332	 0.493750	-0.754927	 0.698306	 1.423701	-1.645584	-0.595470	 0.816794
-1.198004	-2.258408	 0.499271	 0.588745	-0.606007	 0.496668	-0.312639	 0.695513	 0.918067	-1.639002	-0.607740	 0.813573
-1.200671	-2.249374	 0.499271	 0.586390	-0.596167	 0.498127	-0.091496	 0.692731	 0.665250	-1.632446	-0.612634	 0.810341
-0.699597	-2.240377	 0.499271	 0.584045	-0.590074	 0.498856	 0.019076	 0.689960	 0.538841	-1.625916	-0.613846	 0.807111
-0.449060	-2.231415	 0.499271	 0.581708	-0.585860	 0.499221	 0.074362	 0.687200	 0.475637	-1.619412	-0.613222	 0.803888
-0.323792	-2.222490	 0.499271	 0.579382	-0.582590	 0.499403	 0.102005	 0.684451	 0.944035	-1.612934	-0.611685	 0.800676
-0.261158	-2.213600	 0.499271	 0.577064	-0.579796	 0.499494	 0.115826	 0.681713	 1.175409	-1.606483	-0.609696	 0.797474
-0.729841	-2.204745	 0.499271	 0.574756	-0.577245	 0.499540	-0.377263	 0.678986	 1.288283	-1.600057	-0.607486	 0.794285
-0.961785	-2.195926	 0.499271	 0.572457	-0.574820	 0.499563	-0.622067	 0.676271	 1.341917	-1.593657	-0.605171	 0.791108
-1.075370	-2.187143	 0.499271	 0.570167	-0.572463	 0.499574	-0.742735	 0.673565	 1.365943	-1.587282	-0.602808	 0.787944
-0.629784	-2.178394	 0.499271	 0.067886	-0.570144	 0.499580	-0.301342	 0.670871	 1.375176	-1.580933	-0.600425	 0.784793
-0.406992	-2.169680	 0.499271	-0.183254	-0.567849	 0.499583	-0.080646	 0.668188	 1.377024	-1.574609	-0.598038	 0.781653
-0.795595	-2.161002	 0.499271	 0.191176	-0.565570	 0.499584	-0.470298	 0.665515	 0.875190	-1.568311	-0.595653	 0.778527
-0.987529	-2.152358	 0.499271	 0.377260	-0.563304	 0.499585	-0.663404	 0.662853	 0.624273	-1.562037	-0.593274	 0.775413
-1.081136	-2.143748	 0.499271	 0.469175	-0.561049	 0.499585	-0.258244	 0.660201	 0.498815	-1.555789	-0.090902	 0.772311
-1.125591	-2.135173	 0.499271	 0.514010	-0.558804	 0.499585	-0.055664	 0.657561	 0.436086	-1.549566	 0.160283	 0.769222
-0.645478	-2.126633	 0.499271	 0.035310	-0.556568	 0.499585	 0.045626	 0.654930	 0.904721	-1.543368	 0.285876	 0.766145
-0.405421	-2.118126	 0.499271	-0.204040	-0.554342	 0.499586	 0.096271	 0.652311	 1.136292	-1.537194	 0.348673	 0.763080
-0.285393	-2.109654	 0.499271	-0.323715	-0.552124	 0.499586	 0.121594	 0.649701	 1.249342	-1.531046	 0.380071	 0.760028
-0.725379	-2.101215	 0.499271	 0.116448	-0.549916	 0.499586	 0.134255	 0.647103	 1.303142	-1.524921	-0.104230	 0.756988
-0.943041	-2.092810	 0.499271	 0.335416	-0.547716	 0.499586	 0.140586	 0.644514	 1.327328	-1.518822	-0.345203	 0.753960
-1.049551	-2.084439	 0.499271	 0.443791	-0.545525	 0.499586	 0.143751	 0.641936	 0.836718	-1.512746	-0.464518	 0.750944
-1.100494	-2.076101	 0.499271	 0.496874	-0.543343	 0.499586	 0.145334	 0.639368	 0.591413	-1.506695	-0.523007	 0.747940
-1.123662	-2.067797	 0.499271	 0.522316	-0.541170	 0.499586	 0.146125	 0.136811	 0.968761	-1.500669	-0.051089	 0.744949
-1.132953	-2.059526	 0.499271	 0.533941	-0.539005	 0.499586	 0.146521	-0.114468	 1.154742	-1.494666	 0.184870	 0.741969
-1.135314	-2.051287	 0.499271	 0.538663	-0.536849	 0.499586	 0.146718	 0.259893	 0.745051	-1.488687	-0.197150	 0.239001
-1.134219	-2.043082	 0.499271	 0.539937	-0.534702	 0.499586	 0.146817	 0.445805	 0.540206	-1.482733	-0.387002	-0.012483
-1.131405	-2.034910	 0.499271	 0.539491	-0.532563	 0.499586	 0.146867	 0.537497	 0.937783	-1.476802	 0.019226	 0.361775
-1.127741	-2.026770	 0.499271	 0.538191	-0.530433	 0.499586	 0.146892	 0.582085	 1.133901	-1.470894	 0.222339	 0.547432
-1.123661	-2.018663	 0.499271	 0.536466	-0.528311	 0.499586	 0.146904	 0.603126	 1.229300	-1.465011	 0.323896	 0.638794
-1.119381	-2.010589	 0.499271	 0.534535	-0.526198	 0.499586	 0.146910	 0.612398	 1.274350	-1.459151	 0.374675	 0.683015
-1.115012	-2.002546	 0.499271	 0.532504	-0.524093	 0.499586	 0.146913	 0.615790	 1.294237	-1.453314	 0.400064	 0.703671
-1.110605	-1.994536	 0.499271	 0.530427	-0.521997	 0.499586	 0.146915	 0.616248	 1.301551	-1.447501	-0.087241	 0.712550
-1.106190	-1.986558	 0.499271	 0.528333	-0.519909	 0.499586	 0.146916	 0.615244	 1.302591	-1.441711	-0.329745	 0.715547
-1.101779	-1.978612	 0.499271	 0.026233	-0.517829	 0.499586	 0.146916	 0.613513	 1.300504	-1.435944	-0.449852	 0.715608
-1.097378	-1.970697	 0.499271	-0.224817	-0.515758	 0.499586	 0.146916	 0.611424	 1.296863	-1.430200	-0.508766	 0.714208
-0.592992	-1.962814	 0.499271	 0.149658	-0.513695	 0.499586	 0.146916	 0.609161	 0.792456	-1.424480	-0.037087	 0.712082
-0.340799	-1.954963	 0.499271	 0.335847	-0.511640	 0.499586	 0.146916	 0.606816	 0.540253	-1.418782	 0.198752	 0.709599
-0.214703	-1.947143	 0.499271	 0.427897	-0.509593	 0.499586	 0.146916	 0.604434	 0.414151	-1.413106	 0.316671	 0.706943
-0.651654	-1.939355	 0.999271	 0.472883	-0.507555	 0.499586	-0.353084	 0.602039	 0.851101	-1.407454	 0.375631	 0.704207
-0.867953	-1.931597	 1.246273	 0.494340	-0.505525	 0.499586	-0.601378	 0.599642	 1.066999	-1.401824	 0.405111	 0.701436
-0.473934	-1.923871	 0.866787	 0.504037	-1.003503	 0.499586	-0.223825	 0.597249	 1.172383	-1.396217	-0.080149	 0.698653
-0.276924	-1.916175	 0.677044	 0.507858	-1.249489	 0.499586	-0.035049	 0.594863	 1.222519	-1.390632	-0.321648	 0.695870
-0.678419	-1.908511	 0.582173	 0.508745	-0.869491	 0.499586	 0.059339	 0.592485	 1.245042	-1.385070	-0.441271	 0.693092
-0.877007	-1.900877	 0.534737	 0.508169	-0.679492	 0.499586	 0.106533	 0.590116	 1.253768	-1.379529	-0.499961	 0.690322
-0.974150	-1.893273	 1.011019	 0.506866	-0.584492	 0.499586	 0.130130	 0.587756	 1.255606	-1.374011	-0.528189	 0.687562
-1.020579	-1.885700	 1.246185	 0.505203	-0.536992	 0.499586	 0.141929	 0.585405	 1.254010	-1.368515	-0.541190	 0.684813
-1.041659	-1.878157	 0.860806	 0.503365	-1.013243	 0.499586	-0.352172	 0.583064	 1.250707	-1.363041	-0.546582	 0.182074
-1.050074	-1.870645	 0.668116	 0.501443	-1.248389	 0.499586	-0.597530	 0.580731	 1.246561	-1.357589	-0.548174	-0.069295
-1.052164	-1.863162	 0.571771	 0.500482	-1.362995	 0.499586	-0.718523	 0.578408	 1.242003	-1.352159	-0.547871	-0.194980
-1.051101	-1.855709	 0.523599	 0.500001	-0.917342	 0.499586	-0.277340	 0.576095	 1.237249	-1.346750	-0.546624	 0.242178
-1.048469	-1.848287	 0.499513	 0.499761	-0.694516	 0.499586	-0.056749	 0.573790	 1.232407	-1.341363	-0.544910	 0.459398
-1.045061	-1.840893	 0.487470	 0.499641	-0.583103	 0.499586	 0.053546	 0.571495	 1.227531	-1.335997	-0.542966	 0.566655
-1.041274	-1.833530	 0.481448	 0.499581	-0.527397	 0.499586	 0.108694	 0.569209	 1.222648	-1.330653	-0.540912	 0.618935
-1.037306	-1.826196	 0.478437	 0.499550	-0.499543	 0.499586	 0.136268	 0.566933	 1.217771	-1.325331	-0.538808	 0.643733
-1.033255	-1.818891	 0.476932	 0.499535	-0.485617	 0.499586	 0.150055	 0.564665	 1.212906	-1.320029	-0.536682	 0.654795
-0.529171	-1.811615	 0.476179	 0.499528	-0.478653	 0.499586	 0.156949	 0.562406	 0.708058	-1.314749	-0.034550	 0.658994
-0.277129	-1.804369	 0.475803	 0.499524	-0.475172	 0.499586	 0.160395	 0.560156	 0.455634	-1.309490	 0.216516	 0.659767
-0.151108	-1.797151	 0.475615	 0.499522	-0.473431	 0.499586	 0.162119	 0.557916	 0.329422	-1.304252	 0.342049	 0.658833
-0.088098	-1.789963	 0.975521	 0.499521	-0.472561	 0.499586	 0.162980	 0.555684	 0.766316	-1.299035	-0.095184	 0.657050
-0.056592	-1.782803	 1.222523	 0.499521	-0.472125	 0.499586	 0.163411	 0.553461	 0.982356	-1.293839	-0.312736	 0.654848
-0.040840	-1.775672	 0.843085	 0.499521	-0.471908	 0.499586	 0.163627	 0.551248	 0.587980	-1.288664	 0.079548	 0.652441
-0.032963	-1.768569	 0.653366	 0.499521	-0.471799	 0.499586	 0.163734	 0.549043	 0.390792	-1.283509	 0.275691	 0.649938
-0.029025	-1.761495	 0.558506	 0.499520	-0.471745	 0.499586	 0.163788	 0.546846	 0.792198	-1.278375	 0.373762	 0.647392
-0.027056	-1.754449	 0.511076	 0.499520	-0.471717	 0.499586	 0.163815	 0.544659	 0.990513	-1.273262	 0.422797	 0.644829
-0.026072	-1.747431	 0.487362	 0.499520	-0.471704	 0.499586	-0.336171	 0.542480	 1.087294	-1.268169	 0.447315	 0.642263
-0.025579	-1.740441	 0.475504	 0.499520	-0.471697	 0.499586	-0.584492	 0.540311	 1.133315	-1.263096	 0.459574	 0.639700
-0.025333	-1.733480	 0.469575	 0.499520	-0.471694	 0.499586	-0.706987	 0.538149	 1.153968	-1.258044	 0.465703	 0.637145
-0.025210	-1.726546	 0.466611	 0.499520	-0.471692	 0.499586	-0.266576	 0.535997	 1.161945	-1.253011	-0.031232	 0.634598
-0.025149	-1.719639	 0.465129	 0.499520	-0.471691	 0.499586	-0.046370	 0.533853	 1.163593	-1.247999	-0.278643	 0.632060
-0.525118	-1.712761	 0.464388	 0.499520	-0.471691	 0.499586	 0.063733	 0.531717	 1.162087	-1.243007	 0.098703	 0.629533
-0.773052	-1.705910	 0.464017	 0.499520	-0.471690	 0.499586	 0.118784	 0.529590	 1.159013	-1.238035	 0.287376	 0.627015
-0.894978	-1.699086	 0.463832	 0.499520	-0.471690	 0.499586	 0.146310	 0.527472	 1.155164	-1.233083	-0.118287	 0.624507
-0.953906	-1.692290	 0.463739	 0.499520	-0.471690	 0.499586	 0.160073	 0.525362	 1.150937	-1.228151	-0.320071	 0.622009
-0.981345	-1.685521	 0.463693	 0.499520	-0.471690	 0.499586	 0.166954	 0.523261	 1.146530	-1.223238	-0.419919	 0.619521
-0.993047	-1.678779	 0.463670	 0.499520	-0.471690	 0.499586	 0.170395	 0.521168	 1.142042	-1.218345	-0.468803	 0.617043
-0.996888	-1.672064	 0.463658	 0.499520	-0.471690	 0.499586	 0.172115	 0.519083	 1.137523	-1.213472	-0.492210	 0.614575
-0.496808	-1.665375	 0.463652	 0.499520	-0.471690	 0.499586	-0.327024	 0.517007	 0.632998	-1.208618	-0.502883	 0.612116
-0.246767	-1.658714	 0.463650	 0.499520	-0.471690	 0.499586	-0.574942	 0.514939	 0.380735	-1.203784	-0.507192	 0.609668
-0.121747	-1.652079	 0.463648	-0.000480	-0.471690	 0.499586	-0.197255	 0.512879	 0.754603	-1.198968	-0.508323	 0.107229
-0.059237	-1.645471	 0.463647	-0.249479	-0.471690	 0.499586	-0.008412	 0.510827	 0.939281	-1.194173	-0.507870	-0.143990
-0.027982	-1.638889	 0.463647	-0.373978	-0.471690	 0.499586	 0.086010	 0.508784	 1.029372	-1.189396	-0.506628	 0.230400
-0.012354	-1.632333	 0.463647	-0.436228	-0.471690	 0.499586	 0.133221	 0.506749	 1.072178	-1.184638	-0.504997	 0.416386
-0.504541	-1.625804	 0.463647	 0.032647	-0.471690	 0.499586	 0.156826	 0.504722	 1.091351	-1.179900	-0.503175	 0.508174
-0.748640	-1.619301	 0.463647	 0.266082	-0.471690	 0.499586	 0.168629	 0.502703	 1.098717	-1.175180	-0.501261	 0.552868
-0.868705	-1.612823	 0.463647	 0.382799	-0.471690	 0.499586	 0.174531	 0.500692	 1.100187	-1.170479	-0.500304	 0.574020
-0.926759	-1.606372	 0.463647	 0.441158	-0.471690	 0.499586	 0.177481	 0.499687	 0.598719	-1.165798	 0.000175	 0.583405
-0.953817	-1.599947	 0.463647	 0.470337	-0.471690	 0.499586	 0.178957	 0.499184	 0.347985	-1.161134	 0.249413	 0.586913
-0.465384	-1.593547	 0.463647	 0.484927	-0.471690	 0.499586	 0.179694	 0.498933	 0.222618	-1.156490	 0.374032	 0.587485
-0.221168	-1.587173	 0.463647	 0.492221	-0.471690	 0.499586	 0.180063	 0.498807	 0.159935	-1.151864	 0.436341	 0.586596
-0.099059	-1.580824	 0.463647	 0.495869	-0.471690	 0.499586	 0.180248	 0.498744	 0.628593	-1.147256	 0.467496	 0.584979
-0.038005	-1.574501	 0.463647	 0.497693	-0.471690	 0.499586	 0.180340	 0.498713	 0.860728	-1.142667	 0.483073	 0.583005
-0.007478	-1.568203	 0.463647	 0.498604	-0.471690	 0.499586	 0.180386	 0.498697	 0.974609	-1.138097	-0.009138	 0.580855
 0.007785	-1.561930	 0.463647	 0.499060	-0.471690	 0.499586	 0.180409	 0.498689	 1.029373	-1.133544	-0.254241	 0.578623
 0.015417	-1.555682	 0.463647	 0.499288	-0.471690	 0.499586	 0.180420	 0.498685	 1.054587	-1.129010	-0.376792	 0.576354
-0.480767	-1.549459	 0.463647	 0.499402	-0.471690	 0.499586	 0.180426	 0.498683	 0.065034	-1.124494	 0.061932	 0.574071
-0.726905	-1.543262	 0.463647	 0.499459	-0.471690	 0.499586	 0.180429	 0.498682	-0.427893	-1.119996	 0.280293	 0.571787
-0.348028	-1.537089	 0.963647	 0.499488	-0.471690	 0.499586	 0.180430	 0.498682	 0.327485	-1.115516	 0.389473	 0.569505
-0.158590	-1.530940	 1.210719	 0.499502	-0.471690	 0.499586	 0.180431	 0.498682	 0.703008	-1.111054	 0.444063	 0.567230
-0.563870	-1.524816	 0.831340	 0.499509	 0.028310	 0.499586	 0.180432	 0.498682	 0.888613	-1.106610	-0.028642	 0.564962
-0.764573	-1.518717	 0.641651	 0.499513	 0.277253	 0.499586	 0.180432	 0.498681	 0.979266	-1.102183	-0.263991	 0.562703
-0.362993	-1.512642	 1.046806	 0.499514	-0.099327	 0.499586	 0.180432	 0.498681	 1.022453	-1.097775	 0.118334	 0.560453
-0.162203	-1.506592	 1.246479	 0.499515	-0.287618	 0.499586	 0.180432	 0.498681	 1.041916	-1.093384	 0.308495	 0.558211
-0.061808	-1.500565	 1.343424	 0.499516	-0.381763	 0.499586	 0.180432	 0.498681	 1.049524	-1.089010	 0.403576	 0.555978
-0.011611	-1.494563	 0.889015	 0.499516	-0.428836	 0.499586	 0.180432	 0.498681	 0.551214	-1.084654	-0.048884	 0.553755
 0.013488	-1.488585	 0.661811	 0.499516	-0.452372	 0.499586	 0.180432	 0.498681	 0.302059	-1.080315	-0.274111	 0.551540
-0.473963	-1.482630	 0.548209	 0.499516	-0.464140	 0.499586	 0.180432	 0.498681	 0.677481	-1.075994	 0.113275	 0.549333
-0.715765	-1.476700	 0.491408	 0.499516	-0.470024	 0.499586	 0.180432	 0.498681	 0.863087	-1.071690	 0.305967	 0.547136
-0.834751	-1.470793	 0.963008	 0.499516	-0.472966	 0.499586	 0.180432	 0.498681	 0.953792	-1.067403	 0.402313	 0.544948
-0.892337	-1.464910	 1.195938	 0.499516	-0.474437	 0.499586	 0.180432	 0.498681	 0.997056	-1.063134	 0.450486	 0.542768
-0.419230	-1.459050	 0.809546	 0.499516	-0.475173	 0.499586	 0.180432	 0.498681	 0.516607	-1.058881	-0.025427	 0.540597
-0.182676	-1.453214	 0.616349	 0.499516	-0.475540	 0.499586	 0.180432	 0.498681	 0.276383	-1.054646	-0.262382	 0.538434
-0.064400	-1.447401	 0.519751	 0.499516	-0.475724	 0.499586	 0.180432	 0.498681	 0.156270	-1.050427	-0.380859	 0.536281
-0.505261	-1.441612	 0.471452	 0.499516	-0.475816	 0.499586	 0.180432	 0.498681	 0.596214	-1.046225	 0.059903	 0.534135
-0.723800	-1.435845	 0.447303	 0.499516	-0.475862	 0.499586	 0.180432	 0.498681	 0.814114	-1.042041	 0.279282	 0.531999
-0.831184	-1.430102	 0.935228	 0.499516	 0.024115	 0.499586	 0.180432	 0.498681	 0.421000	-1.037872	-0.111028	 0.529871
-0.883000	-1.424381	 1.176344	 0.499516	 0.273055	 0.499586	 0.180432	 0.498681	 0.224443	-1.033721	-0.305180	 0.527751
-0.407038	-1.418684	 0.794067	-0.000484	-0.103519	 0.499586	 0.180432	 0.998681	 0.626164	-1.029586	-0.402257	 0.525640
-0.169057	-1.413009	 0.602929	-0.249483	-0.291806	 0.499586	 0.180432	 1.245684	 0.824969	-1.025468	-0.450795	 0.523538
-0.550066	-1.407357	 0.507360	 0.126018	-0.385949	 0.499586	 0.180432	 0.866200	 0.422324	-1.021366	 0.024936	 0.521444
-0.738709	-1.401728	 0.459575	 0.312765	-0.433021	 0.499586	 0.180432	 0.676458	 0.221001	-1.017280	 0.261800	 0.519358
-0.831175	-1.396121	 0.435683	 0.406139	-0.456557	 0.499586	 0.180432	 0.581587	 0.120340	-1.013211	 0.380232	 0.517280
-0.875561	-1.390536	 0.423737	 0.452825	-0.468325	-0.000414	 0.180432	 0.534151	 0.570010	-1.009158	-0.060552	 0.515211
-0.895914	-1.384974	 0.417764	 0.476169	-0.474209	-0.249414	 0.180432	 0.510434	 0.792805	-1.005122	-0.279941	 0.513151
-0.404258	-1.379434	 0.414777	 0.487840	 0.022849	 0.126087	-0.319568	 0.498575	 0.902171	-0.501101	 0.110364	 0.511098
-0.158430	-1.373917	 0.413284	 0.493676	 0.270339	 0.312834	-0.567929	 0.492645	 0.954832	-0.249091	 0.304516	 0.509054
-0.035516	-1.368421	 0.412537	 0.496594	-0.106952	 0.406207	-0.190477	 0.489681	 0.979147	-0.623086	-0.098409	 0.507017
 0.025941	-1.362947	 0.412164	 0.498053	-0.295598	 0.452894	-0.001751	 0.488198	 0.989297	-0.808089	-0.298868	 0.504989
-0.443331	-1.357495	 0.911977	 0.498783	 0.110079	 0.476237	 0.092612	 0.487457	 0.992374	-0.898605	-0.399098	 0.502969
-0.676141	-1.352065	 1.159060	 0.499147	 0.311886	 0.487909	 0.139794	 0.487087	 0.991921	-0.941884	-0.449213	 0.500957
-0.790729	-1.346657	 0.779790	-0.000670	-0.088237	 0.493745	 0.163385	 0.486901	 0.989712	-0.961553	-0.474270	 0.499951
-0.846212	-1.341271	 0.590154	-0.249578	-0.288299	 0.496663	 0.175180	 0.486809	 0.986632	-0.969426	-0.486799	 0.499449
-0.872150	-1.335905	 0.495337	-0.374032	-0.388330	 0.498122	 0.181078	 0.486762	 0.983125	-0.971407	-0.493063	 0.499197
-0.383323	-1.330562	 0.447928	 0.063741	-0.438346	 0.498851	 0.184027	 0.486739	 0.479412	-0.970451	-0.496195	-0.000929
-0.138909	-1.325240	 0.424223	 0.281625	-0.463353	 0.499216	 0.185501	 0.486728	 0.227556	-0.968034	-0.497762	-0.249989
-0.016703	-1.319939	 0.412371	 0.390566	-0.475857	 0.499399	 0.186238	 0.486722	 0.101628	-0.964895	-0.498545	-0.374520
-0.455599	-1.314659	 0.406445	 0.445037	-0.482109	 0.499490	 0.186607	 0.486719	 0.538664	-0.961401	-0.498936	 0.063215
-0.673258	-1.309400	 0.403482	 0.472273	-0.485235	 0.499535	 0.186791	 0.486717	 0.755230	-0.957739	-0.499132	 0.281080
-0.280306	-0.804163	 0.402000	 0.485890	-0.486798	 0.499558	 0.186883	 0.486717	 0.861570	-0.953999	 0.000770	 0.390013
-0.583830	-1.051544	 0.401260	-0.007301	-0.487580	 0.499569	 0.186929	 0.486716	 0.912804	-0.950229	-0.250280	 0.444480
-0.733817	-1.172637	 0.400889	-0.252895	-0.487970	 0.499575	 0.186952	 0.486716	 0.936493	-0.946451	-0.374803	 0.471713
-0.807043	-1.230596	 0.400704	-0.375693	-0.488166	 0.499578	 0.186964	 0.486716	 0.946417	-0.942677	-0.437064	 0.485329
-0.841896	-1.256998	 0.400611	 0.062909	 0.011736	-0.000421	 0.186970	 0.486716	 0.949466	-0.938912	 0.031806	 0.492138
-0.857569	-1.267632	 0.400565	 0.281206	 0.260664	-0.249419	 0.186972	 0.486716	 0.949086	-0.935159	 0.265239	 0.495542
-0.863659	-1.270393	 0.400542	 0.390355	-0.115891	 0.126082	 0.186974	 0.486716	 0.946999	-0.931420	-0.118044	 0.497244
-0.864964	-1.269227	 0.400530	 0.444930	-0.304169	 0.312829	 0.186975	 0.486716	 0.944065	-0.927695	-0.308683	 0.498095
-0.863884	-1.266108	 0.400525	-0.027783	-0.398307	 0.406203	 0.186975	 0.486716	 0.940716	-0.923984	-0.404003	 0.498520
-0.861619	-1.262022	 0.400522	-0.263139	-0.445377	 0.452889	 0.186975	 0.486716	 0.937167	-0.920289	-0.451663	 0.498733
-0.358767	-1.257464	 0.400520	 0.119184	 0.031089	 0.476233	 0.186975	 0.486716	 0.933525	-0.916607	-0.475493	 0.498840
-0.107341	-1.252678	 0.400520	 0.309342	 0.268306	 0.487905	 0.186975	 0.486716	 0.929844	-0.912941	-0.487407	 0.498893
 0.018371	-1.247790	 0.400519	 0.404421	 0.385904	 0.493740	 0.186975	 0.486716	 0.926151	-0.909289	-0.493365	 0.498919
-0.418772	-1.242860	 0.400519	 0.451960	-0.556304	 0.496658	 0.186975	 0.486716	 0.422460	-0.905652	-0.496344	 0.498933
-0.635632	-1.237919	 0.400519	 0.475730	-1.024411	 0.498117	 0.186975	 0.486716	 0.170614	-0.902030	-0.497833	 0.498939
-0.742357	-1.232983	 0.900519	 0.487615	-0.755480	 0.498847	-0.313025	 0.486716	 0.044692	-0.898421	 0.001422	 0.498943
-0.794021	-1.228059	 1.147718	 0.493557	-0.621014	 0.499211	-0.561399	 0.486716	-0.018270	-0.894828	 0.250049	 0.498944
-0.818162	-1.223150	 1.268528	 0.496529	-1.053781	 0.499394	-0.183966	 0.486716	 0.450250	-0.891248	 0.374362	 0.498945
-0.828548	-1.218260	 1.326154	 0.498014	-1.267192	 0.499485	 0.004750	 0.486716	 0.682672	-0.887683	 0.436518	 0.498946
-0.832063	-1.213387	 1.352199	 0.498757	-0.870936	 0.499531	-0.400892	 0.486716	 0.797053	-0.884133	 0.467597	 0.498946
-0.832149	-1.208534	 1.362465	 0.499129	-0.672808	 0.499553	-0.602099	 0.486716	 0.852420	-0.880596	 0.483136	 0.498946
-0.830528	-1.203700	 1.364853	 0.499314	-0.573744	 0.499565	-0.701097	 0.486716	 0.878288	-0.877074	 0.490905	 0.498946
-0.828060	-1.198886	 0.863312	 0.499407	-0.524212	 0.499571	-0.248995	 0.486716	 0.389414	-0.873566	 0.494790	 0.498946
-0.825174	-1.194090	 0.612542	 0.499453	-0.499446	 0.499573	-0.022944	 0.486716	 0.144977	-0.870071	 0.496733	 0.498946
-0.822087	-1.189314	 0.487157	-0.000523	 0.012937	 0.499575	 0.090081	 0.486716	 0.522758	-0.866591	-0.002296	 0.498946
-0.818905	-1.184557	 0.424464	-0.249511	 0.268078	 0.499576	 0.146594	 0.486716	 0.709848	-0.863125	-0.250808	 0.498946
-0.815683	-1.179819	 0.393118	 0.125996	-0.105398	 0.499576	 0.174850	 0.486716	 0.801599	-0.859672	-0.375064	-0.001054
-0.812447	-1.175099	 0.377445	 0.312746	-0.292136	 0.499576	 0.188978	 0.486716	 0.845688	-0.856233	-0.437192	-0.250052
-0.809211	-1.170399	 0.869608	 0.406121	 0.114495	 0.499576	 0.196042	 0.486716	 0.865953	-0.852808	-0.468256	 0.125449
-0.805980	-1.165717	 1.112967	 0.452808	 0.316768	 0.499576	 0.199574	 0.486716	 0.874313	-0.849397	-0.483788	 0.312198
-0.802760	-1.161054	 1.231933	 0.476152	 0.416867	 0.499576	 0.201340	 0.486716	 0.876727	-0.846000	-0.491554	 0.405572
-0.799550	-1.156410	 0.788714	 0.487824	 0.465882	 0.499576	 0.202223	 0.486716	 0.376176	-0.842616	 0.004563	 0.452259
-0.796353	-1.151785	 0.567105	 0.493660	 0.489360	 0.499576	 0.202665	 0.486716	 0.125901	-0.839245	 0.251620	 0.475603
-0.293168	-1.147177	 0.456300	 0.496578	 0.500073	 0.499576	 0.202886	 0.486716	 0.500763	-0.835888	-0.124851	 0.487275
-0.041576	-1.142589	 0.400898	 0.498037	 0.504408	 0.499576	 0.202996	 0.486716	 0.686443	-0.832545	-0.312084	 0.493110
-0.415779	-1.138018	 0.373197	 0.498766	 0.505558	 0.499576	 0.203051	 0.986716	 0.777539	-0.329215	 0.094299	 0.496028
-0.601301	-1.133466	 0.359346	 0.499131	 0.505120	 0.499576	 0.203079	 1.233743	 0.821349	-0.077549	 0.296490	 0.497487
-0.192489	-1.128932	 0.352421	-0.000686	 0.003891	 0.499576	 0.203092	 0.854294	 0.341524	-0.451717	 0.397585	 0.498217
 0.011918	-1.124417	 0.348958	-0.249594	-0.246723	 0.499576	 0.203099	 0.664570	 0.101612	-0.637149	 0.448132	 0.498582
 0.114121	-1.119919	 0.347227	-0.374048	-0.372030	 0.499576	 0.203103	 0.569708	-0.018345	-0.728220	 0.473406	 0.498764
 0.165223	-1.115439	 0.346361	 0.063725	-0.434683	 0.499576	 0.203105	 1.022277	 0.421677	-0.772116	-0.013957	 0.498855
 0.190773	-1.110978	 0.345929	 0.281608	-0.466010	 0.499576	 0.203105	 1.245612	 0.639965	-0.792433	-0.256636	 0.498901
-0.296451	-1.106534	 0.345712	-0.109450	 0.018326	 0.499576	 0.203106	 0.854341	 0.747392	-0.800966	-0.377975	 0.498924
-0.538496	-1.102108	 0.345604	-0.303978	 0.259489	 0.499576	 0.203106	 0.658706	 0.799396	-0.803613	-0.438645	 0.498935
-0.157958	-1.097699	 0.845550	 0.098758	-0.120931	 0.499576	-0.796894	 0.560888	 0.823695	-0.303324	 0.031020	 0.498941
 0.032312	-1.093308	 1.092832	 0.299123	-0.310138	 0.499576	-1.293300	 0.511980	 0.834149	-0.053180	 0.264851	 0.498944
-0.372554	-1.088935	 1.213793	 0.399305	 0.095259	 0.499576	-1.037924	 0.487525	 0.837686	-0.428107	 0.381767	 0.498945
-0.573431	-1.084579	 1.271604	 0.449397	 0.296956	 0.499576	-0.908670	 0.475298	 0.837773	-0.613965	 0.440225	 0.498946
-0.672322	-1.080241	 1.297850	 0.474442	 0.397804	 0.499576	-0.842485	 0.469184	 0.836140	-0.705295	 0.469454	 0.498946
-0.720225	-1.075920	 1.308325	 0.486965	 0.448228	 0.499576	-0.307840	 0.466128	 0.833655	-0.749366	-0.015932	 0.498946
-0.742640	-1.071616	 1.310925	 0.493227	 0.473440	 0.499576	-0.040517	 0.464599	 0.830750	-0.769815	-0.257622	 0.498946
-0.752317	-1.067330	 1.309598	 0.496357	 0.486046	 0.499576	 0.093144	 0.463835	 0.327642	-0.778459	 0.121533	 0.498946
-0.755632	-1.063061	 1.306318	 0.497923	 0.492349	 0.499576	 0.159975	 0.463453	 0.076088	-0.781206	 0.310109	 0.498946
-0.755771	-1.058808	 1.302072	 0.498705	-0.004499	 0.499576	 0.193390	 0.463262	 0.450311	-0.781012	 0.404397	 0.498946
-0.754329	-1.054573	 1.297353	 0.499097	-0.251921	 0.499576	 0.210098	 0.463166	 0.635773	-0.779354	 0.451541	 0.498946
-0.252102	-1.050355	 0.792409	 0.499292	-0.375631	 0.499576	 0.218452	 0.963119	 0.726862	-0.776969	-0.024887	-0.001054
-0.000989	-1.046153	 0.539936	 0.499390	-0.437487	 0.499576	 0.222629	 1.210169	 0.770770	-0.774227	-0.262098	-0.250052
 0.124568	-1.041969	 0.413700	 0.499439	-0.468414	 0.499576	 0.224717	 1.330779	 0.791095	-0.771314	-0.380704	-0.374550
-0.312654	-1.037801	 0.350582	 0.499464	-0.483878	-0.000424	 0.225762	 0.888182	 0.299635	-0.768320	-0.440007	 0.063200
-0.529765	-1.033650	 0.319023	 0.499476	-0.491610	-0.249423	 0.226284	 0.666883	 0.053905	-0.765293	-0.469658	 0.281073
-0.636827	-1.029515	 0.303243	 0.499482	-0.495476	-0.373923	 0.226545	 0.556233	-0.068961	-0.762254	-0.484484	 0.390010
-0.688870	-1.025397	 0.295354	 0.499485	 0.002591	 0.063828	-0.273325	 0.500909	-0.130393	-0.759217	-0.491897	 0.444478
-0.713410	-1.021295	 0.291409	 0.499486	 0.250623	 0.281700	-0.521713	 0.473246	-0.161109	-0.756186	-0.495603	 0.471713
-0.224204	-1.017210	 0.789436	 0.499487	-0.125361	 0.390636	-0.144367	 0.459415	 0.323533	-0.753164	 0.002544	 0.485330
 0.020399	-1.013141	 1.035875	 0.499488	-0.312350	 0.445104	 0.044306	 0.452500	 0.564237	-0.750152	 0.250616	 0.492138
-0.357299	-1.009089	 1.156530	 0.499488	 0.094155	 0.472338	 0.138642	 0.449042	 0.682980	-0.747153	-0.125348	 0.495543
