-0.718194	-1.286113	 0.987609	 0.546068	-0.050798	 0.134513	-0.188789	 0.055061	-1.074044	 0.641372	-0.466239	 0.499967
-0.715321	-1.280969	 1.234633	 0.543883	-0.239161	 0.134513	-0.188789	 0.055061	-0.695550	 0.654003	-0.466239	 0.499967
-0.712459	-1.275845	 1.355182	 0.541708	-0.333343	 0.134513	-0.188789	 0.055061	-0.506302	 0.658986	-0.466239	 0.499967
-0.709610	-1.270742	 0.912505	 0.539541	-0.380434	 0.134513	-0.188789	 0.055061	-0.411679	 0.660149	-0.466239	 0.499967
-0.706771	-1.265659	 0.691167	 0.537383	-0.403979	 0.134513	-0.188789	 0.055061	-0.364367	 0.659408	-0.466239	 0.499967
-0.703944	-1.260596	 0.580498	 0.535233	-0.415752	 0.134513	-0.188789	 0.055061	-0.340711	 0.157720	-0.466239	 0.499967
-0.701128	-1.255554	 0.525163	 0.533092	-0.421638	 0.134513	-0.188789	 0.055061	-0.328883	-0.093124	-0.466239	 0.499967
-1.198324	-1.250531	 0.497496	 0.030960	-0.424581	 0.134513	-0.188789	 0.055061	-0.322969	 0.281454	-0.466239	 0.499967
-1.443531	-1.245529	 0.483662	-0.220106	-0.426053	 0.134513	-0.188789	 0.055061	-0.320012	 0.467431	-0.466239	 0.499967
-1.062756	-1.240547	 0.976745	 0.154361	-0.926789	 0.134513	-0.188789	 0.055061	-0.318534	 0.559113	-0.466239	 0.499967
-0.871005	-1.235585	 1.220347	 0.340536	-1.174302	 0.134513	-0.188789	 0.055061	-0.317795	 0.603652	-0.466239	 0.499967
-0.773771	-1.230643	 1.339220	 0.432571	-1.295215	 0.134513	-0.188789	 0.055061	-0.317425	 0.624625	-0.466239	 0.499967
-1.223801	-1.225720	 0.895741	 0.477539	-0.852839	 0.134513	-0.188789	 0.055061	-0.317240	 0.633821	-0.466239	 0.499967
-1.445469	-1.220817	 0.674001	 0.498978	-0.631651	 0.134513	-0.188789	 0.055061	-0.317148	 0.637132	-0.466239	 0.499967
-1.052968	-1.215934	 0.563131	 0.508657	-0.521057	 0.134513	-0.188789	 0.055061	-0.317102	 0.637507	-0.466239	 0.499967
-0.855397	-1.211070	 0.507696	 0.512459	-0.465760	 0.134513	-0.188789	 0.055061	-0.317078	 0.636419	-0.466239	 0.499967
-0.755295	-1.206226	 0.479979	 0.513328	-0.438111	 0.134513	-0.188789	-0.444939	-0.317067	 0.634604	-0.466239	 0.499967
-0.703934	-1.201401	 0.466120	 0.512734	-0.424287	 0.134513	-0.188789	-0.693049	-0.317061	 0.632431	-0.466239	 0.499967
-1.176949	-1.196595	 0.459190	 0.011413	 0.082625	 0.134513	-0.188789	-0.315222	-0.317058	 0.630084	-0.466239	 0.499967
-1.410156	-1.191809	 0.455726	-0.239248	 0.334902	 0.134513	-0.188789	-0.126308	-0.317057	 0.627655	-0.466239	 0.499967
-1.523473	-1.187042	 0.453993	-0.364578	 0.459866	 0.134513	-0.188789	-0.031852	-0.317056	 0.625190	-0.466239	 0.499967
-1.076858	-1.182294	 0.953127	 0.072757	 0.521179	 0.134513	-0.188789	 0.015377	-0.317056	 0.622712	-0.466239	 0.499967
-0.852290	-1.177564	 1.199790	 0.290404	 0.550670	 0.134513	-0.188789	 0.038991	-0.317055	 0.620233	-0.466239	 0.499967
-0.738750	-1.172854	 0.820228	-0.101789	 0.064255	 0.134513	-0.188789	 0.050798	-0.317055	 0.617758	-0.466239	 0.499967
-0.680730	-1.168163	 0.630447	-0.297885	-0.178952	 0.134513	-0.188789	 0.056702	-0.317055	 0.615290	-0.466239	 0.499967
-1.150475	-1.163490	 0.535557	 0.104067	-0.300556	 0.134513	-0.188789	 0.059653	-0.317055	 0.112830	-0.466239	 0.499967
-1.382106	-1.158836	 0.488111	 0.304031	-0.361358	 0.134513	-0.188789	 0.061129	-0.317055	-0.138400	-0.466239	 0.499967
-0.994695	-1.154201	 0.464389	 0.403005	-0.391759	 0.134513	-0.188789	 0.061867	-0.317055	 0.235985	-0.466239	 0.499967
-0.799774	-1.149584	 0.452528	 0.451488	-0.406959	 0.134513	-0.188789	 0.062236	-0.317055	 0.421957	-0.466239	 0.499967
-0.701105	-1.144986	 0.446597	 0.475729	-0.414559	 0.134513	-0.188789	 0.062421	-0.317055	 0.513727	-0.466239	 0.499967
-0.650565	-1.140406	 0.443632	 0.487850	 0.081641	 0.134513	-0.188789	 0.062513	-0.317055	 0.058401	-0.466239	 0.499967
-0.624095	-1.135844	 0.442149	 0.493911	 0.328585	 0.134513	-0.188789	 0.062559	-0.317055	-0.169262	-0.466239	 0.499967
-0.609665	-1.131301	 0.941408	 0.496941	-0.049094	 0.134513	-0.188789	 0.062582	-0.317055	 0.216906	-0.466239	 0.499967
-0.601259	-1.126775	 1.188156	 0.498456	-0.237934	 0.134513	-0.188789	 0.062594	-0.317055	 0.408784	-0.466239	 0.499967
-0.595871	-1.122268	 0.808660	-0.000787	-0.332353	 0.134513	-0.188789	 0.062599	-0.317055	 0.003522	-0.466239	 0.499967
-0.591995	-1.117779	 0.618912	-0.249408	-0.379563	 0.134513	-0.188789	 0.062602	-0.317055	-0.199109	-0.466239	 0.499967
-0.588881	-1.113308	 0.524038	 0.126282	-0.403168	 0.134513	-0.188789	 0.062604	-0.317055	 0.199576	-0.466239	 0.499967
-0.586153	-1.108855	 0.476601	 0.313122	-0.414971	 0.134513	-0.188789	 0.062604	-0.317055	 0.397721	-0.466239	 0.499967
-0.583622	-1.104420	 0.452882	 0.406543	-0.420872	 0.134513	-0.188789	 0.062605	-0.317055	 0.495602	-0.466239	 0.499967
-0.581194	-1.600002	 0.441023	-0.046747	-0.423822	 0.134513	-0.188789	 0.062605	-0.317055	 0.543356	-0.466239	 0.499967
-0.578823	-1.843602	 0.435094	-0.272392	-0.425298	 0.134513	-0.188789	 0.062605	-0.317055	 0.566050	-0.466239	 0.499967
-1.076484	-1.461227	 0.432129	 0.114786	-0.426035	 0.134513	-0.188789	 0.062605	-0.317055	 0.576220	-0.466239	 0.499967
-1.322167	-1.267883	 0.430646	 0.307371	-0.426404	 0.134513	-0.188789	 0.062605	-0.317055	 0.580132	-0.466239	 0.499967
-0.941872	-1.169061	 0.929905	 0.403663	 0.073411	 0.134513	-0.188789	 0.062605	-0.317055	 0.080920	-0.466239	 0.499967
-0.750602	-1.117510	 1.176676	 0.451809	 0.322173	 0.134513	-0.188789	 0.062605	-0.317055	-0.168686	-0.466239	 0.499967
-0.653848	 0.410398	 0.797215	-0.024118	 0.945411	 0.134513	-0.188789	 0.062605	 0.182945	-0.293489	 0.033761	 0.499967
-0.604357	 1.170475	 0.607484	-0.261081	 1.253894	 0.134513	-0.188789	 0.062605	 0.431579	-0.355890	 0.282694	 0.499967
-0.578501	 1.546652	 0.512619	-0.379563	 1.405010	 0.134513	-0.188789	 0.062605	 0.554535	-0.387091	 0.406097	 0.499967
 0.435532	 1.730895	-0.034814	 0.061197	 0.977456	 0.634513	 0.311211	 0.062605	 0.114659	-0.402691	-0.033261	 0.499967
 0.939649	 1.819187	-0.307366	 0.280572	 0.762579	 0.882244	 0.559589	 0.062605	-0.105280	-0.410491	-0.252940	 0.499967
 1.688820	 1.859517	-0.442482	 0.390260	-0.345955	 1.003850	 0.182162	 0.062605	-0.215249	-0.414392	-0.362779	 0.499967
 2.058530	 1.875883	-0.508885	 0.445104	-0.897313	 1.062402	-0.006552	 0.062605	-0.270233	-0.416342	-0.417699	 0.499967
 2.238528	 0.380281	-0.540935	-0.027474	-1.670094	 0.589436	-0.100909	 0.062605	-0.297726	-0.417317	-0.445159	-0.000033
 2.323690	-0.365289	-0.555815	-0.262763	-2.051600	 0.352953	-0.148087	 0.062605	-0.311472	-0.417804	-0.458889	-0.249032
 1.361453	-1.735852	-0.562113	-0.880407	-3.237486	 0.234711	-0.171676	 0.062605	-0.318345	-0.418048	-0.465754	-0.373532
 0.880335	-2.414921	-0.564126	-1.186234	-3.821582	 0.175591	-0.183471	 0.062605	-0.321781	-0.418170	-0.469186	-0.435782
 0.639776	-2.748267	-0.563999	-1.336163	-4.104819	 0.146030	-0.189368	 0.062605	-0.323500	-0.418231	-0.470902	-0.466907
 0.519496	-3.408777	-0.562809	-1.408155	-3.237661	 0.131250	-0.192317	 0.062605	-0.324359	-0.418261	-0.471760	-0.482470
 0.459356	-3.730894	-0.561090	-1.441191	-2.799342	 0.123860	-0.193791	 0.062605	-0.324788	-0.418276	-0.472189	-0.490251
-0.070713	-3.883846	-1.059112	-1.454760	-2.575460	-0.379835	-0.194528	 0.062605	-0.325003	-0.418284	-0.472404	-0.494142
-0.334547	-3.952249	-1.305009	-1.458608	-2.458815	-0.629916	-0.194897	 0.062605	-0.325111	-0.418288	-0.472511	-0.496087
-0.465267	-3.978409	-1.424855	-1.457607	-3.395809	-0.253196	-0.195081	 0.062605	-0.325164	-0.418290	-0.472565	 0.002940
-0.529435	-3.983479	-1.481689	-1.454194	-3.855640	-0.064836	-0.195173	 0.062605	-0.325191	-0.418291	-0.472592	 0.251450
-0.560332	-3.978038	-1.007029	-1.449585	-3.076925	 0.029344	-0.195220	 0.062605	-0.325204	-0.418291	-0.472605	-0.124295
-0.574597	-3.967372	-0.768634	-1.444391	-2.682971	 0.076434	-0.195243	 0.062605	-0.325211	-0.418291	-0.472612	-0.311168
-0.580553	-3.954125	-0.648376	-0.938916	-2.481416	 0.099979	-0.195254	 0.062605	-0.325215	-0.418292	-0.472615	-0.404604
-0.582357	-3.939620	-0.587191	-0.686178	-2.376078	 0.111751	-0.195260	 0.062605	-0.325216	-0.418292	-0.472617	-0.451322
-0.582091	-3.924518	-0.555547	-0.559809	-2.318868	 0.117638	-0.195263	 0.062605	-0.325217	-0.418292	-0.472618	-0.474681
-0.580795	-3.409147	-0.538676	-0.996625	-2.285740	-0.379419	-0.195264	 0.062605	-0.825217	-0.418292	-0.472618	-0.986361
-0.578987	-3.145675	-0.529198	-1.212166	-2.264671	-0.626195	-0.195265	 0.062605	-1.072567	-0.418292	-0.472618	-1.239204
-1.076929	-3.008174	-0.523419	-1.317081	-1.749649	-0.247836	-0.195265	-0.437395	-1.193602	-0.418292	-0.972618	-1.362642
-1.322751	-2.933682	-0.519494	-1.366694	-1.489668	-0.058657	-0.195265	-0.685520	-1.251491	-0.418292	-1.219673	-1.421389
-1.442524	-2.390718	-0.016501	-1.388668	-1.357219	 0.035932	-0.195266	-0.307715	-1.277816	-0.418292	-0.840267	-1.447802
-1.499286	-2.115540	 0.234996	-1.396834	-1.288545	 0.083227	-0.195266	-0.118813	-1.288370	-0.418292	-0.650564	-1.458060
-1.524555	-1.974271	 0.360744	-0.898107	-1.251768	 0.106874	-0.195266	-0.524362	-1.291050	-0.418292	-0.555713	-0.960252
-1.534090	-1.899970	 0.423618	-0.648743	-1.230949	 0.118698	-0.195266	-0.725276	-1.289802	-0.418292	-0.508287	-0.711349
-1.535770	-1.859168	 0.455056	-0.524062	-1.218120	 0.124610	-0.195266	-0.823881	-1.286601	-0.418292	-0.484574	-0.586897
-1.533535	-1.835131	 0.470774	-0.461721	-1.209295	 0.127566	-0.195266	-0.871339	-1.282434	-0.418292	-0.972718	-0.524671
-1.529355	-1.819490	 0.478633	-0.430550	-1.202481	 0.129044	-0.195266	-0.893230	-1.277793	-0.418292	-1.213868	-0.493558
-1.524215	-1.808062	 0.482563	-0.414965	-1.196683	 0.129783	-0.195266	-0.902345	-1.272927	-0.418292	-0.831533	-0.478001
-1.518607	-1.798754	 0.484528	-0.407172	-1.191402	 0.130152	-0.195266	-0.905080	-1.267958	-0.418292	-0.640365	-0.470223
-1.512776	-1.790522	 0.485510	-0.903276	-1.186389	 0.130337	-0.695266	-0.904632	-1.262947	-0.418292	-0.544781	-0.466334
-1.506847	-1.782841	 0.486001	-1.148529	-1.181520	 0.130429	-0.942875	-0.902599	-1.257926	-0.418292	-0.496989	-0.464389
-1.500881	-1.775450	 0.486247	-1.268368	-1.176732	 0.130476	-0.564299	-0.899782	-1.252909	-0.418292	-0.473094	-0.463417
-1.494908	-1.768219	 0.486370	-1.325511	-1.171995	 0.130499	-0.375011	-0.896579	-1.247905	-0.418292	-0.461146	-0.462931
-1.488944	-1.761081	 0.486431	-1.351318	-1.167291	 0.130510	-0.280367	-0.893191	-1.242918	-0.418292	-0.455172	-0.462688
-1.482996	-1.754004	 0.486462	-0.861466	-1.162614	 0.130516	-0.233045	-0.389718	-1.237948	-0.418292	-0.452185	-0.462566
-1.477067	-1.746972	 0.486477	-0.616541	-1.157960	 0.130519	-0.209384	-0.137981	-1.232997	-0.418292	-0.450691	-0.462506
-1.471161	-1.739976	 0.486485	-0.494078	-1.153326	 0.130520	-0.197553	-0.512112	-1.228066	-0.418292	-0.449944	-0.462475
-1.465277	-1.733012	 0.486489	-0.432847	-1.148712	 0.130521	-0.191638	-0.697406	-1.223154	-0.418292	-0.449571	-0.462460
-0.959417	-1.726078	 0.486491	-0.402231	-1.144117	 0.130521	-0.188680	-0.788287	-1.218261	-0.418292	-0.449384	-0.462452
-0.706486	-1.719173	 0.486492	-0.386923	-1.139540	 0.130522	-0.187201	-0.831969	-1.213388	-0.418292	-0.449291	-0.462449
-1.080021	-1.712295	 0.486492	-0.379269	-1.134982	 0.130522	-0.186462	-0.352059	-0.708535	-0.418292	-0.449244	-0.462447
-1.263882	-1.705446	 0.486492	-0.375442	-1.130442	 0.130522	-0.186092	-0.112104	-0.456108	-0.418292	-0.449221	-0.462446
-1.352916	-1.698624	 0.486492	-0.373529	-1.125920	 0.130522	-0.185907	 0.007874	-0.329894	-0.418292	-0.449209	-0.462445
-1.394550	-1.691829	 0.486493	-0.372572	-1.121416	 0.130522	-0.185815	 0.067862	-0.766788	-0.418292	-0.449203	-0.462445
-1.412494	-1.685062	 0.486493	-0.372094	-1.116930	 0.130522	-0.185769	 0.097857	-0.982827	-0.418292	-0.449201	-0.462445
-1.418605	-1.178322	 0.486493	-0.371854	-0.612463	 0.130522	-0.185746	 0.112854	-0.588449	 0.081708	-0.449199	-0.462445
-1.418812	-0.923609	 0.486493	-0.371735	-0.360229	 0.130522	-0.185734	 0.120352	-0.391260	 0.330545	-0.449198	-0.462445
-1.416077	-0.794914	 0.486493	-0.371675	-0.234112	 0.130522	 0.314272	 0.124102	-0.292665	-0.046196	-0.449198	-0.462445
-1.411883	-0.729234	 0.486493	-0.371645	-0.171054	 0.130522	 0.562646	 0.125976	-0.243368	-0.234566	-0.449198	-0.462445
-1.406970	-0.695067	 0.486493	-0.371630	-0.139524	 0.130522	 0.185211	 0.126914	-0.218719	-0.328751	-0.449198	-0.462445
-1.401710	-0.676662	 0.486493	-0.371623	-0.123760	 0.130522	-0.003506	 0.127382	-0.206395	-0.375843	-0.449198	-0.462445
-1.396287	-0.666143	 0.486493	-0.371619	-0.115877	 0.130522	-0.097865	 0.127617	-0.200233	-0.399390	-0.449198	-0.462445
-0.890793	-1.159572	 0.486493	-0.371617	-0.111936	 0.130522	-0.145044	 0.127734	-0.197152	 0.088837	-0.449198	-0.462445
-0.638047	-1.402981	 0.486493	-0.371616	-0.109966	 0.130522	-0.168634	 0.127792	-0.195611	 0.331796	-0.449198	-0.462445
-0.511673	-1.021392	 0.486493	-0.871616	-0.108980	-0.369478	-0.180429	 0.127822	-0.194841	 0.452127	-0.449198	-0.462445
-0.448487	-0.829318	 0.486493	-1.118872	-0.108488	-0.617739	-0.186326	 0.127836	-0.194456	 0.511147	-0.449198	-0.462445
-0.416893	-0.732007	 0.486493	-0.739768	-0.108241	-0.240138	-0.189275	 0.127844	-0.194263	 0.039516	-0.449198	-0.462445
-0.401097	-0.682082	 0.486493	-0.550216	-0.108118	-0.051337	-0.190749	 0.127847	-0.194167	-0.196299	-0.449198	-0.462445
-0.893198	-0.655855	 0.486493	-0.455440	-0.608057	 0.043063	-0.191487	 0.127849	-0.194119	 0.185794	-0.449198	-0.462445
-1.136479	-0.641482	 0.486493	-0.408052	-0.855810	 0.090263	-0.191855	 0.127850	-0.194095	 0.375704	-0.449198	-0.462445
-1.255359	-0.633042	 0.486493	-0.384358	-0.977479	 0.113864	-0.192040	 0.127851	-0.194083	 0.469528	-0.449198	-0.462445
-1.312051	-0.627572	 0.486493	-0.372511	-0.536116	 0.125664	-0.192132	 0.127851	-0.194077	 0.515314	-0.449198	-0.462445
-1.337660	-0.623593	 0.486493	-0.366588	-0.315434	 0.131564	-0.192178	 0.127851	-0.194074	 0.537084	-0.449198	-0.462445
-0.847737	-0.620365	 0.486493	 0.136374	-0.705093	 0.134514	-0.192201	 0.127851	-0.194072	 0.046851	-0.449198	-0.462445
-0.602776	-0.617516	 0.486493	 0.386576	-0.897733	 0.135989	-0.192212	 0.127851	-0.194072	-0.198265	-0.449198	-0.462445
-0.980295	-0.614862	 0.486493	 0.010404	-0.491872	 0.136726	-0.192218	 0.127851	-0.194071	-0.320823	-0.449198	-0.462445
-1.166340	-0.612311	 0.486493	-0.177683	-0.288942	 0.137095	-0.192221	 0.127851	-0.194071	-0.382102	-0.449198	-0.462445
-1.256657	-0.609816	 0.486493	-0.271726	-0.187477	 0.137279	-0.192222	-0.372149	-0.194071	-0.412741	-0.449198	-0.462445
-1.299122	-0.607354	 0.486493	-0.318747	-0.136744	 0.137371	-0.192223	-0.620405	-0.194071	-0.428061	-0.449198	-0.462445
-1.317671	-0.604913	 0.486493	-0.342258	-0.111378	 0.137418	-0.192223	-0.742795	-0.194071	-0.435721	-0.449198	-0.462445
-1.324273	-0.602488	 0.486493	-0.354013	-0.098695	 0.137441	-0.192224	-0.302260	-0.194071	-0.439551	-0.449198	-0.462445
-1.324912	-0.600075	 0.486493	-0.359891	-0.092353	 0.137452	-0.192224	-0.081993	-0.194071	-0.441466	-0.449198	-0.462445
-1.322581	-0.597673	 0.486493	-0.362830	-0.589183	 0.137458	-0.192224	 0.028141	-0.194071	-0.442424	-0.449198	-0.462445
-1.318775	-0.595282	 0.486493	-0.364299	-0.835425	 0.137461	-0.192224	 0.083208	-0.194071	-0.442902	-0.449198	-0.462445
-0.814241	-0.592900	 0.486493	-0.365034	-0.456383	 0.137462	-0.192224	 0.110742	-0.194071	 0.056858	-0.449198	 0.037555
-0.561975	-0.590528	 0.486493	-0.365401	-0.266862	 0.137463	-0.192224	 0.124508	-0.194071	 0.305625	-0.449198	 0.286480
-0.935842	-0.588166	 0.486493	-0.365585	-0.172102	 0.137463	-0.192224	 0.131392	-0.194071	-0.071100	-0.449198	-0.090128
-1.120156	-0.585813	 0.486493	-0.365677	-0.124721	 0.137463	-0.192224	 0.134833	-0.194071	-0.259462	-0.449198	-0.278432
-1.209704	-0.583470	 0.486493	-0.365723	-0.101031	 0.137464	-0.192224	 0.136554	-0.194071	-0.353644	-0.449198	-0.372584
-1.251879	-0.581136	 0.486493	-0.365746	-0.589186	 0.137464	-0.192224	 0.137415	-0.194071	-0.400734	-0.449198	-0.419661
-1.270379	-0.578812	 0.486493	-0.365757	-0.831109	 0.137464	-0.192224	 0.137845	-0.194071	-0.424280	-0.449198	-0.443199
-0.777051	-0.576496	 0.486493	-0.365763	-0.449924	 0.137464	-0.692224	 0.138060	-0.194071	-0.436052	-0.449198	-0.454968
-0.530387	-0.574190	 0.486493	-0.365766	-0.259332	 0.137464	-0.939839	 0.138167	-0.194071	-0.441939	-0.449198	-0.460852
-0.407055	-0.571894	 0.486493	 0.134233	-0.164036	 0.137464	-0.561272	 0.138221	-0.194071	-0.444882	-0.449198	-0.463794
-0.345389	-0.569606	 0.486493	 0.382964	-0.116388	 0.137464	-0.371989	 0.138248	-0.194071	-0.446353	-0.449198	-0.465265
-0.814556	-0.567328	 0.486493	 0.506066	-0.092564	 0.137464	-0.277347	 0.138262	-0.194071	-0.447089	-0.449198	-0.466001
-1.046572	-0.565058	 0.486493	 0.566358	-0.080652	 0.137464	-0.230026	 0.138268	-0.194071	-0.447457	-0.449198	-0.466369
-1.160023	-0.562798	 0.486493	 0.595251	-0.074696	 0.137464	-0.206366	 0.138272	-0.194071	 0.052359	-0.449198	-0.466553
-1.214201	-0.560547	 0.486493	 0.608449	-0.071718	 0.137464	-0.194535	 0.138273	-0.194071	 0.301163	-0.449198	-0.466645
-1.238754	-0.558305	 0.486493	 0.613805	-0.070229	 0.137464	-0.188620	 0.138274	-0.194071	 0.424464	-0.449198	-0.466691
-1.248503	-0.556072	 0.486493	 0.615245	-0.069484	 0.137464	-0.185663	 0.138275	-0.694071	-0.014980	-0.449198	-0.466714
-1.250862	-0.553847	 0.486493	 0.614731	-0.069112	 0.137464	-0.184184	 0.138275	-0.941683	-0.234702	-0.449198	-0.466725
-0.749534	-0.551632	 0.486493	 0.113246	-0.068926	 0.137464	-0.183444	 0.138275	-0.563110	 0.155436	-0.449198	-0.466731
-0.498871	-0.549425	 0.486493	-0.137497	-0.068833	 0.137464	-0.183075	 0.138275	-0.373824	 0.349415	-0.449198	-0.466734
-0.873539	-0.547228	 0.486493	 0.237132	-0.068786	 0.137464	-0.182890	 0.138275	-0.279181	 0.445317	-0.449198	-0.466735
-1.058377	-0.545039	 0.486493	 0.423223	-0.068763	 0.137464	-0.182798	 0.138275	-0.231859	 0.492186	-0.449198	-0.466736
-0.648309	-0.542859	 0.486493	 0.515050	-0.068751	 0.137464	-0.182751	 0.138275	-0.208198	 0.514542	-0.449198	-0.466736
-0.443275	-0.540687	 0.486493	 0.559749	-0.068745	 0.137464	-0.182728	 0.138275	-0.196368	 0.524646	-0.449198	-0.466736
-0.340758	-0.538524	 0.486493	 0.580890	-0.068742	 0.137464	-0.182717	 0.138275	-0.190453	 0.528629	-0.449198	-0.466736
-0.789500	-0.536370	 0.986493	 0.090257	-0.068741	 0.137464	-0.182711	 0.138275	-0.187495	 0.529555	-0.449198	-0.466737
-1.011394	-0.534225	 1.233520	-0.155060	-0.068740	 0.137464	-0.182708	 0.138275	-0.186016	 0.528957	-0.449198	-0.466737
-0.619875	-0.532088	 0.854072	 0.222282	-0.068740	 0.137464	-0.182707	-0.361725	-0.185277	 0.527602	-0.449198	-0.466737
-0.424115	-0.529960	 0.664348	 0.409753	-0.068740	 0.137464	-0.182706	-0.610002	-0.184907	 0.525871	-0.449198	-0.466737
-0.826235	-0.527840	 0.569486	 0.502294	-0.068740	-0.362536	-0.182705	-0.232423	-0.684722	 0.523958	-0.449198	 0.033263
-1.024839	-0.525728	 0.522055	 0.547375	-0.068740	-0.610811	-0.182705	-0.043634	-0.932261	 0.521957	-0.449198	 0.282197
-1.121693	-0.523625	 0.498340	 0.568731	-0.068740	-0.233231	-0.182705	 0.050760	-0.553670	 0.519917	-0.449198	 0.405601
-1.167684	-0.521531	 0.486482	 0.578229	-0.068740	-0.044440	-0.182705	 0.097958	-0.364375	 0.517861	-0.449198	 0.466246
-1.188252	-0.519445	 0.480553	 0.581802	-0.068740	 0.049955	-0.182705	 0.121556	-0.269728	 0.515801	-0.449198	 0.495514
-0.696118	-0.517367	 0.477589	 0.582418	-0.068740	 0.097153	-0.182705	 0.133356	-0.222404	 0.513744	-0.449198	 0.009099
-0.450051	-0.515298	 0.476107	 0.581560	-0.068740	 0.120751	-0.182705	 0.139255	-0.198742	 0.511692	-0.449198	-0.234109
-0.327017	-0.513236	 0.975366	 0.579969	-0.068740	 0.132551	-0.182705	 0.142205	-0.186911	 0.009647	-0.449198	 0.144287
-0.265501	-0.511183	 1.222046	 0.578017	-0.068740	 0.138450	-0.182705	 0.143680	-0.180996	-0.241376	-0.449198	 0.332440
-0.734742	-0.509139	 0.842448	 0.575889	-0.068740	 0.141400	-0.182705	 0.144418	-0.178038	 0.133113	-0.449198	 0.425475
-0.966955	-0.507102	 0.652650	 0.573678	-0.068740	 0.142875	-0.182705	 0.144786	-0.176559	 0.319342	-0.449198	 0.470955
-1.080663	-0.505074	 0.557750	 0.571429	-0.068740	 0.143613	-0.182705	 0.144971	-0.175819	 0.411445	-0.449198	 0.492663
-1.135129	-0.503053	 0.510301	 0.569166	-0.068740	 0.143981	-0.182705	 0.145063	-0.175450	 0.456490	-0.449198	 0.502488
-1.159982	-0.501041	 0.486576	 0.566901	-0.068740	 0.144166	-0.182705	 0.145109	-0.175265	 0.478009	-0.449198	 0.506376
-1.170039	-0.500035	 0.974713	 0.564639	-0.068740	 0.144258	-0.182705	 0.145132	-0.175172	 0.488769	-0.449198	 0.507299
-1.172707	-0.499532	 1.215857	 0.562383	-0.068740	 0.144304	-0.182705	 0.145144	-0.175126	 0.494149	-0.449198	 0.506744
-1.171691	-0.499281	 1.333514	 0.560135	-0.068740	 0.144327	-0.182705	 0.145149	-0.175103	-0.003162	-0.449198	 0.005455
-1.168841	-0.499155	 1.389441	 0.557896	-0.068740	 0.144339	-0.182705	 0.145152	-0.175092	-0.250816	-0.449198	-0.245190
-0.665084	-0.499092	 0.914513	 0.055664	-0.068740	 0.144344	-0.182705	 0.145154	-0.175086	 0.125357	-0.449198	 0.129487
-0.413206	-0.499060	 0.677049	-0.195451	-0.068740	 0.144347	-0.182705	 0.145154	-0.175083	 0.312441	-0.449198	 0.315818
-0.287267	-0.499045	 0.558317	-0.321009	-0.068740	 0.144349	-0.182705	 0.145155	-0.175081	 0.405982	-0.449198	 0.407979
-0.224297	-0.499037	 0.498951	-0.383788	-0.068740	 0.144349	-0.182705	 0.145155	-0.175081	 0.452753	-0.449198	 0.453059
-0.192812	-0.499033	 0.469268	-0.415177	-0.068740	 0.144350	-0.182705	 0.145155	-0.175080	 0.476139	-0.449198	 0.475599
-0.177070	-0.499031	 0.454427	-0.930872	-0.068740	 0.144350	-0.182705	 0.145155	-0.175080	-0.012169	-0.449198	-0.013131
-0.169199	-0.499030	 0.447006	-1.185826	-0.068740	 0.144350	-0.182705	 0.145155	-0.175080	-0.255321	-0.449198	-0.256492
-0.665263	-0.499030	 0.443296	-0.310422	-0.068740	 0.144350	-0.182705	 0.145155	-0.175080	 0.123102	-0.449198	-0.378173
-0.910973	-0.499029	 0.441441	 0.126150	-0.068740	 0.144350	-0.182705	 0.145155	-0.175080	 0.311311	-0.449198	-0.439013
-0.531514	-0.499029	 0.940513	 0.343311	-0.068740	 0.144350	-0.182705	 0.145155	-0.675080	 0.405416	-0.449198	 0.030567
-0.341785	-0.499029	 1.187170	 0.450770	-0.068740	 0.144350	-0.182705	 0.145155	-0.922730	 0.452468	-0.449198	 0.264356
-0.246920	-0.499029	 0.807631	 0.503384	-0.068740	 0.144350	-0.182705	 0.145155	-0.544214	-0.024006	-0.449198	 0.381251
-0.199488	-0.499029	 0.617861	 0.528578	-0.068740	 0.144350	-0.182705	 0.145155	-0.354956	-0.261242	-0.449198	 0.439698
-0.175772	-0.499029	 0.522977	 0.540068	-0.068740	 0.144350	-0.182705	 0.145155	-0.260327	-0.379860	-0.449198	 0.468922
-0.163914	-0.499029	 0.975534	 0.544710	-0.068740	 0.144350	-0.182705	 0.145155	-0.213013	-0.439169	-0.449198	-0.016466
-0.157985	-0.499029	 1.198957	 0.545932	-0.068740	 0.144350	-0.182705	 0.145155	-0.189355	-0.468824	-0.449198	-0.258156
-0.655020	-0.499029	 0.807823	 0.545449	-0.068740	 0.144350	-0.182705	 0.145155	-0.177527	 0.016349	-0.449198	-0.379002
-0.901234	-0.499029	 0.612257	 0.544117	-0.068740	 0.144350	-0.182705	 0.145155	-0.171613	 0.257932	-0.449198	-0.439424
-1.022046	-0.499029	 1.014473	 0.542366	-0.068740	 0.144350	-0.182705	 0.145155	-0.168655	 0.378724	-0.449198	 0.030365
-1.080166	-0.499029	 1.212748	 0.540409	-0.068740	 0.144350	-0.182705	 0.145155	-0.167177	 0.439120	-0.449198	 0.264259
-1.106949	-0.499029	 1.309064	 0.538354	-0.068740	 0.144350	-0.182705	 0.145155	-0.166437	 0.469318	-0.449198	-0.118794
-1.118074	-0.499029	 1.354411	 0.536253	-0.068740	 0.144350	-0.182705	 0.145155	-0.166068	 0.484417	-0.449198	-0.309317
-1.121378	-0.499029	 1.374285	 0.534135	-0.068740	 0.144350	-0.182705	 0.145155	-0.165883	 0.491966	-0.449198	-0.404579
-0.620780	-0.499029	 0.881433	 0.532012	-0.068740	 0.144350	-0.182705	 0.145155	-0.165791	-0.004259	-0.449198	 0.047791
-0.370481	-0.499029	 0.635008	 0.529890	-0.068740	 0.144350	-0.182705	 0.145155	-0.165744	-0.251371	-0.449198	 0.272975
-0.245332	-0.499029	 0.511795	 0.527774	-0.068740	 0.144350	-0.182705	 0.145155	-0.165721	 0.125074	-0.449198	 0.385567
-0.182757	-0.499029	 0.450188	 0.525665	-0.068740	 0.144350	-0.182705	 0.145155	-0.165710	 0.312293	-0.449198	 0.441863
-0.651470	-0.499029	 0.419385	 0.523563	-0.068740	 0.144350	-0.182705	 0.145155	-0.165704	 0.405902	-0.449198	 0.470011
-0.883586	-0.499029	 0.403984	 0.521469	-0.068740	 0.144350	-0.182705	 0.145155	-0.165701	 0.452707	-0.449198	 0.484085
-0.497412	-0.499029	 0.896283	 0.519383	-0.568740	 0.144350	-0.182705	-0.354845	-0.165700	 0.476109	-0.449198	 0.491122
-0.304326	-0.499029	 1.139655	 0.517306	-0.816602	 0.144350	-0.182705	-0.603135	-0.165699	 0.487810	-0.449198	 0.494641
-0.207782	-0.499029	 1.258575	 0.515237	-0.938404	 0.144350	-0.182705	-0.725578	-0.165699	 0.493661	-0.449198	 0.496400
-0.159511	-0.499029	 0.815280	 0.513176	-0.497185	 0.144350	-0.182705	-0.285103	-1.165698	-0.003414	-0.449198	-0.002720
-0.135375	-0.499029	 0.593633	 0.511123	-0.276575	 0.144350	-0.182705	-0.064865	-1.661367	-0.250950	-0.449198	-0.251277
-0.123307	-0.499029	 0.982809	 0.009079	-0.166271	 0.144350	-0.182705	 0.045253	-0.904887	-0.374718	-0.449198	 0.124445
-0.117273	-0.499029	 1.174653	-0.241944	-0.111118	 0.144350	-0.182705	 0.100313	-0.526647	-0.436602	-0.449198	 0.311306
-0.114256	-0.499029	 0.767842	 0.132545	-0.083542	 0.144350	-0.182705	 0.127843	-0.337527	 0.032456	-0.449198	-0.095264
-0.112748	-0.499029	 0.564437	 0.318776	-0.069754	 0.144350	-0.182705	 0.141607	-0.242967	 0.265982	-0.449198	-0.297545
-0.611993	-0.499029	 0.962734	 0.410881	-0.062860	 0.144350	-0.182705	 0.148490	-0.195687	 0.382745	-0.449198	-0.398686
-0.859394	-0.499029	 1.159161	 0.455927	-0.059413	 0.144350	-0.182705	 0.151931	-0.172047	 0.441126	-0.449198	-0.449256
-0.980880	-0.499029	 1.254663	 0.477449	-0.057689	 0.144350	-0.182705	 0.153652	-0.160227	 0.470317	-0.449198	-0.474541
-0.539419	-0.499029	 0.799714	-0.011791	-0.056828	 0.144350	-0.182705	 0.154512	-0.154317	 0.484912	-0.449198	 0.012816
-0.318688	-0.499029	 0.572239	-0.255408	-0.056397	 0.144350	-0.182705	 0.154942	-0.151362	 0.492210	-0.449198	 0.255494
-0.708323	-0.499029	 0.958502	 0.122783	-0.056181	 0.144350	-0.182705	 0.155157	-0.649885	 0.495859	-0.449198	 0.376834
-0.900944	-0.499029	 1.148944	 0.310877	-0.056074	 0.144350	-0.182705	 0.155265	-0.896849	 0.497683	-0.449198	 0.437503
-0.495068	-0.499029	 1.241486	 0.404923	-0.056020	 0.144350	-0.182705	 0.155318	-0.518044	-0.001405	-0.449198	 0.467838
-0.292130	-0.499029	 1.285089	 0.451947	-0.055993	 0.144350	-0.182705	 0.155345	-0.328641	-0.249948	-0.449198	 0.483005
-0.190660	-0.499029	 0.804233	 0.475459	 0.444021	 0.144350	-0.182705	-0.344641	-0.233940	-0.374219	-0.449198	-0.009411
-0.139926	-0.499029	 0.563805	 0.487214	 0.692139	 0.144350	-0.182705	-0.592945	-0.186589	-0.436355	-0.449198	-0.254615
-0.114559	-0.499029	 0.443591	 0.493092	 0.814318	 0.144350	-0.182705	-0.715415	-0.162914	-0.467423	-0.449198	-0.377218
-0.101875	-0.499029	 0.883484	 0.496031	 0.373535	 0.144350	 0.317295	-0.274974	-0.151076	 0.017043	-0.449198	 0.061481
-0.095533	-0.499029	 1.100784	 0.497501	 0.153143	 0.144350	 0.565660	-0.054753	-0.145157	 0.258273	-0.449198	 0.279830
-0.092362	-0.499029	 0.706797	 0.498236	 0.042947	 0.144350	 0.188215	 0.055357	-0.142198	-0.121112	-0.449198	 0.389005
-0.090777	-0.499029	 0.509804	 0.498603	-0.012151	 0.144350	-0.000508	 0.110412	-0.140718	-0.309803	-0.449198	 0.443592
-0.089984	-0.499029	 0.411308	-0.001213	-0.039700	 0.144350	-0.094869	 0.137940	-0.139978	 0.095851	-0.449198	-0.029114
-0.089588	-0.499029	 0.362059	-0.250119	-0.053475	 0.144350	-0.142050	 0.151703	-0.139608	 0.297675	-0.449198	-0.264464
-0.589390	-0.499029	 0.337435	 0.125427	 0.439638	 0.144350	 0.334360	-0.341415	-0.639423	 0.398587	-0.449198	 0.117861
-0.837112	-0.499029	 0.325123	 0.312199	 0.684329	 0.144350	 0.570943	-0.586305	-0.887052	 0.449043	-0.449198	 0.308024
-0.958804	-0.499029	 0.318967	 0.405585	 0.804816	 0.144350	 0.687620	-0.707087	-1.008598	 0.474271	-0.449198	 0.403105
-0.517488	-0.499029	 0.815889	 0.452278	 0.363210	 0.144350	 0.744350	-0.265823	-0.567110	 0.486885	-0.449198	 0.450645
-0.296831	-0.499029	 1.061725	 0.475624	 0.142406	 0.144350	 0.771112	-0.045191	-0.346366	 0.493192	-0.449198	 0.474416
-0.686502	-0.499029	 0.682027	-0.012703	 0.032004	 0.144350	 0.282898	 0.065126	-0.235994	 0.496346	-0.449198	 0.486301
-0.879185	-0.499029	 0.492178	-0.255864	-0.023196	 0.144350	 0.038791	 0.120284	-0.180808	 0.497923	-0.449198	 0.492243
-0.473383	-0.499029	 0.897254	 0.122555	-0.050797	 0.144350	-0.083263	-0.352137	-0.153215	-0.001289	-0.449198	-0.004785
-0.270482	-0.499029	 1.097187	 0.310763	-0.064597	 0.144350	-0.144290	-0.586699	-0.139419	-0.249894	-0.449198	-0.252296
-0.169032	-0.499029	 1.194559	 0.404867	 0.428503	 0.144350	-0.174803	-0.202337	-0.132520	 0.125804	-0.449198	 0.123948
-0.118306	-0.499029	 1.240662	 0.451919	 0.673210	 0.144350	-0.190060	-0.010156	-0.129071	 0.312650	-0.449198	 0.311070
-0.092944	-0.499029	 1.261139	 0.475445	 0.293727	 0.144350	-0.197688	 0.085934	-0.127347	 0.406073	-0.449198	 0.404631
-0.080262	-0.499029	 1.268815	 0.487208	 0.103986	 0.144350	-0.201502	 0.133980	-0.126484	 0.452784	-0.449198	 0.451412
-0.073922	-0.499029	 1.270100	 0.493089	 0.009115	 0.144350	-0.203409	 0.158002	-0.126053	 0.476140	-0.449198	 0.474802
-0.070751	-0.499029	 1.268199	 0.496030	-0.038320	 0.144350	-0.204363	 0.170014	-0.125838	 0.487818	-0.449198	 0.486497
-0.569166	-0.499029	 0.764717	 0.497500	 0.437962	 0.144350	-0.204840	 0.176019	-0.125730	 0.493656	-0.449198	 0.492345
-0.316239	-0.499029	 1.012975	 0.498236	 0.174275	 0.144350	-0.205078	 0.179022	-0.125676	 0.496576	-0.449198	 0.495269
-0.189775	-0.499029	 1.134582	 0.498603	 0.042431	 0.144350	-0.205197	 0.180524	-0.125649	 0.498036	-0.449198	 0.496730
-0.126543	-0.499029	 0.692873	 0.498787	-0.023491	 0.144350	-0.205257	 0.181274	-0.125636	 0.498766	-0.449198	 0.497461
-0.094927	-0.499029	 0.472019	 0.498879	-0.056451	 0.144350	-0.205287	 0.181650	-0.125629	 0.499130	-0.449198	 0.497827
-0.079119	-0.499029	 0.861591	 0.498925	-0.072932	 0.144350	-0.205302	 0.181837	-0.125625	-0.000687	-0.449198	 0.498010
-0.071215	-0.499029	 1.053875	 0.498948	-0.081172	 0.144350	-0.205309	 0.181931	-0.125624	-0.249595	-0.449198	 0.498101
-0.067263	-0.499029	 1.147525	 0.498959	-0.085292	 0.144350	-0.205313	 0.181978	-0.125623	-0.374049	-0.449198	 0.498147
-0.565287	-0.499029	 0.191868	 0.498965	-0.087352	 0.144350	 0.294685	 0.182001	-0.125623	 0.063724	-0.449198	 0.498170
-0.812172	-0.499029	-0.284433	 0.498968	-0.088382	 0.144350	 0.543095	 0.182013	-0.125622	 0.281608	-0.449198	 0.498181
-0.433497	-0.499029	 0.478937	 0.498969	-0.088897	 0.144350	 0.665717	 0.182019	-0.125622	 0.390550	-0.449198	-0.001813
-0.244159	-0.499029	 0.858138	 0.498970	-0.089155	 0.144350	 0.725451	 0.182022	-0.125622	 0.445021	-0.449198	-0.250807
-0.149490	-0.499029	 1.045264	 0.498970	-0.089284	 0.144350	 0.253748	 0.182023	-0.125622	 0.472256	-0.449198	 0.124696
-0.102156	-0.499029	 1.136362	 0.498971	-0.089348	 0.144350	 0.017896	 0.182024	-0.125622	 0.485874	-0.449198	 0.311448
-0.078489	-0.499029	 0.679456	 0.498971	 0.410620	 0.144350	-0.100030	 0.182025	-1.125622	 0.492683	-0.449198	 0.404823
-0.066655	-0.499029	 0.451003	 0.498971	 0.658783	 0.144350	-0.158993	 0.182025	-1.621371	 0.496087	-0.449198	 0.451511
-0.060738	-0.499029	 0.336777	 0.498971	 0.781050	 0.144350	-0.188474	 0.182025	-1.865011	 0.497789	-0.449198	 0.474855
-0.557780	-0.499029	 0.779664	 0.498971	 0.340377	 0.144350	-0.203215	 0.182025	-0.982614	 0.498640	-0.449198	 0.486527
-0.804191	-0.499029	 0.998662	 0.498971	 0.120041	 0.144350	-0.210585	 0.182025	-0.541415	 0.499066	-0.449198	 0.492363
-0.925295	-0.499029	 0.605726	 0.498971	 0.009872	 0.144350	-0.214270	 0.182025	-0.320816	-0.000721	-0.449198	 0.495281
-0.983755	-0.499029	 0.409258	 0.498971	-0.045212	 0.144350	-0.216113	 0.182025	-0.210516	-0.249614	-0.449198	 0.496740
-0.510900	-0.499029	 0.311024	 0.498971	-0.072754	-0.355650	-0.217034	 0.182025	-0.155366	 0.125940	-0.449198	 0.497469
-0.274473	-0.499029	 0.261906	 0.498971	-0.086525	-0.603939	-0.217495	 0.182025	-0.127791	 0.312714	-0.449198	 0.497834
-0.656259	-0.499029	 0.237348	 0.498971	-0.093410	-0.226378	-0.217725	 0.182025	-0.114004	-0.093899	-0.449198	 0.498016
-0.845076	-0.499029	 0.225069	 0.498971	-0.096853	-0.037598	-0.217840	 0.182025	-0.107110	-0.296205	-0.449198	 0.498108
-0.937417	-0.499029	 0.218929	 0.498971	-0.098574	 0.056792	-0.217898	 0.182025	-0.103663	-0.397358	-0.449198	 0.498153
-0.981528	-0.499029	 0.215859	 0.498971	-0.099435	 0.103987	-0.217927	 0.182025	-0.101940	-0.447934	-0.449198	 0.498176
-0.501532	-0.499029	 0.214324	 0.498971	 0.400135	 0.127584	 0.282059	 0.182025	-0.101078	 0.026778	-0.449198	 0.498187
-0.261534	 0.000971	 0.713557	 0.498971	 0.648120	 0.139383	 0.030488	 0.182025	-0.100647	 0.263131	-0.449198	 0.498193
-0.141535	 0.249969	 0.960748	 0.498971	 0.770320	 0.145282	-0.095298	 0.182025	-0.100432	 0.381307	-0.449198	 0.498196
-0.081535	-0.125532	 0.581927	 0.498971	 0.329636	 0.148232	-0.158191	 0.182025	-0.100324	 0.440395	-0.449198	 0.498197
-0.051536	-0.312280	 0.392517	 0.498971	 0.109293	 0.149707	-0.189637	 0.182025	-0.100270	 0.469939	-0.449198	 0.498198
-0.536536	 0.094345	 0.297812	 0.498971	-0.500878	 0.150444	-0.205360	 0.182025	-0.100243	 0.484712	-0.449198	-0.001802
-0.776993	 0.296656	 0.250459	 0.498971	-0.803741	 0.150813	-0.213222	 0.182025	-0.100230	 0.492098	-0.449198	-0.250798
-0.895186	 0.397812	 0.226783	 0.498971	-0.952960	 0.150997	-0.217153	 0.182025	-0.100223	 0.495791	-0.449198	-0.375296
-0.452256	-0.051610	 0.214945	 0.498971	-0.025365	 0.151089	 0.280882	 0.182025	-0.100220	 0.497637	-0.449198	 0.062455
-0.230791	-0.275319	 0.209026	 0.498971	 0.436628	 0.151136	 0.528341	 0.182025	-0.100218	 0.498560	-0.449198	 0.280330
-0.620059	 0.112826	 0.206066	 0.498971	 0.165828	 0.151159	 0.150519	 0.182025	-0.600217	-0.000978	-0.449198	-0.110732
-0.812674	 0.305897	 0.204586	 0.498971	 0.030427	 0.151170	-0.038392	 0.182025	-0.848017	-0.249746	-0.449198	-0.305260
-0.406971	-0.097568	 0.703846	 0.498971	-0.037273	 0.151176	-0.132847	 0.182025	-0.469724	 0.125870	-0.449198	 0.097476
-0.204119	-0.298298	 0.951070	 0.498971	-0.071123	 0.151179	-0.180075	 0.182025	-0.280578	 0.312675	-0.449198	 0.297844
-0.602694	-0.398663	 1.072286	 0.498971	 0.411952	 0.151180	-0.203689	 0.182025	-0.686005	-0.093923	-0.449198	 0.398028
-0.799978	-0.448846	 1.130506	 0.498971	 0.651699	 0.151181	-0.215496	 0.182025	-0.886536	-0.296220	-0.449198	 0.448120
-0.896626	-0.473937	 1.157239	 0.498971	 0.769790	 0.151181	-0.221399	 0.182025	-0.984627	-0.397369	-0.449198	 0.473166
-0.442963	-0.486483	 0.668238	 0.498971	 0.327060	 0.151181	-0.224351	 0.182025	-0.531507	 0.052056	-0.449198	 0.485689
-0.216132	-0.492755	 0.423737	 0.498971	 0.105695	 0.151182	-0.225827	 0.182025	-0.304947	 0.275766	-0.449198	 0.491950
-0.102716	-0.495892	 0.801487	 0.498971	 0.495012	 0.151182	 0.273435	 0.182025	-0.191668	 0.387621	-0.449198	 0.495081
-0.046009	-0.497460	 0.988003	 0.498971	 0.687902	 0.151182	 0.521521	 0.182025	-0.135028	 0.443548	-0.449198	 0.496646
-0.017655	-0.498244	 1.078912	 0.498971	 0.282585	 0.151182	 0.144025	 0.182025	-0.106708	 0.471512	-0.449198	 0.497429
-0.003478	-0.498636	 1.122027	 0.498971	 0.079927	 0.151182	-0.044723	 0.182025	-0.092548	 0.485494	-0.449198	 0.497820
 0.003611	 0.001168	 1.141254	 0.498971	-0.021402	 0.151182	-0.139098	 0.182025	-0.085468	 0.492485	-0.449198	 0.498016
 0.007155	 0.250068	 1.148547	 0.498971	-0.072067	 0.151182	-0.186285	 0.182025	-0.081928	 0.495980	-0.449198	 0.498114
 0.008927	 0.374518	 1.149881	 0.498971	-0.097399	 0.151182	-0.209878	 0.182025	-0.080158	 0.497728	-0.449198	 0.498163
 0.009813	 0.436743	 1.148246	 0.498971	-0.110065	 0.151182	-0.221675	 0.182025	-0.079273	 0.498602	-0.449198	 0.498187
 0.010256	 0.467855	 1.145135	 0.498971	-0.116398	 0.151182	-0.227573	 0.182025	-0.078830	 0.499039	-0.449198	 0.498199
 0.010478	-0.016588	 0.641296	 0.498971	 0.380435	 0.151182	 0.269477	 0.182025	-0.078609	 0.499257	-0.449198	 0.498205
 0.010589	-0.257808	 0.389376	 0.498971	 0.627098	 0.151182	 0.516470	 0.182025	-0.078498	 0.499367	-0.449198	 0.498208
-0.489356	 0.121582	 0.763416	 0.498971	 0.248681	 0.151182	 0.638439	 0.182025	-0.578443	 0.499421	-0.449198	 0.498210
-0.737350	 0.310275	 0.948162	 0.498971	 0.059473	 0.151182	 0.697903	 0.182025	-0.826258	 0.499449	-0.449198	 0.498211
-0.359376	 0.404621	 0.538268	 0.498971	-0.035131	 0.151182	 0.226120	 0.182025	-0.448018	 0.499462	-0.449198	 0.498211
-0.170389	 0.451795	 0.333322	 0.498971	-0.082433	 0.151182	-0.009771	 0.182025	-0.258898	 0.499469	-0.449198	 0.498211
-0.075896	 0.475381	 0.730848	 0.498971	-0.106084	 0.151182	-0.127717	 0.182025	-0.164338	 0.499472	-0.449198	 0.498211
-0.028649	 0.487175	 0.927355	 0.498971	-0.117910	 0.151182	-0.186690	 0.182025	-0.117058	 0.499474	-0.449198	 0.498211
-0.005025	 0.493071	 1.023361	 0.498971	-0.123822	 0.151182	-0.216176	 0.182025	-0.093418	 0.499475	-0.449198	 0.498211
-0.493214	 0.496020	 1.069125	 0.498971	 0.373221	 0.151182	 0.269080	 0.182025	-0.081598	 0.499475	-0.449198	 0.498211
-0.735345	 0.497494	 1.089777	 0.498971	 0.620002	 0.151182	 0.510200	 0.182025	-0.075688	 0.499476	-0.449198	 0.498211
-0.354456	 0.498231	 1.097882	 0.498971	 0.741660	-0.348818	 0.629257	 0.182025	-0.072733	 0.499476	-0.449198	 0.498211
-0.164011	 0.498600	 1.099723	 0.498971	 0.800761	-0.597121	 0.687289	 0.182025	-0.071255	 0.499476	-0.449198	 0.498211
-0.068789	-0.001216	 1.098440	 0.498971	 0.828593	-0.219581	 0.214815	 0.182025	-0.070516	 0.499476	-0.449198	 0.498211
-0.021178	-0.250122	 1.095604	 0.498971	 0.840795	-0.030811	-0.021423	 0.182025	-0.070147	 0.499476	-0.449198	 0.498211
 0.002628	-0.374575	 1.092001	 0.498971	 0.345191	 0.063574	 0.360459	 0.182025	-0.069962	 0.499476	-0.449198	 0.498211
 0.014531	-0.436801	 1.088022	 0.498971	 0.097389	 0.110766	 0.549915	 0.182025	-0.069870	 0.499476	-0.449198	 0.498211
 0.020482	-0.467915	 1.083865	 0.498971	-0.026513	 0.134362	 0.643164	 0.182025	-0.069824	 0.499476	-0.449198	 0.498211
-0.476542	-0.483471	 1.079627	 0.498971	 0.411537	 0.146161	 0.688316	 0.182025	-0.069801	 0.499476	-0.449198	 0.498211
-0.723107	-0.491250	 1.075357	 0.498971	 0.628862	 0.152060	 0.709425	 0.182025	-0.069789	 0.499476	-0.449198	 0.498211
-0.344450	-0.495139	 1.071080	-0.001029	 0.735833	 0.155009	 0.718518	 0.182025	-0.569783	-0.000524	-0.449198	 0.498211
-0.155122	-0.497083	 1.066808	-0.250027	 0.787632	 0.156484	 0.721610	 0.182025	-0.817641	-0.249523	-0.449198	 0.498211
-0.560458	 0.001944	 1.062547	 0.125474	 0.811853	 0.157221	 0.221706	 0.182025	-0.439439	 0.125977	-0.449198	-0.001789
-0.761194	 0.250456	 1.058300	 0.312222	 0.822292	 0.157590	-0.028246	 0.182025	-0.250338	 0.312725	-0.449198	-0.250785
-0.359638	-0.125288	 1.054068	 0.405597	 0.325845	 0.157774	 0.346778	 0.182025	-0.155787	 0.406098	-0.449198	 0.124717
-0.158861	-0.312158	 1.049852	 0.452284	 0.077622	 0.157866	 0.532847	 0.182025	-0.108512	 0.452785	-0.449198	 0.311467
-0.058472	-0.405593	 1.045653	 0.475627	-0.046489	 0.157913	 0.624443	 0.182025	-0.084874	 0.476129	-0.449198	 0.404843
-0.008277	 0.047690	 0.541471	 0.487299	 0.391455	 0.157936	 0.168809	 0.182025	-0.073055	 0.487800	-0.449198	 0.451530
 0.016820	 0.273329	 0.289380	 0.493135	 0.608768	 0.157947	-0.059008	 0.182025	-0.067146	 0.493636	-0.449198	 0.474874
-0.470631	-0.113851	 0.663334	 0.496053	 0.215773	 0.157953	-0.172916	 0.182025	-0.064191	 0.496554	-0.449198	 0.486546
-0.712441	-0.306439	 0.848237	 0.497512	 0.019275	 0.157956	-0.229870	 0.182025	-0.062714	 0.498013	-0.449198	 0.492382
-0.331437	 0.097267	 0.938622	 0.498241	 0.421026	 0.157957	-0.258348	 0.182025	-0.061975	 0.498743	-0.449198	 0.495300
-0.140935	 0.298118	 0.981756	 0.498606	 0.620256	 0.157958	-0.272586	 0.182025	-0.061606	 0.499107	-0.449198	 0.496759
-0.045684	-0.101457	 1.001274	 0.498789	 0.718232	 0.157958	-0.279705	 0.182025	-0.061421	 0.499290	-0.449198	 0.497488
 0.001941	-0.300242	 1.008991	 0.498880	 0.765588	 0.157958	-0.283265	 0.182025	-0.061329	 0.499381	-0.449198	 0.497853
 0.025754	-0.399635	 1.010816	 0.498925	 0.787639	 0.157959	-0.285045	 0.182025	-0.061283	 0.499426	-0.449198	 0.498035
 0.037660	 0.050669	 0.509703	 0.498948	 0.797046	 0.157959	 0.214065	 0.182025	-0.061260	 0.499449	-0.449198	 0.498127
 0.043613	 0.274819	 0.259147	 0.498960	 0.800136	 0.157959	 0.462194	 0.182025	-0.061248	 0.499461	-0.449198	 0.498172
 0.046590	 0.386894	 0.633869	 0.498965	 0.800075	 0.157959	 0.584838	 0.182025	-0.061242	 0.499466	-0.449198	 0.498195
 0.048078	 0.442932	 0.819213	 0.498968	 0.798444	 0.157959	 0.644744	 0.182025	-0.061239	 0.499469	-0.449198	 0.498206
 0.048822	 0.470950	 0.909875	 0.498970	 0.796036	 0.157959	 0.673289	 0.182025	-0.061238	 0.499471	-0.449198	 0.498212
 0.049195	 0.484960	 0.953206	 0.498970	 0.793244	 0.157959	 0.686157	 0.182025	-0.061237	 0.499471	-0.449198	 0.498215
 0.049381	-0.008036	 0.972878	 0.498971	 0.290267	 0.157959	 0.691193	 0.182025	-0.061237	 0.499472	-0.449198	-0.001784
 0.049474	-0.253531	 0.980729	 0.498971	 0.038779	 0.157959	 0.692319	 0.182025	-0.061237	 0.499472	-0.449198	-0.250779
 0.049520	-0.376279	 0.982677	 0.498971	-0.086966	 0.157959	 0.191495	 0.182025	-0.061237	 0.499472	-0.449198	 0.124723
 0.049543	-0.437653	 0.981682	 0.498971	-0.149838	 0.157959	-0.058917	 0.182025	-0.061237	 0.499472	-0.449198	 0.311473
 0.049555	-0.468340	 0.979223	 0.498971	-0.181274	 0.157959	-0.184123	 0.182025	-0.061237	 0.499472	-0.449198	 0.404849
 0.049561	-0.483683	 0.976040	 0.498971	 0.303008	 0.157959	-0.246726	 0.182025	-0.061237	 0.499472	-0.449198	 0.451536
 0.049564	-0.491355	 0.972503	 0.498971	 0.543575	 0.157959	-0.278028	 0.182025	-0.061237	 0.499472	-0.449198	 0.474880
 0.049565	 0.004809	 0.968796	 0.498971	 0.662290	 0.157959	 0.206321	 0.182025	-0.061237	 0.499472	-0.449198	-0.013448
 0.049566	 0.251889	 0.965013	 0.498971	 0.720085	 0.157959	 0.447115	 0.182025	-0.061237	 0.499472	-0.449198	-0.256608
 0.049566	 0.375429	 0.461199	 0.498971	 0.247427	 0.157959	 0.066136	 0.182025	-0.061237	-0.000528	-0.449198	 0.121811
 0.049566	 0.437199	 0.209292	 0.498971	 0.011098	 0.157959	-0.124354	 0.182025	-0.061237	-0.249527	-0.449198	 0.310021
-0.450433	-0.031916	 0.583338	 0.498971	 0.392934	 0.157959	-0.219599	 0.182025	-0.061237	 0.125974	-0.449198	 0.404125
-0.698533	-0.265471	 0.768446	 0.498971	 0.582302	 0.157959	-0.267221	 0.182025	-0.061237	 0.312721	-0.449198	 0.451178
-0.820689	-0.382249	 0.859094	 0.498971	 0.675442	 0.157959	-0.291032	 0.182025	-0.061237	 0.406095	-0.449198	 0.474704
-0.379881	 0.059362	 0.902518	 0.498971	 0.720476	 0.157959	-0.302938	 0.182025	-0.061237	 0.452781	-0.449198	 0.486467
-0.159478	 0.279166	 0.922338	 0.498971	 0.741461	 0.157959	-0.308891	 0.182025	-0.061237	 0.476125	-0.449198	 0.492349
-0.049276	 0.389068	 0.930364	 0.498971	 0.750429	-0.342041	-0.311867	 0.182025	-0.061237	 0.487797	-0.449198	 0.495289
 0.005825	 0.444019	 0.932500	 0.498971	 0.753394	-0.590357	-0.313355	 0.182025	-0.061237	 0.493632	-0.449198	 0.496760
 0.033376	 0.471494	 0.931698	 0.498971	 0.753364	-0.212838	-0.314100	 0.182025	-0.061237	 0.496550	-0.449198	 0.497495
 0.047151	 0.485232	 0.929436	 0.498971	 0.751842	-0.024078	-0.314472	 0.182025	-0.061237	 0.498009	-0.449198	 0.497863
 0.054039	-0.007899	 0.426451	 0.498971	 0.749581	 0.070302	 0.185342	 0.182025	-0.061237	 0.498739	-0.449198	 0.498046
 0.057482	-0.253463	 0.174958	 0.498971	 0.746956	 0.117492	 0.433879	 0.182025	-0.061237	 0.499104	-0.449198	 0.498138
 0.059204	-0.376245	 0.049211	 0.498971	 0.744154	 0.141087	 0.556783	 0.182025	-0.061237	 0.499286	-0.449198	 0.498184
 0.060065	 0.062364	 0.486338	 0.498971	 0.741271	 0.152884	 0.616875	 0.182025	-0.061237	 0.499377	-0.449198	 0.498207
 0.060496	 0.280667	 0.703055	 0.498971	 0.738352	 0.158783	 0.645567	 0.182025	-0.061237	 0.499423	-0.449198	 0.498219
 0.060711	 0.389818	 0.809573	 0.498971	 0.735422	 0.161732	 0.658565	 0.182025	-0.061237	 0.499445	-0.449198	 0.498224
 0.060819	 0.444394	 0.861000	 0.498971	 0.732492	 0.163207	 0.663720	 0.182025	-0.061237	 0.499457	-0.449198	 0.498227
 0.060872	 0.471682	 0.884889	 0.498971	 0.729568	 0.163944	 0.164961	 0.182025	-0.061237	 0.499463	-0.449198	 0.498229
 0.060899	 0.485326	 0.895016	 0.498971	 0.726653	 0.164313	-0.084419	 0.182025	-0.061237	 0.499465	-0.449198	 0.498229
 0.060913	 0.492148	 0.898269	 0.498971	 0.723748	-0.335503	-0.209109	 0.182025	-0.061237	 0.499467	-0.449198	 0.498230
 0.060920	 0.495559	 0.898093	 0.498971	 0.720853	-0.583740	-0.271454	 0.182025	-0.061237	 0.499468	-0.449198	 0.498230
 0.060923	 0.497264	 0.896209	 0.498971	 0.717970	-0.706195	-0.302627	 0.182025	-0.061237	 0.499468	-0.449198	 0.498230
-0.439075	-0.001883	 0.893478	 0.498971	 0.215099	-0.265765	-0.318213	 0.182025	-0.061237	-0.000532	-0.449198	 0.498230
-0.687196	-0.250455	 0.890331	 0.498971	-0.036337	-0.045550	-0.326006	 0.182025	-0.061237	-0.249531	-0.449198	 0.498230
-0.309386	 0.125260	 0.886983	 0.498971	 0.337945	 0.064558	-0.329903	 0.182025	-0.061237	 0.125970	-0.449198	 0.498230
-0.120481	 0.312115	 0.883542	 0.498971	 0.523661	 0.119612	-0.331851	 0.182025	-0.061237	 0.312717	-0.449198	 0.498230
-0.526029	 0.405542	 0.380061	 0.498971	 0.615101	 0.147138	-0.332825	 0.182025	-0.061237	 0.406091	-0.449198	 0.498230
-0.726939	 0.452256	 0.128321	 0.498971	 0.659408	 0.160902	-0.333312	 0.182025	-0.061237	 0.452778	-0.449198	 0.498230
-0.325539	 0.475613	 0.502451	 0.498971	 0.680153	 0.167784	-0.333556	 0.182025	-0.061237	 0.476121	-0.449198	 0.498230
-0.124839	 0.487291	 0.687762	 0.498971	 0.689125	 0.171224	-0.333678	 0.182025	-0.061237	 0.487793	-0.449198	 0.498230
-0.024489	 0.493131	 0.778672	 0.498971	 0.692214	 0.172945	-0.333738	 0.182025	-0.061237	 0.493629	-0.449198	 0.498230
-0.474314	-0.003950	 0.322388	 0.498971	 0.692368	 0.173805	 0.166231	 0.182025	-0.061237	-0.003453	-0.449198	 0.498230
-0.697378	-0.251488	 0.094246	 0.498971	 0.691060	 0.174235	 0.414883	 0.182025	-0.061237	-0.250993	-0.449198	 0.498230
-0.307069	 0.124743	 0.480175	 0.498971	 0.689027	 0.174450	 0.037883	 0.182025	-0.061237	 0.125237	-0.449198	 0.498230
-0.111915	 0.311857	 0.671407	 0.498971	 0.686636	 0.174558	-0.150618	 0.182025	-0.061237	 0.312349	-0.449198	 0.498230
-0.014337	-0.094587	 0.765298	 0.498971	 0.684072	 0.174612	-0.244868	 0.182025	-0.061237	 0.405905	-0.449198	 0.498230
 0.034451	-0.296806	 0.810525	 0.498971	 0.681427	 0.174638	-0.291993	 0.182025	-0.061237	 0.452683	-0.449198	 0.498230
 0.058846	 0.102084	 0.831427	 0.498971	 0.678747	 0.174652	 0.184444	 0.182025	-0.061237	 0.476072	-0.449198	 0.498230
 0.071043	 0.300527	 0.840173	 0.498971	 0.676055	 0.174659	 0.421341	 0.182025	-0.061237	 0.487766	-0.449198	 0.498230
 0.077141	 0.399749	 0.842849	 0.498971	 0.673362	 0.174662	 0.538473	 0.182025	-0.061237	 0.493614	-0.449198	 0.498230
-0.419809	 0.449360	 0.842495	 0.498971	 0.170674	 0.174664	 0.095728	 0.182025	-0.061237	 0.496537	-0.449198	-0.001770
-0.666451	 0.474165	 0.840634	 0.498971	-0.080670	 0.174664	-0.125645	 0.182025	-0.061237	 0.497999	-0.449198	-0.250766
-0.787946	 0.486568	 0.838026	 0.498971	 0.293659	 0.174665	-0.236331	 0.182025	-0.061237	 0.498730	-0.449198	 0.124735
-0.846875	 0.492769	 0.835051	 0.498971	 0.479487	 0.174665	-0.291674	 0.182025	-0.061237	 0.499095	-0.449198	 0.311486
-0.374527	 0.495870	 0.831900	-0.001029	 0.571070	 0.174665	 0.180654	 0.182025	-0.061237	 0.499278	-0.449198	 0.404861
-0.138353	 0.497420	 0.828666	-0.250027	 0.615536	 0.174665	 0.415513	 0.182025	-0.061237	 0.499369	-0.449198	 0.451549
-0.020267	 0.498195	 0.825399	 0.125474	 0.636450	 0.174665	 0.031641	 0.182025	-0.061237	 0.499415	-0.449198	 0.474893
 0.038777	 0.498583	 0.822121	 0.312223	 0.645591	 0.174665	-0.160295	 0.182025	-0.061237	 0.499438	-0.449198	 0.486564
 0.068299	 0.498777	 0.818844	 0.405597	 0.648853	 0.174665	-0.256263	 0.182025	-0.061237	 0.499449	-0.449198	 0.492400
 0.083059	 0.498873	 0.815575	 0.452284	 0.149179	-0.325335	-0.304247	 0.182025	-0.061237	 0.499455	-0.449198	 0.495318
 0.090440	 0.498922	 0.812315	 0.475628	-0.100657	-0.573684	-0.328239	 0.182025	-0.061237	 0.499458	-0.449198	 0.496777
 0.094130	 0.498946	 0.809068	 0.487299	 0.274424	-0.196215	-0.340235	 0.182025	-0.061237	 0.499459	-0.449198	 0.497507
 0.095975	 0.498958	 0.805832	 0.493135	 0.460666	-0.007480	-0.346233	 0.182025	-0.061237	 0.499460	-0.449198	 0.497872
 0.096898	 0.498964	 0.802609	 0.496053	 0.552493	 0.086887	 0.150768	 0.182025	-0.561237	 0.499460	-0.449198	 0.498054
 0.097359	 0.498967	 0.799399	 0.497512	 0.597118	 0.134071	 0.397973	 0.182025	-0.809114	 0.499461	-0.449198	 0.498145
 0.097590	 0.498969	 0.796201	 0.498242	 0.618147	 0.157663	 0.020285	 0.182025	-0.430939	 0.499461	-0.449198	 0.498191
 0.097705	 0.498970	 0.793017	 0.498606	 0.627383	 0.169459	-0.168558	 0.182025	-0.241851	 0.499461	-0.449198	 0.498214
 0.097763	 0.498970	 0.789845	 0.498789	 0.630728	 0.175357	-0.262980	 0.182025	-0.147307	 0.499461	-0.449198	 0.498225
 0.097791	 0.498970	 0.286685	 0.498880	 0.631132	 0.178306	 0.189809	 0.182025	-0.100036	 0.499461	-0.449198	 0.498231
 0.097806	 0.498970	 0.035105	 0.498926	 0.630071	 0.179780	 0.414918	 0.182025	-0.076400	 0.499461	-0.449198	 0.498233
 0.097813	 0.498970	 0.409316	 0.498948	 0.628283	 0.180518	 0.026192	 0.182025	-0.064582	 0.499461	-0.449198	 0.498235
 0.097817	 0.498970	 0.594854	 0.498960	 0.626136	 0.180886	-0.168170	 0.182025	-0.058673	 0.499461	-0.449198	 0.498236
 0.097818	 0.498970	 0.686062	-0.001035	 0.623814	 0.181070	 0.234648	 0.182025	-0.055718	 0.499461	-0.449198	 0.498236
 0.097819	 0.498970	 0.730111	-0.250030	 0.621410	 0.181163	 0.434783	 0.182025	-0.054241	 0.499461	-0.449198	 0.498236
 0.097820	 0.498970	 0.750588	 0.125473	 0.618970	 0.181209	 0.533580	 0.182025	-0.053502	 0.499461	-0.449198	 0.498236
 0.097820	 0.498970	 0.759284	 0.312222	 0.616517	 0.181232	 0.581714	 0.182025	-0.053133	 0.499461	-0.449198	 0.498236
 0.097820	 0.498970	 0.762096	 0.405597	 0.614063	 0.181243	 0.604521	 0.182025	-0.052948	 0.499461	-0.449198	 0.498236
 0.097820	-0.001030	 0.761972	 0.452284	 0.611612	 0.181249	 0.114670	 0.182025	-0.052856	 0.499461	-0.449198	 0.498236
 0.097820	-0.250028	 0.760387	 0.475628	 0.609169	 0.181252	-0.130255	 0.182025	-0.052810	 0.499461	-0.449198	 0.498236
 0.097820	 0.125473	 0.758076	 0.487300	 0.606733	 0.181253	 0.247282	 0.182025	-0.052787	 0.499461	-0.449198	 0.498236
 0.097820	 0.312222	 0.755410	 0.493135	 0.604307	 0.181254	 0.434801	 0.182025	-0.052775	 0.499461	-0.449198	 0.498236
 0.097820	 0.405596	 0.752571	 0.496053	 0.601890	 0.181254	 0.527316	 0.182025	-0.052769	 0.499461	-0.449198	 0.498236
 0.097820	 0.452283	 0.749652	 0.497512	 0.599483	 0.181255	 0.572334	 0.182025	-0.052767	 0.499461	-0.449198	 0.498236
 0.097820	 0.475627	 0.246699	 0.498242	 0.097085	 0.181255	 0.593608	 0.182025	-0.052765	 0.499461	-0.449198	-0.001764
 0.097820	 0.487299	-0.004777	 0.498607	-0.154114	 0.181255	 0.603015	 0.182025	-0.052764	 0.499461	-0.449198	-0.250760
 0.097820	 0.493135	 0.369484	 0.498789	 0.220287	 0.181255	-0.393506	 0.182025	-0.052764	 0.499461	-0.449198	 0.124742
 0.097820	 0.496053	 0.555128	 0.498880	 0.406298	 0.181255	-0.888987	 0.182025	-0.052764	 0.499461	-0.449198	 0.311492
 0.097820	 0.497512	 0.646468	 0.498926	 0.498118	 0.181255	-1.133958	 0.182025	-0.052764	 0.499461	-0.449198	 0.404867
 0.097820	 0.498241	 0.190662	 0.498949	 0.542849	 0.181255	-0.253686	 0.182025	-0.052764	 0.499461	-0.449198	 0.451555
 0.097820	 0.498606	-0.037240	 0.498960	 0.564039	 0.181255	 0.185197	 0.182025	-0.052764	 0.499461	-0.449198	 0.474899
-0.402180	 0.498788	 0.348808	 0.498966	 0.573464	 0.181255	 0.403391	-0.317975	-0.052764	 0.499461	-0.449198	 0.486570
-0.650375	 0.498879	 0.540363	 0.498969	 0.577010	 0.181255	 0.511244	-0.566339	-0.052764	 0.499461	-0.449198	 0.492406
-0.272676	 0.498925	 0.634676	 0.498970	 0.577622	 0.181255	 0.563933	-0.188892	-0.052764	 0.499461	-0.449198	-0.004676
-0.083826	 0.498948	 0.680375	 0.498971	 0.576772	 0.181255	 0.589044	-0.000168	-0.052764	 0.499461	-0.449198	-0.252213
