-0.250956	 0.499495	 0.498175	 0.816687	 1.130653	 0.201663	 0.498858	 0.179066	 0.055215	 0.485681	-0.449198	 0.498306
-0.375212	 0.499495	 0.498175	 0.813420	 0.751284	 0.201617	 0.498858	 0.179066	 0.055215	 0.492535	-0.449198	 0.498306
-0.437340	 0.499495	 0.498175	 0.810167	 0.561599	 0.201594	 0.498858	 0.179066	 0.055215	 0.495962	-0.449198	 0.498306
-0.468404	 0.499495	 0.498175	 0.806926	 0.466757	 0.201582	 0.498858	 0.179066	 0.055215	 0.497676	-0.449198	 0.498306
 0.016065	 0.499495	 0.498175	 0.803698	 0.419335	 0.201576	 0.498858	 0.179066	 0.055215	-0.001468	-0.449198	 0.498306
 0.257297	 0.499495	 0.498175	 0.800484	 0.395625	 0.201573	 0.498858	 0.179066	 0.055215	-0.250038	-0.449198	 0.498306
-0.122086	 0.499495	 0.498175	 0.797282	 0.883770	 0.201572	 0.498858	 0.179066	 0.055215	 0.125677	-0.449198	 0.498306
-0.310775	 0.499495	 0.498175	 0.794093	 1.125098	 0.201571	 0.498858	 0.179066	 0.055215	 0.312531	-0.449198	 0.498306
-0.405119	 0.499495	 0.498175	 0.790916	 0.743029	 0.201571	 0.498859	 0.179066	 0.055215	-0.094041	-0.449198	 0.498306
-0.452292	 0.499495	 0.498175	 0.787753	 0.551995	 0.201571	 0.498859	 0.179066	 0.055215	-0.296326	-0.449198	 0.498306
 0.024122	 0.499495	 0.498175	 0.784602	 0.956478	 0.201571	 0.498859	 0.179066	 0.055215	 0.102531	-0.449198	 0.498306
 0.261328	 0.499495	 0.498175	 0.781463	 1.155998	 0.201571	 0.498859	 0.179066	 0.055215	 0.300957	-0.449198	 0.498306
 0.379931	 0.499495	 0.498175	 0.778337	 1.253046	 0.201571	 0.498859	 0.179066	 0.055215	 0.400170	-0.449198	 0.498306
-0.060767	 0.499495	 0.498175	 0.775224	 0.798870	 0.201571	 0.498859	 0.179066	 0.055215	 0.449776	-0.449198	 0.498306
-0.280114	 0.499495	 0.498175	 0.772123	 0.571783	 0.201571	 0.498859	 0.179066	 0.055215	 0.474580	-0.449198	 0.498306
 0.110213	 0.499495	 0.498175	 0.769035	 0.958239	 0.201571	 0.498859	 0.179066	 0.055215	 0.486981	-0.449198	 0.498306
 0.304376	 0.499495	 0.498175	 0.765958	 1.148777	 0.201571	 0.498859	 0.179066	 0.055215	 0.493182	-0.449198	 0.498306
-0.098543	 0.499495	 0.498175	 0.762895	 1.241368	 0.201571	 0.498859	 0.179066	 0.055215	-0.003718	-0.449198	 0.498306
-0.299000	 0.499495	 0.498175	 0.759843	 1.284995	 0.201571	 0.498859	 0.179066	 0.055215	-0.251166	-0.449198	 0.498306
 0.100772	 0.499495	 0.498175	 0.756804	 1.304152	-0.298429	 0.498859	 0.179066	 0.055215	 0.125110	-0.449198	 0.498306
 0.299657	 0.499495	 0.498175	 0.753776	 1.311083	-0.546833	 0.498859	 0.179066	 0.055215	 0.312245	-0.449198	 0.498306
 0.399099	 0.499495	 0.498175	 0.750761	 1.311913	-0.669444	 0.498859	 0.179066	 0.055215	 0.405812	-0.449198	 0.498306
-0.051180	 0.499495	 0.498175	 0.747758	 0.809703	-0.229165	 0.498859	 0.179066	 0.055215	 0.452596	-0.449198	 0.498306
-0.275316	 0.499495	 0.498175	 0.744767	 0.558597	-0.009026	 0.498859	 0.179066	 0.055215	 0.475988	-0.449198	 0.498306
 0.112616	 0.499495	 0.498175	 0.741788	 0.433045	 0.101044	 0.498859	 0.179066	 0.055215	 0.487684	-0.449198	 0.498306
 0.305580	 0.499495	 0.498175	 0.738821	 0.370268	 0.156079	 0.498859	 0.179066	 0.055215	 0.493532	-0.449198	 0.498306
-0.097937	 0.499495	 0.498175	 0.735866	 0.838880	 0.183596	 0.498859	 0.179066	 0.055215	-0.003544	-0.449198	 0.498306
-0.298693	 0.499495	 0.498175	 0.732922	 1.070571	 0.197355	 0.498859	 0.179066	 0.055215	-0.251081	-0.449198	 0.498306
 0.100929	 0.499495	 0.498175	 0.729991	 1.183812	 0.204234	 0.498859	 0.179066	 0.055215	-0.374849	-0.449198	 0.498306
 0.299739	 0.499495	 0.498175	 0.727071	 1.237838	 0.207674	 0.498859	 0.179066	 0.055215	-0.436734	-0.449198	 0.498306
 0.399144	 0.499495	 0.498175	 0.724162	 1.262268	 0.209394	 0.498859	 0.179066	 0.055215	-0.467676	-0.449198	 0.498306
 0.448846	 0.499495	 0.498175	 0.721266	 0.771909	 0.210254	 0.498859	 0.179066	 0.055215	 0.016853	-0.449198	 0.498306
 0.473698	 0.499495	 0.498175	 0.718381	 0.526730	 0.210683	 0.498859	 0.179066	 0.055215	 0.258115	-0.449198	 0.498306
-0.013877	 0.499495	 0.498175	 0.715507	 0.404140	 0.210898	 0.498859	 0.179066	 0.055215	 0.378746	-0.449198	 0.498306
-0.256661	 0.499495	 0.498175	 0.712645	 0.342845	 0.211006	 0.498859	 0.179066	 0.055215	 0.439061	-0.449198	 0.498306
 0.121947	 0.499495	 0.498175	 0.709794	 0.312198	 0.211060	 0.498859	 0.179066	 0.055215	 0.469219	-0.449198	-0.001694
 0.310250	 0.499495	 0.498175	 0.706955	 0.296874	 0.211087	 0.498859	 0.179066	 0.055215	 0.484298	-0.449198	-0.250690
 0.404401	 0.499495	 0.498175	 0.704127	 0.289212	 0.211100	-0.001141	 0.179066	 0.055215	 0.491837	-0.449198	 0.124811
 0.451477	 0.499495	 0.498175	 0.701311	 0.285381	 0.211107	-0.250139	 0.179066	 0.055215	 0.495607	-0.449198	 0.311561
 0.475015	 0.499495	 0.498175	 0.698506	 0.283466	 0.211110	-0.374638	 0.179066	 0.055215	 0.497492	-0.449198	 0.404937
-0.013217	 0.499495	 0.498175	 0.695712	 0.782508	 0.211112	 0.063113	 0.179066	 0.055215	 0.498434	-0.449198	 0.451624
-0.256329	 0.499495	 0.498175	 0.692929	 1.029466	 0.211113	 0.280986	 0.179066	 0.055215	 0.498906	-0.449198	 0.474968
 0.122114	 0.499495	 0.498175	 0.690157	 0.650392	 0.211113	-0.110077	 0.179066	 0.055215	 0.499141	-0.449198	 0.486640
 0.310335	 0.499495	 0.498175	 0.687397	 0.460856	 0.211113	-0.304606	 0.179066	 0.055215	 0.499259	-0.449198	 0.492476
-0.095554	 0.499495	 0.498175	 0.684647	 0.866087	 0.211113	 0.098129	 0.179066	 0.055215	 0.499318	-0.449198	 0.495394
-0.297496	 0.499495	 0.498175	 0.681908	 1.066160	 0.211113	 0.298495	 0.179066	 0.055215	 0.499347	-0.449198	 0.496853
 0.101533	 0.499495	 0.498175	 0.679181	 1.163664	 0.211113	 0.398678	 0.179066	 0.055215	-0.000638	-0.449198	 0.497582
 0.300046	 0.499495	 0.498175	 0.676464	 1.209894	 0.211113	 0.448769	 0.179066	 0.055215	-0.249629	-0.449198	 0.497947
 0.399303	 0.499495	 0.498175	 0.673758	 1.230497	 0.211113	 0.473815	 0.179066	 0.055215	-0.374125	-0.449198	 0.498129
 0.448931	 0.499495	 0.498175	 0.671063	 1.238296	 0.711113	 0.486338	 0.179066	 0.055215	 0.063627	-0.449198	 0.498221
 0.473745	 0.499495	 0.498175	 0.668379	 1.239703	 0.958691	 0.492599	 0.179066	 0.055215	 0.281500	-0.449198	 0.498266
-0.013848	 0.499495	 0.498175	 0.165705	 1.237925	 1.080068	 0.495730	 0.179066	 0.055215	 0.390437	-0.449198	 0.498289
-0.256641	 0.499495	 0.498175	-0.085631	 1.234563	 1.138353	 0.497295	 0.179066	 0.055215	 0.444905	-0.449198	 0.498300
 0.121962	 0.499495	 0.498175	-0.211300	 1.230420	 0.665102	 0.498078	 0.179066	 0.055215	 0.472140	-0.449198	 0.498306
 0.310262	 0.499495	 0.498175	-0.274134	 1.225896	 0.428477	 0.498469	 0.179066	 0.055215	 0.485757	-0.449198	 0.498309
 0.404413	 0.499495	 0.498175	 0.194449	 1.221191	 0.810164	 0.498665	 0.179066	 0.055215	 0.492565	-0.449198	 0.498310
 0.451488	 0.499495	 0.498175	 0.427414	 1.216405	 0.998624	 0.498763	 0.179066	 0.055215	 0.495969	-0.449198	 0.498311
 0.475025	 0.499495	 0.498175	 0.542576	 1.211590	 1.090480	 0.498812	 0.179066	 0.055215	 0.497672	-0.449198	 0.498311
 0.486794	 0.499495	 0.498175	 0.598842	 1.206768	 0.634043	-0.001164	 0.179066	 0.055215	 0.498523	-0.449198	 0.498312
 0.492679	 0.499495	 0.498175	 0.625664	 1.201953	 0.405825	-0.250149	 0.179066	 0.055215	 0.498948	-0.449198	 0.498312
 0.495621	 0.499495	 0.498175	 0.637771	 1.197152	 0.291716	 0.125358	 0.179066	 0.055215	 0.499161	-0.449198	 0.498312
 0.497092	 0.499495	 0.498175	 0.642524	 1.192366	 0.234661	 0.312110	 0.179066	 0.055215	 0.499267	-0.449198	 0.498312
-0.002173	 0.499495	 0.498175	 0.643606	 1.187598	 0.206134	 0.405486	 0.179066	 0.055215	 0.499321	-0.449198	 0.498312
-0.250802	 0.499495	 0.498175	 0.642858	 1.182849	 0.191870	 0.452174	 0.179066	 0.055215	 0.499347	-0.449198	 0.498312
 0.124883	 0.499495	 0.498175	 0.641199	 1.178118	 0.184738	-0.024482	 0.179066	-0.444785	 0.499360	-0.449198	 0.498312
 0.311725	 0.499495	 0.498175	 0.639091	 1.173405	 0.181172	-0.261808	 0.179066	-0.692896	 0.499367	-0.449198	 0.498312
 0.405146	 0.499495	 0.498175	 0.636763	 1.168712	 0.179389	 0.119529	 0.179066	-0.315069	 0.499370	-0.449198	 0.498312
 0.451856	 0.499495	 0.498175	 0.634330	 1.164037	 0.178498	 0.309196	 0.179066	-0.126155	 0.499372	-0.449198	 0.498312
 0.475211	 0.499495	 0.498175	 0.631850	 1.159381	 0.178052	 0.404029	 0.179066	-0.031699	 0.499373	-0.449198	 0.498312
 0.486889	 0.499495	 0.498175	 0.629351	 0.654743	 0.177829	-0.048554	 0.179066	 0.015530	 0.499373	-0.449198	 0.498312
 0.492728	 0.499495	 0.498175	 0.626848	 0.402425	 0.177718	-0.273843	 0.179066	 0.039144	 0.499374	-0.449198	 0.498312
 0.495647	 0.499495	 0.498175	 0.624348	 0.776265	 0.177662	 0.113512	 0.179066	 0.050951	 0.499374	-0.449198	 0.498312
 0.497107	 0.499495	 0.498175	 0.621854	 0.960885	 0.177634	 0.306188	 0.179066	 0.056855	 0.499374	-0.449198	 0.498312
 0.497837	 0.499495	 0.498175	 0.619368	 1.050904	 0.177620	 0.402526	 0.179066	 0.059806	-0.000626	-0.449198	 0.498312
 0.498201	 0.499495	 0.498175	 0.616892	 1.093632	 0.177613	 0.450695	 0.179066	 0.061282	-0.249625	-0.449198	 0.498312
 0.498384	 0.499495	 0.498175	 0.614424	 1.112723	 0.177610	 0.474779	 0.179066	 0.062020	 0.125876	-0.449198	 0.498312
 0.498475	 0.499495	 0.498175	 0.611967	 1.120005	 0.177608	 0.486822	 0.179066	 0.062389	 0.312623	-0.449198	 0.498312
 0.498521	 0.499495	 0.498175	 0.609519	 1.121392	 0.177607	 0.492843	 0.179066	 0.062574	 0.405997	-0.449198	 0.498312
-0.001456	 0.499495	 0.498175	 0.607081	 0.619839	-0.322393	-0.004147	 0.179066	 0.062666	-0.047316	-0.449198	 0.498312
-0.250442	 0.499495	 0.498175	 0.604653	 0.369063	-0.570748	-0.251639	 0.179066	 0.062712	-0.272971	-0.449198	 0.498312
 0.125065	 0.499495	 0.498175	 0.102234	 0.243675	-0.193288	 0.124615	 0.179066	 0.062735	 0.114201	-0.449198	 0.498312
 0.311817	 0.499495	 0.498175	-0.148975	 0.180981	-0.004558	 0.311740	 0.179066	 0.062747	 0.306784	-0.449198	 0.498312
-0.094806	 0.499495	 0.498175	 0.225420	 0.149634	 0.089807	-0.094698	 0.179066	 0.062752	 0.403076	-0.449198	-0.001688
-0.297115	 0.499495	 0.498175	 0.411418	 0.133960	 0.136990	-0.296914	 0.179066	 0.062755	 0.451222	-0.449198	-0.250685
 0.101730	 0.499495	 0.498175	 0.003223	 0.626124	 0.160581	-0.398022	 0.179066	 0.062757	 0.475295	-0.449198	 0.124817
 0.300152	 0.499495	 0.498175	-0.200875	 0.869969	 0.172377	-0.448576	 0.179066	 0.062757	 0.487331	-0.449198	 0.311567
 0.399362	 0.499495	 0.498175	-0.302924	 0.989664	 0.178275	-0.473853	 0.179066	 0.062758	 0.493350	-0.449198	 0.404942
 0.448968	 0.499495	 0.498175	 0.146051	 0.547292	 0.181224	 0.013508	 0.179066	 0.062758	 0.496359	-0.449198	 0.451630
 0.473771	 0.499495	 0.498175	 0.369349	 0.326107	 0.182698	 0.256187	 0.179066	 0.062758	 0.497863	-0.449198	 0.474973
 0.486172	 0.499495	 0.498175	 0.479813	 0.215514	 0.183435	 0.377527	 0.179066	 0.062758	 0.498615	-0.449198	 0.486645
 0.492373	 0.499495	 0.498175	 0.533864	 0.160217	 0.183804	 0.438196	 0.179066	 0.062758	 0.498992	-0.449198	 0.492481
-0.004527	 0.499495	 0.498175	 0.559714	 0.632569	 0.183988	 0.468531	 0.179066	 0.062758	 0.499180	-0.449198	 0.495399
-0.251974	 0.499495	 0.498175	 0.571467	 0.866535	 0.184080	 0.483699	 0.179066	 0.062758	 0.499274	-0.449198	 0.496858
 0.124302	 0.499495	 0.498175	 0.576178	 0.981317	 0.184126	 0.491282	 0.179066	 0.062758	 0.499321	-0.449198	 0.497588
 0.311440	 0.499495	 0.498175	 0.577371	 1.036516	 0.184149	 0.495074	 0.179066	 0.062758	 0.499344	-0.449198	 0.497952
 0.405008	 0.499495	 0.498175	 0.576811	 1.061932	 0.184161	 0.496970	 0.179066	 0.062758	 0.499356	-0.449198	 0.498135
 0.451792	 0.499495	 0.498175	 0.575378	 0.572465	 0.184167	 0.497918	 0.179066	 0.062758	 0.499362	-0.449198	 0.498226
 0.475185	 0.499495	 0.498175	 0.573514	 0.327732	 0.184170	 0.498392	 0.179066	 0.062758	 0.499365	-0.449198	 0.498272
 0.486881	 0.499495	 0.498175	 0.571438	 0.705365	 0.184171	 0.498629	 0.179066	 0.062758	 0.499366	-0.449198	 0.498294
 0.492729	 0.499495	 0.498175	 0.569262	 0.892016	 0.184172	 0.498748	 0.179066	 0.062758	 0.499367	-0.449198	 0.498306
-0.004347	 0.499495	 0.498175	 0.567040	 0.983184	 0.184172	 0.498807	 0.179066	 0.062758	-0.000633	-0.449198	 0.498311
-0.251882	 0.499495	 0.498175	 0.564799	 1.026619	 0.184172	 0.498836	 0.179066	 0.062758	-0.249631	-0.449198	 0.498314
-0.375650	 0.499495	 0.498175	 0.562553	 1.046197	 0.184172	-0.001149	 0.179066	 0.562758	-0.374130	-0.449198	-0.001684
-0.437534	 0.499495	 0.498175	 0.560310	 1.053854	 0.184172	-0.250139	 0.179066	 0.810633	-0.436380	-0.449198	-0.250680
 0.031524	 0.499495	 0.498175	 0.558072	 0.555560	 0.184172	 0.125366	 0.179066	-0.067547	 0.032495	-0.449198	 0.124822
 0.265052	 0.499495	 0.498175	 0.555841	 0.306412	 0.184172	 0.312116	 0.179066	-0.504746	 0.265930	-0.449198	 0.311572
 0.381816	 0.499495	 0.498175	 0.053619	 0.681839	 0.184172	 0.405492	 0.179066	-0.221461	 0.382647	-0.449198	 0.404947
 0.440198	 0.499495	 0.498175	-0.197492	 0.867438	 0.184172	 0.452180	 0.179066	-0.079819	 0.441006	-0.449198	 0.451635
 0.469389	 0.499495	 0.498175	 0.176952	 0.958131	 0.184172	 0.475523	 0.179066	-0.008997	 0.470185	-0.449198	 0.474979
 0.483985	 0.499495	 0.498175	 0.363071	 1.001380	 0.184172	 0.487195	 0.179066	 0.026413	 0.484775	-0.449198	 0.486651
 0.491282	 0.499495	 0.498175	 0.455033	 1.020915	 0.184172	 0.493031	 0.179066	 0.044118	 0.492070	-0.449198	 0.492487
 0.494931	 0.499495	 0.498175	 0.499919	 1.028602	 0.184172	 0.495949	 0.179066	 0.052971	 0.495717	-0.449198	 0.495405
 0.496756	 0.499495	 0.498175	 0.521273	 1.030373	 0.184172	 0.497408	 0.179066	 0.057397	 0.497541	-0.449198	 0.496864
-0.002332	 0.499495	 0.498175	 0.530865	 1.029194	 0.184172	 0.498138	 0.179066	 0.059611	-0.001547	-0.449198	 0.497593
-0.250873	 0.499495	 0.498175	 0.534580	 1.026548	 0.184172	 0.498502	 0.179066	 0.060717	-0.250090	-0.449198	 0.497958
 0.124856	 0.499495	 0.498175	 0.535360	 1.023178	 0.184172	 0.498685	 0.179066	-0.938730	 0.125639	-0.449198	 0.498140
 0.311720	 0.499495	 0.498175	 0.534679	 1.019453	 0.184172	 0.498776	 0.179066	-1.434577	 0.312500	-0.449198	 0.498231
 0.405152	 0.499495	 0.498175	 0.533270	 1.015559	 0.184172	 0.498822	 0.179066	-0.678639	-0.094069	-0.449198	 0.498277
 0.451867	 0.499495	 0.498175	 0.531502	 1.011589	 0.184172	 0.498844	 0.179066	-0.300671	-0.296352	-0.449198	 0.498300
 0.475225	 0.499495	 0.498175	 0.529558	 1.007588	 0.184172	 0.498856	 0.179066	-0.111686	 0.102506	-0.449198	 0.498311
 0.486904	 0.499495	 0.498175	 0.527531	 1.003581	 0.184172	 0.498861	 0.179066	-0.017194	 0.300933	-0.449198	 0.498317
 0.492744	 0.499495	 0.498175	 0.525466	 0.999578	 0.184172	 0.498864	 0.179066	 0.030052	 0.400146	-0.449198	 0.498320
 0.495664	 0.499495	 0.498175	 0.523387	 0.995585	 0.184172	 0.498866	 0.179066	 0.053675	-0.050248	-0.449198	 0.498321
 0.497124	 0.499495	 0.498175	 0.521305	 0.991606	 0.184172	 0.498866	 0.179066	 0.065487	-0.274443	-0.449198	 0.498322
 0.497853	 0.499495	 0.498175	 0.519226	 0.487641	 0.184172	 0.498867	 0.179066	 0.071392	 0.113459	-0.449198	 0.498322
 0.498218	 0.499495	 0.498175	 0.517152	 0.235658	 0.184172	 0.498867	 0.179066	 0.074345	 0.306408	-0.449198	 0.498322
-0.001599	 0.499495	 0.498175	 0.515084	 0.109667	 0.184172	 0.498867	 0.179066	 0.075822	 0.402882	-0.449198	 0.498323
-0.250505	 0.499495	 0.498175	 0.513025	 0.046672	 0.184172	 0.498867	 0.179066	 0.076560	 0.451119	-0.449198	 0.498323
 0.125042	 0.499495	 0.498175	 0.510973	 0.015174	 0.184172	-0.001133	 0.179066	 0.076929	 0.475238	-0.449198	 0.498323
 0.311814	 0.499495	 0.498175	 0.508929	-0.000575	 0.184172	-0.250131	 0.179066	 0.077114	 0.487297	-0.449198	 0.498323
 0.405201	 0.499495	 0.498175	 0.506894	-0.008450	 0.184172	-0.374629	 0.179066	 0.077206	 0.493326	-0.449198	 0.498323
 0.451894	 0.499495	 0.498175	 0.504866	 0.487613	 0.184172	 0.063121	 0.179066	 0.077252	-0.003659	-0.449198	 0.498323
 0.475240	 0.499495	 0.498175	 0.502847	 0.733677	 0.184172	 0.280995	 0.179066	 0.077275	-0.251150	-0.449198	 0.498323
-0.013087	 0.499495	 0.498175	 0.500835	 0.354750	 0.184172	 0.389931	 0.179066	 0.077287	 0.125104	-0.449198	 0.498323
-0.256247	 0.499495	 0.498175	 0.499830	 0.165286	 0.184172	 0.444400	 0.179066	 0.077292	 0.312229	-0.449198	 0.498323
 0.122173	 0.499495	 0.498175	 0.499327	 0.070554	 0.184172	 0.471634	 0.179066	 0.077295	 0.405791	-0.449198	 0.498323
 0.310381	 0.499495	 0.498175	 0.499075	 0.023188	 0.184172	 0.485251	 0.179066	 0.077297	 0.452572	-0.449198	 0.498323
 0.404486	 0.499495	 0.498175	-0.001050	-0.000495	 0.184172	 0.492060	 0.179066	 0.077297	-0.024037	-0.449198	 0.498323
 0.451538	 0.499495	 0.498175	-0.250111	-0.012336	 0.184172	 0.495464	 0.179066	 0.077298	-0.261341	-0.449198	 0.498323
 0.475064	 0.499495	 0.498175	-0.374641	 0.481743	 0.184172	-0.002834	 0.179066	 0.077298	-0.379992	-0.449198	 0.498323
 0.486827	 0.499495	 0.498175	-0.436906	 0.726831	 0.184172	-0.250981	 0.179066	 0.077298	 0.060682	-0.449198	 0.498323
 0.492708	 0.499495	 0.498175	-0.468039	 0.847431	 0.184172	-0.375054	 0.179066	 0.077298	 0.280016	-0.449198	 0.498323
-0.004351	 0.499495	 0.498175	 0.016395	 0.905795	-0.315828	 0.062909	 0.179066	 0.077298	 0.389683	-0.449198	 0.498323
-0.251878	 0.499495	 0.498175	 0.257610	 0.933049	-0.564196	 0.280889	 0.179066	 0.077298	 0.444517	-0.449198	 0.498323
-0.375641	 0.499495	 0.498175	-0.121782	 0.444755	-0.186755	 0.389879	 0.179066	 0.077298	 0.471934	-0.449198	 0.498323
-0.437523	 0.499495	 0.498175	-0.310476	 0.200608	 0.001966	 0.444374	 0.179066	 0.077298	 0.485642	-0.449198	 0.498323
 0.031536	 0.499495	 0.498175	 0.095177	 0.078535	 0.096326	 0.471622	 0.179066	-0.422702	-0.007504	-0.449198	 0.498323
 0.265065	 0.499495	 0.498175	 0.297002	 0.017498	 0.143506	 0.485246	 0.179066	-0.670857	-0.253075	-0.449198	 0.498323
-0.118171	 0.499495	 0.498175	 0.397914	-0.013020	 0.167096	 0.492057	 0.179066	-0.293096	 0.124139	-0.449198	 0.498323
-0.308786	 0.499495	 0.498175	 0.448371	-0.028279	 0.178891	 0.495463	 0.179066	-0.104215	 0.311743	-0.449198	 0.498323
-0.404094	 0.499495	 0.498175	 0.473599	-0.035909	 0.184789	 0.497166	 0.179066	-0.009775	 0.405545	-0.449198	 0.498323
-0.451747	 0.499495	 0.498175	 0.486213	-0.039724	 0.687737	 0.498018	 0.179066	 0.037445	 0.452446	-0.449198	 0.498323
-0.475574	 0.499495	 0.498175	 0.492520	-0.041631	 0.936830	 0.498444	 0.179066	 0.061055	 0.475897	-0.449198	 0.498323
-0.487488	 0.499495	 0.498175	 0.495673	-0.042585	 0.559005	 0.498656	 0.179066	 0.072860	 0.487622	-0.449198	 0.498323
-0.493444	 0.499495	 0.498175	 0.497250	-0.043062	 0.370092	 0.498763	 0.179066	 0.078762	 0.493485	-0.449198	 0.498323
-0.496423	 0.499495	 0.498175	 0.498038	-0.043300	-0.224364	 0.498816	 0.179066	 0.081714	 0.496416	-0.449198	 0.498323
-0.497912	 0.499495	 0.498175	 0.498433	-0.043419	-0.519955	 0.498843	 0.179066	 0.083189	 0.497882	-0.449198	 0.498323
 0.001343	 0.499495	 0.498175	 0.498630	 0.456521	-0.166119	 0.498856	 0.179066	 0.083927	 0.498615	-0.449198	 0.498323
 0.249970	 0.499495	 0.498175	 0.498728	 0.704578	 0.010799	 0.498863	 0.179066	 0.084296	 0.498981	-0.449198	 0.498323
 0.374283	 0.499495	 0.498175	 0.498778	 0.826702	 0.099258	 0.498866	 0.179066	 0.084480	 0.499164	-0.449198	 0.498323
 0.436440	 0.499495	 0.498175	 0.498802	 0.385866	 0.143488	 0.498868	 0.179066	 0.084573	 0.499256	-0.449198	 0.498323
 0.467518	 0.499495	 0.498175	 0.498815	 0.165448	 0.165602	 0.498868	 0.179066	 0.084619	 0.499302	-0.449198	 0.498323
 0.483057	 0.499495	 0.498175	 0.498821	 0.055239	 0.176660	-0.001131	 0.179066	-0.415358	 0.499325	-0.449198	 0.498323
 0.490827	 0.499495	 0.498175	 0.498824	 0.000134	 0.182188	-0.250129	 0.179066	-0.663516	 0.499336	-0.449198	 0.498323
 0.494712	 0.499495	 0.498175	 0.498825	 0.472582	 0.184953	 0.125373	 0.179066	-0.285771	 0.499342	-0.449198	 0.498323
 0.496654	 0.499495	 0.498175	 0.498826	 0.706916	 0.186335	 0.312121	 0.179066	-0.096899	 0.499345	-0.449198	 0.498323
 0.497625	 0.499495	 0.498175	 0.498826	 0.822200	 0.187026	-0.594504	 0.179066	-0.002463	 0.499346	-0.449198	 0.498323
 0.498111	 0.499495	 0.498175	 0.498827	 0.877967	 0.187372	-1.044815	 0.179066	 0.044755	 0.499347	-0.449198	 0.498323
 0.498354	 0.499495	 0.498175	 0.498827	 0.903984	 0.187544	-1.266980	 0.179066	 0.068364	 0.499347	-0.449198	 0.498323
-0.001525	 0.499495	 0.498175	 0.498827	 0.915132	 0.187631	-0.375084	 0.179066	 0.080168	 0.499347	-0.449198	 0.498323
-0.250461	 0.499495	 0.498175	 0.498827	 0.918853	 0.187674	 0.069830	 0.179066	 0.086071	 0.499347	-0.449198	 0.498323
 0.125070	 0.499495	 0.498175	 0.498827	 0.918869	 0.187695	 0.291258	 0.179066	 0.089022	 0.499348	-0.449198	 0.498323
 0.311835	 0.499495	 0.498175	 0.498827	 0.917039	 0.187706	 0.400946	 0.179066	 0.090497	 0.499348	-0.449198	 0.498323
 0.405217	 0.499495	 0.498175	 0.498827	 0.914293	 0.187712	-0.045231	 0.179066	 0.091235	 0.499348	-0.449198	 0.498323
 0.451908	 0.499495	 0.498175	 0.498827	 0.911097	 0.187714	-0.268319	 0.179066	 0.091604	 0.499348	-0.449198	 0.498323
-0.024746	 0.499495	 0.498175	 0.498827	 0.407684	 0.687716	 0.120137	 0.179066	 0.091789	 0.499348	-0.449198	 0.498323
-0.262070	 0.499495	 0.498175	 0.498827	 0.155977	 0.935341	 0.313347	 0.179066	 0.091881	 0.499348	-0.449198	 0.498323
-0.380733	 0.499495	 0.498175	 0.498827	 0.030124	 1.056788	 0.408940	 0.179066	 0.091927	 0.499348	-0.449198	 0.498323
 0.059936	 0.499495	 0.498175	 0.498827	 0.467197	 0.615155	 0.455727	 0.179066	 0.091950	 0.499348	-0.449198	 0.498323
 0.279270	 0.499495	 0.498175	 0.498827	 0.683925	 0.394338	 0.478115	 0.179066	 0.091961	 0.499348	-0.449198	 0.498323
-0.111064	 0.499495	 0.498175	 0.498827	 0.790488	 0.283930	 0.488308	 0.179066	 0.091967	 0.499348	-0.449198	 0.498323
-0.305228	 0.499495	 0.498175	 0.498827	 0.841975	 0.228726	 0.493405	 0.179066	 0.091970	 0.499348	-0.449198	 0.498323
-0.402310	 0.499495	 0.498175	 0.498827	 0.865932	 0.201123	-0.004047	 0.179066	 0.091972	 0.499348	-0.449198	 0.498323
-0.450851	 0.499495	 0.498175	 0.498827	 0.876130	 0.187322	-0.251770	 0.179066	 0.091972	 0.499348	-0.449198	 0.498323
 0.024879	 0.499495	 0.498175	 0.498827	 0.879457	 0.180422	 0.124369	 0.179066	 0.091973	 0.499348	-0.449198	 0.498323
 0.261742	 0.499495	 0.498175	 0.498827	 0.879355	 0.176972	 0.311437	 0.179066	 0.091973	 0.499348	-0.449198	 0.498323
 0.380174	 0.499495	 0.498175	 0.498827	 0.877545	 0.175247	 0.404971	 0.179066	 0.091973	 0.499348	-0.449198	 0.498323
 0.439390	 0.499495	 0.498175	 0.498827	 0.874889	 0.174384	 0.451738	 0.179066	 0.091973	 0.499348	-0.449198	 0.498323
 0.468998	 0.499495	 0.498175	 0.498827	 0.871816	 0.173953	 0.475122	 0.179066	 0.091973	 0.499348	-0.449198	 0.498323
 0.483802	 0.499495	 0.498175	 0.498827	 0.368542	 0.173737	-0.013186	 0.179066	 0.091973	 0.499348	-0.449198	 0.498323
 0.491204	 0.499495	 0.498175	 0.498827	 0.116905	 0.173629	-0.256337	 0.179066	 0.091973	 0.499348	-0.449198	 0.498323
 0.494905	 0.499495	 0.498175	-0.001173	-0.008913	 0.173575	 0.122087	 0.179066	 0.091973	 0.499348	-0.449198	 0.498323
 0.496756	 0.499495	 0.498175	-0.250171	-0.071822	 0.173548	 0.310298	 0.179066	 0.091973	 0.499348	-0.449198	 0.498323
 0.497681	 0.499495	 0.498175	-0.374670	 0.396723	 0.173535	 0.404404	 0.179066	 0.091973	 0.499348	-0.449198	 0.498323
 0.498143	 0.499495	 0.498175	-0.436919	 0.629265	 0.173528	 0.451457	 0.179066	 0.091973	 0.499348	-0.449198	 0.498323
 0.498375	 0.499495	 0.498175	-0.468044	 0.743813	 0.173525	 0.474983	 0.179066	 0.091973	 0.499348	-0.449198	 0.498323
 0.498490	 0.499495	 0.498175	 0.016394	 0.299370	 0.173523	 0.486746	 0.179066	 0.091973	 0.499348	-0.449198	 0.498323
 0.498548	 0.499495	 0.498175	 0.257611	 0.077148	 0.173522	 0.492628	 0.179066	 0.091973	 0.499348	-0.449198	 0.498323
-0.001423	 0.499495	 0.498175	 0.378220	-0.033963	 0.173522	 0.495569	 0.179066	 0.091973	 0.499348	-0.449198	 0.498323
-0.250406	 0.499495	 0.498175	 0.438524	-0.089518	 0.173522	 0.497039	 0.179066	 0.091973	 0.499348	-0.449198	 0.498323
 0.125103	 0.499495	 0.498175	-0.031324	 0.382704	 0.173522	 0.497774	 0.179066	 0.091973	 0.499348	-0.449198	 0.498323
 0.311856	 0.499495	 0.498175	-0.265246	 0.617106	 0.173521	 0.498142	 0.179066	 0.091973	 0.499348	-0.449198	 0.498323
-0.094767	 0.499495	 0.498175	 0.117794	 0.732603	 0.173521	 0.498326	 0.179066	 0.091973	 0.499348	-0.449198	 0.498323
-0.297076	 0.499495	 0.498175	 0.308312	 0.788656	 0.173521	 0.498418	 0.179066	 0.091973	 0.499348	-0.449198	 0.498323
-0.398231	 0.499495	 0.498175	 0.403571	 0.814993	 0.173521	 0.498464	 0.179066	 0.091973	 0.499348	-0.449198	 0.498323
 0.051192	 0.499495	 0.498175	 0.451200	 0.826479	 0.173521	 0.498486	 0.179066	 0.091973	-0.000652	-0.449198	 0.498323
 0.274902	 0.499495	 0.498175	 0.475015	 0.830546	 0.173521	 0.498498	 0.179066	 0.091973	-0.249651	-0.449198	 0.498323
 0.386757	 0.499495	 0.498175	 0.486922	 0.830910	 0.173521	 0.498504	 0.179066	 0.091973	 0.125850	-0.449198	 0.498323
 0.442685	 0.499495	 0.498175	 0.492876	 0.829429	 0.173521	 0.498507	 0.179066	 0.091973	 0.312597	-0.449198	 0.498323
 0.470648	 0.499495	 0.498175	 0.495853	 0.827033	 0.173521	-0.001492	 0.179066	 0.091973	 0.405971	-0.449198	 0.498323
 0.484630	 0.499495	 0.498175	 0.497341	 0.824186	 0.173521	-0.250488	 0.179066	 0.091973	 0.452658	-0.449198	 0.498323
-0.008379	 0.499495	 0.498175	 0.498085	 0.821120	 0.173521	 0.125014	 0.179066	 0.091973	 0.476001	-0.449198	 0.498323
-0.253880	 0.499495	 0.498175	 0.498457	 0.817950	 0.173521	 0.311763	 0.179066	 0.091973	 0.487673	-0.449198	 0.498323
-0.376631	 0.499495	 0.498175	 0.498643	 0.814736	 0.173521	 0.405138	 0.179066	 0.091973	 0.493509	-0.449198	 0.498323
 0.061993	 0.499495	 0.498175	 0.498737	 0.811506	 0.173521	 0.451826	 0.179066	 0.091973	 0.496427	-0.449198	 0.498323
 0.280304	 0.499495	 0.498175	 0.498783	 0.808274	 0.173521	 0.475170	 0.179066	 0.091973	 0.497886	-0.449198	 0.498323
-0.110540	 0.499495	 0.498175	-0.001194	 0.805049	 0.173521	 0.486841	 0.179066	 0.091973	 0.498615	-0.449198	 0.498323
-0.304960	 0.499495	 0.498175	-0.250180	 0.801832	 0.173521	 0.492677	 0.179066	 0.091973	 0.498980	-0.449198	 0.498323
 0.097831	 0.499495	 0.498175	 0.125327	 0.298626	 0.673521	 0.495595	 0.179066	-0.408027	 0.499162	-0.449198	 0.498323
 0.298224	 0.499495	 0.498175	 0.312079	 0.047024	 0.921174	 0.497054	 0.179066	-0.656211	 0.499254	-0.449198	 0.498323
 0.398421	 0.499495	 0.498175	-0.094545	 0.421222	 0.542663	-0.502216	 0.179066	-0.278494	-0.000701	-0.449198	 0.498323
 0.448520	 0.499495	 0.498175	-0.296855	 0.606731	 0.353408	-0.998848	 0.179066	-0.089636	-0.249677	-0.449198	 0.498323
 0.473569	 0.499495	 0.498175	 0.101990	 0.697900	 0.258780	-0.244174	 0.179066	 0.004793	-0.374165	-0.449198	 0.498323
 0.486094	 0.499495	 0.498175	 0.300411	 0.741907	 0.211466	 0.132143	 0.179066	 0.052008	 0.063591	-0.449198	 0.498323
 0.492356	 0.499495	 0.498175	 0.399622	 0.762339	 0.187809	 0.319284	 0.179066	 0.075615	 0.281467	-0.449198	 0.498323
 0.495487	 0.499495	 0.498175	 0.449227	 0.770989	 0.175980	 0.411842	 0.179066	 0.087419	 0.390404	-0.449198	 0.498323
 0.497053	 0.499495	 0.498175	 0.474030	 0.773755	 0.170066	 0.457112	 0.179066	 0.093321	 0.444873	-0.449198	 0.498323
 0.497836	 0.499495	 0.498175	 0.486431	 0.773585	 0.167109	 0.478742	 0.179066	 0.096272	 0.472108	 0.050802	 0.498323
 0.498227	 0.499495	 0.498175	 0.492632	 0.771953	 0.165631	 0.488557	 0.179066	 0.097747	 0.485725	 0.299701	 0.498323
 0.498423	 0.499495	 0.498175	 0.495732	 0.769596	 0.164891	 0.493464	 0.179066	 0.098485	 0.492533	-0.076947	 0.498323
 0.498521	 0.499495	 0.498175	 0.497282	 0.766883	 0.164522	 0.495917	 0.179066	 0.098854	 0.495938	-0.265271	 0.498323
 0.498569	 0.499495	 0.498175	 0.498057	 0.763999	 0.164337	-0.002856	 0.179066	 0.099038	 0.497640	-0.359433	 0.498323
 0.498594	 0.499495	 0.498175	 0.498445	 0.761034	 0.164244	-0.251239	 0.179066	 0.099130	 0.498491	-0.406514	 0.498323
 0.498606	 0.499495	 0.498175	 0.498638	 0.758036	 0.164198	-0.375431	 0.179066	 0.099177	 0.498916	-0.430055	 0.498323
-0.001388	 0.499495	 0.498175	 0.498735	 0.755026	 0.164175	 0.062473	 0.179066	 0.099200	 0.499129	-0.441825	 0.498323
-0.250382	 0.499495	 0.498175	 0.498784	 0.752018	 0.164164	 0.280425	 0.179066	 0.099211	 0.499236	-0.447710	 0.498323
 0.125121	 0.499495	 0.498175	-0.001192	 0.249015	 0.164158	 0.389400	 0.179066	 0.099217	 0.499289	-0.450653	 0.498323
 0.311871	 0.499495	 0.498175	-0.250178	-0.002486	 0.164155	 0.443888	 0.179066	 0.099220	 0.499315	-0.452124	 0.498323
 0.405246	 0.499495	 0.498175	 0.125330	 0.371764	 0.164153	-0.028868	 0.179066	 0.099221	-0.000671	-0.452860	 0.498323
 0.451934	 0.499495	 0.498175	 0.312082	 0.557396	 0.164153	-0.264243	 0.179066	 0.099222	-0.249663	-0.453227	 0.498323
 0.475278	 0.499495	 0.498175	 0.405458	 0.148727	 0.164152	 0.118070	 0.179066	 0.099222	 0.125841	-0.453411	 0.498323
 0.486950	 0.499495	 0.498175	 0.452146	-0.055608	 0.164152	 0.308226	 0.179066	 0.099222	 0.312590	-0.453503	 0.498323
 0.492785	 0.499495	 0.498175	 0.475490	-0.157776	 0.164152	 0.403303	 0.179066	 0.099223	 0.405965	-0.453549	 0.498323
-0.004297	 0.499495	 0.498175	 0.487162	 0.291141	 0.164152	 0.450842	 0.179066	 0.099223	 0.452652	-0.453572	 0.498323
-0.251835	 0.499495	 0.498175	 0.492998	 0.514119	 0.164152	 0.474612	 0.179066	 0.099223	 0.475996	-0.453584	 0.498323
-0.375604	 0.499495	 0.498175	-0.004084	 0.624133	 0.164152	 0.486496	 0.179066	 0.099223	 0.487667	-0.453589	 0.498323
-0.437489	 0.499495	 0.498175	-0.251623	 0.677673	 0.164152	 0.492439	 0.179066	 0.099223	 0.493503	-0.453592	 0.498323
 0.031569	 0.499495	 0.498175	 0.124608	 0.702980	 0.664152	-0.004590	 0.179066	 0.099223	 0.496421	-0.453594	 0.498323
 0.265097	 0.499495	 0.498175	 0.311721	 0.714177	 0.911824	-0.252101	 0.179066	 0.099223	 0.497880	-0.453594	 0.498323
-0.118139	 0.499495	 0.498175	 0.405278	 0.218324	 0.533341	 0.124143	 0.179066	 0.099223	 0.498610	-0.453595	 0.498323
-0.308755	 0.499495	 0.498175	 0.452056	-0.029602	 0.344099	 0.311265	 0.179066	 0.099223	 0.498975	-0.453595	 0.498323
-0.404062	 0.499495	 0.498175	 0.475446	-0.153565	 0.249478	 0.404825	 0.179066	 0.099223	 0.499157	-0.453595	 0.498323
 0.048284	 0.499495	 0.498175	 0.487140	 0.284454	 0.202168	 0.451606	 0.179066	 0.099223	 0.499248	-0.453595	 0.498323
 0.273456	 0.499495	 0.498175	 0.492988	 0.502018	 0.178513	 0.474996	 0.179066	 0.099223	 0.499294	-0.453595	 0.498323
 0.386041	 0.499495	 0.498175	 0.495911	 0.609361	 0.166685	-0.013309	 0.179066	 0.099223	 0.499316	-0.453595	 0.498323
 0.442334	 0.499495	 0.498175	 0.497373	 0.661599	 0.160771	-0.256458	 0.179066	 0.099223	 0.499328	-0.453595	 0.498323
 0.470481	 0.499495	 0.498175	 0.498104	 0.686290	 0.157814	 0.121967	 0.179066	 0.099223	 0.499334	-0.453595	 0.498323
 0.484554	 0.499495	 0.498175	 0.498469	 0.697214	 0.156336	 0.310179	 0.179066	 0.099223	 0.499336	-0.453595	 0.498323
 0.491591	 0.499495	 0.498175	 0.498652	 0.201260	 0.155597	 0.404285	 0.179066	 0.099223	 0.499338	-0.453595	 0.498323
 0.495109	 0.499495	 0.498175	 0.498743	-0.046717	 0.155227	 0.451338	 0.179066	 0.099223	 0.499339	-0.453595	 0.498323
 0.496868	 0.499495	 0.498175	 0.498789	-0.170706	 0.155042	 0.474864	 0.179066	 0.099223	 0.499339	-0.453595	 0.498323
 0.497748	 0.499495	 0.498175	 0.498812	 0.267300	 0.154950	 0.486628	 0.179066	 0.099223	 0.499339	-0.453595	 0.498323
 0.498188	 0.499495	 0.498175	 0.498823	 0.484892	 0.154904	 0.492509	 0.179066	 0.099223	 0.499339	-0.453595	 0.498323
 0.498407	 0.499495	 0.498175	 0.498829	 0.092283	 0.154881	-0.004550	 0.179066	 0.099223	 0.499339	-0.453595	 0.498323
 0.498517	 0.499495	 0.498175	 0.498832	-0.104021	 0.154869	-0.252076	 0.179066	 0.099223	 0.499339	-0.453595	 0.498323
 0.498572	 0.499495	 0.498175	-0.001167	 0.297826	-0.345137	 0.124160	 0.179066	 0.099223	 0.499339	-0.453595	 0.498323
 0.498600	 0.499495	 0.498175	-0.250164	 0.497351	-0.593449	 0.311278	 0.179066	 0.099223	 0.499339	-0.453595	 0.498323
 0.498614	 0.499495	 0.498175	 0.125338	 0.595719	-0.215922	 0.404837	 0.179066	 0.099223	-0.000661	-0.453595	 0.498323
 0.498621	 0.499495	 0.498175	 0.312087	 0.643516	-0.027159	 0.451616	 0.179066	 0.099223	-0.249659	-0.453595	 0.498323
 0.498624	 0.499495	 0.498175	 0.405462	 0.666031	 0.067223	 0.475006	 0.179066	 0.099223	-0.374159	-0.453595	 0.498323
 0.498626	 0.499495	 0.498175	 0.452149	 0.675912	 0.114414	 0.486701	 0.179066	 0.099223	 0.063592	-0.453595	 0.498323
 0.498627	 0.499495	 0.498175	 0.475493	 0.679480	 0.138010	 0.492548	 0.179066	 0.099223	 0.281464	-0.453595	 0.498323
 0.498627	 0.499495	 0.498175	 0.487164	 0.679899	 0.649807	 0.495472	 0.179066	 0.099223	 0.390400	-0.453595	 0.498323
 0.498627	 0.499495	 0.498175	 0.493000	 0.678747	 0.903383	 0.496934	 0.179066	 0.099223	 0.444868	-0.453595	 0.498323
 0.498627	 0.499495	 0.498175	 0.495918	 0.676816	 0.527857	 0.497665	 0.179066	 0.099223	 0.472102	-0.453595	-0.001677
 0.498627	 0.499495	 0.498175	 0.497377	 0.674501	 0.340094	 0.498030	 0.179066	 0.099223	 0.485720	-0.453595	-0.250674
 0.498627	 0.499495	 0.498175	 0.498107	 0.671999	-0.253788	-0.001787	 0.179066	 0.099223	 0.492528	 0.046405	 0.124828
 0.498627	 0.499495	 0.498175	 0.498471	 0.669409	-0.549033	-0.250692	 0.179066	 0.099223	 0.495932	 0.295312	 0.311578
 0.498627	 0.499495	 0.498175	 0.498654	 0.666780	-0.694967	-0.375145	 0.179066	 0.099223	 0.497634	 0.418677	 0.404953
-0.001373	 0.499495	 0.498175	-0.001255	 0.664138	-0.766253	 0.062628	 0.179066	 0.099223	 0.498485	-0.020724	 0.451640
-0.250370	 0.499495	 0.498175	-0.250207	 0.661493	-0.800220	 0.280514	 0.179066	 0.099223	 0.498911	-0.240425	 0.474984
-0.374868	 0.499495	 0.498175	 0.125317	 0.658853	-0.315536	 0.389458	 0.179066	 0.099223	 0.499124	-0.350275	 0.486656
-0.437118	 0.499495	 0.498175	 0.312077	 0.656221	-0.073193	 0.443929	 0.179066	 0.099223	 0.499230	-0.405201	 0.492492
-0.468242	 0.499495	 0.498175	 0.405457	 0.653598	-0.452022	 0.471165	 0.179066	 0.099223	 0.499283	-0.432663	 0.495410
-0.483805	 0.499495	 0.498175	 0.452147	 0.650984	-0.639775	 0.484783	 0.179066	 0.099223	 0.499310	-0.446395	 0.496869
-0.491586	 0.499495	 0.498175	-0.024508	 0.648381	-0.231996	 0.491592	 0.179066	 0.099223	-0.000677	-0.453260	 0.497599
-0.495477	 0.499495	 0.498175	-0.261833	 0.645787	-0.028107	 0.494996	 0.179066	 0.099223	-0.249669	-0.456693	 0.497963
-0.497422	 0.499495	 0.498175	-0.380495	 0.643204	 0.073838	 0.496698	 0.179066	 0.099223	-0.374165	-0.458409	 0.498146
 0.001606	 0.499495	 0.498175	 0.060173	 0.640631	 0.124810	 0.497549	 0.179066	 0.099223	 0.063587	-0.459268	 0.498237
 0.250118	 0.499495	 0.498175	 0.279506	 0.638069	 0.150296	 0.497975	 0.179066	 0.099223	 0.281461	-0.459697	 0.498282
-0.125626	 0.499495	 0.498175	 0.389172	 0.635517	 0.163040	 0.498188	 0.179066	 0.099223	-0.109603	-0.459911	 0.498305
-0.312495	 0.499495	 0.498175	 0.444006	 0.632975	 0.169411	 0.498294	 0.179066	 0.099223	-0.304133	-0.460019	 0.498317
-0.405930	 0.499495	 0.498175	 0.471422	 0.630443	 0.172597	 0.498347	 0.179066	 0.099223	-0.401398	-0.460072	 0.498322
-0.452647	 0.499495	 0.498175	 0.485130	 0.627921	 0.174190	 0.498374	 0.179066	 0.099223	-0.450031	-0.460099	 0.498325
 0.023994	 0.499495	 0.498175	 0.491985	 0.625409	 0.174986	 0.498387	 0.179066	 0.099223	 0.025653	-0.460112	 0.498327
 0.261314	 0.499495	 0.498175	 0.495412	 0.622908	 0.175384	 0.498394	 0.179066	 0.099223	 0.262492	-0.460119	 0.498327
 0.379974	 0.499495	 0.498175	 0.497125	 0.620416	 0.175583	 0.498397	 0.179066	 0.099223	 0.380912	-0.460123	 0.498328
 0.439303	 0.499495	 0.498175	 0.497982	 0.617934	 0.175683	 0.498399	 0.179066	 0.099223	 0.440121	-0.460124	 0.498328
 0.468968	 0.499495	 0.498175	 0.498410	 0.615463	 0.175733	 0.498400	 0.179066	 0.099223	 0.469726	-0.460125	 0.498328
 0.483801	 0.499495	 0.498175	 0.498625	 0.613001	 0.175758	 0.498400	 0.179066	 0.099223	 0.484529	-0.460125	 0.498328
 0.491217	 0.499495	 0.498175	 0.498732	 0.610549	 0.175770	 0.498400	 0.179066	 0.099223	 0.491930	-0.460126	 0.498328
 0.494925	 0.499495	 0.498175	 0.498785	 0.108107	 0.175776	 0.498400	 0.179066	 0.099223	 0.495631	-0.460126	 0.498328
 0.496779	 0.499495	 0.498175	 0.498812	-0.143115	 0.175779	 0.498400	 0.179066	 0.099223	 0.497481	-0.460126	 0.498328
 0.497706	 0.499495	 0.498175	 0.498825	 0.231275	 0.175781	-0.001600	 0.179066	 0.099223	 0.498406	-0.460126	 0.498328
 0.498170	 0.499495	 0.498175	 0.498832	 0.417258	 0.175782	-0.250596	 0.179066	 0.099223	 0.498869	-0.460126	 0.498328
 0.498402	 0.499495	 0.498175	 0.498835	 0.509043	 0.175782	-0.375095	 0.179066	 0.099223	 0.499100	-0.460126	 0.498328
-0.001483	 0.499495	 0.498175	 0.498837	 0.553734	-0.324218	 0.062656	 0.179066	 0.099223	 0.499216	-0.460126	 0.498328
-0.250422	 0.499495	 0.498175	 0.498838	 0.574883	-0.572569	 0.280531	 0.179066	 0.099223	 0.499273	-0.460126	 0.498328
 0.125108	 0.499495	 0.498175	 0.498838	 0.584265	-0.195103	-0.610532	 0.179066	 0.099223	 0.499302	-0.460126	 0.498328
 0.311872	 0.499495	 0.498175	 0.498839	 0.587769	-0.006370	-1.053060	 0.179066	 0.099223	 0.499317	-0.460126	 0.498328
-0.094746	 0.499495	 0.498175	 0.498839	 0.588339	 0.087997	-0.271333	 0.179066	 0.099223	 0.499324	-0.460126	 0.498328
-0.297052	 0.499495	 0.498175	 0.498839	 0.587445	 0.135180	 0.118510	 0.179066	 0.099223	 0.499328	-0.460126	 0.498328
-0.398205	 0.499495	 0.498175	 0.498839	 0.585826	 0.158772	 0.312414	 0.179066	 0.099223	 0.499329	-0.460126	 0.498328
-0.448782	 0.499495	 0.498175	 0.498839	 0.583847	 0.170567	 0.408354	 0.179066	 0.099223	 0.499330	-0.460126	 0.498328
-0.474070	 0.499495	 0.498175	 0.498839	 0.581695	 0.176465	 0.455315	 0.179066	 0.099223	 0.499331	-0.460126	 0.498328
-0.486714	 0.499495	 0.498175	 0.498839	 0.579459	 0.179414	 0.477791	 0.179066	 0.099223	 0.499331	-0.460126	 0.498328
-0.493036	 0.499495	 0.498175	 0.498839	 0.577187	 0.180889	 0.488029	 0.179066	 0.099223	 0.499331	-0.460126	 0.498328
-0.496197	 0.499495	 0.498175	-0.001161	 0.574901	 0.181626	-0.006852	 0.179066	 0.099223	 0.499331	-0.460126	 0.498328
-0.497778	 0.499495	 0.498175	-0.250159	 0.572613	 0.181995	-0.253290	 0.179066	 0.099223	 0.499331	-0.460126	 0.498328
 0.001432	 0.499495	 0.498175	 0.125342	 0.570328	 0.182179	 0.123492	 0.179066	 0.099223	 0.499331	-0.460126	 0.498328
 0.250035	 0.499495	 0.498175	 0.312091	 0.568050	 0.182271	 0.310882	 0.179066	 0.099223	 0.499331	-0.460126	 0.498328
 0.374337	 0.499495	 0.498175	 0.405466	 0.565779	 0.182317	 0.404577	 0.179066	 0.099223	 0.499331	-0.460126	 0.498328
 0.436488	 0.499495	 0.498175	 0.452153	 0.563516	 0.182340	 0.451425	 0.179066	 0.099223	 0.499331	-0.460126	 0.498328
-0.032436	 0.499495	 0.498175	 0.475496	 0.561263	 0.182352	-0.525152	 0.179066	-0.400777	 0.499331	 0.039874	 0.498328
-0.265896	 0.499495	 0.498175	 0.487168	 0.559018	 0.182357	-1.010436	 0.179066	-0.648976	 0.499331	 0.288794	 0.498328
-0.382626	 0.499495	 0.498175	 0.493004	 0.556782	 0.182360	-1.250087	 0.179066	-0.771281	 0.499331	 0.412179	 0.498328
 0.059009	 0.499495	 0.498175	 0.495922	 0.554555	 0.182362	-0.866933	 0.179066	-0.330646	 0.499331	-0.027200	 0.498328
 0.278826	 0.499495	 0.498175	 0.497381	 0.552337	 0.182362	-0.675356	 0.179066	-0.110329	 0.499331	-0.246889	 0.498328
 0.388734	 0.499495	 0.498175	 0.498111	 0.550127	 0.182363	-0.579568	 0.179066	-0.000170	 0.499331	-0.356734	 0.498328
 0.443688	 0.499495	 0.498175	 0.498475	 0.547927	 0.182363	-0.531673	 0.179066	 0.054909	 0.499331	-0.411656	 0.498328
 0.471165	 0.499495	 0.498175	 0.498658	 0.545735	 0.182363	-0.007726	 0.179066	 0.082449	 0.499331	-0.439117	 0.498328
 0.484903	 0.499495	 0.498175	 0.498749	 0.543552	 0.182363	 0.253215	 0.179066	 0.096219	 0.499331	-0.452848	 0.498328
 0.491773	 0.499495	 0.498175	 0.498794	 0.541378	-0.317637	 0.382657	 0.179066	 0.103104	 0.499331	-0.459713	 0.498328
 0.495207	 0.499495	 0.498175	 0.498817	 0.539212	-0.566002	 0.446354	 0.179066	 0.106546	 0.499331	-0.463146	 0.498328
 0.496925	 0.499495	 0.498175	 0.498829	 0.537055	-0.688555	 0.477183	 0.179066	 0.108268	 0.499331	-0.464862	 0.498328
-0.002217	 0.499495	 0.498175	 0.498834	 0.034907	-0.248210	 0.491581	 0.179066	 0.109128	 0.499331	-0.465720	 0.498328
-0.250785	 0.499495	 0.498175	 0.498837	-0.216167	-0.028037	 0.497768	 0.179066	 0.109559	 0.499331	-0.466149	 0.498328
 0.124931	 0.499495	 0.498175	 0.498839	 0.158296	 0.082049	 0.499853	 0.179066	 0.109774	 0.499331	-0.466364	 0.498328
 0.311788	 0.499495	 0.498175	 0.498839	 0.344462	 0.137092	 0.499892	 0.179066	 0.109881	 0.499331	-0.466471	 0.498328
 0.405216	 0.499495	 0.498175	 0.498840	 0.436484	 0.164614	 0.499912	 0.179066	 0.109935	 0.499331	-0.466525	 0.498328
 0.451931	 0.499495	 0.498175	 0.498840	 0.481438	 0.178375	 0.499922	 0.179066	 0.109962	 0.499331	-0.466552	 0.498328
 0.475288	 0.499495	 0.498175	 0.498840	 0.002862	 0.185255	 0.499926	 0.179066	 0.109975	 0.499331	-0.466565	 0.498328
 0.486966	 0.499495	 0.498175	 0.498840	-0.236426	 0.188695	 0.499929	 0.179066	 0.109982	 0.499331	-0.466572	 0.498328
 0.492806	 0.499495	 0.498175	 0.498840	-0.356070	 0.190416	 0.499930	 0.179066	 0.109985	 0.499331	-0.466575	 0.498328
 0.495725	 0.499495	 0.498175	 0.498840	-0.915892	 0.191276	 0.499931	 0.179066	 0.109987	-0.000669	-0.466577	 0.498328
 0.497185	 0.499495	 0.498175	 0.498840	-1.192852	 0.191706	 0.499931	 0.179066	 0.109988	-0.249667	-0.466578	 0.498328
-0.002085	 0.499495	 0.498175	-0.001160	-0.328392	 0.691921	-0.500069	 0.179066	 0.109988	 0.125833	-0.466578	 0.498328
-0.250717	 0.499495	 0.498175	-0.250158	 0.102766	 0.939644	-0.997069	 0.179066	 0.109989	 0.312581	-0.466578	 0.498328
-0.375034	 0.499495	 0.498175	 0.125343	 0.317277	 0.561131	-0.242580	 0.179066	 0.109989	 0.405955	-0.466578	 0.498328
-0.437192	 0.499495	 0.498175	 0.312092	 0.423469	 0.371874	 0.133640	 0.179066	 0.109989	 0.452642	-0.466578	 0.498328
-0.468271	 0.499495	 0.498175	 0.405467	 0.475506	 0.277246	-0.179270	 0.179066	 0.109989	 0.475985	-0.466578	 0.498328
-0.483810	 0.499495	 0.498175	 0.452154	 0.500469	 0.229932	-0.335724	 0.179066	 0.109989	 0.487657	-0.466578	 0.498328
-0.491580	 0.499495	 0.498175	 0.475498	 0.511900	 0.206275	-0.413952	 0.179066	 0.109989	 0.493493	-0.466578	 0.498328
 0.004535	 0.499495	 0.498175	 0.487169	 0.516568	 0.194446	 0.046935	 0.179066	 0.109989	 0.496411	-0.466578	 0.498328
 0.251591	 0.499495	 0.498175	 0.493005	 0.517860	 0.188532	 0.276362	 0.179066	 0.109989	 0.497870	-0.466578	 0.498328
-0.124881	 0.499495	 0.498175	-0.004077	 0.517468	 0.185575	 0.390064	 0.179066	 0.109989	 0.498599	-0.466578	 0.498328
-0.312114	 0.499495	 0.498175	-0.251615	 0.516238	 0.184096	 0.445908	 0.179066	 0.109989	 0.498964	-0.466578	 0.498328
 0.094270	 0.499495	 0.498175	 0.124615	 0.514592	 0.183357	 0.472826	 0.179066	 0.109989	 0.499146	 0.033422	 0.498328
 0.296460	 0.499495	 0.498175	 0.311729	 0.512744	 0.182987	 0.486285	 0.179066	 0.109989	 0.499237	 0.282355	 0.498328
-0.102445	 0.499495	 0.498175	 0.405286	 0.010798	 0.182802	-0.006985	 0.179066	 0.109989	 0.499283	-0.094241	 0.498328
-0.300894	 0.499495	 0.498175	 0.452064	-0.240175	 0.182710	-0.252620	 0.179066	 0.109989	 0.499306	-0.282539	 0.498328
-0.400119	 0.499495	 0.498175	 0.475453	-0.365662	 0.182664	-0.375437	 0.179066	 0.109989	 0.499317	-0.376688	 0.498328
-0.449732	 0.499495	 0.498175	 0.487148	 0.071595	 0.182641	 0.063154	 0.179066	 0.109989	 0.499323	-0.423763	 0.498328
-0.474538	 0.499495	 0.498175	 0.492995	 0.289206	 0.182629	 0.281446	 0.179066	 0.109989	 0.499326	-0.447300	 0.498328
 0.013059	 0.499495	 0.498175	 0.495919	 0.396997	 0.182623	 0.390592	 0.179066	 0.109989	 0.499327	-0.459069	 0.498328
 0.255856	 0.499495	 0.498175	 0.497381	 0.449884	 0.182620	 0.445165	 0.179066	 0.109989	 0.499328	-0.464953	 0.498328
 0.377255	 0.499495	 0.498175	 0.498112	-0.024679	 0.182619	 0.472452	 0.179066	 0.109989	 0.499328	-0.467895	 0.498328
 0.437954	 0.499495	 0.498175	 0.498477	-0.261960	 0.182618	 0.486095	 0.179066	 0.109989	 0.499328	-0.469366	 0.498328
 0.468304	 0.499495	 0.498175	 0.498660	 0.119399	 0.182618	 0.492917	 0.179066	 0.109989	 0.499328	 0.029898	 0.498328
 0.483478	 0.499495	 0.498175	 0.498751	 0.309078	 0.182618	 0.496328	 0.179066	 0.109989	 0.499328	 0.278472	 0.498328
 0.491066	 0.499495	 0.498175	 0.498797	 0.403917	 0.182618	 0.498033	 0.179066	 0.109989	 0.499328	 0.401705	 0.498328
-0.005141	 0.499495	 0.498175	 0.498820	 0.451336	 0.182618	-0.501114	 0.179066	 0.109989	 0.499328	-0.037728	 0.498328
-0.252241	 0.499495	 0.498175	 0.498831	 0.475046	 0.182618	-0.997687	 0.179066	 0.109989	 0.499329	-0.257445	 0.498328
 0.124209	 0.499495	 0.498175	 0.498837	 0.486901	 0.182618	-0.742986	 0.179066	 0.109989	 0.499329	 0.132696	 0.498328
 0.311432	 0.499495	 0.498175	 0.498840	 0.492828	 0.182618	-0.615635	 0.179066	 0.109989	 0.499329	 0.326722	 0.498328
 0.405044	 0.499495	 0.498175	 0.498841	 0.495792	 0.182618	-0.051959	 0.179066	 0.109989	 0.499329	-0.077307	 0.498328
 0.451850	 0.499495	 0.498175	 0.498842	 0.497274	 0.182618	 0.228855	 0.179066	 0.109989	 0.499329	-0.279322	 0.498328
 0.475253	 0.499495	 0.498175	 0.498842	 0.498015	 0.182618	 0.368243	 0.179066	 0.109989	 0.499329	-0.380329	 0.498328
 0.486954	 0.499495	 0.498175	 0.498842	 0.498385	 0.182618	 0.436922	 0.179066	 0.109989	 0.499329	-0.430833	 0.498328
 0.492805	 0.499495	 0.498175	 0.498842	 0.498571	 0.182618	 0.470250	 0.179066	 0.109989	 0.499329	-0.456084	 0.498328
 0.495731	 0.499495	 0.498175	 0.498842	 0.498663	 0.682618	-0.014093	 0.679066	 0.109989	 0.499329	-0.468710	 0.498328
 0.497193	 0.499495	 0.498175	 0.498843	 0.498710	 0.930252	-0.256265	 0.926708	 0.109989	 0.499329	-0.475023	 0.498328
-0.002075	 0.499495	 0.498175	-0.001157	 0.498733	 0.551714	 0.122649	 1.048180	 0.109989	 0.499329	-0.478180	 0.498328
-0.250707	 0.499495	 0.498175	-0.250155	 0.498744	 0.362445	 0.311103	 1.106577	 0.109989	 0.499329	-0.479758	 0.498328
-0.375023	 0.499495	 0.498175	 0.125346	-0.001250	 0.267810	 0.405330	 0.633446	 0.109989	 0.499329	-0.480547	 0.498328
-0.437181	 0.499495	 0.498175	 0.312095	-0.250245	 0.220493	 0.452444	 0.396880	 0.109989	 0.499329	-0.480942	 0.498328
-0.468260	 0.499495	 0.498175	 0.405469	 0.125258	 0.196834	 0.476001	 0.278597	 0.109989	 0.499329	-0.481139	 0.498328
-0.483799	 0.499495	 0.498175	 0.452157	 0.312008	 0.185005	 0.487779	 0.219455	 0.109989	 0.499329	-0.481238	 0.498328
-0.491569	 0.499495	 0.498175	 0.475500	 0.405383	 0.179090	 0.493668	 0.189885	 0.109989	 0.499329	-0.481287	 0.498328
 0.004546	 0.499495	 0.498175	 0.487172	 0.452070	 0.176133	 0.496613	 0.175099	 0.109989	 0.499329	-0.481312	 0.498328
 0.251602	 0.499495	 0.498175	 0.493008	 0.475414	 0.174654	 0.498085	 0.167707	 0.109989	 0.499329	-0.481324	 0.498328
-0.124869	 0.499495	 0.498175	 0.495926	 0.487086	 0.173915	 0.498821	 0.164010	 0.109989	 0.499329	-0.481330	 0.498328
-0.312103	 0.499495	 0.498175	 0.497385	 0.492922	 0.173545	 0.499189	 0.162162	 0.109989	 0.499329	-0.481333	 0.498328
-0.405719	 0.499495	 0.498175	 0.498114	 0.495840	 0.173360	 0.499373	 0.161238	 0.109989	 0.499329	-0.481335	 0.498328
-0.452528	 0.499495	 0.498175	 0.498479	 0.497299	 0.173268	 0.499465	 0.160776	 0.109989	 0.499329	-0.481335	 0.498328
-0.475932	 0.499495	 0.498175	 0.498661	 0.498028	 0.173222	 0.499511	 0.160545	 0.109989	 0.499329	-0.481336	-0.001672
-0.487634	 0.499495	 0.498175	 0.498753	 0.498393	 0.173199	 0.499534	 0.160430	 0.109989	 0.499329	-0.481336	-0.250669
-0.493485	 0.499495	 0.498175	 0.498798	 0.498575	 0.173187	 0.499546	 0.160372	 0.109989	 0.499329	-0.481336	-0.375167
 0.003590	 0.499495	 0.498175	 0.498821	 0.498667	 0.173181	 0.499552	 0.160343	 0.109989	 0.499329	-0.481336	 0.062584
 0.251125	 0.499495	 0.498175	 0.498832	 0.498712	 0.173178	 0.499555	 0.160328	 0.109989	 0.499329	-0.481336	 0.280459
-0.125107	 0.499495	 0.498175	 0.498838	 0.498735	 0.173177	 0.499556	 0.160321	 0.109989	 0.499329	-0.481336	 0.389396
-0.312220	 0.499495	 0.498175	 0.498841	 0.498746	 0.173176	 0.499557	 0.160318	 0.109989	 0.499329	-0.481336	 0.443865
 0.094223	 0.499495	 0.498175	 0.498842	 0.498752	 0.673176	-0.000443	 0.160316	 0.109989	 0.499329	-0.481336	 0.471099
 0.296444	 0.499495	 0.498175	 0.498843	 0.498755	 0.920829	-0.249442	 0.160315	 0.109989	 0.499329	-0.481336	 0.484716
 0.397554	 0.499495	 0.498175	 0.498843	 0.498756	 0.542319	 0.126059	 0.160314	 0.109989	 0.499329	-0.481336	 0.491525
 0.448109	 0.499495	 0.498175	 0.498844	 0.498757	 0.353064	 0.312806	 0.160314	 0.109989	 0.499329	-0.481336	 0.494929
-0.026613	 0.499495	 0.498175	-0.001156	 0.498757	 0.258436	 0.406179	 0.160314	 0.109989	 0.499329	-0.481336	 0.496631
-0.262972	 0.499495	 0.498175	-0.250154	 0.498758	 0.211123	 0.452866	 0.160314	 0.109989	 0.499329	-0.481336	 0.497482
-0.381151	 0.499495	 0.498175	-0.374653	 0.498758	 0.187466	 0.476210	 0.160314	 0.109989	 0.499329	-0.481336	 0.497908
-0.440241	 0.499495	 0.498175	-0.436902	 0.498758	 0.175637	 0.487881	 0.160314	 0.109989	 0.499329	-0.481336	 0.498121
-0.469786	 0.499495	 0.498175	-0.468027	 0.498758	 0.169723	 0.493717	 0.160314	 0.109989	 0.499329	-0.481336	 0.498227
-0.484558	 0.499495	 0.498175	 0.016411	 0.498758	 0.166766	 0.496635	 0.160314	 0.109989	 0.499329	-0.481336	 0.498280
-0.491944	 0.499495	 0.498175	 0.257628	 0.498758	 0.165287	 0.498094	 0.160314	 0.109989	 0.499329	-0.481336	 0.498307
 0.004363	 0.499495	 0.498175	 0.378236	 0.498758	 0.164548	 0.498823	 0.160314	 0.109989	 0.499329	-0.481336	 0.498320
 0.251515	 0.499495	 0.498175	 0.438541	 0.498758	 0.164179	 0.499188	 0.160314	 0.109989	 0.499329	-0.481336	 0.498327
 0.375091	 0.499495	 0.498175	 0.468693	 0.498758	 0.163994	 0.499371	 0.160314	 0.109989	 0.499329	-0.481336	 0.498330
 0.436879	 0.499495	 0.498175	 0.483769	 0.498758	 0.163901	 0.499462	 0.160314	 0.109989	 0.499329	-0.481336	 0.498332
 0.467773	 0.499495	 0.498175	 0.491307	 0.498758	 0.163855	 0.499507	 0.160314	 0.109989	 0.499329	-0.481336	 0.498333
 0.483220	 0.499495	 0.498175	 0.495076	 0.498758	 0.663832	 0.499530	 0.160314	 0.109989	 0.499329	 0.018664	 0.498333
 0.490943	 0.499495	 0.498175	 0.496960	 0.498758	 0.911493	 0.499542	 0.160314	 0.109989	 0.499329	 0.267626	 0.498333
 0.494805	 0.499495	 0.498175	 0.497903	 0.498758	 0.533005	 0.499547	 0.160314	 0.109989	 0.499329	-0.108925	 0.498333
 0.496736	 0.499495	 0.498175	 0.498374	 0.498758	 0.343761	 0.499550	 0.160314	 0.109989	 0.499329	-0.297201	 0.498333
-0.002299	 0.499495	 0.498175	 0.498609	 0.498758	 0.249139	 0.499552	 0.160314	 0.609989	 0.499329	-0.391339	 0.498333
-0.250813	 0.499495	 0.498175	 0.498727	 0.498758	 0.201828	 0.499552	 0.160314	 0.857769	 0.499329	-0.438408	 0.498333
 0.124929	 0.499495	 0.498175	 0.498786	 0.498758	 0.178173	-0.000447	 0.660314	 0.479448	 0.499329	-0.461943	 0.498333
 0.311799	 0.499495	 0.498175	 0.498816	 0.498758	 0.166345	-0.249446	 0.907993	 0.290287	 0.499329	-0.473710	 0.498333
 0.405234	 0.499495	 0.498175	 0.498830	 0.498758	 0.160431	-0.373946	 1.029522	 0.195707	 0.499329	-0.479594	 0.498333
 0.451952	 0.499495	 0.498175	 0.498838	-0.001242	 0.157474	 0.063804	 0.587984	 0.148417	 0.499329	 0.017465	 0.498333
 0.475311	 0.499495	 0.498175	 0.498841	-0.250240	 0.155996	 0.281676	 0.367215	 0.124772	 0.499329	 0.264965	 0.498333
 0.486990	 0.499495	 0.498175	 0.498843	 0.125261	 0.155256	 0.390612	 0.256830	 0.112949	 0.499329	-0.112310	 0.498333
 0.492830	 0.499495	 0.498175	 0.498844	 0.312011	 0.154887	 0.445081	 0.201638	 0.107038	 0.499329	-0.300948	 0.498333
-0.004250	 0.499495	 0.498175	-0.001155	 0.405385	 0.154702	 0.472315	 0.174042	 0.104082	 0.499329	-0.395266	 0.498333
-0.251788	 0.499495	 0.498175	-0.250153	 0.452072	 0.154609	 0.485932	 0.160244	 0.102604	 0.499329	-0.442426	 0.498333
