 0.312145	-0.437717	 0.439315	 0.498917	 0.474956	-0.248523	 0.499978	-0.450294	-0.298350	 0.591784	-0.495720	 0.498339
 0.405520	-0.468828	 0.439315	 0.498917	 0.474944	-0.348589	 0.499978	-0.475098	-0.399091	 0.496963	-0.497606	 0.498339
-0.047793	-0.484383	 0.439315	 0.498917	 0.474937	-0.398622	 0.499978	-0.487499	 0.050539	-0.050447	-0.498549	 0.498339
-0.273447	-0.492161	 0.439315	 0.498917	 0.474934	-0.423638	 0.499978	-0.493700	 0.274354	-0.322957	-0.499020	 0.498339
 0.113726	 0.003950	 0.439315	 0.998917	 0.474933	 0.063853	 0.499978	 0.003199	-0.113739	 0.041980	-0.499256	 0.498339
 0.306311	 0.251006	 0.439315	 1.245919	 0.474932	 0.306496	 0.499978	 0.250649	-0.306782	 0.224448	-0.499374	 0.498339
-0.097397	-0.125466	 0.439315	 0.866435	 0.474932	-0.073280	 0.499978	 0.374373	 0.096697	 0.315682	-0.499433	 0.498339
-0.298249	-0.312699	 0.439315	 0.676692	 0.474932	-0.263169	 0.499978	 0.436236	 0.297436	 0.361299	-0.499462	 0.498339
 0.101325	 0.093685	 0.439315	 0.581821	 0.474932	 0.141887	 0.499978	 0.467167	 0.397805	 0.384107	-0.499477	 0.498339
 0.300111	 0.295877	 0.439315	 0.534385	 0.474931	 0.343321	 0.499978	 0.482633	 0.447990	 0.395512	-0.499485	 0.498339
 0.399503	 0.396973	 0.439315	 0.510668	 0.474931	 0.442949	 0.499978	 0.490365	 0.473083	 0.401214	-0.499488	 0.498339
 0.449200	 0.447521	 0.439315	 0.498809	 0.474931	-0.008323	 0.499978	 0.494232	-0.014371	 0.904065	-0.499490	 0.498339
 0.474048	 0.472795	 0.439315	 0.492879	 0.474931	-0.233958	 0.499978	 0.496165	-0.257095	 1.152676	-0.499491	 0.498339
 0.486472	 0.485432	 0.439315	 0.489914	 0.474931	-0.346776	 0.499978	 0.497132	 0.121544	 0.774180	-0.499491	 0.498339
 0.492684	 0.491750	 0.439315	 0.488432	 0.474931	-0.403185	 0.499978	 0.497615	 0.309863	 0.584931	-0.499492	 0.498339
-0.004210	 0.494910	 0.439315	 0.487691	 0.974931	-0.431390	 0.499978	-0.002143	 0.404022	 0.490307	-0.499492	 0.498339
-0.251655	 0.496489	 0.439315	 0.487320	 1.221982	-0.445492	 0.499978	-0.251019	 0.451102	 0.442995	-0.499492	 0.498339
-0.375377	-0.002721	 0.439315	 0.487135	 0.842569	-0.452543	 0.499978	 0.124544	 0.474642	-0.080661	-0.499492	 0.498339
-0.437238	-0.251322	 0.439315	 0.487042	 0.652862	-0.456068	 0.499978	 0.311325	 0.486412	-0.341280	-0.499492	 0.498339
-0.468169	-0.375623	 0.439315	 0.486996	 0.558009	-0.457831	 0.499978	 0.404715	 0.492297	-0.470386	-0.499492	 0.498339
 0.016366	 0.062227	 0.439315	 0.986973	 0.510582	 0.041287	 0.499978	-0.048590	-0.504761	-0.033740	-0.499492	 0.498339
 0.257631	 0.280152	 0.439315	 1.233987	 0.486869	 0.289766	 0.499978	-0.274238	-1.000286	 0.184583	-0.499492	 0.498339
 0.378264	 0.389114	 0.439315	 0.854533	 0.975012	-0.087071	 0.499978	-0.387063	-0.745057	 0.293744	-0.499492	 0.498339
 0.438580	 0.443595	 0.439315	 0.664805	 1.216158	-0.275490	 0.499978	-0.443475	-0.617443	 0.348325	-0.499492	 0.498339
-0.031261	 0.470836	 0.439315	 0.569942	 0.833816	-0.369699	 0.499978	-0.471681	-0.553635	 0.375615	-0.499492	 0.498339
-0.265180	 0.484456	 0.439315	 0.522510	 0.642645	-0.416804	 0.499978	-0.485784	-0.521732	 0.389261	-0.499492	 0.498339
-0.382139	 0.491266	 0.439315	 0.998794	 0.547059	 0.059644	 0.499978	-0.492835	-0.005780	 0.396083	-0.499492	 0.498339
-0.440619	 0.494671	 0.439315	 1.233986	 0.499266	 0.296795	 0.499978	-0.496361	 0.251176	 0.399495	-0.499492	 0.498339
-0.469859	 0.496374	 0.439315	 1.348643	 0.475370	 0.414303	 0.499978	-0.498124	 0.378637	 0.401200	-0.499492	 0.498339
 0.015521	 0.497225	 0.439315	 0.903046	 0.463422	-0.028006	 0.499978	-0.499006	-0.058644	 0.402053	-0.499492	 0.498339
 0.257209	 0.497651	 0.439315	 0.680247	 0.457448	-0.249161	 0.499978	-0.499446	-0.277285	 0.402479	-0.499492	 0.498339
 0.378054	-0.002137	 0.439315	 0.568847	 0.454461	 0.140261	 0.499978	-0.499667	 0.113395	 0.402693	 0.000508	 0.498339
 0.438476	-0.251026	 0.439315	 0.513147	 0.452967	 0.333913	 0.499978	-0.499777	 0.307726	 0.402799	 0.249507	 0.498339
 0.468687	 0.124529	 0.439315	 0.485298	 0.452221	-0.070316	 0.499978	-0.499832	 0.403888	 0.402853	 0.374007	 0.498339
 0.483792	 0.311306	 0.439315	 0.471373	 0.451847	-0.272430	 0.499978	-0.499859	 0.450969	 0.402879	 0.436256	 0.498339
-0.008655	 0.404695	 0.439315	 0.464410	 0.451660	 0.126512	 0.499978	-0.499873	-0.025491	 0.402893	-0.032619	 0.498339
-0.253877	 0.451389	 0.439315	 0.460929	 0.451567	 0.324933	 0.499978	-0.499880	-0.262717	 0.402899	-0.266053	 0.498339
-0.376487	 0.474736	 0.439315	 0.459188	 0.451520	 0.423096	 0.499978	-0.499884	-0.381330	 0.402902	-0.382771	 0.498339
-0.437793	-0.013590	 0.439315	 0.458318	 0.451497	-0.028865	-0.000022	-0.499885	-0.440636	 0.402904	-0.441129	 0.498339
-0.468445	-0.256749	 0.439315	 0.457883	 0.451485	-0.254845	-0.249022	-0.499886	-0.470289	 0.402905	-0.470309	 0.498339
 0.016228	-0.378329	 0.439315	 0.457665	 0.451480	-0.367835	 0.126478	 0.000113	-0.485116	 0.402905	-0.484898	 0.498339
 0.257563	-0.439119	 0.439315	 0.457557	 0.451477	-0.424330	 0.313224	 0.249113	-0.492529	 0.402906	-0.492193	 0.498339
-0.121769	 0.030486	 0.439315	 0.457502	 0.451475	-0.452578	 0.406597	-0.126387	-0.496236	 0.902906	-0.495841	 0.498339
-0.310433	 0.264289	 0.439315	 0.457475	 0.451474	-0.466702	 0.453283	-0.313134	-0.498089	 1.150100	-0.497664	 0.498339
 0.095235	 0.381190	 0.439315	 0.457461	 0.951474	-0.473763	 0.476626	-0.406507	-0.499016	 0.770902	 0.001424	 0.498339
 0.297067	 0.439640	 0.439315	 0.457455	 1.198571	-0.477294	 0.488298	-0.453193	-0.499479	 0.581304	 0.249967	 0.498339
 0.397983	-0.031134	 0.439315	 0.457451	 0.819228	 0.020940	 0.494134	-0.476537	-0.499711	 0.486504	-0.125762	 0.498339
 0.448441	-0.265518	 0.439315	 0.457449	 0.629557	 0.269019	 0.497052	-0.488208	-0.499827	 0.439105	-0.312623	 0.498339
-0.026330	-0.382710	 0.439315	 0.457449	 0.534721	 0.392024	 0.498511	-0.494044	 0.000115	 0.415405	-0.406053	 0.498339
-0.262713	-0.441306	 0.439315	 0.457448	 0.487303	 0.452497	 0.499240	-0.496962	 0.249086	 0.403555	-0.452769	 0.498339
 0.119095	 0.029397	 0.439315	-0.042552	 0.463594	 0.481707	 0.499605	-0.498421	 0.373572	 0.397630	 0.023874	 0.498339
 0.308998	 0.263747	 0.439315	-0.291467	 0.451740	 0.495291	 0.499787	-0.499150	 0.435815	 0.394668	 0.261194	 0.498339
 0.403949	 0.380923	 0.439315	-0.414844	 0.445812	 0.501065	 0.499879	 0.000485	 0.466936	 0.393186	 0.379854	 0.498339
 0.451424	 0.439510	 0.439315	-0.475456	 0.442849	 0.502938	 0.499924	 0.249302	 0.482497	 0.392446	 0.439184	 0.498339
 0.475162	 0.468804	 0.439315	-0.504690	 0.441367	 0.502865	 0.499947	 0.373711	 0.490277	 0.392075	 0.468849	 0.498339
-0.012969	 0.483451	 0.439315	-0.018239	 0.440626	 0.001823	 0.499958	 0.435915	 0.494167	 0.391890	-0.016319	 0.498339
-0.256032	 0.490775	 0.439315	 0.224987	 0.440256	-0.248698	 0.499964	 0.467017	 0.496112	 0.391798	-0.257899	 0.498339
 0.122436	 0.494436	 0.439315	 0.346600	 0.440070	 0.126041	 0.499967	 0.482569	 0.497085	 0.391751	-0.378690	 0.498339
 0.310668	 0.496267	 0.439315	 0.407406	 0.439978	 0.312409	 0.499968	 0.490344	 0.497571	 0.391728	-0.439085	 0.498339
 0.404785	 0.497183	 0.439315	 0.437809	 0.439931	 0.405593	 0.499969	 0.494232	-0.002186	 0.391717	-0.469283	 0.498339
 0.451843	 0.497640	 0.439315	 0.453011	 0.439908	 0.452186	 0.499969	 0.496176	-0.251060	 0.391711	-0.484381	 0.498339
 0.475372	-0.002131	 0.439315	 0.460612	 0.439897	 0.475482	 0.499970	-0.002852	-0.375498	 0.391708	-0.491931	 0.498339
 0.487136	-0.251012	 0.439315	 0.464412	 0.439891	 0.487130	 0.499970	-0.251363	-0.437716	 0.391706	-0.495705	 0.498339
 0.493019	-0.375453	 0.439315	 0.466312	 0.439888	 0.492954	 0.499970	-0.375618	-0.468826	 0.391706	-0.497593	 0.498339
 0.495960	-0.437674	 0.439315	 0.467262	 0.439887	 0.495866	 0.499970	-0.437745	 0.015620	 0.391705	-0.498537	 0.498339
 0.497430	-0.468784	 0.439315	 0.467737	 0.439886	 0.497322	 0.499970	-0.468809	 0.256842	 0.391705	-0.499008	 0.498339
-0.001834	 0.015661	 0.439315	 0.467975	 0.439886	-0.001950	 0.499970	-0.484341	-0.122547	 0.391705	-0.499244	 0.498339
-0.250465	 0.256883	 0.439315	 0.468094	 0.439885	-0.250584	 0.499970	-0.492107	-0.311237	 0.391705	-0.499362	 0.498339
 0.125220	-0.122506	 0.439315	 0.468153	 0.439885	-0.374901	 0.499970	-0.495990	-0.405582	-0.108295	-0.499421	 0.498339
 0.312061	-0.311196	 0.439315	 0.468183	 0.439885	-0.437059	 0.499970	-0.497931	-0.452755	-0.357078	-0.499451	 0.498339
-0.094519	-0.405542	 0.439315	 0.468197	 0.439885	-0.468138	 0.499970	-0.498902	-0.476341	 0.019742	-0.499465	 0.498339
-0.296806	-0.452714	 0.439315	 0.468205	 0.439885	-0.483678	 0.499970	-0.499387	-0.488134	 0.208152	-0.499473	 0.498339
 0.102050	-0.476301	 0.439315	 0.468209	 0.439885	-0.491448	 0.499970	-0.499630	-0.494031	 0.302357	-0.499476	 0.498339
 0.300476	-0.488094	 0.439315	 0.468210	 0.439885	-0.495333	 0.499970	-0.499751	-0.496979	 0.349459	-0.499478	 0.498339
 0.399689	-0.493990	 0.439315	 0.468211	 0.439885	-0.497275	 0.499970	-0.499812	-0.498453	 0.373010	-0.499479	 0.498339
 0.449296	-0.496939	 0.439315	 0.468212	 0.439885	-0.498246	 0.499970	-0.499842	-0.499190	 0.384786	-0.499480	 0.498339
 0.474099	-0.498413	 0.439315	 0.468212	 0.439885	-0.498732	 0.499970	-0.499858	-0.499559	 0.390674	-0.499480	 0.498339
-0.013499	-0.499150	 0.439315	 0.468212	 0.439885	-0.498975	 0.499970	 0.000135	-0.499743	 0.393618	-0.499480	 0.498339
-0.256296	-0.499519	 0.439315	 0.468212	 0.439885	-0.499096	 0.499970	 0.249131	-0.499835	 0.395090	-0.499480	 0.498339
 0.122305	-0.499703	 0.439315	 0.468212	 0.439885	-0.499157	 0.499970	-0.126371	-0.499881	 0.395826	-0.499480	 0.498339
 0.310604	-0.499795	 0.439315	 0.468212	 0.439885	-0.499187	 0.499970	-0.313119	-0.499904	 0.396194	-0.499480	 0.498339
-0.095246	-0.499841	 0.439315	 0.468212	 0.439885	-0.499202	 0.499970	-0.406492	-0.499916	 0.396378	-0.499480	 0.498339
-0.297169	-0.499864	 0.439315	 0.468212	 0.439885	-0.499210	 0.499970	-0.453179	-0.499922	 0.396470	-0.499480	 0.498339
-0.398131	-0.499876	 0.439315	 0.468212	 0.439885	-0.499214	 0.499970	-0.476522	-0.499925	 0.396516	-0.499480	 0.498339
-0.448612	 0.000119	 0.439315	 0.468212	 0.439885	-0.499216	 0.499970	-0.488194	-0.499926	 0.396539	-0.499480	 0.498339
-0.473852	 0.249116	 0.439315	 0.468212	 0.439885	-0.499217	 0.499970	-0.494030	-0.499927	 0.396550	-0.499480	 0.498339
-0.486472	-0.126386	 0.439315	 0.468212	 0.439885	-0.499217	 0.499970	-0.496948	-0.499927	 0.396556	-0.499480	 0.498339
-0.492782	-0.313133	 0.439315	 0.468212	 0.439885	-0.499217	 0.499970	-0.498407	-0.499927	 0.396559	-0.499480	 0.498339
-0.495937	-0.406506	 0.439315	 0.468212	-0.060115	-0.499217	-0.000030	-0.499136	-0.499927	 0.396560	-0.499480	 0.498339
-0.497515	-0.453193	 0.439315	 0.468212	-0.308995	-0.499217	-0.249030	-0.499501	-0.499927	 0.396561	-0.499480	 0.498339
 0.001696	-0.476537	 0.439315	 0.468212	 0.067681	-0.499218	 0.126470	 0.000317	-0.999927	 0.396561	-0.499480	 0.498339
 0.250300	-0.488208	 0.439315	 0.468212	 0.256019	-0.499218	 0.313216	 0.249225	-1.246928	 0.396561	-0.499480	 0.498339
 0.374602	-0.494044	 0.439315	 0.468212	 0.350188	-0.499218	 0.406589	 0.373679	-1.367440	 0.396562	-0.499480	 0.498339
 0.436753	 0.003038	 0.439315	 0.468212	 0.397273	-0.499218	 0.453275	-0.064094	-0.424720	 0.396562	-0.499480	 0.498339
 0.467828	 0.250579	 0.439315	 0.468212	 0.420815	-0.499218	 0.476619	-0.281976	 0.045604	 0.396562	-0.499480	 0.498339
 0.483366	 0.374349	 0.439315	 0.468212	 0.432586	-0.499218	 0.488290	-0.390918	-0.220266	 0.396562	-0.499480	 0.498339
 0.491135	 0.436234	 0.439315	 0.468212	 0.438472	-0.499218	 0.494126	-0.445388	-0.353201	 0.396562	-0.499480	 0.498339
-0.004981	 0.467177	 0.439315	 0.468212	 0.441414	-0.499218	 0.497044	-0.472624	-0.419669	 0.396562	-0.499480	 0.498339
-0.252036	 0.482648	 0.439315	 0.468212	 0.442886	-0.499218	 0.498503	-0.486241	-0.452902	 0.396562	-0.499480	 0.498339
-0.375564	 0.490384	 0.439315	 0.468212	 0.443621	-0.499218	 0.499232	-0.493050	-0.469519	 0.896562	-0.499480	 0.498339
-0.437328	 0.494252	 0.439315	 0.468212	 0.443989	-0.499218	 0.499597	-0.496454	-0.477828	 1.143769	-0.499480	 0.498339
-0.468210	 0.496186	 0.439315	 0.468212	 0.444173	-0.499218	 0.499780	-0.498157	-0.481982	 1.264590	-0.499480	 0.498339
 0.016349	-0.002847	 0.439315	 0.968212	 0.944265	 0.000782	 0.499871	-0.499008	 0.015941	 0.822230	-0.499480	 0.498339
 0.257627	-0.251360	 0.439315	 1.215276	 1.191422	 0.249781	 0.499916	-0.499433	 0.263875	 0.601050	-0.499480	 0.498339
 0.378266	-0.375617	 0.439315	 0.835883	 0.812124	 0.374280	 0.499939	 0.000354	 0.386818	 0.490460	 0.000520	 0.498339
 0.438585	-0.437745	 0.439315	 0.646187	 0.622475	 0.436530	 0.499951	 0.249247	 0.447270	 0.435165	 0.249519	 0.498339
 0.468745	-0.468809	 0.439315	 0.551338	 0.527650	-0.032345	 0.499956	-0.126306	 0.476481	 0.407517	-0.125982	 0.498339
 0.483825	-0.484341	 0.439315	 0.503914	 0.480238	-0.265781	 0.499959	-0.313079	 0.490075	 0.393694	-0.312729	 0.498339
 0.491365	 0.007893	 0.439315	 0.480202	 0.456532	-0.382498	 0.499961	-0.406466	-0.004136	 0.386782	-0.406103	 0.498339
 0.495135	 0.253010	 0.439315	 0.468346	 0.444678	-0.440857	 0.499961	-0.453159	-0.251241	 0.383326	-0.452790	 0.498339
 0.497020	 0.375568	 0.439315	 0.462418	 0.438752	-0.470036	 0.499962	-0.476505	-0.374793	 0.381598	-0.476133	 0.498339
 0.497962	 0.436847	 0.439315	 0.459454	 0.435789	-0.484626	 0.499962	-0.488179	 0.063430	 0.880734	-0.487805	 0.498339
 0.498433	 0.467487	 0.439315	 0.457972	 0.434307	-0.491921	 0.499962	-0.494015	 0.281539	 1.127542	-0.493640	 0.498339
-0.001331	-0.017193	 0.439315	 0.457231	 0.433566	-0.495568	 0.499962	-0.496934	-0.109407	 1.248198	-0.496558	 0.498339
-0.250211	-0.258530	 0.439315	 0.456861	 0.433196	-0.497392	 0.499962	-0.498393	-0.303879	 1.305788	-0.498017	 0.498339
 0.125349	 0.120802	 0.439315	 0.456675	 0.433011	-0.498304	 0.499962	-0.499122	-0.401115	 0.831856	 0.001253	 0.498339
 0.312127	 0.309468	 0.439315	 0.456583	 0.432918	-0.498760	 0.499962	-0.499487	-0.449733	 0.594890	 0.249887	 0.498339
 0.405516	 0.403801	 0.439315	 0.456536	 0.432872	-0.498988	 0.499962	-0.499670	-0.474042	 0.476407	 0.374204	 0.498339
 0.452211	 0.450967	 0.439315	 0.456513	 0.432849	-0.499102	 0.499962	-0.499761	-0.486197	 0.417166	 0.436363	 0.498339
 0.475558	 0.474550	 0.439315	 0.456502	 0.432837	-0.499159	 0.499962	-0.499806	-0.492274	 0.387545	 0.467442	 0.498339
-0.012768	 0.486342	 0.439315	 0.456496	 0.432831	-0.499187	 0.499962	-0.499829	 0.004687	 0.372734	-0.017018	 0.498339
-0.255929	 0.492238	 0.439315	 0.456493	 0.432828	-0.499202	 0.499962	-0.499841	 0.252165	 0.365329	-0.258245	 0.498339
-0.377510	-0.004814	 0.439315	 0.956492	 0.432827	-0.499209	 0.499962	 0.000154	-0.124097	 0.361627	-0.378859	 0.498339
-0.438300	-0.252337	 0.439315	 1.203578	 0.432826	-0.499212	 0.499962	 0.249151	-0.311226	 0.359775	-0.439166	 0.498339
-0.468695	-0.376098	 0.439315	 0.824220	 0.932826	-0.499214	 0.499962	 0.373649	-0.404791	 0.358850	 0.030681	 0.498339
-0.483893	-0.437978	 0.439315	 0.634541	 1.179960	-0.499215	 0.499962	 0.435898	-0.451574	 0.358387	 0.264603	 0.498339
 0.008509	-0.468919	 0.439315	 0.539701	 0.800673	-0.499215	 0.499962	-0.032977	-0.474965	 0.858155	-0.118436	 0.498339
 0.253707	-0.484389	 0.439315	 0.492281	 0.611029	-0.499216	 0.499962	-0.266411	-0.486661	 1.105324	-0.308952	 0.498339
 0.376307	-0.492124	 0.439315	 0.468571	 0.516207	-0.499216	 0.499962	-0.383128	-0.492509	 1.226203	-0.404210	 0.498339
-0.062394	 0.004009	 0.439315	 0.456716	 0.468797	 0.000784	 0.499962	-0.441487	 0.004567	 0.783949	-0.451840	 0.498339
-0.280742	 0.251074	 0.439315	 0.450789	 0.445091	 0.249783	 0.499962	-0.470666	 0.252102	 0.562821	-0.475654	 0.498339
 0.110084	-0.125393	 0.439315	 0.447825	 0.433238	-0.125718	 0.499962	-0.485256	 0.375870	 0.452258	-0.487561	 0.498339
 0.304496	-0.312622	 0.439315	 0.446343	 0.427312	-0.312466	 0.499962	-0.492550	 0.437753	 0.396976	-0.493515	 0.498339
 0.401701	-0.406237	 0.439315	 0.445602	 0.424349	 0.094160	 0.499962	 0.003802	 0.468695	 0.369335	-0.496492	 0.498339
 0.450304	-0.453045	 0.439315	 0.445232	 0.422867	 0.296471	 0.499962	 0.250978	 0.484166	 0.355515	-0.497980	 0.498339
-0.025395	 0.023552	 0.439315	 0.445047	 0.422127	 0.397627	 0.499962	 0.374566	-0.008098	 0.348604	-0.498725	 0.498339
-0.262242	 0.260849	 0.439315	 0.444954	 0.421756	 0.448205	 0.499962	 0.436360	-0.253230	 0.345149	-0.499097	 0.498339
-0.380665	 0.379498	 0.439315	 0.444908	 0.421571	 0.473494	 0.499962	 0.467257	-0.375796	 0.343422	-0.499283	 0.498339
-0.439877	 0.438823	 0.439315	 0.444885	 0.421478	-0.013862	 0.499962	-0.017294	-0.437079	 0.342558	-0.499376	 0.498339
-0.469483	 0.468485	 0.439315	 0.444873	 0.421432	-0.256537	 0.499962	-0.258566	-0.467720	 0.342126	-0.499422	 0.498339
-0.484286	 0.483316	 0.439315	 0.444867	 0.421409	 0.122125	 0.499962	-0.379202	 0.016959	 0.341910	-0.499445	 0.498339
-0.491687	 0.490732	 0.439315	 0.444864	 0.421397	 0.310455	 0.499962	-0.439520	 0.258296	 0.341802	-0.499457	 0.498339
 0.004612	-0.005560	 0.439315	 0.444863	 0.421391	-0.095380	 0.499962	 0.030321	 0.378964	 0.341748	-0.499463	 0.498339
 0.251760	-0.252703	 0.439315	 0.444862	 0.421389	-0.297295	 0.499962	 0.264241	 0.439298	 0.341721	-0.499466	 0.498339
 0.375334	 0.123726	 0.439315	 0.444862	 0.421387	-0.898253	 0.499962	-0.118799	-0.030535	 0.341708	-0.499467	 0.498339
 0.437121	 0.310940	 0.439315	 0.444862	 0.421386	-1.195733	 0.499962	-0.309315	-0.264451	 0.341701	-0.499468	 0.498339
 0.468014	 0.404547	 0.439315	 0.444862	 0.421386	-1.341487	 0.499962	-0.404574	-0.381409	 0.341697	-0.499468	 0.498339
-0.016539	 0.451351	 0.439315	 0.444862	 0.421386	-0.911390	 0.499962	-0.452203	-0.939888	 0.341696	-0.499469	 0.498339
-0.257814	 0.474752	 0.439315	 0.444862	 0.421386	-0.696341	 0.499962	-0.476017	-1.216130	 0.341695	-0.499469	 0.498339
 0.121549	 0.486453	 0.439315	 0.444861	 0.421386	-0.088816	 0.499962	-0.487924	-0.851267	 0.341694	-0.499469	 0.498339
 0.310229	 0.492304	 0.439315	 0.444861	 0.421386	 0.213908	 0.499962	-0.493878	-0.668835	 0.341694	-0.499469	 0.498339
 0.404569	 0.495229	 0.439315	 0.444861	 0.421386	-0.135762	 0.499962	 0.003145	-0.577620	 0.841694	-0.499469	 0.498339
 0.451738	 0.496691	 0.439315	 0.444861	 0.421386	-0.310598	 0.499962	 0.250656	-0.532012	 1.089011	-0.499469	 0.498339
 0.475323	 0.497423	 0.439315	 0.444861	-0.078614	 0.101984	 0.499962	 0.374412	-0.009208	 0.709996	 0.000531	 0.498339
 0.487116	 0.497788	 0.439315	 0.444861	-0.327457	 0.307246	 0.499962	 0.436290	 0.251167	 0.520489	 0.249530	 0.498339
 0.493012	 0.497971	 0.439315	 0.444861	-0.450726	 0.408852	 0.499962	 0.467229	 0.380331	 0.425736	 0.374030	 0.498339
 0.495960	 0.498063	 0.439315	 0.444861	-0.011212	-0.041366	 0.499962	-0.017302	-0.056105	 0.378359	-0.063721	 0.498339
 0.497434	 0.498108	 0.439315	 0.444861	 0.208545	-0.266474	 0.499962	-0.258563	-0.274324	 0.354670	-0.281593	 0.498339
 0.498171	-0.001869	 0.439315	 0.444861	 0.318423	 0.120971	 0.499962	-0.379194	 0.116567	 0.342826	-0.390529	 0.498339
 0.498540	-0.250854	 0.439315	 0.444861	 0.373362	 0.313677	 0.499962	-0.439510	 0.310997	 0.336904	-0.444997	 0.498339
 0.498724	-0.375346	 0.439315	 0.444861	 0.400832	 0.409017	 0.499962	-0.469667	 0.407202	 0.333943	-0.472231	 0.498339
-0.001184	-0.437592	 0.439315	 0.444861	 0.414567	-0.044321	 0.499962	-0.484746	-0.545703	 0.332463	-0.485848	 0.498339
-0.250136	 0.031285	 0.439315	 0.444861	 0.421434	-0.270991	 0.499962	 0.007714	-0.019158	 0.331722	-0.492656	 0.498339
-0.374611	 0.264723	 0.439315	 0.444861	 0.424868	-0.384325	 0.499962	 0.252944	 0.243100	 0.331352	-0.496061	 0.498339
-0.436849	 0.381442	 0.439315	 0.444861	 0.426584	-0.440993	 0.499962	 0.375559	 0.373218	 0.331167	-0.497763	 0.498339
 0.032032	 0.439801	 0.439315	 0.444861	 0.427443	 0.030674	 0.499962	-0.063133	 0.437270	 0.331075	-0.498614	 0.498339
 0.265470	 0.468981	 0.439315	 0.444861	 0.427872	 0.265502	 0.499962	-0.281476	 0.468294	 0.331028	-0.499039	 0.498339
-0.117810	 0.483571	 0.439315	 0.444861	-0.071913	-0.118084	 0.499962	-0.390647	-0.016194	 0.331005	-0.499252	 0.498339
-0.308448	 0.490866	 0.439315	 0.444861	-0.320663	-0.308874	 0.499962	-0.445233	-0.257437	 0.330994	-0.499359	 0.498339
 0.096232	 0.494513	 0.439315	 0.444861	 0.056102	-0.404269	 0.499962	 0.027474	-0.378058	 0.330988	-0.499412	 0.498339
 0.297571	 0.496337	 0.439315	 0.444861	 0.244484	-0.451967	 0.499962	 0.262828	-0.438369	 0.330985	-0.499438	 0.498339
-0.101760	-0.002751	 0.439315	 0.444861	 0.838675	 0.024185	 0.499962	 0.380504	-0.468524	 0.330983	-0.499452	 0.498339
-0.300423	-0.251291	 0.439315	 0.444861	 1.132905	 0.261260	 0.499962	 0.439342	-0.483602	 0.330983	-0.499458	 0.498339
 0.100246	 0.124438	 0.439315	 0.444861	 0.777165	-0.120203	 0.499962	 0.468762	-0.491141	 0.330982	-0.499462	 0.498339
 0.299578	 0.311303	 0.439315	 0.444861	 0.599295	-0.309931	 0.499962	 0.483471	-0.494910	 0.330982	-0.499463	 0.498339
 0.399244	 0.404735	 0.439315	 0.444861	 0.510361	-0.404795	 0.499962	 0.490826	-0.496795	 0.330982	-0.499464	 0.498339
-0.050923	 0.451451	 0.439315	 0.444861	 0.465893	 0.047773	 0.499962	-0.005497	 0.002263	 0.330982	-0.499465	 0.498339
-0.275004	 0.474809	 0.439315	 0.444861	 0.443659	 0.273057	 0.499962	-0.252654	 0.250789	 0.330982	-0.499465	 0.498339
-0.387045	 0.486488	 0.439315	 0.444861	 0.432543	-0.114302	 0.499962	-0.376233	-0.624948	 0.330982	-0.499465	 0.498339
-0.443065	 0.492328	 0.439315	 0.444861	 0.426984	-0.306978	 0.499962	-0.438023	-1.059815	 0.330982	-0.499465	 0.498339
 0.028925	-0.004752	 0.439315	 0.444861	 0.424205	-0.403316	 0.499962	-0.468917	-0.274259	 0.330982	-0.499465	 0.498339
 0.263918	-0.252289	 0.439315	 0.444861	 0.422815	-0.451485	 0.499962	-0.484365	 0.117496	 0.330982	-0.499465	 0.498339
 0.381415	 0.123943	 0.439315	 0.444861	-0.077879	-0.475569	 0.499962	 0.007912	-0.187645	 0.330982	-0.499465	 0.498339
 0.440163	 0.311059	 0.439315	 0.444861	-0.327070	-0.487611	 0.499962	 0.253050	-0.340215	 0.330982	-0.499465	 0.498339
 0.469537	 0.404616	 0.439315	 0.444861	-0.450512	-0.493632	 0.499962	 0.375618	-0.416501	 0.330982	-0.499465	 0.498339
-0.015776	 0.451395	 0.439315	 0.444861	-0.011086	-0.496643	 0.499962	-0.063097	-0.454643	 0.330982	 0.000535	 0.498339
-0.257430	 0.474785	 0.439315	 0.444861	 0.208628	-0.498148	 0.499962	-0.281451	-0.473715	 0.330982	 0.249534	 0.498339
 0.121743	-0.013521	 0.439315	-0.055139	 0.318484	-0.498901	 0.499962	 0.109372	-0.483250	 0.330982	-0.125967	 0.498339
 0.310327	-0.256670	 0.439315	-0.304028	 0.373413	-0.499277	 0.499962	 0.303783	-0.488018	 0.330982	-0.312714	 0.498339
-0.095380	 0.121756	 0.439315	 0.072633	 0.400877	 0.000535	 0.499962	-0.099012	-0.990402	 0.330982	 0.093912	 0.498339
-0.297232	 0.309968	 0.439315	 0.260963	 0.414609	 0.249440	 0.499962	-0.299405	-1.238608	 0.330982	 0.296225	 0.498339
-0.398158	 0.404075	 0.439315	 0.355128	 0.421475	 0.373893	 0.499962	-0.399602	-1.359738	 0.330982	 0.397381	 0.498339
 0.051379	-0.048872	 0.439315	 0.402211	 0.424908	-0.063881	 0.499962	-0.449701	-0.917341	 0.330982	-0.052041	 0.498339
 0.275146	-0.274342	 0.439315	 0.425752	 0.426624	-0.281765	 0.499962	-0.474750	-0.696142	 0.330982	-0.275749	 0.498339
 0.387029	-0.387077	 0.439315	 0.437523	 0.427483	-0.390706	 0.499962	-0.487274	-0.585543	 0.330982	-0.387604	 0.498339
 0.442971	-0.443445	 0.439315	 0.443408	 0.427912	-0.445177	 0.499962	-0.493537	-0.030244	 0.330982	 0.056469	 0.498339
 0.470942	-0.471628	 0.439315	 0.446351	 0.428126	-0.472413	 0.499962	-0.496668	 0.246356	 0.330982	 0.277505	 0.498339
-0.015073	 0.014280	 0.439315	 0.447822	 0.428234	-0.486031	 0.499962	-0.498233	-0.616390	-0.169018	 0.388023	 0.498339
-0.257078	 0.256234	 0.439315	 0.448558	 0.428287	-0.492839	 0.499962	-0.499016	-1.044805	-0.417680	 0.443281	 0.498339
-0.378081	 0.377210	 0.439315	 0.448926	 0.428314	 0.003756	 0.499962	-0.499408	-0.756066	-0.040678	-0.029089	 0.498339
-0.438582	 0.437699	 0.439315	 0.449110	 0.428328	 0.251053	 0.499962	-0.499603	-0.611696	 0.147823	-0.264271	 0.498339
 0.031168	 0.467943	 0.439315	 0.449202	 0.428334	-0.125298	 0.499962	-0.499701	-0.039511	 0.242073	-0.381863	 0.498339
 0.265040	 0.483065	 0.439315	 0.449248	 0.428338	-0.312471	 0.499962	-0.499750	 0.245516	 0.289198	-0.440658	 0.498339
 0.381977	 0.490626	 0.439315	 0.449271	 0.428339	-0.406057	 0.499962	-0.499775	 0.386968	 0.312761	-0.470056	 0.498339
-0.059555	-0.005593	 0.439315	 0.449282	 0.428340	-0.452850	 0.499962	 0.000213	-0.543362	-0.175458	-0.484755	 0.498339
-0.279319	-0.252699	 0.439315	 0.449288	 0.428341	-0.476247	 0.499962	 0.249207	-1.005580	-0.418240	-0.492104	 0.498339
 0.110799	-0.376252	 0.439315	 0.449291	 0.428341	-0.487945	 0.499962	 0.373703	-0.733754	-0.038309	-0.495779	 0.498339
 0.304857	-0.438029	 0.439315	 0.449292	 0.428341	-0.493794	 0.499962	 0.435952	-0.597840	 0.151657	-0.497617	 0.498339
-0.098115	-0.468917	 0.439315	 0.449293	 0.428341	-0.496718	 0.499962	-0.032924	-0.029884	 0.246639	-0.498535	 0.498339
-0.298598	-0.484361	 0.439315	 0.449293	 0.428341	-0.498181	 0.499962	-0.266358	 0.253018	 0.294131	-0.498995	 0.498339
-0.398840	-0.492083	 0.439315	 0.449294	 0.428341	-0.498912	 0.499962	 0.116925	-0.106602	 0.317877	-0.499224	 0.498339
-0.448961	-0.495944	 0.439315	 0.449294	 0.428341	-0.499277	 0.499962	 0.307566	-0.286413	 0.329749	-0.499339	 0.498339
-0.474021	-0.497875	 0.439315	 0.449294	 0.428341	-0.499460	 0.499962	 0.402886	-0.376318	 0.335686	-0.499396	 0.498339
-0.486552	-0.498840	 0.439315	 0.949294	 0.428341	-0.499552	 0.499962	-0.049454	-0.421271	 0.338654	-0.499425	 0.498339
-0.492817	-0.499323	 0.439315	 1.196395	 0.428341	-0.499597	 0.499962	-0.274620	-0.443747	 0.340138	-0.499440	 0.498339
-0.495949	-0.499564	 0.439315	 0.817059	 0.428341	 0.000380	 0.499962	-0.387203	-0.454985	 0.340880	-0.499447	 0.498339
-0.497515	-0.499685	 0.439315	 0.627391	 0.428341	 0.249368	 0.499962	-0.443495	-0.460604	 0.341251	-0.499450	 0.498339
-0.498299	 0.000255	 0.439315	 0.032557	 0.928341	 0.373862	 0.499962	 0.028360	-0.463414	 0.341437	-0.499452	 0.498339
-0.498690	 0.249224	 0.439315	-0.263736	 1.175484	 0.436109	 0.499962	 0.263286	-0.464818	 0.341529	-0.499453	 0.498339
-0.498886	 0.373709	 0.439315	 0.589238	 0.796211	-0.032768	 0.499962	-0.119250	-0.465521	 0.341576	-0.499453	 0.498339
-0.498984	 0.435951	 0.439315	 1.012840	 0.606574	-0.266203	 0.499962	-0.309515	-0.465872	 0.341599	-0.499454	 0.498339
 0.000967	-0.032927	 0.439315	 0.721769	 0.511755	-0.382920	 0.499962	-0.404648	-0.466048	 0.841611	-0.499454	 0.498339
 0.249941	-0.266363	 0.439315	 0.576233	 0.464346	-0.441279	 0.499962	-0.452214	-0.466135	 1.088933	-0.499454	 0.498339
 0.374428	-0.383081	 0.439315	 0.503465	 0.440642	-0.470459	 0.499962	-0.475997	-0.466179	 1.209922	-0.499454	 0.498339
 0.436671	-0.441440	 0.439315	 0.467081	 0.428789	 0.014952	 0.499962	 0.012112	-0.466201	 0.767754	-0.499454	 0.498339
 0.467793	 0.029380	 0.439315	 0.448889	 0.422863	-0.243344	 0.499962	 0.255165	 0.033788	 0.546671	-0.499454	 0.498339
 0.483354	 0.263790	 0.439315	 0.439793	 0.419900	-0.371488	 0.499962	 0.376692	 0.282715	 0.436129	-0.499454	 0.498339
-0.008866	 0.380995	 0.439315	 0.935245	 0.418419	-0.435561	 0.499962	-0.062544	-0.593885	-0.119142	-0.499454	 0.498339
-0.253973	 0.439598	 0.439315	 1.180110	 0.417678	-0.467597	 0.499962	-0.281159	-1.029244	-0.395429	-0.499454	 0.498339
-0.376527	 0.468899	 0.439315	 1.299692	 0.417307	-0.483615	 0.499962	-0.390466	-1.243994	-0.532229	-0.499454	 0.498339
-0.437804	 0.483550	 0.439315	 0.856645	 0.417122	-0.491624	 0.499962	-0.445120	-0.848452	-0.099290	-0.499454	 0.498339
-0.468443	 0.490875	 0.439315	 0.635121	 0.417030	-0.495628	 0.499962	-0.472447	-0.650681	 0.117179	-0.499454	 0.498339
-0.483762	-0.005463	 0.439315	 0.524359	 0.416983	-0.497631	 0.499962	-0.486110	-0.551795	 0.225413	-0.499454	 0.498339
-0.491421	-0.252628	 0.439315	 0.468978	 0.416960	-0.498632	 0.499962	-0.492942	-0.502352	 0.279530	-0.499454	 0.498339
 0.004749	 0.123790	 0.439315	 0.441288	 0.416949	-0.499132	 0.499962	-0.496358	 0.022369	 0.306589	-0.499454	 0.498339
 0.251832	 0.310998	 0.439315	 0.427443	 0.416943	-0.499383	 0.499962	-0.498066	 0.283636	 0.320118	-0.499454	 0.498339
 0.375374	-0.095398	 0.439315	 0.420520	 0.416940	-0.499508	 0.499962	 0.001080	-0.086821	 0.326883	 0.000546	 0.498339
 0.437144	-0.297592	 0.439315	 0.417059	 0.416939	-0.499570	 0.499962	 0.249653	-0.272049	 0.330265	 0.249545	 0.498339
 0.468030	 0.101311	 0.439315	 0.415328	 0.416938	 0.000398	 0.499962	-0.126061	 0.135337	 0.831957	-0.125956	 0.498339
 0.483473	 0.299762	 0.439315	 0.414463	 0.416937	 0.249382	 0.499962	-0.312914	 0.337944	 1.080135	-0.312703	 0.498339
 0.491194	 0.398987	 0.439315	 0.414030	 0.416937	 0.373874	 0.499962	-0.406341	 0.438167	 1.201567	-0.406077	 0.498339
 0.495055	-0.051400	 0.439315	 0.413814	 0.416937	-0.063880	 0.499962	 0.046946	-0.012799	 0.759638	-0.452763	 0.498339
 0.496985	-0.275590	 0.439315	 0.413706	 0.416937	-0.281754	 0.499962	 0.272589	-0.238281	 0.538673	-0.476107	 0.498339
 0.497950	 0.112315	 0.439315	 0.413651	 0.416937	-0.390691	 0.499962	-0.114590	 0.148977	 0.428190	-0.487779	 0.498339
 0.498433	 0.305267	 0.439315	 0.413624	 0.416937	-0.445159	 0.499962	-0.307176	 0.341534	 0.372949	-0.493614	 0.498339
 0.498674	 0.401743	 0.439315	 0.413611	 0.416937	-0.472394	 0.499962	-0.403468	 0.436744	 0.345328	-0.496532	 0.498339
-0.001205	-0.050019	 0.439315	 0.413604	 0.416937	-0.486011	 0.499962	 0.048385	-0.016714	-0.168482	-0.497991	 0.498339
 0.249857	-0.274896	 0.439315	 0.413601	 0.416937	-0.492819	 0.499962	-0.226689	-0.243444	 0.075978	-0.498721	 0.498339
 0.374386	-0.387335	 0.439315	 0.413599	 0.416937	-0.496223	 0.499962	-0.363222	-0.356809	 0.198207	-0.499085	 0.498339
 0.436651	-0.443554	 0.439315	 0.413598	 0.416937	-0.497926	 0.499962	-0.431489	-0.413491	 0.259322	-0.499268	 0.498339
 0.467784	-0.471664	 0.439315	 0.413598	 0.416937	-0.498777	 0.499962	-0.465622	-0.441832	 0.289880	-0.499359	 0.498339
-0.016650	 0.014281	 0.439315	-0.086402	 0.416937	-0.499202	 0.499962	-0.482689	 0.043997	 0.305158	-0.499405	 0.498339
-0.257865	-0.243747	 0.439315	 0.164770	 0.916937	-0.499415	 0.499962	-0.491222	-0.214148	 0.312798	-0.499427	 0.498339
-0.378472	-0.371757	 0.439315	 0.290357	 1.164103	-0.499521	 0.499962	-0.495489	-0.343220	 0.316617	-0.499439	 0.498339
 0.061224	 0.064238	 0.439315	 0.353150	 0.784864	-0.999575	 0.499962	 0.002378	-0.407756	 0.318527	 0.000555	 0.498339
 0.280070	 0.281235	 0.439315	 0.384546	 0.595244	-1.246602	 0.499962	 0.250311	-0.440024	 0.319482	 0.249552	 0.498339
-0.110507	 0.389733	 0.439315	 0.400245	 0.500434	-0.867128	 0.499962	-0.125723	 0.043842	 0.319960	 0.374050	 0.498339
-0.304793	 0.443982	 0.439315	 0.408094	 0.453029	-0.677391	 0.499962	-0.312736	 0.284719	 0.320198	 0.436299	 0.498339
-0.401936	 0.471107	 0.439315	 0.412018	 0.429327	-0.582523	 0.499962	-0.406243	 0.404107	 0.320318	 0.467423	 0.498339
-0.450508	 0.484669	 0.439315	 0.413981	 0.417475	-0.535089	 0.499962	-0.452996	 0.462753	 0.320377	 0.482985	 0.498339
 0.025207	-0.008550	 0.439315	 0.414962	 0.411550	-0.511372	 0.499962	-0.476373	 0.491034	 0.320407	-0.009234	 0.498339
 0.262062	-0.254156	 0.439315	 0.415452	 0.408587	 0.000487	 0.499962	-0.488061	-0.495864	-0.179578	-0.254340	 0.498339
 0.380490	-0.376959	 0.439315	 0.415698	 0.407106	 0.255391	 0.499962	-0.493905	-0.986348	-0.428211	-0.376893	 0.498339
-0.060297	-0.438360	 0.439315	 0.415820	 0.406365	-0.118177	 0.499962	-0.496827	-0.728636	-0.051174	-0.438170	 0.498339
-0.279688	-0.469061	 0.439315	 0.415882	 0.405995	-0.304961	 0.499962	-0.498288	-0.599780	 0.137344	-0.468808	 0.498339
 0.110617	 0.015589	 0.439315	 0.415912	 0.405809	-0.398353	 0.499962	-0.499019	-0.535352	 0.231603	-0.484127	 0.498339
 0.304767	 0.256913	 0.439315	 0.415928	 0.405717	-0.445049	 0.499962	-0.499384	-0.503138	 0.278733	-0.491787	 0.498339
 0.401843	 0.377575	 0.439315	 0.415935	 0.405671	-0.468397	 0.499962	-0.499567	-0.487031	 0.302298	-0.495617	 0.498339
-0.049620	-0.062093	 0.439315	 0.415939	 0.405647	-0.480071	 0.499962	 0.000342	-0.478978	 0.814080	-0.497532	 0.498339
-0.274349	-0.280924	 0.439315	 0.415941	 0.405636	-0.485908	 0.499962	 0.249296	-0.474951	 1.067320	-0.498489	 0.498339
-0.386713	-0.390340	 0.439315	 0.415942	 0.405630	 0.011173	 0.499962	 0.373773	 0.027062	 0.691298	-0.498968	 0.498339
-0.442896	-0.445048	 0.439315	 0.415943	 0.405627	 0.258697	 0.499962	 0.436011	 0.277011	 0.503288	-0.499207	 0.498339
 0.029013	 0.027599	 0.439315	 0.415943	 0.405626	-0.118553	 0.499962	-0.032869	-0.099069	 0.409282	-0.499327	 0.498339
 0.263966	 0.262921	 0.439315	 0.415943	 0.405625	-0.307178	 0.499962	-0.266306	-0.287109	 0.362280	-0.499387	 0.498339
 0.381442	 0.380582	 0.439315	 0.415943	 0.405625	 0.098509	 0.499962	-0.383025	-0.381128	 0.338778	-0.499417	 0.498339
 0.440180	 0.439413	 0.439315	 0.415943	 0.405624	 0.300345	 0.499962	-0.441384	-0.428138	 0.327028	-0.499432	 0.498339
 0.469549	 0.468828	 0.439315	 0.415943	 0.405624	 0.400258	 0.499962	-0.470564	-0.451643	 0.321152	-0.499439	 0.498339
 0.484234	 0.483536	 0.439315	 0.415943	 0.405624	-0.050786	 0.499962	-0.485153	-0.463396	 0.318215	-0.499443	 0.498339
 0.491576	 0.490890	 0.439315	 0.415943	 0.405624	-0.275304	 0.499962	-0.492448	-0.469272	 0.316746	-0.499445	 0.498339
 0.495247	 0.494567	 0.439315	 0.415943	 0.405624	 0.112437	 0.499962	-0.496096	 0.027790	 0.316011	-0.499446	 0.498339
 0.497083	 0.496405	 0.439315	 0.415943	 0.405624	 0.305307	 0.499962	-0.497920	 0.275271	 0.315644	-0.499446	 0.498339
 0.498001	-0.002676	 0.439315	 0.415943	 0.405624	-0.098258	 0.499962	-0.498831	 0.397966	 0.315461	-0.499446	 0.498339
 0.498460	-0.251212	 0.439315	 0.415943	 0.405624	-0.299037	 0.499962	-0.499287	 0.458272	 0.315369	-0.499446	 0.498339
-0.001311	 0.124519	 0.439315	 0.415943	 0.405624	-0.399426	 0.499962	 0.000485	-0.012612	 0.315323	-0.499447	 0.498339
-0.250194	 0.311384	 0.439315	 0.415943	 0.405624	-0.449621	 0.499962	 0.249370	-0.248054	 0.315300	-0.499447	 0.498339
-0.374636	 0.404817	 0.439315	 0.415943	 0.405624	-0.474718	 0.499962	 0.373813	-0.365775	 0.315288	-0.499447	 0.498339
 0.063144	 0.451533	 0.439315	 0.415943	 0.405624	-0.487267	 0.499962	-0.063966	-0.424635	 0.315283	 0.000553	 0.498339
 0.281031	 0.474892	 0.439315	 0.415943	 0.405624	-0.493541	 0.499962	-0.281851	-0.454065	 0.315280	 0.249552	 0.498339
-0.110025	-0.013429	 0.439315	 0.415943	 0.405624	-0.496678	-0.000038	-0.390794	-0.468781	 0.315278	 0.374052	 0.498339
-0.304551	-0.256586	 0.439315	 0.415943	 0.405624	-0.498247	-0.249038	-0.445266	-0.476138	 0.315278	 0.436301	 0.498339
-0.401814	 0.121835	 0.439315	 0.415943	 0.405624	-0.499031	 0.126462	-0.472502	-0.479817	 0.315277	-0.032574	 0.498339
-0.450445	 0.310045	 0.439315	 0.415943	 0.405624	-0.499423	 0.313208	-0.486119	-0.481656	 0.315277	-0.266008	 0.498339
 0.025239	 0.404151	 0.439315	 0.415943	 0.405624	-0.499619	 0.406581	-0.492928	-0.482576	 0.315277	-0.382726	 0.498339
 0.262079	 0.451203	 0.439315	 0.415943	 0.405624	-0.499717	 0.453268	-0.496333	-0.483036	 0.315277	-0.441084	 0.498339
 0.380500	 0.474729	 0.439315	 0.415943	 0.405624	-0.499766	 0.476611	-0.498035	-0.483266	 0.315277	-0.470264	 0.498339
 0.439710	 0.486493	 0.439315	 0.415943	 0.405624	-0.499791	 0.488283	-0.498886	-0.483381	 0.315277	-0.484853	 0.498339
 0.469315	-0.007626	 0.439315	 0.415943	 0.405624	-0.499803	 0.494118	-0.499312	-0.483438	 0.315277	-0.492148	 0.498339
 0.484117	-0.253682	 0.439315	 0.415943	 0.405624	-0.499809	 0.497036	-0.499525	-0.483467	 0.315277	-0.495796	 0.498339
 0.491518	 0.123291	 0.439315	 0.415943	 0.405624	-0.499812	 0.498495	-0.499631	 0.016519	 0.315277	-0.497619	 0.498339
 0.495219	 0.310776	 0.439315	 0.415943	 0.405624	-0.499814	 0.499225	-0.499684	 0.265478	 0.315277	-0.498531	 0.498339
 0.497069	-0.095481	 0.439315	 0.415943	 0.405624	 0.000185	 0.499590	 0.000289	 0.388929	 0.315277	-0.498987	 0.498339
 0.497995	-0.297606	 0.439315	 0.415943	 0.405624	 0.249185	 0.499772	 0.249275	 0.449630	 0.315277	-0.499215	 0.498339
-0.001543	 0.101331	 0.439315	 0.915943	 0.405624	-0.126316	 0.499863	 0.373769	 0.478960	 0.315277	-0.499329	 0.498339
-0.250309	 0.299799	 0.439315	 1.163111	 0.405624	-0.313062	 0.499909	 0.436015	 0.492608	 0.315277	-0.499386	 0.498339
-0.374693	 0.399033	 0.439315	 1.283875	 0.405624	-0.406436	 0.499931	 0.467138	 0.498420	 0.315277	-0.499415	 0.498339
 0.063116	 0.448650	 0.439315	 0.841447	 0.405624	-0.453122	 0.499943	-0.017300	 0.000317	 0.315277	-0.499429	 0.498339
 0.281018	 0.473459	 0.439315	 0.620233	 0.405624	-0.476466	 0.499949	-0.258516	-0.248734	 0.315277	-0.499436	 0.498339
 0.389969	 0.485863	 0.439315	 0.509626	 0.405624	-0.488137	 0.499951	-0.379124	-0.373260	 0.315277	-0.499439	 0.498339
 0.444445	 0.492065	 0.439315	 0.454323	 0.405624	-0.493973	 0.499953	-0.439427	-0.435523	 0.315277	-0.499441	 0.498339
 0.471683	 0.495166	 0.439315	 0.426671	 0.405624	-0.496891	 0.499954	-0.469579	 0.033346	 0.315277	-0.499442	 0.498339
 0.485301	 0.496717	 0.439315	 0.412845	 0.405624	-0.498350	 0.499954	-0.484655	 0.266776	 0.315277	-0.499443	 0.498339
-0.007889	 0.497492	 0.439315	 0.405932	 0.405624	 0.000921	 0.499954	-0.492193	 0.382490	 0.315277	-0.499443	 0.498339
-0.253482	 0.497880	 0.439315	 0.402476	 0.405624	 0.249555	 0.499954	-0.495962	 0.440348	 0.315277	-0.499443	 0.498339
-0.376279	 0.498074	 0.439315	 0.400748	 0.405624	 0.373873	 0.499954	-0.497847	 0.469276	 0.315277	-0.499443	 0.498339
 0.062323	-0.001829	 0.439315	 0.399884	 0.405624	 0.436032	 0.499954	-0.498789	-0.016259	 0.315277	 0.000557	 0.498339
 0.280622	-0.250778	 0.439315	 0.399452	 0.405624	 0.467111	 0.499954	-0.499260	-0.258024	 0.315277	 0.249556	 0.498339
 0.389771	 0.124748	 0.439315	 0.399236	 0.405624	-0.017349	 0.499954	-0.499496	-0.878906	-0.184723	-0.125945	 0.498339
 0.444346	 0.311511	 0.439315	 0.399128	 0.405624	-0.258576	 0.499954	-0.499614	-1.186347	-0.433354	-0.312692	 0.498339
-0.028366	 0.404892	 0.439315	-0.100926	 0.405624	-0.379189	 0.499954	 0.000328	-0.837080	-0.056305	-0.406066	 0.498339
-0.263721	 0.451583	 0.439315	-0.349751	 0.405624	-0.439496	 0.499954	 0.249298	-0.662447	 0.132219	-0.452753	 0.498339
-0.381398	 0.474928	 0.439315	 0.027033	 0.405624	-0.469649	 0.499954	 0.373783	-0.575130	 0.226482	 0.023904	 0.498339
-0.440236	 0.486601	 0.439315	 0.215425	 0.405624	-0.484726	 0.499954	 0.436025	-0.531472	 0.273613	 0.261231	 0.498339
-0.469655	 0.492437	 0.439315	 0.309622	 0.405624	-0.492264	 0.499954	 0.467146	-0.509643	 0.297178	 0.379895	 0.498339
 0.015635	 0.495355	 0.439315	 0.356720	 0.405624	-0.496033	 0.499954	 0.482707	-0.998728	 0.308961	-0.060774	 0.498339
 0.257278	 0.496814	 0.439315	 0.380269	 0.405624	-0.497918	 0.499954	 0.490487	-1.240295	 0.314852	-0.280105	 0.498339
-0.121900	 0.497544	 0.439315	 0.392043	 0.405624	-0.498860	 0.499954	-0.005623	-0.358115	 0.317798	-0.389770	 0.498339
-0.310487	 0.497909	 0.439315	 0.397931	 0.405624	-0.499331	 0.499954	-0.252674	 0.081927	 0.319271	-0.444603	 0.498339
-0.404781	-0.001909	 0.439315	 0.400874	 0.405624	-0.499567	 0.499954	-0.376200	-0.699096	 0.320007	-0.472020	 0.498339
-0.451927	-0.250814	 0.439315	 0.402346	 0.405624	-0.499685	 0.499954	-0.437963	-1.086647	 0.320376	-0.485728	 0.498339
 0.024499	-0.375267	 0.439315	 0.403082	 0.405624	-0.499744	 0.499954	 0.031156	-1.277475	 0.320560	-0.492582	 0.498339
 0.261711	-0.437493	 0.439315	 0.403450	 0.405624	-0.499773	 0.499954	 0.264715	-1.369952	 0.320652	-0.496009	 0.498339
 0.380316	-0.468607	 0.439315	 0.403634	 0.405624	-0.499788	 0.499954	 0.381494	-1.413265	 0.320698	-0.497722	 0.498339
-0.060381	 0.015837	 0.439315	 0.403726	 0.405624	-0.499795	 0.499954	 0.439884	-0.932009	 0.320721	-0.498579	 0.498339
-0.279727	 0.257058	 0.439315	 0.403772	 0.405624	-0.499799	 0.499954	 0.469079	-0.691381	 0.320732	-0.499008	 0.498339
 0.110600	 0.377669	 0.439315	 0.403795	 0.405624	-0.499801	 0.499954	-0.016324	-0.071067	 0.320738	-0.499222	 0.498339
 0.304761	 0.437974	 0.439315	 0.403806	 0.405624	-0.499802	 0.499954	-0.258022	 0.237992	 0.320741	-0.499329	 0.498339
-0.098158	 0.468126	 0.439315	 0.403812	 0.405624	 0.000198	 0.499954	-0.378871	-0.108573	 0.320742	-0.499382	 0.498339
-0.298615	 0.483203	 0.439315	 0.403815	 0.405624	 0.249197	 0.499954	-0.439295	-0.281855	 0.320743	-0.499409	 0.498339
-0.398844	-0.009259	 0.439315	 0.403816	 0.405624	 0.373697	 0.499954	 0.030493	-0.368497	 0.320743	-0.499423	 0.498339
-0.448959	-0.254487	 0.439315	 0.403817	 0.405624	 0.435947	 0.499954	 0.264386	-0.411817	 0.320744	-0.499429	 0.498339
-0.474016	 0.122900	 0.439315	 0.403817	 0.905624	-0.032928	 0.499954	 0.381333	 0.066523	-0.179256	-0.499433	 0.498339
-0.486544	 0.310592	 0.439315	 0.403818	 1.152813	-0.266362	 0.499954	 0.439806	 0.304603	-0.427898	-0.499434	 0.498339
-0.492809	 0.404439	 0.439315	 0.403818	 1.273607	-0.383079	 0.499954	 0.469042	 0.422557	-0.550865	-0.499435	 0.498339
-0.495941	 0.451362	 0.439315	 0.403818	 1.331216	-0.441438	 0.499954	 0.483661	 0.480454	-0.111002	-0.499436	 0.498339
-0.497507	 0.474823	 0.439315	 0.403818	 1.357242	-0.470617	 0.499954	 0.490970	 0.508325	 0.108930	-0.499436	 0.498339
-0.498290	-0.013446	 0.439315	 0.403818	 0.867489	 0.014794	 0.499954	-0.005375	 0.021188	 0.218896	-0.499436	 0.498339
-0.498681	-0.256577	 0.439315	 0.403818	 0.622612	 0.256498	 0.499954	-0.252545	-0.222380	 0.273879	-0.499436	 0.498339
 0.001123	-0.378143	 0.439315	 0.403818	 0.500174	 0.377351	 0.499954	-0.376129	-0.344164	 0.301371	-0.499436	 0.498339
 0.250023	-0.438926	 0.439315	 0.403818	 0.438955	 0.437777	 0.499954	-0.437922	-0.405056	 0.315117	-0.499436	 0.498339
 0.374473	-0.469317	 0.439315	 0.403818	 0.908345	-0.032010	 0.499954	-0.468818	 0.064498	 0.321989	-0.499436	 0.498339
 0.436698	-0.484513	 0.439315	 0.403818	 1.140285	-0.265900	 0.499954	-0.484266	 0.298207	 0.325426	-0.499436	 0.498339
 0.467811	-0.492110	 0.439315	 0.403818	 1.253510	-0.382845	 0.499954	-0.491990	 0.413997	 0.327144	-0.499436	 0.498339
 0.483367	-0.495909	 0.439315	 0.403818	 0.807390	-0.441317	 0.499954	-0.495852	 0.470833	 0.328003	-0.499436	 0.498339
 0.491145	-0.497809	 0.439315	 0.403818	 0.584329	-0.470553	 0.499954	-0.497783	 0.498196	 0.328433	-0.499436	 0.498339
 0.495034	 0.001241	 0.439315	 0.403818	 0.472799	-0.485172	 0.499954	 0.001252	 0.510826	 0.328648	-0.499436	 0.498339
 0.496979	 0.249766	 0.439315	 0.403818	 0.417034	-0.492481	 0.499954	 0.249768	 0.516094	 0.328755	-0.499436	 0.498339
-0.002049	-0.125972	 0.439315	 0.403818	 0.389152	 0.003865	 0.499954	 0.374027	 0.517685	 0.328809	-0.499436	 0.498339
-0.250561	-0.312837	 0.439315	 0.403818	 0.375210	 0.251037	 0.499954	 0.436156	 0.517442	 0.328835	-0.499436	 0.498339
 0.125184	 0.093730	 0.439315	 0.403818	 0.368240	-0.125377	 0.499954	 0.467220	 0.016287	 0.328849	-0.499436	 0.498339
 0.312054	 0.296013	 0.439315	 0.403818	 0.364754	-0.312580	 0.499954	 0.482753	-0.234291	 0.328856	-0.499436	 0.498339
 0.405489	 0.397155	 0.439315	 0.403818	 0.363012	-0.406182	 0.499954	 0.490519	-0.359580	 0.328859	-0.499436	 0.498339
-0.047794	 0.447725	 0.439315	 0.403818	 0.362140	 0.047017	 0.499954	-0.005598	-0.422225	 0.328861	-0.499436	 0.498339
-0.273433	 0.473011	 0.439315	 0.403818	 0.361705	 0.272617	 0.499954	-0.252653	-0.453547	 0.328861	-0.499436	 0.498339
 0.113748	 0.485653	 0.439315	 0.403818	 0.361487	-0.114584	 0.499954	-0.376181	 0.030792	 0.328862	-0.499436	 0.498339
 0.306336	 0.491975	 0.439315	 0.403818	 0.361378	-0.307180	 0.499954	-0.437944	 0.271931	 0.328862	-0.499436	 0.498339
 0.402630	-0.004865	 0.439315	 0.403818	 0.361323	 0.096521	 0.499954	 0.031174	-0.108526	 0.328862	-0.499436	 0.498339
 0.450778	-0.252281	 0.439315	 0.403818	 0.361296	 0.297372	 0.499954	 0.264732	-0.298754	 0.328862	-0.499436	 0.498339
 0.474851	 0.124011	 0.439315	 0.403818	 0.361283	-0.102203	 0.499954	-0.118489	-0.393868	 0.328862	-0.499436	 0.498339
 0.486888	 0.311156	 0.439315	 0.403818	 0.361276	-0.300987	 0.499954	-0.309096	-0.441425	 0.328862	-0.499436	 0.498339
 0.492906	 0.404729	 0.439315	 0.403818	 0.361272	-0.400379	 0.499954	-0.404399	-0.465204	 0.328862	-0.499436	 0.498339
 0.495915	-0.048485	 0.439315	 0.403818	 0.361271	-0.450075	 0.499954	 0.047949	-0.477093	 0.828862	-0.499436	 0.498339
 0.497420	-0.274088	 0.439315	 0.403818	 0.361270	-0.474923	 0.499954	 0.273123	-0.483037	 1.076205	-0.499436	 0.498339
-0.001828	 0.113110	 0.439315	 0.403818	 0.361269	-0.487347	 0.499954	-0.114291	-0.486010	 0.697229	-0.499436	 0.498339
-0.250449	 0.305709	 0.439315	 0.403818	 0.361269	-0.493559	 0.499954	-0.306994	-0.487496	 0.507741	-0.499436	 0.498339
 0.125240	 0.402008	 0.439315	 0.403818	 0.361269	 0.003335	 0.499954	-0.403345	-0.488239	 0.412997	-0.499436	 0.498339
 0.312082	 0.450158	 0.439315	 0.403818	 0.361269	 0.250782	 0.499954	-0.451521	-0.488611	 0.365625	-0.499436	 0.498339
 0.405504	-0.025767	 0.439315	 0.403818	 0.361269	-0.125495	 0.499954	 0.024391	 0.011204	 0.341939	-0.499436	 0.498339
 0.452215	-0.262727	 0.439315	 0.403818	 0.361269	-0.312630	 0.499954	 0.261346	 0.260089	 0.330096	-0.499436	 0.498339
 0.475570	-0.381206	 0.439315	 0.403818	 0.361269	-0.406197	 0.499954	 0.379824	 0.383513	 0.324174	-0.499436	 0.498339
 0.487248	 0.059554	 0.439315	 0.403818	 0.361269	-0.452981	 0.499954	-0.060937	-0.055788	 0.321213	-0.499436	 0.498339
 0.493086	 0.278933	 0.439315	 0.403818	 0.361269	-0.476373	 0.499954	-0.280314	-0.275439	 0.319733	-0.499436	 0.498339
 0.496006	 0.388623	 0.439315	 0.403818	 0.361269	-0.488069	 0.499954	-0.390003	-0.385264	 0.318993	-0.499436	 0.498339
 0.497465	 0.443468	 0.439315	 0.403818	 0.361269	-0.493917	 0.499954	-0.444847	-0.440177	 0.318623	-0.499436	 0.498339
 0.498195	 0.470890	 0.439315	 0.403818	 0.361269	-0.496841	 0.499954	 0.027731	-0.967633	 0.318438	-0.499436	 0.498339
 0.498560	 0.484602	 0.439315	 0.403818	 0.361269	-0.498303	 0.499954	 0.263019	-1.228371	 0.318345	-0.499436	 0.498339
-0.001257	-0.008543	 0.439315	 0.403818	 0.361269	 0.000966	 0.499954	-0.119337	-0.355762	 0.318299	-0.499436	 0.498339
-0.250164	-0.254112	 0.439315	 0.403818	 0.361269	 0.249600	 0.499954	-0.309511	 0.079509	 0.318276	-0.499436	 0.498339
-0.374617	-0.376896	 0.439315	 0.403818	 0.361269	 0.373917	 0.499954	-0.404599	 0.296115	 0.318264	-0.499436	 0.498339
 0.063156	 0.061712	 0.439315	 0.403818	 0.361269	-0.063924	 0.499954	-0.452142	-0.096608	 0.318258	 0.000564	 0.498339
 0.281041	 0.280015	 0.439315	 0.403818	 0.361269	-0.281841	 0.499954	-0.475914	-0.292969	 0.318256	 0.249563	 0.498339
-0.110017	 0.389167	 0.439315	 0.403818	 0.361269	 0.109200	 0.499954	 0.012200	 0.108850	 0.318254	 0.374062	 0.498339
-0.304543	 0.443743	 0.439315	 0.403818	 0.361269	 0.303720	 0.499954	 0.255257	 0.308739	 0.318253	 0.436312	 0.498339
-0.401807	 0.471030	 0.439315	 0.403818	 0.361269	 0.400980	 0.499954	-0.123215	-0.092334	 0.318253	-0.032563	 0.498339
-0.450438	 0.484674	 0.439315	 0.403818	 0.361269	 0.449610	 0.499954	-0.311448	-0.292871	 0.318253	-0.265998	 0.498339
 0.025246	-0.008504	 0.439315	 0.403818	 0.861269	-0.026075	 0.499954	-0.405564	 0.106861	 0.318253	-0.382715	 0.498339
 0.262086	-0.254089	 0.439315	 0.403818	 1.108546	-0.262914	 0.499954	-0.452622	 0.305713	 0.318253	-0.441074	 0.498339
 0.380506	-0.376882	 0.439315	 0.403818	 1.229474	-0.381333	 0.499954	-0.476151	 0.404131	 0.318253	-0.470253	 0.498339
 0.439716	-0.438279	 0.439315	 0.403818	 0.787236	-0.440543	 0.499954	-0.487916	 0.452334	 0.318253	-0.484843	 0.498339
 0.469321	-0.468977	 0.439315	 0.403818	 0.566118	-0.470148	 0.499954	-0.493798	 0.475435	 0.318253	-0.492138	 0.498339
-0.015876	-0.484326	 0.439315	 0.403818	 0.455558	-0.484950	 0.499954	-0.496739	-0.013015	 0.318253	-0.495785	 0.498339
-0.257473	-0.492000	 0.439315	 0.403818	 0.400279	-0.492351	 0.499954	-0.498210	-0.256237	 0.318253	-0.497609	 0.498339
 0.121729	 0.004162	 0.439315	 0.403818	 0.372639	-0.496052	 0.499954	-0.498945	 0.122152	 0.318253	-0.498521	 0.498339
 0.310328	 0.251243	 0.439315	 0.403818	 0.358819	-0.497902	 0.499954	-0.499313	 0.310346	 0.318253	-0.498977	 0.498339
-0.095373	 0.374783	 0.439315	 0.403818	 0.851909	-0.498827	 0.499954	 0.000503	 0.404442	 0.318253	 0.000796	 0.498339
-0.297221	 0.436554	 0.439315	 0.403818	 1.095764	-0.499290	 0.499954	 0.249411	 0.451491	 0.318253	 0.249680	 0.498339
-0.398145	 0.467439	 0.439315	 0.403818	 1.215012	-0.499521	 0.499954	 0.373865	 0.475015	 0.318253	 0.374123	 0.498339
-0.448607	 0.482881	 0.439315	 0.403818	 0.771968	-0.499637	 0.499954	-0.063908	 0.486777	 0.318253	-0.063656	 0.498339
-0.473838	 0.490602	 0.439315	 0.403818	 0.550446	-0.499695	 0.499954	-0.281792	 0.492658	 0.318253	-0.281542	 0.498339
-0.486453	-0.005537	 0.439315	 0.403818	 0.439685	 0.000276	 0.499954	 0.109267	 0.495599	 0.318253	-0.390486	 0.498339
-0.492761	-0.252603	 0.439315	 0.403818	 0.384304	 0.249261	 0.499954	 0.303795	 0.497069	 0.318253	-0.444957	 0.498339
 0.004085	-0.376136	 0.439315	 0.903818	 0.356614	-0.126246	 0.499954	-0.098940	-0.002196	 0.818253	-0.472193	 0.498339
 0.251506	-0.437903	 0.439315	 1.151010	 0.342769	-0.312996	 0.499954	-0.299305	-0.250826	 1.065616	-0.485811	 0.498339
 0.375217	-0.468786	 0.439315	 0.771810	 0.335846	-0.406371	 0.499954	 0.100513	-0.375140	 0.686672	-0.492620	 0.498339
 0.437072	-0.484228	 0.439315	 0.582210	 0.332385	-0.453059	 0.499954	 0.299421	-0.437298	 0.497200	-0.496025	 0.498339
 0.468000	 0.008051	 0.439315	 0.487410	 0.330654	-0.476403	-0.000046	 0.398875	 0.031624	 0.402464	-0.497727	 0.498339
 0.483464	 0.253190	 0.439315	 0.440010	 0.329789	-0.488075	-0.249046	 0.448602	 0.265083	 0.355096	-0.498578	 0.498339
 0.491196	 0.375760	 0.439315	 0.416310	 0.329356	-0.493911	-0.373546	 0.473466	 0.381813	 0.331412	-0.499003	 0.498339
-0.004938	 0.437044	 0.439315	 0.404460	 0.329140	-0.496828	 0.064204	 0.485897	-0.059822	 0.319570	-0.499216	 0.498339
-0.252003	 0.467687	 0.439315	 0.398535	 0.329032	-0.498287	 0.282076	 0.492113	-0.279637	 0.313649	-0.499323	 0.498339
-0.375536	 0.483008	 0.439315	 0.395572	 0.328978	-0.499017	 0.391011	-0.004779	-0.389544	 0.310688	-0.499376	 0.498339
-0.437302	 0.490669	 0.439315	 0.394091	 0.328951	-0.499382	 0.445479	-0.252221	-0.444498	 0.309208	-0.499402	 0.498339
 0.031815	 0.494499	 0.439315	-0.106650	 0.328937	-0.499564	 0.472713	-0.375943	 0.028025	 0.308468	-0.499416	 0.498339
 0.265371	 0.496414	 0.439315	-0.355805	 0.328930	-0.499655	 0.486330	-0.437803	 0.263286	 0.308098	-0.499422	 0.498339
-0.117850	 0.497372	 0.439315	 0.020827	 0.328927	-0.499701	 0.493138	 0.031266	-0.119084	 0.307913	-0.499426	 0.498339
-0.308459	 0.497850	 0.439315	 0.209143	 0.328925	-0.499724	 0.496542	 0.264800	-0.309266	 0.307820	-0.499427	 0.498339
-0.403763	 0.498090	 0.439315	 0.303301	 0.328924	-0.499735	 0.498244	 0.381567	-0.404357	 0.307774	-0.499428	 0.498339
 0.048585	 0.498209	 0.439315	 0.350380	 0.828924	-0.499741	 0.499096	-0.060049	 0.048098	 0.807751	 0.000571	 0.498339
 0.273757	 0.498269	 0.439315	 0.373920	 1.076266	-0.499744	 0.499521	-0.279854	 0.273324	 1.055124	 0.249570	 0.498339
-0.113657	 0.498299	 0.439315	 0.385689	 0.697290	-0.499745	 0.499734	 0.110244	 0.385937	 0.676205	-0.125931	 0.498339
-0.306362	 0.498314	 0.439315	 0.391574	 0.507801	-0.499746	 0.499840	 0.304292	 0.442244	 0.486746	-0.312678	 0.498339
-0.402715	-0.001678	 0.439315	 0.394517	 0.913057	-0.499746	 0.499893	 0.401316	-0.529603	 0.392016	-0.406052	 0.498339
-0.450891	-0.250671	 0.439315	 0.395988	 1.113049	-0.499746	 0.499920	 0.449828	-1.012524	 0.344652	-0.452739	 0.498339
-0.474979	 0.124832	 0.439315	 0.396723	 0.710418	-0.499746	 0.499933	-0.025916	-0.750993	 0.820969	-0.476082	 0.498339
