-0.404313	 0.066568	 0.439315	 0.499213	 0.498036	-0.193930	 0.498293	-0.180845	-0.199990	 0.499260	-0.499606	 0.498339
-0.451730	 0.066568	 0.439315	 0.499213	 0.498251	-0.196878	 0.498293	-0.181060	 0.297054	 0.499260	-0.499606	 0.498339
-0.475439	 0.066568	 0.439315	 0.499213	 0.498358	-0.198352	 0.498293	-0.181168	 0.543988	 0.499260	-0.499606	 0.498339
 0.012707	 0.066568	 0.439315	 0.499213	 0.498411	-0.199089	 0.498293	-0.181221	 0.165873	 0.499260	-0.499606	 0.498339
 0.255778	 0.066568	 0.439315	 0.499213	 0.498438	-0.199457	 0.498293	-0.181248	-0.023184	 0.499260	-0.499606	 0.498339
-0.122686	 0.066568	 0.439315	 0.499213	 0.498451	-0.199642	-0.001707	-0.181262	-0.617713	 0.499260	-0.499606	 0.498339
-0.310916	 0.066568	 0.439315	 0.499213	 0.498458	-0.199734	-0.250703	-0.181268	-0.912553	 0.499260	-0.499606	 0.498339
 0.094969	 0.066568	 0.439315	-0.000787	 0.498461	-0.199780	 0.124799	-0.181272	-0.057558	 0.499260	-0.499606	 0.498339
 0.296910	 0.066568	 0.439315	-0.249786	 0.498463	-0.199803	 0.311549	-0.181273	 0.368345	 0.499260	-0.499606	 0.498339
 0.397880	 0.066568	 0.439315	-0.374285	 0.498464	-0.199814	 0.404924	-0.181274	 0.579708	 0.499260	-0.499606	 0.498339
-0.051635	 0.066568	 0.439315	-0.436535	 0.498464	-0.199820	-0.048389	 0.318725	 0.183807	 0.499260	-0.499606	 0.498339
-0.275390	 0.066568	 0.439315	-0.467659	 0.498465	-0.199823	-0.274041	 0.567088	-0.014144	 0.499260	-0.499606	 0.498339
 0.112733	 0.066568	 0.439315	 0.016778	 0.498465	-0.199824	-0.386868	 0.189638	-0.113119	 0.499260	-0.499606	 0.498339
 0.305792	 0.066568	 0.439315	 0.257995	 0.498465	-0.199825	-0.443281	 0.000913	-0.162606	 0.499260	-0.499606	 0.498339
-0.097678	 0.066568	 0.439315	 0.378603	 0.498465	-0.199825	 0.028512	-0.093449	-0.187350	-0.000740	-0.499606	 0.498339
-0.298411	 0.066568	 0.439315	 0.438907	 0.498465	-0.199826	 0.263409	-0.140631	-0.199722	-0.249739	-0.499606	 0.498339
 0.101223	 0.066568	 0.439315	 0.469059	 0.498465	-0.199826	 0.380857	-0.164221	 0.294092	 0.125762	-0.499606	 0.498339
 0.300038	 0.066568	 0.439315	 0.484135	 0.498465	-0.199826	 0.439581	-0.176017	 0.539423	 0.312510	-0.499606	 0.498339
 0.399445	 0.066568	 0.439315	 0.491673	 0.498465	-0.199826	 0.468943	-0.181914	 0.660519	 0.405884	-0.499606	 0.498339
-0.050851	 0.066568	 0.439315	 0.495442	 0.498465	-0.199826	-0.016376	-0.184863	 0.219504	 0.452571	-0.499606	 0.498339
-0.274997	 0.066568	 0.439315	 0.497326	 0.498465	-0.199826	-0.258033	-0.186337	-0.001003	 0.475914	-0.499606	 0.498339
-0.387070	 0.066568	 0.439315	 0.498269	 0.498465	-0.199826	-0.378861	-0.187075	-0.111257	 0.487586	-0.499606	 0.498339
-0.443106	 0.066568	 0.439315	 0.498740	 0.498465	-0.199826	-0.439275	-0.187443	-0.166384	 0.493422	-0.499606	 0.498339
 0.028876	 0.066568	 0.439315	-0.001025	 0.498465	-0.199826	 0.030518	-0.187628	 0.306052	 0.496340	 0.000394	 0.498339
-0.236135	 0.566568	 0.439315	 0.250095	 0.498465	-0.199826	 0.264414	-0.187720	 0.540714	 0.497799	-0.250607	 0.498339
-0.367638	 0.814435	 0.439315	 0.374652	 0.498465	-0.199826	 0.381362	-0.187766	 0.656494	 0.498528	-0.375104	 0.498339
-0.433390	 0.936244	 0.439315	 0.436931	 0.498465	-0.199826	 0.439836	-0.187789	 0.712839	 0.498893	-0.437353	 0.498339
 0.033734	 0.495032	 0.439315	 0.468070	 0.498465	-0.199826	 0.469073	 0.312200	 0.239473	 0.499075	-0.468477	 0.498339
 0.266295	 0.274427	 0.439315	 0.483640	 0.498465	-0.199826	 0.483692	 0.560570	 0.002790	 0.499167	-0.484039	 0.498339
 0.382575	 0.664124	 0.439315	 0.491424	 0.498465	-0.199826	 0.491001	 0.183137	-0.115551	-0.000788	-0.491820	 0.498339
 0.440715	 0.856865	 0.439315	 0.495317	 0.498465	-0.199826	 0.494656	-0.005580	-0.174722	-0.249763	-0.495711	 0.498339
-0.030215	 0.951136	 0.439315	 0.497263	 0.498465	-0.199826	 0.496483	-0.099938	-0.204307	 0.125749	-0.497656	 0.498339
-0.264678	 0.996181	 0.439315	 0.498236	 0.498465	-0.199826	 0.497396	-0.147117	-0.219100	 0.312502	-0.498629	 0.498339
-0.381909	 0.516620	 0.439315	 0.498723	 0.498465	-0.199826	 0.497853	-0.170707	-0.226496	 0.405879	-0.499115	 0.498339
-0.440525	 0.276840	 0.439315	 0.498966	 0.498465	-0.199826	 0.498082	-0.182502	-0.230194	 0.452567	-0.499358	 0.498339
-0.469832	 0.156950	 0.439315	 0.499088	 0.498465	-0.199826	 0.498196	-0.188399	-0.232043	 0.475912	-0.499480	 0.498339
 0.015514	 0.097005	 0.439315	 0.499148	 0.498465	-0.199826	 0.498253	-0.191348	-0.232968	 0.487584	-0.499541	 0.498339
 0.257185	 0.067033	 0.439315	 0.499179	 0.498465	-0.199826	 0.498282	-0.192822	-0.233430	 0.493420	-0.499571	 0.498339
-0.121979	 0.052047	 0.439315	 0.499194	 0.498465	-0.199826	-0.001704	-0.193559	-0.233661	 0.496338	-0.499586	 0.498339
-0.310559	 0.044554	 0.439315	 0.499202	 0.498465	-0.199826	-0.250694	-0.193928	-0.233777	 0.497797	-0.499594	 0.498339
-0.404849	 0.040807	 0.439315	 0.499205	 0.498465	-0.199826	 0.124812	-0.194112	 0.266165	 0.498526	-0.499598	 0.498339
-0.451994	 0.038934	 0.439315	 0.499207	 0.498465	-0.199826	 0.311564	-0.194204	 0.514604	 0.498891	-0.499600	 0.498339
-0.475567	 0.037997	 0.439315	 0.499208	 0.498465	-0.199826	 0.404940	-0.194250	 0.637298	 0.499073	-0.499601	 0.498339
 0.012647	 0.037529	 0.439315	 0.499209	 0.498465	-0.199826	 0.451628	-0.194273	 0.697124	 0.499165	 0.000399	 0.498339
 0.255752	 0.037295	 0.439315	 0.499209	 0.498465	-0.199826	 0.474972	-0.194285	 0.725524	 0.499210	 0.249398	 0.498339
 0.377305	 0.037178	 0.439315	 0.499209	 0.498465	-0.199826	 0.486644	-0.194291	 0.738216	 0.499233	 0.373897	 0.498339
 0.438081	 0.537119	 0.439315	-0.000791	 0.998465	 0.300174	 0.492480	-0.194293	 0.243060	 0.499244	-0.063853	 0.498339
 0.468469	 0.785016	 0.439315	-0.249789	 1.245468	 0.548574	 0.495398	-0.194295	-0.004518	 0.499250	-0.281725	 0.498339
 0.483663	 0.406898	 0.439315	 0.125712	 0.865984	 0.671180	 0.496857	-0.194296	 0.371693	 0.499253	-0.390661	 0.498339
 0.491260	 0.217839	 0.439315	 0.312460	 0.676243	 0.730895	 0.497586	-0.194296	 0.558303	 0.499254	-0.445129	 0.498339
 0.495059	 0.623310	 0.439315	 0.905834	 0.581372	 0.759172	 0.497951	 0.305704	 0.650118	 0.499255	-0.472363	 0.498339
 0.496958	 0.823988	 0.439315	 1.199522	 0.533936	 0.771735	 0.498133	 0.554092	 0.694541	 0.499255	-0.485980	 0.498339
 0.497908	 0.922277	 0.439315	 0.843380	 1.010219	 0.276448	 0.498224	 0.176682	 0.715275	 0.499256	-0.492788	 0.498339
 0.498383	 0.969381	 0.439315	 0.665309	 1.245387	 0.028805	 0.498270	-0.012024	 0.724170	 0.499256	-0.496192	 0.498339
 0.498620	 0.990900	 0.439315	 0.576273	 1.360010	-0.095017	 0.498293	-0.106376	 0.727151	 0.499256	-0.497895	 0.498339
 0.498739	 0.999634	 0.439315	 0.531756	 1.414372	 0.343072	 0.498304	 0.346447	 0.727182	 0.499256	-0.498746	 0.498339
 0.498798	 1.001985	 0.439315	 0.509497	 1.438616	 0.560554	 0.498310	 0.571261	 0.725743	 0.499256	-0.499171	 0.498339
-0.001172	 1.001151	 0.439315	 0.998367	 0.947812	 0.667739	 0.498313	 0.682075	 0.723574	-0.000744	 0.000616	 0.498339
-0.250155	 0.998734	 0.439315	 1.239828	 0.702410	 0.719782	 0.498314	 0.735897	 0.721047	-0.249743	 0.249509	 0.498339
 0.125354	 0.995533	 0.439315	 0.857596	 0.579709	 0.244260	 0.498315	 0.761228	 0.718347	 0.125758	-0.126045	 0.498339
 0.312106	 0.991948	 0.439315	 0.666480	 0.518358	 0.006498	 0.498315	 0.772320	 0.715565	 0.312506	-0.312818	 0.498339
-0.094518	 0.488178	 0.439315	 1.070922	 0.487683	-0.112382	 0.498315	 0.276300	 0.212749	 0.405880	-0.406205	 0.498339
-0.296827	 0.236293	 0.439315	 1.270192	 0.472346	-0.171822	 0.498316	 0.028290	-0.038659	 0.452567	-0.452899	 0.498339
 0.102018	 0.610351	 0.439315	 0.866888	 0.464677	 0.298457	 0.498316	-0.095716	 0.335637	 0.475910	-0.476245	 0.498339
 0.300439	 0.795411	 0.439315	 0.665236	 0.460842	 0.532060	 0.498316	-0.157718	 0.521365	 0.487582	-0.487919	 0.498339
 0.399649	 0.885980	 0.439315	 0.564410	 0.458925	 0.647330	 0.498316	-0.188719	 0.612815	 0.493418	-0.493755	 0.498339
-0.050745	 0.929312	 0.439315	 0.513997	 0.457967	 0.203440	 0.498316	-0.204220	 0.157131	 0.496336	-0.496674	 0.498339
-0.274941	 0.949032	 0.439315	 0.488791	 0.457487	-0.018506	 0.498316	-0.211970	-0.070711	 0.497795	-0.498133	 0.498339
 0.112962	 0.456955	 0.439315	 0.476188	 0.457248	-0.129478	 0.498316	 0.284154	-0.184631	 0.498524	-0.498862	 0.498339
 0.305911	 0.210916	 0.439315	 0.469886	 0.457128	-0.184964	 0.498316	 0.530656	-0.241592	 0.498889	-0.499227	 0.498339
 0.402386	 0.087897	 0.439315	 0.466735	 0.457068	-0.212708	 0.498316	 0.152353	-0.270072	 0.499071	-0.499410	 0.498339
 0.450623	 0.026387	 0.439315	 0.465160	 0.457038	-0.226579	 0.498316	-0.036799	-0.284312	 0.499163	-0.499501	 0.498339
-0.025258	-0.004368	 0.439315	 0.464372	 0.457023	-0.233515	 0.498316	 0.368625	-0.291432	 0.499208	-0.499546	 0.498339
-0.262196	-0.019745	 0.439315	 0.463978	 0.457015	-0.236983	 0.498316	 0.569789	-0.294992	 0.499231	-0.499569	 0.498339
-0.380665	-0.027434	 0.439315	 0.463781	 0.457012	-0.238717	 0.498316	 0.668829	-0.296772	 0.499242	-0.499581	 0.498339
-0.439900	-0.031278	 0.439315	 0.463683	-0.042990	-0.239584	 0.498316	 0.216814	-0.297662	 0.499248	-0.499586	 0.498339
-0.469517	-0.033200	 0.439315	 0.463634	-0.291905	-0.240017	 0.498316	-0.009194	-0.298107	 0.499251	-0.499589	 0.498339
-0.484326	-0.034161	 0.439315	 0.463609	 0.084719	-0.240234	 0.498316	-0.122198	 0.201670	 0.499252	-0.499590	 0.498339
-0.491730	-0.034642	 0.439315	 0.463597	 0.273031	-0.240342	 0.498316	-0.178700	 0.450156	 0.499253	-0.499591	 0.498339
-0.495432	-0.034882	 0.439315	 0.463591	 0.367187	-0.240397	-0.501684	-0.206951	 0.073002	 0.499253	-0.499592	 0.498339
-0.497284	-0.035002	 0.439315	 0.463587	 0.414265	-0.240424	-0.998681	-0.221077	-0.115576	 0.499254	-0.499592	 0.498339
 0.001791	-0.035062	 0.439315	-0.036414	 0.437804	-0.240437	-0.244188	-0.228139	-0.209864	 0.499254	-0.499592	 0.498339
 0.250326	-0.035093	 0.439315	-0.285342	 0.449574	-0.240444	 0.132038	-0.231671	-0.257008	 0.499254	-0.499592	 0.498339
 0.374594	-0.035108	 0.439315	-0.408737	 0.455458	-0.240447	 0.319134	-0.233436	-0.280581	 0.499254	-0.499592	 0.498339
-0.063272	-0.035115	 0.439315	 0.030629	 0.458401	-0.240449	 0.411670	-0.234319	-0.292367	 0.499254	-0.499592	 0.498339
-0.281203	-0.035119	 0.439315	 0.250312	 0.459872	-0.240450	 0.456930	-0.234761	-0.298260	 0.499254	-0.499592	 0.498339
-0.390168	-0.035121	 0.439315	 0.360154	 0.460608	-0.240450	-0.521445	-0.234981	-0.301206	 0.499254	-0.499592	 0.498339
-0.444651	-0.035122	 0.439315	 0.415075	 0.460975	-0.240450	-1.007633	-0.235092	-0.302679	 0.499254	-0.499592	 0.498339
-0.471892	-0.035122	 0.439315	 0.442535	 0.461159	-0.240451	-0.247739	-0.235147	-0.303416	 0.499254	-0.499592	 0.498339
-0.485513	-0.035122	 0.439315	 0.456265	 0.461251	-0.240451	 0.131184	-0.235174	-0.303784	 0.499254	-0.499592	 0.498339
 0.007677	-0.035122	 0.439315	 0.463131	 0.461297	-0.240451	 0.319625	-0.235188	-0.303969	 0.499254	-0.499592	 0.498339
 0.253270	-0.035122	 0.439315	 0.466563	 0.461320	-0.240451	 0.412829	-0.235195	-0.304061	 0.499254	-0.499592	 0.498339
 0.376066	-0.035123	 0.439315	 0.468279	 0.461332	-0.240451	 0.458419	-0.235199	-0.304107	 0.499254	-0.499592	 0.498339
 0.437465	-0.035123	 0.439315	 0.469138	 0.461337	-0.240451	 0.480206	 0.264800	-0.304130	 0.499254	-0.499592	 0.498339
 0.468164	-0.035123	 0.439315	 0.469567	 0.461340	-0.240451	 0.490096	 0.513269	-0.304141	 0.499254	-0.499592	 0.498339
-0.016487	-0.035123	 0.439315	 0.469781	 0.461342	-0.240451	 0.495041	 0.135981	-0.304147	 0.499254	-0.499592	 0.498339
-0.257809	-0.035123	 0.439315	 0.469888	 0.461342	-0.240451	 0.497513	-0.052664	-0.304150	 0.499254	-0.499592	 0.498339
-0.378471	-0.035123	 0.439315	 0.469942	 0.461343	-0.240451	 0.498749	-0.146986	 0.195849	 0.499254	-0.499592	 0.498339
-0.438802	-0.035123	 0.439315	 0.469969	 0.461343	-0.240451	 0.499367	-0.194147	 0.444456	 0.499254	-0.499592	 0.498339
-0.468967	-0.035123	 0.439315	 0.469982	 0.461343	-0.240451	 0.499676	 0.282272	 0.067374	 0.999254	 0.000408	 0.498339
-0.484050	-0.035123	 0.439315	 0.469989	 0.461343	-0.240451	 0.499831	 0.518965	-0.121167	 1.246255	 0.249407	 0.498339
-0.491591	-0.035123	 0.439315	 0.469992	 0.461343	-0.240451	 0.499908	 0.635800	-0.215438	 1.366769	 0.373907	 0.498339
 0.004638	-0.035123	 0.439315	 0.469994	 0.461343	-0.240451	 0.499947	 0.692712	 0.237427	 0.924052	 0.436157	 0.498339
 0.251751	-0.035123	 0.439315	 0.469995	 0.461343	-0.240451	 0.499966	 0.719669	 0.462479	 0.702693	 0.467282	 0.498339
-0.124692	 0.464877	 0.439315	 0.469995	 0.461343	 0.259549	 0.499976	 0.231654	 0.573629	 0.592014	-0.017156	 0.498339
-0.311912	 0.712948	 0.439315	 0.469995	 0.461343	 0.508030	 0.499981	-0.012354	 0.627835	 0.536674	-0.258372	 0.498339
 0.094478	 0.835061	 0.439315	 0.469996	 0.461343	 0.630758	 0.499983	 0.365643	 0.653574	 0.509004	 0.121021	 0.498339
 0.296672	 0.894203	 0.439315	 0.469996	 0.461343	 0.690614	 0.499984	 0.553153	 0.665085	 0.495169	 0.309716	 0.498339
-0.102232	 0.421867	 0.439315	 0.469996	 0.461343	 0.719042	 0.499985	 0.145428	 0.669487	 0.488252	-0.095936	 0.498339
-0.300681	 0.185700	 0.439315	 0.469996	 0.461343	 0.731761	 0.499985	-0.058435	 0.670341	 0.484793	-0.297759	 0.498339
-0.399906	 0.067616	 0.439315	 0.469996	 0.461343	 0.736631	 0.499985	-0.160367	 0.669425	 0.483064	-0.398671	 0.498339
 0.050482	 0.508574	 0.439315	 0.469996	 0.461343	 0.737583	 0.499985	 0.288667	 0.667630	 0.482199	 0.050873	 0.498339
 0.274674	 0.727154	 0.439315	 0.469996	 0.461343	 0.736582	 0.499985	 0.511709	 0.665401	 0.481767	 0.274645	 0.498339
 0.386770	 0.834552	 0.439315	 0.469996	 0.461343	 0.234611	 0.499985	 0.121761	 0.662960	 0.481551	-0.113470	 0.498339
 0.442818	 0.886368	 0.439315	-0.030004	 0.461343	-0.016375	 0.499985	-0.073214	 0.660418	 0.481443	 0.193476	 0.498339
 0.470842	 0.910399	 0.439315	-0.278944	 0.461343	-0.141868	 0.499985	-0.170701	 0.657832	 0.481389	 0.345948	 0.498339
 0.484854	 0.920546	 0.439315	 0.097641	 0.461343	-0.204615	 0.499985	-0.219445	 0.155228	-0.018638	-0.077816	 0.498339
 0.491860	 0.923758	 0.439315	 0.285934	 0.461343	-0.235988	 0.499985	-0.243816	-0.096074	-0.267615	-0.288694	 0.498339
 0.495363	 0.923510	 0.439315	 0.380081	 0.461343	-0.251674	 0.499985	-0.256002	-0.221725	-0.391070	-0.394134	 0.498339
 0.497115	 0.421539	 0.439315	 0.427154	 0.461343	-0.259518	 0.499985	 0.237905	 0.215450	 0.048232	-0.446853	 0.498339
 0.497990	 0.170554	 0.439315	 0.450691	 0.461343	-0.263439	 0.499985	 0.483395	 0.432732	 0.267883	-0.473213	 0.498339
-0.001572	 0.545061	 0.439315	 0.462459	 0.461343	 0.234600	 0.499985	 0.604682	 0.040073	 0.377708	-0.486393	 0.498339
-0.250350	 0.730476	 0.439315	 0.468343	 0.461343	 0.482154	 0.499985	 0.663874	-0.156257	 0.432621	-0.492983	 0.498339
 0.125260	 0.821351	 0.439315	 0.471285	 0.461343	 0.104472	 0.499985	 0.192023	 0.245579	 0.460077	 0.003722	 0.498339
 0.312064	 0.864965	 0.439315	 0.472756	 0.461343	-0.084369	 0.499985	-0.043902	 0.445201	 0.473805	 0.251073	 0.498339
 0.405465	 0.384954	 0.439315	 0.473492	 0.461343	-0.178790	 0.499985	-0.161864	 0.043723	 0.480670	-0.125251	 0.498339
 0.452166	 0.144949	 0.439315	 0.473859	 0.461343	-0.226000	 0.499985	-0.220846	-0.157016	 0.484102	-0.312410	 0.498339
 0.475517	 0.024946	 0.439315	 0.474043	 0.461343	-0.249605	 0.499985	-0.250336	-0.257386	 0.485818	-0.405989	 0.498339
 0.487192	 0.464945	 0.439315	 0.474135	 0.461343	-0.261408	 0.499985	 0.234918	 0.192430	 0.486676	-0.452779	 0.498339
 0.493030	 0.683135	 0.439315	 0.474181	 0.461343	-0.267309	 0.499985	 0.476105	 0.416053	 0.487105	-0.476174	 0.498339
 0.495948	 0.290427	 0.439315	 0.474204	 0.461343	-0.270260	 0.499985	 0.095264	 0.026585	 0.487319	-0.487871	 0.498339
 0.497408	 0.094073	 0.439315	 0.474216	 0.461343	-0.271735	 0.499985	-0.095156	-0.168149	 0.487426	-0.493720	 0.498339
 0.498138	 0.495896	 0.439315	 0.474222	 0.461343	-0.272473	 0.499985	-0.190367	-0.265516	 0.987480	 0.003356	 0.498339
 0.498502	 0.695012	 0.439315	 0.474224	 0.461343	-0.272842	 0.499985	-0.237972	-0.314199	 1.234532	 0.250893	 0.498339
-0.001315	 0.792781	 0.439315	 0.474226	 0.461343	 0.226974	 0.499985	-0.261774	-0.338541	 0.855094	-0.125339	 0.498339
-0.250222	 0.839885	 0.439315	 0.474227	 0.461343	 0.475428	 0.499985	-0.273676	-0.350712	 0.665376	-0.312451	 0.498339
-0.374675	 0.861663	 0.439315	 0.474227	 0.461343	 0.598208	 0.499985	-0.279626	-0.356797	 0.570517	-0.406008	 0.498339
-0.436902	 0.370785	 0.439315	 0.474227	 0.461343	 0.658155	 0.499985	-0.282602	-0.359840	 0.523087	-0.452786	 0.498339
-0.468015	 0.125346	 0.439315	 0.474227	 0.461343	 0.686693	 0.499985	-0.284089	-0.361361	 0.499372	-0.476175	 0.498339
-0.483572	 0.502627	 0.439315	 0.474227	 0.461343	 0.699531	 0.499985	-0.284833	-0.362122	 0.487515	-0.487869	 0.498339
-0.491350	 0.689507	 0.439315	 0.474227	 0.461343	 0.704526	 0.499985	-0.285205	-0.362502	 0.481586	-0.493717	 0.498339
 0.004761	 0.781195	 0.439315	 0.474227	 0.461343	 0.205604	 0.499985	-0.285391	-0.362693	 0.478622	-0.496640	 0.498339
 0.251815	 0.825293	 0.439315	 0.474227	 0.461343	-0.043857	 0.499985	-0.285484	-0.362788	 0.477139	-0.498102	 0.498339
-0.124659	 0.345603	 0.439315	 0.474227	 0.461343	-0.168588	 0.499985	 0.214470	 0.137165	 0.476398	-0.498833	 0.498339
-0.311893	 0.105758	 0.439315	 0.474227	 0.461343	-0.230953	 0.499985	 0.463018	 0.385867	 0.476028	-0.499199	 0.498339
 0.094490	-0.014164	 0.439315	 0.474227	 0.461343	-0.262135	-0.000015	 0.585868	 0.008949	 0.475842	-0.499381	 0.498339
 0.296680	-0.074126	 0.439315	 0.474227	 0.461343	-0.277727	-0.249015	 0.645876	-0.179510	 0.475750	-0.499473	 0.498339
 0.397775	-0.104106	 0.439315	 0.474227	 0.461343	-0.285522	-0.373515	 0.674469	-0.273740	 0.475704	-0.499518	 0.498339
 0.448322	 0.380903	 0.439315	 0.474227	 0.461343	-0.289420	 0.064235	 0.187359	-0.320855	 0.475680	-0.499541	 0.498339
 0.473596	 0.621676	 0.439315	 0.474227	 0.461343	-0.291369	 0.282106	-0.056196	-0.344412	 0.475669	-0.499553	 0.498339
 0.486233	 0.240338	 0.439315	 0.474227	 0.461343	 0.207656	 0.391042	 0.322026	-0.356191	 0.475663	 0.000442	 0.498339
 0.492551	 0.049669	 0.439315	 0.474227	 0.461343	 0.455756	 0.445510	 0.509737	-0.362080	 0.475660	 0.249438	 0.498339
-0.004290	-0.045666	 0.439315	 0.474227	 0.461343	 0.578398	 0.472744	 0.102197	 0.134975	 0.475659	-0.126064	 0.498339
-0.251708	-0.093333	 0.439315	 0.474227	 0.461343	 0.638317	 0.486361	-0.101573	 0.382239	 0.475658	-0.312812	 0.498339
-0.375417	-0.117167	 0.439315	 0.474227	 0.461343	 0.666880	 0.493169	-0.203457	 0.504612	 0.475658	-0.406186	 0.498339
-0.437272	 0.370916	 0.439315	 0.474227	 0.461343	 0.179770	 0.496573	-0.254400	 0.064544	 0.475657	-0.452873	 0.498339
-0.468199	 0.613240	 0.439315	 0.474227	 0.461343	-0.063784	 0.498275	-0.279871	-0.155490	 0.475657	-0.476216	 0.498339
-0.483662	 0.732691	 0.439315	 0.474227	 0.461343	-0.185562	 0.499126	-0.292607	-0.265507	 0.475657	-0.487888	 0.498339
 0.008606	 0.290712	 0.439315	 0.474227	 0.461343	 0.253550	 0.499552	-0.298974	-0.320515	 0.475657	 0.006276	 0.498339
 0.253738	 0.069722	 0.439315	 0.474227	 0.461343	 0.471720	 0.499765	-0.302158	-0.348019	 0.475657	 0.252358	 0.498339
 0.376304	 0.459228	 0.439315	 0.474227	 0.461343	 0.579425	 0.499871	-0.303750	-0.361771	 0.475657	-0.124602	 0.498339
 0.437587	 0.652283	 0.439315	 0.474227	 0.461343	 0.631904	 0.499924	-0.304546	-0.368648	 0.475657	-0.312078	 0.498339
-0.031771	 0.247120	 0.439315	 0.474227	 0.461343	 0.156774	 0.499951	-0.304944	-0.372086	 0.475657	-0.405817	 0.498339
-0.265448	 0.044538	 0.439315	 0.474227	 0.461343	-0.080790	 0.499964	-0.305143	-0.373805	 0.475657	-0.452686	 0.498339
 0.117713	 0.443247	 0.439315	 0.474227	 0.461343	-0.199573	 0.499971	 0.194757	 0.125336	-0.024343	-0.476120	 0.498339
 0.308292	 0.640918	 0.439315	 0.474227	 0.461343	-0.258964	 0.499974	 0.443318	 0.373657	-0.273294	-0.487838	 0.498339
 0.403582	 0.738076	 0.439315	 0.474227	 0.461343	-0.288660	 0.499976	 0.566215	 0.496574	-0.396725	-0.493696	 0.498339
 0.451227	 0.284985	 0.439315	 0.474227	 0.461343	-0.303507	 0.499977	 0.126285	 0.056793	 0.042599	-0.496626	 0.498339
 0.475049	 0.058439	 0.439315	 0.474227	 0.461343	-0.310931	 0.499977	-0.093680	-0.163097	 0.262262	-0.498090	 0.498339
-0.013040	-0.054834	 0.439315	 0.474227	 0.461343	-0.314643	 0.499977	-0.203662	-0.273042	 0.372093	-0.498823	 0.498339
-0.256082	-0.111470	 0.439315	 0.474227	 0.461343	-0.316499	 0.499977	-0.258654	-0.328015	 0.427009	-0.499189	 0.498339
-0.377603	-0.139788	 0.439315	 0.474227	 0.461343	 0.182573	 0.499977	-0.286149	-0.355501	 0.454466	-0.499372	 0.498339
-0.438364	-0.153947	 0.439315	 0.474227	 0.461343	 0.430745	 0.499977	-0.299897	-0.369244	 0.468195	-0.499463	 0.498339
 0.031256	-0.161027	 0.439315	 0.474227	 0.461343	 0.053474	 0.499978	-0.306771	 0.123884	 0.475060	-0.499509	 0.498339
 0.265064	-0.164567	 0.439315	 0.474227	 0.461343	-0.135162	 0.499978	-0.310208	 0.369214	 0.478492	-0.499532	 0.498339
 0.381968	-0.166337	 0.439315	 0.474227	 0.461343	-0.229480	 0.499978	-0.311926	 0.490650	 0.480208	-0.499544	 0.498339
 0.440420	-0.167222	 0.439315	 0.474227	 0.461343	-0.276639	 0.499978	 0.187214	 0.050144	 0.481066	-0.499549	 0.498339
 0.469646	-0.167664	 0.439315	 0.474227	 0.461343	-0.300218	 0.499978	 0.435412	-0.170109	 0.481495	-0.499552	 0.498339
-0.015741	 0.332115	 0.439315	 0.474227	 0.461343	 0.187992	 0.499978	 0.058144	 0.219765	 0.481710	-0.499554	 0.498339
-0.257432	 0.580340	 0.439315	 0.474227	 0.461343	 0.430745	 0.499978	-0.130491	 0.413482	 0.481817	-0.499554	 0.498339
 0.121723	 0.202796	 0.439315	 0.474227	 0.461343	 0.050774	 0.499978	-0.224808	 0.009126	 0.481871	-0.499555	 0.498339
 0.310298	 0.014024	 0.439315	 0.474227	 0.461343	-0.139211	 0.499978	-0.271966	-0.193051	 0.481897	-0.499555	 0.498339
-0.095414	-0.080362	 0.439315	 0.474227	 0.461343	 0.265796	 0.499978	 0.204455	-0.294140	 0.481911	-0.499555	 0.498339
-0.297268	-0.127555	 0.439315	 0.474227	 0.461343	 0.466958	 0.499978	 0.441303	-0.344685	 0.481917	-0.499555	 0.498339
-0.398195	-0.151152	 0.439315	 0.474227	 0.461343	 0.566203	 0.499978	 0.558371	-0.369957	 0.481921	-0.499555	 0.498339
 0.051341	 0.337050	 0.439315	 0.474227	 0.461343	 0.114495	 0.499978	 0.615554	 0.117407	 0.481923	-0.499555	 0.498339
 0.275108	 0.579500	 0.439315	 0.474227	 0.461343	-0.111360	 0.499978	 0.642800	 0.359879	 0.481923	-0.499555	 0.498339
 0.386991	 0.699081	 0.439315	 0.474227	 0.461343	-0.224287	 0.499978	 0.155083	-0.020089	 0.481924	-0.499555	 0.498339
 0.442933	 0.757235	 0.439315	 0.474227	 0.461343	-0.280750	 0.499978	-0.088775	-0.210074	 0.481924	-0.499555	 0.498339
-0.029096	 0.284681	 0.439315	 0.474227	 0.461343	-0.308982	 0.499978	-0.210704	-0.305066	 0.481924	-0.499555	 0.498339
-0.264109	 0.048404	 0.439315	 0.474227	 0.461343	-0.323098	 0.499978	-0.271669	-0.352562	 0.481924	-0.499555	 0.498339
 0.118385	-0.069735	 0.439315	 0.474227	 0.461343	-0.330156	 0.499978	 0.197849	-0.376310	 0.481924	-0.499555	 0.498339
 0.308630	-0.128804	 0.439315	 0.474227	 0.461343	-0.333685	 0.499978	 0.431273	-0.388184	 0.481924	-0.499555	 0.498339
 0.403753	-0.158339	 0.439315	 0.474227	 0.461343	-0.335449	 0.499978	 0.546655	-0.394121	 0.481924	-0.499555	 0.498339
 0.451314	 0.326894	 0.439315	 0.474227	 0.461343	-0.336332	 0.499978	 0.103023	 0.102911	 0.481924	-0.499555	 0.498339
 0.475095	 0.567886	 0.439315	 0.474227	 0.461343	-0.336773	 0.499978	-0.118794	 0.350227	 0.481924	-0.499555	 0.498339
 0.486985	 0.686764	 0.439315	 0.474227	 0.461343	-0.336993	 0.499978	-0.229702	 0.472689	 0.481924	-0.499555	 0.498339
 0.492930	 0.744592	 0.439315	 0.474227	 0.461343	-0.337103	 0.499978	-0.285156	 0.532731	 0.481924	-0.499555	 0.498339
 0.495903	 0.271901	 0.439315	 0.474227	 0.461343	 0.162841	 0.499978	-0.312883	 0.561566	-0.018076	-0.499555	 0.498339
 0.497389	 0.035556	 0.439315	 0.474227	 0.461343	 0.411488	 0.499978	-0.326747	 0.574802	-0.267040	-0.499555	 0.498339
 0.498132	 0.417383	 0.439315	 0.474227	 0.461343	 0.034491	 0.499978	-0.333678	-0.419755	 0.109510	-0.499555	 0.498339
 0.498504	 0.606698	 0.439315	 0.474227	 0.461343	-0.154007	 0.499978	-0.337144	-0.914206	 0.297785	-0.499555	 0.498339
 0.498690	 0.699764	 0.439315	 0.474227	 0.461343	-0.248256	 0.499978	-0.338877	-1.158613	 0.391923	-0.499555	 0.498339
-0.001217	 0.744711	 0.439315	 0.474227	 0.461343	-0.295381	 0.499978	-0.339744	-0.778011	 0.438992	 0.000445	 0.498339
-0.250169	 0.765605	 0.439315	 0.474227	 0.461343	-0.318943	 0.499978	-0.340177	-0.587710	 0.462526	 0.249444	 0.498339
 0.125356	 0.274479	 0.439315	 0.474227	 0.461343	-0.330724	 0.499978	 0.159606	-0.492560	 0.474293	 0.373944	 0.498339
 0.312116	 0.028916	 0.439315	 0.474227	 0.461343	-0.336615	 0.499978	 0.408179	-0.444984	 0.480177	 0.436193	 0.498339
-0.094504	-0.093865	 0.439315	 0.474227	 0.461343	-0.339560	 0.499978	 0.031152	 0.078803	 0.483119	 0.467318	 0.498339
-0.296811	-0.155256	 0.439315	 0.474227	 0.461343	-0.341033	 0.499978	-0.157361	 0.339492	 0.484590	 0.482881	 0.498339
-0.397965	 0.314049	 0.439315	 0.474227	 0.461343	-0.341769	 0.499978	-0.251618	-0.031364	 0.485325	-0.009338	 0.498339
-0.448542	 0.547134	 0.439315	 0.474227	 0.461343	-0.342137	 0.499978	-0.298746	-0.216792	 0.485693	-0.254444	 0.498339
-0.473831	 0.662117	 0.439315	 0.474227	 0.461343	-0.342321	 0.499978	-0.322311	-0.309506	 0.485877	-0.376997	 0.498339
-0.486475	 0.718054	 0.439315	 0.474227	 0.461343	-0.342413	 0.499978	-0.334093	-0.355863	 0.485969	-0.438274	 0.498339
-0.492797	 0.744474	 0.439315	 0.474227	 0.461343	-0.342459	 0.499978	-0.339984	-0.379042	 0.486015	-0.468912	 0.498339
-0.495958	 0.756143	 0.439315	 0.474227	 0.461343	-0.342482	 0.499978	 0.157071	-0.390631	 0.486038	-0.484231	 0.498339
-0.497539	 0.260441	 0.439315	 0.474227	 0.461343	-0.342494	 0.499978	-0.095710	-0.396426	 0.486049	 0.008109	 0.498339
-0.498329	 0.012591	 0.439315	 0.474227	 0.461343	-0.342500	 0.499978	-0.222101	-0.399323	 0.486055	 0.253278	 0.498339
-0.498724	 0.388665	 0.439315	 0.474227	 0.461343	-0.342503	 0.499978	-0.285296	-0.400772	 0.486058	-0.124137	 0.498339
-0.498922	 0.575173	 0.439315	 0.474227	 0.461343	-0.342504	 0.499978	-0.316894	-0.401496	 0.486059	-0.311842	 0.498339
-0.499020	 0.666904	 0.439315	 0.474227	 0.461343	-0.342505	 0.499978	-0.332692	-0.401858	 0.486060	-0.405694	 0.498339
-0.499070	 0.211252	 0.439315	 0.474227	 0.461343	-0.342505	 0.499978	-0.340592	-0.402039	-0.013940	-0.452620	 0.498339
-0.499094	-0.016574	 0.439315	 0.474227	 0.461343	-0.342505	 0.499978	-0.344542	-0.402130	-0.262912	-0.476083	 0.498339
-0.499107	 0.369513	 0.439315	 0.474227	 0.461343	-0.342505	 0.499978	-0.346516	-0.402175	 0.113626	-0.487815	 0.498339
-0.499113	 0.561045	 0.439315	 0.474227	 0.461343	-0.342505	 0.499978	-0.347504	-0.402198	 0.301895	-0.493680	 0.498339
 0.000884	 0.155306	 0.439315	 0.474227	 0.461343	-0.342505	 0.499978	-0.347998	-0.402209	-0.103971	-0.496613	 0.498339
 0.249881	-0.047563	 0.439315	 0.474227	 0.461343	-0.342505	 0.499978	-0.348244	-0.402215	-0.305884	-0.498080	 0.498339
 0.374379	-0.148998	 0.439315	 0.474227	 0.461343	-0.342505	 0.499978	-0.348368	-0.402217	-0.405825	-0.498813	 0.498339
 0.436628	-0.199716	 0.439315	 0.474227	 0.461343	-0.342505	 0.499978	-0.348429	-0.402219	-0.454784	-0.499180	 0.498339
 0.467753	-0.225074	 0.439315	 0.474227	 0.461343	-0.342505	 0.499978	-0.348460	-0.402220	-0.478256	-0.499363	 0.498339
-0.016685	 0.262246	 0.439315	 0.474227	 0.461343	-0.342505	 0.499978	 0.151524	-0.402220	 0.011012	-0.499455	 0.498339
-0.257902	 0.504408	 0.439315	 0.474227	 0.461343	-0.342505	 0.499978	 0.400213	-0.402220	 0.254645	-0.499500	 0.498339
-0.378510	 0.623995	 0.439315	 0.474227	 0.461343	-0.342505	 0.499978	 0.523260	-0.402220	 0.376462	-0.499523	 0.498339
-0.438814	 0.682302	 0.439315	-0.025773	 0.461343	-0.342505	 0.499978	 0.083491	-0.402220	 0.437370	-0.499535	 0.498339
 0.031034	 0.209974	 0.439315	 0.225279	 0.461343	 0.157495	 0.499978	 0.363607	-0.402220	 0.467824	-0.499540	 0.498339
 0.264956	-0.026190	 0.439315	 0.350805	 0.461343	 0.406180	 0.499978	 0.502377	-0.402220	 0.483051	-0.499543	 0.498339
 0.381917	 0.355728	 0.439315	 0.413567	 0.461343	 0.029212	 0.499978	 0.570480	-0.402220	 0.490665	-0.499545	 0.498339
 0.440398	 0.545211	 0.439315	 0.444949	 0.461343	-0.159271	 0.499978	 0.603254	-0.402220	 0.494471	-0.499545	 0.498339
 0.469638	 0.638484	 0.439315	 0.460640	 0.461343	-0.253513	 0.499978	 0.618369	-0.402220	 0.496375	-0.499546	 0.498339
-0.015742	 0.183657	 0.439315	 0.468485	 0.461343	-0.300634	 0.499978	 0.124659	 0.097780	 0.497326	-0.499546	 0.498339
-0.257430	-0.043757	 0.439315	 0.472408	 0.461343	-0.324194	 0.499978	-0.122195	 0.346584	 0.497802	-0.499546	 0.498339
 0.121727	 0.342536	 0.439315	 0.474369	-0.038657	 0.164025	 0.499978	-0.245623	-0.030204	 0.498040	-0.499546	 0.498339
 0.310303	 0.534225	 0.439315	 0.475350	-0.287579	 0.406831	 0.499978	-0.307336	-0.218599	 0.498159	-0.499546	 0.498339
 0.404591	 0.628618	 0.439315	 0.475840	 0.089032	 0.026934	 0.499978	 0.161807	-0.312796	-0.001781	-0.499546	 0.498339
 0.451735	 0.674368	 0.439315	 0.476085	 0.277338	-0.163014	 0.499978	 0.395117	-0.359894	-0.250748	-0.499546	 0.498339
-0.024693	 0.195803	 0.439315	 0.476208	 0.371491	-0.257988	 0.499978	 0.010515	-0.383444	 0.124768	-0.499546	 0.498339
-0.261905	-0.043480	 0.439315	 0.476269	 0.418567	-0.305475	 0.499978	-0.181786	-0.395218	 0.311526	-0.499546	 0.498339
 0.119490	 0.336879	 0.439315	 0.476300	 0.442106	-0.329219	 0.499978	 0.222063	 0.098894	 0.404905	-0.499546	 0.498339
 0.309185	 0.525624	 0.439315	 0.476315	 0.453875	-0.341091	 0.499978	 0.422736	 0.344765	 0.451594	-0.499546	 0.498339
 0.404033	 0.618568	 0.439315	 0.476323	 0.459759	-0.347027	 0.499978	 0.521826	 0.466519	 0.474939	-0.499546	 0.498339
 0.451456	 0.663617	 0.439315	 0.476327	 0.462702	-0.349994	 0.499978	 0.570129	 0.526219	 0.486612	-0.499546	 0.498339
 0.475168	 0.684724	 0.439315	 0.476328	 0.464173	-0.351478	 0.499978	 0.593043	 0.554897	 0.492448	-0.499546	 0.498339
-0.012976	 0.693866	 0.439315	 0.476329	 0.464908	-0.352220	 0.499978	 0.103269	 0.068069	 0.495366	-0.499546	 0.498339
-0.256046	 0.697030	 0.439315	 0.476330	 0.465276	-0.352591	 0.499978	-0.141619	-0.175345	 0.496825	-0.499546	 0.498339
 0.122420	 0.697213	 0.439315	 0.476330	 0.465460	 0.147223	 0.499978	-0.264062	-0.297052	 0.497554	-0.499546	 0.498339
 0.310650	 0.695909	 0.439315	 0.476330	 0.465552	 0.395836	 0.499978	-0.325284	-0.357905	 0.497919	-0.499546	 0.498339
 0.404766	 0.693868	 0.439315	 0.476330	 0.465598	 0.018854	 0.499978	 0.144105	-0.388332	 0.498102	-0.499546	 0.498339
 0.451823	 0.691463	 0.439315	 0.476330	 0.465621	-0.169637	 0.499978	 0.377573	-0.403545	 0.498193	-0.499546	 0.498339
 0.475352	 0.688883	 0.439315	 0.476330	 0.465632	-0.263883	 0.499978	 0.493084	-0.411152	 0.498238	-0.499546	 0.498339
-0.012883	 0.686221	 0.439315	 0.476330	 0.465638	-0.311006	 0.499978	 0.049623	-0.414955	 0.998261	 0.000454	 0.498339
-0.255999	 0.683522	 0.439315	 0.476330	 0.465641	-0.334567	 0.499978	-0.172108	-0.416857	 1.245276	 0.249453	 0.498339
 0.122443	 0.680811	 0.439315	 0.476330	 0.465642	-0.346348	 0.499978	 0.217027	 0.082192	 0.865799	-0.126048	 0.498339
 0.310663	 0.678100	 0.439315	 0.476330	 0.465643	-0.352238	 0.499978	 0.410382	 0.330554	 0.676060	-0.312795	 0.498339
 0.404772	 0.175393	 0.439315	 0.476330	 0.465643	-0.355183	 0.499978	 0.005852	 0.453578	 0.581191	-0.406168	 0.498339
 0.451827	-0.075960	 0.439315	 0.476330	 0.465644	-0.356656	 0.499978	-0.196413	 0.513936	 0.533756	-0.452855	 0.498339
 0.475355	-0.201637	 0.439315	 0.476330	 0.465644	-0.357392	 0.499978	-0.297546	 0.042967	 0.510039	-0.476198	 0.498339
 0.487118	-0.264475	 0.439315	 0.476330	 0.465644	-0.357760	 0.499978	-0.348112	-0.192518	 0.498180	-0.487870	 0.498339
 0.493000	-0.295894	 0.439315	 0.476330	 0.465644	-0.357944	 0.499978	-0.373395	-0.310260	 0.492251	-0.493706	 0.498339
 0.495941	 0.188396	 0.439315	 0.476330	 0.465644	-0.358036	 0.499978	-0.386037	 0.130868	 0.489286	-0.496624	 0.498339
 0.497412	 0.429196	 0.439315	 0.476330	 0.465644	-0.358082	 0.499978	-0.392357	 0.350289	 0.487804	-0.498083	 0.498339
 0.498147	 0.548256	 0.439315	 0.476330	 0.465644	-0.358105	 0.499978	-0.395518	 0.458860	 0.487063	 0.001188	 0.498339
 0.498514	 0.606451	 0.439315	 0.476330	 0.465644	-0.358117	 0.499978	-0.397098	 0.512010	 0.486692	 0.249822	 0.498339
 0.498698	 0.634219	 0.439315	 0.476330	 0.465644	-0.358123	 0.499978	-0.397888	-0.462545	 0.486507	 0.374139	 0.498339
 0.498790	 0.646780	 0.439315	 0.476330	 0.465644	-0.358125	 0.499978	-0.398283	-0.946948	 0.486414	 0.436298	 0.498339
 0.498836	 0.151741	 0.439315	 0.476330	 0.465644	 0.141873	 0.499978	-0.398481	-0.686287	 0.486368	-0.032623	 0.498339
 0.498859	-0.095778	 0.439315	 0.476330	 0.465644	 0.390589	 0.499978	-0.398579	-0.555957	 0.486345	-0.266080	 0.498339
 0.498871	-0.219538	 0.439315	 0.476330	 0.465644	 0.513668	 0.499978	-0.398629	-0.490791	 0.486333	-0.382809	 0.498339
 0.498876	-0.281418	 0.439315	 0.476330	 0.465644	 0.073934	 0.499978	 0.101347	-0.458209	 0.486327	-0.441173	 0.498339
 0.498879	-0.312358	 0.439315	 0.476330	 0.465644	-0.145933	 0.499978	 0.350132	-0.441918	 0.486324	-0.470355	 0.498339
 0.498881	 0.172172	 0.439315	 0.476330	 0.465644	-0.255867	 0.499978	 0.473326	 0.066228	 0.986323	-0.484946	 0.498339
 0.498881	 0.413124	 0.439315	 0.476330	 0.465644	-0.310833	 0.499978	 0.533731	 0.319152	 1.233350	-0.492242	 0.498339
 0.498882	 0.532292	 0.439315	 0.476330	-0.034356	-0.338317	 0.499978	 0.062744	 0.444470	 0.853902	-0.495890	 0.498339
 0.498882	 0.590573	 0.439315	 0.476330	-0.283287	-0.352058	 0.499978	-0.172749	 0.505989	 0.664179	-0.497714	 0.498339
 0.498882	 0.118415	 0.439315	 0.476330	 0.093311	-0.358929	 0.499978	 0.209505	 0.035614	 0.569317	-0.498625	 0.498339
 0.498882	-0.117663	 0.439315	 0.476330	 0.281611	-0.362365	 0.499978	 0.399448	-0.199574	 0.521886	-0.499081	 0.498339
 0.498882	-0.235703	 0.439315	 0.476330	 0.375760	-0.364082	 0.499978	 0.493241	-0.317167	 0.498170	-0.499309	 0.498339
 0.498882	 0.205278	 0.439315	 0.476330	 0.422835	 0.135059	 0.499978	 0.538963	-0.375964	 0.486313	-0.499423	 0.498339
 0.498882	 0.424475	 0.439315	 0.476330	 0.446373	 0.383361	 0.499978	 0.560655	-0.405363	 0.480384	-0.499480	 0.498339
 0.498882	 0.532787	 0.439315	 0.476330	 0.458141	 0.006249	 0.499978	 0.070336	-0.420062	 0.977419	-0.499509	 0.498339
 0.498882	 0.585660	 0.439315	 0.476330	 0.464026	-0.182307	 0.499978	-0.174823	-0.427412	 1.222988	-0.499523	 0.498339
 0.498882	 0.110820	 0.439315	 0.476330	 0.466968	-0.276585	 0.499978	 0.202597	-0.931086	 0.842835	 0.000470	 0.498339
 0.498882	-0.126600	 0.439315	 0.476330	 0.468439	-0.323724	 0.499978	 0.390147	-1.180054	 0.652759	 0.249465	 0.498339
 0.498882	 0.254690	 0.439315	 0.476330	 0.469175	 0.152706	 0.499978	-0.017233	-0.301680	 0.557721	 0.373963	 0.498339
 0.498882	 0.444063	 0.439315	 0.476330	 0.469542	 0.389663	 0.499978	-0.220923	 0.136354	 0.510202	 0.436212	 0.498339
 0.498882	 0.537483	 0.439315	 0.476330	 0.469726	 0.506888	 0.499978	-0.322768	 0.354222	 0.486442	 0.467336	 0.498339
 0.498882	 0.582931	 0.439315	 0.476330	 0.469818	 0.564253	 0.499978	-0.373691	 0.462011	 0.474563	 0.482898	 0.498339
 0.498882	 0.604398	 0.439315	 0.476330	 0.469864	 0.091692	 0.499978	-0.399152	 0.514767	 0.468623	-0.009320	 0.498339
 0.498882	 0.613880	 0.439315	 0.476330	 0.469887	-0.144589	 0.499978	-0.411883	 0.540009	 0.465653	-0.254427	 0.498339
 0.498882	 0.617374	 0.439315	 0.476330	 0.469899	-0.262729	 0.499978	-0.418248	 0.051500	 0.464168	 0.123020	 0.498339
 0.498882	 0.117879	 0.439315	 0.476330	 0.469904	 0.178201	 0.499978	 0.078569	-0.192754	 0.463425	-0.189257	 0.498339
 0.498882	-0.131868	 0.439315	 0.476330	 0.469907	 0.397427	 0.499978	 0.325827	-0.314882	 0.463054	-0.344393	 0.498339
 0.498882	 0.243258	 0.439315	 0.476330	 0.469909	 0.005807	 0.499978	 0.448310	-0.375945	-0.037132	-0.421961	 0.498339
 0.498882	 0.429585	 0.439315	 0.476330	 0.469909	-0.190003	 0.499978	 0.508410	-0.406477	-0.286150	-0.460745	 0.498339
 0.498882	 0.521516	 0.439315	 0.476330	 0.469910	-0.287908	 0.499978	 0.037323	-0.421743	 0.090411	-0.480137	 0.498339
 0.498882	 0.566255	 0.439315	 0.476330	 0.469910	-0.336860	 0.499978	-0.198221	-0.429376	 0.278692	-0.489833	 0.498339
 0.498882	 0.587402	 0.439315	 0.476330	 0.469910	-0.361336	 0.499978	-0.315993	-0.433193	 0.372832	-0.494681	 0.498339
 0.498882	 0.096759	 0.439315	 0.476330	 0.469910	-0.373574	 0.499978	-0.374879	 0.064899	 0.419903	 0.002895	 0.498339
 0.498882	-0.148563	 0.439315	 0.476330	 0.469910	-0.379694	 0.499978	-0.404322	 0.312819	 0.443438	 0.250682	 0.498339
-0.001118	 0.228776	 0.439315	 0.476330	 0.469910	-0.382753	 0.499978	-0.419043	-0.064342	 0.455205	-0.125424	 0.498339
-0.250116	 0.416234	 0.439315	 0.476330	 0.469910	-0.384283	 0.499978	-0.426404	-0.252923	 0.461089	-0.312474	 0.498339
 0.125385	 0.508755	 0.439315	 0.476330	 0.469910	-0.385048	 0.499978	 0.069916	 0.152786	 0.464031	-0.406000	 0.498339
 0.312134	 0.553813	 0.439315	 0.476330	 0.469910	-0.385430	 0.499978	 0.316943	 0.354524	 0.465502	-0.452762	 0.498339
 0.405509	 0.075144	 0.439315	-0.023670	 0.469910	-0.385621	 0.499978	-0.060671	 0.454281	 0.466237	-0.476143	 0.498339
 0.452196	-0.164190	 0.439315	-0.272622	 0.469910	-0.385717	 0.499978	-0.249478	 0.503051	 0.466605	-0.487834	 0.498339
 0.475539	-0.283857	 0.439315	-0.396055	 0.469910	-0.385765	 0.499978	-0.343882	 0.526332	 0.466789	-0.493679	 0.498339
-0.012789	 0.156309	 0.439315	 0.043267	-0.030090	-0.385789	 0.499978	 0.108916	 0.036874	 0.466881	-0.496602	 0.498339
-0.255951	 0.375200	 0.439315	 0.262928	-0.279030	-0.385801	 0.499978	 0.334192	-0.207856	 0.466927	-0.498063	 0.498339
-0.377532	-0.016543	 0.439315	 0.372759	 0.097556	-0.385807	 0.499978	 0.445711	-0.330220	 0.466950	-0.498794	 0.498339
-0.438322	-0.212415	 0.439315	 0.427674	 0.285849	-0.385810	 0.499978	 0.500356	-0.391403	 0.466961	-0.499159	 0.498339
 0.031283	-0.310351	 0.439315	 0.455132	 0.379996	-0.385811	 0.499978	 0.026569	-0.421994	 0.466967	-0.499342	 0.498339
 0.265083	-0.359319	 0.439315	 0.468860	 0.427069	-0.385812	 0.499978	-0.210325	-0.437289	 0.466970	-0.499433	 0.498339
 0.381984	-0.383803	 0.439315	 0.475725	 0.450606	-0.385812	 0.499978	-0.328772	-0.444937	 0.466971	-0.499479	 0.498339
 0.440434	-0.396045	 0.439315	 0.479157	 0.462374	-0.385812	 0.499978	-0.387996	-0.448761	 0.466972	-0.499502	 0.498339
 0.469659	-0.402166	 0.439315	 0.480873	 0.468258	-0.385813	 0.499978	-0.417607	-0.450673	 0.466972	-0.499513	 0.498339
 0.484271	-0.405226	 0.439315	 0.481731	 0.471200	 0.114187	 0.499978	-0.432413	-0.951629	-0.033027	-0.499519	 0.498339
 0.491578	-0.406756	 0.439315	 0.482160	 0.472671	 0.362959	 0.499978	-0.439816	-1.199202	-0.281961	-0.499522	 0.498339
 0.495231	-0.407521	 0.439315	 0.482375	 0.473407	 0.486121	 0.499978	-0.443517	-0.320095	 0.094634	-0.499523	 0.498339
 0.497057	-0.407904	 0.439315	 0.482482	 0.473775	 0.546484	 0.499978	-0.445368	 0.118341	 0.282931	-0.499524	 0.498339
-0.002029	 0.091905	 0.439315	-0.017464	 0.473958	 0.575452	 0.499978	 0.053706	-0.163555	 0.877080	-0.499524	 0.498339
-0.250570	 0.340626	 0.439315	-0.266403	 0.474050	 0.588727	 0.499978	 0.302138	-0.304503	 1.171212	-0.499524	 0.498339
 0.125159	 0.463807	 0.439315	 0.110159	 0.474096	 0.094160	 0.499978	-0.074747	-0.374977	 0.815347	-0.499525	 0.498339
 0.312022	 0.524224	 0.439315	 0.298440	 0.474119	-0.153123	 0.499978	-0.263190	-0.410214	 0.637414	-0.499525	 0.498339
 0.405453	 0.553264	 0.439315	 0.392580	 0.474131	-0.276765	 0.499978	-0.357411	-0.427832	 0.548448	-0.499525	 0.498339
 0.452169	 0.066619	 0.439315	 0.439650	 0.474137	-0.338586	 0.499978	-0.404522	-0.436641	 0.503965	 0.000475	 0.498339
 0.475527	-0.176704	 0.439315	 0.463185	 0.474139	-0.369496	 0.499978	-0.428077	-0.441046	 0.481724	 0.249474	 0.498339
-0.012794	-0.298365	 0.439315	 0.474953	 0.474141	-0.384951	 0.499978	-0.439855	 0.056752	 0.470603	-0.126026	 0.498339
-0.255952	-0.359196	 0.439315	 0.480837	 0.474142	-0.392679	 0.499978	-0.445744	 0.304541	 0.465042	-0.312773	 0.498339
 0.122468	-0.389611	 0.439315	 0.483778	 0.474142	 0.103457	 0.499978	 0.051312	-0.072668	 0.462262	 0.093853	 0.498339
 0.310677	-0.404819	 0.439315	 0.485249	 0.474142	 0.350326	 0.499978	 0.298743	-0.261273	 0.460872	 0.296165	 0.498339
 0.404781	-0.412423	 0.439315	 0.485985	 0.474142	-0.027434	 0.499978	 0.421366	-0.355576	 0.460177	 0.397322	 0.498339
 0.451834	-0.416225	 0.439315	 0.486353	 0.474142	-0.216314	 0.499978	 0.481590	-0.402727	 0.459830	 0.447900	 0.498339
 0.475360	-0.418126	 0.439315	 0.486536	 0.474142	-0.310754	 0.499978	 0.510618	-0.426302	 0.459656	 0.473189	 0.498339
 0.487123	-0.419076	 0.439315	 0.486628	 0.474142	-0.357974	 0.499978	 0.024053	-0.438090	 0.459569	-0.014167	 0.498339
 0.493004	-0.419551	 0.439315	 0.486674	 0.474142	-0.381584	 0.499978	-0.219230	-0.443984	 0.459526	-0.256842	 0.498339
 0.495945	 0.080211	 0.439315	 0.486697	 0.474142	-0.393389	 0.499978	 0.159129	-0.446931	 0.459504	-0.378179	 0.498339
 0.497415	 0.328932	 0.439315	 0.486709	 0.474142	-0.399291	 0.499978	 0.347233	-0.448405	 0.459493	-0.438848	 0.498339
 0.498151	-0.047862	 0.439315	 0.486715	-0.025858	-0.402242	 0.499978	 0.440215	 0.050859	 0.459488	-0.469182	 0.498339
 0.498518	-0.236260	 0.439315	 0.486717	-0.274806	-0.403718	 0.499978	 0.485639	 0.299390	 0.459485	-0.484349	 0.498339
 0.498702	 0.169542	 0.439315	 0.486719	 0.101767	-0.404456	 0.499978	 0.007289	-0.077440	 0.459483	-0.491933	 0.498339
 0.498794	 0.371292	 0.439315	 0.486720	 0.290054	-0.404825	 0.499978	-0.231886	-0.265855	 0.459483	-0.495724	 0.498339
 0.498840	 0.471021	 0.439315	 0.486720	 0.384197	-0.405009	 0.499978	-0.351473	-0.360063	 0.459482	-0.497620	 0.498339
 0.498863	 0.519743	 0.439315	 0.486720	 0.431269	-0.405101	 0.499978	 0.088733	-0.407167	 0.459482	-0.498568	 0.498339
 0.498874	 0.542968	 0.439315	 0.486720	 0.454805	-0.405148	 0.499978	 0.307778	-0.430718	 0.459482	-0.499042	 0.498339
-0.001120	 0.553448	 0.439315	-0.013280	 0.466573	 0.094829	 0.499978	-0.083753	-0.442494	 0.459482	-0.499279	 0.498339
-0.250115	 0.557560	 0.439315	-0.262253	 0.472457	 0.343628	 0.499978	-0.279518	-0.448382	 0.459482	-0.499398	 0.498339
 0.125388	 0.558493	 0.439315	 0.114283	 0.475399	-0.033157	 0.499978	-0.377401	 0.048674	 0.459482	 0.000543	 0.498339
 0.312137	 0.557840	 0.439315	 0.302550	 0.476870	-0.221550	 0.499978	-0.426342	 0.296110	 0.459482	 0.249512	 0.498339
-0.094488	 0.556400	 0.439315	 0.396684	-0.022395	-0.315746	 0.499978	 0.049187	-0.581259	 0.459482	-0.126003	 0.498339
-0.296799	 0.554569	 0.439315	 0.443751	-0.270984	-0.362844	 0.499978	 0.285902	-1.017026	 0.459482	-0.312757	 0.498339
 0.102046	 0.552549	 0.439315	 0.467285	 0.105761	-0.386393	 0.499978	-0.096785	-0.732004	 0.459482	-0.406135	 0.498339
 0.300467	 0.550437	 0.439315	 0.479052	 0.294133	-0.398168	 0.499978	-0.288129	-0.589493	 0.459482	-0.452823	 0.498339
 0.399677	 0.548285	 0.439315	 0.484935	 0.388320	-0.404055	 0.499978	-0.383801	-0.518237	 0.459482	-0.476168	 0.498339
 0.449282	 0.046117	 0.439315	-0.012123	 0.435413	 0.093001	 0.499978	 0.068363	-0.482609	 0.459482	-0.487840	 0.498339
 0.474085	-0.204968	 0.439315	-0.259634	 0.458959	 0.340349	 0.499978	 0.293404	-0.464796	 0.459482	-0.493676	 0.498339
-0.013514	 0.169490	 0.439315	 0.117625	 0.470732	-0.037152	 0.499978	 0.404887	-0.455889	 0.459482	-0.496594	 0.498339
-0.256311	 0.355631	 0.439315	 0.306254	 0.476619	-0.225903	 0.499978	 0.459597	-0.451435	 0.459482	-0.498053	 0.498339
-0.377709	 0.447618	 0.439315	 0.400569	 0.479562	-0.320278	 0.499978	-0.014078	-0.449208	 0.459482	-0.498783	 0.498339
-0.438409	 0.492533	 0.439315	 0.447726	 0.481034	-0.367466	 0.499978	-0.250915	-0.448095	 0.459482	-0.499147	 0.498339
 0.031242	 0.513915	 0.439315	 0.471305	-0.018230	-0.391060	 0.499978	-0.369333	 0.052462	 0.459482	 0.000670	 0.498339
 0.265065	 0.523535	 0.439315	 0.483094	-0.266827	-0.402857	 0.499978	-0.428542	 0.301634	 0.459482	 0.249578	 0.498339
 0.381977	 0.527279	 0.439315	 0.488989	-0.390095	-0.408755	 0.499978	-0.458147	 0.425118	 0.459482	 0.374032	 0.498339
-0.059567	 0.528089	 0.439315	 0.491936	 0.049298	-0.411704	 0.499978	-0.472949	 0.485764	 0.459482	-0.063741	 0.498339
-0.279337	 0.527436	 0.439315	 0.493410	 0.268994	-0.413179	 0.499978	-0.480350	 0.514993	 0.459482	-0.281625	 0.498339
-0.389222	 0.526056	 0.439315	 0.494147	 0.378843	-0.413916	 0.499978	 0.015949	 0.028520	 0.459482	-0.390566	 0.498339
-0.444165	 0.524317	 0.439315	 0.494515	 0.433767	-0.414285	 0.499978	 0.263074	-0.214717	 0.459482	-0.445037	 0.498339
 0.028364	 0.022402	 0.439315	 0.494699	 0.461229	 0.085531	 0.499978	-0.114384	 0.163664	 0.459482	-0.472273	 0.498339
 0.263627	-0.228555	 0.439315	 0.494792	 0.474960	 0.334268	 0.499978	-0.303113	 0.351771	 0.459482	-0.485890	 0.498339
 0.381258	-0.354034	 0.439315	-0.005162	 0.481825	-0.042530	 0.499978	-0.397477	-0.055255	 0.459482	-0.492699	 0.498339
 0.440074	-0.416773	 0.439315	-0.254129	 0.485258	-0.230928	 0.499978	-0.444659	-0.258768	 0.459482	-0.496104	 0.498339
 0.469481	-0.448143	 0.439315	-0.377606	 0.486974	-0.325128	 0.499978	-0.468250	-0.360525	 0.459482	-0.497806	 0.498339
 0.484185	 0.036172	 0.439315	 0.061657	 0.487833	-0.372227	 0.499978	-0.480046	-0.411403	 0.459482	-0.498657	 0.498339
 0.491537	 0.277289	 0.439315	 0.280287	 0.488262	-0.395777	 0.499978	-0.485944	-0.436842	 0.459482	-0.499082	 0.498339
 0.495213	-0.103190	 0.439315	 0.389602	 0.488476	 0.092448	 0.499978	-0.488893	-0.449562	 0.959482	-0.499295	 0.498339
 0.497051	-0.293429	 0.439315	 0.444260	 0.488584	 0.335399	 0.499978	-0.490367	-0.455922	 1.206563	-0.499402	 0.498339
-0.002030	 0.111452	 0.439315	 0.471588	 0.488637	-0.044282	 0.499978	-0.491104	-0.459102	 0.827196	 0.000545	 0.498339
-0.250568	 0.312859	 0.439315	 0.485253	 0.488664	-0.234123	 0.499978	-0.491473	-0.460692	 0.637513	 0.249518	 0.498339
-0.374837	-0.087466	 0.439315	 0.492085	 0.488677	-0.329043	 0.499978	-0.491657	 0.038513	 0.542671	-0.125996	 0.498339
-0.436972	-0.287628	 0.439315	 0.495501	 0.488684	-0.376503	 0.499978	-0.491749	 0.287040	 0.495250	-0.312750	 0.498339
-0.468039	-0.387709	 0.439315	 0.497209	 0.488688	-0.400233	 0.499978	-0.491795	 0.410233	 0.471540	-0.406127	 0.498339
-0.483573	-0.437750	 0.439315	 0.498063	 0.488689	 0.087902	 0.499978	 0.008182	 0.470762	 0.459685	-0.452815	 0.498339
-0.491339	-0.462770	 0.439315	 0.498490	 0.488690	 0.330817	 0.499978	 0.257154	 0.499964	 0.453757	-0.476160	 0.498339
 0.004777	-0.475280	 0.439315	 0.498704	 0.488690	-0.048872	 0.499978	-0.119372	 0.013507	 0.450793	-0.487832	 0.498339
 0.251834	-0.481535	 0.439315	 0.498810	 0.488691	-0.238717	 0.499978	-0.307635	-0.229722	 0.449312	-0.493668	 0.498339
-0.124638	-0.484663	 0.439315	 0.498864	 0.488691	-0.333640	 0.499978	-0.401767	 0.148664	 0.448571	-0.496586	 0.498339
-0.311872	-0.486227	 0.439315	 0.498890	 0.488691	-0.381101	 0.499978	-0.448833	 0.336803	 0.448200	-0.498045	 0.498339
-0.405489	-0.487009	 0.439315	 0.498904	 0.488691	-0.404832	 0.499978	-0.472366	 0.429822	 0.448015	-0.498774	 0.498339
-0.452297	-0.487400	 0.439315	 0.498910	 0.488691	-0.416697	 0.499978	-0.484132	 0.475286	 0.447922	-0.499139	 0.498339
-0.475701	-0.487595	 0.439315	 0.498914	 0.488691	-0.422630	 0.499978	-0.490015	 0.496977	 0.447876	-0.499322	 0.498339
-0.487403	-0.487693	 0.439315	 0.498915	 0.488691	-0.425596	 0.499978	-0.492957	 0.506785	 0.447853	-0.499413	 0.498339
 0.006746	-0.487742	 0.439315	 0.498916	 0.488691	 0.072921	 0.499978	-0.494428	 0.510656	 0.447841	-0.499458	 0.498339
 0.252818	 0.012234	 0.439315	 0.498917	 0.488691	 0.321037	 0.499978	 0.004837	 0.011562	 0.447835	-0.499481	 0.498339
 0.375855	 0.261197	 0.439315	 0.498917	 0.488691	 0.443956	 0.499978	 0.253461	-0.237985	 0.447832	-0.499493	 0.498339
-0.062627	 0.384659	 0.439315	 0.498917	 0.488691	 0.504282	 0.499978	-0.123231	-0.362758	 0.447831	-0.499498	 0.498339
-0.280866	 0.445373	 0.439315	 0.498917	 0.488691	 0.533316	 0.499978	-0.311577	-0.425145	 0.447830	-0.499501	 0.498339
-0.389985	-0.025282	 0.439315	 0.498917	 0.488691	 0.046708	 0.499978	-0.405750	 0.043662	 0.947830	 0.000497	 0.498339
-0.444545	-0.260609	 0.439315	 0.498917	 0.488691	-0.196596	 0.499978	-0.452837	 0.277040	 1.194934	 0.249496	 0.498339
-0.471825	-0.378273	 0.439315	 0.498917	 0.488691	-0.318248	 0.499978	-0.476380	 0.392708	 1.315602	 0.373995	 0.498339
 0.014535	-0.437105	 0.439315	 0.498917	 0.488691	-0.379074	 0.499978	-0.488152	 0.449526	 0.873064	-0.063755	 0.498339
 0.256714	-0.466521	 0.439315	 0.498917	 0.488691	-0.409487	 0.499978	-0.494037	 0.476922	 0.651794	-0.281628	 0.498339
-0.122197	 0.018771	 0.439315	 0.498917	 0.488691	-0.424693	 0.499978	-0.496980	-0.010389	 0.541160	-0.390564	 0.498339
-0.310650	 0.260409	 0.439315	 0.498917	 0.488691	-0.432297	 0.499978	-0.498452	-0.254044	 0.485842	-0.445032	 0.498339
 0.095123	 0.380224	 0.439315	 0.498917	 0.488691	-0.936098	 0.499978	-0.499188	-0.375872	 0.458184	-0.472266	 0.498339
 0.297008	 0.439131	 0.439315	 0.498917	 0.488691	-1.185119	 0.499978	-0.499555	-0.436786	 0.444354	-0.485883	 0.498339
-0.102050	-0.031415	 0.439315	 0.498917	 0.488691	-0.806761	 0.499978	-0.499739	 0.032757	 0.437440	-0.492691	 0.498339
-0.300576	-0.265684	 0.439315	 0.498917	 0.488691	-0.617583	 0.499978	-0.499831	 0.266524	 0.433982	-0.496096	 0.498339
-0.399840	-0.382819	 0.439315	 0.498917	 0.488691	-0.522993	 0.499978	-0.499877	 0.382407	 0.432254	-0.497798	 0.498339
 0.050529	 0.058614	 0.439315	 0.498917	-0.011309	 0.024302	 0.499978	 0.000100	-0.559651	 0.431389	 0.001351	 0.498339
 0.274711	 0.278330	 0.439315	 0.498917	-0.260287	 0.296806	 0.499978	 0.249088	-1.027677	 0.430957	 0.249925	 0.498339
 0.386802	-0.111812	 0.439315	 0.498917	 0.616243	 0.431919	 0.499978	-0.126418	-0.758699	 0.930741	-0.125789	 0.498339
 0.442848	-0.305879	 0.439315	 0.498917	 1.051523	 0.498342	 0.499978	-0.313167	-0.624209	 1.177772	-0.312642	 0.498339
 0.470871	-0.402912	 0.439315	 0.498917	 1.266189	 0.530424	 0.499978	-0.406541	-0.556965	 1.298438	-0.406069	 0.498339
 0.484882	 0.048571	 0.439315	 0.498917	 0.870560	 0.045340	 0.499978	-0.453229	-0.023343	 0.855933	-0.452782	 0.498339
 0.491888	 0.273312	 0.439315	 0.498917	 0.672746	-0.197202	 0.499978	-0.476572	 0.242448	 0.634680	-0.476139	 0.498339
 0.495391	 0.385683	 0.439315	 0.498917	 0.573839	-0.318474	 0.499978	-0.488244	-0.125673	 0.524054	 0.012182	 0.498339
 0.497142	 0.441868	 0.439315	 0.498917	 0.524385	-0.379109	 0.499978	-0.494080	-0.309734	 0.468740	 0.255342	 0.498339
 0.498018	 0.469961	 0.439315	 0.498917	 0.499658	-0.409427	 0.499978	-0.496998	-0.401764	 0.441084	 0.376922	 0.498339
 0.498456	 0.484008	 0.439315	 0.498917	 0.487295	-0.424586	 0.499978	 0.001543	 0.052221	 0.427256	 0.437712	 0.498339
 0.498675	 0.491031	 0.439315	 0.498917	 0.481113	-0.432165	 0.499978	 0.249813	 0.278201	 0.420341	 0.468107	 0.498339
 0.498784	 0.494542	 0.439315	 0.498917	 0.478022	 0.064045	 0.499978	-0.126051	 0.390183	 0.416884	-0.016695	 0.498339
 0.498839	 0.496298	 0.439315	 0.498917	 0.476477	 0.311030	 0.499978	-0.312980	 0.445169	 0.415156	-0.258094	 0.498339
 0.498866	 0.497176	 0.439315	 0.498917	 0.475704	-0.066594	 0.499978	 0.093556	-0.028338	 0.414292	-0.378793	 0.498339
 0.498880	 0.497615	 0.439315	 0.498917	 0.475318	-0.255406	 0.499978	 0.295823	-0.264088	 0.413859	-0.439142	 0.498339
-0.001113	-0.002166	 0.439315	 0.498917	 0.475125	 0.150188	 0.499978	-0.103043	 0.118037	 0.913643	-0.469317	 0.498339
-0.250108	-0.251052	 0.439315	 0.498917	 0.475028	 0.351874	 0.499978	-0.301472	 0.308099	 1.160708	-0.484405	 0.498339
 0.125395	-0.375495	 0.439315	 0.498917	 0.474980	-0.048391	 0.499978	-0.400687	-0.096869	 0.781426	-0.491948	 0.498339
