-0.487837	-0.892719	-0.042381	-0.012407	 0.488000	 0.474008	-0.217139	 0.499561	 0.905484	-0.243842	 0.386415	 0.109448
-0.487837	-0.889148	-0.050159	-0.255570	 0.493836	 0.472525	-0.211223	 0.499561	 0.901862	 0.001780	 0.442347	-0.080748
-0.487837	-0.885592	-0.054049	 0.122849	 0.496754	 0.471784	-0.208264	 0.499560	 0.898254	-0.375410	-0.029687	 0.324154
-0.487837	-0.882049	-0.055993	 0.311056	 0.498213	 0.471414	-0.206785	 0.499560	 0.894661	-0.562499	-0.264701	 0.525147
-0.487837	-0.878521	 0.443034	 0.405159	 0.498942	 0.471229	-0.206046	 0.499560	 0.891082	-0.154544	 0.117792	 0.624191
-0.487837	-0.875007	 0.690664	 0.452211	 0.499307	 0.471136	-0.205676	 0.499560	 0.887518	 0.049433	 0.308038	 0.672267
-0.487837	-0.871507	 0.812602	 0.475737	 0.499490	 0.471090	-0.205491	 0.499560	 0.883968	 0.151421	 0.403161	 0.694864
-0.487837	-0.868021	 0.871702	 0.487500	 0.499581	 0.471066	-0.205399	 0.499560	 0.880432	-0.297584	 0.450723	 0.204728
-0.487837	-0.864549	 0.899391	 0.493381	 0.499626	 0.471055	-0.205352	 0.499560	 0.876910	-0.520594	 0.474503	-0.040340
-0.487837	-0.861091	 0.411381	 0.496322	 0.499649	 0.471049	-0.205329	 0.499560	 0.373403	-0.130612	-0.013606	 0.337126
-0.487837	-0.857646	 0.167376	 0.497792	 0.499660	 0.471046	-0.205318	 0.499560	 0.121649	 0.064380	-0.256658	 0.524429
-0.487837	-0.854216	 0.045373	 0.498528	 0.499666	 0.471045	-0.205312	 0.499560	 0.495772	-0.338125	-0.378183	 0.616658
-0.487837	-0.850799	-0.015628	 0.498895	 0.499669	 0.471044	-0.205309	 0.499560	 0.681094	-0.537896	-0.438946	 0.661354
-0.487837	-0.847396	-0.046129	 0.499079	 0.499670	 0.471044	-0.205308	 0.499560	 0.772022	-0.636306	 0.030672	 0.682290
-0.487837	-0.844006	-0.061379	 0.499171	 0.499671	 0.471043	-0.205307	 0.499560	 0.815760	-0.684042	 0.264481	 0.691352
-0.487837	-0.840630	-0.069004	 0.499217	 0.499672	 0.471043	-0.205307	 0.499560	 0.835910	-0.706446	 0.381385	 0.694482
-0.487837	-0.837267	 0.427183	 0.499240	 0.499672	 0.471043	-0.205306	 0.499560	 0.844273	-0.716190	-0.060162	 0.694652
-0.487837	-0.833918	 0.673430	 0.499251	 0.499672	 0.471043	-0.205306	 0.499560	 0.846749	-0.719611	-0.279933	 0.693347
-0.487837	-0.830583	 0.794714	 0.499257	 0.499672	 0.471043	-0.205306	 0.499560	 0.346289	-0.719875	 0.110182	 0.191310
-0.487837	-0.827260	 0.853524	 0.499260	 0.499672	 0.471043	-0.205306	 0.499560	 0.096059	-0.718566	 0.304239	-0.059708
-0.487837	-0.823951	 0.881105	 0.499261	-0.000328	 0.471043	-0.205306	 0.499560	 0.470944	-0.716478	 0.401267	 0.314783
-0.487837	-0.820655	 0.893078	 0.499262	-0.249327	 0.471043	-0.205306	 0.499560	 0.656694	-0.714005	 0.449781	 0.500650
-0.487837	-0.817373	 0.897254	 0.499262	 0.126173	 0.471043	-0.205306	 0.499560	 0.747885	-0.711345	 0.474038	 0.092210
-0.487837	-0.814103	 0.897539	 0.499263	 0.312920	 0.471043	-0.205306	 0.499560	 0.791802	-0.708598	 0.486167	-0.112009
-0.487837	-0.810847	 0.895886	 0.499263	 0.406293	 0.471043	-0.205306	 0.499560	 0.812089	-0.705813	 0.492231	-0.214119
-0.487837	-0.807604	 0.893271	 0.499263	 0.452980	 0.471043	-0.205306	 0.499560	 0.820568	-0.703014	 0.495263	 0.234826
-0.487837	-0.804373	 0.890182	 0.499263	 0.476323	 0.471043	-0.205306	 0.499560	 0.823149	-0.700214	 0.496779	 0.457931
-0.487837	-0.801156	 0.886864	 0.499263	 0.487995	 0.471043	-0.205306	 0.499560	 0.822788	-0.197419	 0.497537	 0.568121
-0.487837	-0.797951	 0.883437	 0.499263	 0.493831	 0.471043	-0.205306	 0.499560	 0.820963	 0.053978	 0.497916	 0.621860
-0.487837	-0.794759	 0.379964	 0.499263	 0.496749	 0.471043	-0.205306	 0.499560	 0.818412	-0.320323	-0.001894	 0.647378
-0.487837	-0.791580	 0.128228	 0.499263	 0.498208	 0.471043	-0.205306	 0.499560	 0.815505	-0.506085	-0.250796	 0.658791
-0.487837	-0.788414	 0.002359	 0.499263	 0.498937	 0.471043	-0.205306	 0.499560	 0.812426	-0.097582	-0.375247	 0.663157
-0.487837	-0.785260	-0.060575	 0.499263	 0.499302	 0.471043	-0.205306	 0.499560	 0.809268	 0.106670	-0.437472	 0.664005
-0.487837	-0.782119	-0.092042	 0.499263	 0.499484	 0.471043	-0.205306	 0.499560	 0.806077	 0.208795	-0.468585	 0.663100
-0.487837	-0.778991	 0.392225	-0.000737	 0.499575	 0.471043	-0.205306	 0.499560	 0.802876	 0.259858	 0.015859	 0.661323
-0.487837	-0.775875	 0.632605	-0.249736	 0.499621	 0.471043	-0.205306	 0.499560	 0.799675	 0.285390	 0.257080	 0.659115
-0.487837	-0.772771	 0.251049	 0.125765	 0.499644	 0.471043	-0.205306	 0.499560	 0.796482	-0.201845	 0.377690	 0.656697
-0.487837	-0.769680	 0.060271	 0.312513	 0.499655	 0.471043	-0.205306	 0.499560	 0.793299	-0.444084	 0.437996	 0.654180
-0.487837	-0.766601	-0.035118	 0.405887	 0.499661	 0.971043	-0.205306	 0.499560	 0.290128	-0.563830	-0.031852	 0.151618
-0.487837	-0.763535	-0.082812	 0.452574	 0.499664	 1.218101	-0.205306	 0.499560	 0.038542	-0.622337	-0.265772	-0.099663
-0.487837	-0.760481	-0.106660	 0.475917	 0.499665	 0.838700	-0.205306	 0.499560	 0.412749	-0.650228	-0.382732	 0.274696
-0.487837	-0.757439	-0.118583	 0.487589	 0.499666	 0.648999	-0.205306	 0.499560	 0.598278	-0.662818	-0.441212	 0.460578
-0.487837	-0.754409	-0.124545	 0.493425	 0.499666	 0.554149	-0.205306	 0.499560	 0.689476	-0.667762	-0.470452	 0.552226
-0.487837	-0.751392	 0.372474	-0.003657	 0.499666	 0.506724	-0.205306	 0.499560	 0.733513	-0.668888	 0.014928	 0.596762
-0.487837	-0.748386	 0.619245	-0.251197	 0.499666	 0.483011	-0.205306	 0.499560	 0.753976	-0.668111	 0.256617	 0.617747
-0.487837	-0.745392	 0.740898	 0.125033	 0.499666	 0.971155	 0.294694	 0.999560	 0.262659	 0.833612	 0.377462	 0.126963
-0.487837	-0.742411	 0.799999	 0.312146	 0.499666	 1.212308	 0.543104	 1.246561	 0.017001	 1.579803	 0.437884	-0.118430
-0.487837	 0.760559	 0.327832	 0.405702	 0.999666	 0.829978	 0.665727	 0.367074	-0.605829	 2.448246	-0.031905	-0.241126
-0.487837	 1.507517	 0.091748	 0.452480	 1.246667	 0.638813	 0.725461	-0.071644	-0.914786	 2.875834	-0.265796	-0.302474
 1.012163	 3.876486	-0.026294	-0.024130	 1.367180	 0.043230	 1.253758	-1.289983	-2.566817	 5.083022	 0.117259	-1.333148
 1.757139	 5.048480	-0.085315	-0.261434	 1.424461	-0.253457	 1.514342	-1.894135	-3.384395	 6.172035	 0.307785	-1.843757
 2.124623	 5.622037	-0.114825	-0.380086	 1.450138	-0.400700	 1.641085	-2.191215	-3.784780	 6.702019	 0.403049	-2.094353
 2.803380	 7.896423	-0.629580	-0.439412	 1.460025	-0.973225	 2.200920	-2.834778	-4.476602	 7.952548	 0.950680	-2.214961
 3.135795	 9.013275	-0.884669	-0.469075	 1.462029	-1.256397	 2.475316	-3.149603	-4.812176	 8.559406	 1.221500	-2.270594
 3.795066	 10.551441	-1.509934	-0.483907	 1.960103	-0.894903	 2.607015	-3.300087	-4.969668	 9.344502	 1.353925	-2.793758
 4.115792	 11.296344	-1.818296	-0.491323	 2.204223	-0.713090	 2.667387	-3.368428	-5.038159	 9.716791	 1.417164	-3.048706
 4.267283	 12.144714	-2.468224	-0.995031	 2.321387	-0.621120	 2.692117	-3.895724	-6.062192	 10.382758	 1.445823	-3.669573
 4.334190	 12.542912	-2.786952	-1.243887	 2.375091	-0.574077	 2.699049	-4.150527	-6.560036	 10.693643	 1.457204	-3.971426
 4.858842	 14.216129	-2.440104	-1.365330	 2.897086	-0.549502	 2.697103	-4.269117	-6.794842	 11.327077	 1.459957	-4.113805
 5.110401	 15.020959	-2.262494	-1.423078	 3.151245	-0.536164	 2.690739	-4.319637	-6.898186	 11.619873	 1.458408	-4.176483
 5.225456	 15.391722	-2.169519	-1.448990	 3.271514	-0.528450	 2.682189	-4.336157	-6.935854	 11.742446	 1.954720	-4.199343
 5.272303	 15.545579	-2.118878	-1.458996	 3.324865	-0.523551	 2.672566	-4.335711	-6.940742	 11.780002	 2.197974	-4.202329
 5.285088	 15.591109	-2.089421	-1.461061	 3.344784	-0.520064	 2.662429	-4.326818	-6.929294	 11.775145	 2.314718	-4.195411
 4.780885	 16.082600	-2.070573	-1.459168	 3.348014	-1.017288	 2.652056	-4.313735	-6.909735	 11.749176	 2.368228	-4.183575
 4.520230	 16.295198	-2.057046	-1.455306	 3.342927	-1.262870	 2.641586	-4.298593	-6.886175	 11.712745	 2.390139	-4.169314
 4.881383	 16.368481	-2.046195	-1.450473	 3.333707	-0.882645	 2.631089	-4.282455	-6.860669	 12.171177	 2.396270	-4.153873
 5.051475	 16.372239	-2.036699	-1.445165	 3.322449	-0.691527	 2.620599	-4.265853	-6.834246	 12.375133	 2.394531	-4.137876
 4.626077	 16.341366	-2.027896	-1.439631	 3.310197	-1.094968	 3.110134	-4.249054	-6.807419	 12.451954	 2.388876	-4.121634
 4.404977	 16.293308	-2.019457	-1.433996	 3.297475	-1.293691	 3.347702	-4.232189	-6.780444	 12.465306	 2.381282	-4.105302
 4.786060	 16.736789	-2.011215	-1.428322	 3.284545	-0.890068	 3.459316	-4.215327	-6.753450	 12.447025	 2.372738	-4.588958
 4.966266	 16.924169	-2.003088	-1.422639	 3.271536	-0.688256	 3.507981	-4.198498	-6.726500	 12.413027	 2.363737	-4.820640
 5.046077	 16.983636	-1.995035	-1.416964	 3.258515	-0.587351	 3.525200	-4.181721	-6.699626	 12.371270	 2.354528	-4.926377
 5.075730	 16.979283	-1.987034	-1.411304	 3.745513	-0.536898	 3.526724	-4.165002	-6.672843	 12.325732	 2.345232	-4.469181
 5.080346	 16.943157	-1.979076	-1.405663	 3.980548	-0.511671	 3.520430	-4.148346	-6.646160	 12.278403	 2.335912	-4.232559
 5.072484	 16.891280	-1.971154	-0.900042	 4.089633	-0.499058	 3.510255	-4.131755	-6.619579	 12.230277	 1.826599	-4.606257
 5.058424	 16.831662	-1.963267	-0.647231	 4.135779	-0.492751	 3.498167	-4.115229	-6.593103	 12.181849	 1.569308	-4.783145
 5.041305	 16.768309	-1.955413	-1.020826	 4.150488	-0.489598	 3.485151	-5.098769	-6.566732	 12.133368	 1.438039	-4.361670
 5.022698	 16.703223	-1.947591	-1.204835	 4.149512	-0.488021	 3.471699	-5.578374	-6.540465	 12.084958	 1.369790	-4.143051
 5.003386	 16.637404	-1.939800	-0.794061	 4.140727	-0.987233	 3.458056	-4.806060	-6.514304	 12.036680	 1.833063	-4.025893
 4.983761	 16.571351	-1.932041	-0.588675	 4.128071	-1.233866	 3.444346	-4.411836	-6.488246	 11.988564	 2.060107	-3.959497
 4.964021	 16.505314	-1.924312	-0.485981	 4.113511	-1.354222	 3.430630	-4.206689	-6.462294	 11.940625	 2.169054	-3.918512
 4.944262	 16.439417	-1.916615	-0.434635	 4.098034	-1.411450	 3.416938	-4.096112	-6.436444	 11.892870	 2.218972	-3.890265
 4.924534	 16.373721	-1.908948	-0.408961	 4.082130	-1.437127	 3.403285	-4.032853	-6.410699	 11.845303	 2.239393	-3.868418
 4.904860	 16.808257	-1.901313	-0.396125	 4.066046	-0.947040	 3.389680	-3.993284	-6.385056	 11.797924	 2.245084	-3.849801
 4.885253	 16.991040	-1.893707	-0.389706	 4.049904	-0.701996	 3.376125	-3.965592	-6.359516	 11.750733	 2.243428	-3.832830
 4.865718	 16.548083	-1.886133	-0.886497	 4.033765	-1.079475	 3.362622	-3.943870	-6.334078	 11.703730	 2.238117	-3.816713
 4.846258	 16.294395	-1.878588	-1.132126	 4.017661	-1.265300	 3.349173	-3.925165	-6.308741	 11.656916	 2.230995	-3.801053
 4.826874	 16.135469	-1.871074	-1.252185	 4.001605	-0.855310	 3.335776	-4.908000	-6.283506	 12.110288	 2.222987	-3.785652
 4.807568	 16.024053	-1.863589	-1.309470	 3.985606	-0.650315	 3.322433	-5.387635	-6.258372	 12.311847	 2.214553	-3.770411
 4.788338	 15.936520	-1.856135	-1.335379	 3.969668	-0.547818	 3.309144	-5.615718	-6.233339	 12.387600	 2.205923	-3.755281
 4.769185	 16.361056	-1.848711	-0.845611	 3.953791	-0.496569	 3.295907	-4.718072	-6.208405	 12.400549	 2.197214	-3.740235
 4.750108	 16.539752	-1.841316	-0.600727	 3.937977	-0.470945	 3.282724	-4.261609	-6.183572	 12.382197	 2.188482	-3.725262
 4.731108	 16.595663	-2.333950	-0.978285	 3.922225	-0.458133	 3.269593	-4.025766	-6.158838	 11.848293	 1.679757	-3.710354
 4.712183	 16.590316	-2.574615	-1.164352	 3.906537	-0.451727	 3.256515	-3.900265	-6.134202	 11.558713	 1.423052	-3.695510
 4.193335	 15.054472	-2.189316	-1.254685	 2.890911	-0.448523	 2.743488	-3.829965	-6.109665	 9.391384	 0.792367	-3.180726
 3.926561	 14.259513	-1.993059	-1.297161	 2.379347	-0.446922	 2.482515	-3.787296	-6.085227	 8.293272	 0.477025	-2.918003
 2.285855	 8.335105	-1.391337	-0.815720	 1.619830	-0.446121	 1.347584	-3.258472	-4.060886	 4.229825	-0.180647	-1.781330
 1.464212	 5.368079	-1.088896	-0.575000	 1.238351	-0.445721	 0.780119	-2.988601	-3.044642	 2.198102	-0.507806	-1.211705
 1.052105	 3.879764	-0.936103	-0.454639	 1.045897	-0.445521	 0.496387	-2.848228	-2.532464	 1.182240	-0.669715	-0.925608
 0.344771	 1.630823	-0.858140	-0.894459	-0.052036	 0.054579	-0.145479	-2.272626	-2.272334	-0.325691	-0.749007	-0.781280
-0.008895	 0.507590	-0.817598	-1.111701	-0.598703	 0.303520	-0.464838	-1.981430	-2.138244	-1.075989	-0.786996	-0.707843
-0.685729	-1.552796	-0.295773	-1.217663	-1.369746	 0.426886	-1.122949	-1.332452	-1.567191	-1.947485	-0.804340	-0.169855
-1.021420	-2.575763	-0.034861	-1.267997	-1.750986	 0.487468	-1.448442	-1.006596	-1.279673	-2.377596	-0.811369	 0.099139
-1.186552	-3.580048	-0.404404	-1.290528	-2.437341	 0.516663	-1.607641	-0.842307	-0.633929	-3.587035	-0.813247	 0.233636
-1.266414	-4.073023	-0.587628	-1.299167	-2.774272	 0.530169	-1.683706	-0.758806	-0.311057	-4.182162	-0.812556	 0.300884
-1.303653	-4.310378	-0.177698	-0.800871	-2.436514	 0.535834	-2.218220	-0.715705	-0.149621	-3.970171	-0.810586	 0.334508
-1.319590	-4.419960	 0.027266	-0.551723	-2.263438	 0.537584	-2.479971	-0.692809	-0.068903	-3.856659	-0.807984	 0.351320
-1.324888	-4.465692	 0.129749	-0.427149	-2.172719	 0.537380	-2.605363	-0.680022	-0.028544	-3.792417	-0.805073	 0.359726
-1.324877	-4.479535	 0.180990	-0.864862	-2.123196	 0.536204	-2.162598	-0.172293	-0.008365	-3.752839	-0.802012	 0.363929
-1.322221	-4.477470	 0.206611	-1.081113	-2.094287	 0.534546	-1.937775	 0.081571	 0.001725	-3.725624	-0.798884	 0.366031
-1.318254	-4.467486	 0.219421	-0.686644	-2.075702	 0.532651	-1.821938	 0.208503	 0.006770	-3.704620	-0.795729	 0.367082
-1.313642	-4.453580	 0.225826	-0.489410	-2.062295	 0.530642	-1.760607	 0.271969	 0.009292	-3.686750	-0.792566	 0.367607
-1.308718	-4.437747	 0.229029	-0.390792	-2.051494	 0.528580	-2.226543	 0.303702	 0.510553	-3.170478	-0.789406	 0.367870
-1.303649	-4.420987	 0.230630	-0.341484	-2.042012	 0.526496	-2.454127	 0.319568	 0.759160	-2.907033	-0.786253	 0.368001
-1.298517	-4.403798	 0.231431	-0.316829	-2.033205	 0.524405	-2.062555	 0.327502	 0.881448	-3.270024	-0.283111	 0.368067
-1.293364	-4.386431	 0.231831	-0.304502	-2.024754	 0.522315	-1.863427	 0.331468	 0.940585	-3.444253	-0.031539	 0.368100
-1.288211	-4.369009	 0.232031	-0.298339	-2.016495	 0.520230	-1.760534	 0.333452	 0.968154	-3.524130	 0.094246	 0.368116
-1.283069	-4.351595	 0.232131	-0.295257	-2.008349	 0.018151	-1.705773	 0.334443	 0.979947	-3.056861	 0.157139	 0.368124
-1.277941	-4.334219	 0.232181	-0.293716	-2.000276	-0.232889	-1.675090	 0.334939	 0.983860	-2.818048	 0.188586	 0.368128
-1.272832	-4.316898	 0.232206	-0.292946	-1.992255	 0.141592	-1.656460	 0.335187	 0.983841	-2.693482	-0.295691	 0.868130
-1.267742	-4.299638	 0.232219	-0.292560	-1.984276	 0.327800	-1.643869	 0.335311	 0.981863	-2.626062	-0.536270	 1.115395
-1.262672	-4.282443	 0.232225	-0.292368	-1.476334	 0.419876	-1.634311	 0.335373	 0.978915	-2.587234	-0.155005	 0.736302
-1.257622	-4.265316	 0.232228	-0.292271	-1.220426	 0.464890	-1.626282	 0.335404	 0.975489	-2.562724	 0.035627	 0.546756
-1.252591	-4.248255	 0.232230	-0.292223	-1.590543	 0.486377	-1.619032	 0.335419	 0.471832	-2.545392	 0.130943	 0.451983
-1.247581	-4.231263	 0.232230	-0.292199	-1.771680	 0.496105	-1.612183	 0.335427	 0.220003	-2.531670	 0.178601	 0.404596
-1.242591	-4.214338	 0.232231	-0.292187	-1.858343	 0.499957	-1.605548	 0.335431	 0.094089	-2.519773	 0.202430	 0.380903
-1.237620	-4.197481	 0.232231	-0.292181	-1.897785	 0.500876	-1.599032	 0.335433	 0.531132	-2.508809	 0.214345	 0.869056
-1.232670	-4.180691	 0.232231	-0.292178	-1.913631	 0.500331	-1.592589	 0.335434	 0.747717	-2.498331	 0.220302	 1.110418
-1.227739	-4.163968	 0.232231	-0.292177	-1.417695	 0.500059	-1.586196	 0.335434	 0.854081	-2.488116	-0.276719	 0.728396
-1.222828	-4.147312	 0.232231	-0.292176	-1.167884	 0.499923	-1.579839	 0.335435	 0.905342	-2.478053	-0.523683	 0.537385
-1.217937	-4.130723	 0.232231	-0.292175	-1.541142	 0.499855	-1.573514	 0.335435	 0.929059	-2.468086	-0.145623	 0.441879
-1.213065	-4.114200	 0.232231	-0.292175	-1.723942	 0.499821	-1.567217	 0.335435	 0.939012	-2.458186	 0.043407	 0.394126
-1.208213	-4.097743	 0.232231	-0.292175	-1.311529	 0.499804	-1.560947	 0.335435	 0.942091	-2.448339	 0.137922	 0.870250
-1.203380	-4.081352	 0.232231	-0.292175	-1.103524	 0.499796	-1.554702	 0.335435	 0.941740	-2.438539	 0.185179	 1.105619
-1.198567	-4.065027	 0.232231	-0.792175	-0.997731	 0.499791	-1.548483	 0.835435	 0.939682	-2.428781	 0.208808	 0.720621
-1.193772	-4.048767	 0.232231	-1.039591	-0.943050	 0.499789	-1.542289	 1.082764	 0.936777	-2.419064	 0.220622	 0.528123
-1.188997	-4.032572	 0.232231	-1.160725	-0.913933	 0.499788	-1.536120	 1.203768	 0.933457	-2.409387	 0.226530	 0.431873
-1.184241	-4.016441	 0.232231	-0.718728	-0.897605	 0.499788	-1.529975	 0.761621	 0.929937	-2.399749	-0.270517	 0.383749
-1.179504	-4.000376	 0.232231	-0.497729	-0.887678	 0.499787	-1.523855	 0.540547	 0.926324	-2.390150	-0.517505	 0.359686
-1.174786	-3.984374	 0.232231	-0.387230	-1.380959	 0.499787	-1.517760	 0.930010	 0.922672	-2.380589	-0.139470	 0.347655
-1.170087	-3.968437	 0.232231	-0.331981	-1.623851	 0.499787	-1.511689	 1.122103	 0.919008	-2.371067	 0.049548	 0.341640
-1.165407	-3.952563	 0.232231	-0.304356	-1.241564	 0.499787	-1.505642	 0.715521	 0.915345	-2.861583	 0.144056	 0.338632
-1.160745	-3.936753	 0.232231	-0.290543	-1.048702	 0.499787	-1.499620	 0.512230	 0.911691	-3.100136	 0.191311	 0.337128
-1.156102	-3.921006	-0.267769	-0.283637	-0.950559	 0.499787	-1.493621	 0.910584	 0.908047	-2.712736	-0.285062	 0.336376
-1.151478	-3.905322	-0.516233	-0.280184	-0.899783	 0.499787	-1.487647	 1.107144	 0.904417	-2.514385	-0.521726	 0.336000
-1.146872	-3.889700	-0.638936	-0.278457	-0.872697	 0.499787	-1.481696	 1.202816	 0.900800	-2.410577	-0.638541	 0.335812
-1.142284	-3.874142	-0.198764	-0.277594	-0.857462	 0.499787	-0.975769	 1.248055	 0.897197	-2.354060	-0.195437	 0.335718
-1.137715	-3.858645	 0.021322	-0.277163	-0.848161	 0.499787	-0.722806	 1.268088	 0.893609	-2.321206	 0.026114	 0.335671
-1.133164	-3.843210	 0.131365	-0.276947	-0.841832	 0.499787	-1.096324	 0.775529	 0.890034	-2.300203	-0.363110	 0.335647
-1.128632	-3.827838	 0.186386	-0.276839	-0.836997	 0.499787	-1.280144	 0.529249	 0.886474	-2.285142	-0.556217	 0.335636
-1.124117	-3.812526	 0.213897	-0.276785	-0.832915	 0.499787	-1.869125	 0.906109	 0.882928	-2.273072	-0.151273	 0.335630
-1.119621	-3.797276	 0.227652	-0.276758	-0.829216	 0.499787	-2.158700	 1.091973	 0.879397	-2.262515	 0.051200	 0.335627
-1.115142	-3.782087	 0.234530	-0.276744	-0.825716	 0.499787	-1.798591	 1.182349	 0.875879	-2.252733	-0.347564	 0.335625
-1.110682	-3.766959	 0.237969	-0.276738	-0.822321	 0.499787	-1.615659	 1.224992	 0.872376	-2.243355	-0.545453	 0.335625
-1.106239	-3.751891	 0.239688	-0.276734	-0.818986	 0.499787	-1.521328	 1.243778	 0.868886	-2.234199	-0.642911	 0.335624
-1.101814	-3.736883	 0.240548	-0.276733	-0.815687	 0.499787	-1.471309	 0.750646	 0.865411	-2.225171	-0.690159	 0.335624
-1.097407	-3.721936	 0.240978	-0.276732	-0.812413	 0.499787	-1.443456	 0.504080	 0.861949	-2.216224	-0.712309	 0.335624
-1.093017	-3.707048	 0.241193	-0.276731	-0.809158	 0.499787	-1.426699	 0.880797	 0.858501	-2.707336	-0.221914	 0.335624
-1.088645	-3.692220	 0.241300	-0.276731	-0.805918	 0.499787	-1.415500	 1.066640	 0.855067	-2.946496	 0.023283	 0.335624
-1.084290	-3.677451	 0.241354	-0.276731	-0.802693	 0.499787	-0.907092	 1.157057	 0.851647	-2.559704	-0.354119	 0.335624
-1.079953	-3.662741	 0.241381	-0.276731	-0.799482	 0.499787	-0.652888	 1.199771	 0.848240	-2.361962	-0.541356	 0.335624
-1.075633	-3.648090	 0.241394	-0.276731	-0.796283	 0.499787	-1.025786	 1.218642	 0.844847	-2.258763	-0.633518	 0.335624
-1.071331	-3.633498	 0.241401	-0.276731	-0.793098	 0.499787	-1.209438	 1.225603	 0.841468	-2.202852	-0.678147	 0.335624
-1.067046	-3.618964	 0.241404	-0.276731	-0.789925	 0.499787	-1.298478	 1.226618	 0.838102	-2.170603	-0.699017	 0.335624
-1.062777	-3.104488	 0.241406	-0.276731	-0.786766	 0.499787	-0.840222	 1.224671	 0.834750	-2.650202	-0.208011	 0.335624
-1.058526	-2.842070	 0.241407	-0.276731	-0.783619	 0.499787	-0.611095	 1.221252	 0.831411	-2.883741	 0.037491	 0.335624
-1.054292	-2.705702	 0.241407	-0.276731	-0.780484	 0.499787	-0.996531	 0.717106	 0.828085	-2.494277	-0.339757	 0.335624
-1.050075	-2.632379	 0.241407	-0.276731	-0.777362	 0.499787	-1.186485	 0.465034	 0.824773	-2.295335	-0.526948	 0.335624
-1.045875	-3.090599	 0.241408	-0.276731	-0.774253	 0.499787	-0.778709	 0.838997	 0.821474	-2.191671	-0.619115	 0.335624
-1.041691	-3.312612	 0.241408	-0.276731	-0.771156	 0.499787	-0.574821	 1.023553	 0.818188	-2.135663	-0.663776	 0.335624
-1.037524	-2.916549	 0.241408	-0.276731	-0.768071	 0.499787	-0.472878	 0.613415	 0.814915	-2.103500	-0.684689	 0.335624
-1.033374	-2.713477	 0.241408	-0.276731	-0.764999	 0.499787	-0.421906	 0.408346	 0.811655	-2.083275	-0.693735	 0.335624
-1.029241	-2.606920	 0.241408	-0.276731	-0.761939	 0.499787	-0.396420	 0.305811	 0.808409	-2.069037	-0.696852	 0.335624
-1.025124	-3.048640	 0.241408	-0.276731	-0.758891	 0.499787	-0.883677	 0.254544	 0.805175	-2.057808	-0.197011	 0.335624
-1.021023	-3.262520	 0.241408	-0.276731	-0.755856	 0.499787	-1.124563	 0.228910	 0.801954	-2.048101	 0.052910	 0.335624
-1.016939	-2.862507	 0.241408	-0.276731	-0.752832	 0.499787	-1.242276	 0.716094	 0.798746	-2.039170	-0.322130	 0.335624
-1.012872	-2.657576	 0.241408	-0.276731	-0.749821	 0.499787	-1.298412	 0.957279	 0.795551	-2.030645	-0.508255	 0.335624
-1.008820	-3.050205	 0.241408	-0.276731	-0.746822	 0.499787	-0.823771	 1.075474	 0.792369	-2.022337	-0.099929	 0.335624
-1.004785	-3.239633	 0.241408	-0.276731	-0.743834	 0.499787	-0.586450	 1.132185	 0.789200	-2.014156	 0.104234	 0.335624
-1.000766	-3.327490	 0.241408	-0.276731	-0.740859	 0.499787	-0.967790	 1.158162	 0.786043	-2.006053	 0.206315	 0.335624
-0.996763	-3.364587	 0.241408	-0.276731	-0.737895	 0.499787	-1.155762	 1.168782	 0.782899	-1.998006	 0.257356	 0.335624
-0.992776	-3.376332	 0.241408	-0.276731	-0.734944	 0.499787	-1.247060	 1.171734	 0.779767	-1.990002	 0.282877	 0.335624
-0.988804	-2.875429	 0.241408	-0.276731	-0.732004	 0.499787	-0.790033	 1.170860	 0.776648	-1.982036	-0.204363	 0.335624
-0.984849	-2.620228	 0.241408	-0.276731	-0.729076	 0.499787	-0.561519	 1.168083	 0.773542	-1.974105	-0.446600	 0.335624
-0.980910	-2.987898	 0.241408	-0.276731	-0.726160	 0.499787	-0.947262	 1.164364	 0.770447	-1.966208	-0.066341	 0.335624
-0.976986	-3.165021	 0.241408	-0.276731	-0.723255	 0.499787	-1.137467	 1.160184	 0.767366	-1.958342	 0.123789	 0.335624
-0.973078	-2.746899	 0.241408	-0.276731	-0.720362	 0.499787	-0.729915	 1.155781	 0.764296	-1.950508	-0.281146	 0.335624
-0.969186	-2.533180	 0.241408	-0.276731	-0.717481	 0.499787	-0.526139	 1.151277	 0.761239	-1.942706	-0.482242	 0.335624
-0.965309	-2.921682	 0.241408	-0.276731	-0.714611	 0.499787	-0.424250	 1.146732	 0.758194	-1.934935	-0.581423	 0.335624
-0.961448	-3.109312	 0.241408	-0.276731	-0.711752	 0.499787	-0.373306	 1.142175	 0.755161	-1.927195	-0.629652	 0.335624
-0.957602	-3.196534	 0.241408	-0.276731	-0.708905	 0.499787	-0.347834	 1.137621	 0.752141	-1.919487	-0.652411	 0.335624
-0.953772	-2.733577	 0.241408	-0.276731	-0.706070	 0.499787	-0.335098	 1.133078	 1.249132	-1.911809	-0.662440	 0.335624
-0.949957	-2.497557	 0.241408	-0.276731	-0.703245	 0.499787	-0.328730	 1.128549	 1.494135	-1.904161	-0.666110	 0.335624
-0.946157	-2.375024	 0.241408	-0.276731	-0.700432	 0.499787	-0.325546	 1.124037	 1.113159	-1.896545	-0.166605	 0.335624
-0.942372	-2.309253	 0.241408	-0.276731	-0.697631	 0.499787	-0.323954	 1.119542	 0.921206	-1.888959	 0.083148	 0.335624
-0.938603	-2.271880	 0.241408	-0.276731	-0.694840	 0.499787	-0.323158	 1.115064	 0.823771	-1.881403	-0.291976	 0.835624
-0.934848	-2.248725	 0.241408	-0.276731	-0.692061	 0.499787	-0.322760	 1.110604	 0.773601	-1.873877	-0.478204	 1.082953
-0.931109	-2.232696	 0.241408	-0.276731	-0.689293	 0.499787	-0.322561	 1.106162	 0.747069	-1.866382	-0.069989	 0.703956
-0.927384	-2.220248	 0.241408	-0.276731	-0.686535	 0.499787	-0.322462	 1.101737	 0.732362	-1.858916	 0.134119	 0.514458
-0.923675	-2.209609	 0.241408	-0.276731	-0.683789	 0.499787	-0.822412	 1.097330	 0.723574	-1.851480	-0.263828	 0.419709
-0.919980	-2.199891	 0.241408	-0.276731	-0.681054	 0.499787	-1.069742	 1.092941	 0.717750	-1.844074	-0.461477	 0.372335
-0.916300	-2.190652	 0.241408	-0.276731	-0.678330	 0.499787	-1.190774	 1.088569	 0.713414	-1.836698	-0.558984	 0.348648
-0.912635	-2.681669	 0.741408	 0.223269	-0.675617	 0.499787	-0.748665	 1.084215	 0.709828	-1.829351	-0.106424	 0.336804
-0.908985	-2.920833	 0.988925	 0.471823	-0.672914	 0.499787	-0.527611	 1.079878	 0.706622	-1.822034	 0.119856	 0.330882
-0.905349	-3.034095	 0.610211	 0.094658	-0.670222	 0.499787	-0.417084	 1.075558	 0.703613	-1.814746	 0.232996	 0.327921
-0.901727	-3.084431	 0.420853	-0.093924	-0.667542	 0.499787	-0.361821	 1.071256	 0.700707	-1.807487	 0.289566	 0.326441
-0.898120	-2.603329	 0.326175	-0.188215	-0.664871	 0.499787	-0.334189	 1.066971	 0.697858	-1.800257	-0.182149	 0.325701
-0.894528	-2.358534	 0.278836	-0.235360	-0.662212	 0.499787	-0.320373	 1.062703	 0.695044	-1.793056	-0.416699	 0.325330
-0.890950	-2.231909	 0.255166	-0.258933	-0.659563	 0.499787	-0.313465	 1.058452	 0.692252	-1.785884	-0.532672	 0.825145
-0.887386	-2.164386	 0.243331	-0.270719	-0.656925	 0.499787	-0.310011	 1.054219	 0.689477	-1.778740	-0.589360	 1.072403
-0.883836	-2.126431	 0.237414	-0.276612	-0.654297	 0.499787	-0.308284	 1.050002	 0.686717	-1.771625	-0.616413	 1.193392
-0.880301	-2.103276	 0.234455	-0.279559	-0.651680	 0.499787	-0.307421	 1.045802	 0.683968	-1.764539	-0.628652	 0.751258
-0.876780	-2.087538	 0.232976	-0.281032	-0.649073	 0.499787	-0.306989	 1.041619	 0.681232	-1.757480	-0.633490	 0.530191
-0.873273	-2.075526	 0.232236	 0.218231	-0.646477	 0.499787	-0.306773	 1.037452	 0.678506	-1.750451	-0.134632	 0.419658
-0.869780	-2.065393	 0.231866	 0.466428	-0.643891	 0.499787	-0.306665	 1.033302	 0.675792	-1.743449	 0.114797	 0.364391
-0.866300	-2.056216	 0.231681	 0.589097	-0.641315	 0.499787	-0.306611	 1.029169	 0.673089	-1.736475	 0.239511	 0.336758
-0.862835	-2.047533	 0.231589	 0.649008	-0.638750	 0.499787	-0.306584	 1.025052	 0.670397	-1.729529	 0.301868	 0.322941
-0.859384	-2.039114	 0.231542	 0.177546	-0.636195	 0.499787	-0.306571	 1.020952	 0.667715	-1.722611	 0.333047	 0.316033
-0.855946	-2.030843	 0.231519	-0.058186	-0.633650	 0.499787	-0.306564	 1.016868	 0.665044	-1.715721	 0.348636	 0.312578
-0.852523	-2.022663	 0.231508	-0.176051	-0.631116	 0.499787	-0.306561	 1.012801	 0.662384	-1.708858	 0.356431	 0.310851
-0.849113	-2.514543	 0.231502	-0.234984	-0.628591	 0.499787	-0.306559	 1.008750	 0.659734	-1.702022	-0.139672	 0.809988
-0.845716	-2.754471	 0.231499	-0.264450	-0.626077	 0.499787	-0.306558	 1.004715	 0.657095	-1.695214	-0.386452	 1.056938
-0.842333	-2.368446	 0.231498	-0.279184	-0.623573	 0.499787	-0.306558	 1.000696	 0.654467	-1.688433	-0.508575	 1.177805
-0.838964	-2.171468	 0.231497	-0.286550	-0.621078	 0.499787	-0.306558	 0.996693	 0.651849	-1.681680	-0.568375	 1.235641
-0.835608	-2.069031	 0.231497	-0.290233	-1.118594	 0.499787	-0.306557	 0.992706	 0.649242	-1.674953	-0.597019	 1.261972
-0.832266	-2.013879	 0.231496	-0.292075	-1.364120	 0.499787	-0.306557	 0.988735	 0.646645	-1.668253	-0.610090	 1.272561
-0.828937	-2.482385	 0.231496	-0.292996	-0.983663	 0.499787	-0.306557	 0.984780	 0.644058	-1.661580	-0.615379	 1.275290
-0.825621	-2.710737	 0.231496	-0.293456	-0.792229	 0.499787	-0.306557	 0.980841	 0.641482	-1.654934	-0.616782	 1.274098
-0.822318	-2.819034	 0.231496	-0.293687	-0.695310	 0.499787	-0.306557	 0.976918	 0.638916	-1.648314	-0.616247	 1.270956
-0.819029	-2.367329	-1.268504	 0.206198	-0.645653	 0.499787	-0.306557	 0.973010	 1.136360	-1.641721	-0.114748	 0.766849
-0.815753	-2.137644	-2.012967	 0.454729	-0.619633	 0.499787	-0.306557	 0.969118	 1.381815	-1.635154	 0.136001	 0.514796
-0.812490	-2.018986	-0.879683	 0.077587	-0.605436	 0.499787	-0.306557	 0.965242	 1.001288	-1.628613	-0.238624	 0.388770
-0.809240	-1.955857	-0.313042	-0.110983	-0.597155	 0.499787	-0.306557	 0.961381	 0.809783	-1.622099	-0.424710	 0.325756
-0.806003	-1.920506	-0.029721	 0.294731	-1.091837	-0.000213	-0.806557	 0.957535	 0.712793	-1.615610	-0.016532	 0.794250
-0.802779	-1.899061	 0.111940	 0.496188	-1.336004	-0.249213	-1.053944	 0.953705	 0.663067	-1.609148	 0.187558	 1.025971
-0.799568	-1.884583	 0.182770	 0.595521	-0.954928	 0.126288	-0.675035	 0.949890	 0.636977	-1.602711	 0.289602	 0.639316
-0.796370	-1.873604	 0.218185	 0.643797	-0.763242	 0.313034	-0.485580	 0.946091	 0.622711	-1.596300	 0.340625	 0.445989
-0.793184	-1.864389	 0.235892	 0.666552	-0.666256	 0.406407	-0.390853	 0.942306	 0.614361	-1.589915	 0.366136	 0.349325
-0.790011	-1.856071	 0.244746	 0.176550	-0.616624	 0.453094	-0.343489	 0.938537	 0.608973	-1.583556	 0.378891	 0.800993
-0.786851	-1.848217	 0.249173	-0.068451	-0.590675	 0.476437	-0.319808	 0.934783	 0.605073	-1.577221	 0.385269	 1.024322
-0.783704	-1.840609	 0.251387	 0.309049	-0.576570	 0.488109	-0.307967	 0.931044	 0.101920	-1.570912	-0.111542	 0.633491
-0.780569	-1.833139	 0.252493	 0.496426	-0.568393	 0.493945	-0.302046	 0.927320	-0.149656	-1.564629	-0.358731	 0.438075
-0.777447	-1.825753	 0.253047	 0.588746	-0.563184	 0.496863	-0.299086	 0.923610	 0.224555	-1.558370	 0.018887	 0.840368
-0.774337	-1.818423	 0.253323	 0.633545	-0.559464	 0.498322	-0.297606	 0.919916	 0.410464	-1.552137	 0.207695	 1.039028
-0.771240	-1.811136	 0.253462	 0.154587	-0.556492	 0.499051	-0.296866	 0.916236	 0.502225	-1.545928	 0.302100	 0.635883
-0.768155	-1.803884	 0.253531	-0.084892	-0.553899	 0.499416	-0.296496	 0.912571	 0.546918	-1.539745	 0.349302	 0.434311
-0.765082	-1.796665	 0.253565	-0.204631	-0.551500	 0.499598	-0.296311	 0.908921	 0.568081	-1.533586	 0.372903	 0.333525
-0.762022	-1.789477	 0.253583	-0.264501	-0.549202	 0.499690	-0.296218	 0.905285	 0.577484	-1.527451	-0.115297	 0.283132
-0.758974	-1.782318	 0.253591	-0.294436	-0.546960	 0.499735	-0.296172	 0.901664	 0.581012	-1.521341	-0.358189	 0.257935
-0.755938	-1.775189	 0.253596	-0.309403	-0.544749	 0.499758	-0.296149	 0.898058	 0.581607	-1.515256	-0.478434	 0.745337
-0.752914	-1.768088	 0.253598	-0.316887	-0.542558	 0.499769	-0.296137	 0.894465	 0.580740	-1.509195	-0.537358	 0.986572
-0.749902	-1.761015	 0.253599	-0.320629	-0.540382	 0.499775	-0.296132	 0.890888	 0.579147	-2.003158	-0.065628	 0.604734
-0.746903	-1.753971	 0.253599	-0.322500	-0.538218	 0.499778	-0.296129	 0.887324	 0.577195	-2.245146	 0.170237	 0.413815
-0.743915	-1.746955	 0.253600	-0.323435	-0.536064	 0.499779	-0.296127	 0.883775	 0.575069	-1.861165	 0.288170	 0.318356
-0.740940	-1.739967	 0.253600	-0.323903	-0.533919	 0.499780	-0.296127	 0.880240	 0.572859	-1.666220	 0.347136	 0.270626
-0.737976	-1.733007	 0.253600	-0.324137	-0.531783	 0.499780	-0.296126	 0.876719	 0.570614	-1.565806	 0.376619	 0.246761
-0.735024	-1.726075	 0.253600	-0.324254	-1.029655	 0.499781	-0.296126	 0.873212	 0.568354	-1.512667	 0.391361	 0.734829
-0.732084	-1.719171	 0.253600	-0.324312	-1.275537	 0.499781	-0.296126	 0.869719	 0.566092	-1.483179	 0.398731	 0.976417
-0.729155	-1.712294	 0.253600	 0.175659	-0.895435	 0.499781	-0.296126	 0.866240	 1.063833	-1.465528	-0.097583	 0.594775
-0.726239	-1.705445	 0.253600	 0.424293	-0.704353	 0.499781	-0.296126	 0.862775	 1.309581	-1.453806	-0.344553	 0.403954
-0.723334	-1.698623	 0.253600	 0.547264	-0.607785	 0.499781	-0.296126	 0.859324	 0.929344	-1.445061	-0.466855	 0.308543
-0.720441	-1.691829	 0.253600	 0.607409	-0.558479	 0.499781	-0.296126	 0.855887	 0.738127	-1.437816	-0.526827	 0.260838
-0.717559	-1.685062	 0.253600	 0.136147	-0.532808	 0.499781	-0.296126	 0.852463	 1.141425	-1.431332	-0.055640	 0.236985
-0.714689	-1.678321	 0.253600	-0.099485	-0.518958	 0.499781	-0.296126	 0.849053	 1.339985	-1.425241	 0.179954	 0.225059
-0.711830	-1.671608	 0.253600	-0.217300	-0.511023	 0.499781	-0.296126	 0.845657	 1.436187	-1.419357	 0.297751	 0.219096
-0.708982	-1.664922	 0.253600	 0.223792	-0.506049	 0.499781	-0.296126	 0.842274	 1.481224	-1.413588	-0.143351	 0.216114
-0.706147	-1.658262	 0.253600	 0.443008	-0.502560	 0.499781	-0.296126	 0.838905	 1.500690	-1.407888	-0.362733	 0.214624
-0.703322	-1.651629	 0.253600	 0.051292	-0.500815	 0.499781	-0.296126	 0.335550	 1.007382	-1.402233	 0.028741	 0.213878
-0.700509	-1.645022	 0.253600	-0.144566	-0.499943	 0.499781	-0.296126	 0.083872	 0.759700	-1.396613	 0.224477	 0.213505
-0.697707	-1.638442	 0.253600	-0.242495	 0.000493	 0.499781	-0.296126	 0.458033	 1.134835	-1.391021	 0.322346	 0.213319
-0.694916	-1.631889	 0.253600	-0.291460	 0.249709	 0.499781	-0.296126	 0.643449	 1.319383	-1.385454	 0.371280	 0.213226
-0.692136	-1.625361	 0.253600	 0.184058	-0.125683	 0.499781	-0.296126	 0.734500	 0.908649	-1.379911	-0.104253	 0.713179
-0.689368	-1.618860	 0.253600	 0.420498	-0.312376	 0.499781	-0.296126	 0.778374	 0.703282	-1.374390	-0.340860	 0.960730
-0.686610	-1.612384	 0.253600	 0.537404	-0.405723	 0.499781	-0.296126	 0.798666	 0.600598	-1.368892	-0.458009	 1.082088
-0.683864	-1.605935	 0.253600	 0.594548	-0.452397	 0.499781	-0.296126	 0.807174	 0.549256	-1.363417	-0.515433	 0.640361
-0.681128	-1.599511	 0.253600	 0.621817	-0.475733	 0.499781	-0.296126	 0.809797	 0.523586	-1.357963	-0.542999	 0.419497
-0.678404	-1.593113	 0.253600	 0.134153	 0.012598	 0.499781	-0.296126	 0.809484	 1.010750	-1.352531	-0.555641	 0.309065
-0.675690	-1.586740	 0.253600	-0.109679	 0.255762	 0.499781	-0.296126	 0.807709	 1.251337	-1.347121	-0.560825	 0.253849
-0.672987	-1.580393	 0.253600	-0.231595	-0.122656	 0.499781	-0.296126	 0.805209	 1.368646	-1.341732	-0.062285	 0.226241
-0.670295	-1.574072	 0.253600	-0.292553	-0.310863	 0.499781	-0.296126	 0.802354	 1.424329	-1.336365	 0.186984	 0.212437
-0.667614	-1.567776	 0.253600	-0.323032	-0.404966	 0.499781	-0.296126	 0.799328	 0.949210	-1.831020	 0.311619	 0.705535
-0.664944	-1.561504	 0.253600	-0.338271	-0.452018	 0.499781	-0.296126	 0.796222	 0.711651	-2.073696	 0.373937	 0.949687
-0.662284	-1.555258	 0.253600	-0.345891	-0.475544	 0.499781	-0.296126	 0.793083	 0.592871	-2.190401	 0.405096	 1.069375
-0.659635	-1.549037	 0.753600	-0.349701	-0.487307	 0.499781	-0.296126	 0.789933	 0.033481	-1.744139	 0.420675	 1.126841
-0.656996	-1.542841	 1.001093	-0.351606	-0.493188	 0.499781	-0.296126	 0.786785	-0.245162	-1.518413	 0.428465	 1.153206
-0.654368	-1.536670	 0.622342	 0.147442	-0.496129	-0.000219	-0.296126	 0.783643	 0.616564	-1.402964	 0.432360	 0.664029
-0.651751	-1.530523	 0.432967	 0.395673	-0.497599	-0.249219	-0.296126	 0.780512	 1.044471	-1.342665	 0.434307	 0.419440
-0.649144	-1.524401	 0.338279	 0.518500	 0.001666	 0.126281	-0.296126	 0.777391	 0.755479	-1.309950	 0.435281	 0.297146
-0.646547	-1.518303	 0.290935	 0.578631	 0.250296	 0.313028	-0.296126	 0.774282	 0.610983	-1.291039	 0.435768	 0.235999
-0.643961	-1.512230	 0.267263	 0.607419	-0.125389	 0.406401	-0.296126	 0.771186	 0.538736	-1.279039	-0.063989	 0.205425
-0.641385	-1.506181	 0.255427	 0.620541	-0.312229	 0.453088	-0.296126	 0.768101	 0.502612	-1.270505	-0.312740	 0.190138
-0.638820	-1.500157	 0.249509	 0.625834	-0.405649	 0.476431	-0.296126	 0.765029	 0.484550	-1.263714	-0.435992	 0.182495
-0.636264	-1.494156	 0.246550	 0.127219	 0.047641	 0.488103	-0.296126	 0.761969	 0.975519	-1.257804	-0.496500	 0.678673
-0.633719	-1.488179	 0.245071	-0.122089	 0.273284	 0.493939	-0.296126	 0.758921	 1.218070	-1.252346	-0.525640	 0.924413
-0.631184	-1.482227	 0.244331	 0.253257	 0.386106	 0.496857	-0.796126	 0.755885	 1.336425	-1.247123	-0.039100	 1.044942
-0.628660	-1.476298	 0.243961	 0.439673	 0.442517	 0.498315	-1.043534	 0.752862	 1.392692	-1.242027	 0.204170	 1.102876
-0.626145	-1.470393	 0.243776	 0.031629	 0.470722	 0.499045	-0.664656	 0.749850	 1.417928	-1.237006	-0.174195	 1.129521
-0.623640	-1.464511	 0.243684	-0.172393	 0.484825	 0.499410	-0.475217	 0.746851	 1.427660	-1.232031	-0.362273	 1.140532
-0.621146	-1.458653	 0.243637	 0.225596	-0.008124	 0.499592	-0.380497	 0.743863	 1.429651	-1.227090	 0.044789	 1.143734
-0.618661	-1.452818	 0.243614	 0.423343	-0.253596	 0.499683	-0.333137	 0.740888	 1.427783	-1.222175	 0.248320	 1.143041
-1.116187	-1.447007	 0.243603	 0.520974	 0.123668	 0.499729	-0.309457	 0.737924	 1.423998	-1.717283	-0.149914	 0.640410
-1.361722	-1.441219	 0.243597	 0.568553	 0.311298	 0.499752	-0.297617	 0.734973	 1.419264	-1.960412	-0.347935	 0.389094
-1.481275	-1.435454	 0.243594	 0.591110	 0.405113	 0.499763	-0.291697	 0.732033	 1.414069	-2.077569	-0.445854	 0.263436
-1.037850	-1.429712	 0.243593	 0.601161	-0.047980	 0.499769	-0.288738	 0.729105	 1.408653	-1.631759	-0.493726	 0.200607
-0.814949	-1.423993	 0.243592	 0.604964	-0.273524	 0.499772	-0.287258	 0.726188	 1.403139	-1.406481	-0.516578	 0.169193
-0.702314	-1.418298	 0.243592	 0.105648	 0.113704	 0.499773	-0.286518	 0.723283	 1.397586	-1.291480	-0.526926	 0.153486
-0.644817	-1.412624	 0.243591	-0.144010	 0.306316	 0.499774	-0.286148	 0.720390	 1.392026	-1.231627	-0.531025	 0.145632
-0.614894	-1.406974	 0.243591	-0.268839	 0.402622	 0.499774	-0.285963	 0.717509	 1.386473	-1.199357	-0.532004	 0.141705
-0.598763	-1.401346	 0.243591	-0.331253	 0.450775	 0.499774	-0.285870	 0.714639	 1.380935	-1.180887	-0.531428	 0.139742
-0.589532	-1.395741	 0.243591	 0.137540	 0.474852	 0.499774	-0.285824	 0.711780	 1.375415	-1.169328	-0.030078	 0.138760
-0.583755	-1.390158	 0.243591	 0.370723	 0.486890	 0.499774	-0.285801	 0.708933	 1.369915	-1.161233	 0.220597	 0.138269
-0.579711	-1.384597	 0.243591	 0.486107	 0.492909	 0.499774	-0.285789	 0.706097	 1.364436	-1.154879	 0.345934	 0.138024
-0.576538	-1.379059	 0.243591	 0.542596	 0.495919	 0.499774	-0.285783	 0.703273	 1.358979	-1.149405	 0.408603	 0.637901
-0.573805	-1.373542	 0.243591	 0.569643	 0.497424	 0.499774	-0.285780	 0.700460	 1.353543	-1.144380	 0.439937	 0.885564
-0.571296	-1.368048	 0.243591	 0.581973	 0.498176	 0.499774	-0.285779	 0.697658	 1.348129	-1.139589	-0.044396	 0.507129
-0.568904	-1.362576	 0.243591	 0.586949	 0.498552	 0.499774	-0.285778	 0.694867	 1.342737	-1.134923	-0.285505	 0.317912
-0.566575	-1.357126	 0.243591	 0.088253	-0.001260	 0.499774	-0.285778	 0.692088	 0.837366	-1.130330	-0.405006	 0.723303
-0.564282	-1.351697	 0.243591	-0.161095	-0.250163	 0.499774	-0.285778	 0.689319	 0.584680	-1.125782	-0.463707	 0.923741
-0.562011	-1.346290	 0.243591	 0.214231	 0.125385	 0.499774	-1.285778	 0.686562	 0.458338	-1.121266	 0.007987	 1.021712
-0.559757	-1.340905	 0.243591	 0.400715	 0.312157	 0.499774	-1.781206	 0.683816	 0.395166	-1.116774	 0.243834	 1.068458
-0.557514	-1.335542	 0.243591	 0.492783	 0.405543	 0.499774	-2.024367	 0.681081	 0.363580	-1.112304	 0.361757	 1.089601
-0.555283	-1.330199	 0.743591	 0.037647	 0.452236	 0.499774	-1.141412	 0.678356	 0.847788	-1.107853	-0.079281	 1.097951
-0.553061	-1.324879	 0.991104	-0.189921	 0.475582	 0.499774	-0.699935	 0.675643	 1.087227	-1.103421	-0.298760	 1.099913
-0.550848	-1.319579	 0.612383	 0.196295	-0.012744	 0.499774	-0.479196	 0.672940	 1.204294	-1.099006	-0.407462	 1.098690
-0.548644	-1.314301	 0.423023	 0.388238	-0.255906	 0.499774	-0.368827	 0.670249	 1.260184	-1.094610	-0.460781	 1.095884
-0.546450	-1.309044	 0.328343	-0.016951	-0.377486	 0.499774	-0.813642	 0.667568	 1.285497	-1.090232	 0.013587	 0.592295
-0.544264	-1.303807	 0.281003	-0.219545	-0.438276	 0.499774	-1.033533	 0.664897	 1.295532	-1.085871	 0.250772	 0.340500
-0.542087	-1.298592	 0.257332	 0.179157	 0.031328	 0.499774	-0.640972	 0.662238	 1.297939	-1.081527	-0.130636	 0.214603
-0.539918	-1.293398	 0.245497	 0.377353	 0.265129	 0.499774	-0.444691	 0.659589	 1.296541	-1.077201	-0.320316	 0.151654
-0.537759	-1.288224	 0.239580	 0.475300	 0.382029	 0.499774	-0.346551	 0.656950	 1.293252	-1.072892	-0.414136	 0.120180
-0.535608	-1.283071	 0.736621	 0.023127	-0.559521	-0.000226	-0.297480	 0.654323	 1.289028	-1.068601	-0.460030	 0.104443
-0.533465	-1.277939	 0.982674	-0.202960	-1.027293	-0.249225	-0.272945	 0.651705	 1.284346	-1.064326	-0.481965	 0.096574
-0.531331	-1.272827	 0.603244	-0.316003	-0.258190	 0.126275	-0.260678	 0.649099	 1.279445	-1.060069	 0.008075	 0.092640
-0.529206	-1.267736	 0.413528	-0.372525	 0.125340	 0.313022	-0.254544	 0.646502	 1.274446	-1.055829	 0.253095	 0.090673
-0.527089	-1.262665	 0.818671	 0.099214	 0.316088	 0.406395	-0.751477	 0.643916	 1.269408	-1.051605	 0.375605	 0.589689
-0.524981	-1.257614	 1.018794	 0.333942	 0.410448	 0.453082	-0.997447	 0.641340	 1.264360	-1.047399	 0.436860	 0.837020
-0.522881	-1.252584	 1.116418	 0.450169	-0.043382	 0.476425	-0.617945	 0.638775	 0.259317	-1.043209	-0.032512	 0.958517
-0.520789	-1.247574	 1.162802	 0.507149	-0.270297	 0.488097	-0.428194	 0.636220	-0.241713	-1.039036	-0.266195	 1.017105
-0.518706	-1.242583	 1.183575	 0.534511	-0.383754	 0.493932	-0.333318	 0.633675	-0.490742	-1.034880	-0.383036	 1.044248
-0.516631	-1.237613	 0.691554	 0.547068	-0.440483	 0.496850	-0.285881	 0.631140	 0.386223	-1.030741	-0.441457	 1.055676
-0.514565	-1.232663	 0.445543	 0.552228	-0.468847	 0.498309	-0.262162	 0.628616	 0.822179	-1.026618	-0.470667	 1.059256
-0.512507	-1.227732	 0.322537	 0.553693	-0.483029	 0.499039	-0.250302	 0.626101	 1.037640	-1.022511	-0.485272	 1.058921
-0.510457	-1.222821	 0.261034	 0.553315	-0.490121	 0.499404	-0.244373	 0.623597	 1.142865	-1.018421	-0.492575	 1.056636
-0.508415	-1.217930	 0.730283	 0.552020	 0.006334	 0.499586	-0.241408	 0.621103	 1.192981	-1.014348	-0.496226	 1.053385
-0.506381	-1.213058	 0.962508	 0.550271	 0.253556	 0.499677	-0.239925	 0.618618	 1.215553	-1.010290	-0.498052	 1.049659
-0.504356	-1.208206	 0.576231	 0.048300	 0.376165	 0.499723	-1.239184	 0.616144	 0.224363	-1.006249	-0.498964	 1.045704
-0.502338	-1.203373	 0.383093	-0.202686	 0.437469	 0.499745	-1.734337	 0.613679	-0.269699	-1.002224	-0.499421	 1.041643
-0.500329	-1.198559	 0.286524	-0.328179	 0.468122	 0.499757	-1.977454	 0.611224	-0.515202	-0.998215	-0.499649	 1.037537
-0.499324	-1.193765	 0.238239	 0.109075	-0.016552	 0.499763	-2.094571	 0.608780	-0.136432	-0.994222	-0.499763	 0.533418
-0.498822	-1.188990	 0.214097	 0.326609	-0.257887	 0.499765	-2.148707	 0.606344	 0.052953	-0.990245	-0.499820	 0.281358
-0.498571	-1.184234	 0.202026	-0.065713	 0.121446	 0.499767	-1.171369	 0.603919	 0.147645	-0.986284	 0.000151	 0.655328
-0.498445	-1.179497	 0.195990	-0.261873	 0.310111	 0.499768	-0.682700	 0.601503	 0.194991	-0.982339	 0.249137	 0.840255
-0.498382	-1.174779	 0.192972	 0.140047	 0.404443	-0.000232	-0.438365	 0.599097	 0.718665	-0.978410	-0.126370	 0.430667
-0.498351	-1.170080	 0.191463	 0.339922	 0.451610	-0.249231	-0.316198	 0.596701	 0.978016	-0.974496	-0.313120	 0.225874
-0.498335	-1.165400	 0.190709	 0.438781	 0.475193	 0.126269	-0.255114	 0.594314	 1.105218	-0.970598	-0.406495	 0.623477
-0.498327	-1.160738	 0.190332	 0.487135	 0.486984	 0.313015	-0.224573	 0.591937	 1.166353	-0.966716	-0.453183	 0.820236
-0.498323	-1.156095	 0.190143	 0.510241	 0.492880	 0.406389	-0.209302	 0.589569	 1.194466	-0.962849	-0.476526	 0.916582
-0.498321	-1.151471	 0.190049	 0.520727	-0.004172	 0.453075	-0.201666	 0.587211	 1.206078	-0.958998	-0.488198	 0.462729
-0.498320	-1.146865	 0.190002	 0.524908	-0.251696	 0.476419	-0.197849	 0.584862	 1.209448	-0.955162	-0.494034	 0.235803
-0.498320	-1.142277	 0.189978	 0.025940	 0.124543	 0.488090	-0.195940	 0.582523	 1.208707	-0.951341	 0.003048	 0.622339
-0.498320	-1.137708	 0.189966	-0.223544	 0.311660	 0.493926	-0.194985	 0.580192	 1.205921	-0.947536	 0.250589	 0.813590
-0.498320	-1.133158	 0.689960	-0.348286	-0.094781	 0.496844	-0.194508	 0.577872	 1.202122	-0.943746	 0.374359	 0.907206
-0.498320	-1.128625	 0.937578	-0.410657	-0.296999	 0.498303	-0.194269	 0.575560	 1.197826	-0.939971	 0.436244	 0.952012
-0.498320	-1.124110	 0.559016	-0.441842	 0.101892	 0.499033	-0.194150	 0.573258	 1.193290	-0.936211	-0.032813	 0.972421
-0.498319	-1.119614	 0.369735	-0.457435	 0.300336	 0.499397	-0.194090	 0.570965	 1.188645	-0.932466	-0.266338	 0.980640
-0.498319	-1.115136	 0.275094	-0.465232	 0.399557	 0.499580	-0.194061	 0.568681	 1.183955	-0.928736	-0.383101	 0.982772
-0.498319	-1.110675	 0.727774	 0.030870	 0.449168	 0.499671	-0.194046	 0.566406	 1.179251	-0.925021	-0.441482	 0.481868
-0.498319	-1.106232	 0.951753	 0.277867	 0.473974	 0.499717	-0.194038	 0.564141	 1.174550	-0.921321	-0.470673	 0.231416
-0.498319	-1.101807	 1.061391	 0.400316	-0.013623	-0.000261	-0.194035	 0.561884	 1.169860	-0.417636	 0.014732	 0.606190
-0.498319	-1.097400	 1.113868	 0.460495	-0.256420	-0.249249	-0.194033	 0.559637	 1.165184	-0.165793	 0.256434	 0.791615
-0.498319	-1.093011	 1.137774	 0.489543	 0.122182	 0.126257	-0.194032	 0.557398	 1.160525	-0.539872	 0.377285	 0.882374
-0.498319	-1.088638	 1.147403	 0.503030	 0.310482	 0.313007	-0.194031	 0.555169	 1.155884	-0.725083	 0.437711	 0.925807
-0.498319	-1.084284	 1.149904	 0.008740	-0.095369	 0.406381	-0.694031	 0.552948	 1.151261	-0.815868	 0.467923	 0.945585
-0.498319	-1.079947	 1.148850	-0.238405	-0.297291	 0.453069	-0.941643	 0.550736	 1.146657	-0.859448	 0.483030	 0.953543
-0.498319	-1.075627	 1.146027	-0.361977	-0.398253	 0.476412	-1.063070	 0.548533	 1.142070	-0.879431	 0.490583	 0.955599
-0.498319	-1.071324	 0.642329	 0.076237	 0.051267	 0.488084	-0.621415	 0.546339	 1.137502	-0.887624	 0.494360	 0.954712
-0.498319	-1.067039	 0.390480	 0.294315	 0.275025	 0.493920	-0.400587	 0.544154	 1.132952	-0.889929	 0.496248	 0.952361
-0.498319	-1.062771	 0.264556	 0.402329	-0.113096	 0.496838	-0.290173	 0.541977	 1.128420	-0.889297	-0.002808	 0.449285
-0.498319	-1.058520	 0.201593	 0.455315	-0.306154	 0.498297	-0.234967	 0.539809	 1.123906	-0.887204	-0.251332	 0.197747
-0.498319	-1.054286	 0.670112	-0.019208	 0.097317	-0.000973	-0.207363	 0.537650	 1.119411	-0.884387	 0.124406	 0.071978
-0.498319	-1.050069	 0.902095	-0.256470	 0.298051	-0.249608	-0.193561	 0.535499	 1.114933	-0.881215	 0.311274	 0.009094
-0.498319	-1.045868	 0.515817	-0.375101	 0.398418	 0.626074	-0.186661	 0.533357	 1.110473	-0.877873	 0.404709	-0.022348
-0.498319	-1.041685	 0.322679	-0.434416	 0.448601	 1.060912	-0.183210	 0.531224	 1.106031	-0.874453	 0.451426	-0.038069
-0.498319	-1.037518	 0.226110	-0.464074	 0.473693	 1.275340	-0.181485	 0.529099	 1.101607	-0.871001	 0.474785	-0.045930
-0.498319	-1.033368	 0.177825	 0.021097	 0.486239	 0.879574	-0.680622	 0.526983	 1.097201	-0.867540	-0.013536	 0.450140
-0.498319	-1.029235	 0.153683	 0.262671	 0.492512	 0.681691	-0.927831	 0.524875	 1.092812	-0.864081	-0.256693	 0.696282
-0.498319	-1.025118	 0.141612	 0.382449	 0.495648	 0.582749	-1.049086	 0.522775	 1.088441	-0.860631	-0.378271	 0.817469
-0.498319	-1.021017	 0.135576	 0.441333	 0.497216	 0.533279	-1.107373	 0.520684	 1.084087	-0.857191	-0.439060	 0.876184
-0.498319	-1.016933	 0.132558	 0.469775	 0.498000	 0.508543	-0.634184	 0.518601	 1.079751	-0.353764	-0.469455	 0.403673
-0.498319	-1.012865	 0.131049	 0.483996	 0.498393	 0.496176	-0.397590	 0.516527	 1.075432	-0.102050	-0.484652	 0.167417
-0.498319	-1.008814	 0.630295	 0.491106	-0.001411	 0.489992	-0.279293	 0.514461	 1.071130	-0.476193	 0.007749	 0.549289
-0.498319	-1.004779	 0.877659	 0.494662	-0.250311	 0.486900	-0.220145	 0.512403	 1.066846	-0.661564	 0.252950	 0.738362
-0.498319	-1.000760	 0.999090	 0.496439	-0.374761	 0.485354	-0.190571	 0.510353	 1.062578	-0.752556	 0.375550	 0.831044
-0.498319	-0.996757	 0.557565	-0.002672	 0.063014	 0.484581	-0.175784	 0.508312	 1.058328	-0.796364	 0.436850	 0.875538
-0.498319	-0.992770	 0.336803	-0.251224	 0.280900	 0.484194	-0.168390	 0.506279	 1.054095	-0.816588	 0.467500	 0.895945
-0.498319	-0.988799	 0.726421	-0.375500	 0.389843	 0.484001	-0.164693	 0.504254	 1.049878	-0.325027	-0.017175	 0.404315
-0.498319	-0.984843	 0.918999	-0.437638	 0.444315	 0.483905	-0.162845	 0.502237	 1.045679	-0.079246	-0.258509	 0.158501
-0.498319	-0.980904	 0.513064	 0.031293	 0.471551	 0.483856	-0.161921	 0.500228	 1.041496	-0.456355	 0.120824	 0.535593
-0.498319	-0.976980	 0.310097	 0.264758	 0.485168	 0.483832	-0.161459	 0.499223	 1.037330	-0.643243	 0.309490	 0.722314
-0.498319	-0.973072	 0.708613	 0.381490	 0.491977	 0.483820	-0.161228	 0.498721	 1.033181	-0.235027	-0.096176	 0.313857
-0.498319	-0.969180	 0.905657	 0.439857	 0.495382	 0.483814	-0.161112	 0.498470	 1.029048	-0.030919	-0.298006	 0.109628
-0.498319	-0.965303	 0.501974	 0.469040	 0.497084	 0.983811	-0.161054	 0.498344	 1.024932	-0.428865	-0.398921	 0.007513
-0.498319	-0.961442	 0.300132	 0.483631	 0.497935	 1.230842	-0.161025	 0.498281	 1.020832	-0.626184	-0.449378	-0.043544
-0.498319	-0.957596	 0.199211	 0.490927	 0.498361	 1.351401	-0.161011	 0.498250	 1.016749	-0.723197	-0.474607	-0.069072
-0.498319	-0.953766	 0.148751	 0.494575	 0.498574	 0.908737	-0.161004	 0.498234	 1.012682	-0.770063	-0.487222	 0.418163
-0.498319	-0.949951	 0.123521	 0.496399	 0.498680	 0.687405	-0.161000	 0.498226	 1.008631	-0.791862	-0.493529	 0.659970
-0.498319	-0.946151	 0.110905	 0.497311	 0.498733	 0.576739	-0.160998	 0.498223	 1.004596	-0.801134	-0.496682	 0.279070
-0.498319	-0.942367	 0.104598	 0.497767	 0.498760	 0.521406	-0.160997	 0.498221	 1.000578	-0.804149	-0.498259	 0.088620
-0.498319	-0.938597	 0.601444	 0.497995	-0.001227	 0.493740	-0.660997	 0.498220	 0.996576	-0.804043	-0.499048	 0.493395
-0.498319	-0.934843	 0.847671	 0.498109	-0.250218	 0.479907	-0.908675	 0.498219	 0.992589	-0.802381	-0.499442	 0.693986
-0.498319	-0.931103	 0.468596	 0.498166	 0.125287	 0.472990	-0.530201	 0.498219	 0.988619	-0.799949	 0.000361	 0.792493
-0.498319	-0.927379	 0.279059	 0.498195	 0.312037	 0.469532	-0.340964	 0.498219	 0.984665	-0.797138	 0.249262	 0.839964
-0.498319	-0.923669	 0.184290	 0.498209	 0.405413	 0.467802	-0.246346	 0.498219	 0.980726	-0.794144	 0.373713	 0.861925
-0.498319	-0.919975	 0.136906	 0.498216	 0.452100	 0.466938	-0.199036	 0.498219	 0.976803	-0.291065	-0.064062	 0.371137
-0.498319	-0.916295	 0.113214	 0.498219	 0.475444	 0.466506	-0.175382	 0.498219	 0.972896	-0.039525	-0.281946	 0.125744
-0.498319	-0.912630	 0.601368	 0.498221	 0.487116	 0.466289	-0.663554	 0.498219	 0.969004	 0.086245	-0.390887	 0.003047
-0.498319	-0.908979	 0.843266	 0.498222	 0.492952	 0.466181	-0.905337	 0.498219	 0.965128	 0.149130	-0.445358	-0.058302
-0.498319	-0.905343	 0.962044	 0.498223	 0.495870	 0.466127	-0.523934	 0.498219	 0.961268	-0.319428	 0.027406	 0.411024
-0.498319	-0.901722	 1.019272	 0.498223	 0.497329	 0.466100	-0.333233	 0.498219	 0.957423	-0.552131	 0.262788	 0.643926
-0.498319	-0.898115	 0.545733	-0.001777	 0.498059	 0.466087	-0.237882	 0.498219	 0.953593	-0.666912	-0.119521	 0.258624
-0.498319	-0.894522	 0.308963	-0.250773	 0.498423	 0.466080	-0.190207	 0.498219	 0.949779	-0.722740	-0.309672	 0.065973
-0.498319	-0.890944	 0.190578	-0.375272	 0.498606	 0.466077	-0.166369	 0.498219	 0.945979	-0.749096	-0.404747	-0.030353
-0.498319	-0.887381	 0.631386	 0.062479	 0.498697	 0.466075	-0.154451	 0.498219	 0.942195	-0.760724	 0.047715	 0.421484
-0.498319	-0.883831	 0.849645	 0.280354	 0.498742	 0.466074	-0.148491	 0.498219	 0.938427	-0.764993	 0.272946	 0.645656
-0.498319	-0.880296	 0.456639	 0.389292	-0.001235	-0.033926	-0.145511	 0.498219	 0.934673	-0.265589	-0.114439	 0.256002
-0.498319	-0.876775	 0.260136	 0.443760	-0.250221	-0.282859	-0.144022	 0.498219	 0.930934	-0.015887	-0.307127	 0.061176
-0.498319	-0.873267	 0.161885	 0.470995	 0.125286	 0.093739	-0.143277	 0.498219	 0.427211	-0.391036	 0.096528	-0.036238
