 0.117529	 0.498379	 0.475942	-0.506279	 0.498274	-0.026156	 0.405557	 0.032296	 0.028107	 0.499171	-0.281661	 0.941665
 0.308146	 0.498379	 0.487614	-1.000338	 0.498274	-0.275102	 0.452273	 0.265753	-0.195515	 0.499171	-0.281661	 1.188781
 0.403454	 0.498379	 0.493450	-1.244378	 0.498274	-0.398527	 0.475630	 0.382482	-0.307326	 0.499171	-0.281661	 1.309468
 0.451108	 0.498379	 0.496368	-0.363421	-0.001726	 0.040804	 0.487309	 0.440847	 0.136768	 0.499171	-0.281661	 0.866951
 0.474935	 0.498379	 0.497827	 0.076022	-0.250723	 0.260470	 0.493149	 0.470029	 0.357654	 0.499171	-0.281661	 0.645692
-0.013151	 0.498379	 0.498556	-0.205287	 0.124779	 0.370303	 0.496068	 0.484620	 0.466940	 0.499171	-0.281661	 0.535063
-0.256192	 0.498379	 0.498921	-0.345942	 0.311530	 0.425219	 0.497528	 0.491916	 0.520430	 0.499171	-0.281661	 0.479748
 0.122288	 0.498379	 0.499104	-0.416269	 0.404905	 0.452678	-0.001742	 0.495564	 0.546027	 0.499171	-0.281661	 0.452091
 0.310526	 0.498379	 0.499195	-0.451433	 0.451592	 0.466407	-0.250375	 0.497388	 0.557683	 0.499171	-0.281661	 0.438262
-0.095355	 0.498379	 0.499240	 0.030985	 0.474936	 0.473271	 0.125309	 0.498299	 0.062372	 0.499171	-0.281661	 0.431348
-0.297293	 0.498379	 0.499263	 0.271167	 0.486608	 0.476704	 0.312149	 0.498755	-0.185284	 0.499171	-0.281661	 0.427891
-0.398262	 0.498379	 0.499275	 0.390236	 0.492444	 0.478420	 0.405568	 0.498983	-0.309111	 0.499171	-0.281661	 0.426162
-0.448746	 0.498379	 0.499280	-0.051249	 0.495362	 0.479278	 0.452278	 0.499097	 0.128975	 0.499171	-0.281661	 0.425298
-0.473988	 0.498379	 0.499283	-0.271991	 0.496821	 0.479707	 0.475633	 0.499154	 0.346884	 0.499171	-0.281661	 0.424866
-0.486610	 0.498379	 0.499284	-0.382362	-0.002450	 0.479921	 0.487311	 0.499183	-0.045291	 0.499171	-0.281661	 0.424650
-0.492920	 0.498379	 0.499285	-0.437547	-0.251081	 0.480029	 0.493150	 0.499197	-0.241379	 0.499171	-0.281661	 0.424542
-0.496075	 0.498379	 0.499286	 0.034860	 0.124603	 0.480082	 0.496069	 0.499204	 0.160577	 0.499171	-0.281661	 0.424488
-0.497653	 0.498379	 0.499286	 0.270049	 0.311444	 0.480109	 0.497529	 0.499208	 0.360430	 0.499171	-0.281661	 0.424461
 0.001558	 0.498379	 0.499286	 0.386633	 0.404865	 0.480122	-0.001742	 0.499210	-0.040764	 0.499171	-0.281661	 0.924447
 0.250162	 0.498379	 0.499286	 0.443919	 0.451575	 0.480129	-0.250375	 0.499211	-0.241361	 0.499171	-0.281661	 1.171592
 0.374464	 0.498379	 0.499286	 0.471559	 0.474930	 0.480133	-0.374691	 0.499211	-0.341659	 0.499171	-0.281661	 1.292326
-0.063385	 0.498379	 0.499286	-0.014621	 0.486608	 0.980134	 0.063151	 0.499211	 0.108191	 0.499171	-0.281661	 0.849868
-0.281307	 0.498379	 0.499286	-0.256709	 0.492447	 1.227175	 0.281069	 0.499211	 0.332001	 0.499171	-0.281661	 0.628638
 0.109732	 0.498379	 0.499286	 0.122247	 0.495366	 0.847747	 0.390029	 0.499211	 0.442794	 0.499171	-0.281661	 0.518023
 0.304250	 0.498379	 0.499286	 0.310722	 0.496826	 0.658033	 0.444509	 0.499211	 0.497083	 0.499171	-0.281661	 0.462716
-0.098491	 0.498379	 0.499286	-0.095040	 0.497556	 0.563176	 0.471749	 0.499211	 0.523125	 0.499171	-0.281661	 0.435062
-0.298859	 0.498379	 0.499286	-0.296920	 0.497921	 0.515747	 0.485368	 0.499211	 0.535048	 0.499171	-0.281661	 0.421236
-0.399043	 0.498379	 0.499286	 0.102141	 0.498103	 0.492033	-0.007822	 0.499211	 0.539915	 0.499171	-0.281661	 0.414322
-0.449135	 0.498379	 0.499286	 0.300668	 0.498194	 0.480176	-0.253415	 0.499211	 0.541259	 0.499171	-0.281661	 0.410866
-0.474181	 0.498379	 0.499286	 0.399932	 0.498240	 0.474247	-0.376211	 0.499211	 0.540846	 0.499171	-0.281661	 0.409137
-0.486704	 0.498379	 0.499286	 0.449564	 0.498263	 0.471283	 0.062391	 0.499211	 0.039559	 0.499171	-0.281661	 0.908273
-0.492965	 0.498379	 0.499286	 0.474380	 0.498274	 0.469801	 0.280690	 0.499211	-0.211085	 0.499171	-0.281661	 1.155026
-0.496096	 0.498379	 0.499286	 0.486788	 0.498280	 0.469060	 0.389839	 0.499211	-0.336407	 0.499171	-0.281661	 0.775599
-0.497662	 0.498379	 0.499286	 0.492992	 0.498283	 0.468689	 0.444414	 0.499211	-0.399068	 0.499171	-0.281661	 0.585886
 0.001556	 0.498379	 0.499286	 0.496094	 0.498284	 0.468504	 0.471701	 0.499211	-1.430398	 0.499171	-0.281661	 0.491029
 0.250163	 0.498379	 0.499286	 0.497645	 0.498285	 0.468411	 0.485345	 0.499211	-1.941140	 0.499171	-0.281661	 0.443600
-0.125534	 0.498379	 0.499286	 0.498421	 0.498285	 0.468365	 0.492167	 0.499211	-1.191607	 0.499171	-0.281661	 0.419886
-0.312379	 0.498379	 0.499286	 0.498808	 0.498285	 0.468342	 0.495578	 0.499211	-0.816841	 0.499171	-0.281661	 0.408029
-0.405802	 0.498379	 0.499286	 0.499002	 0.498285	 0.468330	 0.497283	 0.499211	-0.629458	 0.499171	-0.281661	 0.402101
 0.047486	 0.498379	 0.499286	 0.499099	 0.498286	 0.468324	 0.498136	 0.499211	-0.535766	 0.499171	-0.281661	 0.399136
 0.273129	 0.498379	 0.499286	 0.499148	 0.498286	 0.468321	 0.498562	 0.499211	-0.488920	 0.499171	-0.281661	 0.397654
-0.114050	 0.498379	 0.499286	 0.499172	 0.498286	 0.468320	 0.498775	 0.499211	 0.034503	 0.499171	-0.281661	 0.396913
-0.306636	 0.498379	 0.499286	 0.499184	 0.498286	 0.468319	 0.498882	 0.499211	 0.295098	 0.499171	-0.281661	 0.396543
-0.402930	 0.498379	 0.499286	 0.499190	 0.498286	 0.468319	 0.498935	 0.499211	-0.075715	 0.499171	-0.281661	 0.896357
-0.451077	 0.498379	 0.499286	 0.499193	 0.498286	 0.468319	 0.498962	 0.499211	-0.261122	 0.499171	-0.281661	 1.143472
 0.024850	 0.498379	 0.499286	 0.499195	 0.498286	 0.468319	 0.498975	 0.499211	 0.146174	 0.499171	-0.281661	 0.764249
 0.261812	 0.498379	 0.499286	 0.499195	 0.498286	 0.468319	 0.498982	 0.499211	 0.348716	 0.499171	-0.281661	 0.574637
 0.380293	 0.498379	 0.499286	 0.499196	 0.498286	 0.468318	 0.498985	 0.499211	 0.448884	 0.499171	-0.281661	 0.479831
 0.439533	 0.998379	 0.499286	 0.499196	 0.498286	-0.031682	 0.498987	 0.499211	-0.002130	 0.499171	 0.218339	 0.432428
 0.469153	 1.245382	 0.499286	 0.499196	 0.498286	-0.280618	 0.498988	 0.499211	-0.227637	 0.499171	 0.466902	 0.408726
 0.483963	 0.865899	 0.499286	 0.499196	 0.998286	 0.595973	 0.498988	 0.499211	 0.159609	 0.499171	 0.589753	 0.396876
 0.491368	 0.676158	 0.499286	 0.499196	 1.245289	 1.031323	 0.498988	 0.499211	 0.352139	 0.499171	 0.649753	 0.390950
 0.495071	 0.581287	 0.499286	 0.499196	 0.865806	 0.746065	 0.498988	 0.499211	-0.052686	-0.000829	 0.178334	 0.387988
 0.496922	 0.533851	 0.499286	 0.499196	 0.676065	 0.603436	 0.498988	 0.499211	-0.255098	-0.249827	-0.057376	 0.386506
 0.497848	 0.510134	 0.499286	 0.499196	 1.081194	 1.032121	 0.498988	 0.499211	-0.856304	 0.125673	-0.175231	 0.385766
 0.498311	 0.498275	 0.499286	 0.499196	 1.280786	 1.243542	 0.498988	 0.499211	-1.153992	 0.312421	-0.234158	 0.385395
 0.498542	 0.492345	 0.499286	 0.499196	 1.377621	 1.346343	 0.498988	 0.499211	-1.299933	 0.405795	-0.263622	 0.385210
 0.498658	 0.489381	 0.499286	 0.499196	 1.423090	 1.394845	 0.498988	 0.499211	-0.870011	 0.452483	 0.221646	 0.385118
 0.498716	 0.487898	 0.499286	 0.499196	 1.442887	 1.416209	 0.498988	 0.499211	-0.655051	 0.475826	 0.462867	 0.385071
 0.498745	 0.487157	 0.499286	 0.499196	 0.949860	 1.424016	 0.498988	 0.499211	-0.047570	 0.487498	 0.082069	 0.385048
 0.498759	 0.486787	 0.499286	 0.499196	 0.703347	 1.425056	 0.498988	 0.499211	 0.255050	 0.493334	-0.108330	 0.385037
-0.001234	 0.486601	 0.499286	 0.499196	 0.580090	 0.922724	 0.498988	 0.499211	-0.094755	 0.496252	 0.296470	 0.385031
-0.250228	 0.486509	 0.499286	 0.499196	 0.518462	 0.671558	 0.498988	 0.499211	-0.269658	 0.497711	 0.497468	 0.385028
 0.125275	 0.486462	 0.499286	 0.499196	 0.487648	 1.045975	 0.498988	 0.499211	 0.142891	 0.498440	 0.096570	 0.385026
 0.312025	 0.486439	 0.499286	 0.499196	 0.472241	 1.230342	 0.498988	 0.499211	 0.348055	 0.498805	-0.103879	 0.385026
 0.405400	 0.486428	 0.499286	 0.499196	 0.464537	 1.319697	 0.498988	 0.499211	 0.449530	 0.498987	-0.204104	 0.385025
 0.452088	 0.486422	 0.499286	 0.499196	 0.460685	 0.861556	 0.498988	 0.499211	-0.000834	 0.499078	-0.254216	 0.385025
 0.475432	 0.486419	 0.499286	 0.499196	 0.458760	 0.632485	 0.498988	 0.499211	-0.226017	 0.499124	-0.279272	 0.385025
-0.012897	 0.486417	 0.499286	 0.499196	 0.457797	 0.517950	 0.498988	 0.499211	 0.161392	 0.499147	-0.291800	 0.385025
-0.256058	 0.486417	 0.499286	 0.499196	 0.457315	 0.460682	 0.498988	 0.499211	 0.353999	 0.499158	-0.298064	 0.385025
 0.122361	 0.486416	 0.499286	 0.499196	 0.457074	 0.432049	 0.498988	 0.499211	-0.050791	 0.499164	-0.301196	 0.385025
 0.310569	 0.486416	 0.499286	 0.499196	 0.456954	 0.417732	 0.498988	 0.499211	-0.253186	 0.499167	-0.302762	 0.385025
 0.404673	 0.486416	 0.499286	 0.499196	 0.456894	 0.410573	 0.498988	 0.499211	-0.354383	 0.499168	-0.303545	 0.385025
 0.451725	 0.486416	 0.499286	 0.499196	 0.456864	 0.406994	 0.498988	 0.499211	-0.404982	 0.499169	-0.303937	 0.385025
 0.475251	 0.486416	 0.499286	 0.499196	 0.456849	 0.405204	 0.498988	 0.499211	-0.430281	 0.499169	-0.304133	 0.385025
-0.012986	 0.486416	 0.499286	 0.499196	 0.456841	 0.404310	-0.501012	 0.499211	-0.442931	 0.499169	-0.304231	 0.385025
-0.256102	 0.486416	 0.499286	 0.499196	 0.456837	 0.403862	-0.998010	 0.499211	-0.449256	 0.499169	-0.304280	 0.385025
 0.122340	 0.486416	 0.499286	-0.000804	 0.456836	 0.403639	-0.243518	 0.499211	-0.452418	 0.499169	-0.304304	 0.385025
 0.310559	 0.486416	 0.499286	-0.249802	 0.456835	 0.403527	 0.132705	 0.499211	-0.453999	 0.499170	-0.304316	 0.385025
-0.095331	 0.486416	 0.499286	 0.125699	 0.456834	 0.403471	 0.319799	 0.499211	-0.454790	 0.499170	-0.304322	 0.385025
-0.297274	 0.486416	 0.499286	 0.312447	 0.456834	 0.403443	 0.412332	 0.499211	-0.455185	 0.499170	-0.304325	 0.385025
-0.398245	 0.486416	 0.499286	 0.405821	 0.456834	 0.403429	 0.457589	-0.000789	 0.044617	 0.499170	-0.304327	 0.385025
-0.448731	 0.486416	 0.499286	 0.452508	 0.456834	 0.403422	 0.479212	-0.249787	 0.293430	 0.499170	-0.304328	 0.385025
-0.473973	 0.486416	 0.499286	 0.475851	 0.456834	 0.403418	 0.489021	-0.374286	 0.416751	 0.499170	-0.304328	 0.385025
-0.486595	 0.486416	 0.499286	-0.012477	 0.456834	-0.096583	 0.493926	 0.063464	-0.022668	 0.499170	-0.304328	 0.385025
-0.492906	 0.486416	 0.499286	-0.255640	 0.456834	-0.345391	 0.496379	 0.281337	-0.242378	 0.499170	-0.304328	 0.385025
-0.496061	 0.486416	 0.499286	-0.377221	 0.456834	 0.031393	 0.497605	 0.390273	-0.352233	 0.499170	-0.304328	 0.385025
-0.497639	 0.486416	 0.499286	-0.438012	 0.456834	 0.219786	 0.498218	 0.444742	-0.407160	 0.499170	-0.304328	 0.385025
-0.498427	 0.486416	 0.499286	 0.031593	 0.456834	-0.186018	 0.498525	 0.471976	-0.434624	 0.499170	-0.304328	 0.385025
-0.498822	 0.486416	 0.499286	 0.265393	 0.456834	-0.387736	 0.498678	 0.485593	-0.448356	 0.499170	-0.304328	 0.385025
 0.000981	 0.486416	 0.499286	 0.382293	 0.456834	 0.012583	 0.498755	 0.492401	 0.044779	 0.499170	-0.304328	 0.385025
 0.249881	 0.486416	 0.499286	 0.440743	 0.456834	 0.212743	 0.498793	 0.495805	 0.290270	 0.499170	-0.304328	 0.385025
 0.374331	 0.486416	 0.499286	 0.469968	 0.456834	 0.312823	 0.498812	 0.497508	 0.411944	 0.499170	-0.304328	 0.385025
 0.436556	 0.486416	 0.499286	 0.484580	 0.456834	 0.862863	 0.498822	 0.498359	-0.028286	 0.499170	-0.304328	 0.385025
 0.467668	 0.486416	 0.499286	 0.491887	 0.456834	 1.135057	 0.498826	 0.498784	-0.248401	 0.499170	-0.304328	 0.385025
 0.483224	 0.486416	 0.499286	 0.495540	 0.456834	 0.768340	 0.498829	 0.498997	-0.358459	 0.499170	-0.304328	 0.385025
 0.491003	 0.486416	 0.499286	 0.497366	 0.456834	 0.584981	 0.498830	 0.499103	-0.413488	 0.499170	-0.304328	 0.385025
 0.494892	 0.486416	 0.499286	 0.498280	 0.456834	 0.493302	 0.498831	 0.499157	 0.058998	 0.499170	 0.195672	 0.385025
 0.496836	 0.486416	 0.499286	 0.498736	 0.456834	 0.447462	 0.498831	 0.499183	 0.294178	 0.499170	 0.444280	 0.385025
-0.002192	 0.486416	 0.499286	 0.498965	 0.456834	 0.424542	 0.498831	 0.499196	 0.410709	 0.499170	 0.067199	 0.385025
-0.250703	 0.486416	 0.499286	 0.499079	 0.456834	 0.413082	 0.498831	 0.499203	 0.467920	 0.499170	-0.121342	 0.385025
 0.125041	 0.486416	 0.499286	 0.499136	 0.456834	 0.907352	 0.498831	 0.499206	-0.004525	 0.499170	-0.215612	 0.385025
 0.311912	 0.486416	 0.499286	 0.499164	 0.456834	 1.151684	 0.498831	 0.499208	-0.240747	 0.499170	-0.262748	 0.385025
 0.405347	 0.486416	 0.499286	 0.499179	 0.456834	 1.271058	 0.498831	 0.499209	-0.358858	 0.499170	-0.286315	 0.385025
 0.452065	 0.486416	 0.499286	 0.499186	 0.456834	 0.827964	 0.498831	 0.499209	 0.082086	 0.499170	-0.298099	 0.385025
 0.475424	 0.486416	 0.499286	 0.499189	 0.456834	 0.606417	 0.498831	 0.499210	 0.301512	 0.499170	-0.303991	 0.385025
 0.487103	 0.486416	 0.499286	 0.499191	 0.456834	 0.495644	 0.498831	 0.499210	 0.410184	 0.499170	-0.306937	 0.385025
 0.492943	 0.486416	 0.499286	 0.499192	 0.456834	 0.440257	 0.498831	 0.499210	 0.463481	 0.499170	-0.308410	 0.385025
-0.004137	 0.486416	 0.499286	 0.499193	 0.456834	 0.412564	 0.498831	 0.499210	 0.489097	 0.499170	 0.190854	 0.385025
-0.251675	 0.486416	 0.499286	 0.499193	 0.456834	 0.398717	 0.498831	 0.499210	 0.500875	 0.499170	 0.439105	 0.385025
 0.124556	 0.486416	 0.499286	 0.499193	 0.456834	 0.391794	 0.498831	 0.499210	 0.505739	 0.499170	 0.061856	 0.385025
 0.311670	 0.486416	 0.499286	 0.499193	 0.456834	 0.388332	 0.498831	 0.499210	 0.507150	 0.499170	-0.126768	 0.385025
 0.405227	 0.486416	 0.499286	 0.499193	 0.456834	 0.386601	 0.498831	 0.499210	 0.506838	 0.499170	-0.221080	 0.385025
 0.452006	 0.486416	 0.499286	 0.499193	 0.456834	 0.385736	 0.498831	 0.499210	 0.505669	 0.499170	-0.268236	 0.385025
 0.475395	 0.486416	 0.499286	 0.499193	 0.456834	 0.385303	 0.498831	 0.499210	 0.504075	 0.499170	-0.291815	 0.385025
-0.012911	 0.486416	 0.499286	 0.499193	 0.456834	 0.385087	 0.498831	 0.499210	 0.502274	 0.499170	-0.303604	 0.385025
-0.256061	 0.486416	 0.499286	 0.499193	 0.456834	 0.384978	 0.498831	 0.499210	 0.500372	 0.499170	-0.309498	 0.385025
-0.377636	 0.486416	 0.499286	 0.499193	 0.456834	 0.384924	 0.498831	 0.499210	 0.499421	 0.499170	-0.312445	 0.885025
-0.438423	 0.486416	 0.499286	 0.499193	 0.456834	 0.384897	 0.498831	 0.499210	 0.498946	 0.499170	-0.313919	 1.132255
-0.468817	 0.486416	 0.499286	 0.499193	 0.456834	 0.384884	-0.001169	 0.499210	-0.001292	 0.499170	-0.314656	 0.753111
-0.484014	 0.486416	 0.499286	 0.499193	 0.456834	 0.384877	-0.250166	 0.499210	-0.250408	 0.499170	-0.315024	 0.563539
-0.491613	 0.486416	 0.499286	 0.499193	 0.456834	 0.384874	-0.374665	 0.499210	-0.374966	 0.499170	-0.315208	 0.468753
 0.004588	 0.486416	 0.499286	-0.000807	 0.456834	 0.384872	-0.936915	 0.499210	 0.062755	 0.499170	 0.184700	 0.421360
 0.251687	 0.486416	 0.499286	-0.249805	 0.456834	 0.384871	-1.215041	 0.499210	 0.280615	 0.499170	 0.433284	 0.397663
-0.124764	 0.486416	 0.499286	 0.125695	 0.456834	 0.384871	-0.351118	 0.499210	 0.389545	 0.499170	 0.056213	 0.385815
-0.311986	 0.486416	 0.499286	 0.312443	 0.456834	 0.384870	 0.079818	 0.499210	 0.444009	 0.499170	-0.132323	 0.379891
 0.094402	 0.486416	 0.499286	 0.405817	 0.456834	 0.384870	 0.294264	 0.499210	 0.471242	 0.499170	-0.226591	 0.376929
 0.296595	 0.486416	 0.499286	 0.452504	 0.456834	 0.384870	 0.400470	 0.499210	 0.484858	 0.499170	-0.273725	 0.375448
-0.102309	 0.486416	 0.499286	 0.475848	 0.456834	 0.384870	 0.452560	 0.499210	-0.008334	 0.499170	-0.297292	 0.374707
-0.300758	 0.486416	 0.499286	 0.487520	 0.456834	 0.384870	 0.477595	 0.499210	-0.253927	 0.499170	-0.309075	 0.374337
-0.399983	 0.486416	 0.499286	 0.493356	 0.456834	 0.384870	 0.489108	 0.499210	-0.376723	 0.499170	-0.314967	 0.374152
-0.449595	 0.486416	 0.499286	 0.496273	-0.043166	 0.384870	 0.493863	 0.499210	 0.061879	 0.499170	 0.182087	 0.374060
-0.474401	 0.486416	 0.499286	 0.497732	-0.292080	 0.384870	 0.496240	 0.499210	 0.280179	 0.499170	 0.429256	 0.374013
-0.486805	 0.486416	 0.499286	 0.498462	 0.084545	 0.384870	 0.497429	 0.499210	-0.110671	 0.499170	 0.051488	 0.373990
-0.493006	 0.486416	 0.499286	 0.498827	 0.272858	 0.384870	 0.498023	 0.499210	-0.305093	 0.499170	-0.137397	 0.373979
 0.003893	 0.486416	 0.499286	 0.499009	 0.367014	 0.384870	 0.498321	 0.499210	 0.097696	 0.499170	-0.231839	 0.373973
 0.251341	 0.486416	 0.499286	 0.499100	 0.414092	 0.384870	 0.498469	 0.499210	 0.298089	 0.499170	-0.279060	 0.373970
 0.375065	 0.486416	 0.499286	 0.499146	 0.437631	 0.384870	 0.498543	 0.499210	 0.398286	 0.499170	 0.197330	 0.373968
 0.436927	 0.486416	 0.499286	 0.499169	 0.449401	 0.384870	 0.498581	 0.499210	 0.448384	 0.499170	 0.434177	 0.373968
 0.467858	 0.486416	 0.499286	 0.499180	 0.455286	 0.384870	 0.498599	 0.499210	 0.473433	 0.499170	 0.551259	 0.373967
-0.016676	 0.486416	 0.499286	-0.000814	 0.458228	 0.384870	 0.498609	 0.499210	 0.485958	 0.499170	 0.108463	 0.373967
-0.257941	 0.486416	 0.499286	-0.249810	 0.459699	 0.384870	 0.498613	 0.499210	 0.492220	 0.499170	-0.112935	 0.373967
 0.121426	 0.486416	 0.499286	-0.374308	 0.460435	 0.384870	 0.498615	 0.499210	-0.004648	 0.499170	 0.276366	 0.373967
 0.310109	 0.486416	 0.499286	-0.436556	 0.460802	 0.384870	 0.498617	 0.499210	-0.252080	 0.499170	 0.469685	 0.373967
 0.404450	 0.486416	 0.499286	-0.467681	 0.460986	 0.384870	 0.498617	 0.499210	-0.375796	 0.499170	 0.065019	 0.373967
 0.451620	 0.486416	 0.499286	-0.483243	 0.461078	 0.384870	 0.498617	 0.499210	-0.437653	 0.499170	-0.137315	 0.373967
-0.024794	 0.486416	 0.499286	 0.008976	 0.461124	 0.384870	 0.498618	 0.499210	-0.468582	 0.499170	 0.261519	 0.873967
-0.261999	 0.486416	 0.499286	 0.254083	 0.461147	 0.384870	 0.498618	 0.499210	-0.484047	 0.499170	 0.459615	 1.121219
-0.380602	 0.486416	 0.499286	 0.376636	 0.461159	 0.384870	 0.498618	 0.499210	-0.491779	 0.499170	 0.557347	 1.242108
-0.439903	 0.486416	 0.499286	 0.437913	 0.461165	-0.115130	 0.498618	 0.499210	-0.495645	 0.499170	 0.104904	 0.799827
-0.469554	 0.486416	 0.499286	 0.468551	 0.461167	-0.363900	 0.498618	 0.499210	-0.497578	 0.499170	-0.121318	 0.578686
-0.484379	 0.486416	 0.499286	 0.483871	 0.461169	 0.012941	 0.498618	 0.499210	-0.498545	 0.499170	-0.234429	 0.468116
-0.491792	 0.486416	 0.499286	 0.491530	 0.461170	 0.201361	 0.498618	 0.499210	-0.499028	 0.499170	-0.290985	 0.412830
 0.004502	 0.486416	 0.499286	 0.495360	 0.461170	 0.295571	 0.498618	 0.499210	-0.499270	 0.499170	-0.319263	 0.385188
 0.251647	 0.486416	 0.499286	 0.497275	 0.461170	 0.342676	 0.498618	 0.499210	-0.499390	 0.499170	-0.333401	 0.371367
-0.124780	 0.486416	 0.499286	 0.498232	 0.461170	 0.366229	 0.498618	 0.499210	 0.000549	 0.499170	-0.340471	 0.364456
-0.311991	 0.486416	 0.499286	 0.498711	 0.461170	 0.378005	 0.498618	 0.499210	 0.249518	 0.499170	-0.344006	 0.361001
-0.405597	 0.486416	 0.499286	 0.498950	 0.461170	 0.383893	 0.498618	 0.499210	 0.374002	 0.499170	-0.345773	 0.359273
-0.452400	 0.486416	 0.499286	 0.499070	 0.461170	 0.386837	 0.498618	 0.499210	-0.063755	 0.499170	-0.346657	 0.358409
-0.475801	 0.486416	 0.499286	 0.499130	 0.461170	 0.388309	 0.498618	 0.499210	-0.281631	 0.499170	-0.347099	 0.357977
 0.012498	 0.486416	 0.499286	 0.499160	 0.461170	 0.389045	 0.498618	 0.499210	-0.390569	 0.499170	 0.152681	 0.357761
 0.255646	 0.486416	 0.499286	 0.499175	 0.461170	 0.389413	 0.498618	 0.499210	-0.445038	 0.499170	 0.401265	 0.357653
-0.122780	 0.486416	 0.499286	 0.499182	 0.461170	 0.389597	 0.498618	 0.499210	-0.472273	 0.499170	 0.024258	 0.357599
-0.310990	 0.486416	 0.499286	 0.499186	 0.461170	 0.389689	 0.498618	 0.499210	-0.485890	 0.499170	-0.164246	 0.357572
-0.405096	 0.486416	 0.499286	 0.499188	 0.461170	 0.389735	 0.498618	 0.499210	-0.492699	 0.499170	-0.258498	 0.357559
-0.452148	 0.486416	 0.499286	 0.499189	 0.461170	 0.389758	 0.498618	 0.499210	-0.496103	 0.499170	-0.305624	 0.357552
-0.475675	 0.486416	 0.499286	 0.499189	 0.461170	 0.389770	 0.498618	 0.499210	-0.497805	 0.499170	-0.329187	 0.357549
 0.012562	 0.486416	 0.499286	 0.499190	 0.461170	 0.389776	 0.498618	 0.499210	 0.001344	 0.499170	-0.340968	 0.357547
 0.255679	 0.486416	 0.499286	 0.499190	 0.461170	 0.389779	 0.498618	 0.499210	 0.249917	 0.499170	-0.346859	 0.357546
-0.122763	 0.486416	 0.499286	-0.000810	 0.461170	 0.389780	-0.001382	 0.499210	 0.374204	 0.499170	-0.349804	 0.357546
-0.310981	 0.486416	 0.499286	-0.249809	 0.461170	 0.389781	-0.250379	 0.499210	 0.436348	 0.499170	-0.351277	 0.357545
 0.094910	 0.486416	 0.499286	 0.125692	 0.461170	 0.389781	 0.125122	 0.499210	 0.467419	 0.499170	-0.352013	 0.357545
 0.296854	 0.486416	 0.499286	 0.312440	 0.461170	 0.389781	 0.311871	 0.499210	 0.482955	 0.499170	-0.352381	 0.357545
 0.397825	 0.486416	 0.499286	 0.405814	 0.461170	 0.389781	 0.405246	 0.499210	-0.009277	 0.499170	-0.352566	 0.357545
 0.448311	 0.486416	 0.499286	 0.452501	 0.461170	 0.389781	 0.451933	 0.499210	-0.254390	 0.499170	-0.352658	 0.357545
 0.473554	 0.486416	 0.499286	 0.475845	 0.461170	 0.389781	 0.475277	 0.499210	-0.376947	 0.499170	-0.352704	 0.357545
 0.486176	 0.486416	 0.499286	 0.487517	 0.461170	 0.389781	 0.486949	 0.499210	-0.438225	 0.499170	-0.352727	 0.357545
 0.492487	 0.486416	 0.499286	 0.493352	 0.461170	 0.389781	 0.492785	 0.499210	-0.468864	 0.499170	-0.352738	 0.357545
 0.495642	 0.486416	 0.499286	 0.496270	 0.461170	 0.389781	 0.495703	-0.000790	-0.484184	 0.499170	 0.147256	 0.357545
 0.497220	 0.486416	 0.499286	 0.497729	 0.461170	 0.389781	 0.497162	-0.249789	-0.491843	 0.499170	 0.395959	 0.357545
-0.001991	 0.486416	 0.499286	-0.001541	 0.461170	 0.389781	-0.002109	 0.125712	 0.004327	 0.499170	 0.019021	 0.357545
-0.250595	 0.486416	 0.499286	-0.250175	 0.461170	 0.389781	-0.250741	 0.312460	 0.251411	 0.499170	-0.169448	 0.357545
 0.125104	 0.486416	 0.499286	 0.125508	 0.461170	 0.389781	 0.124943	 0.405834	-0.125047	 0.499170	-0.263683	 0.357545
 0.311951	 0.486416	 0.499286	 0.312348	 0.461170	 0.389781	 0.311783	 0.452521	-0.312273	 0.499170	-0.310800	 0.357545
-0.094625	 0.486416	 0.499286	 0.405767	 0.461170	 0.389781	 0.405204	 0.475865	 0.094114	 0.499170	-0.334359	 0.357545
-0.296911	 0.486416	 0.499286	 0.452477	 0.461170	 0.389781	 0.451914	 0.487536	 0.296306	 0.499170	-0.346138	 0.357545
-0.398053	 0.486416	 0.499286	 0.475832	 0.461170	 0.389781	 0.475269	 0.493372	 0.397403	 0.499170	-0.352028	 0.357545
 0.051375	 0.486416	 0.499286	-0.012491	 0.461170	 0.389781	 0.486946	 0.496290	-0.052049	 0.499170	-0.354972	 0.357545
 0.275088	 0.486416	 0.499286	-0.255650	 0.461170	 0.389781	 0.492785	 0.497749	-0.275772	 0.499170	-0.356445	 0.357545
 0.386944	 0.486416	 0.499286	 0.122770	 0.461170	 0.389781	-0.504296	-0.001521	 0.112366	 0.499170	-0.357181	 0.357545
 0.442872	 0.486416	 0.499286	 0.310978	 0.461170	 0.389781	-0.999833	-0.250155	 0.305435	 0.499170	-0.357549	 0.357545
 0.470836	 0.486416	 0.499286	 0.405081	 0.461170	 0.389781	-0.244611	 0.125528	 0.401969	 0.499170	 0.142267	 0.357545
 0.484819	 0.486416	 0.499286	 0.452133	 0.461170	 0.389781	 0.131979	 0.312367	 0.450236	 0.499170	 0.390891	 0.357545
 0.491810	 0.486416	 0.499286	 0.475659	 0.461170	 0.389781	 0.319256	 0.405787	-0.025631	 0.499170	 0.013923	 0.357545
 0.495305	 0.486416	 0.499286	 0.487422	 0.461170	 0.389781	 0.411882	 0.452497	-0.262561	 0.499170	-0.174560	 0.357545
 0.497053	 0.486416	 0.499286	 0.493304	 0.461170	 0.389781	 0.457186	 0.475851	-0.381026	 0.499170	-0.268802	 0.357545
 0.497927	 0.486416	 0.499286	 0.496245	 0.461170	 0.889781	 0.478833	 0.487529	-0.440259	 0.499170	-0.315923	 0.357545
 0.498364	 0.486416	 0.499286	 0.497715	 0.461170	 1.137002	 0.488656	 0.493368	-0.469875	 0.499170	-0.339483	 0.357545
-0.001418	 0.486416	 0.499286	 0.498450	 0.461170	 0.757844	 0.493567	 0.496287	-0.484683	 0.499170	-0.351263	 0.357545
-0.250306	 0.486416	 0.499286	 0.498818	 0.461170	 0.568264	 0.496022	 0.497747	-0.492087	 0.499170	-0.357154	 0.357545
-0.374750	 0.486416	 0.499286	 0.499001	 0.461170	 0.473475	-0.002750	 0.498477	 0.004211	 0.499170	-0.360099	 0.357545
-0.436973	 0.486416	 0.499286	 0.499093	 0.461170	 0.426080	-0.251133	 0.498841	 0.251359	 0.499170	-0.361571	 0.357545
-0.468084	 0.486416	 0.499286	 0.499139	 0.461170	 0.402383	 0.124676	 0.499024	-0.125067	 0.499170	-0.362307	 0.357545
-0.483639	 0.486416	 0.499286	 0.499162	 0.461170	 0.390534	 0.311579	 0.499115	-0.312277	 0.499170	-0.362675	 0.357545
-0.491417	 0.486416	 0.499286	 0.499174	 0.461170	 0.384610	 0.405031	 0.499161	-0.405882	 0.499170	-0.362860	 0.357545
-0.495306	 0.486416	 0.499286	 0.499180	 0.461170	 0.381648	 0.451756	 0.499184	 0.047315	 0.499170	-0.362952	 0.357545
-0.497250	 0.486416	 0.499286	 0.499182	 0.461170	 0.380166	 0.475119	 0.499195	 0.272913	 0.499170	-0.362998	 0.357545
 0.001778	 0.486416	 0.499286	 0.499184	 0.461170	 0.379426	 0.486801	 0.499201	 0.385712	 0.499170	-0.363021	 0.357545
 0.250290	 0.486416	 0.499286	 0.499185	 0.461170	 0.379056	 0.492641	 0.499204	 0.442111	 0.499170	-0.363032	 0.357545
-0.125454	 0.486416	 0.499286	 0.499185	 0.461170	 0.378871	 0.495562	 0.499205	-0.029689	 0.499170	-0.363038	 0.857545
-0.312324	 0.486416	 0.499286	 0.499185	 0.461170	 0.378778	 0.497022	 0.499206	-0.264586	 0.499170	-0.363041	 1.104830
 0.094242	 0.486416	 0.499286	 0.499185	 0.461170	 0.378732	 0.497752	 0.499206	-0.382035	 0.499170	-0.363042	 0.725768
 0.296523	 0.486416	 0.499286	 0.499185	 0.461170	 0.378709	 0.498117	 0.499206	-0.440759	 0.499170	-0.363043	 0.536237
 0.397663	 0.486416	 0.499286	 0.499185	 0.461170	 0.378697	 0.498300	 0.499206	-0.470121	 0.499170	-0.363043	 0.441472
-0.051767	 0.486416	 0.499286	 0.499185	 0.461170	 0.378691	 0.498391	 0.499206	-0.484802	 0.499170	-0.363043	 0.394089
-0.275479	 0.486416	 0.499286	 0.499185	 0.461170	 0.378688	 0.498437	 0.499206	-0.492143	 0.499170	-0.363044	 0.370398
-0.387335	 0.486416	 0.499286	 0.499185	 0.461170	 0.378687	 0.498459	 0.499206	 0.004187	 0.499170	-0.363044	 0.358552
-0.443263	 0.486416	 0.499286	 0.499185	 0.461170	 0.378686	 0.498471	 0.499206	 0.251351	 0.499170	-0.363044	 0.352629
 0.028773	 0.486416	 0.499286	 0.499185	 0.461170	-0.121314	-0.501523	-0.000794	 0.374933	 0.499170	-0.363044	 0.349668
 0.263789	 0.486416	 0.499286	 0.499185	 0.461170	-0.370072	-0.998518	-0.249792	 0.436724	 0.499170	-0.363044	 0.348187
 0.381297	 0.486416	 0.499286	 0.499185	 0.461170	 0.006787	-0.244024	 0.125709	 0.467619	 0.499170	-0.363044	 0.347447
 0.440051	 0.486416	 0.499286	 0.499185	 0.461170	 0.195217	 0.132202	 0.312457	 0.483067	 0.499170	-0.363044	 0.347077
 0.469428	 0.486416	 0.499286	 0.499185	 0.461170	 0.289431	 0.319299	 0.405831	 0.490791	 0.499170	-0.363044	 0.346892
-0.015883	 0.486416	 0.499286	 0.499185	 0.461170	 0.336539	 0.411834	 0.452518	-0.005347	 0.499170	-0.363044	 0.346799
-0.257537	 0.486416	 0.499286	 0.499185	 0.461170	 0.360092	 0.457093	 0.475861	-0.252413	 0.499170	-0.363044	 0.346753
 0.121637	 0.486416	 0.499286	-0.000815	 0.461170	 0.371869	 0.478718	 0.487533	-0.375946	 0.499170	-0.363044	 0.346730
 0.310222	 0.486416	 0.499286	-0.249813	 0.461170	 0.377758	 0.488529	 0.493369	-0.437713	 0.499170	-0.363044	 0.346718
 0.404514	 0.486416	 0.499286	 0.125688	 0.461170	 0.380702	 0.493435	 0.496287	 0.031404	 0.499170	-0.363044	 0.346712
 0.451661	 0.486416	 0.499286	 0.312436	 0.461170	 0.382174	 0.495888	 0.497746	 0.264961	 0.499170	-0.363044	 0.346709
 0.475234	 0.486416	 0.499286	 0.405810	 0.461170	 0.382910	 0.497114	-0.001525	-0.118260	 0.499170	-0.363044	 0.346708
 0.487020	 0.486416	 0.499286	 0.452497	 0.461170	 0.383278	 0.497728	-0.250158	-0.308868	 0.499170	-0.363044	 0.346707
 0.492914	 0.486416	 0.499286	 0.475840	 0.461170	 0.383462	 0.498034	-0.374475	-0.404172	 0.499170	-0.363044	 0.346707
 0.495860	 0.486416	 0.499286	 0.487512	 0.461170	 0.383554	 0.498188	 0.063366	 0.048176	 0.499170	 0.136956	 0.346707
 0.497333	 0.486416	 0.499286	 0.493348	 0.461170	 0.383600	 0.498264	 0.281285	 0.273349	 0.499170	 0.385682	 0.346707
 0.498070	 0.486416	 0.499286	 0.496266	 0.461170	 0.383623	 0.498303	 0.390244	-0.114064	 0.499170	 0.508777	 0.346707
 0.498438	 0.486416	 0.499286	 0.497725	 0.461170	 0.383634	 0.498322	 0.444723	-0.306768	 0.499170	 0.569060	 0.346707
-0.001377	 0.486416	 0.499286	 0.498454	 0.461170	 0.383640	 0.498331	 0.471963	-0.403120	 0.499170	 0.097943	 0.346707
-0.250283	 0.486416	 0.499286	 0.498819	 0.461170	 0.383643	 0.498336	 0.485583	-0.451296	 0.499170	-0.137615	 0.346707
-0.374736	 0.486416	 0.499286	 0.499001	 0.461170	 0.383645	 0.498339	-0.007607	-0.475384	 0.499170	-0.255395	 0.346707
-0.436962	 0.486416	 0.499286	 0.499093	 0.461170	 0.383645	 0.498340	-0.253200	-0.487428	 0.499170	-0.314284	 0.346707
-0.468075	 0.486416	 0.499286	 0.499138	 0.461170	 0.383646	 0.498340	-0.375997	-0.493450	 0.499170	-0.343729	 0.346707
 0.016368	 0.486416	 0.499286	-0.000839	 0.461170	 0.383646	 0.498341	 0.062605	-0.996461	 0.499170	 0.141548	 0.346707
 0.257588	 0.486416	 0.499286	-0.249826	 0.461170	 0.383646	 0.498341	 0.280903	-1.244967	 0.499170	 0.382934	 0.346707
-0.121802	 0.486416	 0.499286	 0.125681	 0.461170	 0.383646	 0.498341	 0.390052	-0.866234	 0.499170	 0.002378	 0.346707
-0.310494	 0.486416	 0.499286	 0.312431	 0.461170	 0.383646	 0.498341	 0.444627	-0.676867	 0.499170	-0.187900	 0.346707
-0.404841	 0.486416	 0.499286	-0.094193	 0.461170	 0.383646	 0.498341	 0.471914	-0.582183	 0.499170	 0.216960	 0.346707
-0.452014	 0.486416	 0.499286	-0.296504	 0.461170	 0.383646	 0.498341	 0.485558	-0.534842	 0.499170	 0.418147	 0.346707
 0.024400	 0.486416	 0.499286	 0.102341	 0.461170	 0.383646	 0.498341	 0.492380	-0.011171	 0.499170	 0.017502	 0.346707
 0.261605	 0.486416	 0.499286	 0.300761	 0.461170	 0.383646	 0.498341	 0.495790	 0.249640	 0.499170	-0.182821	 0.346707
 0.380207	 0.486416	 0.499286	 0.399971	 0.461170	 0.383646	 0.498341	 0.497496	 0.379024	 0.499170	-0.282982	 0.346707
 0.439509	 0.486416	 0.499286	-0.050424	 0.461170	 0.383646	 0.498341	 0.498349	 0.442699	 0.499170	-0.333062	 0.346707
 0.469159	 0.486416	 0.499286	-0.274620	 0.461170	 0.383646	 0.498341	 0.498775	 0.473524	 0.499170	-0.358103	 0.346707
 0.483985	 0.486416	 0.499286	 0.113282	 0.461170	 0.383646	-0.501659	 0.498988	 0.487928	 0.499170	-0.370623	 0.346707
 0.491397	 0.486416	 0.499286	 0.306231	 0.461170	 0.383646	-0.998656	 0.499095	 0.494125	 0.499170	-0.376883	 0.346707
-0.004896	 0.486416	 0.499286	 0.402705	 0.461170	 0.383646	-0.244163	 0.499148	 0.496223	 0.499170	-0.380013	 0.346707
-0.252041	 0.486416	 0.499286	 0.450942	 0.461170	 0.383646	 0.132063	 0.499175	 0.497272	 0.499170	-0.381578	 0.346707
 0.124387	 0.486416	 0.499286	-0.024939	 0.461170	 0.383646	 0.319159	 0.499188	-0.002203	 0.499170	 0.117639	 0.346707
 0.311599	 0.486416	 0.499286	-0.261878	 0.461170	 0.383646	 0.411695	 0.499195	-0.250938	 0.499170	 0.366014	 0.346707
-0.094795	 0.486416	 0.499286	 0.119652	 0.461170	 0.383646	 0.456954	 0.499198	-0.375305	 0.499170	-0.011027	 0.346707
-0.296989	 0.486416	 0.499286	 0.309415	 0.461170	 0.383646	 0.478580	 0.499200	-0.437489	 0.499170	-0.199547	 0.346707
-0.398087	 0.486416	 0.499286	 0.404296	 0.461170	 0.383646	 0.488392	 0.499201	-0.468580	 0.499170	-0.293808	 0.346707
 0.051365	 0.486416	 0.499286	 0.451737	 0.461170	 0.383646	 0.493298	 0.499201	 0.015874	 0.499170	-0.340938	 0.346707
 0.275089	 0.486416	 0.499286	 0.475458	 0.461170	 0.383646	 0.495751	 0.499201	 0.257100	 0.499170	-0.364503	 0.346707
 0.386951	 0.486416	 0.499286	-0.012682	 0.461170	 0.383646	 0.496978	 0.499201	 0.377713	 0.499170	-0.376286	 0.346707
 0.442882	 0.486416	 0.499286	-0.255751	 0.461170	 0.383646	 0.497591	 0.499201	 0.438020	 0.499170	-0.382177	 0.346707
-0.029153	 0.486416	 0.499286	-0.377285	 0.461170	 0.383646	 0.497897	 0.499201	 0.468173	 0.499170	-0.385122	 0.346707
-0.264168	 0.486416	 0.499286	-0.438052	 0.461170	 0.383646	 0.498051	 0.499201	 0.483250	 0.499170	-0.386595	 0.346707
 0.118325	 0.486416	 0.499286	 0.031565	 0.461170	 0.383646	 0.498127	 0.499201	 0.490788	 0.499170	-0.387332	 0.346707
 0.308570	 0.486416	 0.499286	 0.265371	 0.461170	 0.383646	 0.498166	 0.499201	 0.494557	 0.499170	-0.387700	 0.346707
 0.403692	 0.486416	 0.499286	 0.382274	 0.461170	 0.383646	 0.498185	 0.499201	 0.496442	 0.499170	-0.387884	 0.346707
-0.048747	 0.486416	 0.499286	 0.440725	 0.461170	 0.383646	 0.498194	 0.499201	-0.002616	 0.499170	-0.387976	 0.346707
-0.273964	 0.486416	 0.499286	 0.469951	 0.461170	 0.383646	 0.498199	 0.499201	-0.251141	 0.499170	-0.388022	 0.346707
 0.113428	 0.486416	 0.499286	 0.484564	 0.461170	 0.383646	 0.498202	-0.000799	-0.375404	 0.499170	-0.388045	 0.346707
 0.306122	 0.486416	 0.499286	 0.491870	 0.461170	 0.383646	 0.498203	-0.249797	-0.437535	 0.499170	-0.388057	 0.346707
-0.097531	 0.486416	 0.499286	 0.495523	 0.461170	 0.383646	 0.498203	 0.125704	 0.031399	 0.499170	-0.388062	 0.346707
-0.298355	 0.486416	 0.499286	 0.497350	 0.461170	 0.383646	 0.498204	 0.312452	 0.264865	 0.499170	-0.388065	 0.346707
 0.101233	 0.486416	 0.499286	 0.498263	 0.461170	 0.383646	 0.498204	 0.405826	-0.118401	 0.499170	-0.388067	 0.346707
 0.300025	 0.486416	 0.499286	 0.498720	 0.461170	 0.383646	 0.498204	 0.452513	-0.309031	 0.499170	-0.388067	 0.346707
 0.399421	 0.486416	 0.499286	 0.498948	 0.461170	 0.383646	 0.498204	 0.475856	-0.404346	 0.499170	-0.388068	 0.346707
 0.449119	 0.486416	 0.499286	 0.499062	 0.461170	 0.383646	 0.498204	 0.487528	 0.047996	 0.499170	-0.388068	 0.346707
 0.473968	 0.486416	 0.499286	 0.499119	 0.461170	 0.383646	 0.498204	 0.493364	 0.273167	 0.499170	-0.388068	 0.346707
-0.013607	 0.486416	 0.499286	-0.000852	 0.461170	 0.383646	 0.498204	 0.496282	-0.114248	 0.499170	-0.388068	 0.346707
-0.256393	 0.486416	 0.499286	-0.249836	 0.461170	 0.383646	 0.498204	 0.497741	-0.306952	 0.499170	-0.388068	 0.346707
 0.122215	 0.486416	 0.499286	 0.125672	 0.461170	 0.383646	 0.498204	 0.498470	-0.403304	 0.499170	-0.388068	 0.346707
 0.310517	 0.486416	 0.499286	 0.312423	 0.461170	 0.383646	 0.498204	 0.498835	-0.451480	 0.499170	-0.388068	 0.346707
-0.095332	 0.486416	 0.499286	 0.405799	 0.461170	 0.383646	-0.001796	 0.499017	-0.475568	 0.499170	-0.388068	 0.346707
-0.297254	 0.486416	 0.499286	 0.452487	 0.461170	 0.383646	-0.250792	 0.499109	-0.487612	 0.499170	-0.388068	 0.346707
-0.398216	 0.486416	 0.499286	 0.475831	 0.461170	 0.383646	-0.375291	 0.499154	-0.493634	 0.499170	-0.388068	 0.346707
 0.051304	 0.486416	 0.499286	 0.487503	 0.461170	 0.383646	 0.062460	 0.499177	-0.496645	 0.499170	-0.388068	 0.346707
 0.275062	 0.486416	 0.499286	 0.493339	 0.461170	 0.383646	 0.280335	 0.499188	-0.498151	 0.499170	-0.388068	 0.346707
-0.113059	 0.486416	 0.499286	 0.496257	 0.461170	 0.383646	 0.389273	 0.499194	-0.498903	 0.499170	-0.388068	 0.346707
-0.306117	 0.486416	 0.499286	 0.497716	 0.461170	 0.383646	 0.443742	 0.499197	-0.499280	 0.499170	-0.388068	 0.346707
-0.402646	 0.486416	 0.499286	 0.498446	-0.038830	 0.383646	 0.470976	 0.499198	 0.000532	 0.499170	-0.388068	 0.346707
-0.450911	 0.486416	 0.499286	 0.498810	-0.287752	 0.383646	 0.484593	 0.499199	 0.249437	 0.499170	-0.388068	 0.346707
-0.475043	 0.486416	 0.499286	 0.498993	 0.088860	 0.383646	 0.491402	 0.499199	-0.126110	 0.499170	-0.388068	 0.346707
-0.487109	 0.486416	 0.499286	 0.499084	 0.277166	 0.383646	 0.494806	 0.499200	-0.312881	 0.499170	-0.388068	 0.346707
-0.493142	 0.486416	 0.499286	 0.499129	 0.371319	 0.383646	 0.496508	 0.499200	-0.406266	 0.499170	-0.388068	 0.346707
 0.003841	 0.486416	 0.499286	 0.499152	 0.418396	 0.383646	 0.497359	 0.499200	-0.452958	 0.499170	-0.388068	 0.346707
 0.251331	 0.486416	 0.499286	 0.499164	 0.441934	 0.383646	 0.497785	 0.499200	-0.476305	 0.499170	-0.388068	 0.346707
 0.375076	 0.486416	 0.499286	-0.000831	-0.046297	 0.383646	 0.497998	 0.499200	 0.012022	 0.499170	 0.111932	 0.346707
 0.436949	 0.486416	 0.499286	-0.249826	-0.289343	 0.383646	 0.498104	 0.499200	 0.255185	 0.499170	 0.360708	 0.346707
-0.032115	 0.486416	 0.499286	 0.125676	 0.090198	 0.383646	 0.498157	 0.499200	 0.376766	 0.499170	-0.016123	 0.346707
-0.265644	 0.486416	 0.499286	 0.312425	 0.279969	 0.383646	 0.498184	 0.499200	 0.437557	 0.499170	-0.204538	 0.346707
 0.117591	 0.486416	 0.499286	 0.405799	 0.374855	 0.383646	 0.498197	 0.499200	 0.467952	 0.499170	-0.298746	 0.346707
 0.308207	 0.486416	 0.499286	 0.452486	 0.422297	 0.383646	 0.498204	 0.499200	 0.483150	 0.499170	-0.345850	 0.346707
 0.403515	 0.486416	 0.499286	 0.475830	 0.446019	 0.383646	 0.498207	 0.499200	 0.490749	 0.499170	-0.369402	 0.346707
-0.048831	 0.486416	 0.499286	 0.487502	 0.457879	 0.383646	 0.498209	 0.499200	-0.005452	 0.499170	-0.381178	 0.346707
-0.274002	 0.486416	 0.499286	 0.493338	 0.463810	 0.383646	 0.498210	 0.499200	-0.252549	 0.499170	-0.387066	 0.346707
-0.386587	 0.486416	 0.499286	 0.496256	 0.466775	 0.383646	-0.001790	 0.499200	 0.123903	 0.499170	-0.390010	 0.346707
-0.442880	 0.486416	 0.499286	 0.497715	 0.468257	 0.383646	-0.250786	 0.499200	 0.311128	 0.499170	-0.391482	 0.346707
 0.028974	 0.486416	 0.499286	 0.498444	 0.468999	 0.383646	 0.124716	 0.499200	-0.095260	 0.499170	-0.392218	 0.346707
 0.263899	 0.486416	 0.499286	 0.498809	 0.469369	 0.383646	 0.311466	 0.499200	-0.297450	 0.499170	-0.392586	 0.346707
-0.118638	 0.486416	 0.499286	 0.498991	 0.469555	 0.383646	 0.404841	 0.499200	-0.398545	 0.499170	-0.392770	 0.846707
-0.308905	 0.486416	 0.499286	 0.499082	 0.469647	 0.383646	 0.451529	 0.499200	-0.449093	 0.499170	-0.392862	 1.094013
-0.404038	 0.486416	 0.499286	 0.499128	 0.469694	 0.383646	 0.474873	 0.499200	-0.474367	 0.499170	-0.392908	 1.214984
-0.451604	 0.486416	 0.499286	 0.499151	 0.469717	 0.383646	-0.013455	 0.499200	 0.012996	 0.499170	 0.107069	 0.772797
-0.475388	 0.486416	 0.499286	 0.499162	 0.469728	 0.383646	-0.256616	 0.499200	 0.255677	 0.499170	 0.355844	 0.551704
 0.012721	 0.486416	 0.499286	-0.000832	 0.469734	 0.383646	 0.121804	 0.499200	-0.122982	 0.499170	-0.020978	 0.441157
 0.255773	 0.486416	 0.499286	-0.249828	 0.469737	 0.383646	 0.310013	 0.499200	-0.311309	 0.499170	-0.209389	 0.385884
 0.377299	 0.486416	 0.499286	 0.125675	 0.469739	 0.383646	 0.404118	 0.499200	 0.094528	 0.499170	-0.303595	 0.358247
 0.438063	 0.486416	 0.499286	 0.312423	 0.469739	 0.383646	 0.451171	 0.499200	 0.296446	 0.499170	-0.350698	 0.344429
-0.031556	 0.486416	 0.499286	 0.405798	 0.469740	 0.383646	-0.025303	 0.499200	-0.102596	 0.499170	-0.374249	 0.337520
-0.265363	 0.486416	 0.499286	 0.452485	 0.469740	 0.383646	-0.262537	 0.499200	-0.301113	 0.499170	-0.386025	 0.334065
-0.382266	 0.486416	 0.499286	 0.475829	 0.469740	 0.383646	-0.381153	 0.499200	-0.400372	 0.499170	-0.391913	 0.332338
 0.059282	 0.486416	 0.499286	 0.487500	 0.469740	 0.383646	-0.940462	 0.499200	 0.049999	 0.499170	-0.394857	 0.331474
 0.279055	 0.486416	 0.499286	 0.493336	 0.469740	 0.383646	-1.217116	 0.499200	 0.274184	 0.499170	-0.396328	 0.331042
 0.388941	 0.486416	 0.499286	 0.496254	 0.469740	 0.383646	-0.352456	 0.499200	-0.113724	 0.499170	-0.397064	 0.330827
 0.443884	 0.486416	 0.499286	 0.497713	 0.469740	 0.383646	 0.078850	 0.499200	-0.306675	 0.499170	-0.397432	 0.330719
-0.028644	 0.486416	 0.499286	 0.498443	 0.469740	 0.383646	 0.293482	 0.499200	-0.403150	 0.499170	-0.397616	 0.330665
-0.263906	 0.486416	 0.499286	 0.498808	 0.469740	 0.383646	 0.399782	 0.499200	-0.451388	 0.499170	-0.397708	 0.330638
-0.381537	 0.486416	 0.499286	-0.001010	 0.469740	 0.383646	-0.048080	 0.499200	-0.475506	 0.499170	-0.397754	 0.330624
-0.440353	 0.486416	 0.499286	-0.249917	 0.469740	 0.383646	-0.272011	 0.499200	-0.487566	 0.499170	-0.397777	 0.330617
-0.469760	 0.486416	 0.499286	-0.374371	 0.469740	 0.383646	-0.383977	 0.499200	-0.493596	 0.499170	-0.397789	 0.330614
-0.484464	 0.486416	 0.499286	-0.436598	 0.469740	 0.383646	 0.060041	 0.499200	 0.003390	 0.499170	-0.397795	 0.330612
-0.491816	 0.486416	 0.499286	-0.467711	 0.469740	 0.383646	 0.281041	 0.499200	 0.250881	 0.499170	-0.397798	 0.330612
 0.004508	 0.486416	 0.499286	 0.016732	-0.030260	 0.383646	 0.390537	 0.499200	-0.125373	 0.499170	-0.397799	 0.330611
 0.251668	 0.486416	 0.499286	 0.257952	-0.279200	 0.383646	 0.444285	 0.499200	-0.312496	 0.499170	-0.397800	 0.330611
 0.375248	 0.486416	-0.000714	 0.378561	 0.097387	 0.383646	 0.471159	 0.499200	 0.093942	 0.499170	-0.397800	 0.330611
 0.437038	 0.486416	-0.249713	 0.438866	 0.285680	 0.383646	 0.484596	 0.499200	 0.296160	 0.499170	-0.397800	 0.330611
-0.032067	 0.486416	 0.125788	 0.469018	 0.379827	 0.383646	 0.491315	 0.499200	-0.102731	 0.499170	-0.397800	 0.330611
-0.265617	 0.486416	 0.312536	 0.484095	 0.426900	 0.383646	 0.494674	 0.499200	-0.301173	 0.499170	-0.397800	 0.330611
-0.382392	 0.486416	 0.405910	 0.491633	 0.450437	 0.383646	 0.496354	 0.499200	-0.400394	 0.499170	-0.397800	 0.330611
 0.059221	 0.486416	 0.452597	 0.495402	 0.462205	 0.383646	 0.497194	 0.499200	 0.049995	 0.499170	-0.397800	 0.330611
 0.279025	 0.486416	 0.475940	 0.497286	 0.468089	 0.383646	 0.497614	 0.499200	 0.274189	 0.499170	-0.397800	 0.330611
 0.388928	 0.486416	 0.487612	 0.498229	 0.471031	 0.383646	 0.497823	 0.499200	 0.386286	 0.499170	-0.397800	 0.330611
 0.443879	 0.486416	 0.493448	 0.498700	 0.472503	 0.383646	 0.497928	 0.499200	 0.442335	 0.499170	-0.397800	 0.330611
 0.471354	 0.486416	 0.496366	 0.498935	 0.473238	 0.383646	 0.497981	 0.499200	-0.029641	 0.499170	-0.397800	 0.330611
 0.485092	 0.486416	 0.497825	 0.499053	 0.473606	 0.383646	 0.498007	 0.499200	-0.264626	 0.499170	-0.397800	 0.330611
 0.491961	 0.486416	 0.498554	 0.499112	 0.473790	 0.383646	 0.498020	 0.499200	 0.117882	 0.499170	-0.397800	 0.330611
 0.495395	 0.486416	 0.498919	 0.499141	 0.473882	 0.383646	 0.498027	 0.499200	 0.308135	 0.499170	-0.397800	 0.330611
 0.497113	 0.486416	-0.000899	 0.499156	 0.473928	 0.383646	 0.498030	-0.000800	 0.403262	 0.499170	 0.102200	 0.330611
 0.497971	 0.486416	-0.249806	 0.499164	 0.473951	 0.383646	 0.498032	-0.249799	 0.450825	 0.499170	 0.350995	 0.330611
 0.498401	 0.486416	-0.374260	 0.499167	 0.473962	 0.383646	 0.498033	-0.374298	 0.474606	 0.499170	 0.474193	 0.330611
 0.498615	 0.486416	 0.063513	 0.499169	 0.473968	 0.883646	 0.498033	 0.063453	 0.486497	 0.499170	 0.534598	 0.330611
 0.498722	 0.486416	 0.281397	 0.499170	 0.473971	 1.130879	 0.498033	 0.281325	 0.492443	 0.499170	 0.563610	 0.330611
-0.001224	 0.486416	 0.390339	 0.499170	 0.473972	 0.751739	 0.498033	 0.390262	-0.004585	 0.499170	 0.576931	 0.330611
-0.250195	 0.486416	 0.444810	 0.499171	 0.473973	 0.562169	 0.498033	 0.444730	-0.252095	 0.499170	 0.582411	 0.330611
-0.374680	 0.486416	 0.472046	 0.499171	 0.473973	 0.467384	 0.498033	 0.471964	-0.375850	 0.499170	 0.083975	 0.830611
-0.436923	 0.486416	 0.485664	 0.499171	 0.473973	 0.419991	 0.498033	 0.485581	-0.437728	 0.499170	-0.165243	 1.077949
 0.031956	 0.486416	 0.492472	 0.499171	 0.473973	 0.396295	 0.498033	 0.492390	-0.468667	 0.499170	-0.289852	 0.698968
 0.265393	 0.486416	 0.495877	 0.499171	 0.473974	 0.384447	 0.498033	 0.495794	-0.484136	 0.499170	-0.352157	 0.509478
 0.382112	 0.486416	 0.497579	 0.499171	 0.473974	 0.378523	 0.498033	 0.497496	-0.491871	 0.499170	-0.383309	 0.414732
-0.059528	 0.486416	 0.498430	 0.499171	 0.473974	 0.375561	 0.498033	 0.498347	-0.495738	 0.499170	-0.398885	 0.367360
-0.279346	 0.486416	 0.498856	 0.499171	 0.473974	 0.374080	 0.498033	 0.498773	-0.497672	 0.499170	-0.406673	 0.343673
-0.389255	 0.486416	 0.499069	 0.499171	 0.473974	 0.373339	 0.498033	 0.498985	 0.001361	 0.499170	-0.410567	 0.331830
-0.444210	 0.486416	 0.499175	 0.499171	 0.473974	 0.372969	 0.498033	 0.499092	 0.249877	 0.499170	-0.412514	 0.325909
 0.028313	 0.486416	 0.499228	 0.499171	 0.473974	 0.372784	 0.498033	 0.499145	 0.374135	 0.499170	-0.413488	 0.322948
 0.263573	 0.486416	 0.499255	 0.499171	 0.473974	 0.372691	 0.498033	 0.499172	 0.436264	 0.499170	-0.413974	 0.321467
-0.118797	 0.486416	 0.499268	-0.000829	 0.473974	 0.372645	-0.001967	 0.499185	 0.467328	 0.499170	-0.414218	 0.320727
-0.308980	 0.486416	 0.499275	-0.249827	 0.473974	 0.372622	-0.250963	 0.499192	 0.482861	 0.499170	-0.414339	 0.320357
-0.404071	 0.486416	 0.499278	-0.374327	 0.473974	 0.372610	-0.375461	 0.499195	 0.490627	 0.499170	-0.414400	 0.320172
-0.451617	 0.486416	 0.499280	 0.063424	 0.473974	 0.372605	 0.062290	 0.499197	-0.005490	 0.499170	-0.414431	 0.320080
-0.475390	 0.486416	 0.499281	 0.281297	 0.473974	 0.372602	 0.280166	 0.499197	-0.252545	 0.499170	-0.414446	 0.320033
 0.012724	 0.486416	 0.499281	 0.390233	 0.473974	 0.372600	 0.389103	 0.499198	-0.376073	 0.499170	-0.414453	 0.320010
 0.255779	 0.486416	 0.499281	 0.444701	 0.473974	 0.372600	 0.443572	 0.499198	-0.437837	 0.499170	-0.414457	 0.319999
 0.377306	 0.486416	 0.499281	 0.471935	 0.473974	 0.372599	 0.470807	-0.000802	-0.468719	 0.499170	-0.414459	 0.319993
 0.438070	 0.486416	 0.499281	 0.485552	 0.473974	 0.372599	 0.484424	-0.249800	-0.484160	 0.499170	-0.414460	 0.319990
 0.468452	 0.486416	 0.499281	 0.492361	 0.473974	 0.372599	 0.491233	 0.125701	-0.491880	 0.499170	-0.414461	 0.319989
 0.483643	 0.486416	 0.499281	 0.495765	 0.473974	 0.372599	 0.494637	 0.312449	-0.495740	 0.499170	-0.414461	 0.319988
 0.491238	 0.486416	 0.499281	 0.497467	 0.473974	 0.372599	 0.496339	 0.405823	-0.497670	 0.499170	-0.414461	 0.319987
 0.495036	 0.486416	 0.499281	 0.498318	 0.473974	 0.372599	-0.002810	 0.452510	 0.001364	 0.499170	-0.414461	 0.319987
 0.496935	 0.486416	 0.499281	 0.498744	 0.473974	 0.372599	-0.251380	 0.475853	 0.249881	 0.499170	-0.414461	 0.319987
-0.002116	 0.486416	 0.499281	 0.498957	 0.473974	 0.372599	-0.375666	 0.487525	 0.374139	 0.499170	-0.414461	 0.319987
-0.250639	 0.486416	 0.499281	 0.499063	 0.473974	 0.372599	-0.437808	 0.493361	 0.436269	 0.499170	-0.414461	 0.319987
-0.374900	 0.486416	 0.499281	-0.000884	 0.473974	 0.372599	 0.031120	 0.496279	-0.032667	 0.499170	-0.414461	 0.319987
-0.437031	 0.486416	 0.499281	-0.249855	 0.473974	 0.372599	 0.264585	 0.497738	-0.266131	 0.499170	-0.414461	 0.319987
 0.031904	 0.486416	 0.499281	 0.125659	-0.026026	 0.372599	 0.381317	 0.498467	-0.382864	 0.499170	-0.414461	 0.319987
 0.265369	 0.486416	 0.499281	 0.312413	-0.274974	 0.372599	 0.439683	 0.498832	-0.441230	 0.499170	-0.414461	 0.319987
 0.382102	 0.486416	 0.499281	 0.405791	-0.398401	 0.372599	 0.468866	 0.499014	-0.470413	 0.499170	-0.414461	 0.319987
-0.059531	 0.486416	 0.499281	 0.452479	 0.040930	 0.372599	 0.483457	 0.499105	-0.485004	 0.499170	-0.414461	 0.319987
-0.279346	 0.486416	 0.499281	 0.475824	 0.260595	 0.372599	 0.490753	 0.499151	-0.492300	 0.499170	-0.414461	 0.319987
-0.389253	 0.486416	 0.499281	 0.487496	 0.370428	 0.372599	 0.494401	 0.499174	-0.495948	 0.499170	-0.414461	 0.319987
-0.444207	 0.486416	 0.499281	 0.493332	 0.425344	 0.372599	 0.496225	 0.499185	-0.497772	 0.499170	-0.414461	 0.319987
 0.028317	 0.486416	 0.499281	 0.496250	 0.452803	 0.372599	 0.497137	-0.000809	-0.498684	 0.499170	-0.414461	 0.319987
 0.263576	 0.486416	 0.499281	 0.497709	 0.466532	 0.372599	 0.497593	-0.249805	-0.499140	 0.499170	-0.414461	 0.319987
-0.118794	 0.486416	 0.499281	 0.498439	 0.473396	 0.372599	 0.497821	 0.125698	 0.000632	 0.499170	-0.414461	 0.319987
-0.308976	 0.486416	 0.499281	 0.498803	 0.476828	 0.372599	 0.497935	 0.312446	 0.249517	 0.499170	-0.414461	 0.319987
-0.404068	 0.486416	 0.499281	 0.498986	 0.478545	 0.372599	 0.497992	 0.405821	 0.373960	 0.499170	-0.414461	 0.319987
-0.451613	 0.486416	 0.499281	 0.499077	 0.479403	 0.372599	 0.498020	 0.452508	-0.063819	 0.499170	-0.414461	 0.319987
-0.475386	 0.486416	 0.499281	 0.499123	 0.479832	 0.372599	 0.498035	 0.475851	-0.281705	 0.499170	-0.414461	 0.319987
-0.487273	 0.486416	 0.499281	 0.499145	 0.480046	 0.372599	 0.498042	 0.487523	-0.390648	 0.499170	-0.414461	 0.319987
-0.493216	 0.486416	 0.499281	 0.499157	 0.480153	 0.372599	 0.498045	 0.493359	-0.445119	 0.499170	-0.414461	 0.319987
 0.003813	 0.486416	 0.499281	 0.499162	 0.480207	 0.372599	 0.498047	 0.496277	-1.472355	 0.499170	-0.414461	 0.319987
 0.251325	 0.486416	 0.499281	 0.499165	 0.480234	 0.372599	 0.498048	 0.497736	-1.980974	 0.499170	-0.414461	 0.319987
-0.124919	 0.486416	 0.499281	 0.499167	 0.480247	 0.372599	-0.001952	 0.498466	-0.730304	 0.499170	-0.414461	 0.319987
-0.312038	 0.486416	 0.499281	 0.499167	 0.480254	 0.372599	-0.250948	 0.498830	-0.106010	 0.499170	-0.414461	 0.319987
-0.405598	 0.486416	 0.499281	 0.499168	 0.480257	 0.372599	-0.375445	 0.499013	 0.205101	 0.499170	-0.414461	 0.319987
 0.047622	 0.486416	 0.499281	 0.499168	 0.480259	 0.372599	 0.062306	 0.499104	 0.359623	 0.499170	-0.414461	 0.319987
 0.273231	 0.486416	 0.499281	 0.499168	 0.480260	 0.372599	 0.280181	 0.499149	 0.435857	 0.499170	-0.414461	 0.319987
-0.113965	 0.486416	 0.499281	 0.499168	 0.480260	 0.372599	 0.389119	 0.499172	-0.027051	 0.499170	-0.414461	 0.319987
-0.306561	 0.486416	 0.499281	 0.499168	 0.480260	 0.372599	 0.443587	 0.499184	-0.258505	 0.499170	-0.414461	 0.319987
 0.097141	 0.486416	 0.499281	 0.499168	 0.480261	 0.372599	 0.470822	 0.499189	-0.374232	 0.499170	-0.414461	 0.319987
 0.297991	 0.486416	 0.499281	 0.499168	 0.480261	 0.372599	 0.484439	 0.499192	-0.432095	 0.499170	-0.414461	 0.319987
-0.101584	 0.486416	 0.499281	 0.499168	 0.480261	 0.372599	 0.491248	 0.499194	-0.461027	 0.499170	-0.414461	 0.319987
-0.300370	 0.486416	 0.499281	 0.499168	 0.480261	 0.372599	 0.494652	 0.499194	-0.475493	 0.499170	-0.414461	 0.319987
-0.399762	 0.486416	 0.499281	 0.499168	 0.480261	 0.372599	 0.496354	 0.499195	-0.482726	 0.499170	-0.414461	 0.319987
 0.050541	 0.486416	 0.499281	 0.499168	 0.480261	 0.372599	 0.497205	 0.499195	-0.486342	 0.499170	-0.414461	 0.319987
 0.274691	 0.486416	 0.499281	 0.499168	 0.480261	 0.372599	 0.497631	 0.499195	-0.488150	 0.499170	-0.414461	 0.319987
-0.113234	 0.486416	 0.499281	 0.499168	 0.480261	 0.372599	 0.497844	 0.499195	-0.489055	 0.499170	-0.414461	 0.319987
-0.306194	 0.486416	 0.499281	 0.499168	 0.480261	 0.372599	 0.497950	 0.499195	-0.489507	 0.499170	-0.414461	 0.319987
 0.097326	 0.486416	 0.499281	 0.499168	 0.480261	 0.372599	 0.498003	 0.499195	 0.010267	 0.499170	-0.414461	 0.319987
 0.298084	 0.486416	 0.499281	 0.499168	 0.480261	 0.372599	 0.498030	 0.499195	 0.259134	 0.499170	-0.414461	 0.319987
-0.101536	 0.486416	 0.499281	 0.499168	 0.480261	 0.372599	 0.498043	 0.499195	-0.117448	 0.499170	-0.414461	 0.319987
-0.300344	 0.486416	 0.499281	 0.499168	 0.480261	 0.372599	 0.498050	 0.499195	-0.305740	 0.499170	-0.414461	 0.319987
-0.399749	 0.486416	 0.499281	 0.499168	 0.480261	 0.372599	 0.498053	 0.499195	-0.399885	 0.499170	-0.414461	 0.319987
-0.449451	 0.486416	 0.499281	 0.499168	 0.480261	 0.372599	 0.498055	 0.499195	-0.446958	 0.499170	-0.414461	 0.319987
-0.474302	 0.486416	 0.499281	 0.499168	 0.480261	 0.372599	 0.498056	 0.499195	-0.470494	 0.499170	-0.414461	 0.319987
 0.013273	 0.486416	 0.499281	-0.000832	 0.480261	 0.372599	 0.498056	 0.499195	 0.017737	 0.499170	 0.085539	 0.319987
 0.256058	 0.486416	 0.499281	-0.249830	 0.480261	 0.372599	 0.498056	 0.499195	 0.260841	 0.499170	 0.334368	 0.319987
-0.122549	 0.486416	 0.499281	 0.125671	 0.480261	 0.372599	 0.498056	 0.499195	-0.118615	 0.499170	-0.042384	 0.319987
