-0.676853	-0.926126	 0.473524	 0.622120	 0.495319	 0.473162	-0.153204	 0.548330	 0.914763	-0.551509	-0.278434	 0.122459
-0.581982	-0.922422	 0.378803	 0.619860	 0.497151	 0.479045	-0.145519	 0.546137	 0.911287	-0.666291	-0.395773	 0.098773
-0.534546	-0.918732	 0.331442	 0.617494	-0.001933	 0.481987	-0.641677	 0.543952	 0.907733	-0.222120	 0.046584	 0.586929
-0.510829	-0.915057	 0.307761	 0.615081	-0.250472	 0.483458	-0.887480	 0.541777	 0.904148	-0.000035	 0.267763	 0.828857
-0.498970	-0.911397	 0.295921	 0.612650	-0.374742	 0.484193	-0.508115	 0.539609	 0.900554	-0.388992	 0.378352	 0.447680
-0.493040	-0.907752	 0.290001	 0.610213	-0.436877	 0.484561	-0.318433	 0.537451	 0.896963	-0.581915	 0.433647	 0.257091
-0.490075	-0.904121	 0.787041	 0.607780	-0.467945	 0.484745	-0.223592	 0.535301	 0.893381	-0.676826	 0.461294	 0.661797
-0.488593	-0.900504	 1.032993	 0.605352	-0.483479	 0.484837	-0.176171	 0.533160	 0.889811	-0.722739	 0.475117	 0.862017
-0.487852	-0.896902	 1.153411	 0.602932	-0.491246	 0.984883	-0.152461	 1.031027	 0.886253	-0.744158	-0.017971	 0.460002
-0.487481	-0.893314	 1.211072	 0.600522	-0.495129	 1.231936	-0.140606	 1.276903	 0.882708	-0.753336	-0.263493	 0.258995
-0.487296	-0.889741	 1.237365	 0.598120	-0.497071	 1.352505	-0.134678	 1.396796	 0.879178	-0.756400	-0.385236	 0.158491
-0.487203	-0.886182	 1.247985	 0.595728	-0.498042	 0.909843	-0.131714	 0.953708	 0.875661	-0.256413	 0.054907	 0.108239
-0.487157	-0.882637	 1.250777	 0.593345	-0.498527	 0.688512	-0.130232	 0.731144	 0.872159	-0.006420	 0.274978	 0.083113
-0.987134	-0.879107	 0.749666	 0.090972	 0.001230	 0.577846	-0.129491	 0.618844	 0.868670	-0.381423	 0.385014	 0.570550
-1.234148	-0.875590	 0.499111	-0.160215	 0.250107	 0.522514	-0.129121	 0.561681	 0.865196	-0.567412	 0.440032	 0.812153
-1.354693	-0.872088	 0.373833	 0.214192	 0.374545	 0.494847	-0.128936	 0.532091	 0.861735	-0.658899	-0.032460	 0.930847
-1.412015	-0.868600	 0.311194	 0.400218	 0.436764	 0.481014	-0.128843	 0.516290	 0.858288	-0.703142	-0.267695	 0.988094
-0.937737	-0.865125	 0.279875	 0.492058	-0.032126	 0.474098	-0.128797	 0.507389	 0.854855	-0.723769	 0.115693	 1.014628
-0.700598	-0.861665	 0.264215	 0.536811	-0.265569	 0.470639	-0.128774	 0.502939	 0.851435	-0.732594	 0.307387	 1.025812
-0.582029	-0.858218	 0.256385	 0.558024	-0.382291	 0.468910	-0.128762	 0.500714	 0.848030	-0.735523	 0.403234	 1.029330
-0.522744	-0.854785	 0.752470	 0.567472	 0.059349	 0.468046	-0.128756	 0.499601	 0.844638	-0.735511	 0.451157	 0.529023
-0.493102	-0.851366	 0.998016	 0.571042	 0.279166	 0.467613	-0.128753	 0.499045	 0.841259	-0.734034	 0.475119	 0.278870
-0.478280	-0.847961	 0.618301	 0.571678	 0.389075	 0.467397	-0.128752	 0.498766	 0.837894	-0.731830	 0.487100	 0.653794
-0.470870	-0.844569	 0.428444	 0.570851	 0.444029	 0.467289	-0.128751	 0.498627	 0.834542	-0.729269	 0.493090	 0.839198
-0.467165	-0.841191	 0.833515	 0.069298	-0.528493	 0.467235	-0.128751	 0.498558	 0.831204	-0.226535	 0.496086	 0.429851
-0.465312	-0.837826	 1.033574	-0.181479	-1.011753	 0.467208	-0.128751	 0.498523	 0.827879	 0.024832	 0.497583	 0.225177
-0.464386	-0.834475	 0.631136	 0.193133	-0.750392	 0.467194	-0.128751	 0.498506	 0.824568	 0.150515	 0.498332	 0.122840
-0.463922	-0.831137	 0.429917	 0.379303	-0.619712	 0.467188	-0.128751	 0.498497	 0.821270	 0.213357	 0.498706	 0.071672
-0.463691	-0.827812	 0.329308	 0.471258	-0.554372	 0.467184	-0.128751	 0.498493	 0.817984	 0.244778	-0.001106	 0.546088
-0.463575	-0.824501	 0.279003	 0.516108	-0.521702	 0.467183	-0.128751	 0.498490	 0.814713	 0.260488	-0.250011	 0.781255
-0.463517	-0.821203	 0.253850	 0.537412	-0.505367	 0.467182	-0.128751	 0.498489	 0.811454	 0.268344	-0.374463	 0.896805
-0.463488	-0.817918	 0.741274	 0.546946	 0.002800	 0.467181	-0.128751	 0.498489	 0.808208	 0.272271	-0.436689	 0.952556
-0.463474	-0.814646	 0.982529	 0.550600	 0.255862	 0.467181	-0.128751	 0.498489	 0.804975	 0.274235	-0.467802	 0.978415
-0.463467	-0.811388	 0.600708	 0.051319	 0.381375	 0.467181	-0.128751	 0.498488	 0.801755	 0.275217	-0.483359	 0.989335
-0.463463	-0.808142	 0.409798	-0.198322	 0.443118	 0.467181	-0.128751	 0.498488	 0.798548	 0.275708	-0.491137	 0.992795
-0.463461	-0.804910	 0.814343	 0.176858	-0.027020	 0.467181	-0.128751	 0.998488	 0.795354	 0.275953	-0.495026	 0.492533
-0.463460	-0.801690	 1.014178	 0.363343	-0.262090	 0.467181	-0.128751	 1.245491	 0.792173	 0.276076	-0.496971	 0.242401
-0.463460	-0.798483	 1.111667	 0.455487	-0.379624	 0.467181	-0.128751	 0.866008	 0.789004	-0.223863	-0.497943	 0.117336
-0.463460	-0.795289	 1.157994	 0.500463	-0.438391	 0.467181	-0.128751	 0.676266	 0.785848	-0.472384	-0.498429	 0.054803
-0.463459	-0.792108	 1.178748	 0.521860	-0.467775	 0.467181	-0.128751	 0.581395	 0.782704	-0.595203	-0.498672	 0.023536
-0.463459	-0.788940	 0.686726	 0.531472	-0.482467	 0.467181	-0.128751	 0.533960	 0.779574	-0.655177	 0.001206	 0.007903
-0.463459	-0.785784	 0.440715	 0.535196	-0.489813	 0.467181	-0.128751	 0.510242	 0.776455	-0.683733	 0.250143	 0.000087
-0.463459	-0.782641	 0.317710	 0.035980	-0.493486	 0.467181	-0.128751	 0.498383	 0.773349	-0.696587	-0.125388	 0.496178
-0.463459	-0.779510	 0.256207	-0.213628	-0.495322	 0.467181	-0.128751	 0.492454	 0.770256	-0.701595	-0.312152	 0.742240
-0.463459	-0.776392	 0.725456	 0.161568	 0.003760	 0.467181	-0.128751	 0.489489	 0.767175	-0.702686	-0.405534	 0.363294
-0.463459	-0.773287	 0.957691	 0.348093	 0.252295	 0.467181	-0.128751	 0.488007	 0.764106	-0.701823	-0.452225	 0.173821
-0.463459	-0.770194	 1.071428	 0.440286	 0.875561	 0.467181	 0.371249	-0.012734	 0.261050	 0.300010	-0.475571	 0.079084
-0.463459	-0.767113	 1.125927	 0.485317	 1.184196	 0.467181	 0.619507	-0.262078	 0.009522	 0.798322	-0.487243	 0.031716
-0.463459	-0.764044	 1.150815	 0.506773	 1.335528	 0.467181	 0.741900	-0.385727	-0.116242	 1.044886	-0.493080	 0.008032
 0.036541	 1.239012	 0.660908	 0.016444	 1.408220	 0.467181	 0.301368	-0.946533	-1.179124	 2.165584	 0.004002	-0.503810
 0.285468	 2.234056	 0.415954	-0.228721	 1.441605	 0.467181	 0.081102	-1.223921	-1.706081	 2.719361	 0.251541	-0.757700
 1.408862	 4.725120	-0.206522	-0.351303	 1.455347	 0.467181	 0.470969	-1.859613	-2.465094	 3.489703	 0.375310	-1.382622
 1.965495	 5.956219	-0.516103	-0.412594	 1.459280	 0.467181	 0.664181	-2.172468	-2.838152	 3.866354	 0.437195	-1.691067
 2.738767	 8.057394	-0.669242	-0.943240	 1.458320	-0.032819	 0.759072	-2.323925	-3.018258	 3.546194	 0.968137	-1.841291
 3.118379	 9.087665	-0.744166	-1.205615	 1.454925	-0.281753	 0.804810	-2.394702	-3.101915	 3.379661	 1.230610	-1.912420
 3.801189	 11.082564	-1.279990	-1.333866	 1.950325	-0.405159	 0.825978	-2.425160	-3.637372	 3.789969	 1.358861	-1.944017
 4.133626	 12.053859	-1.544271	-1.395068	 2.193133	-0.465805	 0.834867	-2.435478	-3.896755	 3.986722	 1.420012	-1.955865
 4.290913	 12.513456	-1.672794	-1.422756	 2.309665	-0.495075	 0.837624	-2.435745	-4.018134	 4.076732	 1.447625	-1.957853
 4.860659	 13.217308	-1.733453	-1.433699	 2.363079	-1.008661	 0.837322	-2.931007	-4.070545	 3.613403	 1.458481	-2.454928
 5.134672	 13.541392	-1.760194	-1.436282	 2.384953	-1.262410	 0.835497	-3.171785	-4.088504	 3.375439	 1.460970	-2.697561
 5.760861	 15.675703	-2.269991	-1.934695	 2.891076	-1.386252	 0.332917	-3.785349	-4.589271	 3.250181	 1.459288	-2.312997
 6.061181	 16.707239	-2.519330	-2.179035	 3.137343	-1.445153	 0.081627	-4.083333	-4.829474	 3.181303	 1.455532	-2.116858
 6.698618	 18.187529	-2.638462	-1.796359	 3.753710	-0.971595	-0.044018	-3.723563	-4.939437	 3.140639	 1.450750	-2.014947
 7.002665	 18.888338	-2.692513	-1.602193	 4.053153	-0.734816	-0.106840	-3.536950	-4.984319	 3.114107	 1.445467	-1.960166
 7.140075	 19.199565	-2.714045	-1.502295	 4.194169	-0.616427	-0.138251	-3.436943	-4.496702	 2.594666	 1.439945	-1.928965
 7.194225	 19.316156	-2.719340	-1.449540	 4.256007	-0.557232	-0.153957	-3.380265	-4.244875	 2.330795	 1.434316	-1.909568
 7.206803	 19.335587	-2.716538	-1.420370	 4.278290	-0.527635	-0.161810	-3.345279	-4.110975	 2.194725	 1.428643	-1.896090
 7.198653	 19.806592	-2.709710	-1.403002	 4.280831	-0.512836	-0.165736	-3.321166	-4.036071	 2.622573	 1.422961	-1.885585
 7.180197	 20.001539	-2.700890	-1.391547	 4.273534	-0.505437	-0.167699	-3.302515	-3.990697	 2.830397	 1.417286	-1.876583
 7.156646	 20.058620	-2.691096	-1.383059	 4.261353	-0.501737	 0.331319	-3.786622	-4.460119	 2.928232	 1.411625	-1.868347
 7.130604	 20.046929	-2.680836	-1.376066	 4.246765	-0.499887	 0.579167	-4.020134	-4.684971	 2.971097	 1.405982	-1.860508
 7.103374	 20.501013	-2.670365	-1.369831	 4.731006	-0.498962	 0.701438	-4.128382	-4.787578	 2.486502	 1.400360	-1.852884
 7.075607	 20.686145	-2.659810	-1.363987	 4.962696	-0.498500	 0.760925	-4.174034	-4.829101	 2.240201	 1.394760	-1.845381
 7.047627	 20.736968	-2.649234	-1.358348	 5.068152	-0.498269	 0.789028	-3.688420	-4.840121	 3.113062	 1.389181	-1.837954
 7.019598	 20.720804	-2.638668	-1.352824	 5.110533	-0.498153	 0.801446	-3.439207	-4.835929	 3.541521	 1.383625	-1.830579
 6.991601	 20.671313	-2.628129	-1.347367	 5.121418	-0.498095	 0.806027	-3.308221	-4.824169	 3.747810	 1.378091	-1.823245
 6.963675	 20.605324	-2.617625	-1.341954	 5.116596	-0.498066	 0.306696	-3.236373	-4.308664	 3.843047	 1.372578	-2.315947
 6.935840	 20.531250	-2.607158	-1.336575	 5.103961	-0.498052	 0.057030	-3.194120	-4.043326	 3.882789	 1.367088	-2.556680
 6.908107	 20.953299	-2.596731	-1.331223	 5.087461	-0.498045	 0.432198	-3.166690	-4.403100	 3.394814	 1.361620	-2.171452
 6.880480	 21.121573	-2.586346	-1.325895	 5.069069	-0.498041	 0.618167	-3.146697	-4.573462	 3.145014	 1.356173	-1.975265
 6.852960	 21.163130	-2.576001	-1.320590	 5.049772	-0.498039	 0.709543	-3.130447	-4.649155	 3.014323	 1.350748	-1.873614
 6.825550	 21.141499	-2.565697	-1.315307	 5.030062	-0.498038	 0.753629	-3.116093	-4.677552	 2.943210	 1.345345	-1.819244
 6.798248	 21.088444	-2.555434	-1.810046	 5.010187	-0.498038	 0.274077	-3.102713	-4.682339	 2.901910	 1.339964	-1.788530
 6.771055	 21.019846	-2.545213	-2.052805	 4.990268	-0.498038	 0.034301	-3.089844	-4.675358	 2.875538	 1.334604	-1.769657
 6.743971	 20.943644	-2.535032	-2.169594	 4.970368	-0.498037	-0.085587	-3.077256	-4.662530	 2.856654	 1.329266	-1.756719
 6.716996	 20.863809	-2.524892	-2.223416	 4.950518	-0.498037	 0.354469	-3.064832	-4.646817	 3.341536	 1.323949	-1.746762
 6.690128	 20.782323	-2.514792	-2.245772	 4.930731	-0.498037	 0.572907	-3.052516	-4.629699	 3.576325	 1.318653	-1.738310
 6.663367	 20.700178	-2.504733	-1.752414	 4.911015	-0.498037	 0.680544	-3.540277	-5.611914	 3.686097	 1.313378	-1.730625
 6.636714	 20.617870	-2.494714	-1.503217	 4.891375	-0.498037	 0.732786	-3.776101	-6.089834	 3.733391	 1.308125	-1.723336
 6.610167	 20.535645	-2.984735	-1.376110	 4.871812	-0.498037	 0.757337	-3.385990	-5.315658	 3.249477	 1.302892	-1.716259
 6.583726	 20.453625	-3.222796	-1.310059	 4.852325	-0.498037	 0.768049	-3.184942	-4.919487	 3.001989	 1.297681	-1.709303
 6.557391	 20.371872	-2.834905	-1.274545	 4.832917	-0.498037	 0.771847	-3.078451	-4.712355	 3.372735	 1.292490	-1.702420
 6.531162	 20.290415	-2.636065	-1.254310	 4.813585	-0.498037	 0.772195	-3.019261	-4.599779	 3.550622	 1.287320	-1.695587
 6.505037	 20.209269	-2.531771	-1.241725	 4.794331	-0.498037	 0.770824	-2.983746	-4.534516	 3.632108	 1.282171	-1.688794
 6.479017	 20.628440	-2.474769	-1.232973	 4.775154	-0.498037	 0.768600	-2.960092	-3.992946	 3.665424	 1.277042	-1.682033
 6.453101	 20.795930	-2.441432	-1.226149	 4.756053	-0.498037	 0.765955	-2.942392	-3.715258	 3.674685	 1.271934	-1.675302
 6.427288	 20.837748	-2.419948	-1.220299	 4.737029	-0.498037	 0.763105	-2.927693	-4.069539	 3.171947	 1.266846	-1.668599
 6.401579	 20.816898	-2.404409	-1.214945	 4.718081	-0.498037	 0.760160	-2.914517	-4.237832	 2.915240	 1.261779	-1.661924
 5.875973	 19.264881	-2.391861	-1.709848	 3.699208	-0.498037	-0.242827	-2.902127	-5.313166	 2.281569	 0.756732	-1.655276
 4.602469	 12.453447	-1.880829	-1.452891	 1.684412	-0.498037	-0.741828	-2.890152	-4.338057	 1.461438	 0.004208	-1.148655
 3.959059	 9.036445	-1.622573	-1.322020	 0.677013	-0.498037	-0.988848	-2.878408	-3.843776	 1.050090	-0.370557	-0.894060
 1.630723	 3.316706	-0.990717	-1.254202	-0.826686	-0.498037	-1.109886	-2.866803	-3.589936	 0.843138	-0.556449	-0.765484
 0.467950	 0.461642	-0.674789	-1.217921	-1.573875	-0.498037	-1.167943	-2.355290	-2.956344	-0.261610	-0.647910	-0.699922
-0.112047	-0.961103	-0.516825	-1.197417	-1.942827	-0.498037	-1.194519	-2.095846	-2.634903	-0.811251	-0.692162	-0.665872
-0.900661	-2.167708	 0.062158	-1.184811	-2.122680	 0.001963	-1.705365	-1.462451	-1.469555	-2.083350	-0.712815	-0.147583
-1.291590	-2.764261	 0.350366	-1.176163	-2.208001	 0.250959	-1.956356	-1.144096	-0.886881	-2.712689	-0.721675	 0.111561
-1.483689	-4.555817	-0.006806	-1.169505	-2.746075	-0.124543	-2.077437	-0.983267	-1.095545	-3.020674	-0.724644	 0.241133
-1.576387	-5.438899	-0.185393	-1.163850	-3.008544	-0.311294	-2.133580	-0.901207	-1.197268	-3.168009	-0.724673	 0.305919
-1.619398	-5.867797	 0.225314	-1.158706	-3.133236	 0.095330	-1.657272	-0.358539	-0.745531	-2.735046	-0.723238	 0.338312
-1.637578	-6.069652	 0.429395	-1.153827	-3.189066	 0.297639	-1.416756	-0.087205	-0.519663	-2.513961	-0.721077	 0.354509
-1.643357	-6.158037	 0.530169	-1.149089	-3.210492	 0.398793	-1.794146	 0.048462	-0.406729	-2.398832	-0.718559	 0.362607
-1.642948	-6.189736	 0.579294	-1.144432	-3.214740	 0.449370	-1.978498	 0.116295	-0.350262	-2.336700	-0.715867	 0.366656
-1.639459	-6.193143	 0.602600	-1.139824	-3.210427	 0.474659	-2.066348	 0.150212	-0.322028	-2.301085	-0.713095	 0.368681
-1.634442	-6.182454	 0.113001	-1.135249	-3.201858	-0.012697	-1.605964	 0.167171	 0.192088	-2.278747	-0.710289	 0.369693
-1.628675	-6.164765	-0.131799	-1.130700	-3.191187	-0.255375	-1.373482	 0.175650	 0.447734	-2.263065	-0.707470	 0.370199
-1.622546	-6.143627	-0.254199	-1.126174	-3.179490	 0.123286	-1.254958	 0.179889	 0.574151	-2.250729	-0.704652	 0.370452
-1.616248	-6.120813	-0.315398	-1.121667	-3.167306	 0.311613	-1.193424	 0.182009	 0.635958	-2.240084	-0.701839	 0.370579
-1.609879	-6.097210	 0.154002	-0.617180	-2.654904	 0.405776	-1.160393	 0.183069	 0.665466	-2.230303	-0.699035	 0.370642
-1.603488	-6.073261	 0.387455	-0.364936	-2.394418	 0.452858	-1.141622	 0.183599	 0.678830	-2.220972	-0.696240	 0.370673
-2.097098	-6.049188	 0.502940	-0.738814	-2.759907	 0.476399	-1.629991	 0.183864	 0.684127	-2.211882	-0.693456	 0.370689
-2.338722	-6.025101	 0.559445	-0.923528	-2.936401	 0.488169	-1.869939	 0.183997	 0.685397	-2.202932	-0.690682	 0.370697
-2.454373	-6.001056	 0.586466	-1.013668	-3.018422	 0.494054	-1.985693	 0.184063	 0.684659	-2.194069	-0.687920	 0.370701
-2.007058	-5.477079	 0.598750	-0.556530	-2.553232	 0.496997	-1.539368	 0.184096	 0.682922	-2.185267	-0.685168	 0.370703
-1.780282	-5.205185	 0.603669	-0.327962	-2.316460	 0.498468	-1.314019	 0.184112	 0.680691	-2.176513	-0.682427	 0.370704
-1.663786	-5.059371	 0.604912	-0.713677	-2.193915	 0.499204	-1.199167	 0.684121	 0.678219	-2.167801	-0.679698	 0.370705
-1.602444	-4.976637	 0.604321	-0.904336	-2.128500	 0.499572	-1.139572	 0.931757	 0.675631	-2.159127	-0.676979	 0.370705
-1.568691	-4.925482	 0.602818	-0.497476	-2.591666	 0.499756	-1.107615	 0.553216	 0.672991	-2.150489	-0.674271	 0.370705
-1.548744	-4.890156	 0.600864	-0.294046	-2.817140	 0.499848	-1.089485	 0.363945	 0.670330	-2.141886	-0.671574	 0.370705
-1.535713	-4.862783	 0.598689	-0.192331	-2.423791	 0.499894	-1.078277	 0.769310	 0.667665	-2.133318	-0.668888	 0.370705
-1.526152	-4.839426	 0.596408	-0.141473	-2.223056	 0.499917	-1.070539	 0.969643	 0.665002	-2.124784	-0.666212	 0.370705
-1.518339	-4.818115	 0.594080	-0.116044	-2.118644	 0.499928	-1.064545	 1.067470	 0.662346	-2.116285	-0.663547	 0.370705
-1.511411	-4.797866	 0.591732	-0.603330	-2.062409	 0.499934	-1.059431	 0.614052	 0.659698	-2.107820	-0.160893	 0.370705
-1.504938	-4.778186	 0.589380	-0.844791	-2.030280	 0.499937	-1.054765	 0.387344	 0.657060	-2.099389	 0.090434	 0.370705
-1.498705	-4.758830	 0.587029	-0.463350	-2.010219	 0.499938	-1.050332	 0.273989	 0.654433	-2.090991	-0.283902	 0.370705
-1.492603	-4.739672	 0.584685	-0.272629	-1.996208	 0.499939	-1.046023	 0.217312	 0.651815	-2.082627	-0.469754	 0.370705
-1.486579	-4.720652	 0.582348	-0.177268	-1.985238	 0.499939	-1.041786	 0.188974	 0.649208	-2.074297	-0.561369	 0.370705
-1.480606	-4.701739	 0.580019	-0.129588	-1.975804	 0.499939	-1.037592	 0.174804	 0.646611	-2.065999	-0.605870	 0.370705
-1.474671	-4.682917	 0.577700	-0.105748	-1.967155	 0.499939	-1.033428	 0.667720	 0.644025	-1.557735	-0.626820	 0.370705
-1.468765	-4.664178	 0.575389	-0.093828	-1.958913	 0.499940	-1.029288	 0.911856	 0.641449	-1.301504	-0.636000	 0.370705
-1.462887	-4.645517	 0.573088	-0.087868	-1.950891	 0.499940	-1.025167	 1.031612	 0.638883	-1.171298	-0.639299	 0.370705
-1.457034	-4.626933	 0.570795	-0.084888	-1.942994	 0.499940	-1.021065	 1.089188	 0.636327	-1.604113	-0.639663	 0.370705
-1.451205	-4.608425	 0.568512	-0.083398	-1.935176	 0.499940	-1.016980	 1.115682	 0.633782	-1.816447	-0.638566	 0.370705
-1.445399	-4.589990	 0.566238	-0.082653	-1.927412	 0.499940	-1.012911	 1.126645	 0.631247	-1.918556	-0.636742	 0.370705
-1.439618	-4.571630	 0.563973	-0.082280	-1.919690	 0.499940	-1.008859	 1.129851	 0.628722	-1.965569	-0.634560	 0.370705
-1.933859	-4.553344	 0.561717	-0.082094	-2.412006	 0.499940	-1.004824	 0.629188	 0.626207	-1.485051	-0.632204	 0.370705
-2.176123	-4.535130	 0.559470	-0.082001	-2.652355	 0.499940	-1.000805	 0.378856	 0.623702	-1.242782	-0.629767	 0.370705
-1.792419	-4.516990	 0.557233	-0.581955	-2.266744	 0.499940	-0.996801	 0.753690	 0.621208	-1.119647	-0.627293	 0.370705
-1.597749	-4.498922	 0.555004	-0.829767	-2.070176	 0.499940	-0.992814	 0.938851	 0.618723	-1.056087	-0.624807	 0.370705
-1.497608	-4.480926	 0.552784	-0.951519	-1.968145	 0.499940	-0.988843	 1.029183	 0.616248	-1.022321	-0.622319	 0.370705
-1.444743	-4.463002	 0.550572	-0.510248	-1.913397	 0.499940	-0.984887	 0.572110	 0.613783	-1.503461	-0.619836	 0.370705
-1.415526	-4.445150	 0.548370	-0.289612	-1.882306	 0.499940	-0.980948	 0.343573	 0.611328	-1.740062	-0.617359	 0.370705
-1.398146	-4.427370	 0.546177	-0.179295	-1.863058	 0.499940	-0.977024	 0.229305	 0.608882	-1.854409	-0.614891	 0.370705
-1.386694	-4.409660	 0.543992	-0.124136	-1.849746	 0.499940	-0.973116	 0.172171	 0.606447	-1.907646	-0.612432	 0.370705
-1.378217	-4.392022	 0.541816	-0.096556	-1.839418	 0.499940	-0.969224	 0.643604	 0.604021	-1.930342	-0.609983	 0.370705
-1.371239	-4.374453	 0.539649	-0.082767	-1.830595	 0.499940	-0.965347	 0.877090	 0.601605	-1.937784	-0.607543	 0.370705
-1.365022	-4.356956	 0.537490	-0.075872	-2.322540	 0.499940	-0.961485	 0.991612	 0.599199	-1.937614	-0.605113	 0.370705
-1.359196	-4.339528	 0.535340	-0.072424	-2.562884	 0.499940	-0.957639	 1.046661	 0.596802	-1.933655	-0.602693	 0.370705
-1.353576	-4.322170	 0.533199	-0.070701	-2.677449	 0.499940	-0.953809	 1.071982	 0.594415	-1.927816	-0.600282	 0.370705
-1.348070	-4.304881	 0.531066	-0.069839	-2.229148	 0.499940	-0.949994	 0.582448	 0.592037	-1.421052	-0.597881	 0.370705
-1.342632	-4.287662	 0.528942	-0.069408	-2.001436	 0.499940	-0.946194	 0.337681	 0.589669	-1.165842	-0.595489	 0.370705
-1.337238	-4.270511	 0.526826	-0.069192	-1.884032	 0.499940	-0.942409	 0.215297	 0.587310	-1.536415	-0.593107	 0.370705
-1.331878	-4.253429	 0.524719	-0.069085	-1.821797	 0.499940	-0.938639	 0.154105	 0.584961	-1.717888	-0.590735	 0.370705
-1.326545	-4.236415	 0.522620	-0.069031	-1.787160	 0.499940	-0.934885	 0.623509	 0.582621	-1.304826	-0.588372	 0.370705
-1.321236	-4.219469	 0.520529	-0.069004	-1.766337	 0.499940	-0.931145	 0.856026	 0.580291	-1.096511	-0.586019	 0.370705
-1.315949	-4.202592	 0.518447	-0.068990	-1.752434	 0.499940	-0.927420	 0.970107	 1.077969	-0.990577	-0.583674	 0.370705
-1.310685	-4.185781	 0.516373	-0.068984	-1.742006	 0.499940	-0.923711	 1.024979	 1.323657	-0.935841	-0.581340	 0.370705
-1.305442	-4.169038	 0.514308	-0.068980	-1.733328	 0.499940	-0.920016	 1.050255	 1.443363	-0.906711	-0.579014	 0.370705
-1.300220	-4.152362	 0.512251	-0.068979	-1.725540	 0.499940	-0.916336	 0.560742	 1.000089	-0.890391	-0.576698	 0.370705
-1.295019	-4.135752	 0.510202	-0.068978	-1.718211	 0.499940	-0.912671	 0.315986	 0.777339	-0.880482	-0.574392	 0.370705
-1.289839	-4.119209	 0.508161	-0.068977	-1.711124	 0.499940	-0.909020	 0.693608	 0.664855	-1.373787	-0.572094	 0.370705
-1.284679	-4.102733	 0.506128	-0.068977	-1.704173	 0.499940	-0.905384	 0.880276	 0.607508	-1.616705	-0.569806	 0.370705
-1.279541	-4.086322	 0.504104	-0.068977	-1.697303	 0.499940	-0.901762	 0.971476	 1.077734	-1.234445	-0.567526	 0.370705
-1.274423	-4.069976	 0.502087	-0.068977	-1.690487	 0.499940	-0.898155	 1.014951	 1.309751	-1.041611	-0.565256	 0.370705
-1.269325	-4.053696	 0.500079	-0.068977	-1.683712	 0.499940	-0.394563	 1.034572	 0.922676	-0.943496	-0.062995	 0.370705
-1.264248	-4.037482	 0.499075	-0.068977	-1.676970	 0.499940	-0.142766	 1.042274	 0.728068	-0.892748	 0.188135	 0.370705
-1.259191	-4.021332	 0.498573	-0.068977	-1.670259	 0.499940	-0.016868	 1.044025	 0.629696	-0.865690	 0.313701	 0.370705
-1.254154	-4.005246	 0.498322	-0.068977	-1.663576	 0.499940	-0.453919	 1.042809	 0.579448	-1.350483	-0.123517	 0.370705
-1.249137	-3.989225	 0.498196	-0.068977	-1.656921	 0.499940	-0.670663	 1.040117	 0.553265	-1.589210	-0.341004	 0.370705
-1.244141	-3.973269	 0.498133	-0.068977	-1.650293	 0.499940	-0.777259	 1.036697	 0.539120	-1.204917	-0.448631	 0.370705
-1.239164	-3.957375	 0.498102	-0.068977	-1.643692	 0.499940	-0.828790	 1.032920	 0.530997	-1.011129	-0.501331	 0.370705
-1.234207	-3.941546	 0.498086	-0.568977	-1.637117	 0.499940	-0.852795	 1.028973	 0.525890	-0.912601	-0.526574	 0.370705
-1.229271	-3.925780	 0.498078	-0.816839	-1.630568	 0.499940	-0.863044	 1.024950	 0.522295	-0.861708	-0.538091	 0.370705
-1.224353	-3.910077	 0.498075	-0.438641	-1.624046	 0.499940	-0.866422	 1.020896	 1.019460	-0.834640	-0.542751	 0.370705
-1.219456	-3.894436	 0.498073	-0.249541	-1.617550	 0.499940	-0.866371	 1.016836	 1.265010	-0.819491	-0.543986	 0.370705
-1.214578	-3.878859	 0.498072	-0.154992	-1.611080	 0.499940	-0.864613	 1.012780	 1.384763	-0.810308	-0.543513	 0.370705
-1.209720	-3.863343	 0.498071	-0.107717	-1.604635	-0.000060	-0.862008	 1.008735	 0.941631	-1.304114	-0.542190	 0.370705
-1.204881	-3.847890	 0.498071	-0.084080	-1.598217	-0.249060	-0.858987	 1.004703	 0.720065	-1.547422	-0.540447	 0.370705
-1.200062	-3.832498	 0.498071	-0.072261	-1.591824	 0.126440	-0.855764	 1.000685	 0.609282	-1.165494	-0.538498	 0.870705
-1.195261	-3.817168	 0.498071	-0.066352	-1.585457	 0.313186	-0.852448	 0.996683	 0.553890	-0.972963	-0.536451	 1.117964
-1.190480	-3.801900	 0.498071	-0.063397	-2.079115	 0.406559	-0.849092	 0.992697	 0.526194	-0.875136	-0.534358	 0.738863
-1.185718	-3.786692	 0.498071	-0.061920	-2.320798	 0.453245	-0.845722	 0.988726	 0.512346	-0.824668	-0.532247	 0.549312
-1.180975	-3.771545	 0.498071	-0.061181	-1.936515	 0.476589	-0.842352	 0.984772	 0.505422	-0.797886	-0.530132	 0.454537
-1.176252	-3.756459	 0.498071	-0.060812	-1.741269	 0.488260	-0.838990	 0.980833	 0.501960	-0.782953	-0.528018	 0.407149
-1.171547	-3.741433	 0.498071	-0.060627	-1.640554	 0.494096	-0.835637	 0.976909	 0.500229	-0.773950	-0.525909	 0.383455
-1.166860	-3.726467	 0.498071	-0.060535	-1.587117	 0.497014	-0.832296	 0.973002	 0.999364	-1.267919	-0.523807	 0.371608
-1.162193	-3.711562	 0.498071	-0.060488	-1.557331	 0.498473	-0.828968	 0.969110	 1.245934	-1.511379	-0.521713	 0.365685
-1.157544	-3.696715	 0.498071	-0.060465	-1.539383	 0.499203	-0.825652	 0.965233	 1.366234	-1.129600	-0.519626	 0.362723
-1.152914	-3.681929	 0.498071	-0.060454	-1.527366	 0.499567	-0.822350	 0.961372	 1.423411	-0.937215	-0.517548	 0.361242
-1.148302	-3.667201	 0.498071	-0.060448	-1.518327	 0.499750	-0.819061	 0.957527	 1.449039	-0.839532	-0.515478	 0.360502
-1.143709	-3.652532	 0.498071	-0.060445	-1.510789	 0.499841	-0.815785	 0.953697	 1.458903	-0.789208	-0.513416	 0.360132
-1.139134	-3.637922	 0.498071	-0.060444	-1.504013	 0.499886	-0.812521	 0.949882	 0.960898	-0.762567	-0.511362	 0.359946
-1.134578	-3.623370	 0.498071	-0.060443	-1.497631	 0.499909	-0.809271	 0.946082	 0.711895	-0.747775	-0.509317	 0.359854
-1.130039	-3.608877	 0.498071	-0.060443	-1.491457	 0.499921	-0.306034	 0.942298	 0.587394	-0.738913	-0.507280	 0.359808
-1.125519	-3.594441	 0.498071	-0.060442	-1.485400	 0.499926	-0.054416	 0.938529	 0.525143	-0.733022	-0.505251	 0.359785
-1.121017	-3.580063	 0.498071	-0.060442	-1.479412	 0.499929	 0.071394	 0.934775	 0.494018	-0.728623	-0.503230	 0.359773
-1.116533	-3.565743	 0.498071	-0.060442	-1.473472	 0.499931	 0.134298	 0.931036	 0.478455	-0.724974	-0.501217	 0.359767
-1.112067	-3.551480	 0.498071	-0.060442	-1.467566	 0.499931	 0.165750	 0.927312	 0.470674	-0.721707	-0.500210	 0.359764
-1.107619	-3.537274	 0.498071	-0.560442	-1.461690	 0.499932	 0.181477	 0.923602	 0.466783	-0.718637	-0.499707	 0.359763
-1.103188	-3.523125	 0.498071	-0.808321	-1.455841	 0.499932	 0.189340	 0.919908	 0.464838	-0.715671	-0.499455	 0.359762
-1.098775	-3.509033	 0.498071	-0.430148	-1.950016	 0.499932	-0.306729	 0.916228	 0.963865	-0.712762	-0.499330	 0.359762
-1.094380	-3.494997	 0.498071	-0.241062	-2.192215	 0.499932	-0.553157	 0.912563	 1.210453	-0.709888	-0.499267	 0.359762
-1.090003	-3.481017	 0.498071	-0.146519	-1.808446	 0.499932	-0.174773	 0.908913	 0.830833	-0.707037	-0.499235	 0.359761
-1.085643	-3.467092	 0.498071	-0.099247	-1.613712	 0.499932	 0.014420	 0.905277	 0.641023	-0.704203	-0.499220	 0.359761
-1.081300	-3.453224	 0.498071	-0.075611	-1.513507	 0.499932	 0.109016	 0.901656	 0.546118	-0.701384	-0.499212	 0.359761
-1.076975	-3.439411	 0.498071	-0.063794	-1.460578	 0.499932	-0.343686	 0.898050	 0.498665	-0.698577	-0.499208	 0.359761
-1.072667	-3.425654	 0.498071	-0.057885	-1.431298	 0.499932	-0.568444	 0.894457	 0.474939	-0.695782	-0.499206	 0.359761
-1.068376	-3.411951	 0.498071	-0.054930	-1.413854	 0.499932	-0.179237	 0.890880	 0.463076	-0.692998	 0.000795	 0.359761
-1.064103	-3.398303	 0.498071	-0.053453	-1.402339	 0.499932	 0.015367	 0.887316	 0.457144	-0.690226	 0.249794	 0.359761
-1.059847	-3.384710	 0.498071	-0.052714	-1.393800	 0.499932	 0.112669	 0.883767	 0.454178	-0.687465	-0.125706	 0.359761
-1.055607	-3.371171	 0.498071	-0.052345	-1.386760	 0.499932	 0.161320	 0.880232	 0.452695	-0.684715	-0.312454	 0.359761
-1.051385	-3.357686	 0.498071	-0.052160	-1.380481	 0.499932	 0.185645	 0.876711	 0.451954	-0.681976	-0.405828	 0.359761
-1.047179	-3.344256	 0.498071	-0.052068	-1.374593	 0.499932	 0.197808	 0.873204	 0.451583	-0.679248	-0.452515	 0.359761
-1.042991	-3.330879	 0.498071	-0.052022	-1.368911	 0.499932	 0.203889	 0.869711	 0.451398	-0.676531	-0.475859	 0.359761
-1.038819	-3.317555	 0.498071	-0.051999	-1.363344	 0.499932	-0.293070	 0.866232	 0.451305	-0.673825	-0.487530	 0.359761
-1.034663	-3.304285	 0.498071	-0.051987	-1.357845	 0.499932	-0.539970	 0.862767	 0.451259	-0.671130	-0.493366	 0.359761
-1.030525	-3.291068	 0.498071	-0.051981	-1.352391	 0.499932	-0.161846	 0.859316	 0.451236	-0.668445	-0.496284	 0.359761
-1.026403	-3.277904	 0.498071	-0.051979	-1.346970	 0.499932	 0.027216	 0.855879	 0.451224	-0.665772	-0.497743	 0.359761
-1.022297	-3.264792	 0.498071	-0.051977	-1.341576	 0.499932	 0.121747	 0.852456	 0.451218	-1.163109	-0.498473	 0.359761
-1.018208	-3.251733	 0.498071	-0.051976	-1.336207	 0.499932	 0.169013	 0.849046	 0.451215	-1.408456	-0.498837	 0.359761
-1.014135	-3.238726	 0.498071	-0.051976	-0.830861	 0.499932	 0.192646	 0.845650	 0.451214	-1.027822	-0.499020	 0.359761
-1.010078	-3.225771	 0.498071	-0.051976	-0.578188	 0.499932	 0.204462	 0.842267	 0.451213	-0.836211	-0.499111	 0.359761
-1.006038	-3.212868	 0.498071	-0.051976	-0.451851	 0.499932	 0.210370	 0.838898	 0.451213	-0.739116	-0.499157	 0.359761
-1.002014	-3.200016	 0.498071	-0.051976	-0.388683	 0.499932	 0.213324	 0.835542	 0.451213	-0.689285	-0.499179	 0.359761
-0.998006	-3.187216	 0.498071	-0.051976	-0.357099	 0.499932	 0.214801	 0.832200	 0.451213	-0.663090	-0.499191	 0.359761
-0.994014	-3.174467	 0.498071	-0.051976	-0.841306	 0.499932	-0.284460	 0.828871	 0.951213	-0.648719	-0.499196	 0.359761
-0.990038	-3.161770	 0.498071	-0.051976	-1.080759	 0.499932	-0.532524	 0.825556	 1.198310	-0.640265	-0.499199	 0.359761
-0.986078	-3.149122	 0.498071	-0.051976	-1.197845	 0.499932	-0.654994	 0.822254	 0.818968	-1.134774	-0.499201	 0.359761
-0.982133	-3.136526	 0.498071	-0.051976	-1.253759	 0.499932	-0.714674	 0.818965	 0.629297	-1.378770	-0.499201	 0.359761
-0.978205	-3.123980	 0.498071	-0.051976	-1.279096	 0.499932	-0.742966	 0.815689	 1.034462	-0.997523	-0.499202	 0.359761
-0.974292	-3.111484	 0.498071	-0.051976	-1.289156	 0.499932	-0.755569	 0.812426	 1.234165	-0.805666	-0.499202	 0.359761
-0.970395	-3.099038	 0.498071	-0.051976	-1.291587	 0.499932	-0.760334	 0.809176	 1.331148	-0.708510	-0.499202	 0.359761
-0.966513	-3.086642	 0.498071	-0.051976	-1.290215	-0.000068	-0.261187	 0.805940	 0.876784	-0.658710	-0.499202	 0.359761
-0.962647	-3.074295	 0.498071	-0.051976	-1.286951	-0.249068	-0.011613	 0.802716	 0.649602	-0.632592	-0.499202	 0.359761
-0.958797	-3.061998	 0.498071	-0.051976	-1.282752	 0.126432	 0.113174	 0.799505	 0.536011	-0.618320	-0.499202	 0.359761
-0.954961	-3.049750	 0.498071	-0.051976	-1.278095	 0.313178	 0.175567	 0.796307	 0.479215	-0.609976	-0.499202	 0.359761
-0.951142	-3.037551	 0.498071	-0.051976	-0.773220	 0.406551	 0.206764	 0.793122	 0.450817	-0.604600	-0.499202	 0.359761
-0.947337	-3.025401	 0.498071	-0.051976	-0.520782	 0.453238	 0.222363	 0.789949	 0.436618	-0.600714	-0.499202	 0.359761
-0.943548	-3.013299	 0.498071	-0.051976	-0.894563	-0.023419	 0.230162	 0.786789	 0.929519	-1.097577	-0.499202	 0.359761
-0.939773	-3.001246	 0.498071	-0.051976	-1.078917	-0.260747	 0.234061	 0.783642	 1.173124	-1.342820	-0.499202	 0.359761
-0.936014	-2.989241	 0.498071	-0.051976	-1.168567	-0.379411	 0.236011	 0.780508	 1.292094	-1.462266	-0.499202	 0.359761
-0.932270	-2.977284	 0.498071	-0.051976	-0.710876	 0.061257	 0.236986	 0.777386	 0.848756	-1.018825	-0.499202	 0.359761
-0.928541	-2.965375	 0.498071	-0.051976	-0.482031	 0.280587	 0.237473	 0.774276	 0.627087	-0.795954	-0.499202	 0.359761
-0.924827	-2.953514	 0.498071	-0.051976	-0.367608	 0.390252	-0.262283	 0.771179	 1.016253	-0.683372	-0.499202	 0.359761
-0.921128	-2.941699	 0.498071	-0.051976	-0.310396	 0.445085	-0.510637	 0.768094	 1.208025	-0.625939	-0.499202	 0.359761
-0.917443	-2.929933	 0.498071	-0.051976	-0.281791	 0.472501	-0.133296	 0.765022	 0.801111	-0.596086	-0.499202	 0.859761
-0.913773	-2.918213	 0.498071	-0.051976	-0.267488	 0.486209	 0.055375	 0.761962	 0.597655	-0.580027	-0.499202	 1.107042
-0.910118	-2.906540	 0.498071	-0.051976	-0.760336	 0.493063	 0.149710	 0.758914	 0.495926	-0.570870	-0.499202	 0.727973
-0.906478	-2.894914	 0.498071	-0.051976	-1.004254	 0.496490	 0.196877	 0.755878	 0.445062	-0.565167	-0.499202	 0.538439
-0.902852	-2.883334	 0.498071	-0.051976	-1.123717	 0.498204	 0.220461	 0.752855	 0.419630	-0.561197	-0.499202	 0.443672
-0.899241	-2.871801	 0.498071	-0.051976	-0.680962	 0.499060	 0.232253	 0.749843	 0.406914	-0.558098	-0.499202	 0.396289
-0.895644	-2.860314	 0.498071	-0.051976	-0.459584	 0.499489	 0.238149	 0.746844	 0.400556	-0.555438	-0.499202	 0.372597
-0.892061	-2.848872	 0.498071	-0.051976	-0.348896	 0.499703	 0.241097	 0.243857	 0.397377	-0.553003	-0.499202	 0.360751
-0.888493	-2.837477	 0.498071	-0.051976	-0.293551	 0.499810	 0.242571	-0.007637	 0.395787	-0.550684	-0.499202	 0.354828
-0.884939	-2.826127	 0.498071	-0.051976	-0.265879	 0.499864	-0.256692	 0.366616	 0.894993	-0.548428	-0.499202	 0.351867
-0.881399	-2.814823	 0.498071	-0.051976	-0.252043	 0.499890	-0.504812	 0.552261	 1.141807	-0.546207	-0.499202	 0.350386
-0.877873	-2.803563	 0.498071	-0.051976	-0.245125	 0.499904	-0.127365	 0.143608	 1.262437	-0.544009	 0.000798	 0.349645
-0.874362	-2.792349	 0.498071	-0.051976	-0.241666	 0.499910	 0.061358	-0.060719	 1.319985	-0.541826	 0.249796	 0.349275
-0.870864	-2.781180	 0.498071	-0.051976	-0.239936	 0.499914	 0.155719	-0.162882	 1.346005	-0.539656	 0.374295	 0.349090
-0.867381	-2.770055	 0.498071	-0.051976	-0.239072	 0.499916	 0.202900	 0.286036	 1.356270	-0.537496	-0.063455	 0.348998
-0.863912	-2.758975	 0.498071	-0.051976	-0.238639	 0.499916	 0.226490	 0.509025	 1.358670	-0.535345	-0.281328	 0.348951
-0.860456	-2.747939	 0.498071	-0.051976	-0.238423	 0.499917	 0.238285	 0.619056	 0.857148	-0.533203	-0.390264	 0.848928
-0.857014	-2.736947	 0.498071	-0.051976	-0.238315	 0.499917	 0.244183	 0.672613	 0.606387	-0.531070	-0.444732	 1.096219
-0.853586	-2.725999	 0.498071	-0.051976	-0.238261	 0.499917	 0.247132	 0.697939	 0.481006	-0.528945	-0.471966	 0.717177
-0.850172	-2.715095	 0.498071	-0.051976	-0.238234	 0.499917	 0.248606	 0.709156	 0.418316	-0.526830	-0.485583	 0.527656
-0.846771	-2.204235	 0.498071	-0.051976	-0.738220	 0.499917	 0.249343	 0.713323	 0.386971	-0.524722	-0.492392	 0.432896
-0.843384	-1.945418	 0.498071	-0.051976	-0.985737	 0.499917	 0.249712	 0.713972	 0.371298	-0.522623	-0.495796	 0.385516
-0.840010	-1.812636	 0.498071	-0.051976	-1.107029	 0.499917	 0.249896	 0.712867	 0.363462	-0.520533	-0.497498	 0.361825
-0.836650	-2.242886	 0.498071	-0.051976	-0.665218	 0.499917	 0.249988	 0.710891	 0.859544	-0.518451	-0.498349	 0.349980
-0.833304	-2.452664	 0.498071	-0.051976	-0.444313	 0.499917	 0.250034	 0.708485	 1.104873	-0.516377	-0.498775	 0.344058
-0.829970	-2.552229	 0.498071	-0.051976	-0.833860	 0.499917	-0.249942	 0.705870	 0.724838	-0.514311	-0.498988	 0.841097
-0.826651	-2.596707	 0.498071	-0.051976	-1.026187	 0.499917	-0.498431	 0.703156	 0.534820	-0.512254	-0.499094	 1.086940
-0.823344	-2.613664	 0.498071	-0.051976	-0.619914	 0.499917	-0.621182	 0.700398	 0.939811	-0.510205	-0.499147	 0.707196
-0.820051	-2.616881	 0.498071	-0.051976	-0.416777	 0.499917	-0.681069	 0.697624	 1.139617	-0.508164	-0.499174	 0.517324
-0.816770	-2.113250	 0.498071	-0.051976	-0.315208	 0.499917	-0.209531	 0.694847	 1.236841	-0.506132	-0.499187	 0.422388
-0.813503	-1.858215	 0.498071	-0.051976	-0.264424	 0.499917	 0.026238	 0.692075	 1.282785	-0.504107	-0.499194	 0.374920
-0.810249	-1.727491	 0.498071	-0.051976	-0.239032	 0.499917	 0.144123	 0.689310	 1.303100	-0.502091	-0.499197	 0.351186
-0.807008	-2.158935	 0.498071	-0.051976	-0.726336	 0.499917	 0.203065	 0.686554	 1.310610	-0.500082	-0.499199	 0.339319
-0.803780	-2.369477	 0.498071	-0.051976	-0.967561	 0.499917	 0.232536	 0.683809	 1.311729	-0.499078	-0.499200	 0.333385
-0.800565	-2.469587	 0.498071	-0.051976	-0.585756	-0.000083	 0.247272	 0.681074	 0.809663	-0.498576	-0.499200	 0.330418
-0.797363	-2.514503	 0.498071	-0.051976	-0.394853	-0.249083	 0.254640	 0.678350	 0.558630	-0.498325	-0.499200	 0.328935
-0.794173	-2.531843	 0.498071	-0.051976	-0.299402	 0.126417	 0.258324	 0.675637	 0.433113	-0.498200	-0.499200	 0.328193
-0.790997	-2.535414	 0.498071	-0.051976	-0.251676	 0.313164	 0.260166	 0.672934	 0.370355	-0.498137	-0.499200	 0.327823
-0.787833	-2.532121	 0.498071	-0.051976	-0.227813	 0.406537	 0.261087	 0.670243	 0.838976	-0.498105	-0.499200	 0.827637
-0.784681	-2.525418	 0.498071	-0.051976	-0.215882	 0.453223	 0.261547	 0.667562	 1.070671	-0.498090	-0.499200	 1.074890
-0.781543	-2.517028	 0.498071	-0.051976	-0.209916	 0.476567	 0.261777	 0.664891	 1.183914	-0.498082	-0.499200	 1.195871
-0.778417	-2.507816	 0.498071	-0.051976	-0.206933	 0.488238	 0.261892	 0.662232	 0.237941	-0.498078	-0.499201	 0.753729
-0.775303	-2.498213	 0.498071	-0.051976	-0.205442	 0.494074	 0.261950	 0.659583	-0.233629	-0.498076	-0.499201	 0.532657
-0.772202	-2.488434	 0.498071	-0.051976	-0.204696	 0.496992	 0.261979	 0.656945	 0.031996	-0.498075	-0.499201	 0.422122
-0.769113	-2.478588	 0.498071	-0.051976	-0.204323	 0.498451	 0.261993	 0.654317	 0.164809	-0.498075	-0.499201	 0.366854
-0.766036	-2.468727	 0.498071	-0.051976	-0.704137	 0.499180	 0.262000	 0.651700	 0.231215	-0.498074	-0.499201	 0.339220
-0.762972	-2.458879	 0.498071	-0.051976	-0.951636	 0.499545	 0.262004	 0.649093	 0.264418	-0.498074	-0.499201	 0.325403
-0.759920	-2.449056	 0.498071	-0.051976	-0.572987	 0.499727	 0.262006	 0.646496	 0.281020	-0.498074	-0.499201	 0.318494
-0.756881	-2.439267	 0.498071	-0.051976	-0.383662	 0.499819	 0.262007	 0.643910	 0.289320	-0.498074	-0.499201	 0.315040
-0.753853	-1.929513	 0.498071	-0.051976	-0.289000	 0.499864	 0.262007	 0.641335	 0.793471	-0.498074	-0.499201	 0.313313
-0.750838	-1.671797	 0.498071	-0.051976	-0.241669	 0.499887	 0.262007	 0.638769	 1.042951	-0.498074	-0.499201	 0.312449
-0.747834	-1.540110	 0.498071	-0.051976	-0.218004	 0.499898	 0.262007	 0.636214	 1.165106	-0.498074	-0.499201	 0.312018
-0.744843	-1.971450	-0.501929	-0.051976	-0.206171	 0.499904	 0.262007	 0.633670	 1.223609	-0.498074	-0.499201	 0.811802
-0.741864	-2.182315	-0.998926	-0.051976	-0.200254	 0.499907	 0.262007	 0.631135	 1.250296	-0.498074	-0.499201	 1.059071
-0.738896	-2.282961	-0.244432	-0.051976	-0.197296	 0.499908	 0.262007	 0.628610	 1.261086	-0.498074	-0.499201	 0.680092
-0.735941	-2.328516	 0.131795	-0.051976	-0.195817	 0.499909	 0.262007	 0.626096	 1.263937	-0.498074	-0.499201	 0.490603
-0.732997	-2.346546	 0.318892	-0.051976	-0.195078	 0.499909	 0.262007	 0.623591	 1.262829	-0.498074	-0.499201	 0.395859
-0.730065	-2.350832	 0.411429	-0.051976	-0.194708	 0.499910	 0.262007	 0.621097	 1.259751	-0.498074	-0.499201	 0.348487
-0.727145	-1.848264	 0.456689	-0.051976	-0.194523	 0.499910	 0.262007	 0.618613	 1.255699	-0.498074	-0.499201	 0.324800
-0.724236	-1.594289	 0.478316	-0.051976	-0.194430	 0.499910	 0.262007	 0.616138	 1.251170	-0.498074	-0.499201	 0.312957
-0.721339	-1.464621	 0.489129	-0.051976	-0.194384	 0.499910	 0.262007	 0.613674	 1.246412	-0.498074	-0.499201	 0.307036
-0.718454	-1.897117	 0.494535	-0.051976	-0.194361	 0.499910	-0.237993	 0.611219	 1.241550	-0.498074	-0.499201	 0.304075
-0.715580	-2.108706	 0.497239	-0.051976	-0.194350	 0.499910	-0.486517	 0.608774	 1.236645	-0.498074	-0.499201	 0.302595
-0.712718	-1.709860	 0.498590	-0.051976	-0.194344	 0.499910	-0.609308	 0.606339	 0.731730	-0.498074	-0.499201	 0.301854
-0.709867	-1.507815	 0.499266	-0.051976	-0.194341	 0.499910	-0.669240	 0.603914	 0.479272	-0.498074	-0.499201	 0.301484
-0.707027	-1.904181	 0.499604	-0.051976	-0.194339	 0.499910	-0.697748	 0.601498	 0.853043	-0.498074	 0.000799	 0.301299
-0.704199	-2.097762	 0.499773	-0.051976	-0.194339	 0.499910	-0.710549	 0.599092	 1.037475	-0.498074	 0.249798	 0.301207
-0.701382	-2.189971	 0.499858	-0.051976	-0.194338	 0.499910	-0.215503	 0.596696	 1.127247	-0.498074	-0.125703	 0.301160
-0.698577	-2.231510	 0.499900	-0.051976	-0.194338	 0.499910	 0.032020	 0.594309	 1.169699	-0.498074	-0.312451	 0.301137
-0.695783	-2.247734	 0.499921	-0.051976	-0.194338	 0.499910	 0.155782	 0.591932	 1.188501	-0.498074	-0.405825	 0.301126
-0.692999	-1.751318	 0.499931	-0.051976	-0.194338	 0.499910	 0.217662	 0.589564	 1.195487	-0.498074	-0.452512	 0.301120
-0.690227	-1.500600	 0.499937	-0.051976	-0.194338	 0.499910	 0.248603	 0.587206	 1.196575	-0.498074	-0.475855	 0.301117
-1.187467	-1.872742	 0.499939	-0.051976	-0.194338	 0.499910	 0.264073	 0.584857	 0.694724	-0.498074	-0.487527	 0.301116
-1.432717	-2.054323	 0.499941	-0.051976	-0.194338	 0.499910	 0.271808	 0.582517	 0.443798	-0.498074	-0.493363	 0.301115
-1.051986	-2.140641	 0.499941	-0.051976	-0.194338	 0.499910	 0.275676	 0.580187	 0.318335	-0.498074	-0.496281	 0.301115
-0.860278	-2.179347	 0.499942	-0.051976	-0.194338	 0.499910	 0.277609	 0.577867	 0.255604	-0.498074	-0.497740	 0.301114
-0.763087	-2.194263	 0.499942	-0.051976	-0.194338	 0.499910	-0.221424	 0.575555	 0.224238	-0.498074	-0.498469	 0.301114
-0.713159	-2.197303	 0.499942	-0.051976	-0.194338	 0.499910	-0.469499	 0.573253	 0.208555	-0.498074	-0.498834	 0.301114
-0.686869	-2.194422	 0.499942	-0.051976	-0.194338	 0.499910	-0.592102	 0.570960	 0.200714	-0.498074	-0.499017	 0.301114
-0.672403	-2.188599	 0.499942	-0.051976	-0.194338	 0.499910	-0.651974	 0.568676	 0.696793	-0.498074	-0.499108	 0.301114
-0.663854	-2.181322	 0.499942	-0.051976	-0.194338	 0.499910	-0.680486	 0.566401	 0.942447	-0.498074	-0.499153	 0.301114
-0.658269	-1.673335	 0.499942	-0.051976	-0.194338	 0.499910	-0.193324	 0.564136	 0.562898	-0.498074	-0.499176	 0.301114
-0.654171	-1.417011	 0.499942	-0.051976	-0.194338	 0.499910	 0.050257	 0.561879	 0.373123	-0.498074	-0.499187	 0.301114
-0.650822	-1.286528	 0.499942	-0.051976	-0.194338	 0.499910	 0.172047	 0.559632	 0.778236	-0.498074	-0.499193	 0.301114
-0.647852	-1.218974	 0.499942	-0.051976	-0.194338	 0.499910	 0.232942	 0.557393	 0.978426	-0.498074	-0.499196	 0.301114
-0.645078	-1.182894	 0.499942	-0.051976	-0.194338	 0.499910	 0.263390	 0.555164	 1.076163	-0.498074	 0.000803	 0.301114
-0.642406	-1.162560	 0.499942	-0.051976	-0.194338	 0.499910	 0.278614	 0.552943	 1.122684	-0.498074	 0.249800	 0.301114
-0.639791	-1.150109	 0.499942	-0.051976	-0.194338	 0.499910	 0.286226	 0.550731	 1.143606	-0.498074	 0.374299	 0.301114
-0.637209	-1.141608	 0.499942	-0.551976	-0.194338	 0.499910	-0.209969	 0.548528	 1.151738	-0.498074	-0.063452	 0.301114
-0.634648	-1.135092	 0.499942	-0.799872	-0.194338	 0.499910	-0.456653	 0.546334	 1.153484	-0.498074	-0.281324	 0.301114
-0.632104	-1.629576	 0.499942	-0.421724	-0.194338	 0.499910	-0.578589	 0.544149	 1.152047	-0.498074	-0.390261	 0.301114
-0.629573	-1.872570	 0.499942	-0.232650	-0.194338	 0.499910	-0.638156	 0.541972	 1.149027	-0.498074	-0.444729	 0.301114
-0.627053	-1.989836	 0.499942	-0.138114	-0.694338	 0.499910	-0.666544	 0.539804	 1.145225	-0.498074	-0.471963	 0.801114
-0.624544	-2.044255	 0.499942	-0.090845	-0.941949	 0.499910	-0.679348	 0.537645	 1.141041	-0.498074	-0.485580	 1.048512
-0.622046	-1.567267	 0.499942	-0.067211	-0.563376	 0.499910	-0.184365	 0.535495	 1.136676	-0.498074	-0.492389	 0.669619
-0.619557	-1.326593	 0.499942	-0.055394	-0.374089	 0.499910	 0.063126	 0.533353	 1.132228	-0.498074	-0.495793	 0.480173
-0.617079	-1.204083	 0.499942	-0.049485	-0.279446	 0.499910	 0.186871	 0.531219	 1.127749	-0.498074	-0.497495	 0.385449
-0.614610	-1.140666	 0.499942	-0.046531	-0.232124	 0.499910	 0.248744	 0.529094	 1.123263	-0.498074	-0.498346	 0.338088
-0.612152	-1.106802	 0.499942	-0.045054	-0.208463	 0.499910	 0.279680	 0.526978	 1.118782	-0.498074	-0.498772	 0.314407
-0.609703	-1.587725	 0.499942	-0.044315	-0.196633	 0.499910	 0.295149	 0.524870	 1.114313	-0.498074	-0.498985	 0.302567
-0.607265	-1.824049	 0.499942	-0.043946	-0.190718	 0.499910	 0.302883	 0.522770	 1.109859	-0.498074	-0.499091	 0.296646
-1.104836	-1.438090	 0.499942	-0.043761	-0.687760	 0.499910	 0.306750	 0.520679	 0.605421	-0.498074	-0.499144	 0.293686
-1.350416	-1.243006	 0.499942	-0.043669	-0.933912	 0.499910	 0.308683	 0.518597	 0.353202	-0.498074	-0.499171	 0.292206
-0.970015	-1.143369	 0.499942	-0.043623	-0.554627	 0.499910	 0.309650	 0.516522	 0.727093	-0.498074	-0.499184	 0.791466
-0.778634	-1.091462	 0.499942	-0.043600	-0.364985	 0.499910	 0.310133	 0.514456	 0.911836	-0.498074	-0.499191	 1.038515
-0.681770	-1.063430	 0.499942	-0.043588	-0.270164	 0.499910	 0.310375	 0.512398	 1.002015	-0.498074	-0.499194	 1.159468
-0.632168	-1.547343	 0.499942	 0.456418	-0.222753	 0.499910	 0.310496	 0.510349	 1.044920	-0.498074	-0.499196	 0.717384
-0.606202	-1.785237	 0.499942	 0.704508	-0.199048	 0.499910	 0.310556	 0.508307	 1.064196	-0.498074	-0.499196	 0.496341
-0.592058	-1.900138	 0.499942	 0.326647	-0.187196	 0.499910	 0.310587	 0.506274	 1.071668	-0.498074	-0.499197	 0.385820
-0.583830	-1.953558	 0.499942	 0.137717	-0.181269	 0.499910	 0.310602	 0.504249	 1.073245	-0.498074	-0.499197	 0.330560
-0.578565	-1.976254	 0.499942	 0.043252	-0.178306	 0.499910	 0.310609	 0.502232	 1.071884	-0.498074	-0.499197	 0.302930
-0.574786	-1.983605	 0.499942	-0.003980	-0.176825	 0.499910	 0.310613	 0.500223	 1.069063	-0.498074	-0.499197	 0.289114
-0.571755	-1.983298	 0.499942	-0.527596	-0.176084	 0.499910	 0.310615	 0.499219	 1.065520	-0.498074	-0.499197	 0.282207
-0.569102	-1.979178	 0.499942	-0.787302	-0.175713	 0.499910	 0.310616	 0.498716	 1.061624	-0.498074	-0.499197	 0.278753
-0.566642	-1.973169	 0.499942	-0.915061	-0.175528	 0.499910	 0.310616	 0.498465	 1.057561	-0.498074	-0.499197	 0.277026
-0.564284	-1.466229	 0.499942	-0.476855	-0.175436	 0.499910	 0.310617	 0.498340	 1.053422	-0.498074	-0.499197	 0.776163
-0.561981	-1.210841	 0.499942	-0.257752	-0.175389	 0.499910	 0.310617	 0.498277	 1.049254	-0.498074	-0.499197	 1.023180
-0.559710	-1.081236	 0.499942	-0.148200	-0.175366	 0.499910	 0.310617	 0.498246	 1.045080	-0.498074	 0.000803	 0.644149
-0.557460	-1.014530	 0.499942	-0.093424	-0.175355	 0.499910	 0.310617	 0.498230	 1.040911	-0.498074	 0.249801	 0.454633
-0.555224	-0.979282	 0.499942	-0.066036	-0.675349	 0.499910	-0.189383	 0.498222	 1.036753	-0.998074	-0.125700	 0.359875
-0.553001	-0.959770	 0.499942	-0.052343	-0.922995	 0.499910	-0.438004	 0.498218	 1.032609	-1.245078	-0.312448	 0.312496
-0.550787	-0.948133	 0.499942	-0.045496	-0.544477	 0.499910	-0.060942	 0.498216	 1.028480	-0.865596	-0.405822	 0.788807
-0.548583	-0.940442	 0.499942	-0.042072	-0.355218	 0.499910	 0.127589	 0.498215	 1.024367	-0.675855	-0.452509	 1.024432
-0.546389	-0.934730	 0.499942	-0.040360	-0.260589	 0.499910	 0.221855	 0.498215	 1.020270	-0.580984	-0.475852	 1.139724
-0.544203	-1.430017	 0.499942	-0.039504	-0.213274	 0.499910	 0.268988	 0.498214	 0.516189	-0.533549	-0.487524	 0.694860
-0.542026	-1.673809	 0.499942	-0.039077	-0.189616	 0.499910	 0.292554	 0.498214	 0.264149	-0.509831	-0.493360	 0.472428
-0.539858	-1.291870	 0.499942	-0.038863	-0.177788	 0.499910	 0.304338	 0.498214	 0.638128	-0.497972	-0.496278	 0.361212
-0.537698	-1.099081	 0.499942	-0.038756	-0.171873	 0.499910	 0.310229	 0.498214	 0.823094	-0.492043	-0.497737	 0.305605
-0.535548	-1.000874	 0.499942	-0.038702	-0.168916	 0.499910	 0.313175	 0.498214	 0.913561	-0.489078	-0.498466	 0.277801
-0.533405	-0.949965	 0.499942	-0.038675	-0.167438	 0.499910	 0.314648	 0.498214	 0.956786	-0.487596	-0.498831	 0.263899
-0.531272	-0.922712	 0.499942	-0.038662	-0.166698	 0.499910	 0.315384	 0.498214	 0.976399	-0.486855	-0.499013	 0.256948
-0.529147	-0.907295	 0.499942	-0.038655	-0.166329	 0.499910	 0.315753	 0.498214	 0.984213	-0.486484	-0.499105	 0.253472
-0.527030	-0.897803	 0.499942	-0.038652	-0.166144	 0.499910	 0.315937	 0.498214	 0.986136	-0.486299	-0.499150	 0.251734
-0.524922	-1.391280	 0.499942	-0.038650	-0.166051	 0.499910	-0.183971	 0.498214	 0.985121	-0.486206	-0.499173	 0.250865
-0.522822	-1.634249	 0.499942	-0.038649	-0.166005	 0.499910	-0.432557	 0.498214	 0.982646	-0.486160	-0.499184	 0.250431
-0.520731	-1.751979	 0.499942	-0.038649	-0.665982	 0.499910	-0.055488	 0.498214	 0.479448	-0.486137	-0.499190	 0.250214
-0.518648	-1.807105	 0.499942	-0.038649	-0.913639	 0.499910	 0.133046	 0.498214	 0.227849	-0.486125	-0.499193	 0.250105
-0.516573	-1.330943	 0.499942	-0.038649	-0.535144	-0.000090	 0.227314	 0.498214	 0.602049	-0.486119	-0.499194	 0.250051
-0.514507	-1.091153	 0.499942	-0.038649	-0.345897	-0.249090	 0.274447	 0.498214	 0.787197	-0.486116	-0.499195	 0.250024
-0.512449	-0.969555	 0.499942	-0.038649	-0.751274	 0.126410	 0.298014	 0.498214	 0.877826	-0.486115	-0.499195	 0.250010
-0.510399	-0.907060	 0.499942	-0.038649	-0.951648	 0.313156	 0.309797	 0.498214	 0.921204	-0.486114	-0.499196	 0.250003
-0.508358	-0.874123	 0.499942	-0.038649	-0.549532	 0.406529	 0.315689	 0.498214	 0.940964	-0.486114	-0.499196	 0.750000
-0.506324	-0.855973	 0.499942	-0.038649	-0.348474	 0.453216	 0.318635	 0.498214	 0.948922	-0.486114	-0.499196	 0.997498
-0.504299	-0.845222	 0.499942	-0.038649	-0.247944	 0.476559	 0.320108	 0.498214	 0.950987	-0.486114	-0.499196	 1.118757
-0.502282	-0.838177	 0.499942	-0.038649	-0.197680	 0.488231	 0.320844	 0.498214	 0.950114	-0.486113	-0.499196	 0.676907
-0.500273	-0.832993	 0.499942	-0.038649	-0.172548	 0.494067	 0.321213	 0.498214	 0.947779	-0.486113	-0.499196	 0.455982
-0.499268	-0.828745	 0.499942	-0.038649	-0.159981	 0.496985	-0.178603	 0.498214	 0.944720	-0.486113	-0.499196	 0.345519
-0.498766	-0.824972	 0.499942	-0.038649	-0.153698	 0.498444	-0.427154	 0.498214	 0.941308	-0.486113	-0.499196	 0.290288
-0.498515	-0.821443	-1.000058	-0.038649	-0.150557	 0.499173	-0.050078	 0.498214	 0.937726	-0.486113	-0.499196	 0.262672
-0.498389	-0.818043	-1.745058	-0.038649	-0.148986	 0.499538	 0.138459	 0.498214	 0.934066	-0.486113	-0.499196	 0.248864
-0.498326	-1.314714	-0.612578	-0.038649	-0.148201	 0.499720	-0.267272	 0.498214	 0.930376	-0.486113	 0.000804	 0.241960
-0.498295	-1.559426	-0.047377	-0.038649	-0.147808	 0.499811	-0.468791	 0.498214	 0.926677	-0.486113	 0.249803	 0.238508
-0.498279	-1.678174	 0.234187	-0.038649	-0.147612	 0.499857	-0.568210	 0.498214	 0.922982	-0.486113	 0.374302	 0.236782
-0.498271	-1.233954	 0.373938	-0.038649	-0.147513	 0.499880	-0.616585	 0.498214	 0.919296	-0.486113	-0.063449	 0.735919
-0.498268	-1.010265	 0.442786	-0.038649	-0.147464	 0.499891	-0.639442	 0.498214	 0.915622	-0.486113	-0.281321	 0.983018
-0.498266	-0.896847	 0.476187	-0.038649	-0.147440	 0.499897	-0.149546	 0.498214	 0.911960	-0.486113	-0.390258	 0.604107
-0.498265	-0.838571	 0.491868	-0.038649	-0.147428	 0.499900	 0.095402	 0.498214	 0.908313	-0.486113	-0.444726	 0.414651
-0.498264	-1.307873	 0.498693	-0.038649	-0.147421	 0.499901	 0.217876	 0.498214	-0.095320	-0.486113	-0.471960	 0.319924
-0.498264	-1.538969	 0.501095	-0.038649	-0.147418	 0.499902	 0.279113	 0.498214	-0.594938	-0.486113	-0.485577	 0.272560
-0.498264	-1.150977	 0.501289	-0.038649	-0.147417	 0.499902	 0.309732	 0.498214	-0.342558	-0.486113	-0.492386	 0.748878
-0.498264	-0.955455	 0.500383	-0.038649	-0.147416	 0.499902	 0.325041	 0.498214	-0.216368	-0.486113	-0.495790	 0.984586
-0.498264	-0.856174	 0.499930	-0.038649	-0.147416	 0.499902	 0.332696	 0.498214	-0.153273	-0.486113	-0.497492	 1.100000
-0.498264	-0.805020	 0.999703	-0.038649	-0.147415	 0.499903	 0.336523	 0.498214	 0.378274	-0.486113	-0.498343	 1.155276
-0.498264	-0.777935	 1.246591	-0.038649	-0.147415	 0.499903	 0.338437	 0.498214	 0.642228	-0.486113	-0.498769	 1.180493
-0.498264	-0.762891	 1.367048	-0.038649	-0.147415	 0.499903	 0.339393	 0.498214	 0.272393	-0.486113	-0.498981	 0.690690
-0.498264	-0.753874	 1.424301	-0.038649	-0.147415	 0.499903	 0.339872	 0.498214	 0.087475	-0.486113	-0.499088	 0.445789
-0.498264	-1.247875	 0.949965	-0.038649	-0.147415	 0.499903	 0.340111	 0.498214	 0.495016	-0.486113	-0.499141	 0.823338
-0.498264	-1.491392	 0.712797	-0.038649	-0.147415	 0.499903	 0.340231	 0.498214	 0.696982	-0.486113	-0.499168	 1.009711
-0.498264	-1.109681	 0.594213	-0.038649	-0.147415	 0.499903	 0.340290	 0.498214	 0.796167	-0.486113	-0.499181	 0.600505
-0.498264	-0.917369	 0.534921	-0.038649	-0.147415	 0.499903	 0.340320	 0.498214	 0.843968	-0.486113	-0.499187	 0.395902
-0.498264	-0.819763	 0.505275	-0.038649	-0.147415	 0.499903	 0.340335	 0.498214	 0.866086	-0.486113	-0.499191	 0.293601
-0.498264	-0.769516	 0.490452	-0.038649	-0.147415	 0.499903	 0.340343	 0.498214	 0.375368	-0.486113	-0.499192	 0.742450
-0.498264	-0.742954	 0.483040	-0.038649	-0.147415	 0.499903	 0.340346	 0.498214	 0.130009	-0.486113	-0.499193	 0.964492
-0.498264	-0.728240	 0.479334	-0.038649	-0.147415	 0.499903	 0.340348	 0.498214	 0.507330	-0.486113	-0.499194	 0.573140
-0.498264	-0.719456	 0.477482	-0.038649	-0.147415	 0.499903	 0.340349	 0.498214	 0.694221	-0.486113	-0.499194	 0.377464
-0.998264	-0.713642	 0.476555	-0.038649	-0.147415	 0.499903	 0.340350	 0.498214	 0.785904	-0.486113	-0.499194	 0.779626
