-0.480338	-0.895945	 1.047031	 0.279929	 0.491301	 0.463447	-0.114744	 0.500440	 0.933300	-0.773911	-0.496384	 0.946571
-0.480338	-0.892361	 0.557503	 0.389778	 0.494954	 0.463447	-0.114559	 0.499435	 0.929567	-0.770816	 0.002696	 0.445958
-0.480337	-0.888791	 0.312740	 0.444703	 0.496780	 0.463447	-0.114467	 0.498932	 0.925848	-0.767732	 0.251233	 0.195651
-0.480337	-0.885236	 0.190358	 0.472165	 0.497694	 0.463447	-0.114420	 0.498681	 0.922145	-0.764662	 0.375501	 0.070497
-0.480337	-0.881695	 0.129167	 0.485897	 0.498150	 0.463447	-0.114397	 0.498555	 0.918456	-0.761603	 0.437636	 0.007921
-0.480337	-0.878169	 0.598572	-0.007238	 0.498379	 0.463447	-0.114386	 0.998493	 0.914783	-0.258556	 0.468703	-0.023368
-0.480337	-0.874656	 0.831138	-0.252804	 0.498493	 0.463447	-0.114380	 1.245464	 0.911123	-0.007033	 0.484236	-0.039012
-0.480337	-0.871157	 0.945294	-0.375588	 0.498550	 0.463447	-0.114377	 1.365965	 0.907479	 0.118728	 0.492003	-0.046834
-0.480337	-0.867673	 0.500253	 0.063021	 0.498578	 0.463447	-0.114376	 0.923243	 0.903849	 0.181609	-0.004114	 0.449255
-0.480337	-0.864202	 0.277732	 0.281322	 0.498593	 0.463447	-0.114375	 0.701882	 0.900234	 0.213050	-0.251171	 0.695409
-0.480337	-0.860745	 0.666472	 0.390472	-0.001400	 0.463447	-0.114374	 0.591201	 0.896633	-0.271230	-0.374700	 0.816603
-0.480337	-0.857302	 0.858731	 0.445047	-0.250394	 0.463447	-0.114374	 0.535861	 0.893046	-0.511859	-0.436465	 0.875324
-0.480337	-0.853873	 0.952759	 0.472335	 0.125109	 0.463447	-0.114374	 0.508191	 0.389474	-0.130669	 0.032653	 0.402816
-0.480337	-0.850457	 0.997679	 0.485979	 0.311860	 0.463447	-0.114374	 0.494356	 0.137688	 0.059927	 0.266208	 0.166563
-0.480337	-0.847056	 0.518054	 0.492801	 0.405235	 0.463447	-0.614374	 0.487438	 0.511795	-0.344776	-0.117014	 0.548436
-0.480337	-0.843667	 0.278242	 0.496212	 0.451922	 0.463447	-0.862145	 0.483979	 0.697076	-0.545628	-0.307625	 0.737512
-0.480337	-0.840293	 0.158335	 0.497917	 0.475266	 0.463447	-0.983811	 0.482250	 0.787953	-0.644561	-0.402930	 0.830197
-0.480337	-0.836932	 0.098382	-0.001230	 0.486938	 0.463447	-0.542433	 0.481385	 0.331633	-0.692541	-0.450583	 0.874693
-0.480337	-0.833584	 0.068406	-0.249803	 0.492774	 0.463447	-0.321744	 0.480953	 0.103473	-0.715049	-0.474409	 0.895103
-0.480337	-0.830249	 0.553418	 0.125911	 0.495692	 0.463447	-0.211400	 0.480737	 0.489393	-0.224829	 0.013678	 0.903477
-0.480337	-0.826928	 0.793847	 0.312764	 0.497151	 0.463447	-0.156227	 0.480629	 0.680603	 0.020282	 0.256718	 0.905840
-0.480337	-0.823621	 0.911992	 0.406191	 0.497881	 0.963447	 0.371359	 0.980575	 0.774464	 0.142837	 0.378238	 0.905206
-0.480337	-0.820326	 0.969005	 0.452904	 0.498245	 1.210520	 0.633354	 1.227586	 0.819658	 0.204114	 0.438998	 0.903079
-0.480337	-0.817045	 0.995459	-0.023739	 0.498428	 0.831142	 0.262561	 1.348143	 0.840525	 0.234753	 0.469378	 0.900214
-0.480337	-0.813777	 1.006643	-0.261060	 0.498519	 0.641452	 0.077164	 1.405484	 0.849236	 0.250073	 0.484567	 0.896987
-0.480337	-0.810522	 1.010199	-0.379720	 0.498564	 0.546608	-0.015534	 1.431229	 0.851875	 0.257732	 0.492162	 0.893585
-0.480337	-0.807280	 1.009949	 0.060949	 0.498587	 0.499185	-0.061883	 0.941188	 0.851486	-0.238438	 0.495960	 0.390104
-0.480337	-0.804050	 1.007805	 0.280281	 0.498599	 0.475474	-0.085058	 0.696167	 0.849589	-0.485054	 0.497859	 0.138364
-0.480337	-0.800834	 1.004722	-0.110053	 0.498604	 0.463619	-0.096645	 1.073656	 0.846945	-0.106898	-0.001192	 0.012494
-0.480337	-0.797631	 1.001177	-0.304219	 0.498607	 0.457691	-0.102439	 1.259499	 0.843935	 0.082179	-0.249717	-0.050441
-0.480337	-0.794440	 0.997409	-0.401303	 0.498609	 0.454727	-0.105335	 0.849529	 0.840748	-0.323282	-0.373979	-0.081909
-0.480337	-0.791263	 0.993538	-0.449844	 0.498609	 0.453245	-0.106784	 0.644545	 0.837479	-0.524555	-0.436110	-0.097643
-0.480337	-0.788098	 0.989623	 0.025885	 0.498610	 0.952504	-0.107508	 0.542052	 0.834176	-0.123740	 0.032824	 0.394490
-0.480337	-0.784945	 0.985694	 0.262746	 0.498610	 1.199230	-0.107870	 0.490806	 0.830863	 0.076668	 0.266288	 0.638784
-0.480337	-0.781805	 0.981766	 0.381177	 0.498610	 1.319701	-0.108051	 0.465183	 0.827552	 0.176872	 0.383020	 0.759164
-0.480337	-0.778678	 0.977846	 0.440393	 0.498610	 0.877056	-0.108142	 0.452372	 0.824247	 0.226974	-0.058614	 0.817595
-0.480337	-0.775564	 0.973939	 0.470000	 0.498610	 0.655734	-0.108187	 0.445966	 0.820953	 0.252025	-0.278431	 0.845059
-0.480337	-0.772461	 0.470045	 0.484804	 0.498610	 1.045073	-0.608210	 0.442763	 0.817671	-0.235450	 0.111661	 0.857046
-0.480337	-0.769371	 0.218098	 0.492206	 0.498610	 1.236873	-0.856004	 0.441162	 0.814401	-0.477741	 0.305703	 0.861301
-0.480337	-0.766294	 0.092124	 0.495907	 0.498610	 0.829916	-0.477694	 0.440361	 0.811144	-0.097447	-0.097276	 0.861697
-0.480337	-0.763229	 0.029138	 0.497757	 0.498610	 0.626438	-0.288539	 0.439960	 0.807899	 0.092700	-0.297765	 0.860172
-0.480337	-0.760176	 0.497644	 0.498683	 0.498610	 0.524698	-0.193962	 0.439760	 0.804668	-0.312226	-0.398009	 0.357691
-0.480337	-0.757135	 0.729965	 0.499145	 0.498610	 0.473829	-0.146673	 0.439660	 0.801449	-0.513255	-0.448131	 0.106451
-0.480337	-0.754107	 0.844201	 0.499377	 0.498610	 0.448394	-0.123028	 0.439610	 0.798243	-0.612341	-0.473192	-0.019169
-0.480337	-0.751090	 0.399402	-0.000508	 0.498610	 0.435676	 0.388794	 0.939585	 0.795050	-0.160461	 0.014277	 0.418021
-0.480337	-0.748086	 0.177003	-0.249449	 0.498610	 0.429318	 0.642904	 1.186693	 0.791870	 0.065479	 0.257008	 0.634906
-0.480337	 0.754907	 0.565803	 0.126080	 0.998610	 0.926138	 0.768165	 0.807380	-0.211297	 0.678449	-0.121626	 0.241644
-0.480337	 1.501887	 0.758294	 0.312842	 1.245613	 1.171703	 0.829008	 0.617723	-0.710452	 0.982351	-0.309943	 0.045014
 0.019663	 2.870879	 0.352638	-0.093778	 1.366129	 0.791651	 1.357650	-0.477105	-1.457610	 3.131729	 0.095899	-0.553302
 0.268623	 3.546896	 0.149810	-0.296087	 1.423414	 0.601624	 1.618199	-1.021375	-1.826780	 4.195857	 0.297816	-0.850156
 1.392068	 5.876458	-0.451604	-0.397241	 1.449095	 0.506611	 2.244715	-2.290379	-3.006973	 5.717400	 0.398775	-1.496289
 1.948760	 7.024827	-0.750205	-0.447818	 1.458986	 0.459105	 2.552231	-2.917762	-3.588695	 6.463694	 0.449254	-1.815071
 2.222095	 7.582666	-0.897408	-0.473107	 1.460993	 0.435351	 2.700270	-3.224364	-3.871215	 6.822421	 0.474494	-1.970194
 2.853771	 9.345304	-0.968920	-0.985751	 1.459071	-0.076525	 2.768592	-3.370602	-4.504168	 7.987422	 0.987114	-2.543505
 3.162639	 10.204407	-1.002595	-1.239076	 1.455196	-0.331287	 2.797080	-3.436688	-4.810370	 8.551618	 1.240424	-2.823927
 3.310130	 11.111831	-1.017360	-0.862754	 1.950356	-0.457495	 2.805672	-3.462725	-4.953238	 9.315484	 1.364092	-2.957929
 3.376960	 11.541505	-1.022679	-0.674593	 2.193044	-0.519432	 2.804340	-3.468766	-5.014479	 9.677259	 1.422950	-3.018746
 3.903487	 12.732400	-1.523282	-1.080513	 2.309517	-0.549238	 2.798068	-3.964837	-6.034949	 10.338068	 1.949416	-3.542996
 4.157891	 13.300000	-1.769536	-1.280500	 2.362902	-0.562983	 2.789348	-4.203951	-6.531073	 10.646475	 2.207697	-3.796986
 4.776268	 14.556066	-1.888631	-1.377532	 2.884761	-1.068702	 2.779427	-4.314622	-6.765080	 11.278768	 2.331905	-3.915879
 5.074667	 15.152474	-1.944163	-1.423099	 3.138878	-1.318412	 2.768928	-4.361107	-6.868086	 11.571093	 2.389097	-3.967256
 5.213121	 15.419180	-1.967930	-1.442945	 3.259150	-1.440131	 2.758161	-4.375534	-6.905646	 11.693528	 2.412801	-3.984908
 5.271645	 16.021162	-1.975830	-1.449943	 3.312528	-1.497867	 2.747283	-4.373967	-6.910540	 11.731114	 2.419780	-3.985728
 5.290246	 16.288906	-1.975812	-1.450528	 3.332485	-1.523624	 2.736371	-4.364439	-6.899156	 11.726370	 2.418415	-3.978165
 5.288929	 16.389665	-2.471852	-1.447918	 3.835758	-1.033404	 2.725464	-4.350966	-6.879689	 11.700554	 2.412899	-3.966443
 5.277695	 16.407064	-2.713936	-1.443723	 4.078717	-0.787207	 2.714582	-4.335554	-6.856235	 11.664297	 2.405326	-3.952672
 5.261546	 16.382914	-2.829066	-1.438746	 4.191553	-0.663027	 2.703733	-5.319208	-6.830842	 12.122912	 2.396744	-3.937909
 5.242980	 16.338122	-2.880743	-1.433390	 4.239362	-0.599859	 2.692923	-5.798429	-6.804535	 12.327057	 2.387677	-3.922681
 5.223248	 16.783139	-2.900716	-1.427856	 4.254692	-0.567202	 2.682154	-5.025484	-6.777825	 12.404067	 2.378386	-3.907252
 5.202975	 16.971191	-2.904862	-1.422244	 4.253817	-0.549804	 2.671426	-4.630507	-6.750967	 12.417610	 2.369003	-3.891754
 5.182474	 17.030899	-2.901116	-1.416605	 4.244874	-0.540040	 2.660741	-4.424547	-6.724091	 12.399519	 2.359592	-3.876252
 5.161899	 17.026571	-2.393449	-1.410963	 4.231931	-0.534098	 3.150099	-4.313130	-6.697258	 12.365710	 2.350186	-3.860780
 5.141329	 16.990363	-2.135844	-1.405332	 4.217021	-0.530070	 3.387498	-4.249018	-6.670500	 12.324142	 2.340801	-3.845353
 5.120802	 16.938351	-2.003284	-1.399717	 4.201162	-1.027004	 2.998948	-4.208592	-6.643834	 12.278793	 2.331446	-3.829980
 5.100338	 16.878572	-1.933263	-1.394121	 4.184862	-1.272424	 2.799453	-4.180043	-6.617267	 12.231652	 2.322124	-3.814664
 5.079947	 16.815045	-1.894526	-1.388546	 3.668374	-1.392097	 2.694505	-4.157465	-6.590802	 12.183712	 2.312838	-3.799408
 5.059632	 16.749778	-1.871446	-1.382993	 3.403827	-1.448911	 2.636852	-4.137907	-6.564441	 12.135471	 2.303588	-3.784211
 5.039395	 16.683776	-1.856210	-1.377461	 3.765275	-0.974306	 3.102867	-4.119891	-6.538184	 12.587176	 2.294374	-3.769075
 5.019239	 16.617539	-1.844909	-1.371952	 3.937745	-0.737004	 3.328737	-4.102679	-6.512032	 12.786950	 2.285197	-3.753999
 4.999163	 16.551318	-1.835592	-1.366464	 4.015760	-0.618353	 3.434562	-4.085902	-6.485984	 12.360864	 2.276056	-3.738983
 4.979166	 16.485238	-1.827281	-1.360998	 4.046580	-0.559027	 3.480394	-4.069375	-6.460040	 12.123951	 2.266952	-3.724027
 4.959250	 16.419359	-1.819487	-1.355554	 4.053835	-0.529364	 3.496258	-4.053006	-6.434200	 11.981721	 2.257884	-3.709131
 4.939413	 16.353713	-1.811967	-1.350132	 4.049340	-0.514533	 3.497166	-4.036749	-6.408463	 11.886927	 2.248852	-3.694294
 4.919655	 16.288313	-1.804598	-1.344731	 4.039003	-0.507117	 3.490623	-4.020579	-6.382829	 11.815946	 2.239857	-3.679517
 4.899977	 16.223168	-2.297319	-1.339353	 4.025777	-0.503409	 3.480384	-4.004485	-6.357298	 12.256965	 2.230898	-3.664799
 4.880377	 16.158279	-2.538099	-1.333995	 4.011139	-0.501555	 3.468324	-3.988461	-6.331869	 12.452079	 2.221974	-3.650140
 4.860855	 16.593648	-2.152932	-1.328659	 3.995827	-1.000628	 3.455381	-3.972505	-6.306541	 12.524341	 2.213086	-3.635539
 4.841412	 16.777274	-1.956813	-1.323345	 3.980210	-1.247165	 3.442025	-3.956613	-6.281315	 12.535279	 2.204234	-3.620997
 4.822046	 16.835166	-1.855232	-1.318051	 3.964473	-1.867447	 3.428490	-3.940786	-6.256190	 12.515656	 2.195417	-4.106513
 4.802758	 16.830325	-1.800934	-1.312779	 3.948706	-2.172612	 3.414892	-3.925022	-6.231165	 12.480852	 2.186635	-4.340087
 4.783547	 16.794254	-1.770292	-1.307528	 3.932957	-2.320239	 3.401291	-3.909322	-6.206240	 12.438558	 2.177889	-4.447727
 4.764413	 16.742702	-2.251491	-1.302298	 3.917248	-1.889117	 3.387715	-3.893685	-6.181415	 12.392618	 2.169177	-3.992436
 4.745355	 16.683544	-2.486626	-1.297089	 3.901591	-1.670639	 3.374178	-3.878110	-6.156690	 12.344955	 2.160500	-3.757716
 4.726374	 16.620716	-2.098749	-1.291900	 3.885990	-1.558497	 2.860689	-3.862598	-6.132063	 11.296529	 1.651858	-3.133310
 4.707468	 16.556186	-1.901389	-1.286733	 3.870449	-1.499532	 2.599250	-3.847147	-6.107535	 10.751820	 1.395251	-2.816090
 4.188638	 13.490938	-1.799301	-1.281586	 2.854969	-0.967169	 1.963855	-3.831759	-4.583105	 6.459051	 0.764670	-2.152482
 3.921884	 11.937463	-1.744863	-1.276459	 2.343550	-0.700988	 1.643500	-3.816432	-3.814772	 4.308334	 0.449379	-1.817700
 2.281196	 7.139957	-1.214263	-0.771353	 1.084176	-0.067897	 0.480677	-3.301166	-2.924513	 1.728660	-0.208266	-1.147343
 1.459572	 4.736519	-0.947596	-0.518801	 0.454489	 0.247518	-0.099371	-3.037961	-2.475315	 0.440526	-0.535357	-0.812165
 1.047483	 3.530134	-0.812900	-0.392524	 0.139645	 0.404100	-0.388036	-2.900809	-2.246664	-0.201847	-0.697177	-0.644575
-0.159832	 0.922294	-0.744196	-0.329386	-0.017776	 0.481269	-1.031015	-1.826706	-1.628302	-1.021344	-0.776369	-0.560781
-0.760755	-0.378255	-0.708493	-0.297817	-0.096487	 0.518737	-1.349156	-1.288149	-1.317101	-1.427412	-0.814254	-0.518884
-1.058493	-2.525172	-0.189296	-0.782032	-1.635843	 0.536359	-1.504892	-1.017372	-0.659489	-2.126778	-0.831493	 0.002065
-1.204650	-3.589286	 0.070303	-1.021607	-2.399170	 0.544061	-1.579439	-0.880490	-0.330683	-2.470809	-0.838414	 0.261493
-1.275026	-4.112036	 0.200102	-0.638873	-2.274509	 0.546809	-1.613405	-0.810561	-0.166280	-2.637195	-0.840184	 0.390166
-1.307524	-4.364142	 0.265002	-0.447505	-2.207878	 0.547084	-1.627093	-0.774116	-0.084079	-2.714781	-0.839386	 0.453464
-1.321093	-4.480962	 0.297452	-0.851822	-2.170281	 0.546127	-2.130655	-0.754418	-0.042978	-2.747989	-0.837309	 0.484080
-1.325208	-4.530177	 0.313677	-1.051467	-2.147216	 0.544558	-2.377168	-0.743100	-0.022428	-2.759031	-0.834600	 0.498358
-1.324607	-4.545625	 0.321789	-1.148788	-2.131436	 0.542687	-2.495177	-0.735977	-0.012152	-2.759011	-0.831582	 0.504472
-1.321658	-4.544227	 0.325845	-0.694956	-2.119315	 0.540671	-2.548955	-0.230958	-0.007015	-3.253484	-0.828416	 0.506508
-1.317546	-4.534443	 0.327873	-0.468040	-2.109039	 0.538585	-2.570639	 0.021552	-0.004446	-3.493224	-0.825182	 0.506509
-1.312864	-4.520501	 0.328887	-0.354582	-2.099704	 0.536469	-2.576296	 0.147807	-0.003162	-3.105628	-0.821922	 0.505496
-1.307906	-4.504517	 0.329394	-0.297853	-2.090856	 0.534342	-2.573961	 0.210934	-0.002519	-2.906394	-0.818654	 0.503981
-1.302821	-4.487548	 0.329648	-0.269489	-2.082268	 0.532215	-2.067650	 0.242498	-0.002198	-3.301363	-0.315389	 0.502218
-1.297683	-4.470122	 0.329775	-0.255307	-2.073826	 0.530090	-1.811371	 0.258280	-0.002038	-3.491455	-0.063757	 0.500336
-1.292529	-4.452504	-0.170162	-0.248216	-2.065475	 0.527973	-1.680122	 0.266171	-0.501957	-3.079137	-0.437941	 0.499395
-1.287378	-4.434825	-0.418790	-0.244670	-2.057185	 0.525862	-1.611400	 0.270116	-0.749914	-2.867645	-0.623409	 0.498925
-1.282237	-4.417152	-0.541769	-0.242897	-2.048942	 0.523759	-1.573953	 0.272089	-0.871896	-2.756587	-0.714525	 0.498689
-1.277113	-4.399516	-0.101929	-0.242011	-2.040739	 0.521664	-1.052157	 0.273075	 0.069101	-2.695766	-0.258471	 0.998572
-1.272007	-4.381934	 0.117991	-0.241568	-2.032573	 0.519578	-0.790198	 0.273568	 0.537579	-2.660086	-0.030445	 1.245516
-1.266920	-4.364415	 0.227951	-0.241346	-2.024441	 0.517500	-1.158162	 0.273815	 0.769806	-2.636997	 0.083569	 0.866003
-1.261853	-4.346961	 0.282931	-0.241235	-2.016342	 0.515430	-1.339092	 0.273938	 0.883915	-2.620225	 0.140575	 0.676247
-1.256806	-4.329575	 0.310421	-0.241180	-1.508276	 0.513368	-1.426517	 0.274000	 0.938974	-2.606632	 0.169079	 0.581369
-1.251778	-4.312258	 0.324166	-0.241152	-1.252243	 0.511314	-1.467201	 0.274031	 0.964515	-2.594650	 0.183330	 0.533930
-1.246771	-4.295009	 0.331038	-0.241138	-1.622234	 0.509269	-0.984528	 0.274046	 0.975306	-2.583493	-0.309544	 0.510210
-1.241784	-4.277830	 0.334474	-0.241131	-1.803245	 0.507232	-0.742187	 0.274054	 0.978729	-2.572770	-0.554376	 0.498350
-1.236817	-4.260718	 0.336192	-0.241128	-1.889782	 0.505203	-0.621017	 0.274058	 0.978476	-2.562284	-0.675194	 0.492420
-1.231870	-4.243676	 0.337051	-0.241126	-1.429098	 0.503182	-0.560432	 0.274060	 0.976393	-2.551938	-0.734011	 0.489455
-1.226943	-4.226701	 0.337481	-0.241125	-1.196819	 0.501170	-0.530140	 0.274060	 0.973403	-2.541682	-0.761833	 0.487973
-1.222035	-4.209794	 0.337696	-0.241125	-1.078750	 0.500163	-0.514993	 0.274061	 0.969967	-2.531491	-0.274166	 0.487232
-1.217147	-4.192955	 0.337803	-0.241125	-1.017795	 0.499660	-0.507420	 0.274061	 0.966316	-2.521352	-0.030332	 0.486861
-1.212278	-4.176183	 0.337857	-0.241125	-0.985403	 0.499408	-1.003634	 0.274061	 0.462565	-2.511261	 0.091585	 0.486676
-1.207429	-4.159478	 0.337884	-0.241125	-0.967302	 0.499283	-1.248741	 0.274061	 0.210690	-2.501213	 0.152544	 0.486583
-1.202599	-4.142841	 0.337897	-0.241125	-1.456352	 0.499220	-1.368306	 0.274061	 0.584752	-2.491207	-0.316977	 0.486537
-1.197789	-4.126269	 0.337904	-0.241124	-1.696987	 0.499188	-1.425114	 0.274061	 0.769866	-2.481241	-0.550164	 0.486514
-1.192998	-4.109764	 0.337907	-0.241124	-1.813429	 0.499173	-1.450553	 0.274061	 0.860513	-2.471316	-0.665191	 0.486502
-1.188226	-4.093325	 0.337909	-0.241124	-1.367790	 0.499165	-1.460321	 0.274061	 0.903934	-2.461430	-0.721144	 0.986496
-1.183473	-4.076952	 0.337910	-0.241124	-1.143126	 0.499161	-1.462265	 0.274061	 0.923750	-2.451584	-0.747567	 1.233520
-1.178739	-4.060644	 0.337910	-0.241124	-1.028958	 0.499159	-1.460308	 0.774061	 0.931770	-2.441778	-0.259230	 0.854071
-1.174024	-4.044401	 0.337910	-0.241124	-0.970044	 0.499158	-1.456413	 1.021513	 0.933901	-2.432011	-0.015061	 0.664347
-1.169328	-4.028224	 0.337910	-0.241124	-0.938764	 0.499157	-0.951561	 1.142701	 0.933094	-2.422283	 0.107023	 0.569485
-1.164651	-4.012111	 0.337910	-0.241124	-0.921310	 0.499157	-0.699135	 1.200768	 0.930827	-2.412594	 0.168065	 0.522053
-1.159992	-3.996062	 0.337911	-0.241124	-0.910775	-0.000843	-1.072922	 0.727283	 0.927836	-2.402943	-0.301414	 0.498338
-1.155352	-3.980078	 0.337911	-0.241124	-0.903707	-0.249841	-1.256922	 0.490541	 0.924490	-2.393331	-0.534612	 0.486480
-1.150731	-3.964158	 0.337911	-0.241124	-0.898380	-0.374341	-1.346040	 0.372170	 0.920975	-2.383758	-0.649675	 0.480551
-1.146128	-3.948301	 0.337911	-0.241124	-0.893930	 0.063410	-0.887728	 0.312984	 0.917383	-2.374223	-0.205677	 0.477587
-1.141543	-3.932508	 0.337911	-0.241124	-0.889926	 0.281283	-0.658573	 0.283391	 0.913759	-2.364726	 0.016322	 0.476105
-1.136977	-3.916778	 0.337911	-0.241124	-0.886152	 0.390219	-1.043995	 0.768595	 0.910127	-2.355267	-0.372679	 0.475363
-1.132429	-3.901111	 0.337911	-0.241124	-0.882501	 0.444687	-1.233847	 1.008689	 0.906498	-2.345846	-0.565656	 0.474993
-1.127899	-3.885506	 0.337911	-0.241124	-0.878917	 0.471921	-1.325926	 0.626239	 0.902878	-2.836463	-0.660627	 0.474808
-1.123388	-3.869964	 0.337911	-0.241124	-0.875375	 0.485539	-1.369129	 0.435013	 0.899269	-3.075117	-0.706601	 0.474715
-1.118894	-3.854485	 0.337911	-0.241124	-0.871860	 0.492347	-1.387906	 0.339401	 0.895673	-2.687817	-0.228083	 0.474669
-1.114419	-3.839067	 0.337911	-0.241124	-0.868366	 0.495751	-1.394482	 0.291594	 0.892091	-2.489565	 0.011176	 0.474645
-1.109961	-3.823710	 0.337911	-0.241124	-0.864889	 0.497453	-1.394967	 0.267691	 0.888523	-2.385857	 0.130805	 0.474634
-1.105521	-3.808415	 0.337911	-0.241124	-0.861428	 0.498305	-0.892419	 0.755740	 0.884970	-2.329439	 0.190620	 0.474628
-1.101099	-3.793182	 0.337911	-0.241124	-0.857981	 0.498730	-0.641145	 0.997276	 0.881430	-2.296683	 0.220527	 0.474625
-1.096695	-3.278009	 0.337911	-0.241124	-0.854549	 0.498943	-0.515508	 1.115567	 0.877904	-2.275778	 0.235481	 0.474624
-1.092308	-3.014897	 0.337911	-0.241124	-0.851130	 0.499049	-0.452689	 1.172245	 0.874392	-2.260815	 0.242958	 0.474623
-1.087939	-2.877837	 0.337911	-0.241124	-0.847726	 0.499102	-0.421280	 1.198126	 0.870895	-2.248842	-0.253304	 0.474623
-1.083587	-2.803826	 0.337911	-0.241124	-0.844335	 0.499129	-0.405575	 1.208618	 0.867411	-2.238382	-0.499935	 0.474622
-1.079252	-2.761361	 0.337911	-0.241124	-0.840957	 0.499142	-0.397723	 1.211426	 0.863942	-2.228696	-0.121758	 0.474622
-1.074935	-2.734690	 0.337911	-0.241124	-0.837594	 0.499149	-0.393797	 1.210402	 0.860486	-2.219415	 0.067331	 0.474622
-1.070636	-2.715939	 0.337911	-0.241124	-0.834243	 0.499152	-0.391834	 1.207471	 0.857044	-2.210354	 0.161875	 0.474622
-1.066353	-3.201169	 0.337911	-0.241124	-0.830906	-0.000846	-0.890852	 1.203596	 1.353616	-2.201421	 0.209147	 0.474622
-1.062088	-3.436411	 0.337911	-0.241124	-0.827583	-0.249844	-1.137582	 1.199259	 1.598201	-2.192570	 0.232783	 0.474622
-1.057839	-3.046689	 0.337911	-0.241124	-0.824272	 0.125658	-1.258178	 0.694701	 1.216809	-2.183777	 0.244601	 0.474622
-1.053608	-2.846514	 0.337911	-0.241124	-0.820975	 0.312406	-1.315718	 0.442422	 1.024441	-2.175030	 0.250510	 0.474622
-1.049394	-2.741134	 0.337911	-0.241124	-0.817691	 0.405780	-0.841742	 0.316282	 0.926594	-2.166324	-0.246535	 0.474622
-1.045196	-2.683172	 0.337911	-0.241124	-0.814421	 0.452467	-0.604754	 0.253213	 0.876012	-2.157656	-0.493571	 0.474622
-1.041015	-3.148941	 0.337911	-0.241124	-0.811163	 0.475811	-0.986260	 0.721678	-0.150929	-2.149024	-0.115607	 0.474622
-1.036851	-3.374596	 0.337911	-0.241124	-0.807918	 0.487483	-1.174277	 0.953530	-0.662044	-2.140427	 0.073374	 0.474622
-1.032704	-3.480223	 0.337911	-0.241124	-0.804687	 0.493318	-1.265561	 1.067085	-0.915256	-2.131865	 0.167865	 0.474622
-1.028573	-3.525865	 0.337911	-0.241124	-0.801468	-0.003764	-0.808490	 1.121502	-0.039524	-2.123338	 0.215111	 0.474622
-1.024459	-3.541543	 0.337911	-0.241124	-0.798262	-0.251303	-0.579954	 1.146358	 0.396669	-2.114844	 0.238733	 0.474622
-1.020361	-3.042267	 0.337911	-0.241124	-0.795069	 0.124927	-0.965686	 1.156444	 0.613100	-2.106385	 0.250545	 0.974622
-1.016279	-2.787543	 0.337911	-0.241124	-0.791889	 0.312040	-1.155849	 1.159154	 0.719656	-2.097959	 0.256450	 1.221673
-1.012214	-3.155116	 0.337911	-0.241124	-0.788721	 0.405597	-1.248239	 1.158185	 0.771282	-2.089567	 0.259403	 0.842261
-1.008165	-3.331857	 0.337911	-0.241124	-0.785566	 0.452375	-1.291752	 1.155386	 0.795449	-2.081209	 0.260880	 0.652555
-1.004133	-3.413210	 0.337911	-0.241124	-0.782424	 0.475764	-0.810839	 1.151682	 0.805893	-2.072884	 0.261618	 1.057702
-1.000116	-3.446898	 0.337911	-0.241124	-0.779294	 0.487459	-0.570382	 1.147533	 0.809483	-2.064593	 0.261987	 1.257350
-0.996116	-3.456780	 0.337911	-0.241124	-0.776177	 0.493306	-0.450153	 1.143172	 0.809651	-2.056334	-0.237829	 0.854260
-0.992131	-3.454788	 0.337911	-0.241124	-0.773072	 0.496229	-0.390039	 1.138714	 0.808116	-2.048109	-0.486261	 0.652715
-0.988163	-3.446886	 0.337911	-0.241124	-0.769980	 0.497691	-0.359982	 1.134217	 0.805735	-2.039917	-0.609008	 0.551942
-0.984210	-3.436058	 0.337911	-0.241124	-0.766900	 0.498422	-0.844953	 1.129709	 1.302938	-2.031757	-0.168918	 0.501556
-0.980273	-3.423793	 0.337911	-0.241124	-0.763832	 0.498788	-1.084779	 1.125204	 1.547939	-2.023630	 0.051127	 0.476363
-0.976352	-2.910837	 0.337911	-0.241124	-0.760777	-0.001030	-0.702043	 1.120710	 1.166854	-2.015535	-0.338850	 0.463766
-0.972447	-2.649564	 0.337911	-0.241124	-0.757734	-0.249937	-0.510675	 1.116231	 0.974740	-2.007473	-0.532381	 0.457468
-0.968557	-2.514151	 0.337911	-0.241124	-0.754703	 0.125610	-0.414991	 1.111768	 0.877118	-1.999443	-0.127695	 0.454319
-0.964683	-2.441686	 0.337911	-0.241124	-0.751684	 0.312381	-0.367149	 1.107322	 0.826747	-1.991446	 0.074648	 0.452744
-0.960824	-2.400716	 0.337911	-0.241124	-0.748678	 0.405766	-0.343228	 1.102893	 0.800010	-1.983480	 0.175820	 0.951957
-0.956981	-2.375511	 0.337911	-0.241124	-0.745683	 0.452459	-0.331267	 1.098482	 0.785094	-1.975546	 0.226406	 1.198661
-0.953153	-2.358208	 0.337911	-0.241124	-0.742700	 0.475805	-0.325287	 1.094088	 0.776096	-1.967644	 0.251698	 1.319122
-0.949340	-2.344875	 0.337911	-0.241124	-0.739729	 0.487479	-0.322297	 1.089712	 0.770063	-1.959773	-0.235655	 0.876474
-0.945543	-2.333545	 0.337911	-0.241124	-0.736770	 0.493315	-0.320802	 1.085353	 0.765518	-1.951934	-0.477886	 0.655149
-0.941761	-2.323236	 0.337911	-0.241124	-0.733823	 0.496234	-0.320054	 1.081011	 0.761724	-1.944126	-0.597561	 0.544487
-0.937994	-2.313455	 0.337911	-0.241124	-0.730888	 0.497693	-0.319681	 1.076687	 0.758311	-1.936350	-0.655964	 0.489156
-0.934242	-2.303958	 0.337911	-0.241124	-0.727964	 0.498422	-0.319494	 1.072381	 0.755094	-1.928604	-0.683737	 0.461491
-0.930505	-2.294620	 0.337911	-0.241124	-0.725053	 0.498787	-0.319400	 1.068091	 0.751983	-1.920890	-0.696200	 0.447658
-0.926783	-2.285381	 0.337911	-0.241124	-0.722152	 0.498969	-0.319353	 1.063819	 0.748929	-1.913206	-0.701015	 0.440741
-0.923076	-2.776209	 0.337911	-0.241124	-0.719264	 0.499061	-0.319330	 1.059563	 0.745910	-1.905554	-0.202010	 0.437283
-0.919383	-3.015088	 0.337911	-0.241124	-0.716387	 0.499106	-0.319318	 1.055325	 0.742915	-1.897931	 0.047492	 0.435554
-0.915706	-3.128020	 0.337911	-0.241124	-0.713521	 0.499129	-0.319313	 1.051104	 0.739938	-1.890340	 0.172243	 0.434690
-0.912043	-2.678005	 0.337911	-0.241124	-0.710667	 0.499140	-0.319310	 1.046899	 0.736975	-1.882778	-0.265381	 0.434257
-0.908395	-2.448541	 0.337911	-0.241124	-0.707824	 0.499146	-0.319308	 1.042712	 0.734026	-1.875247	-0.482788	 0.434041
-0.904761	-2.329371	 0.337911	-0.241124	-0.704993	 0.499149	-0.319308	 1.038541	 0.731089	-1.867746	-0.590090	 0.433933
-0.901142	-2.265365	 0.337911	-0.241124	-0.702173	 0.499150	-0.319307	 1.034387	 0.728164	-1.860275	-0.642347	 0.433879
-0.897538	-2.728960	 0.337911	 0.258876	-0.699364	 0.499151	-0.319307	 1.030249	 0.725251	-1.852834	-0.667086	 0.933852
-0.893947	-2.954372	 0.337911	 0.507358	-0.696567	 0.499151	-0.319307	 1.026128	 0.722350	-1.845423	-0.678072	 1.180971
-0.890372	-2.560718	 0.337911	 0.130087	-0.693781	 0.499152	-0.319307	 1.022024	 0.719461	-1.838041	-0.182187	 0.801674
-0.886810	-2.359557	 0.337911	-0.058548	-0.691006	 0.499152	-0.319307	 1.017936	 0.716583	-1.830689	 0.065756	 0.612026
-0.883263	-2.254660	 0.337911	-0.152866	-0.688242	 0.499152	-0.319307	 1.013864	 0.713717	-1.823366	 0.189727	 0.517202
-0.879730	-2.197912	 0.337911	-0.200025	-0.685489	-0.000848	-0.319307	 1.009808	 0.710862	-1.816073	-0.248287	 0.469789
-0.876211	-2.165256	 0.337911	-0.223604	-0.682747	-0.249846	-0.319307	 1.005769	 0.708018	-1.808808	-0.465922	 0.446083
-0.872706	-2.144662	 0.337911	-0.235394	-0.680016	 0.125654	-0.319307	 1.001746	 0.705186	-1.801573	-0.073372	 0.434230
-0.869215	-2.130117	 0.337911	-0.241288	-0.677296	 0.312402	-0.319307	 0.997739	 0.702366	-1.794367	 0.122903	 0.428304
-0.865738	-2.118614	 0.337911	-0.244236	-0.674586	 0.405777	-0.319307	 0.993748	 0.699556	-1.787189	-0.278959	 0.425341
-0.862275	-2.108648	 0.337911	-0.245710	-0.671888	 0.452464	-0.319307	 0.989773	 0.696758	-1.780041	-0.478529	 0.423859
-0.858826	-2.099468	-0.162089	-0.246446	-0.669201	 0.475807	-0.319307	 0.985814	 0.693971	-1.772921	-0.576958	 0.423118
-0.855391	-2.090697	-0.410765	-0.246815	-0.666524	 0.487479	-0.319307	 0.981871	 0.691195	-1.765829	-0.624821	 0.422748
-0.851969	-2.082148	-0.533784	-0.246999	-0.663858	 0.493315	-0.319307	 0.977943	 0.688430	-1.758766	-0.647408	 0.422563
-0.848562	-2.073726	 0.406020	-0.247091	-0.661202	 0.496233	-0.319307	 0.974032	 1.185676	-1.751730	-0.157361	 0.422470
-0.845167	-2.065384	 0.873230	-0.247137	-0.658557	 0.497692	-0.319307	 0.970135	 1.430934	-1.744724	 0.087663	 0.422424
-0.841787	-2.057099	 0.604155	-0.247160	-0.655923	 0.498421	-0.319307	 0.966255	 1.050210	-1.737745	 0.210174	 0.422401
-0.838419	-2.048859	 0.469617	-0.247172	-0.653299	 0.498786	-0.319307	 0.962390	 0.858509	-1.730794	 0.271430	 0.422389
-0.835066	-2.040658	 0.402348	-0.247178	-0.650686	 0.498968	-0.319307	 0.958540	 0.761325	-1.723870	-0.197942	 0.422383
-0.831726	-2.032493	 0.368713	-0.247180	-0.648084	 0.499059	-0.319307	 0.954706	 0.711405	-1.716975	-0.431293	 0.422380
-0.828399	-2.024361	 0.351896	 0.252818	-0.645491	 0.499105	-0.319307	 0.950887	 0.685122	-1.710107	-0.046640	 0.422379
-0.825085	-2.016263	 0.343487	 0.501312	-0.642909	 0.499128	-0.319307	 0.947084	 0.670663	-1.703267	 0.145687	 0.422378
-0.821785	-2.008197	 0.339283	 0.624059	-0.640338	 0.499139	-0.319307	 0.943295	 0.662120	-1.696454	 0.241850	 0.422378
-0.818498	-2.000165	 0.337181	 0.183939	-0.637776	 0.499145	-0.319307	 0.939522	 0.656542	-1.689668	-0.210068	 0.922378
-0.815224	-1.992164	 0.336130	-0.036121	-0.635225	 0.499148	-0.319307	 0.935764	 0.652451	-1.682909	-0.434703	 1.169533
-0.811963	-1.984195	 0.835604	-0.146151	-0.632684	 0.499149	-0.319307	 0.932021	 0.649109	-1.676177	-0.545702	 0.790277
-0.808715	-1.976258	 1.082671	-0.201166	-0.630154	 0.499150	-0.319307	 0.928293	 0.646146	-1.669473	-0.599888	 0.600649
-0.805480	-1.968353	 0.703545	-0.228674	-0.627633	 0.499150	-0.319307	 0.924580	 0.643379	-1.662795	-0.625673	 0.505835
-0.802258	-1.960480	 0.513983	-0.242427	-0.625122	 0.499150	-0.319307	 0.920882	 0.640714	-1.656144	-0.637262	 0.458428
-0.799049	-2.452638	 0.419201	 0.250696	-0.622622	 0.499151	-0.319307	 0.917198	 0.638105	-1.649519	-0.141760	 0.434725
-0.795853	-2.692827	 0.371810	 0.495770	-0.620131	 0.499151	-0.319307	 0.913529	 0.635530	-1.642921	 0.105992	 0.422873
-0.792669	-2.807056	 0.348115	 0.616825	-0.617651	 0.499151	-0.319307	 0.909875	 0.632976	-1.636349	 0.229868	 0.416947
-0.789499	-2.358328	 0.336267	 0.175877	-0.615180	 0.499151	-0.319307	 0.906236	 1.130439	-1.129804	-0.208194	 0.413984
-0.786341	-2.130144	 0.330343	-0.044597	-0.612720	 0.499151	-0.319307	 0.902611	 1.375914	-0.875285	-0.425933	 0.412503
-0.783195	-2.012249	 0.327381	-0.154834	-0.110269	 0.499151	-0.319307	 0.899000	 0.995409	-1.246784	-0.533515	 0.911762
-0.780063	-1.949512	 0.325901	-0.209953	 0.140957	 0.499151	-0.319307	 0.895404	 0.803926	-1.429296	-0.586024	 1.158569
-0.776942	-1.914371	 0.325160	-0.237512	-0.233431	 0.499151	-0.319307	 0.891823	 0.706960	-1.517329	-0.111001	 0.779163
-0.773835	-1.893041	 0.324790	-0.251292	-0.419409	 0.499151	-0.319307	 0.888255	 0.657257	-1.558135	 0.126510	 0.589459
-0.770739	-1.878633	 0.324605	 0.241819	-0.511187	 0.499151	-0.319307	 0.884702	 0.631191	-1.575340	 0.245266	 0.494607
-0.767656	-1.867701	 0.324512	 0.486904	-0.555870	 0.499151	-0.319307	 0.881164	 0.616947	-1.580757	 0.304644	 0.447181
-0.764586	-1.858521	 0.324466	 0.607982	-0.577010	 0.499151	-0.319307	 0.877639	 0.608620	-1.580294	 0.334333	 0.423468
-0.761527	-1.850232	 0.324443	 0.167064	-0.586384	 0.499151	-0.319307	 0.874128	 0.603256	-1.576902	 0.349177	 0.411612
-0.758481	-1.842404	 0.324431	-0.053396	-0.589880	 0.499151	-0.319307	 0.870632	 0.599378	-1.572059	 0.356599	 0.405684
-0.755447	-1.834821	 0.324425	 0.336375	-0.090441	 0.499151	-0.319307	 0.367149	 1.096248	-1.066504	 0.360311	 0.402720
-0.752426	-1.827375	 0.324422	 0.529807	 0.159279	 0.499151	-0.319307	 0.115408	 1.341497	-0.812604	 0.362166	 0.401238
-0.749416	-1.820012	 0.324421	 0.125077	-0.215862	 0.499151	-0.319307	 0.489537	 1.460948	-1.184536	-0.136906	 0.900497
-0.746418	-1.812705	 0.324420	-0.077288	-0.402250	 0.499151	-0.319307	 0.674875	 1.517512	-1.367390	-0.385170	 1.147327
-0.743432	-1.805441	 0.324420	-0.178470	 0.005734	 0.499151	-0.319307	 0.765823	 1.542647	-1.455716	-0.508036	 0.767953
-0.740459	-1.798213	 0.324420	-0.229061	 0.209725	 0.499151	-0.319307	 0.809584	 1.552078	-1.496791	-0.568206	 0.578267
-0.737497	-1.791016	 0.324420	-0.254357	 0.311721	 0.499151	-0.319307	 0.829757	 1.053671	-1.514253	-0.597035	 0.483423
-0.734547	-1.783851	 0.324420	-0.267005	 0.362719	 0.499151	-0.319307	 0.838144	 0.803357	-1.519920	-0.610198	 0.436002
-0.731609	-1.776714	 0.324420	-0.273329	 0.388218	 0.499151	-0.319307	 0.840645	 0.677094	-1.519703	-0.615532	 0.412291
-0.728682	-1.769607	 0.324420	-0.276491	-0.099033	 0.499151	-0.319307	 0.340208	 0.612860	-1.516555	-0.116958	 0.900435
-0.725768	-1.762528	 0.324420	-0.278072	-0.341485	 0.499151	-0.319307	 0.089990	 0.579646	-1.511955	 0.132330	 1.141730
-0.722864	-1.755478	 0.324420	-0.278862	-0.461544	 0.499151	-0.319307	 0.464881	 1.061947	-1.506640	-0.243027	 0.759612
-0.719973	-1.748456	 0.324420	-0.279257	-0.520410	 0.499151	-0.319307	 0.650647	 1.300008	-1.500979	-0.429468	 0.568553
-0.717093	-1.741462	 0.324420	-0.279455	-0.548684	 0.499151	-0.319307	 0.741857	 1.415963	-1.495159	-0.521457	 0.473023
-0.714225	-1.734497	 0.324420	-0.279554	-0.561668	 0.499151	-0.319307	 0.785796	 1.470876	-1.489270	-0.566225	 0.425258
-0.711368	-1.727559	 0.324420	 0.220397	-0.567010	 0.499151	-0.319307	 0.806106	 1.495282	-1.483358	-0.587387	 0.401376
-0.708522	-1.720648	 0.324420	 0.468931	-0.568536	 0.499151	-0.319307	 0.814609	 1.504445	-1.477448	-0.596750	 0.389435
-0.705688	-1.713766	 0.324420	 0.591764	-0.568160	 0.499151	-0.319307	 0.817213	 1.505999	-1.471549	-0.600220	 0.383464
-0.702866	-2.206911	 0.324420	 0.151751	-0.566836	 0.499151	-0.319307	 0.816876	 1.503761	-1.465669	-0.600747	 0.380479
-0.700054	-2.448083	 0.324420	-0.068256	-0.565043	 0.499151	-0.319307	 0.815075	 1.499639	-1.459809	-0.599809	 0.378986
-0.697254	-2.063291	 0.324420	 0.321741	-0.063020	 0.499151	-0.319307	 0.812547	 0.994587	-1.453971	-0.598141	 0.378240
-0.694465	-1.867538	 0.324420	 0.515316	 0.187992	 0.499151	-0.319307	 0.809663	 0.742061	-1.448156	-0.596115	 0.377867
-0.691687	-1.766317	 0.324420	 0.610686	-0.186502	 0.499151	-0.319307	 0.806608	 0.615798	-1.442364	-0.593914	 0.377680
-0.688920	-1.712377	 0.324420	 0.656958	-0.372627	 0.499151	-0.319307	 0.803473	 0.552667	-1.436595	-0.591629	 0.377587
-0.686165	-1.682090	 0.324420	 0.178688	 0.035428	 0.499151	-0.319307	 0.800305	 1.021101	-1.430848	-0.089309	 0.377540
-0.683420	-1.663643	 0.324420	-0.060447	 0.239455	 0.499151	-0.319307	 0.797127	 1.252339	-1.425125	 0.161852	 0.377517
-0.680686	-1.651129	 0.324420	-0.180014	 0.341469	 0.499151	-0.319307	 0.793950	 1.364991	-1.419425	 0.287432	 0.377505
-0.677963	-1.641595	 0.324420	-0.239798	-0.107524	 0.499151	-0.819307	 0.790780	 1.418361	-1.413747	 0.350222	 0.377499
-0.675252	-1.633564	 0.324420	-0.269690	-0.330908	 0.499151	-1.066668	 0.787619	 1.442103	-1.408092	 0.381617	 0.377496
-0.672551	-1.626297	 0.324420	-0.284636	-0.441491	-0.000849	-0.687721	 0.784470	 1.451043	-1.402460	-0.102685	 0.377495
-0.669860	-1.619426	 0.324420	-0.292109	-0.495679	-0.249848	-0.498247	 0.781333	 1.452592	-1.396850	-0.343663	 0.377494
-0.667181	-1.612765	 0.824420	 0.204155	-0.521673	 0.125653	-0.403510	 0.778208	 1.450459	-1.391262	-0.462982	 0.377494
-0.664512	-1.606222	 1.071771	 0.450885	-0.533574	 0.312401	-0.356142	 0.775096	 1.446495	-1.385697	-0.521477	 0.377494
-0.661854	-1.599751	 0.692808	 0.072856	-0.538434	 0.405775	-0.332458	 0.771995	 1.441629	-1.380154	-0.549565	 0.877494
-0.659207	-1.593330	 0.503327	-0.116159	-0.539777	 0.452462	-0.320616	 0.768907	 1.436322	-1.374634	-0.562453	 1.124739
-0.656570	-1.586945	 0.408586	-0.210667	-0.539367	 0.475806	-0.314694	 0.765832	 1.430806	-1.369135	-0.067747	 0.745617
-0.653944	-1.580591	 0.361216	-0.257920	-0.538084	 0.487478	-0.311734	 0.762768	 1.425198	-1.363659	 0.179606	 0.556056
-0.651328	-1.574266	 0.337531	-0.281547	-0.536368	 0.493314	-0.310254	 0.759717	 0.919555	-1.358204	-0.196717	 0.461276
-0.648723	-1.567968	 0.325688	-0.293361	-0.534442	 0.496231	-0.309514	 0.756678	 0.666733	-1.352771	-0.383733	 0.413886
-0.646128	-1.561695	 0.319767	 0.200733	-0.532413	 0.497690	-0.809143	 0.753652	 1.040322	-1.347360	 0.023901	 0.390191
-0.643543	-1.555448	 0.316806	 0.446390	-0.530338	 0.498420	-1.056341	 0.750637	 1.224289	-1.341971	 0.227718	 0.378343
-0.640969	-1.549226	 0.815326	 0.567834	-0.528244	-0.001215	-0.677333	 0.747635	 1.313456	-1.336603	 0.329626	 0.872419
-0.638405	-1.543029	 1.061958	 0.627178	-0.526145	-0.250031	-0.487828	 0.744644	 1.355234	-1.331256	 0.380581	 1.116724
-0.635852	-1.536857	 1.182657	 0.655476	-0.524047	-0.374439	-0.393076	 0.741665	 1.373329	-1.325931	 0.406058	 1.236155
-0.633308	-1.530709	 0.740399	 0.168258	-0.521954	 0.063357	-0.345700	 0.738699	 0.879594	-1.320628	-0.081204	 1.293159
-0.630775	-1.524586	 0.519271	-0.075351	-0.519868	 0.281252	-0.322012	 0.735744	 0.632726	-1.315345	-0.323697	 1.318961
-0.628252	-1.518488	 0.408707	-0.197155	-0.517789	 0.390200	-0.310168	 0.732801	 0.509292	-1.310084	 0.056188	 0.829172
-0.625739	-1.512414	 0.353424	-0.258058	-0.515719	 0.444674	-0.304246	 0.729870	 0.447575	-1.304843	 0.246131	 0.584278
-0.623236	-1.506364	 0.325783	 0.211491	-0.013656	 0.471911	-0.301285	 0.726950	 0.916717	-1.299624	 0.341102	 0.461831
-0.620743	-1.500339	 0.311963	 0.444904	 0.237375	 0.485530	-0.299805	 0.724043	 1.148516	-1.294426	 0.388588	 0.400607
-0.618260	-1.494338	 0.305052	 0.560253	 0.362891	 0.492339	-0.299064	 0.721146	 1.261655	-1.289248	 0.412331	 0.369995
-0.615787	-1.488360	 0.801597	 0.616577	 0.425649	 0.495744	-0.298694	 0.718262	 1.315475	-1.284091	-0.075798	 0.354689
-0.613324	-1.482407	 1.047274	 0.643393	 0.457028	 0.497446	-0.298509	 0.715389	 1.339646	-1.278955	-0.318734	 0.347036
-0.610870	-1.476477	 1.167526	 0.655460	 0.472717	 0.498297	-0.298417	 0.712527	 1.349004	-1.273839	-0.439079	 0.343210
-0.608427	-1.470571	 1.225076	 0.660159	-0.019438	 0.498723	-0.298370	 0.709677	 1.350966	-1.268743	 0.001867	 0.841297
-0.605993	-1.464689	 1.251286	 0.661179	-0.264493	 0.498935	-0.298347	 0.706838	 1.349242	-1.263668	 0.222340	 1.087661
-0.603569	-1.458830	 1.261836	 0.660364	-0.386001	 0.499042	-0.298336	 0.704011	 1.345684	-1.258614	-0.167423	 1.208176
-0.601155	-1.452995	 1.264566	 0.658638	-0.445740	 0.499095	-0.298330	 0.701195	 1.341221	-1.253579	-0.361190	 1.265775
-0.598750	-1.447183	 1.263397	 0.656461	 0.025402	 0.499122	-0.298327	 0.698390	 1.336316	-1.248565	 0.043036	 1.291928
-0.596355	-1.441394	 1.260288	 0.654064	 0.260972	 0.499135	-0.298326	 0.695597	 1.331201	-1.243571	 0.245149	 1.302369
-1.093970	-1.435629	 1.256219	 0.651562	 0.378758	 0.499142	-0.298325	 0.692814	 1.325991	-1.238596	-0.153794	 0.804963
-1.339594	-1.429886	 1.251680	 0.649013	 0.437650	 0.499145	-0.298325	 0.690043	 1.320745	-1.233642	-0.352161	 0.556261
-1.459236	-1.424167	 1.246916	 0.646445	 0.467097	 0.499147	-0.298324	 0.687283	 1.315490	-1.228707	-0.450243	 0.431909
-1.015899	-1.418470	 1.242050	 0.643874	 0.481820	 0.499147	-0.798324	 0.684534	 1.310243	-1.223793	-0.498187	 0.869734
-0.793085	-1.412796	 1.237143	 0.641305	 0.489182	 0.499148	-1.045728	 0.681796	 1.305009	-1.218897	-0.521067	 1.086031
-0.680538	-1.407145	 0.732225	 0.638744	-0.007138	 0.499148	-0.666843	 0.679068	 1.299793	-1.214022	-0.031419	 1.191575
-0.623128	-1.401516	 0.479766	 0.636191	-0.254290	 0.499148	-0.477401	 0.676352	 1.294595	-1.209166	 0.213405	 1.241752
-0.593292	-1.395910	 0.353536	 0.633647	 0.123136	 0.499148	-0.382680	 0.673647	 1.289418	-1.204329	-0.164183	 1.264257
-0.577247	-1.390327	 0.290421	 0.631113	 0.310848	 0.499148	-0.335319	 0.670952	 1.284261	-1.199512	-0.351894	 1.272936
-0.568102	-1.384765	 0.258864	 0.128588	-0.095296	 0.499148	-0.311639	 0.668268	 1.279124	-1.194714	 0.055330	 0.774712
-0.562412	-1.379226	 0.243085	-0.122674	-0.297365	 0.499148	-0.299799	 0.665595	 1.274007	-1.189935	 0.258942	 0.525601
-0.558453	-1.373709	 0.235196	-0.248305	-0.398399	 0.499148	-0.293878	 0.662933	 1.268911	-1.185175	 0.360748	 0.401045
-0.555365	-1.368214	 0.231251	-0.311120	-0.448917	 0.499148	-0.290918	 0.660281	 1.263836	-1.180434	 0.411651	 0.838767
-0.552716	-1.362742	 0.229279	-0.342528	-0.474175	 0.499148	-0.289438	 0.657640	 1.258780	-1.175713	 0.437103	 1.055075
-0.550291	-1.357291	 0.228293	 0.141768	 0.013196	 0.499148	-0.788698	 0.655009	 1.253745	-1.171010	 0.449829	 0.660686
-0.547983	-1.351861	 0.227800	 0.382664	 0.255880	 0.499148	-1.035752	 0.652389	 1.248730	-1.166326	 0.456191	 0.463492
-0.545738	-1.346454	 0.227553	 0.501865	-0.122778	 0.499148	-0.656714	 0.649780	 1.243735	-0.661661	-0.040627	 0.864894
-0.543528	-1.341068	 0.227430	 0.560223	-0.311104	 0.499148	-0.467195	 0.647181	 1.238760	-0.409328	-0.287961	 1.063063
-0.541341	-1.335704	 0.227368	 0.088165	-0.405267	 0.499148	-0.372435	 0.644592	 1.233805	-0.783162	-0.410558	 1.159625
-0.539169	-1.330361	 0.227337	-0.147864	-0.452349	 0.499148	-0.325055	 0.642014	 1.228870	-0.967764	-0.470790	 1.205394
-0.537009	-1.325040	 0.227322	-0.265878	-0.475890	 0.499148	-0.301365	 0.639446	 1.223955	-1.057761	-0.499844	 1.225776
-0.534859	-1.319740	 0.727314	 0.175114	-0.487660	 0.499148	-0.289520	 0.636888	 1.219059	-0.600464	-0.013313	 1.233474
-0.532719	-1.314461	 0.974856	 0.394378	-0.493545	 0.499148	-0.283598	 0.634340	 1.214183	-0.371815	 0.229952	 1.234841
-0.530588	-1.309203	 0.596182	 0.002783	 0.003512	 0.499148	-0.280637	 0.631803	 1.209326	-0.757491	 0.351585	 0.733052
-0.528465	-1.303966	 0.406845	-0.193014	 0.251040	 0.499148	-0.279156	 0.629276	 1.204489	-0.948043	 0.412401	 0.482158
-0.526351	-1.298750	 0.812176	 0.209087	 0.374804	 0.499148	-0.278416	 0.626759	 1.199671	-0.541041	 0.442809	 0.856711
-0.524246	-1.293555	 1.012407	 0.408915	 0.436686	 0.499148	-0.278045	 0.624252	 1.194872	-0.337540	 0.458014	 1.041525
-0.522149	-1.288381	-0.889903	 0.507612	 0.467626	 0.499148	-0.277860	 0.621755	 1.190092	-0.735790	 0.465616	 1.131479
-0.520060	-1.283227	-1.835474	 0.555747	 0.483097	 0.499148	-0.277768	 0.619267	 1.185332	-0.932647	 0.469417	 1.174013
-0.517980	-1.278094	-0.802697	 0.578607	 0.490832	 0.499148	-0.277722	 0.616790	 1.180591	-1.028816	-0.028683	 1.192847
-0.515908	-1.272982	-0.286308	 0.588835	 0.494700	 0.499148	-0.277698	 0.614323	 1.175868	-1.074651	-0.276679	 1.199841
-0.513844	-1.267890	-0.028114	 0.592750	 0.496634	 0.499148	-0.277687	 0.611866	 1.171165	-1.095327	-0.399628	 1.200924
-0.511789	-1.262819	 0.600983	 0.593514	 0.497600	 0.499148	-0.277681	 0.609419	 1.166480	-1.103433	 0.039943	 0.699062
-0.509742	-1.257767	 0.913071	 0.592708	 0.498084	 0.499148	-0.277678	 0.606981	 1.161814	-1.105263	 0.259728	 0.448130
-0.507703	-1.252736	 1.066665	 0.591121	 0.498326	 0.499148	-0.277677	 0.604553	 1.157167	-0.603964	-0.130379	 0.822665
-0.505672	-1.247725	 1.141022	 0.589148	 0.498447	 0.499148	-0.277676	 0.602135	 1.152538	-0.353315	-0.324392	 1.007538
-0.503649	-1.242734	 1.175769	 0.586988	 0.498507	 0.499148	-0.777676	 0.599726	 1.147928	-0.727990	 0.079639	 1.097589
-0.501635	-1.237763	 1.190722	 0.584738	 0.498537	 0.499148	-1.025120	 0.597327	 1.143337	-0.913122	 0.281654	 1.140240
-0.500627	-1.232812	 0.695787	 0.582448	 0.498552	 0.499148	-0.646297	 0.594938	 1.138763	-1.003492	-0.117338	 1.159199
-0.500124	-1.227881	 0.448319	 0.580143	 0.498560	 0.499148	-0.456886	 0.592558	 1.134208	-1.046489	-0.315802	 1.166323
-0.499872	-1.222970	 0.324586	 0.577834	 0.498564	 0.499148	-0.362180	 0.590188	 1.129671	-1.065808	-0.414005	 1.167537
-0.499746	-1.218078	 0.262719	 0.575529	-0.001434	 0.499148	-0.314827	 0.587827	 1.125153	-1.073298	-0.462082	 0.665807
-0.499683	-1.213205	 0.231785	 0.573230	-0.250431	 0.499148	-0.291151	 0.585476	 1.120652	-1.074881	-0.485101	 0.414942
-0.499652	-1.208353	 0.716319	 0.570939	-0.374929	 0.499148	-0.279313	 0.583134	 1.116169	-0.573520	 0.004407	 0.289510
-0.499636	-1.203519	 0.956183	 0.568656	-0.437178	 0.499148	-0.273393	 0.580801	 1.111705	-0.322839	 0.249160	 0.226793
-0.499628	-1.198705	 1.073724	 0.566381	-0.468302	 0.499148	-0.770434	 0.578478	 1.107258	-0.697499	-0.128463	 0.195435
-0.499624	-1.193910	 1.130111	 0.564116	-0.483865	 0.499148	-1.016419	 0.576164	 1.102829	-0.882684	-0.316263	 0.179756
-0.499622	-1.189135	 0.655932	 0.561860	 0.008354	 0.999148	-0.636887	 0.573860	 1.098418	-0.473141	-0.409154	 0.671917
-0.499621	-1.184378	 0.418843	 0.559612	 0.253463	 1.246150	-0.447121	 0.571564	 1.094024	-0.268370	-0.454596	 0.915669
-0.499621	-1.179641	 0.300298	 0.557374	 0.376017	 1.366664	-0.352238	 0.569278	 1.089648	-0.165984	-0.476317	 1.035226
-0.499620	-1.174922	 0.241026	 0.055144	-0.062706	 0.923947	-0.304796	 0.567001	 1.085289	-0.114791	-0.487177	 1.092695
-0.499620	-1.170222	 0.211389	-0.195970	-0.281065	 0.702589	-0.281076	 0.564733	 1.080948	-0.089195	-0.492607	 1.119129
-0.499620	-1.165541	 0.196571	-0.321528	 0.109756	 0.591910	-0.269215	 0.562474	 1.076624	-0.576397	 0.004678	 0.630055
-0.499620	-1.160879	 0.189162	-0.384306	 0.304165	 0.536570	-0.263285	 0.560224	 1.072318	-0.817870	 0.252316	 0.385518
-0.499620	-1.156236	 0.185458	 0.084304	-0.098630	 0.508900	-0.260320	 0.557983	 1.068029	-0.936488	 0.376135	 0.763250
-0.499620	-1.151611	 0.183605	 0.317504	-0.299025	 0.495065	-0.258837	 0.555751	 1.063756	-0.993687	 0.438045	 0.949833
-0.499620	-1.147004	 0.182679	-0.066998	 0.100777	 0.488148	-0.258096	 0.553528	 1.059501	-1.020185	-0.031000	 1.040852
-0.499620	-1.142416	 0.182216	-0.259249	 0.299677	 0.484689	-0.257725	 0.551314	 1.055263	-1.031340	-0.264523	 1.084098
-0.499620	-1.137847	 0.181985	-0.355374	 0.399128	 0.482960	-0.257540	 0.549109	 1.051042	-1.034833	-0.381284	 1.103466
-0.499620	-1.133295	 0.681869	 0.096563	 0.448853	 0.482095	-0.257447	 0.546912	 1.046838	-0.534503	-0.439664	 1.110905
-0.499620	-1.128762	 0.929448	 0.321435	 0.473715	 0.481663	-0.257401	 0.544725	 1.042651	-0.284338	-0.468855	 1.112387
-0.499620	-1.124247	 0.550883	 0.432778	 0.486146	 0.481446	-0.257378	 0.542546	 1.038480	-0.659255	 0.016550	 0.610901
-0.499620	-1.119750	 0.361600	 0.487361	 0.492362	 0.481338	-0.257366	 0.540376	 1.034326	-0.844646	 0.258249	 0.360158
-0.499620	-1.115271	 0.266959	 0.513569	-0.004530	 0.481284	-0.257361	 0.538214	 1.030189	-0.935281	 0.379098	 0.734786
-0.499620	-1.110810	 0.219639	 0.525593	-0.251973	 0.481257	-0.257358	 0.536061	 1.026068	-0.978546	 0.439522	 0.919881
-0.499620	-1.106367	 0.195978	 0.030530	 0.124305	 0.481244	-0.257356	 0.533917	 1.021964	-0.998136	 0.469735	 0.510219
-0.499620	-1.101941	 0.184148	-0.217001	 0.311443	 0.481237	-0.257356	 0.531781	 1.017876	-1.005895	 0.484841	 0.305388
-0.499620	-1.097534	 0.178233	-0.340767	 0.405012	 0.481234	-0.257355	 0.529654	 1.013805	-1.007747	 0.492394	 0.202972
-0.499620	-1.093143	 0.175276	 0.097350	 0.451796	 0.481232	-0.257355	 0.527536	 0.509749	-1.006654	 0.496171	 0.651765
-0.499620	-1.088771	 0.173797	 0.315338	 0.475189	 0.481231	-0.257355	 0.525426	 0.257722	-1.004096	 0.498059	 0.873960
-0.499620	-1.084416	 0.173057	 0.423265	 0.486885	 0.481231	-0.257355	 0.523324	 0.631708	-1.000814	-0.000997	 0.982865
-0.499620	-1.080078	 0.172688	 0.476166	 0.492733	 0.481230	-0.257355	 0.521231	 0.816690	-0.997178	-0.249525	 1.035134
-0.499620	-1.075758	 0.672503	 0.501559	-0.004343	 0.481230	-0.257355	 0.519146	 0.907177	-0.993373	-0.373789	 1.059094
-0.499620	-1.071455	 0.920066	 0.513201	-0.251878	 0.481230	-0.257355	 0.517069	 0.950426	-0.989492	-0.435921	 1.068907
-0.499620	-1.067169	 0.541512	 0.017972	 0.124354	 0.481230	-0.257355	 0.515001	 0.970062	-0.985580	-0.466987	 1.071657
-0.499620	-1.062900	 0.352235	-0.229642	 0.311469	 0.481230	-0.257355	 0.512941	 0.977901	-0.981660	-0.482520	 1.070883
-0.499620	-1.058649	 0.257597	-0.353449	 0.405027	 0.481230	-0.257355	 0.510889	 0.979850	-0.977745	-0.490286	 1.068355
-0.499620	-1.054414	 0.210277	-0.415352	 0.451806	 0.481230	-0.257355	 0.508845	 0.978860	-0.973840	 0.005831	 1.064960
-0.499620	-1.050196	 0.186618	-0.446304	 0.475195	 0.481230	-0.257355	 0.506810	 0.976409	-0.969947	 0.252885	 1.061139
-0.499620	-1.045996	 0.174788	 0.038220	 0.486890	 0.481230	-0.257355	 0.504783	 0.973236	-0.466069	-0.123588	 0.557114
-0.499620	-1.041812	 0.168873	 0.279436	 0.492737	 0.481230	-0.257355	 0.502764	 0.969710	-0.214130	-0.310824	 0.305102
-0.499620	-1.037644	 0.165916	 0.399003	 0.495661	 0.481230	-0.257355	 0.500753	 0.966014	-0.588160	 0.095558	 0.679096
-0.499620	-1.033494	 0.164437	 0.457750	 0.497122	 0.481230	-0.257355	 0.499747	 0.962241	-0.773251	 0.297745	 0.863986
-0.499620	-1.029360	 0.163698	-0.013910	 0.497853	 0.981230	-0.257355	 0.499244	 0.958438	-0.863880	-0.101162	 0.454334
-0.499620	-1.025242	 0.163328	-0.249740	 0.498219	 1.228268	-0.257355	 0.498993	 0.954627	-0.907285	-0.299615	 0.249508
-0.499620	-1.021141	 0.163143	-0.367655	 0.498402	 1.348836	-0.257355	 0.498867	 0.950820	-0.927086	-0.398841	 0.147095
-0.499620	-1.017057	 0.163051	-0.426612	 0.498493	 0.906181	-0.257355	 0.498804	 0.947023	-0.935093	 0.051546	 0.095888
-0.499620	-1.012989	 0.163004	-0.456091	 0.498539	 0.684854	-0.257355	 0.498773	 0.943237	-0.937211	 0.275735	 0.070285
-0.499620	-1.008937	 0.662981	 0.029169	 0.498561	 0.574190	-0.257355	 0.498757	 0.939466	-0.936391	-0.112170	 0.057483
-0.499620	-1.004901	 0.910644	 0.270771	 0.498573	 0.518858	-0.257355	 0.498749	 0.935709	-0.934109	-0.305123	 0.051082
-0.499620	-1.000881	 0.532159	 0.390547	 0.498579	 0.491192	-0.257355	 0.498745	 0.931966	-0.431105	 0.098401	 0.047882
-0.499620	-0.996878	 0.342916	 0.449414	 0.498581	 0.477359	-0.257355	 0.498744	 0.928239	-0.179603	 0.299159	 0.046282
-0.499620	-0.992890	 0.748295	-0.022169	 0.498583	 0.470443	-0.257355	 0.498743	 0.924526	-0.053852	 0.399538	 0.545482
-0.499620	-0.988919	 0.948677	-0.257960	 0.498584	 0.466985	-0.257355	 0.498742	 0.920828	 0.009024	 0.449728	 0.792992
-0.499620	-0.984963	 1.046569	-0.375856	 0.498584	 0.465256	-0.257355	 0.498742	 0.917144	 0.040461	 0.474822	 0.914666
-0.499620	-0.981023	 0.593227	 0.065196	 0.498584	-0.035609	-0.257355	 0.498742	 0.913476	-0.443820	-0.012630	 0.473431
-0.499620	-0.977099	 0.366556	 0.284710	 0.498584	-0.284968	-0.257355	 0.498742	 0.909822	-0.684104	-0.255356	 0.252813
-0.499620	-0.973191	 0.253220	 0.393458	 0.498584	 0.091421	-0.257355	 0.498742	 0.906183	-0.302398	-0.376719	 0.642504
-0.499620	-0.969298	 0.196552	 0.446828	 0.498584	 0.279615	-0.257355	 0.498742	 0.902558	-0.111544	-0.437401	 0.835285
-0.499620	-0.965421	 0.668218	 0.472512	 0.498584	 0.373712	-0.257355	 0.498742	 0.898948	-0.516118	-0.467742	 0.429620
-0.499620	-0.961559	 0.901772	 0.485355	 0.498584	 0.420761	-0.257355	 0.498742	 0.895352	-0.716563	-0.482912	 0.226787
-0.499620	-0.957713	 1.016278	 0.491776	 0.498584	 0.444285	-0.257355	 0.498742	 0.891770	-0.814951	-0.490497	 0.125371
-0.499620	-0.953882	 1.071269	 0.494986	 0.498584	 0.456048	-0.257355	 0.498742	 0.888203	-0.862319	-0.494290	 0.074663
-0.499620	-0.950066	 1.096512	 0.496592	 0.498584	 0.461929	-0.257355	 0.498742	 0.884651	-0.884184	-0.496186	 0.049308
-0.499620	-0.946266	 0.606890	 0.497394	 0.498584	 0.464869	-0.257355	 0.498742	 0.881112	-0.893304	 0.002866	 0.536631
-0.499620	-0.942481	 0.362079	 0.497796	 0.498584	 0.466339	-0.257355	 0.498742	 0.877588	-0.896059	 0.251388	 0.778245
-0.499620	-0.938711	 0.239674	 0.497996	 0.498584	 0.467075	-0.257355	 0.498742	 0.874077	-0.395639	-0.124351	 0.897012
-0.499620	-0.934956	 0.178471	 0.498097	 0.498584	 0.467442	-0.257355	 0.498742	 0.870581	-0.145429	-0.311221	 0.954364
-0.499620	-0.931217	 0.147870	 0.498147	 0.498584	 0.467626	-0.257355	 0.498742	 0.867099	-0.020324	-0.404655	 0.981017
-0.499620	-0.927492	 0.132569	 0.498172	 0.498584	 0.467718	-0.257355	 0.498742	 0.863630	 0.042229	-0.451373	 0.992327
-0.499620	-0.923782	 0.124919	 0.498184	 0.498584	 0.467764	-0.257355	 0.498742	 0.860176	 0.073505	 0.025269	 0.995976
-0.499620	-0.920087	 0.121094	 0.498191	 0.498584	 0.467787	-0.257355	 0.498742	 0.856735	 0.089143	 0.262586	 0.995801
-0.499620	-0.916406	 0.119181	 0.498194	 0.498584	 0.467798	-0.257355	 0.498742	 0.353308	-0.403038	 0.381244	 0.493722
-0.499620	-0.912741	 0.118225	 0.498195	 0.498584	 0.467804	-0.257355	 0.498742	 0.101594	-0.647338	 0.440573	 0.242682
-0.499620	-0.909090	 0.117747	 0.498196	 0.498584	 0.467807	-0.257355	 0.498742	-0.024262	-0.767705	 0.470238	 0.117163
-0.499620	-0.905453	 0.617507	 0.498197	 0.498584	 0.967808	-0.257355	 0.498742	 0.412809	-0.826112	 0.485070	 0.554403
-0.499620	-0.901831	 0.865153	 0.498197	 0.498584	 1.214873	-0.257355	 0.498742	 0.629645	-0.853547	 0.492486	 0.771040
-0.499620	-0.898224	 0.486751	 0.498197	 0.498584	 0.835482	-0.257355	 0.498742	 0.736371	-0.865502	 0.496194	 0.877383
-0.499620	-0.894631	 0.297549	 0.498197	 0.498584	 0.645786	-0.257355	 0.498742	 0.788047	-0.869725	 0.498048	 0.928587
