-1.161285	-1.526488	 0.972427	 0.493093	 0.136323	 0.498420	 0.427582	 0.095812	 0.262980	 0.498786	-0.045191	 0.356145
-1.157105	-1.520382	 1.019252	 0.496498	 0.152053	 0.498420	 0.427582	 0.297749	 0.262980	 0.498786	-0.045191	 0.356145
-1.152709	-1.514300	 1.040533	 0.498201	 0.159918	 0.498420	 0.427582	 0.398718	 0.262980	 0.498786	-0.045191	 0.356145
-0.648215	-1.508243	 0.549050	 0.499052	 0.163850	 0.498420	 0.427582	-0.050798	 0.262980	 0.498786	-0.045191	 0.356145
-0.395967	-1.502210	 0.303308	 0.499478	 0.165817	 0.498420	 0.427582	-0.274556	 0.262980	 0.498786	-0.045191	 0.356145
-0.269844	-1.496201	 0.680437	 0.499690	-0.333200	 0.498420	 0.427582	 0.113566	 0.262980	 0.498786	-0.045191	 0.356145
-0.206782	-1.490216	 0.866887	 0.499797	-0.581044	 0.498420	 0.427582	 0.306623	 0.262980	 0.498786	-0.045191	 0.356145
-0.175251	-1.484255	 0.458005	 0.499850	-0.703308	 0.498420	 0.427582	 0.403152	 0.262980	 0.498786	-0.045191	 0.356145
-0.159486	-1.478318	 0.253564	 0.499877	-0.762789	 0.498420	 0.427582	 0.451416	 0.262980	 0.498786	-0.045191	 0.356145
-0.651603	-1.472405	 0.651343	 0.499890	-0.790885	 0.498420	 0.427582	 0.475548	 0.262980	 0.498786	-0.045191	 0.356145
-0.895374	-1.466516	 0.848135	 0.499897	-0.803295	 0.498420	 0.427582	 0.487614	 0.262980	 0.498786	-0.045191	 0.356145
-1.014981	-1.460649	 0.944441	 0.499900	-0.807869	 0.498420	 0.427582	 0.493647	 0.262980	 0.498786	-0.045191	 0.356145
-1.072516	-1.454807	 0.990512	-0.000099	-0.308531	 0.498420	 0.427582	-0.003336	 0.262980	 0.498786	-0.045191	 0.356145
-1.099023	-1.448988	 1.011475	-0.249097	-0.058862	 0.498420	 0.427582	-0.250827	 0.262980	 0.498786	-0.045191	 0.356145
-1.110025	-1.443192	 1.019891	 0.126403	-0.434027	 0.498420	 0.427582	-0.374573	 0.262980	 0.498786	-0.045191	 0.356145
-1.113285	-1.437419	 1.022043	 0.313149	-0.619992	 0.498420	 0.427582	-0.436446	 0.262980	 0.498786	-0.045191	 0.356145
-0.612681	-1.431669	 1.021070	-0.093477	-0.711362	 0.498420	 0.427582	-0.467382	 0.262980	 0.498786	-0.045191	 0.356145
-0.362379	-1.425943	 1.018543	-0.295790	-0.755442	 0.498420	 0.427582	-0.482850	 0.262980	 0.498786	-0.045191	 0.356145
-0.737229	-1.420239	 1.015248	 0.103053	-0.775882	 0.498420	 0.427582	-0.490584	 0.262980	 0.498786	-0.045191	 0.856145
-0.922429	-1.414558	 1.011577	 0.301471	-0.784510	 0.498420	 0.427582	-0.494451	 0.262980	 0.498786	-0.045191	 1.103433
-1.012814	-1.408900	 1.007725	 0.400680	-0.787238	 0.498420	 0.427582	-0.496385	 0.262980	 0.498786	-0.045191	 1.224375
-1.055800	-1.403264	 1.003792	-0.049716	-0.787022	 0.498420	 0.427582	 0.002648	 0.262980	 0.998786	-0.045191	 0.782155
-1.075095	-1.397651	 0.999825	-0.273913	-0.785340	 0.498420	 0.427582	 0.251162	 0.262980	 1.245788	-0.045191	 0.561046
-1.082554	-1.392060	 0.995850	 0.113988	-0.282932	 0.498420	 0.427582	 0.375418	 0.262980	 0.866304	-0.045191	 0.450491
-1.084104	-1.386492	 0.991879	 0.306935	-0.031728	 0.498420	 0.427582	 0.437547	 0.262980	 0.676561	-0.045191	 0.395213
-1.082707	-1.380946	 0.987917	 0.403408	-0.406126	 0.498420	 0.427582	 0.468611	 0.262980	 1.081690	-0.045191	 0.367575
-1.079846	-1.375422	 0.983969	 0.451645	-0.591764	 0.498420	 0.427582	 0.484143	 0.262980	 1.281281	-0.045191	 0.353755
-0.576262	-1.369921	 0.980034	 0.475763	-0.183028	 0.498420	 0.427582	 0.491909	 0.262980	 1.378115	-0.045191	 0.346846
-0.324470	-1.364441	 0.976115	 0.487822	 0.021340	 0.498420	 0.427582	 0.495792	 0.262980	 1.423582	-0.045191	 0.343391
-0.198574	-1.358983	 0.972211	 0.493852	 0.123524	 0.498420	 0.427582	 0.497733	 0.262980	 1.443377	-0.045191	 0.341663
-0.135626	-1.353547	 0.968322	 0.496867	-0.325384	 0.498420	 0.427582	 0.498704	 0.262980	 0.950348	-0.045191	 0.340800
-0.104152	-1.348133	 0.964449	 0.498374	-0.548289	 0.498420	 0.427582	 0.499190	 0.262980	 0.703834	-0.045191	 0.340368
-0.588415	-1.342741	 0.460591	 0.499128	-0.658200	 0.498420	 0.427582	 0.499432	 0.262980	 0.580577	-0.045191	 0.340152
-0.828401	-1.337370	 0.208663	 0.499505	-0.711619	 0.498420	 0.427582	 0.499554	 0.262980	 0.518948	-0.045191	 0.340044
-0.446257	-1.332020	 0.582698	 0.499693	-0.236798	 0.498420	 0.927582	 0.499614	 0.262980	 0.488134	-0.045191	 0.339990
-0.255185	-1.326692	 0.767802	 0.499787	 0.000612	 0.498420	 1.174727	 0.499645	 0.262980	 0.472727	-0.045191	 0.339963
-0.659649	-1.321385	 0.858449	 0.499835	 0.119318	 0.498420	 0.795455	-0.000340	 0.262980	 0.965023	-0.045191	 0.339950
-0.859753	-1.316100	 0.901874	 0.499858	 0.178670	 0.498420	 0.605820	-0.249332	 0.262980	 1.208257	-0.045191	 0.339943
-0.957685	-1.310835	 0.921696	 0.499870	 0.208346	 0.498420	 0.511002	-0.373828	 0.262980	 1.326971	-0.045191	 0.339939
-0.504540	-1.305592	 0.429724	 0.499876	-0.276815	 0.498420	 0.463593	-0.436076	 0.262980	 0.883436	-0.045191	 0.339938
-0.277967	-1.300370	 0.183737	 0.499879	-0.517872	 0.498420	 0.439889	-0.467200	 0.262980	 0.661669	-0.045191	 0.339937
-0.664681	-1.295168	 0.060744	 0.499880	-0.636883	 0.498420	 0.428036	 0.017238	 0.262980	 0.550785	-0.045191	 0.339936
-0.855935	-1.289987	-0.000752	 0.499881	-0.694877	 0.498420	 0.422110	 0.258454	 0.262980	 0.495344	-0.045191	 0.339936
-0.949468	-1.284828	 0.468500	 0.499881	-0.222368	 0.498420	 0.419147	 0.379062	 0.762980	 0.467623	-0.045191	 0.339936
-0.994148	-1.279688	 0.701250	 0.499881	 0.013887	 0.498420	 0.417666	 0.439366	 1.010454	 0.453762	-0.045191	 0.339936
-0.514411	-1.274569	 0.815757	-0.000118	 0.632014	 0.498420	 0.916925	 0.469518	 0.631675	 0.946832	 0.454809	 0.339936
-0.274542	-1.269471	 0.871150	-0.249118	 0.938577	 0.498420	 1.163722	 0.484594	 0.442286	 1.190487	 0.702899	 0.339936
-0.154608	-1.264393	 0.896994	-0.373618	 1.089369	 0.498420	 1.284300	 0.492132	 0.347591	 1.309446	 0.825043	 0.339936
 0.405360	 0.740664	 0.408070	-0.435868	 0.662284	 0.498420	 0.841779	 0.495901	 0.800244	 0.866069	 0.384220	 0.339936
 0.683412	 1.737702	 0.163608	-0.466993	 0.448742	 0.498420	 0.620518	 0.497785	 1.024064	 0.644381	 0.163808	 0.339936
 1.320516	 1.730751	-0.458623	 0.017445	-0.158029	 0.498420	 1.009888	 0.498727	 0.633479	 0.533536	 0.053603	 0.339936
 1.635153	 1.723828	-0.767577	 0.258660	-0.459885	 0.498420	 1.201774	 0.499198	 0.438186	 0.478114	-0.001500	 0.339936
 2.788571	 1.716932	-0.919901	-0.120733	-1.109290	 0.498420	 0.794930	 0.499434	 0.340540	 0.450403	-0.029052	 0.339936
 3.357397	 1.710065	-0.993918	-0.309429	-1.430475	 0.498420	 0.591508	 0.499552	 0.291716	 0.436548	-0.042827	 0.339936
 3.633957	 1.203224	-1.028791	 0.096223	-2.087564	 0.498420	 0.489797	-0.000389	 0.767305	-0.070380	-0.049715	 0.339936
 3.764416	 0.948412	-1.044100	 0.298045	-2.410619	 0.498420	 0.438942	-0.249359	 1.002613	-0.322689	-0.053159	 0.339936
 3.321856	-0.180382	-0.549636	-0.101044	-3.566679	 0.498420	 0.413514	 0.126156	 1.117792	 0.052306	-0.054881	 0.339936
 3.094817	-0.742161	-0.302404	-0.299588	-4.135264	 0.498420	 0.400800	 0.312910	 1.172915	 0.239804	-0.055742	 0.339936
 2.975562	-1.020442	-0.178788	-0.398860	-4.410149	 0.498420	 0.394443	 0.406287	 1.198020	 0.333552	-0.056172	 0.339936
 2.910222	-1.656985	-0.116980	-0.448496	-4.538221	 0.498420	-0.108735	-0.047024	 0.708127	 0.380427	-0.056388	 0.339936
 2.871862	-1.970670	-0.086076	-0.473314	-4.592924	 0.498420	-0.359101	-0.272679	 0.463180	 0.403864	-0.056495	 0.339936
 2.347015	-3.122943	 0.429376	-0.985723	-4.610981	 0.498420	 0.016935	-0.385507	 0.340707	 0.415583	-0.056549	 0.339936
 2.080948	-3.690530	 0.685213	-1.238931	-4.610751	 0.498420	 0.204953	-0.441921	 0.279470	 0.421442	-0.056576	 0.339936
 1.444284	-4.465807	 0.811249	-0.862551	-4.601415	 0.498420	 0.298963	-0.470128	 0.248852	 0.424372	-0.056589	 0.339936
 1.124337	-4.842963	 0.872392	-0.674361	-4.587563	 0.498420	 0.345967	-0.484231	 0.233543	 0.425836	-0.056596	 0.339936
 0.462755	-4.521101	 0.401097	-1.080266	-4.571489	 0.498420	 0.369469	-0.491283	 0.225888	-0.073431	-0.056600	-0.160064
 0.131963	-4.351771	 0.165449	-1.280246	-4.554342	 0.498420	 0.381220	-0.494809	 0.222061	-0.321920	-0.056601	-0.408744
-0.033432	-4.258742	 0.047625	-1.377276	-4.536694	 0.498420	 0.387096	-0.496572	 0.220147	-0.445023	-0.056602	-0.531769
 0.383870	-4.203895	-0.011287	-1.422842	-4.518832	 0.498420	 0.390034	-0.497453	-0.280810	-0.005438	-0.056603	-0.591972
 0.590919	-4.168174	-0.040743	-1.442688	-4.500898	 0.498420	 0.391503	-0.497894	-0.529725	 0.214354	-0.056603	-0.620769
 0.192847	-3.142049	-0.055471	-1.449686	-2.982966	 0.498420	 0.392237	-0.498114	-0.652625	-0.175750	-0.056603	-0.633868
-0.006189	-2.624754	-0.062834	-1.450272	-2.221070	 0.498420	 0.392604	-0.498224	-0.712524	-0.369670	-0.056603	-0.639124
-0.105706	-2.361892	-0.066516	-1.447663	-2.337203	 0.498420	 0.392788	-0.498279	-0.240929	 0.034497	-0.056603	-0.640463
-0.155465	-2.226263	-0.068357	-1.443468	-2.390363	 0.498420	 0.392880	-0.498307	-0.005131	 0.236580	-0.056603	-0.639849
-0.180345	-1.654267	-0.069278	-0.938493	-1.912056	 0.498420	 0.392926	-0.498321	-0.387232	 0.337622	-0.056603	-0.638264
-0.192785	-1.366104	-0.069738	-0.686005	-1.670035	 0.498420	 0.392949	-0.498328	-0.576744	 0.388143	-0.056603	-0.636198
-0.199004	-1.219867	-0.069968	-0.559761	-1.546169	 0.498420	 0.392960	-0.498331	-0.669967	 0.413404	-0.056603	-0.633896
-0.202114	-1.644601	-0.070083	-0.996639	-1.481391	-0.001580	 0.392966	-0.498333	-0.715053	 0.426034	-0.056603	-0.631483
-0.203669	-1.852830	-0.070141	-1.212211	-1.446169	-0.250577	 0.392969	-0.498334	-0.736075	 0.432349	-0.056603	-0.629017
-0.204447	-1.952822	-0.570170	-1.317141	-1.425736	 0.124924	 0.392970	-0.498334	-0.745072	 0.435506	-0.056603	-0.626532
-0.204836	-1.998712	-0.818044	-1.366762	-1.412709	 0.311674	 0.392971	-0.498334	-0.748063	 0.437085	-0.056603	-0.624041
-0.205030	-1.517568	-0.439849	-1.388740	-1.403396	-0.094951	 0.392971	-0.498334	-0.748056	 0.437875	-0.056603	-0.621552
-0.205127	-1.274923	-0.250751	-1.396907	-1.395951	-0.297260	 0.392971	-0.498334	-0.746556	 0.438269	-0.056603	-0.619070
-0.205176	-1.651536	-0.156203	-1.398181	-1.389452	 0.101585	 0.392972	-0.498334	-0.744316	 0.438467	-0.056603	-0.116596
-0.205200	-1.835787	-0.108928	-1.396019	-1.383436	 0.300007	 0.392972	-0.498334	-0.741712	 0.438565	-0.056603	 0.134642
-0.205212	-1.923872	-0.085291	-1.392150	-1.377674	 0.399218	 0.392972	-0.498334	-0.738932	 0.438615	-0.056603	 0.260260
-0.705218	-1.463890	-0.073473	-1.387439	-1.372049	 0.448823	 0.392972	-0.498334	-0.236069	 0.438639	-0.056603	-0.176931
-0.952811	-1.231892	-0.067563	-1.382318	-1.366503	 0.473626	 0.392972	-0.498334	 0.015362	 0.438652	-0.056603	-0.394298
-0.574206	-1.113893	-0.064609	-1.377003	-1.361008	 0.486027	 0.392972	-0.498334	 0.141077	 0.438658	-0.056603	-0.001758
-0.384904	-1.052901	-0.063131	-1.371603	-1.355550	 0.492228	 0.392972	-0.498334	 0.203935	 0.438661	-0.056603	 0.194512
-0.290253	-1.020422	-0.062393	-0.866170	-1.350121	 0.495328	 0.392972	-0.498334	 0.235364	 0.438662	-0.056603	 0.292647
-0.242927	-1.002206	-0.062023	-0.613453	-1.344717	 0.496879	 0.392972	-0.498334	 0.251079	 0.438663	-0.056603	 0.341714
-0.219265	-0.991131	-0.061839	-0.487095	-1.339336	 0.497654	 0.392972	-0.498334	 0.258936	 0.938664	-0.056603	 0.366248
-0.207433	-0.983633	-0.061746	-0.423916	-1.333978	 0.498041	 0.392972	-0.498334	 0.262864	 1.185786	-0.056603	 0.378515
-0.201518	-0.977931	-0.061700	-0.392326	-1.328641	 0.498235	 0.392972	-0.498334	 0.264829	 1.306482	-0.056603	 0.384648
-0.198560	-0.973136	-0.061677	-0.376532	-1.323327	 0.498332	 0.392972	-0.498334	 0.265811	 1.363976	-0.056603	 0.387715
-0.197081	-0.968802	-0.061666	-0.368634	-1.318033	 0.498380	 0.392972	-0.498334	 0.266302	 1.389879	-0.056603	 0.389249
-0.196341	-0.964706	-0.061660	-0.364686	-1.312761	 0.498404	 0.392972	-0.498334	 0.266548	 1.400000	-0.056603	 0.390015
-0.195972	-0.960737	-0.061657	-0.362711	-1.307510	 0.498417	 0.392972	-0.498334	 0.266670	 1.402240	-0.056603	 0.390399
-0.195787	-0.956838	-0.061655	-0.361724	-0.802280	 0.498423	 0.392972	-0.498334	 0.266732	 1.400551	-0.056603	 0.390590
-0.195694	-0.952984	-0.061655	-0.361230	-0.549665	 0.498426	 0.392972	-0.498334	 0.266762	 1.396908	-0.056603	 0.390686
-0.195648	-0.449158	-0.061654	-0.860984	-0.923357	-0.001573	 0.392972	-0.498334	 0.266778	 1.392301	-0.056603	 0.390734
-0.195625	-0.197245	-0.061654	-1.108139	-1.107610	-0.250569	 0.392972	-0.498334	 0.266785	 1.387222	-0.056603	 0.390758
-0.195613	-0.071288	-0.061654	-1.229006	-1.197152	-0.375067	 0.392972	-0.498334	 0.266789	 1.381918	-0.056603	 0.390770
-0.695608	-0.508310	-0.061654	-0.786740	-0.739350	 0.062684	 0.392972	-0.498334	-0.233209	 1.376512	-0.056603	 0.390776
-0.943214	-0.724930	-0.061654	-0.565606	-0.510449	 0.280559	 0.392972	-0.498334	-0.481741	 1.371068	-0.056603	 0.390779
-0.564635	-0.331358	-0.061654	-0.955040	-0.895998	 0.389496	 0.392972	-0.498334	-0.104547	 1.365614	-0.056603	 0.390780
-0.375345	-0.134571	-0.061654	-1.147068	-1.086210	 0.443965	 0.392972	-0.498334	 0.084050	 1.360167	-0.056603	 0.390781
-0.280701	-0.036178	-0.061654	-0.740403	-0.678763	 0.471199	 0.392972	-0.498334	 0.178348	 1.354734	-0.056603	 0.390782
-0.233378	 0.013019	-0.061654	-0.537071	-0.475039	 0.484816	 0.392972	-0.498334	 0.225498	 1.349319	-0.056603	 0.390782
-0.209717	 0.037617	-0.061654	-0.935405	-0.873177	-0.008375	 0.392972	 0.001666	 0.249072	 1.343923	-0.056603	 0.390782
-0.197887	 0.049916	-0.061654	-1.131905	-1.069704	-0.253968	 0.392972	 0.250662	 0.260860	 1.338549	-0.056603	 0.390782
-0.191971	 0.056066	-0.061654	-1.227498	-1.165435	-0.376764	 0.392972	 0.375161	 0.266753	 1.333195	-0.056603	 0.390782
-0.189014	 0.059141	-0.061654	-0.772648	-0.710778	 0.061838	 0.392972	-0.062590	 0.269700	 1.327862	-0.056603	 0.390782
-0.187535	 0.060678	-0.061654	-0.545223	-0.483449	 0.280138	 0.392972	-0.280465	 0.271174	 1.322551	-0.056603	 0.390782
-0.186796	 0.061447	-0.061654	-0.431511	-0.369785	 0.389288	 0.392972	-0.389402	 0.271910	 1.317261	-0.056603	 0.390782
-0.186426	 0.061831	-0.061654	-0.374654	-0.312953	 0.443863	 0.392972	-0.443871	 0.272279	 1.311992	-0.056603	 0.390782
-0.186241	 0.062023	-0.061654	-0.346226	-0.284537	 0.471150	 0.392972	-0.471105	 0.272463	 1.306744	-0.056603	 0.390782
-0.186149	 0.062119	-0.061654	-0.332012	-0.270329	 0.484794	 0.392972	-0.484723	 0.272555	 1.301517	-0.056603	 0.390782
-0.186102	 0.062167	-0.061654	-0.824905	-0.263225	 0.491616	 0.392972	-0.491531	-0.227399	 0.796311	-0.056603	 0.390782
-0.186079	 0.062191	-0.061654	-1.068716	-0.259673	 0.495027	 0.392972	-0.494935	-0.475921	 0.543708	-0.056603	 0.390782
-0.186068	 0.062203	-0.061654	-1.187996	-0.257897	 0.496732	 0.392972	-0.496638	-0.598734	 0.417406	-0.056603	 0.390782
 0.313938	 0.062209	-0.061654	-0.745022	-0.257009	 0.497585	 0.392972	-0.497489	-0.158697	 0.854256	-0.056603	 0.390782
 0.562313	 0.062212	-0.061654	-0.523535	-0.256565	 0.498011	 0.392972	-0.497914	 0.061322	 1.070098	-0.056603	 0.390782
 0.184879	 0.062214	-0.061654	-0.412791	-0.256343	 0.498225	 0.392972	-0.498127	 0.171331	 1.175447	-0.056603	 0.390782
-0.003838	 0.062215	-0.061654	-0.357419	-0.256232	 0.498331	 0.392972	-0.498233	 0.226336	 1.225560	-0.056603	 0.390782
-0.598196	 0.062215	-0.061654	-0.329734	-0.256176	 0.498384	 0.392972	-0.498287	 0.253838	 1.248066	-0.056603	 0.390782
-0.892990	 0.062215	-0.061654	-0.315891	-0.256149	 0.498411	 0.392972	-0.498313	 0.267589	 1.256777	-0.056603	 0.390782
-0.538012	 0.062215	-0.061654	-0.308969	-0.256135	 0.498424	 0.392972	-0.498326	 0.274465	 1.258602	-0.056603	 0.390782
-0.360523	 0.062215	-0.061654	-0.305508	-0.256128	 0.498431	 0.392972	-0.498333	 0.277903	 1.256993	-0.056603	 0.390782
-0.271778	 0.062215	-0.061654	-0.303778	-0.256124	 0.498434	 0.392972	-0.498336	 0.279621	 1.253678	-0.056603	 0.390782
-0.227406	 0.062215	-0.061654	-0.302913	-0.256123	 0.498436	 0.392972	-0.498338	 0.280481	 1.249520	-0.056603	 0.390782
-0.205219	 0.062215	-0.061654	-0.302480	-0.256122	 0.498437	 0.392972	-0.498339	 0.280911	 1.244950	-0.056603	 0.390782
-0.194126	 0.062215	-0.061654	-0.302264	-0.256121	 0.498437	 0.392972	-0.498339	 0.281126	 1.240185	-0.056603	 0.390782
-0.188580	 0.062215	-0.061654	-0.302156	-0.256121	 0.498438	 0.392972	-0.498340	 0.281233	 1.235331	-0.056603	 0.390782
-0.185807	 0.062215	-0.061654	-0.802102	-0.256121	 0.498438	 0.392972	-0.498340	 0.281287	 1.230443	-0.056603	 0.390782
-0.184420	 0.062215	-0.061654	-1.049471	-0.256121	 0.498438	 0.392972	-0.498340	 0.281314	 1.225548	-0.056603	 0.390782
-0.183727	 0.062215	-0.061654	-0.670561	-0.256121	 0.498438	 0.392972	-0.498340	 0.281327	 0.720659	-0.056603	 0.390782
-0.183380	 0.062215	-0.061654	-0.481107	-0.256121	 0.498438	 0.392972	-0.498340	 0.281334	 0.468215	-0.056603	 0.390782
-0.183207	 0.062215	-0.061654	-0.386379	-0.256121	 0.498438	 0.392972	-0.498340	 0.281337	 0.841993	-0.056603	 0.390782
-0.183120	 0.062215	-0.061654	-0.339016	-0.256121	 0.498438	 0.392972	-0.498340	 0.281339	 1.026450	-0.056603	 0.390782
-0.183077	 0.062215	-0.061654	-0.315334	-0.256121	 0.498438	 0.392972	-0.498340	 0.281340	 1.116257	-0.056603	 0.390782
-0.183055	 0.062215	-0.061654	-0.303493	-0.256121	 0.498438	 0.392972	-0.498340	 0.281340	 1.158748	-0.056603	 0.390782
-0.183044	 0.062215	-0.061654	-0.297573	-0.256121	 0.498438	 0.392972	-0.498340	 0.281340	 1.177591	-0.056603	 0.390782
-0.183039	 0.062215	-0.061654	-0.294612	-0.256121	 0.498438	 0.392972	 0.001660	 0.281340	 1.184620	-0.056603	 0.390782
-0.183036	 0.062215	-0.061654	-0.293132	-0.256121	 0.498438	 0.392972	 0.250657	 0.281340	 1.185751	-0.056603	 0.390782
-0.183035	 0.062215	-0.061654	-0.292392	-0.256121	-0.001562	 0.392972	-0.124845	-0.218660	 1.183943	-0.056603	 0.390782
-0.183034	 0.062215	-0.061654	-0.292022	-0.256121	-0.250559	 0.392972	-0.311595	-0.467222	 1.180675	-0.056603	 0.390782
-0.183034	 0.062215	-0.061654	-0.291837	-0.256121	-0.375058	 0.392972	-0.404970	-0.090072	 1.176686	-0.056603	 0.390782
-0.183033	 0.062215	-0.061654	-0.291745	-0.256121	-0.437307	 0.392972	-0.451657	 0.098503	 1.172346	-0.056603	 0.390782
-0.183033	 0.062215	-0.061654	-0.291698	-0.256121	-0.468431	 0.392972	-0.475001	 0.192791	 1.167840	-0.056603	 0.390782
-0.183033	 0.062215	-0.061654	-0.291675	-0.256121	 0.016006	 0.392972	-0.486673	 0.239934	 0.663260	-0.056603	 0.390782
-0.183033	 0.062215	-0.061654	-0.291664	-0.256121	 0.257224	 0.392972	-0.492509	 0.263506	 0.410970	-0.056603	 0.390782
-0.183033	 0.062215	-0.061654	-0.291658	-0.256121	 0.377833	 0.392972	-0.495427	 0.275292	 0.784825	-0.056603	 0.390782
-0.183033	 0.062215	-0.061654	-0.291655	-0.256121	 0.438138	 0.392972	-0.496886	 0.281185	 0.969435	-0.056603	 0.390782
-0.183033	 0.062215	-0.061654	-0.291654	-0.256121	 0.468290	 0.392972	-0.497616	-0.215868	 1.059432	-0.056603	 0.390782
-0.183033	 0.062215	-0.061654	-0.291653	-0.256121	 0.483366	 0.392972	-0.497980	-0.462969	 1.102132	-0.056603	 0.390782
-0.183033	 0.062215	-0.061654	-0.291652	-0.256121	 0.490904	 0.392972	-0.498163	-0.085100	 1.121192	-0.056603	 0.390782
-0.183033	 0.062215	-0.061654	-0.291652	-0.256121	 0.494673	 0.392972	-0.498254	 0.103835	 1.128442	-0.056603	 0.390782
-0.183033	 0.062215	-0.061654	-0.291652	-0.256121	 0.496558	 0.392972	-0.498299	 0.198303	 1.129795	-0.056603	 0.390782
-0.683033	 0.062215	-0.061654	-0.291652	-0.256121	 0.497500	 0.392972	-0.498322	 0.245536	 1.128210	-0.056603	 0.390782
-0.930667	 0.062215	-0.061654	-0.291652	-0.256121	 0.497971	 0.392972	-0.498334	 0.269153	 1.125164	-0.056603	 0.390782
-0.552128	 0.062215	-0.061654	-0.291652	-0.256121	 0.498207	 0.392972	-0.498339	 0.280962	 1.121396	-0.056603	 0.390782
-0.362858	 0.062215	-0.061654	-0.291652	-0.256121	 0.498324	 0.392972	-0.498342	 0.286866	 1.117277	-0.056603	 0.390782
-0.268223	 0.062215	-0.061654	-0.291652	-0.256121	 0.498383	 0.392972	-0.498344	 0.289818	 1.112992	-0.056603	 0.390782
-0.220905	 0.062215	-0.061654	-0.291652	-0.256121	 0.498413	 0.392972	-0.498344	 0.291294	 1.108631	-0.056603	 0.390782
-0.197247	 0.062215	-0.061654	-0.291652	-0.256121	 0.498428	 0.392972	-0.498345	 0.292032	 1.104243	-0.056603	 0.390782
-0.185417	 0.062215	-0.061654	-0.291652	-0.256121	 0.498435	 0.392972	-0.498345	 0.292401	 1.099849	-0.056603	 0.390782
-0.179503	 0.062215	-0.061654	-0.291652	-0.256121	 0.498439	 0.392972	-0.498345	 0.292586	 1.095461	-0.056603	 0.390782
-0.176545	 0.062215	-0.061654	 0.208348	-0.256121	 0.498440	 0.392972	-0.498345	 0.292678	 1.091085	-0.056603	 0.390782
-0.175067	 0.062215	-0.061654	 0.456931	-0.256121	 0.498441	 0.392972	-0.498345	 0.292724	 1.086723	-0.056603	 0.390782
-0.174327	 0.062215	-0.061654	 0.079812	-0.256121	 0.498442	 0.392972	-0.498345	-0.207253	 1.082378	-0.056603	 0.390782
-0.173958	 0.062215	-0.061654	-0.108748	-0.256121	 0.498442	 0.392972	-0.498345	-0.455827	 1.078049	-0.056603	 0.390782
-0.173773	 0.062215	-0.061654	-0.203028	-0.256121	 0.498442	 0.392972	 0.001655	-0.078705	 1.073737	-0.056603	 0.390782
-0.173680	 0.062215	-0.061654	-0.250168	-0.256121	 0.498442	 0.392972	 0.250652	 0.109856	 1.069442	-0.056603	 0.390782
-0.173634	 0.062215	-0.061654	-0.273738	-0.256121	-0.001558	 0.392972	-0.124850	 0.204136	 1.065165	-0.056603	 0.390782
-0.173611	 0.062215	-0.061654	-0.285523	-0.256121	-0.250555	 0.392972	-0.311600	 0.251276	 1.060904	-0.056603	 0.390782
-0.173600	 0.062215	-0.061654	-0.291415	-0.256121	-0.375053	 0.392972	-0.404975	 0.274847	 1.056660	-0.056603	 0.390782
-0.173594	 0.062215	-0.061654	-0.294361	-0.256121	 0.062698	 0.392972	-0.451663	 0.286632	 1.052434	-0.056603	 0.390782
-0.173591	 0.062215	-0.061654	-0.295834	-0.256121	 0.280572	 0.392972	-0.475006	 0.292524	 1.048224	-0.056603	 0.390782
-0.173589	 0.062215	-0.061654	 0.203429	-0.256121	-0.110491	 0.392972	-0.486678	-0.204530	 1.044031	-0.056603	 0.390782
-0.173589	 0.062215	-0.061654	 0.451655	-0.256121	-0.305019	 0.392972	-0.492514	-0.451653	 1.039855	-0.056603	 0.390782
-0.673588	 0.062215	-0.061654	 0.074369	-0.256121	 0.097717	 0.392972	-0.495432	-0.073818	 0.535696	-0.056603	 0.390782
-0.921241	 0.062215	-0.061654	-0.114275	-0.256121	 0.298084	 0.392972	-0.496891	 0.115100	 0.283616	-0.056603	 0.390782
-0.542730	 0.062215	-0.061654	 0.291404	-0.256121	 0.398268	-0.107028	-0.497621	 0.209559	 0.657576	-0.056603	 0.390782
-0.353474	 0.062215	-0.061654	 0.492849	-0.256121	 0.448359	-0.355814	-0.497985	 0.256789	 0.842493	-0.056603	 0.390782
-0.258846	 0.062215	-0.061654	 0.592183	-0.256121	 0.473405	-0.478998	-0.498168	 0.280403	 0.932897	-0.056603	 0.390782
-0.211532	 0.062215	-0.061654	 0.140467	-0.256121	 0.485928	-0.039386	-0.498259	 0.292211	 0.976052	-0.056603	 0.390782
-0.187875	 0.062215	-0.061654	-0.085391	-0.256121	 0.492190	 0.180421	-0.498305	 0.298114	 0.995591	-0.056603	 0.390782
-0.176047	 0.062215	-0.061654	-0.198320	-0.256121	 0.495320	-0.209676	-0.498327	 0.301066	 1.003330	-0.056603	 0.390782
-0.170132	 0.062215	-0.061654	-0.254785	-0.256121	 0.496886	-0.403525	-0.498339	 0.302542	 1.005178	-0.056603	 0.390782
-0.167175	 0.062215	-0.061654	-0.283017	-0.256121	 0.497668	 0.000745	-0.498345	 0.303280	 1.004088	-0.056603	 0.390782
-0.165697	 0.062215	-0.061654	-0.297133	-0.256121	 0.498060	 0.202880	-0.498347	 0.303649	 1.001537	-0.056603	 0.390782
-0.164957	 0.062215	-0.061654	-0.304191	-0.256121	-0.001745	 0.303948	-0.498349	 0.303834	 0.998263	-0.056603	 0.390782
-0.164588	 0.062215	-0.061654	-0.307720	-0.256121	-0.250644	 0.354482	-0.498350	 0.303926	 0.994636	-0.056603	 0.390782
-0.164403	 0.062215	-0.061654	-0.309485	-0.256121	-0.375093	 0.379749	-0.498350	 0.303972	 0.990841	-0.056603	 0.390782
-0.164310	 0.062215	-0.061654	-0.310367	-0.256121	 0.062682	 0.392382	-0.498350	 0.303995	 0.986969	-0.056603	 0.390782
-0.164264	 0.062215	-0.061654	-0.310808	-0.256121	 0.280569	 0.398699	-0.498350	 0.304007	 0.983067	-0.056603	 0.390782
-0.164241	 0.062215	-0.061654	 0.188971	-0.256121	 0.389512	 0.401857	-0.498350	 0.304012	 0.979158	-0.056603	 0.390782
-0.164230	 0.062215	-0.061654	 0.437483	-0.256121	 0.443984	 0.403436	-0.498350	 0.304015	 0.975252	-0.056603	 0.390782
-0.664224	 0.062215	-0.061654	 0.060367	-0.256121	-0.028780	 0.404226	-0.498350	 0.304017	 0.971357	-0.056603	 0.390782
-0.911892	 0.062215	-0.061654	-0.128190	-0.256121	-0.264159	 0.404621	-0.498350	 0.304017	 0.967475	-0.056603	 0.390782
-0.533408	 0.062215	-0.061654	-0.222469	-0.256121	 0.118151	 0.404818	-0.498350	 0.304018	 0.963606	-0.056603	 0.390782
-0.344165	 0.062215	-0.061654	-0.269609	-0.256121	 0.308305	 0.404917	-0.498350	 0.304018	 0.959752	-0.056603	 0.390782
-0.249544	 0.062215	-0.061654	-0.293179	-0.256121	 0.403383	 0.404966	-0.498350	 0.304018	 0.955914	-0.056603	 0.390782
-0.202234	 0.062215	-0.061654	-0.304964	-0.256121	 0.450921	 0.404991	-0.498350	 0.304018	 0.952090	-0.056603	 0.390782
-0.178578	 0.062215	-0.061654	-0.310856	-0.256121	 0.474690	 0.405003	-0.498350	 0.304018	 0.948282	-0.056603	 0.390782
-0.666751	 0.062215	-0.061654	-0.313802	-0.256121	 0.486575	 0.405009	-0.498350	 0.304018	 0.944489	-0.056603	 0.390782
-0.908527	 0.062215	-0.061654	-0.315275	-0.256121	 0.492517	 0.405012	-0.498350	 0.304018	 0.940711	-0.056603	 0.390782
-0.527114	 0.062215	-0.061654	-0.316012	-0.256121	 0.495489	 0.405014	-0.498350	 0.304018	 0.936948	-0.056603	 0.390782
-0.336408	 0.062215	-0.061654	-0.316380	-0.256121	 0.496974	 0.405015	-0.498350	 0.304018	 0.933200	-0.056603	 0.390782
-0.241055	 0.062215	-0.061654	-0.316564	-0.256121	 0.497717	 0.405015	-0.498350	 0.304018	 0.429468	-0.056603	 0.390782
-0.193379	 0.062215	-0.061654	-0.316656	-0.256121	 0.498088	 0.405015	-0.498350	 0.304018	 0.177601	-0.056603	 0.390782
-0.169540	 0.062215	-0.061654	-0.316702	-0.256121	 0.498274	 0.405015	-0.498350	 0.304018	 0.051668	-0.056603	 0.390782
-0.157621	 0.062215	-0.061654	-0.316725	 0.243879	 0.498367	 0.405015	-0.498350	-0.195982	 0.488701	-0.056603	 0.390782
-0.151662	 0.062215	-0.061654	-0.316737	 0.492391	 0.498413	 0.405015	-0.498350	-0.444590	 0.705367	-0.056603	 0.390782
-0.148682	 0.062215	-0.061654	 0.183257	 0.115166	 0.498437	 0.405015	-0.498350	-0.067508	 0.811855	-0.056603	 0.390782
-0.147192	 0.062215	-0.061654	 0.431888	-0.073447	 0.498448	 0.405015	-0.498350	 0.121034	 0.863263	-0.056603	 0.390782
-0.146447	 0.062215	-0.061654	 0.054842	-0.167753	 0.498454	-0.094985	-0.498350	 0.215304	 0.887137	-0.056603	 0.390782
-0.146074	 0.062215	-0.061654	-0.133681	-0.214907	 0.498457	-0.343795	-0.498350	 0.262440	 0.897252	-0.056603	 0.390782
-0.145888	 0.062215	-0.061654	 0.272058	-0.238483	 0.498458	 0.032986	-0.498350	 0.286007	 0.900495	-0.056603	 0.390782
-0.145795	 0.062215	-0.061654	 0.473572	-0.250272	 0.498459	 0.221376	-0.498350	 0.297791	 0.900309	-0.056603	 0.390782
-0.145749	 0.062215	-0.061654	 0.572978	-0.256166	 0.498459	 0.315571	-0.498350	 0.303683	 0.898416	-0.056603	 0.390782
-0.145725	 0.062215	-0.061654	 0.121337	-0.259113	 0.498460	 0.862668	-0.498350	 0.306629	 0.895676	-0.056603	 0.390782
-0.145714	 0.062215	-0.061654	-0.104484	-0.260586	 0.498460	 1.133398	-0.498350	 0.308102	 0.892521	-0.056603	 0.390782
-0.145708	 0.062215	-0.061654	-0.217394	-0.261323	 0.498460	 0.765954	-0.498350	 0.308838	 0.889164	-0.056603	 0.390782
-0.145705	 0.062215	-0.061654	-0.273849	-0.261692	 0.498460	 0.582232	-0.498350	 0.309207	 0.885714	-0.056603	 0.390782
-0.145703	 0.062215	-0.061654	 0.197923	-0.261876	 0.498460	 0.490371	 0.001650	 0.309391	 0.382225	-0.056603	 0.390782
-0.145703	 0.062215	-0.061654	 0.432470	-0.261968	 0.498460	 0.444441	 0.250646	 0.309483	 0.130480	-0.056603	 0.390782
-0.145702	 0.062215	-0.061654	 0.048409	-0.262014	 0.498460	 0.421475	-0.124855	 0.309529	 0.504608	-0.056603	 0.390782
-0.145702	 0.062215	-0.061654	-0.143621	-0.262037	 0.498460	 0.409993	-0.311605	 0.309552	 0.689914	-0.056603	 0.390782
-0.145702	 0.062215	-0.061654	 0.260364	 0.237952	 0.498460	 0.404252	-0.404980	 0.309563	 0.780817	-0.056603	 0.390782
-0.145702	 0.062215	-0.061654	 0.461027	 0.486470	 0.498460	 0.401381	-0.451668	 0.309569	 0.824525	-0.056603	 0.390782
-0.145702	 0.062215	-0.061654	 0.560036	 0.609259	 0.498460	 0.399946	-0.475012	 0.309572	 0.844642	-0.056603	 0.390782
-0.145702	 0.062215	-0.061654	 0.108222	 0.669190	 0.498460	 0.899228	 0.013316	 0.309573	 0.852971	-0.056603	 0.390782
-0.145702	 0.062215	-0.061654	-0.117685	 0.697697	 0.498460	 1.146072	 0.256477	 0.309574	 0.855413	-0.056603	 0.390782
-0.145702	 0.062215	-0.061654	-0.230638	 0.210498	 0.498460	 0.766708	 0.378058	 0.309574	 0.854919	-0.056603	 0.390782
-0.145702	 0.062215	-0.061654	-0.287115	-0.033102	 0.498460	 0.577026	 0.438848	 0.309575	 0.852962	-0.056603	 0.390782
-0.145702	 0.062215	-0.061654	-0.315353	 0.345099	 0.498460	 0.482185	-0.030757	 0.309575	 0.850282	-0.056603	 0.390782
-0.145702	 0.062215	-0.061654	-0.329473	 0.532752	 0.498460	 0.434765	-0.264559	 0.309575	 0.847247	-0.056603	 0.390782
-0.145702	 0.062215	-0.061654	-0.336532	 0.125138	-0.001540	 0.411055	-0.381460	 0.309575	 0.844041	-0.056603	 0.390782
-0.145702	 0.062215	-0.061654	-0.340062	-0.078669	-0.250537	 0.399200	-0.439910	 0.309575	 0.840756	-0.056603	 0.390782
-0.145702	 0.062215	-0.061654	-0.341827	-0.180572	-0.375036	 0.393272	-0.469135	 0.309575	 0.837439	-0.056603	 0.390782
-0.145702	 0.062215	-0.061654	 0.157291	 0.268476	 0.062715	 0.390308	-0.483748	 0.309575	 0.834112	-0.056603	 0.390782
-0.145702	 0.062215	-0.061654	 0.405537	 0.491565	 0.280590	 0.388826	-0.491054	 0.309575	 0.830787	-0.056603	 0.390782
-0.145702	 0.062215	-0.061654	 0.528352	 0.101680	 0.389527	 0.888085	 0.005293	 0.309575	 0.827470	-0.056603	 0.390782
-0.145702	 0.062215	-0.061654	 0.588457	-0.093262	 0.443995	 1.134940	 0.252463	 0.309575	 0.824163	-0.056603	 0.390782
-0.145702	 0.062215	-0.061654	 0.117213	 0.309267	 0.471230	 0.755604	-0.123952	 0.309575	 0.820867	-0.056603	 0.390782
-0.145702	 0.062215	-0.061654	-0.118409	 0.509107	 0.484847	 0.565936	-0.311159	 0.309575	 0.817585	-0.056603	 0.390782
-0.145702	 0.062215	-0.061654	-0.236220	 0.107610	 0.491655	 0.471102	-0.404762	 0.309575	 0.314315	-0.056603	 0.390782
-0.145702	 0.062215	-0.061654	-0.295126	-0.093139	 0.495060	 0.423685	-0.451564	 0.309575	 0.062680	-0.056603	 0.390782
-0.145702	 0.062215	-0.061654	-0.324579	-0.193513	 0.496762	 0.399976	-0.474965	 0.309575	-0.063138	-0.056603	 0.390782
-0.145702	 0.062215	-0.061654	 0.160695	-0.243700	 0.497613	 0.888122	-0.486665	 0.309575	 0.373953	-0.056603	 0.390782
-0.145702	 0.062215	-0.061654	 0.402040	-0.268794	 0.498039	 1.129443	-0.492515	 0.309575	 0.590877	-0.056603	 0.390782
-0.145702	 0.062215	-0.061654	 0.521425	 0.218659	 0.498251	 1.247361	-0.495441	 0.309575	 0.697723	-0.056603	 0.390782
-0.145702	 0.062215	-0.061654	 0.579837	 0.460974	 0.498358	 1.303590	-0.496903	 0.309575	 0.749537	-0.056603	 0.390782
-0.145702	 0.062215	-0.061654	 0.607766	 0.580724	 0.498411	 0.828985	-0.497634	 0.309575	 0.773841	-0.056603	 0.390782
-0.145702	 0.062215	-0.061654	 0.620459	 0.639199	 0.498437	 0.591682	-0.498000	 0.309575	 0.784397	-0.056603	 0.390782
-0.145702	 0.062215	-0.061654	 0.125539	 0.167040	 0.498451	 0.473031	-0.498183	 0.309575	 0.788085	-0.056603	 0.390782
-0.145702	 0.062215	-0.061654	-0.121921	-0.069039	 0.498457	 0.413705	-0.498274	 0.309575	 0.788346	-0.056603	 0.390782
-0.145702	 0.062215	-0.061654	-0.245651	-0.187078	 0.498461	 0.384042	-0.498320	 0.309575	 0.786899	-0.056603	 0.390782
-0.145702	 0.062215	-0.061654	 0.192484	 0.253902	 0.498462	 0.869211	-0.498343	-0.690425	 0.784604	-0.056603	 0.390782
-0.145702	 0.062215	-0.061654	 0.410291	 0.473002	 0.498463	 1.109086	-0.498354	-1.187044	 0.781892	-0.056603	 0.390782
-0.145702	 0.062215	-0.061654	 0.517938	 0.081168	 0.498464	 0.726326	-0.498360	-0.431987	 0.778978	-0.056603	 0.390782
-0.145702	 0.062215	-0.061654	 0.570510	-0.114749	 0.498464	 0.534946	-0.498363	-0.054458	 0.775969	-0.056603	 0.390782
-0.145702	 0.062215	-0.061654	 0.595550	-0.212707	 0.498464	 0.939256	-0.498364	 0.134307	 0.772918	-0.056603	 0.390782
-0.145702	 0.062215	-0.061654	 0.606829	-0.261686	 0.498464	 1.138724	-0.498365	 0.228689	 0.769853	-0.056603	 0.390782
-0.645702	 0.062215	-0.061654	 0.611232	-0.286176	 0.498464	 1.235782	-0.498365	 0.275880	 0.766787	-0.056603	 0.390782
-0.893411	 0.062215	-0.061654	 0.612202	-0.298421	 0.498464	 1.281645	-0.498365	 0.299476	 0.763727	-0.056603	 0.390782
-1.014983	 0.062215	-0.061654	 0.611461	-0.304543	 0.498464	 1.301921	-0.498366	 0.311273	 0.760675	-0.056603	 0.390782
-0.573496	 0.062215	-0.061654	 0.609869	-0.307605	 0.498464	 0.809415	 0.001634	 0.317172	 0.757634	-0.056603	 0.390782
-0.352752	 0.062215	-0.061654	 0.607857	-0.309135	 0.498464	 0.563162	 0.250631	 0.320122	 0.754604	-0.056603	 0.390782
-0.242380	 0.062215	-0.061654	 0.105639	 0.190100	 0.498464	 0.440035	-0.124871	 0.321596	 0.751586	-0.056603	 0.390782
-0.187194	 0.062215	-0.061654	-0.145470	 0.438338	 0.498464	 0.378472	-0.311621	 0.322334	 0.748580	-0.056603	 0.390782
-0.659601	 0.062215	-0.061654	-0.271025	 0.561084	 0.498464	-0.152309	-0.404996	 0.322702	 0.745586	-0.056603	 0.390782
-0.893541	 0.062215	-0.061654	-0.333802	 0.621090	 0.498464	-0.416334	-0.451683	 0.322887	 0.742604	-0.056603	 0.390782
-0.508256	 0.062215	-0.061654	 0.134809	 0.149730	 0.498464	-0.046986	-0.475027	 0.322979	 0.739633	-0.056603	 0.390782
-0.315613	 0.062215	-0.061654	 0.367908	-0.085949	 0.498464	 0.137688	-0.486699	 0.323025	 0.736675	-0.056603	 0.390782
-0.219292	 0.062215	-0.061654	 0.483255	-0.203789	 0.498464	 0.230026	-0.492535	 0.323048	 0.733728	-0.056603	 0.390782
-0.171131	 0.062215	-0.061654	 0.539732	-0.262709	 0.498464	 0.276194	-0.495453	 0.323060	 0.730793	-0.056603	 0.390782
-0.147051	 0.062215	-0.061654	 0.566778	-0.292169	 0.498464	 0.299278	-0.496912	 0.323065	 0.727870	-0.056603	 0.390782
-0.135011	 0.062215	-0.061654	 0.079113	 0.193101	 0.498464	 0.310821	-0.497641	 0.323068	 0.724959	-0.056603	 0.390782
-0.128991	 0.062215	-0.061654	-0.164719	 0.434379	 0.498464	 0.316592	-0.498006	 0.323070	 0.722059	-0.056603	 0.390782
-0.625981	 0.062215	-0.061654	-0.286635	 0.053667	 0.498464	 0.819477	-0.498188	 0.323070	 0.719171	-0.056603	 0.390782
-0.372230	 0.062215	-0.061654	 0.152406	-0.136689	-0.001536	 1.068275	-0.498279	 0.323071	 0.716294	-0.056603	 0.390782
-0.245354	 0.062215	-0.061654	 0.370744	-0.231867	-0.250533	 1.190040	-0.498325	 0.323071	 0.713429	-0.056603	 0.390782
-0.181916	 0.062215	-0.061654	 0.478735	-0.279456	-0.375031	 1.248299	-0.498348	 0.323071	 0.710575	-0.056603	 0.390782
-0.650198	 0.062215	-0.061654	 0.531557	 0.196749	-0.437281	 0.774815	 0.001641	 0.323071	 0.707733	-0.056603	 0.390782
-0.882101	 0.062215	-0.061654	 0.556800	 0.433506	-0.468405	 0.538073	 0.250632	 0.323071	 0.704902	-0.056603	 0.390782
-0.495825	 0.062215	-0.061654	 0.068257	 0.050544	 0.016033	 0.919702	-0.124873	 0.323071	 0.702082	-0.056603	 0.390782
-0.302687	 0.062215	-0.061654	-0.176015	-0.140937	 0.257250	 1.107914	-0.311624	 0.323071	 0.699274	-0.056603	 0.390782
-0.206118	 0.062215	-0.061654	 0.201849	 0.263322	 0.377859	 0.699428	 0.095000	 0.323071	 0.696477	-0.056603	 0.390782
-0.157833	 0.062215	-0.061654	 0.389622	 0.464117	 0.438164	 0.495185	 0.297309	 0.323071	 0.693691	-0.056603	 0.390782
-0.133691	 0.062215	-0.061654	-0.017646	 0.063184	 0.468316	 0.393063	-0.101537	 0.323071	 0.690916	-0.056603	 0.390782
-0.121620	 0.062215	-0.061654	-0.221281	-0.137282	 0.483392	 0.342002	-0.299959	 0.323071	 0.688152	-0.056603	 0.390782
-0.115584	 0.062215	-0.061654	 0.176902	 0.262485	 0.490930	 0.316472	-0.399170	 0.323071	 0.685400	-0.056603	 0.390782
-0.112567	 0.062215	-0.061654	 0.374844	 0.461044	 0.494699	 0.303707	-0.448775	 0.323071	 0.682658	-0.056603	 0.390782
-0.111058	 0.062215	-0.061654	 0.472669	 0.559004	 0.496584	 0.297324	-0.473578	 0.323071	 0.679928	-0.056603	 0.390782
-0.110303	 0.062215	-0.061654	 0.520440	 0.606670	-0.002474	 0.294133	-0.485979	 0.323071	 0.677208	-0.056603	 0.390782
-0.109926	 0.062215	-0.061654	 0.543190	 0.629195	-0.251000	 0.292537	-0.492180	 0.323071	 0.674499	-0.056603	 0.390782
-0.109737	 0.062215	-0.061654	 0.553432	 0.639154	 0.124737	 0.791739	-0.495280	 0.323071	 0.671801	-0.056603	 0.390782
-0.109643	 0.062215	-0.061654	 0.557426	 0.642835	 0.311605	 1.038759	-0.496830	 0.323071	 0.669114	-0.056603	 0.390782
 0.390404	 0.062215	-0.061654	 0.558301	 0.643382	 0.405039	 0.659697	-0.497606	-0.176929	 0.666437	-0.056603	 0.390782
 0.638647	 0.062215	-0.061654	 0.557619	 0.642368	 0.451756	 0.470166	-0.497993	-0.425575	 0.663772	-0.056603	 0.390782
 0.260994	 0.062215	-0.061654	 0.556165	 0.640579	-0.024886	 0.875400	 0.001813	-0.048550	 0.661117	-0.056603	 0.390782
 0.072168	 0.062215	-0.061654	 0.554328	 0.638406	-0.262204	 1.075456	 0.250713	 0.139963	 0.658472	-0.056603	 0.390782
-0.022245	 0.062215	-0.061654	 0.552305	 0.636047	-0.380862	 1.172933	 0.375163	 0.234219	 0.655838	-0.056603	 0.390782
-0.069452	 0.062215	-0.061654	 0.550193	 0.133601	 0.059808	 1.219131	-0.062612	 0.281348	 0.653215	-0.056603	 0.390782
-0.093055	 0.062215	-0.061654	 0.548040	-0.117623	 0.279142	 1.239699	-0.280499	 0.304912	 0.650602	-0.056603	 0.390782
-0.104856	 0.062215	-0.061654	 0.545872	 0.256766	-0.111190	 1.247463	-0.389442	 0.316694	 0.648000	-0.056603	 0.390782
-0.110757	 0.062215	-0.061654	 0.543701	 0.442697	-0.305354	 1.248834	-0.443914	 0.322585	 0.645408	-0.056603	 0.390782
-0.113708	 0.062215	-0.061654	 0.541532	 0.534406	 0.097565	 1.247019	 0.028850	 0.325530	 0.642826	-0.056603	 0.390782
-0.115183	 0.062215	-0.061654	 0.539369	 0.579008	 0.298023	 1.243621	 0.264229	 0.327003	 0.640255	-0.056603	 0.390782
-0.115921	 0.062215	-0.061654	 0.537213	 0.600062	 0.398252	 0.739442	-0.118081	 0.327739	 0.637694	-0.056603	 0.390782
-0.116289	 0.062215	-0.061654	 0.535065	 0.609347	 0.448366	 0.487352	-0.308236	 0.328108	 0.635143	-0.056603	 0.390782
-0.116474	 0.062215	-0.061654	 0.532925	 0.612752	 0.473424	 0.361308	-0.403313	 0.328292	 0.632602	-0.056603	 0.390782
-0.116566	 0.062215	-0.061654	 0.530794	 0.613222	-0.014048	 0.798285	-0.450852	 0.328384	 0.630072	-0.056603	 0.390782
-0.116612	 0.062215	-0.061654	 0.528671	 0.612230	-0.256780	 1.014303	-0.474621	 0.328430	 0.627552	-0.056603	 0.390782
-0.116635	 0.062215	-0.061654	 0.526556	 0.610511	 0.121853	 0.619852	-0.486506	 0.328453	 0.125041	-0.056603	 0.390782
-0.116647	 0.062215	-0.061654	 0.524450	 0.608434	 0.310169	 0.422626	-0.492448	 0.328464	-0.126214	-0.056603	 0.390782
-0.116652	 0.062215	-0.061654	 0.022352	 0.606183	 0.404327	 0.824013	 0.004581	 0.328470	 0.248159	-0.056603	 0.390782
-0.116655	 0.062215	-0.061654	-0.228697	 0.603850	 0.451406	 1.022256	 0.252092	 0.328473	 0.434100	-0.056603	 0.390782
-0.116657	 0.062215	-0.061654	 0.145779	 0.601480	-0.025054	 0.618936	-0.124152	 0.328474	 0.525830	-0.056603	 0.390782
-0.116657	 0.062215	-0.061654	 0.331976	 0.599097	-0.262282	 0.417277	-0.311274	 0.328475	 0.570461	-0.056603	 0.390782
-0.116658	 0.062215	-0.061654	 0.424038	 0.596712	-0.380895	 0.316447	-0.404835	 0.328475	 0.591545	-0.056603	 0.390782
-0.116658	 0.062215	-0.061654	-0.030963	 0.594331	 0.059798	 0.266032	-0.451615	 0.328476	 0.100863	-0.056603	 0.390782
-0.116658	 0.062215	-0.061654	-0.258463	 0.591956	 0.279144	 0.240824	-0.475005	 0.328476	-0.144479	-0.056603	 0.390782
-0.616658	 0.062215	-0.061654	-0.372214	 0.589590	 0.388816	 0.728221	-0.486700	 0.328476	 0.232850	-0.056603	 0.390782
-0.864425	 0.062215	-0.061654	-0.429089	 0.587232	 0.443653	 0.969487	-0.492548	 0.328476	 0.420295	-0.056603	 0.390782
-0.486084	 0.062215	 0.438346	-0.457526	 0.584884	 0.471071	 1.087699	 0.004528	-0.171524	 0.512801	-0.056603	 0.390782
-0.296913	 0.062215	 0.686469	-0.471745	 0.582544	 0.484780	 1.144394	 0.252063	-0.420181	 0.557844	-0.056603	 0.390782
-0.202328	 0.062215	 0.308662	 0.021146	 0.580214	 0.491635	 0.670338	-0.124169	-0.543172	 0.579160	-0.056603	 0.390782
-0.155035	 0.062215	 0.119758	 0.266563	 0.577893	 0.495062	 0.433311	-0.311285	-0.603335	 0.588617	-0.056603	 0.390782
-0.131389	 0.062215	 0.025306	 0.388247	 0.075582	 0.496775	 0.814797	-0.404842	-0.132090	 0.592149	-0.056603	 0.390782
-0.119566	 0.062215	-0.021920	 0.448070	-0.175574	 0.497632	 1.003148	-0.451621	 0.103533	 0.592724	-0.056603	 0.390782
-0.113654	 0.062215	-0.045533	 0.476965	-0.301152	 0.498061	 1.094940	-0.475011	 0.221344	 0.591824	-0.056603	 0.390782
-0.110698	 0.062215	-0.057339	 0.490401	 0.136059	-0.001725	 1.138463	-0.486705	 0.280250	 0.590193	-0.056603	 0.390782
-0.109221	 0.062215	-0.063243	 0.496112	 0.353518	-0.250615	 1.157860	-0.492553	 0.309703	 0.588200	-0.056603	 0.390782
-0.108482	 0.062215	-0.066194	 0.497963	 0.461106	 0.124940	 0.665204	-0.495476	 0.324429	 0.586031	-0.056603	 0.390782
-0.108112	 0.062215	-0.067670	 0.498889	 0.513762	 0.311717	 0.418876	-0.496938	 0.331793	 0.583779	-0.056603	 0.390782
-0.107927	 0.062215	-0.068408	 0.499352	 0.538957	 0.405105	 0.295712	 0.002331	 0.335474	 0.081490	-0.056603	 0.390782
-0.107835	 0.062215	-0.068777	 0.499583	 0.550427	 0.451799	 0.234130	 0.250962	 0.337315	-0.169655	-0.056603	 0.390782
-0.107789	 0.062215	 0.431039	 0.499699	 0.555038	 0.475146	 0.703339	-0.124722	 0.338235	 0.204773	-0.056603	 0.390782
-0.107766	 0.062215	 0.679085	 0.499757	 0.556224	 0.486820	 0.935599	-0.311564	 0.338696	 0.390829	-0.056603	 0.390782
-0.107754	 0.062215	 0.801254	 0.499786	 0.555702	 0.492656	 1.049393	-0.404984	 0.338926	 0.482703	-0.056603	 0.390782
-0.107748	 0.062215	 0.360491	-0.000200	 0.554331	 0.495575	 1.103963	-0.451695	 0.339041	 0.527490	-0.056603	 0.390782
-0.107746	 0.062215	 0.140110	-0.249192	 0.552539	 0.497034	 1.128932	-0.475050	 0.339098	 0.548740	-0.056603	 0.390782
-0.107744	 0.062215	 0.029919	-0.373688	 0.550542	 0.497764	 1.139108	-0.486727	 0.339127	 0.558224	-0.056603	 0.390782
-0.107743	 0.062215	-0.025176	-0.435936	 0.548446	 0.498128	 1.141897	-0.492566	 0.339141	 0.561831	-0.056603	 0.390782
-0.107743	 0.062215	-0.052724	 0.032940	 0.046306	 0.498311	 1.141003	-0.495485	 0.339149	 0.562504	-0.056603	 0.390782
-0.107743	 0.062215	-0.066498	 0.266374	-0.204764	 0.498402	 1.138275	-0.496945	 0.339152	 0.561714	-0.056603	 0.390782
-0.107743	 0.062215	-0.073384	 0.383091	 0.169700	 0.498448	 1.134641	-0.497675	 0.339154	 0.560197	-0.056603	 0.390782
-0.107743	 0.062215	-0.076828	 0.441450	 0.355845	 0.498470	 1.130561	-0.498040	 0.339155	 0.558321	-0.056603	 0.390782
-0.107743	 0.062215	-0.078550	 0.470629	 0.447833	 0.498482	 1.126268	-0.498222	 0.339155	 0.556270	-0.056603	 0.390782
-0.107743	 0.062215	-0.079411	 0.485219	 0.492747	 0.498487	 1.121878	-0.498314	 0.339156	 0.554137	-0.056603	 0.390782
-0.107743	 0.062215	-0.079841	 0.492513	 0.514129	 0.498490	 0.617448	-0.498359	 0.339156	 0.551966	-0.056603	 0.390782
-0.107743	 0.062215	-0.080056	 0.496161	 0.523749	 0.498492	 0.365233	-0.498382	 0.339156	 0.549781	-0.056603	 0.390782
-0.107743	 0.062215	-0.080164	 0.497984	 0.527492	 0.498492	 0.739125	 0.001607	 0.339156	 0.547593	-0.056603	 0.390782
-0.107743	 0.062215	-0.080218	 0.498896	 0.528301	 0.498493	 0.923846	 0.250598	 0.339156	 0.545408	-0.056603	 0.390782
-0.107743	 0.062215	-0.080245	 0.499352	 0.527647	 0.498493	 0.513989	-0.124907	 0.339156	 0.543229	-0.056603	 0.390782
-0.107743	 0.062215	-0.080258	 0.499580	 0.526267	 0.498493	 0.309060	-0.311658	 0.339156	 0.541058	-0.056603	 0.390782
-0.107743	 0.062215	-0.080265	 0.499694	 0.524526	 0.498493	 0.706596	-0.405034	 0.339156	 0.538894	-0.056603	 0.390782
-0.107743	 0.062215	-0.080268	 0.499751	 0.522611	 0.498493	 0.903155	-0.451722	 0.339156	 0.536739	-0.056603	 0.390782
-0.107743	 0.062215	-0.080270	 0.499780	 0.520612	 0.498493	 0.499236	 0.024934	-0.160844	 0.534592	-0.056603	 0.390782
-0.107743	 0.062215	-0.080271	 0.499794	 0.518575	 0.498493	 0.297276	 0.262259	-0.409522	 0.532454	-0.056603	 0.390782
-0.107743	 0.062215	-0.080271	 0.499801	 0.516523	 0.498493	 0.196296	-0.119078	-0.032545	 0.530324	-0.056603	 0.390782
-0.107743	 0.062215	-0.080271	 0.499805	 0.514469	 0.498493	 0.145806	-0.308746	 0.155943	 0.528203	-0.056603	 0.390782
-0.107743	 0.062215	-0.080271	 0.499806	 0.512416	 0.498493	 0.120561	-0.403580	 0.250188	 0.526090	-0.056603	 0.390782
-0.107743	 0.062215	-0.080271	 0.499807	 0.010370	 0.498493	 0.107939	-0.450997	 0.297310	 0.523986	-0.056603	 0.390782
-0.107743	 0.062215	-0.080271	 0.499808	-0.240654	 0.498493	 0.101627	-0.474706	 0.320871	 0.521890	-0.056603	 0.390782
-0.107743	 0.062215	-0.080271	-0.000192	 0.133834	 0.498493	 0.598472	-0.486560	 0.332651	 0.519802	-0.056603	 0.390782
-0.107743	 0.062215	-0.080271	-0.249192	 0.320062	 0.498493	 0.844703	-0.492487	 0.338542	 0.517723	-0.056603	 0.390782
-0.107743	 0.062215	-0.080271	 0.126309	 0.412163	 0.498493	 0.965637	 0.004549	 0.341487	 0.515652	-0.056603	 0.390782
-0.107743	 0.062215	-0.080271	 0.313055	 0.457205	 0.498493	 1.023931	 0.252064	 0.342959	 0.513590	-0.056603	 0.390782
-0.107743	 0.062215	-0.080271	 0.406428	 0.478722	 0.498493	 1.050913	-0.124178	 0.343696	 0.511535	-0.056603	 0.390782
-0.107743	 0.062215	-0.080271	 0.453115	 0.488480	 0.498493	 1.062249	-0.311299	 0.344064	 0.509489	-0.056603	 0.390782
-0.107743	 0.562215	-0.080271	 0.476458	 0.493358	 0.498493	 1.065769	 0.095141	 0.344248	 0.507451	-0.056603	 0.390782
-0.107743	 0.810091	-0.080271	 0.488130	 0.495798	 0.498493	 1.065391	 0.297358	 0.344340	 0.505421	-0.056603	 0.390782
-0.107743	 0.431913	-0.080271	 0.493966	 0.497018	 0.498493	 0.563072	-0.101534	 0.344386	 0.503400	-0.056603	 0.390782
-0.107743	 0.242824	-0.080271	 0.496884	 0.497627	 0.498493	 0.311912	-0.299979	 0.344409	 0.501386	-0.056603	 0.390782
-0.107743	 0.148279	-0.080271	 0.498343	 0.497932	 0.498493	 0.186333	-0.399201	 0.344421	 0.500379	-0.056603	 0.390782
-0.107743	 0.101007	-0.080271	 0.499072	 0.498085	 0.498493	 0.123543	-0.448812	 0.344426	 0.499876	-0.056603	 0.390782
-0.107743	 0.077371	-0.080271	 0.499437	 0.498161	 0.498493	 0.592148	-0.473618	 0.344429	 0.499624	-0.056603	 0.390782
-0.107743	 0.065553	-0.080271	 0.499619	 0.498199	 0.498493	 0.824329	-0.486021	 0.344431	 0.499498	-0.056603	 0.390782
-0.107743	 0.059644	-0.080271	 0.499711	 0.498218	 0.498493	 0.438306	-0.492222	 0.344431	 0.499436	-0.056603	 0.390782
-0.107743	 0.056689	-0.080271	 0.499756	 0.498228	 0.498493	 0.245295	-0.495323	 0.344432	 0.499404	-0.056603	 0.390782
-0.107743	 0.055212	-0.080271	 0.499779	 0.498233	 0.498493	 0.648789	 0.003127	 0.344432	 0.499388	-0.056603	 0.390782
-0.107743	 0.054473	-0.080271	 0.499790	 0.498235	 0.498493	 0.848432	 0.251348	 0.344432	 0.499380	-0.056603	 0.390782
-0.107743	 0.054104	-0.080271	 0.499796	 0.498236	 0.498493	 0.946157	-0.124541	 0.344432	 0.499377	-0.056603	 0.390782
-0.107743	 0.053919	-0.080271	 0.499799	 0.498237	 0.498493	 0.992932	-0.311484	 0.344432	 0.499375	-0.056603	 0.390782
-0.107743	 0.053827	-0.080271	 0.499800	 0.498237	 0.498493	 1.014240	-0.404956	 0.344432	 0.499374	-0.056603	 0.390782
-0.107743	 0.053781	-0.080271	 0.499801	 0.498237	 0.498493	 1.022823	-0.451692	 0.344432	 0.499373	-0.056603	 0.390782
-0.107743	 0.053758	-0.080271	 0.499801	 0.498237	 0.498493	 1.025052	-0.475060	 0.344432	 0.499373	-0.056603	 0.390782
-0.107743	 0.053746	-0.080271	 0.499802	 0.498237	 0.498493	 0.524111	-0.486744	 0.344432	 0.499373	-0.056603	 0.390782
-0.107743	 0.053741	-0.080271	 0.499802	 0.498237	 0.498493	 0.273641	-0.492586	 0.344432	 0.499373	-0.056603	 0.390782
-0.107743	 0.053738	-0.080271	 0.499802	-0.001763	 0.498493	 0.648406	-0.495507	 0.344432	 0.499373	-0.056603	 0.390782
-0.107743	 0.053736	-0.080271	 0.499802	-0.250759	 0.498493	 0.833742	-0.496968	 0.344432	 0.499373	-0.056603	 0.390782
-0.107743	 0.053735	-0.080271	-0.000198	 0.124743	 0.498493	 0.424372	-0.497698	 0.344432	 0.499373	-0.056603	 0.390782
-0.107743	 0.053735	-0.080271	-0.249198	 0.311493	 0.498493	 0.219687	-0.498063	 0.344432	 0.499373	-0.056603	 0.390782
-0.107743	 0.053735	-0.080271	 0.126302	 0.404868	 0.498493	 0.617345	-0.498246	 0.344432	 0.499373	-0.056603	 0.390782
-0.107743	 0.053735	-0.080271	 0.313049	 0.451556	 0.498493	 0.814143	-0.498337	 0.344432	 0.499373	-0.056603	 0.390782
-0.107743	 0.053735	-0.080271	 0.406422	 0.474900	 0.498493	 0.910521	-0.498383	 0.344432	 0.499373	-0.056603	 0.390782
-0.107743	 0.053735	-0.080271	 0.453109	 0.486572	-0.001507	 0.456696	 0.001595	 0.344432	 0.499373	-0.056603	 0.390782
-0.107743	 0.053735	-0.080271	 0.476452	 0.492407	-0.250504	 0.229783	 0.250580	 0.344432	 0.499373	-0.056603	 0.390782
-0.107743	 0.053735	-0.080271	 0.488124	 0.495325	 0.124998	 0.616327	-0.124927	 0.344432	 0.499373	-0.056603	 0.390782
-0.107743	 0.053735	-0.080271	 0.493959	 0.496784	 0.311747	 0.807593	-0.311680	 0.344432	 0.499373	-0.056603	 0.390782
-0.107743	 0.553735	-0.080271	 0.496877	 0.497514	 0.405122	 0.901228	-0.405056	 0.344432	-0.000627	-0.056603	 0.390782
-0.107743	 0.801627	-0.080271	 0.498336	 0.497879	 0.451810	 0.946056	-0.451745	 0.344432	-0.249626	-0.056603	 0.390782
-0.107743	 0.423475	-0.080271	-0.000934	-0.001939	 0.475154	 0.466489	-0.475089	 0.344432	 0.125874	-0.056603	 0.390782
-0.107743	 0.234398	-0.080271	-0.249569	-0.250844	 0.486825	 0.226705	-0.486761	 0.344432	 0.312622	-0.056603	 0.390782
-0.107743	 0.139860	-0.080271	-0.373886	-0.375297	 0.492661	 0.106813	-0.492597	 0.344432	 0.405996	-0.056603	 0.390782
-0.607743	 0.092591	-0.080271	 0.063955	 0.062477	 0.495579	 0.546867	-0.495515	 0.344432	 0.452683	-0.056603	 0.390782
-0.855527	 0.068956	-0.080271	 0.281872	 0.280363	 0.497038	 0.764920	-0.496974	 0.344432	 0.476026	-0.056603	 0.390782
-0.977213	 0.057139	-0.080271	 0.390830	 0.389306	 0.497768	 0.871981	-0.497703	 0.344432	 0.487698	-0.056603	 0.390782
-1.035858	 0.051230	-0.080271	 0.445310	 0.443778	 0.498132	 0.923553	-0.498068	 0.344432	 0.493534	-0.056603	 0.390782
-0.562991	 0.048276	-0.080271	 0.472549	 0.471014	 0.498315	 0.947389	 0.001750	 0.344432	 0.496452	-0.056603	 0.390782
-0.326558	 0.046799	-0.080271	 0.486169	 0.484632	 0.498406	 0.957364	 0.250655	 0.344432	 0.497911	-0.056603	 0.390782
-0.208342	 0.046060	-0.080271	-0.007021	 0.491440	 0.498452	 0.960417	 0.375108	 0.344432	 0.498640	-0.056603	 0.390782
-0.149233	 0.045691	-0.080271	-0.252616	 0.494845	 0.498474	 0.960017	 0.437335	 0.344432	 0.499005	-0.056603	 0.390782
-0.119679	 0.045506	-0.080271	-0.375413	 0.496547	 0.498486	 0.957897	 0.468448	 0.344432	 0.499187	-0.056603	 0.390782
-0.104902	 0.045414	-0.080271	 0.063188	 0.497398	 0.498492	 0.954926	-0.015996	 0.344432	-0.000722	-0.056603	 0.390782
-0.097513	 0.045368	-0.080271	 0.281486	 0.497824	 0.498494	 0.951537	-0.257216	 0.344432	-0.249675	-0.056603	 0.390782
-0.093819	 0.045345	-0.080271	 0.390634	 0.498037	 0.498496	 0.947945	-0.377827	 0.344432	 0.125849	-0.056603	 0.390782
-0.091972	 0.045333	-0.080271	 0.445208	 0.498143	 0.498497	 0.944261	-0.438132	 0.344432	 0.312608	-0.056603	 0.390782
-0.091048	 0.045328	-0.080271	 0.472495	 0.498196	 0.498497	 0.940538	-0.468285	 0.344432	 0.405987	-0.056603	 0.390782
-0.090587	 0.045325	-0.080271	 0.486139	 0.498223	 0.498497	 0.936803	-0.483361	 0.344432	 0.452677	-0.056603	 0.390782
-0.090356	 0.045323	-0.080271	-0.007039	-0.001764	 0.498497	 0.933069	-0.490899	 0.344432	 0.476022	-0.056603	 0.390782
-0.090240	 0.045322	-0.080271	-0.252628	-0.250754	 0.498497	 0.929343	-0.494668	 0.344432	 0.487694	-0.056603	 0.390782
-0.090183	 0.045322	-0.080271	-0.375422	-0.375249	 0.498497	 0.925629	-0.496553	 0.344432	 0.493530	-0.056603	 0.390782
-0.590154	 0.045322	-0.080271	 0.063181	 0.062504	 0.498497	 0.921929	-0.497495	 0.344432	-0.003551	-0.056603	 0.390782
-0.837959	 0.045322	-0.080271	 0.281479	 0.280380	 0.498497	 0.918242	-0.497966	 0.344432	-0.251091	-0.056603	 0.390782
-0.459690	 0.045322	-0.080271	-0.109373	 0.389318	-0.001503	 0.414569	 0.001798	 0.344432	 0.125139	-0.056603	 0.390782
-0.270556	 0.045322	-0.080271	-0.303798	 0.443786	-0.250500	 0.162733	 0.250677	 0.344432	 0.312251	-0.056603	 0.390782
-0.175989	 0.045322	-0.080271	 0.098990	-0.028979	 0.125002	 0.536815	-0.124883	 0.344432	 0.405808	-0.056603	 0.390782
-0.128705	 0.045322	-0.080271	 0.299380	-0.264358	 0.311751	 0.722034	-0.311662	 0.344432	 0.452586	-0.056603	 0.390782
-0.605063	 0.045322	-0.080271	 0.399575	 0.117952	 0.405126	 0.812829	 0.094948	 0.344432	 0.475975	-0.056603	 0.390782
