-0.250099	-0.448831	 0.607006	 0.182090	-0.075538	 0.492136	-0.695206	 0.794427	 1.236471	-0.259719	 0.499770	 0.498683
 0.125590	-0.326508	 0.509229	 0.776123	-0.075352	 0.495784	-0.599411	 0.794906	 0.856830	-0.259719	 0.499770	 0.498865
 0.312432	-0.265347	 0.460340	 1.070399	-0.075259	 0.497607	-0.550506	 0.793555	 0.667009	-0.259719	 0.499770	 0.498956
-0.094147	-0.234766	 0.435896	 1.214808	-0.075212	 0.498519	-0.525050	 0.791295	 0.572099	-0.259719	 0.499770	 0.499002
-0.296435	-0.219476	 0.423674	 1.284294	-0.075189	 0.498975	-0.512322	 0.788587	 0.524644	-0.259719	 0.499770	 0.499025
-0.397579	-0.211831	 0.417562	 1.316329	-0.075177	 0.499203	-0.505958	 0.785661	 0.500916	-0.259719	 0.499770	 0.499036
 0.051849	-0.208008	 0.414507	 0.829650	-0.075171	 0.499317	-0.502776	 0.782633	 0.489052	-0.259719	 0.499770	 0.499042
 0.275560	-0.206097	 0.412979	 0.586311	-0.075168	 0.499374	-0.501185	 0.779559	 0.483120	-0.259719	 0.499770	 0.499045
-0.112584	-0.705141	 0.412215	 0.964641	-0.575167	 0.499403	-0.000390	 0.776470	 0.480154	-0.259719	 0.499770	 0.499046
-0.305655	-0.952255	 0.411833	 1.151120	-0.823016	 0.499417	 0.249007	 0.773378	 0.478671	-0.259719	 0.499770	 0.499047
 0.097810	-1.073413	 0.411642	 1.241684	-0.444799	 0.499424	 0.373706	 0.770292	 0.477930	-0.259719	 0.499770	 0.499047
 0.298540	-1.131603	 0.411547	 1.284302	-0.255690	 0.499428	 0.436055	 0.767214	 0.477559	-0.259719	 0.499770	 0.499047
 0.398905	-0.658318	 0.911499	 0.802957	-0.661136	 0.499429	-0.032771	 0.764147	 0.477374	-0.259719	 0.499770	 0.499048
 0.449087	-0.421676	 1.158652	 0.562285	-0.861725	 0.499430	-0.266180	 0.761091	 0.477281	-0.259719	 0.499770	 0.499048
 0.474178	-0.303355	 1.279417	 0.441948	-0.959896	 0.499431	-0.382885	 0.758047	 0.477235	-0.259719	 0.499770	 0.499048
 0.486724	-0.244194	 0.836999	 0.881780	-0.506865	 0.499431	-0.441237	 0.755015	 0.977212	-0.259719	 0.499770	 0.499048
 0.492997	-0.214614	 0.615791	 1.099053	-0.280349	 0.499431	-0.470413	 0.751995	 1.224246	-0.259719	 0.499770	 0.499048
 0.496133	-0.199824	 0.505186	 1.205057	-0.167091	 0.499431	 0.014999	 0.748987	 0.844820	-0.259719	 0.499770	 0.499048
 0.497701	-0.192429	 0.449884	 1.255436	-0.110462	 0.499431	 0.256704	 0.745991	 0.655107	-0.259719	 0.499770	 0.499048
-0.001515	-0.188731	 0.422233	 0.778015	-0.082148	 0.499431	-0.122444	 0.743008	 0.560251	-0.259719	 0.499770	 0.499048
-0.250121	-0.186883	 0.408407	 0.539304	-0.067991	 0.499431	-0.311014	 0.740036	 0.512823	-0.259719	 0.499770	 0.499048
 0.125576	-0.185958	 0.401494	 0.919948	-0.060912	 0.499431	-0.405300	 0.737075	 0.989109	-0.259719	 0.499770	 0.499048
 0.312421	-0.185496	 0.398038	 1.107669	-0.057373	 0.499431	-0.452442	 0.734127	 1.224321	-0.259719	 0.499770	 0.499048
 0.405844	-0.185265	 0.396310	 1.198939	-0.055603	 0.499431	-0.476014	 0.731191	 1.339008	-0.259719	 0.499770	 0.499048
 0.452556	-0.185149	 0.395446	 1.241994	-0.554718	 0.499431	-0.487799	 0.228266	 1.393444	-0.259719	 0.499770	 0.499048
 0.475912	-0.185092	 0.395014	 1.260951	-0.802168	 0.499431	-0.493692	-0.023197	 1.417766	-0.259719	 0.499770	 0.499048
 0.487589	-0.185063	 0.394798	 1.267870	-0.423794	 0.499431	-0.496638	 0.351072	 1.427043	-0.259719	 0.499770	 0.499048
 0.493428	-0.185048	 0.394690	 1.268779	-0.234607	 0.499431	-0.498112	 0.536756	 1.428809	-0.259719	 0.499770	 0.499048
 0.496348	-0.185041	 0.394636	 1.266695	-0.140013	 0.499431	-0.498848	 0.628153	 0.926831	-0.259719	 0.499770	 0.499048
 0.497808	-0.185037	 0.394609	 1.263123	-0.092716	 0.499431	-0.499217	 0.672412	 0.675842	-0.259719	 0.499770	 0.499048
 0.498537	-0.185036	 0.894595	 1.258819	-0.069068	 0.499431	-0.499401	 0.693109	 1.050347	-0.259719	 0.499770	 0.499048
 0.498902	-0.185035	 1.141799	 1.254157	-0.057244	 0.499431	-0.499493	 0.702029	 1.234750	-0.259719	 0.499770	 0.499048
 0.499085	-0.185034	 1.262623	 1.249327	-0.051332	 0.499431	-0.499539	 0.705068	 1.324113	-0.259719	 0.499770	 0.499048
 0.499176	-0.185034	 1.320268	 0.244424	-0.048376	 0.499431	 0.000438	 0.705171	 1.365968	-0.259719	 0.499770	 0.499048
 0.499222	-0.185034	 1.346335	-0.256507	-0.046898	 0.499431	 0.249426	 0.703812	 1.384080	-0.259719	 0.499770	 0.499048
 0.499244	-0.185034	 1.356624	 0.494542	-0.046159	 0.499431	-0.126080	 0.701727	 1.390331	-0.259719	 0.499770	 0.499048
 0.499256	-0.185034	 1.359034	 0.867575	-0.045789	 0.499431	-0.312830	 0.699286	 1.390664	-0.259719	 0.499770	 0.499048
 0.499262	-0.185034	 1.357516	 1.051611	-0.045604	 0.499431	-0.406205	 0.696671	 1.388048	-0.259719	 0.499770	 0.499048
 0.499264	-0.185034	 1.354046	 1.141157	-0.045512	 0.499431	-0.452893	 0.693976	 1.383969	-0.259719	 0.499770	 0.499048
-0.000734	-0.185034	 0.849609	 1.183469	-0.045466	 0.499431	-0.476236	 0.691246	 0.879170	-0.259719	 0.499770	 0.499048
-0.249732	-0.185034	 0.597391	 1.202174	-0.045443	 0.499431	-0.487908	 0.688503	 0.626771	-0.259719	 0.499770	 0.499048
-0.374231	-0.185034	 0.471282	 1.209084	-0.045431	 0.499431	-0.493744	 0.685761	 0.500571	-0.259719	 0.499770	 0.499048
-0.436480	-0.185034	 0.408227	 0.710107	-0.045425	 0.499431	-0.496662	 0.683024	 0.937471	-0.259719	 0.499770	 0.499048
-0.467605	-0.185034	 0.376700	 0.460619	-0.045423	 0.499431	-0.498121	 0.680294	 1.153172	-0.259719	 0.499770	 0.499048
-0.483167	-0.185034	 0.860936	 0.835875	-0.045421	 0.999431	-0.498851	 0.677575	 1.258285	-0.259719	 0.499770	-0.000952
-0.490949	-0.185034	 1.100364	 1.021080	-0.045420	 1.246432	-0.499215	 0.674865	 1.308115	-0.259719	 0.499770	-0.249950
 0.005161	 0.314966	 0.717398	 0.611271	 1.454580	 0.866946	 1.000602	-0.827834	-0.169686	 1.240281	 0.499770	-0.374450
 0.252213	 0.563336	 0.525915	 0.406366	 2.198671	 0.677203	 1.745510	-1.574523	-0.905292	 1.984800	 0.499770	-0.436699
 0.375739	 1.185898	 0.430174	 0.303913	 3.064831	 0.582331	 3.112983	-2.943224	-2.769813	 2.851601	-0.000230	-0.467824
 0.437502	 1.493562	 0.382303	 0.252687	 3.490049	 0.534895	 3.787759	-3.618951	-3.692805	 3.277565	-0.249229	-0.483386
 0.468384	 1.643791	 0.358368	 0.227074	 3.694827	 0.511178	 4.116222	-3.948226	-4.145069	 3.483140	-0.373729	-0.491167
 0.483824	 1.715318	-0.153600	-0.785733	 6.289417	-0.000681	 6.271564	-5.104308	-4.862006	 3.578550	-0.435979	-0.495058
 0.491545	 1.747508	-0.408252	-1.288539	 7.568944	-0.255586	 7.332381	-5.669828	-5.209317	 3.618907	-0.467104	-0.497003
 0.495405	 1.760043	-0.534253	-2.036359	 9.691011	-0.382017	 8.846003	-5.940117	-6.371859	 3.131767	-0.482666	-0.497976
 0.497335	 1.762766	-0.595933	-2.404701	 10.728418	-0.444216	 9.582095	-6.062841	-6.938062	 2.882908	-0.490448	-0.498462
-0.001700	 2.260596	-0.625457	-2.583326	 11.723590	-0.474302	 10.429505	-6.111832	-7.206154	 2.753210	-0.494338	-0.498705
-0.250216	 2.503994	-0.638910	-2.667114	 12.195738	-0.488337	 10.830655	-6.124006	-7.325252	 2.683114	-0.496283	-0.498827
 0.125526	 2.620199	-0.644331	-2.703507	 12.406477	-0.494349	 11.008767	-6.117820	-7.369912	 2.642840	-0.497256	-0.498888
 0.312394	 2.672828	-0.645742	-2.716223	 12.486612	-0.496355	 11.075450	-6.102504	-7.377413	 2.617498	-0.497742	-0.498918
 0.405829	 2.693692	-0.645154	-2.717124	 13.501546	-0.497357	 11.586506	-6.082672	-7.366394	 2.599643	-0.497986	-0.998933
 0.452546	 2.698695	-0.643570	-2.712138	 13.979980	-0.497859	 11.817840	-6.060630	-7.346174	 2.585551	-0.498107	-1.245943
 0.475904	 2.695789	-0.641494	-2.704230	 14.190280	-0.498110	 11.909408	-6.037532	-7.321411	 2.573363	-0.498168	-1.366462
 0.487584	 2.688950	-0.639178	-2.694884	 14.266629	-0.498235	 11.931190	-6.013954	-7.294437	 2.562146	-0.498198	-0.923748
 0.493423	 2.680166	-0.636746	-2.684840	 14.276117	-0.498298	 11.918175	-5.990184	-7.266415	 2.551436	-0.498214	-0.702390
 0.496343	 2.670432	-1.134261	-2.674468	 14.252290	-0.498329	 11.887858	-5.966367	-7.237927	 3.040999	-0.498221	-0.591712
 0.497803	 2.660243	-1.379755	-2.663954	 14.211920	-0.498345	 11.848984	-5.942573	-7.209264	 3.278720	-0.498225	-0.536372
 0.498533	 2.649848	-0.999252	-2.653390	 14.163392	-0.998352	 11.805926	-5.918838	-7.180572	 3.390547	-0.498227	-0.508703
 0.498898	 2.639372	-0.807763	-2.642823	 14.110898	-1.245360	 11.760872	-5.895181	-7.151922	 3.439456	-0.498228	-0.494868
 0.499080	 2.628876	-0.710785	-2.632274	 14.556534	-0.865878	 11.714913	-5.871609	-7.123350	 3.456934	-0.498228	-0.487950
 0.499172	 2.618392	-0.661069	-2.621757	 14.749348	-0.676138	 11.668596	-5.848127	-7.094875	 3.458724	-0.498229	-0.484492
 0.499217	 2.607934	-0.634988	-2.611276	 14.815870	-0.581268	 11.622193	-5.824737	-7.066504	 3.452698	-0.498229	-0.482762
 0.499240	 2.597510	-0.620730	-2.600833	 14.819367	-0.533832	 11.575840	-5.801439	-7.038243	 3.442792	-0.498229	-0.481898
 0.499252	 2.587123	-0.612388	-2.590431	 14.791469	-0.510115	 11.529604	-5.778234	-7.010092	 3.430973	-0.498229	-0.481465
 0.499257	 2.576777	-1.107009	-2.580070	 14.747993	-0.498256	 11.483519	-5.755121	-6.982053	 2.918225	-0.498229	-0.481249
 0.499260	 2.566471	-1.351116	-2.569750	 14.696846	-0.492327	 11.437602	-5.732101	-6.954125	 2.657040	-0.498229	-0.481141
 0.499262	 2.556205	-1.469979	-2.559472	 14.641982	-0.489362	 11.891860	-5.709172	-6.926309	 3.021656	-0.498229	-0.981087
 0.499262	 2.545981	-1.526233	-2.549234	 14.585375	-0.487880	 12.094297	-5.686336	-6.898604	 3.197192	-0.498229	-1.228098
 0.499263	 2.535797	-1.551195	-2.539037	 14.528014	-0.487139	 11.670922	-5.663590	-6.871010	 3.278214	-0.498229	-0.848653
 0.499263	 2.525654	-1.560524	-2.528881	 14.470392	-0.486768	 11.436739	-5.640936	-6.843526	 3.312006	-0.498229	-0.658931
 0.499263	 2.515551	-1.562048	-2.518765	 14.412756	-0.486583	 11.297243	-5.618372	-6.816151	 3.322211	-0.498229	-0.564070
 0.499263	 2.505489	-1.559684	-2.508690	 14.355227	-0.486490	 11.705179	-5.595899	-6.788887	 3.320649	-0.498229	-0.516639
 0.499263	 2.495467	-1.555387	-2.498656	 14.297868	-0.486444	 11.884921	-5.573515	-6.761731	 3.313229	-0.498229	-0.492924
-0.000737	 2.485485	-1.550136	-2.488661	 14.740707	-0.486421	 11.950663	-5.551221	-6.734684	 3.302908	-0.498229	-0.481066
-0.249736	 2.475543	-1.544421	-2.478706	 14.931759	-0.486409	 11.959501	-5.529016	-6.707746	 3.291162	-0.498229	-0.475137
-0.374235	 2.465641	-1.538486	-2.468791	 14.997040	-0.486403	 11.939983	-5.506900	-6.680915	 3.278730	-0.498229	-0.472173
-0.436484	 2.455779	-1.532453	-2.458916	 14.999556	-0.486400	 11.906383	-5.484873	-6.654191	 3.265982	-0.498229	-0.470691
 0.032391	 2.445955	-1.526384	-2.449081	 14.970809	-0.486399	 11.865838	-5.462933	-6.627574	 2.753101	-0.498229	-0.469950
 0.265826	 2.436172	-1.520309	-2.439284	 14.926552	-0.486398	 11.821915	-5.441081	-6.601064	 2.492180	-0.498229	-0.469579
 0.382543	 2.426427	-1.514243	-2.429527	 14.874659	-0.486398	 11.776397	-5.419317	-6.574660	 2.357257	-0.498229	-0.469394
 0.440902	 2.416721	-1.508193	-2.419809	 14.819067	-0.486398	 11.730176	-5.397640	-6.548361	 2.285351	-0.498229	-0.469301
 0.470081	 2.407054	-1.502164	-2.410130	 14.761744	-0.486397	 11.683698	-5.376049	-6.522168	 2.244971	-0.498229	-0.469255
 0.484671	 2.397426	-1.496158	-2.400489	 14.703673	-0.486397	 11.637185	-5.354545	-6.496079	 2.220372	-0.498229	-0.469232
 0.491966	 2.387836	-1.490174	-2.390887	 14.645347	-0.486397	 11.590747	-5.333127	-6.470095	 2.203681	-0.498229	-0.469220
 0.495613	 2.878285	-1.484214	-2.381324	 14.587010	-0.486397	 11.044439	-5.311794	-6.444214	 2.690962	-0.498229	-0.469214
 0.497437	 3.116772	-1.478277	-2.371798	 14.528784	-0.486397	 10.750289	-5.290547	-6.418437	 2.928245	-0.498229	-0.469211
 0.498349	 2.229305	-0.972364	-2.362311	 10.470730	-0.486397	 8.582302	-5.269385	-5.392764	 3.040556	-0.498229	-0.469210
 0.498805	 1.782888	-0.719408	-2.352862	 8.428877	-0.486397	 7.485479	-5.248307	-4.871193	 3.090406	-0.498229	-0.469209
 0.499033	 1.557006	-0.592929	-2.343451	 7.395177	-0.486397	 6.924291	-5.227314	-4.601708	 3.109050	-0.498229	-0.469209
 0.499147	 1.441403	-0.029690	-2.334077	 3.865604	-0.486397	 4.130970	-4.206405	-3.458301	 3.112117	-0.498229	-0.469209
 0.499204	 1.380950	 0.250862	-2.324740	 2.100817	-0.486397	 2.731635	-3.689579	-2.881968	 3.107420	-0.498229	-0.469209
 0.499232	 0.848082	 0.390076	-1.815442	 0.218424	 0.013603	 1.029302	-2.924821	-1.589190	 2.598866	 0.001771	 0.030791
 0.499247	 0.581649	 0.458624	-1.558180	-0.719445	 0.262575	 0.179482	-2.538122	-0.942801	 2.340408	 0.250768	 0.279730
 0.499254	-0.051568	 0.491843	-1.426947	-2.685064	 0.386039	-1.744087	-1.840469	-0.119606	 1.207016	 0.375266	-0.096858
 0.499257	-0.366807	 0.507403	-1.358739	-3.658573	 0.446751	-2.698536	-1.489357	 0.290584	 0.640319	 0.437515	-0.285152
 0.499259	-0.523063	 0.514137	-1.322054	-4.136063	 0.476093	-2.668455	-0.811525	 0.494277	 0.356971	 0.468640	-0.379299
 0.499260	-0.599832	 0.516462	-1.301141	-4.365581	 0.489753	-2.648138	-0.472609	 0.594728	 0.215297	 0.484202	-0.426373
 0.499260	-0.636863	 0.516587	-1.288124	-4.471150	 0.495576	-2.632723	-0.303151	 0.643563	 0.144460	 0.491983	-0.449910
 0.499261	-0.654031	 0.515616	-1.279065	-5.014781	 0.497484	-3.619782	-0.218422	 0.666596	-0.390959	 0.495874	 0.038322
 0.499261	-0.661272	 0.514102	-1.271996	-5.275479	 0.498439	-4.104097	-0.176057	 0.676733	-0.656815	 0.497819	 0.281385
 0.499261	-1.163556	 0.512319	-1.265931	-5.894756	 0.498916	-3.837078	-0.154875	 1.180428	-0.787898	 0.498792	 0.401867
 0.499261	-1.411366	 0.510407	-1.260379	-6.191367	 0.499155	-3.696428	-0.144284	 1.428907	-0.851601	 0.499278	 0.461064
-0.000739	-1.531953	 0.508434	-0.755094	-5.326696	-0.000726	-3.118992	-0.138988	 1.549792	-0.881623	 0.499521	 0.489622
-0.249738	-1.588941	 0.506434	-0.502451	-4.885436	-0.249665	-2.825191	-0.136340	 1.606893	-0.894810	 0.499643	 0.502864
-0.374237	-1.614144	 0.504426	-0.376129	-4.655918	-0.374135	-2.673227	-0.135016	 1.632115	-0.899587	 0.499703	 0.508453
 0.063513	-1.623466	 0.502416	-0.312969	-5.032306	 0.063630	-2.592203	-0.134354	 1.641412	-0.900168	 0.499734	 0.010220
 0.281386	-1.624862	 0.500411	-0.281388	-5.209683	 0.281510	-2.546668	-0.134024	 1.642759	-0.898656	 0.499749	-0.238897
 0.390322	-1.622307	 0.499408	-0.265598	-4.787597	 0.390450	-2.518899	-0.133858	 1.140144	-0.896106	 0.499757	 0.136544
 0.444791	-1.617790	 0.498907	-0.257703	-4.567823	 0.444920	-2.500032	-0.133775	 0.887561	-0.893044	 0.499760	 0.323241
 0.472025	-1.112305	 0.498656	-0.253756	-4.949240	 0.472155	-2.985636	-0.133734	 0.260000	-0.889733	 0.499762	 0.415570
 0.485642	-0.858349	 0.498531	-0.251782	-5.129288	 0.485773	-3.221496	-0.133713	-0.053780	-0.886305	 0.499763	 0.460718
-0.007550	-0.730162	 0.998468	-0.250795	-4.708693	 0.492581	-2.832511	 0.366297	 0.789329	-0.882825	 0.499764	 0.482281
-0.253144	-0.664865	 1.245440	-0.250301	-4.489819	 0.495986	-2.633131	 0.614570	 1.207619	-0.879326	 0.499764	 0.492054
 0.124059	-1.131017	 0.865941	-0.250055	-4.371840	 0.497688	-2.528574	 0.236980	 1.413512	-0.875825	 0.499764	-0.004063
 0.311658	-1.360899	 0.676192	-0.249931	-4.304343	 0.498539	-2.471447	 0.048186	 1.513220	-0.872330	 0.499764	-0.251121
 0.405457	-1.472658	 0.581317	-0.249870	-4.262121	 0.498965	-2.438055	-0.046212	 1.559848	-0.868845	 0.499764	-0.374650
 0.452357	-1.025369	 0.533880	-0.249839	-4.232570	 0.499177	-2.916550	-0.093410	 1.579949	-0.865371	 0.499764	 0.063586
 0.475807	-0.800568	 0.510161	-0.249823	-4.209388	 0.499284	-3.149007	-0.117010	 1.586800	-0.861911	 0.499764	 0.281700
-0.012468	-0.687016	 0.498302	-0.249816	-4.189425	 0.499337	-2.758473	 0.371191	 1.587038	-0.858464	 0.499764	 0.390757
-0.255604	-0.629093	 0.492372	-0.249812	-4.171105	 0.499363	-2.558470	 0.613572	 1.583982	-0.855030	 0.499764	 0.445285
-0.377172	-1.098990	 0.489407	-0.249810	-4.153639	 0.499377	-2.453752	 0.233051	 1.079292	-0.851610	 0.499764	-0.027450
-0.437956	-1.330800	 0.487925	-0.249809	-4.136633	 0.499383	-2.396694	 0.042790	 0.825798	-0.848204	 0.499764	-0.262818
 0.031652	-0.943580	 0.487184	-0.249808	-4.119892	 0.499387	-2.863486	-0.052340	 1.197907	-0.844811	 0.499764	 0.119498
 0.265453	-0.748857	 0.486813	-0.249808	-4.103314	 0.499388	-3.090222	-0.099905	 1.380821	-0.841432	 0.499764	 0.309653
 0.382354	-0.650387	 0.486628	-0.249808	-4.086852	 0.499389	-3.196956	-0.123688	 1.469151	-0.838066	 0.499764	 0.404730
 0.440804	-1.100049	 0.986535	-0.249808	-4.070480	 0.499390	-2.743715	-0.135579	 1.510200	-0.334714	 0.499764	 0.452269
 0.470029	-1.321780	 1.233516	-0.249808	-4.054186	 0.499390	-2.512514	-0.141525	 1.527623	-0.083038	 0.499764	 0.476038
 0.484642	-0.929559	 1.354045	-0.249808	-4.037963	 0.499390	-2.392351	-0.144498	 1.533244	-0.457200	 0.499764	 0.487923
 0.491948	-0.732373	 1.411361	-0.249808	-4.021809	 0.499390	-2.327725	-0.145984	 1.532977	-0.642618	 0.499764	 0.493865
-0.004399	-1.132710	 0.937081	-0.249808	-4.005720	 0.499390	-2.290886	-0.146727	 1.529778	-0.733671	 0.499764	 0.496836
-0.251570	-1.329813	 0.699941	-0.249808	-3.989696	 0.499390	-2.267958	-0.147099	 1.525125	-0.777548	 0.499764	 0.498322
 0.124844	-0.925310	 1.081371	-0.249808	-3.973737	-0.000610	-2.252004	-0.147285	 1.519758	-0.797844	 0.499764	 0.499065
 0.312048	-0.722017	 1.269161	-0.249808	-3.957842	-0.249609	-2.239555	-0.147378	 1.514045	-0.806355	 0.499764	 0.499436
 0.405650	-0.619333	 1.360142	-0.249808	-3.942010	-0.374108	-2.228876	-0.147424	 1.508173	-0.808981	 0.499764	 0.499622
 0.452451	-1.066958	 1.402730	 0.250192	-3.926242	 0.063642	-2.719100	-0.147447	 1.502231	-0.808671	 0.499764	 0.499715
 0.475852	-1.287741	 1.421133	 0.498692	-3.910537	 0.281515	-2.957794	-0.147459	 1.496268	-0.806899	 0.499764	 0.499761
 0.487552	-0.895116	 0.927456	 0.121447	-3.894895	 0.390451	-3.570748	 0.352535	 1.490306	-0.804403	 0.499764	 0.499784
 0.493402	-0.697798	 0.680617	-0.067175	-3.879316	 0.444919	-3.868857	 0.600827	 1.484356	-0.801551	 0.499764	 0.499796
 0.496327	-1.098138	 0.557198	-0.161486	-3.863798	 0.472153	-3.009578	 0.223275	 1.478425	-0.798528	 0.499764	 0.499802
 0.497790	-1.295311	 0.495488	-0.208642	-3.848343	 0.485770	-2.575638	 0.034499	 1.472514	-0.795425	 0.499764	 0.499805
 0.498521	-1.390913	 0.964634	-0.232220	-3.832950	 0.492578	-3.354384	 0.440111	 1.466625	-0.792289	 0.499764	 0.499806
 0.498887	-1.435741	 1.196339	-0.244009	-3.817618	 0.495983	-3.735491	 0.641225	 1.460759	-0.789143	 0.499764	 0.499807
 0.499070	-1.455193	 1.309335	-0.249903	-3.802347	 0.497685	-3.917812	 0.740098	 1.454917	-0.785998	 0.499764	 0.499807
 0.499161	-0.961970	 1.362989	 0.247150	-3.787138	-0.001464	-3.000771	 0.787856	 1.449097	-0.282859	 0.499764	-0.000193
 0.499207	-0.715359	 1.386982	 0.494188	-3.771990	-0.250037	-2.538084	 0.810064	 1.443301	-0.031290	 0.499764	-0.249192
 0.499230	-1.092053	 1.396157	 0.116224	-3.756902	 0.125676	-2.302589	 0.819504	 1.437528	-0.405506	 0.499764	 0.126308
 0.499241	-1.277463	 1.397934	-0.072758	-3.741874	 0.312530	-2.180708	 0.822566	 1.431778	-0.591054	 0.499764	 0.313054
 0.499247	-1.367242	 0.896022	 0.332752	-3.726906	 0.405957	-2.115650	 0.822445	 1.426051	-0.682275	 0.499764	 0.406428
 0.499250	-1.409217	 0.645067	 0.534030	-3.711999	 0.452670	-2.079019	 0.820740	 1.420346	-0.726338	 0.499764	 0.453114
-0.000749	-0.927303	 1.019589	 0.133198	-3.697151	 0.476027	-2.056619	 0.818250	 1.414665	-0.746829	 0.499764	 0.476458
-0.249747	-0.686345	 1.204062	-0.067218	-3.682362	 0.487705	-2.041351	 0.815373	 1.409006	-0.755540	 0.499764	 0.488129
 0.125754	-0.565867	 1.293521	 0.332574	-3.667633	 0.493545	-2.029664	 0.812310	 1.403370	-0.758367	 0.499764	 0.493965
 0.312502	-0.505627	 1.335485	 0.531006	-3.652962	 0.496464	-2.019785	 0.809160	 1.397757	-0.758258	 0.499764	 0.496883
 0.405876	-0.475508	 1.353712	 0.628762	-3.638350	 0.497924	-2.010826	 0.805973	 1.392166	-0.756687	 0.499764	 0.498342
 0.452564	-0.960448	 1.360082	 0.176188	-3.623797	 0.498654	-2.502342	 0.802773	 1.386597	-0.754392	 0.499764	-0.000929
 0.475907	-1.200027	 1.360534	-0.050099	-3.609302	 0.499019	-2.742113	 0.799575	 1.381051	-0.751740	 0.499764	-0.249563
 0.487579	-1.316938	 0.858038	 0.336757	-3.094865	 0.499201	-2.356035	 0.796383	 1.375527	-0.748916	 0.499764	 0.126119
 0.493415	-1.372525	 0.606790	 0.528738	-2.832485	 0.499293	-2.159055	 0.793200	 1.370025	-0.746011	 0.499764	 0.312957
-0.003667	-1.397463	 0.981166	 0.623287	-3.196155	 0.499338	-2.056642	 0.790029	 1.364544	-0.743073	 0.499764	 0.406376
-0.251207	-1.407087	 1.165643	 0.669126	-3.370871	 0.499361	-2.001526	 0.786870	 1.359086	-0.740124	 0.499764	 0.453085
 0.125023	-1.409065	 0.755181	 0.690615	-3.451137	 0.499372	-1.970076	 0.783722	 1.353650	-0.737174	 0.499764	 0.476440
 0.312136	-1.407233	 0.549950	 0.699936	-3.484208	 0.499378	-1.950473	 0.780588	 1.348235	-0.734231	 0.499764	 0.488117
 0.405692	-1.403505	 0.447334	 0.703177	-3.493708	 0.499381	-1.936810	 0.777466	 1.342842	-0.731297	 0.499764	 0.493956
 0.452470	-0.898842	 0.396027	 0.703385	-3.491452	 0.499382	-1.926133	 0.774356	 1.337471	-0.728374	 0.499764	 0.496875
 0.475859	-0.646511	 0.370373	 0.702082	-3.483346	 0.499383	-1.916963	 0.771258	 1.332121	-0.725461	 0.499764	 0.498335
 0.487554	-0.520345	 0.857546	 0.200029	-3.472342	 0.499383	-1.908562	 0.768173	 1.326793	-0.722559	 0.499764	 0.499065
 0.493401	-0.457262	 1.098443	-0.050997	-3.459917	 0.499384	-1.900562	 0.765101	 1.321485	-0.719669	 0.499764	 0.499430
 0.496325	-0.425720	 0.716213	 0.323489	-3.446810	 0.499384	-1.892776	 0.762040	 0.816200	-0.716791	 0.499764	 0.499612
 0.497787	-0.409950	 0.525098	 0.509337	-3.433389	 0.499384	-1.885114	 0.758992	 0.563557	-0.713924	 0.499764	 0.499703
-0.001482	-0.402064	 0.929540	 0.100870	-3.419839	 0.499384	-1.877527	 0.755956	 0.937235	-0.711068	 0.499764	 0.499749
-0.250115	-0.398122	 1.129094	-0.103363	-3.406251	 0.499384	-1.869994	 0.752932	 1.121453	-0.708224	 0.499764	 0.499772
-0.374432	-0.396150	 1.226213	-0.205480	-3.392672	 0.499384	-1.862503	 0.749921	 1.210950	-0.705391	 0.499764	 0.499783
 0.063410	-0.395165	 1.272126	 0.243462	-3.379124	 0.499384	-1.855047	 0.746921	 1.253098	-0.702569	 0.499764	 0.499789
 0.281328	-0.394672	 1.292446	 0.466548	-3.365619	 0.499384	-1.847624	 0.743933	 1.271581	-0.699759	 0.499764	 0.499792
 0.390287	-0.394425	 1.299981	 0.576712	-2.852162	 0.499384	-1.840232	 0.740957	 1.278243	-0.696960	 0.499764	 0.499793
 0.444767	-0.394302	 1.301133	 0.630420	-2.590756	 0.499384	-1.832871	 0.737994	 1.279004	-0.694172	 0.499764	 0.499794
 0.472007	-0.394241	 1.299105	 0.655905	-2.455395	 0.499384	-1.825539	 0.235042	 1.276825	-0.691395	 0.499764	 0.499794
 0.485627	-0.394210	 1.295497	 0.667286	-2.383074	 0.499384	-1.818236	-0.016434	 1.273186	-0.688630	 0.499764	 0.499794
 0.492437	-0.394194	 0.791109	 0.671618	-2.342292	 0.499384	-1.810963	 0.357828	 1.268827	-0.685875	 0.499764	 0.499794
 0.495842	-0.394187	 0.538915	 0.672433	-2.317298	 0.499384	-1.803719	 0.543494	 1.264119	-0.683132	 0.499764	 0.499795
 0.497544	-0.394183	 0.412818	 0.671493	-2.300216	 0.499384	-1.796505	 0.634870	 1.259246	-0.680399	 0.499764	 0.499795
 0.498395	-0.394181	 0.349769	 0.669683	-2.287109	-0.000616	-1.789319	 0.679105	 1.254301	-0.677678	 0.499764	 0.499795
 0.498821	-0.394180	 0.318245	 0.667442	-2.276008	-0.249615	-1.782161	 0.699775	 1.249330	-0.674967	 0.499764	 0.499795
 0.499034	-0.894179	 0.802483	 0.664991	-2.265927	 0.125886	-1.775033	 0.708670	 1.244355	-0.172267	 0.499764	 0.499795
 0.499140	-1.141391	 1.042028	 0.662440	-2.256375	 0.312633	-1.767932	 0.711682	 1.239389	 0.079083	 0.499764	 0.499795
 0.499193	-1.262219	 1.159238	 0.659845	-2.247106	 0.406007	-1.760861	 0.711759	 1.234438	-0.295242	 0.499764	 0.499795
 0.499220	-1.319868	 1.215290	 0.657233	-2.237995	 0.452694	-1.753817	 0.710373	 1.229503	-0.481066	 0.499764	 0.499795
 0.499233	-0.845937	 1.240773	 0.654618	-2.228982	 0.476037	-1.746802	 0.708263	 1.224586	-0.572643	 0.499764	-0.000205
 0.499240	-0.608971	 1.250982	 0.652006	-2.220036	 0.487709	-1.739815	 0.705795	 1.219688	-0.617104	 0.499764	-0.249205
 0.499243	-0.490488	 1.253564	 0.649402	-2.211140	 0.493545	-1.732856	 0.703155	 1.214810	-0.638011	 0.499764	-0.373705
 0.499245	-0.431247	 1.252343	 0.646806	-2.202288	 0.496463	-1.725924	 0.700433	 1.209951	-0.647147	 0.499764	 0.064045
 0.499246	-0.401626	 1.249230	 0.644219	-2.193475	 0.497922	-1.719020	 0.697677	 1.205111	-0.650402	 0.499764	 0.281917
-0.000754	-0.386816	 1.245182	 0.641643	-2.684699	 0.498651	-1.712144	 0.694910	 1.200291	-0.650722	 0.499764	 0.390852
-0.249752	-0.379411	 1.240675	 0.639076	-2.923959	 0.499016	-1.705296	 0.692141	 1.195490	-0.649581	 0.499764	 0.445320
-0.374251	-0.875708	 0.735949	 0.636520	-2.537263	 0.499198	-1.698475	 0.189378	 1.190708	-0.647713	 0.499764	 0.472554
-0.436501	-1.121113	 0.483587	 0.633974	-2.339614	 0.499290	-1.691681	-0.062003	 1.185945	-0.645487	 0.499764	 0.486171
 0.032374	-0.741082	 0.357405	 0.631438	-2.236505	 0.499335	-1.684914	 0.312306	 1.181201	-0.643088	 0.499764	 0.492980
 0.265809	-0.551067	 0.294314	 0.628913	-2.180684	 0.499358	-1.678174	 0.498088	 1.176476	-0.640607	 0.499764	 0.496384
 0.382527	-0.456059	 0.262769	 0.626397	-2.148524	 0.499369	-1.671462	 0.589611	 1.171770	-0.638090	 0.499764	 0.498086
-0.059114	-0.408555	 0.246996	 0.623891	-2.128211	 0.499375	-1.664776	 0.634010	 1.167083	-0.635560	 0.499764	-0.001063
-0.278933	-0.384803	 0.239110	 0.621396	-2.113839	 0.499378	-1.658117	 0.654853	 1.162415	-0.633030	 0.499764	-0.249637
 0.111157	-0.372927	 0.735167	 0.618910	-2.102454	 0.499379	-1.651484	 0.663923	 1.157765	-0.630503	 0.499764	 0.126076
 0.305200	-0.366989	 0.980733	 0.616435	-2.092579	 0.499380	-1.644878	 0.667112	 1.153134	-0.627984	 0.499764	 0.312929
-0.097779	-0.364021	 1.101063	 0.613969	-2.083476	 0.499380	-1.638299	 0.667366	 1.148522	-0.625474	 0.499764	 0.406355
-0.298267	-0.362536	 1.158786	 0.611513	-2.074776	 0.499381	-1.631746	 0.666157	 1.143928	-0.622972	 0.499764	 0.453069
 0.101489	-0.361794	 1.185214	 0.609067	-2.566294	 0.499381	-1.625219	 0.664223	 1.139352	-0.620481	 0.499764	 0.476425
 0.300365	-0.361423	 1.196005	 0.606631	-2.805937	 0.499381	-1.618718	 0.661932	 1.134795	-0.617999	 0.499764	 0.488104
 0.399803	-0.361237	 1.198986	 0.604204	-2.919668	 0.499381	-1.612243	 0.659467	 1.130255	-0.615527	 0.499764	 0.493943
 0.449522	-0.361144	 1.198073	 0.101787	-2.470466	 0.499381	-1.605794	 0.656920	 1.125734	-0.613065	 0.499764	 0.496862
 0.474381	-0.361098	 1.195223	-0.149421	-2.241823	 0.499381	-1.599371	 0.654338	 1.121231	-0.610613	 0.499764	 0.498322
-0.013189	-0.361075	 1.191412	 0.224975	-2.123475	 0.499381	-1.592973	 0.651744	 1.616747	-0.608170	 0.499764	 0.499052
-0.255973	-0.361063	 1.187132	 0.410974	-2.060291	 0.499381	-1.586601	 0.649148	 1.860280	-0.605738	 0.499764	 0.499417
-0.377365	-0.361057	 1.182626	 0.502780	-2.024704	-0.000619	-1.580255	 0.646557	 1.477838	-0.103315	 0.499764	 0.499599
-0.438060	-0.361054	 1.178017	 0.547493	-2.002933	-0.249618	-1.573934	 0.643974	 1.284427	 0.147897	 0.499764	 0.499691
 0.031592	-0.361053	 1.173366	 0.568666	-1.988085	 0.125883	-1.567638	 0.641399	 1.185539	-0.226498	 0.499764	 0.499736
 0.265415	-0.361052	 1.168703	 0.578072	-1.976714	 0.312630	-1.561368	 0.638834	 1.133922	-0.412493	 0.499764	 0.499759
 0.382327	-0.361052	 1.164043	 0.581600	-1.967098	 0.406004	-1.555122	 0.636279	 1.105949	-0.504294	 0.499764	 0.499770
 0.440783	-0.361052	 1.159394	 0.582194	-1.958376	 0.452691	-1.548902	 0.633734	 1.089806	-0.549002	 0.499764	 0.499776
 0.470011	-0.361052	 1.154761	 0.581326	-1.950115	 0.476034	-1.542706	 0.631200	 1.079588	-0.570168	 0.499764	 0.499779
-0.015375	-0.861052	 1.150143	 0.579730	-1.942101	 0.487706	-1.536535	 0.628675	 1.072340	-0.579569	 0.499764	 0.499780
-0.257067	-1.108329	 1.145544	 0.577777	-1.934225	 0.493542	-1.530389	 0.626160	 1.066586	-0.583092	 0.499764	 0.499781
 0.122087	-0.729257	 1.140962	 0.575648	-1.926435	 0.496460	-1.524268	 0.623656	 1.061587	-0.083679	 0.499764	 0.499782
 0.310662	-0.539721	 1.136399	 0.573437	-1.918703	 0.497919	-1.518170	 0.621161	 1.056974	 0.166027	 0.499764	 0.499782
 0.404949	-0.444953	 1.131853	 0.571189	-1.911015	 0.498648	-1.512098	 0.618676	 1.052563	-0.209120	 0.499764	 0.499782
 0.452093	-0.397569	 1.127326	 0.568927	-1.903364	 0.499013	-1.506049	 0.616202	 1.048261	-0.395525	 0.499764	 0.499782
 0.475665	-0.873877	 0.622816	 0.566662	-1.895747	 0.499195	-1.500025	 0.613737	 1.044023	 0.012436	 0.499764	 0.499782
 0.487451	-1.109331	 0.370562	 0.564401	-1.888162	 0.499286	-1.494025	 0.611282	 1.039824	 0.216417	 0.499764	 0.499782
 0.493344	-1.224368	 0.244434	 0.562147	-1.880609	 0.499332	-1.488049	 0.608837	 1.035653	 0.318407	 0.499764	 0.499782
 0.496290	-1.279208	 0.681371	 0.559899	-1.873086	-0.000645	-1.482097	 0.606401	 1.031505	-0.130598	 0.499764	 0.499782
 0.497763	-1.303959	 0.897602	 0.557661	-1.865593	-0.249632	-1.476168	 0.603976	 1.027376	-0.353941	 0.499764	 0.499782
 0.498500	-0.813678	 0.503490	 0.555430	-1.858131	 0.125874	-1.470264	 0.601560	 1.023265	-0.464458	 0.499764	 0.499782
 0.498868	-0.568537	 0.306435	 0.553209	-1.850698	 0.312624	-1.464383	 0.599154	 1.019171	-0.518567	 0.499764	 0.499782
 0.499053	-0.945967	 0.707907	 0.550996	-1.843296	 0.405999	-1.458525	 0.596757	 1.015094	-0.544476	 0.499764	 0.499782
 0.499145	-1.132035	 0.906424	 0.548792	-1.835922	 0.452687	-1.452691	 0.594370	 1.011033	-0.556289	 0.499764	 0.499782
-0.000809	-1.222433	 1.003473	 0.546597	-1.828579	 0.476031	-1.446880	 0.591992	 1.006989	-0.561060	 0.499764	 0.499782
-0.249785	-1.265006	 1.049796	 0.544411	-1.821264	 0.487703	-1.441093	 0.589625	 1.002961	-0.562314	 0.499764	 0.499782
-0.374272	-1.283677	 1.070765	 0.542233	-1.813979	 0.493539	-1.435328	 0.587266	 0.998949	-0.561813	 0.499764	 0.499782
 0.063484	-0.790408	 1.079067	 0.540064	-1.806723	 0.496457	-1.429587	 0.584917	 0.994954	-0.560440	 0.499764	 0.499782
 0.281359	-0.543774	 1.081042	 0.537904	-1.799497	 0.497916	-1.423869	 0.582577	 0.990974	-0.558636	 0.499764	 0.499782
 0.390297	-0.420457	 1.079864	 0.535752	-1.792299	 0.498645	-1.418173	 0.580247	 0.987010	-0.056620	 0.499764	 0.499782
 0.444766	-0.358798	 1.077118	 0.533609	-1.785129	 0.499010	-1.412501	 0.577926	 0.983062	 0.194388	 0.499764	 0.499782
 0.472000	-0.327969	 1.073596	 0.531475	-1.777989	 0.499192	-1.406851	 0.575614	 0.979130	-0.180108	 0.499764	-0.000218
 0.485618	-0.312554	 1.069695	 0.529349	-1.770877	 0.499283	-1.401223	 0.573312	 0.975213	-0.366247	 0.499764	-0.249218
 0.492426	-0.304847	 0.565613	 0.527231	-1.763793	 0.499329	-1.895618	 0.571019	 0.971312	-0.458212	 0.499764	 0.126283
 0.495831	-0.300993	 0.313572	 0.525122	-1.756738	 0.499352	-2.138036	 0.568735	 0.967427	-0.503093	 0.499764	 0.313029
 0.497533	-0.299066	 0.187551	 0.523022	-1.749711	 0.499363	-2.254484	 0.566460	 0.963557	-0.524439	 0.499764	 0.406402
-0.001616	-0.798103	 0.124541	 0.520930	-1.742712	 0.499369	-1.807966	 0.564194	 0.959703	-0.034019	 0.499764	 0.453089
-0.250189	-1.045027	 0.093036	 0.518846	-1.735742	 0.499372	-1.581984	 0.561937	 0.955864	 0.211190	 0.499764	 0.476432
 0.125524	-1.165905	 0.577283	 0.016771	-1.728799	-0.000627	-1.466281	 0.559689	 0.952041	 0.333795	 0.499764	 0.488104
 0.312379	-1.223770	 0.817284	-0.234267	-1.721883	-0.249625	-1.405728	 0.557450	 0.948233	 0.395097	 0.499764	 0.493940
 0.405806	-0.750140	 0.435170	 0.140214	-1.714996	 0.125876	-1.372762	 0.555221	 0.944440	-0.074252	 0.499764	 0.496858
 0.452519	-0.513325	 0.244112	 0.326425	-1.708136	 0.312624	-1.353599	 0.553000	 0.940662	-0.307839	 0.499764	 0.498317
 0.475876	-0.394917	 0.648584	 0.418506	-1.701303	 0.405998	-1.841348	 0.550788	 0.936899	-0.423550	 0.499764	 0.499046
 0.487555	-0.335713	 0.848713	 0.463525	-1.694498	 0.452685	-2.080565	 0.548585	 0.933152	-0.480326	 0.499764	 0.499411
 0.493394	-0.306111	 0.946681	 0.485017	-1.687720	 0.476028	-2.195534	 0.546390	 0.929419	-0.507641	 0.499764	 0.499593
 0.496313	-0.791310	 0.993575	-0.005250	-1.680969	 0.487700	-1.748397	 0.544205	 0.925701	-0.520228	 0.499764	 0.499684
 0.497773	-1.031357	 1.014941	-0.250383	-1.674245	 0.493536	-1.522226	 0.542028	 0.921999	-0.525456	 0.499764	 0.499730
 0.498503	-0.648837	 1.023552	 0.127050	-1.667548	 0.496454	-1.406549	 0.539860	 0.918311	-0.527008	 0.499764	 0.499753
 0.498868	-0.457577	 1.025792	 0.314758	-1.660878	 0.497913	-1.346128	 0.537700	 0.914637	-0.526728	 0.499764	 0.499764
 0.499050	-0.861948	 0.524857	 0.407607	-1.654235	-0.001358	-1.313347	 0.535550	 0.910979	-1.025534	 0.499764	-0.000230
 0.499142	-1.061600	 0.274389	 0.453030	-1.647618	-0.249992	-1.294395	 0.533407	 0.907335	-1.271889	 0.499764	-0.249227
 0.499187	-0.658904	 0.149155	 0.475742	-1.641027	 0.125691	-1.282368	 0.531274	 0.903705	-0.892030	 0.499764	 0.126275
 0.499210	-0.457556	 0.086538	 0.487098	-1.634463	 0.312530	-1.273814	 0.529149	 0.900091	-0.701076	 0.499764	 0.313022
 0.499222	-0.356881	 0.055230	 0.492776	-1.627925	 0.405949	-1.267006	 0.527032	 0.896490	-0.604579	 0.499764	 0.406396
 0.499227	-0.306544	 0.539575	 0.495615	-1.621414	 0.452659	-1.261082	 0.524924	 0.892904	-0.555314	 0.499764	 0.453083
 0.499230	-0.281376	 0.779700	 0.497034	-1.614928	 0.476014	-1.255609	 0.522824	 0.889333	-0.529669	 0.499764	 0.476426
-0.000768	-0.268792	 0.397723	 0.497744	-2.108468	 0.487691	-1.250373	 0.520733	 1.385775	-0.515839	 0.499764	 0.488098
-0.249766	-0.262499	 0.206735	 0.498099	-2.350034	 0.493530	-1.245264	 0.518650	 1.630232	-0.507920	 0.499764	 0.493934
-0.374265	-0.759353	 0.611241	 0.498276	-1.965634	 0.496449	-1.240230	 0.516575	 1.248711	-0.502960	 0.499764	 0.496851
-0.436515	-1.005268	 0.811462	 0.498365	-1.770272	 0.497909	-1.235242	 0.514509	 1.056217	-0.500481	 0.499764	 0.498310
 0.032361	-0.625723	 0.409549	 0.498409	-1.669441	 0.498639	-1.230288	 0.512451	 0.958242	 0.000759	 0.499764	 0.499040
 0.265796	-0.435950	 0.208593	 0.498432	-1.615888	 0.499004	-1.225360	 0.510401	 0.907534	 0.250375	 0.499764	 0.499405
 0.382513	-0.341064	 0.108115	 0.498443	-1.585987	 0.499186	-1.220455	 0.508360	 0.880466	 0.375183	 0.499764	 0.499587
 0.440872	-0.293621	 0.057876	 0.498448	-1.567924	 0.499277	-1.215572	 0.506326	 0.865225	 0.437587	 0.499764	 0.499678
 0.470052	-0.269899	 0.032756	 0.498451	-1.555793	 0.499323	-1.210709	 0.504301	 0.855905	 0.468789	 0.499764	 0.499724
-0.015359	-0.258039	 0.520196	 0.498452	-1.546640	 0.499346	-1.205865	 0.502284	 0.849552	 0.484390	 0.499764	 0.499747
-0.257062	-0.252108	 0.761901	 0.498453	-1.538989	 0.499357	-1.201042	 0.500275	 0.844689	 0.492191	 0.499764	 0.499758
-0.377914	-0.749143	 0.380746	 0.498453	-1.532100	 0.499363	-1.196237	 0.499270	 0.840578	-0.003909	 0.499764	 0.499764
-0.438340	-0.995168	 0.190169	 0.498454	-1.525606	 0.499366	-1.191452	 0.498768	 0.836849	-0.250959	 0.499764	 0.499767
 0.031447	-1.115698	 0.594880	 0.498454	-1.519320	-0.000633	-1.686687	 0.498517	 0.833319	-0.874484	 0.499764	 0.499768
 0.265338	-1.173491	 0.795237	 0.498454	-1.513151	-0.249631	-1.929940	 0.498391	 0.829894	-1.183250	 0.499764	 0.499769
 0.382284	-1.199925	 0.893424	 0.498454	-1.507053	-0.374130	-2.047220	 0.498328	 0.826528	-1.334650	 0.499764	 0.499769
 0.440756	-0.710689	 0.940534	 0.498454	-1.501002	 0.063621	-1.601531	 0.498297	 0.823199	-0.907377	 0.499764	-0.000231
 0.469993	-0.466071	 0.962114	 0.498454	-1.494986	 0.281493	-1.376375	 0.498281	 0.819895	-0.693741	 0.499764	-0.249230
 0.484611	-0.343762	 0.970936	 0.498454	-1.489001	-0.109571	-1.761495	 0.498273	 0.816610	-0.586923	 0.499764	 0.126270
 0.491920	-0.282607	 0.973388	 0.498454	-1.483042	-0.304101	-1.949761	 0.498269	 0.813341	-0.533514	 0.499764	 0.313017
 0.495575	-0.252030	 0.972662	 0.498454	-1.477108	 0.098634	-2.039618	 0.498267	 0.810086	-0.506809	 0.499764	 0.406390
 0.497402	-0.236741	 0.970356	 0.498454	-1.471199	 0.298998	-2.080288	 0.498266	 0.806845	-0.493457	 0.499764	 0.453077
-0.001684	-0.229097	 0.467266	 0.498454	-1.465314	 0.399180	-2.096381	 0.498266	 0.803617	-0.486781	 0.499764	 0.476420
-0.250226	-0.225275	 0.215721	 0.498454	-1.459453	 0.449272	-2.100202	 0.498266	 0.800402	-0.483443	 0.499764	 0.488092
-0.374497	-0.223364	 0.089949	 0.498454	-1.453615	 0.474317	-2.097905	 0.498266	 0.797201	-0.481774	 0.499764	 0.493927
-0.436632	-0.222408	 0.527063	 0.498454	-1.447800	 0.486840	-2.092565	 0.498265	 0.794012	-0.480939	 0.499764	 0.496845
-0.467700	-0.221931	 0.743691	 0.498454	-1.442009	 0.493101	-2.085721	 0.498265	 0.790836	-0.480522	 0.499764	 0.498304
 0.016766	-0.221692	 0.850085	 0.498454	-1.436241	 0.496232	-1.578141	 0.498265	 0.787672	 0.019687	 0.499764	-0.000966
 0.257997	-0.221572	 0.901369	 0.498454	-1.430496	 0.497797	-1.322210	 0.498265	 0.784522	 0.268751	 0.499764	-0.249601
-0.121388	-0.221513	 0.925106	-0.001546	-1.424774	 0.498580	-1.192112	 0.498265	 0.781384	 0.392248	 0.499764	 0.126082
-0.310079	-0.221483	 0.935076	-0.250543	-1.419075	 0.498971	-1.124939	 0.498265	 0.778258	 0.452965	 0.499764	 0.312919
 0.095576	-0.221468	 0.438171	 0.124958	-1.413399	 0.499167	-1.089237	 0.498265	 0.775145	-0.017704	 0.499764	 0.406338
 0.297401	-0.221460	 0.189719	 0.311708	-1.407745	 0.499265	-1.069278	 0.498265	 0.772044	-0.253039	 0.499764	 0.453048
 0.398313	-0.221457	 0.065493	 0.405083	-1.402114	 0.499314	-1.057201	 0.498265	 0.768956	-0.370706	 0.499764	 0.476402
 0.448769	-0.221455	 0.503380	 0.451771	-1.396506	 0.499338	-1.049072	 0.498265	 0.765880	-0.429539	 0.499764	 0.488080
 0.473997	-0.221454	 0.720441	 0.475114	-1.390919	 0.499351	-1.042925	 0.498265	 0.762817	-0.458956	 0.499764	 0.493918
 0.486611	-0.221453	 0.327096	 0.486786	-1.385356	 0.499357	-1.037778	 0.998265	 0.759766	-0.473665	 0.499764	 0.496838
 0.492918	-0.221453	 0.130424	 0.492622	-1.379814	 0.499360	-1.033140	 1.245269	 0.756727	-0.481019	 0.499764	 0.498297
 0.496072	-0.221453	 0.532088	 0.495540	-1.374295	 0.499361	-1.028763	 0.865786	 1.253700	-0.484696	 0.499764	 0.499027
 0.497649	-0.221453	 0.731052	 0.496999	-1.368798	 0.499362	-1.024527	 0.676045	 1.498685	-0.486535	 0.499764	 0.499392
 0.498437	-0.221453	 0.828674	 0.497729	-1.363323	 0.499362	-0.520367	 1.081174	 1.117690	-0.987454	 0.499764	 0.499575
 0.498831	-0.221453	 0.875633	 0.498093	-1.357869	 0.499363	-0.268288	 1.280766	 0.925719	-1.234937	 0.499764	 0.499666
 0.499028	-0.221453	 0.897267	 0.498276	-1.352438	 0.499363	-0.142248	 1.377601	 0.828266	-1.355713	 0.499764	 0.499712
-0.000873	-0.221453	 0.406246	 0.498367	-1.347028	-0.000637	-0.579228	 0.923070	 0.778078	-0.913149	 0.499764	 0.499734
-0.249822	-0.221453	 0.160736	 0.498413	-1.341640	-0.249636	-0.795686	 0.695804	 0.751529	-0.691866	 0.499764	 0.499746
 0.125703	-0.221453	 0.037980	 0.498435	-1.336274	 0.125865	-1.401890	 1.082172	 0.736804	-0.581225	 0.499764	-0.000249
 0.312463	-0.221453	-0.023397	 0.498447	-1.330928	 0.312612	-1.700977	 1.272418	 0.727997	-0.525905	 0.499764	-0.249245
-0.094156	-0.221453	 0.445914	 0.498452	-1.325605	 0.405986	-1.846519	 1.364616	 0.722155	 0.001756	 0.499764	 0.126256
-0.296465	-0.221453	 0.678739	 0.498455	-1.320302	 0.452673	-1.915307	 1.407801	 0.717802	 0.264527	 0.499764	 0.313004
-0.397619	-0.221453	 0.793329	 0.498457	-1.815021	-0.023984	-1.445732	 1.426492	 0.714198	 0.394858	 0.499764	 0.406377
-0.448196	-0.221453	 0.848808	 0.498457	-2.057761	-0.261311	-1.208993	 1.432947	 0.710975	 0.458973	 0.499764	 0.453064
 0.026515	-0.721453	 0.874738	 0.498458	-1.674530	 0.120026	-1.088678	 0.933296	 0.207948	-0.010015	 0.499764	 0.476408
 0.262869	-0.969010	 0.885903	 0.498458	-1.480332	 0.309691	-1.026585	 0.683470	-0.043565	-0.244510	 0.499764	 0.488079
 0.381045	-1.090355	 0.889690	 0.498458	-1.380661	 0.404524	-0.993609	 0.558557	-0.169322	-0.361757	 0.499764	 0.493915
-0.059866	-0.648605	 0.389797	 0.498458	-1.328263	 0.451941	-0.975199	 0.496101	 0.267800	-0.420380	 0.499764	 0.496833
-0.279321	-0.427729	 0.139851	 0.498458	-1.299512	 0.475649	-0.964081	 0.464873	 0.484951	-0.449692	 0.499764	 0.498292
-0.389048	-0.317292	 0.014878	 0.498458	-1.282596	 0.487503	-0.956616	 0.949259	 0.592122	 0.035652	 0.499764	 0.499022
-0.443911	-0.262073	-0.047609	 0.498458	-1.271606	 0.493430	-0.950985	 1.188584	 0.644309	 0.277282	 0.499764	 0.499386
 0.028657	-0.234463	 0.421148	 0.498458	-1.263590	 0.496393	-1.446279	 1.305391	 0.669010	 0.397059	 0.499764	 0.499569
 0.263938	-0.220659	 0.653746	 0.498458	-1.257070	 0.497875	-1.690043	 1.360950	 0.679972	 0.455914	 0.499764	 0.499660
 0.381579	-0.213756	 0.768273	 0.498458	-1.251310	 0.498616	-1.308057	 1.385897	 0.684072	-0.015688	 0.499764	 0.499705
 0.440400	-0.210305	 0.823771	 0.498458	-1.245938	 0.498987	-1.115212	 1.395549	 0.684745	-0.251489	 0.499764	 0.499728
 0.469810	-0.208580	 0.849761	 0.498458	-1.240771	 0.499172	-1.016945	 1.397564	 0.683711	-0.369389	 0.499764	 0.499740
 0.484515	-0.707717	 0.861005	 0.498458	-1.235717	 0.499264	-0.965974	 1.395772	 0.681829	-0.428340	 0.499764	 0.499745
 0.491868	-0.954872	 0.864882	 0.498458	-1.230728	 0.499311	-0.938659	 1.392089	 0.679528	-0.457815	 0.499764	 0.499748
 0.495544	-0.576045	 0.865083	 0.498458	-1.225782	 0.499334	-0.923178	 1.387470	 0.677023	 0.027448	 0.499764	 0.499750
 0.497382	-0.386632	 0.863453	 0.498458	-1.220868	 0.499345	-0.913623	 1.382395	 0.674421	 0.269053	 0.499764	 0.499750
-0.001699	-0.291925	 0.860914	 0.498458	-1.215979	 0.499351	-0.907037	 0.877103	 0.671777	-0.111165	 0.499764	 0.499751
-0.250238	-0.244572	 0.857928	 0.498458	-1.211112	 0.499354	-0.901943	 0.624457	 0.669116	-0.301274	 0.499764	 0.499751
-0.374507	-0.220895	 0.354725	 0.498458	-1.206266	 0.499356	-0.897602	 0.998134	 0.666453	 0.103671	 0.499764	 0.499751
-0.436642	-0.209057	 0.103124	 0.498458	-1.201440	 0.499356	-0.893645	 1.182229	 0.663794	 0.305127	 0.499764	 0.499751
-0.467709	-0.203138	-0.022677	 0.498458	-1.196634	 0.499357	-0.889888	 1.271543	 0.661142	 0.404841	 0.499764	 0.499751
-0.483243	-0.200178	 0.414423	 0.498458	-1.191847	 0.499357	-0.886236	 0.813479	 0.658499	-0.046311	 0.499764	 0.499751
-0.491010	-0.198698	 0.631270	 0.498458	-1.187080	 0.499357	-0.882646	 0.584447	 0.655866	-0.271887	 0.499764	 0.499751
 0.005107	-0.197958	 0.737997	 0.498458	-1.182332	-0.000643	-0.879092	 0.969931	 0.653243	-0.384674	 0.499764	 0.499751
 0.252162	-0.197588	 0.789671	 0.498458	-1.177602	-0.249642	-0.875564	 1.159962	 0.650630	-0.441068	 0.499764	 0.499751
 0.375690	-0.197403	 0.813825	 0.498458	-1.172892	 0.125859	-0.872056	 0.752278	 0.648028	-0.469265	 0.499764	 0.499751
 0.437454	-0.197311	 0.824226	 0.498458	-1.168200	 0.312606	-0.868565	 0.548435	 0.645436	-0.483364	 0.499764	 0.499751
 0.468336	-0.197265	 0.827758	 0.498458	-1.163527	 0.405980	-0.865090	 0.446514	 0.642854	 0.009587	 0.499764	 0.499751
 0.483777	-0.197242	 0.827861	 0.498458	-1.158873	 0.452667	-0.861628	 0.395554	 0.640283	 0.255057	 0.499764	 0.499751
 0.491498	-0.197230	 0.826257	 0.498458	-1.154238	 0.476011	-0.858182	 0.370073	 0.637722	 0.376791	 0.499764	 0.499751
 0.495358	-0.697224	 0.823805	 0.498458	-1.149621	-0.012318	-0.854749	 0.857333	 0.635171	-0.062342	 0.499764	 0.499751
 0.497288	-0.944827	 0.820937	 0.498458	-1.145022	-0.255480	-0.851330	 1.098274	 0.632630	-0.280905	 0.499764	 0.499751
 0.498253	-0.566243	 0.817866	 0.498458	-1.140442	 0.122938	-0.847924	 0.716066	 0.630100	-0.390187	 0.499764	 0.499751
 0.498736	-0.376952	 0.814701	 0.498458	-1.135880	 0.311145	-0.844533	 0.524962	 0.627579	-0.444828	 0.499764	 0.499751
 0.498977	-0.282306	 0.811496	 0.498458	-1.131337	 0.405248	-0.841154	 0.429410	 0.625069	 0.027852	 0.499764	 0.499751
 0.499098	-0.234983	 0.808277	 0.498458	-1.126812	 0.452300	-0.837790	 0.381634	 0.622569	 0.263190	 0.499764	 0.499751
-0.000842	-0.211321	 0.805057	 0.498458	-1.122304	 0.475825	-0.834439	 0.857746	 0.620078	 0.380860	 0.499764	-0.000249
-0.249810	-0.199491	 0.801843	 0.498458	-1.117815	 0.487588	-0.831101	 1.093134	 0.617598	 0.439694	 0.499764	-0.249248
-0.374294	-0.193575	 0.798639	 0.498458	-1.113344	 0.493470	-0.827776	 1.208171	 0.615128	 0.469112	 0.499764	-0.373748
 0.063464	-0.190618	 0.795446	 0.498458	-1.108891	 0.496411	-0.824465	 0.763043	 0.612667	-0.016180	 0.499764	-0.435998
 0.281340	-0.189139	 0.792265	 0.498458	-1.104455	 0.497881	-0.821167	 0.540479	 0.610216	-0.257822	 0.499764	-0.467123
 0.390278	-0.188399	 0.789097	 0.498458	-1.100037	 0.498616	-0.817883	 0.929198	 0.607776	-0.378644	 0.499764	 0.017315
 0.444747	-0.188030	 0.785941	 0.498458	-1.095637	 0.498984	-0.814611	 1.120921	 0.605344	-0.439054	 0.499764	 0.258530
-0.028018	-0.687845	 0.282797	 0.498458	-1.091254	 0.499167	-1.311353	 1.214157	 0.602923	-0.469260	 0.499764	 0.379137
-0.263399	-0.935377	 0.031225	 0.498458	-1.086889	 0.499259	-1.556107	 1.258160	 0.600511	-0.484362	 0.499764	 0.439441
 0.118910	-0.556777	 0.405439	 0.498458	-1.082542	 0.499305	-1.174883	 1.277558	 0.598109	-0.491914	 0.499764	 0.469593
 0.309063	-0.367477	 0.590987	 0.498458	-1.078212	 0.499328	-0.982683	 1.284663	 0.595717	-0.495689	 0.499764	 0.484669
 0.404139	-0.272827	 0.682208	 0.498458	-1.073899	 0.499340	-0.885003	 1.285631	 0.593334	-0.497577	 0.499764	 0.492207
 0.451677	-0.225503	 0.726271	 0.498458	-1.069603	 0.499346	-0.834588	 1.283543	 0.590961	-0.498521	 0.499764	 0.495976
 0.475446	-0.201840	 0.746762	 0.498458	-1.065325	 0.499348	-0.807812	 1.279935	 0.588597	-0.498993	 0.499764	 0.497861
 0.487330	-0.190009	 0.755473	 0.498458	-1.061064	 0.499350	-0.792862	 1.275579	 0.586242	-0.499229	 0.499764	 0.498803
 0.493273	-0.184093	 0.758301	 0.498458	-1.056819	 0.499351	-0.783831	 1.270858	 0.583897	-0.499347	 0.499764	 0.499274
 0.496244	-0.181135	 0.758192	 0.498458	-1.052592	 0.499351	-0.777766	 1.265966	 0.581562	 0.000594	 0.499764	 0.499510
 0.497729	-0.179656	 0.756621	 0.498458	-1.048382	 0.499351	-0.773190	 1.260997	 0.579236	 0.249563	 0.499764	 0.499627
 0.498472	-0.178917	 0.754326	 0.498458	-1.044188	 0.499351	-0.769365	 1.256001	 1.076919	-0.125952	 0.499764	-0.000314
 0.498843	-0.178547	 0.751674	 0.498458	-1.040011	 0.499351	-0.765921	 1.251001	 1.322611	-0.312707	 0.499764	-0.249284
 0.499029	-0.178362	 0.748850	 0.498458	-1.035851	 0.499351	-0.762674	 1.246009	 1.442321	-0.406084	 0.499764	-0.373769
 0.499122	-0.178270	 0.745946	 0.498458	-1.031708	 0.499351	-0.759532	 1.241031	 0.999051	 0.047227	 0.499764	-0.436011
 0.499168	-0.178224	 0.743008	 0.498458	-1.027581	 0.499351	-0.756448	 1.236070	 0.776305	 0.272882	 0.499764	-0.467133
 0.499192	-0.178201	 0.740059	 0.498458	-1.023471	 0.499351	-0.753400	 1.231127	 1.163825	-0.114291	 0.499764	 0.017307
 0.499203	-0.178189	 0.737110	 0.498458	-1.019377	 0.499351	-0.750375	 1.226203	 1.354482	-0.306874	 0.499764	 0.258523
-0.000791	-0.178183	 0.234168	 0.498458	-1.015299	-0.000649	-0.747367	 1.221299	 0.446720	-0.403166	 0.499764	 0.379131
-0.249786	-0.178180	-0.017304	 0.498458	-1.011238	-0.249647	-0.744375	 1.216414	-0.007160	-0.451312	 0.499764	 0.439435
-0.374284	-0.178179	 0.356961	 0.498458	-1.007193	 0.125853	-0.741396	 1.211548	 0.265899	-0.475385	 0.499764	 0.469587
-0.436533	-0.178178	 0.542630	 0.498458	-1.003164	 0.312601	-0.738430	 1.206702	 0.401351	-0.487421	 0.499764	 0.484663
-0.467658	-0.178178	 0.634009	 0.498458	-0.999152	 0.405975	-0.735476	 1.201875	 0.468003	-0.493439	 0.499764	 0.492201
 0.016780	-0.178178	 0.678247	 0.498458	-0.995155	 0.452662	-0.232534	 1.197068	 0.500260	-0.496449	 0.499764	 0.495970
 0.257997	-0.178178	 0.698921	 0.498458	-0.991175	 0.476005	 0.018937	 1.192279	 0.515324	-0.497953	 0.499764	 0.497855
-0.121395	-0.178178	 0.707819	 0.498458	-0.987210	 0.487677	-0.355327	 1.187510	 0.521794	-0.498705	 0.499764	 0.498797
-0.310089	-0.178178	 0.710835	 0.498458	-0.983261	 0.493513	-0.541000	 1.182760	 0.523973	-0.499081	 0.499764	 0.499268
-0.404437	-0.178178	 0.710915	 0.498458	-0.979328	 0.496430	-0.632383	 1.178029	 0.524011	-0.499270	 0.499764	 0.499504
-0.451610	-0.178178	 0.709533	 0.498458	-0.975411	 0.497889	-0.676627	 1.173317	 0.522981	-0.499364	 0.499764	 0.499621
 0.024803	-0.178178	 0.707425	 0.498458	-0.971509	-0.001381	-0.697308	 1.168624	 0.521422	-0.499411	 0.499764	 0.499680
 0.262007	-0.178178	 0.704961	 0.498458	-0.967623	-0.250015	-0.706212	 1.163949	 0.519603	-0.499434	 0.499764	 0.499710
 0.380609	-0.178178	 0.702324	 0.498458	-0.963752	-0.374332	-0.709234	 1.159294	 0.517658	-0.499446	 0.499764	 0.499724
 0.439910	-0.178178	 0.699606	 0.498458	-0.959897	 0.063510	-0.709320	 0.654656	 1.015654	-0.499452	 0.499764	 0.499732
 0.469561	-0.178178	 0.696853	 0.498458	-0.956058	 0.281428	-0.707944	 0.402338	 1.261625	-0.499455	 0.499764	 0.499735
 0.484386	-0.178178	 0.194089	 0.498458	-0.952234	 0.390387	-0.705844	 0.776178	 1.381595	-0.499456	 0.499764	 0.499737
 0.491799	-0.178178	-0.057294	 0.498458	-0.948425	 0.444866	-0.703386	 0.960799	 1.438577	-0.499457	 0.499764	 0.499738
 0.495505	-0.178178	 0.317015	 0.498458	-0.944631	 0.472106	-0.700755	 1.050818	 0.964077	-0.499457	 0.499764	 0.499739
 0.497358	-0.178178	 0.502787	 0.498458	-0.940852	 0.485726	-0.698043	 1.093546	 0.726827	-0.499457	 0.499764	 0.499739
 0.498285	-0.178178	 0.094296	 0.498458	-0.937089	 0.492536	-0.195297	 1.112638	 0.608202	-0.499458	 0.499764	 0.499739
 0.498748	-0.178178	-0.109950	 0.498458	-0.933341	 0.495941	 0.056077	 1.119920	 0.548889	-0.499458	 0.499764	 0.499739
 0.498980	-0.178178	-0.212073	 0.498458	-0.929607	 0.497643	 0.181763	 1.121307	 0.519233	-0.499458	 0.499764	 0.499739
 0.499096	-0.178178	 0.236866	 0.498458	-0.925889	 0.498494	-0.255393	 1.119755	 1.004405	-0.499458	 0.499764	 0.499739
 0.499153	-0.178178	 0.459964	 0.498458	-0.922185	 0.498920	-0.472587	 1.116742	 1.244012	-0.499458	 0.499764	 0.499739
 0.499182	-0.178178	 0.570146	 0.498458	-0.918497	-0.000867	-0.579804	 1.113008	 1.360848	 0.000542	 0.499764	 0.499739
 0.499197	-0.178178	 0.623877	 0.498458	-0.914823	-0.249759	-0.632038	 1.108923	 1.416311	 0.249541	 0.499764	 0.499739
 0.499204	-0.178178	 0.149387	 0.498458	-0.911163	 0.125794	-0.656787	 1.104671	 1.441098	 0.374041	 0.499764	 0.499739
 0.499208	-0.178178	-0.087858	 0.498458	-0.907519	 0.312569	-0.667798	 1.100344	 1.450561	 0.436290	 0.499764	 0.499739
-0.000790	-0.178178	 0.293520	 0.498458	-0.903889	 0.405956	-0.671946	 1.095988	 0.952372	-0.032585	 0.499764	 0.499739
-0.249788	-0.178178	 0.482859	 0.498458	-0.900273	 0.452649	-0.672668	 1.091627	 0.703277	-0.266019	 0.499764	 0.499739
-0.374287	-0.678178	 0.576184	 0.498458	-0.896672	 0.475996	-0.671682	 1.087272	 1.078730	 0.117263	 0.499764	 0.499739
-0.436536	-0.925821	 0.621507	 0.498458	-0.893085	 0.487669	-0.669848	 1.082929	 1.263548	 0.307904	 0.499764	 0.499739
-0.467661	-1.047296	 0.642836	 0.498458	-0.889513	 0.493506	-0.667595	 1.078600	 1.353060	 0.403224	 0.499764	 0.499739
-0.483223	-0.605696	 0.652171	 0.498458	-0.885955	 0.496425	-0.665137	 1.074287	 0.894931	-0.049116	 0.499764	 0.499739
-0.491004	-0.384896	 0.655516	 0.498458	-0.882411	 0.497884	-0.662583	 1.069990	 0.665867	-0.274283	 0.499764	 0.499739
-0.494895	-0.274496	 0.655871	 0.498458	-0.878881	-0.001387	-0.159986	 1.065711	 0.551334	-0.386867	 0.499764	 0.499739
-0.496840	-0.219296	 0.654736	 0.498458	-0.875366	-0.250021	 0.091312	 1.061448	 0.494068	-0.443159	 0.499764	 0.499739
 0.002187	-0.191696	 0.652861	 0.498458	-0.871864	 0.125662	-0.283039	 1.057202	 0.465435	 0.028696	 0.499764	 0.499739
