 0.475157	 0.499106	 0.498109	 0.809925	 0.499376	 0.416026	-0.010288	 0.518417	 0.499341	 0.218873	-0.200665	 0.499486
 0.486943	 0.499106	 0.498109	 0.365341	 0.499376	 0.416907	 0.036934	 0.516343	-0.000659	 0.218874	-0.200665	 0.499486
 0.492836	 0.499106	 0.498109	 0.143048	 0.499376	 0.417348	 0.060544	 0.514278	-0.249658	 0.218875	-0.200665	 0.499486
-0.004217	 0.499106	 0.498109	 0.531902	 0.499376	 0.417568	 0.072350	 0.512221	 0.125843	 0.218876	-0.200665	 0.499486
-0.251742	 0.499106	 0.498109	 0.724487	 0.499376	 0.417679	 0.078253	 0.510172	 0.312590	 0.218876	-0.200665	 0.499486
 0.124496	 0.499106	 0.498109	 0.818946	 0.499376	 0.417734	 0.081204	 0.508131	 0.405964	 0.218876	-0.200665	 0.499486
 0.311614	 0.499106	 0.498109	 0.864348	 0.499376	 0.417761	 0.082680	 0.506099	 0.452651	 0.218876	-0.200665	 0.499486
 0.405173	 0.499106	 0.498109	 0.385230	 0.499376	 0.417775	 0.083417	 0.504074	 0.475995	 0.218876	-0.200665	 0.499486
 0.451952	 0.499106	 0.498109	 0.145671	 0.499376	 0.417782	 0.083786	 0.502058	 0.487666	 0.218876	-0.200665	 0.499486
 0.475342	 0.499106	 0.498109	 0.025891	 0.499376	 0.417785	 0.083971	 0.500050	 0.493502	 0.218876	-0.200665	 0.499486
 0.487036	 0.499106	 0.498109	 0.466002	 0.499376	 0.417787	 0.084063	 0.999046	 0.496420	 0.218876	-0.200665	 0.499486
 0.492884	 0.499106	 0.498109	 0.684244	 0.499376	 0.417788	 0.084109	 1.245547	 0.497879	 0.218876	-0.200665	 0.499486
 0.495808	 0.499106	 0.498109	 0.291561	 0.499376	 0.417788	-0.415868	 0.865814	 0.498609	 0.218876	-0.200665	 0.499486
 0.497269	 0.499106	 0.498109	 0.095219	 0.499376	 0.417789	-0.664025	 0.675948	 0.498973	 0.218876	-0.200665	 0.499486
 0.498000	 0.499106	 0.498109	-0.002952	 0.499376	 0.417789	-0.286279	 0.581014	 0.499156	 0.218876	-0.200665	 0.499486
 0.498366	 0.499106	 0.498109	-0.052037	 0.499376	 0.417789	-0.097406	 0.533548	 0.499247	 0.218876	-0.200665	 0.499486
 0.498549	 0.499106	 0.498109	-0.076580	 0.499376	 0.417789	-0.002969	 0.509814	 0.499292	 0.218876	-0.200665	 0.499486
 0.498640	 0.499106	 0.498109	-0.088851	 0.499376	 0.417789	 0.044249	 0.497948	 0.499315	 0.218876	-0.200665	 0.499486
 0.498686	 0.499106	 0.498109	-0.094987	 0.499376	 0.417789	 0.067858	 0.492014	 0.499327	 0.218876	-0.200665	 0.499486
 0.498708	 0.499106	 0.498109	 0.401945	 0.499376	 0.417789	 0.079663	 0.489048	 0.499332	 0.218876	-0.200665	 0.499486
 0.498720	 0.499106	 0.498109	 0.648613	 0.499376	 0.417789	 0.085565	 0.487564	 0.499335	 0.218876	-0.200665	 0.499486
-0.001274	 0.499106	 0.498109	 0.770157	 0.499376	 0.417789	-0.411484	 0.486823	 0.499337	-0.281124	-0.200665	 0.499486
-0.250269	 0.499106	 0.498109	 0.829145	 0.499376	 0.417789	-0.658191	 0.486452	 0.499337	-0.529562	-0.200665	 0.499486
 0.125234	 0.499106	 0.498109	 0.856863	 0.499376	 0.417789	-0.279735	 0.486266	 0.499338	-0.152225	-0.200665	 0.499486
 0.311984	 0.499106	 0.498109	 0.868953	 0.499376	 0.417789	-0.090507	 0.486174	 0.499338	 0.036444	-0.200665	 0.499486
 0.405358	 0.499106	 0.498109	-0.126764	 0.499376	 0.417789	 0.004107	 0.486127	 0.499338	 0.130778	-0.200665	 0.499486
 0.452046	 0.499106	 0.498109	-0.622378	 0.499376	 0.417789	 0.051414	 0.486104	 0.499338	 0.177945	-0.200665	 0.499486
 0.475390	 0.499106	 0.498109	-0.867948	 0.499376	 0.417789	 0.075068	 0.486093	 0.499338	 0.201529	-0.200665	 0.499486
 0.487062	 0.499106	 0.498109	-0.988507	 0.499376	-0.082211	 0.086894	 0.486087	 0.499338	 0.213321	-0.200665	 0.499486
 0.492897	 0.499106	 0.498109	-1.046568	 0.499376	-0.331047	 0.092808	 0.486084	 0.499338	 0.219217	-0.200665	 0.499486
 0.495815	 0.499106	 0.498109	-0.073389	 0.499376	 0.045695	 0.095764	 0.486083	 0.499338	 0.222164	-0.200665	 0.499486
 0.497274	 0.499106	 0.498109	 0.411401	 0.499376	 0.234066	 0.097243	 0.486082	 0.499338	 0.223638	-0.200665	 0.499486
 0.498004	 0.499106	 0.498109	 0.652003	 0.499376	 0.328252	 0.097982	 0.486081	 0.499338	 0.224375	-0.200665	 0.499486
 0.498369	 0.499106	 0.498109	 0.770519	 0.499376	 0.375344	 0.098352	 0.486081	 0.499338	 0.224744	-0.200665	 0.499486
 0.498551	 0.499106	 0.498109	 0.327999	 0.499376	 0.398891	 0.098536	 0.486081	 0.499338	 0.224928	-0.200665	 0.499486
 0.498642	 0.499106	 0.498109	 0.106739	 0.499376	 0.410664	 0.098629	 0.486081	 0.499338	 0.225020	-0.200665	 0.499486
 0.498688	 0.499106	 0.498109	-0.003891	 0.499376	 0.416551	 0.098675	 0.486081	 0.499338	 0.225066	-0.200665	 0.499486
 0.498711	 0.499106	 0.498109	-0.059206	 0.499376	 0.419494	 0.098698	 0.486081	 0.499338	 0.225089	-0.200665	 0.499486
 0.498722	 0.499106	 0.498109	-0.086863	 0.499376	 0.420966	 0.098710	 0.486081	 0.499338	 0.225101	-0.200665	 0.499486
-0.001272	 0.499106	 0.498109	 0.399308	 0.499376	 0.421701	 0.098715	 0.486081	 0.499338	 0.225107	-0.200665	 0.499486
-0.250267	 0.499106	 0.498109	 0.640623	 0.499376	 0.422069	 0.098718	 0.486081	 0.499338	 0.225110	-0.200665	 0.499486
 0.125236	 0.499106	 0.498109	 0.759516	 0.499376	 0.422253	 0.598720	 0.986081	 0.499338	 0.225111	-0.200665	 0.499486
 0.311986	 0.499106	 0.498109	 0.817206	 0.499376	 0.422345	 0.846523	 1.233109	 0.499338	 0.225112	-0.200665	 0.499486
 0.405361	 0.499106	 0.498109	 0.344301	-0.000624	 0.922391	 0.968236	 0.853663	 0.499338	 0.225112	-0.200665	 0.499486
 0.452048	 0.499106	 0.498109	 0.107849	-0.249623	 1.169569	 1.026913	 0.663939	 0.499338	 0.225112	-0.200665	 0.499486
 0.475392	 0.499106	 0.498109	-0.010378	-0.374122	 1.290325	 1.054080	 0.569078	 0.499338	 0.225112	-0.200665	 0.499486
-0.012936	 0.499106	 0.498109	 0.430509	 0.063628	 1.347880	 1.065501	 0.521647	 0.499338	 1.225112	-0.200665	 0.499486
-0.256098	 0.499106	 0.498109	 0.649210	 0.281500	 1.373847	 1.069057	 0.497932	 0.499338	 1.720662	-0.200665	 0.499486
-0.377679	 0.499106	 0.498109	 0.756824	 0.890437	 1.884031	 1.568691	-0.013926	 0.499338	 1.464005	-0.200665	 0.499486
-0.438469	 0.499106	 0.498109	 0.808903	 1.191906	 2.134335	 1.814370	-0.268803	 0.499338	 1.333261	-0.200665	 0.499486
 0.031136	 0.499106	 0.498109	 0.833220	 0.839654	 2.254717	 2.933090	-1.895195	-0.500662	 2.765484	-0.200665	 0.499486
 0.264937	 0.499106	 0.498109	 0.843664	 0.663528	 2.310158	 3.484347	-2.701347	-0.997661	 3.473201	-0.200665	 0.499486
 0.381837	 0.499106	 0.498109	 0.847177	 0.575465	 2.333148	 4.251904	-4.097408	-1.743171	 4.818697	-0.200665	 0.499486
 0.440287	 0.499106	 0.498109	 0.847233	 0.531433	 2.339930	 4.625643	-4.784452	-2.110948	 5.479117	-0.200665	 0.499486
 0.469512	 0.499106	 0.498109	 0.845566	 0.509418	 3.338628	 4.802514	-5.117031	-2.789880	 5.797047	-0.200665	 0.499486
 0.484125	 0.499106	 0.498109	 0.843044	 0.498410	 3.829302	 4.880991	-5.272421	-3.122408	 5.943783	-0.200665	 0.499486
 0.491431	 0.499106	 0.498109	 0.840103	 0.492906	 4.065999	 4.910310	-5.339261	-3.281762	 6.004970	-0.200665	 0.499486
 0.495084	 0.499106	 0.498109	 0.836958	 0.490154	 4.175742	 4.915091	-5.361868	-3.354557	 6.023431	-0.200665	 0.499486
 0.496911	 0.499106	 0.498109	 0.833717	 0.488778	 4.222043	 4.907641	-5.362403	-3.384099	 6.020577	-0.200665	 0.499486
 0.497824	 0.499106	 0.498109	 0.830436	 0.488090	 3.736657	 4.894116	-5.351944	-3.392044	 6.007115	-0.200665	 0.499486
 0.498281	 0.499106	 0.498109	 0.827142	 0.487746	 3.487461	 4.877592	-5.336032	-3.389216	 5.988397	-0.200665	 0.499486
 0.498509	 0.499106	 0.498109	 0.323846	-0.012426	 2.856386	 4.359608	-4.317436	-2.881029	 5.967098	-0.200665	 0.499486
 0.498623	 0.499106	 0.498109	 0.072199	-0.261487	 2.536399	 4.092933	-3.801540	-2.622190	 5.944557	-0.200665	 0.499486
 0.498681	 0.499106	 0.498109	 0.446375	 0.615004	 1.871972	 3.451943	-3.537021	-1.988044	 4.421443	-0.200665	 0.499486
 0.498709	 0.499106	 0.498109	 0.631822	 1.050266	 1.537343	 3.125826	-3.398216	-1.668263	 3.654089	-0.200665	 0.499486
 0.498723	 0.499106	 0.498109	 0.722911	 1.264926	 1.367624	 2.957168	-3.322295	-1.505675	 3.264639	-0.200665	 0.499486
 0.498730	 0.499106	 0.498109	 0.766828	 0.869297	 0.780368	 1.367262	-2.277842	-1.421695	 0.564163	-0.200665	-0.000514
 0.498734	 0.499106	 0.498109	 0.787164	 0.671483	 0.486740	 0.572309	-1.753148	-1.377030	-0.781802	-0.200665	-0.249512
 0.498736	 0.499106	 0.498109	 0.795718	 0.572575	 0.339926	-0.325167	-0.988345	-0.352033	-0.950529	-0.200665	 0.125988
 0.498737	 0.499106	 0.498109	 0.798386	 0.523122	 0.266519	-0.771460	-0.605943	 0.159120	-1.032654	-0.200665	 0.312735
 0.498737	 0.499106	 0.498109	 0.798118	 0.498395	-0.270184	-0.992171	 0.085258	 0.413356	-0.571487	-0.200665	 0.406109
 0.498737	 0.499106	 0.498109	 0.796388	 0.486031	-0.536922	-1.100101	 0.429306	 0.539139	-0.340904	-0.200665	 0.452796
-0.001263	 0.499106	 0.498109	 0.793934	 0.479850	-0.168684	-0.651650	 0.099783	 0.600700	-0.225612	-0.200665	 0.476139
-0.250260	 0.499106	 0.498109	 0.791124	 0.476759	 0.015436	-0.427424	-0.064979	 0.630157	-0.167966	-0.200665	 0.487811
-0.374759	 0.499106	 0.498109	 0.788142	 0.475213	 0.107495	-0.315311	-0.147360	 0.643565	-0.139143	-0.200665	 0.493647
 0.062992	 0.499106	 0.498109	 0.785081	 0.474441	 0.153525	-0.759255	-0.188550	 0.648956	-0.124731	-0.200665	 0.496565
 0.280866	 0.499106	 0.498109	 0.781986	 0.474054	 0.176540	-0.978820	-0.209145	 0.650342	-0.117526	-0.200665	 0.498024
-0.110197	 0.499106	 0.498109	 0.278881	-0.026139	 0.188047	-0.586206	-0.219443	 0.649732	-0.113923	-0.200665	 0.498753
-0.304726	 0.499106	 0.498109	 0.027329	-0.275183	 0.193801	-0.389899	-0.224592	 0.648129	-0.112121	-0.200665	 0.499118
 0.098009	 0.499106	 0.498109	-0.098447	 0.101344	 0.196678	-0.291746	-0.227166	 0.646034	-0.111221	-0.200665	 0.499300
 0.298375	 0.499106	 0.498109	-0.161336	 0.289607	 0.198116	-0.242669	-0.228453	 0.643699	-0.110770	-0.200665	 0.499391
 0.398559	 0.499106	 0.498109	-0.192780	-0.116261	 0.198835	-0.218131	-0.229097	 0.641249	-0.110545	 0.299335	 0.499437
 0.448650	 0.499106	 0.498109	-0.208502	-0.318151	 0.199195	-0.205862	-0.229419	 0.638746	-0.110433	 0.547736	 0.499460
 0.473696	 0.499106	 0.498109	-0.216363	-0.418056	 0.199375	-0.199727	-0.229579	 0.636222	-0.110376	 0.670344	 0.499471
-0.013781	 0.499106	 0.498109	-0.220293	 0.033027	 0.199465	-0.196660	-0.229660	 0.633693	-0.110348	 0.230063	 0.499477
-0.256517	 0.499106	 0.498109	-0.222258	 0.258569	 0.199510	-0.195126	-0.229700	 0.631166	-0.110334	 0.009922	 0.499480
-0.377885	 0.499106	 0.498109	-0.223241	 0.371340	-0.300468	-0.194359	-0.229720	 0.628645	 0.389673	-0.100149	 0.499481
-0.438569	 0.499106	 0.498109	-0.223732	 0.427725	-0.548856	-0.193976	-0.229730	 0.626132	 0.637897	-0.155184	 0.499482
-0.468911	 0.499106	 0.498109	 0.276022	-0.044082	-0.171455	-0.193784	-0.229735	 0.623629	 0.760237	-0.182702	 0.499482
-0.484082	 0.499106	 0.498109	 0.524348	-0.278954	 0.017245	-0.193688	-0.229738	 0.621135	 0.819642	-0.196460	 0.499482
 0.008332	 0.499106	 0.498109	 0.146965	 0.104638	 0.111595	-0.693640	-0.229739	 0.618650	 0.347586	 0.296660	 0.499482
 0.253538	 0.499106	 0.498109	-0.041726	 0.296434	 0.158770	-0.941229	-0.229740	 0.616176	 0.111558	 0.541641	 0.499483
 0.376141	 0.499106	 0.498109	-0.136072	 0.392332	 0.182358	-1.062646	-0.229740	 0.613711	-0.006456	 0.662558	 0.499483
 0.437442	 0.499106	 0.498109	-0.183245	 0.440281	 0.194152	-0.620986	-0.229740	 0.611256	-0.065463	 0.221450	 0.499483
 0.468093	 0.499106	 0.498109	-0.206831	 0.464255	 0.200049	-0.400156	-0.229740	 0.608811	-0.094966	 0.000896	 0.499483
-0.016582	 0.499106	 0.498109	-0.718624	 0.476242	 0.202997	-0.289741	-0.229740	 0.606376	 0.390282	-0.109382	 0.499483
-0.257916	 0.499106	 0.498109	-0.972060	 0.482236	 0.204471	-0.234534	-0.229740	 0.603951	 0.631155	-0.164520	 0.499483
 0.121416	 0.499106	 0.498109	-0.596327	 0.485233	 0.205208	-0.706930	-0.229740	 0.601535	 0.749848	-0.192089	 0.499483
 0.310081	 0.499106	 0.498109	-0.408460	 0.486731	 0.205577	-0.940770	-0.229740	 0.599129	 0.807457	-0.205874	 0.499483
-0.095587	 0.499106	 0.498109	 0.185473	-0.012520	 0.205761	-0.555340	-0.229740	 0.596732	 0.334531	-0.212766	 0.499483
-0.297418	 0.499106	 0.498109	 0.480881	-0.261121	 0.205853	-0.362625	-0.229740	 0.594345	 0.098068	-0.216212	 0.499483
-0.398334	 0.499106	 0.498109	 0.627032	-0.384403	 0.205899	-0.266268	-0.229740	 0.591968	-0.020163	-0.217936	 0.499483
 0.051209	 0.499106	 0.498109	 0.698561	 0.054972	 0.205922	-0.218089	-0.229740	 0.589600	-0.079279	 0.281203	 0.499483
 0.274978	 0.499106	 0.498109	 0.732786	 0.274659	 0.205934	-0.194000	-0.229740	 0.587242	-0.108837	 0.529211	 0.499483
-0.113137	 0.499106	 0.498109	 0.748364	 0.384503	 0.205940	-0.181955	-0.229740	 0.584893	 0.376385	 0.151661	 0.499483
-0.306192	 0.499106	 0.498109	 0.754625	 0.439424	 0.205943	-0.175933	-0.229740	 0.582553	 0.617272	-0.037114	 0.499483
 0.097280	 0.499106	 0.498109	 0.756234	 0.466885	 0.205944	-0.172922	-0.229740	 0.580223	 0.235999	-0.131501	 0.499483
 0.298015	 0.499106	 0.498109	 0.755523	 0.480616	 0.205945	-0.171416	-0.229740	 0.577902	 0.045363	-0.178695	 0.499483
-0.101618	 0.499106	 0.498109	 0.753658	 0.487481	 0.205945	-0.170663	-0.229740	 0.075590	 0.450045	-0.202292	 0.499483
-0.300431	 0.499106	 0.498109	 0.751221	 0.490914	 0.205945	-0.170287	-0.229740	-0.175565	 0.650676	-0.214090	 0.499483
-0.399838	 0.499106	 0.498109	 0.748506	 0.492630	 0.205945	-0.170099	-0.229740	-0.301143	 0.749289	-0.219990	 0.499483
 0.050458	 0.499106	 0.498109	 0.745656	 0.493488	 0.205945	-0.170005	-0.229740	 0.136068	 0.296900	-0.222939	 0.499483
 0.274605	 0.499106	 0.498109	 0.742746	 0.493917	 0.205945	-0.169958	-0.229740	 0.353527	 0.070705	-0.224414	 0.499483
-0.113322	 0.499106	 0.498109	 0.239811	 0.494132	 0.205945	-0.169934	-0.229740	 0.461114	 0.457608	-0.225151	 0.499483
-0.306282	 0.499106	 0.498109	-0.011656	 0.494239	 0.205945	-0.169922	-0.229740	 0.513771	 0.649370	-0.225520	 0.499483
 0.097237	 0.499106	 0.498109	 0.362610	 0.494293	 0.205945	-0.169917	-0.229740	 0.538966	 0.243569	-0.225705	 0.499483
 0.297996	 0.499106	 0.498109	 0.548269	 0.494319	 0.205945	-0.169914	-0.229740	 0.550435	 0.040669	-0.225797	 0.499483
 0.398375	 0.499106	 0.498109	 0.639631	 0.494333	-0.294055	-0.169912	-0.229740	 0.555046	-0.060781	 0.274157	 0.499483
 0.448564	 0.499106	 0.498109	 0.683850	 0.494340	-0.542466	-0.169911	-0.229740	 0.556232	-0.111507	 0.522586	 0.499483
 0.473659	 0.499106	 0.498109	 0.704503	 0.494343	-0.665091	-0.169911	-0.229740	 0.555710	-0.136869	 0.645258	 0.499483
 0.486206	 0.499106	 0.498109	 0.713380	 0.494345	-0.224827	-0.169911	-0.229740	 0.554339	-0.149550	 0.205059	 0.499483
 0.492480	 0.499106	 0.498109	 0.716373	 0.494345	-0.004696	-0.169911	-0.229740	 0.552548	-0.155891	-0.015041	 0.499483
 0.495617	 0.499106	 0.498109	 0.716432	 0.494346	 0.105370	-0.169911	-0.229740	 0.550550	-0.659061	 0.374909	 0.499483
 0.497185	 0.499106	 0.498109	 0.715028	 0.494346	 0.160403	-0.169911	-0.229740	 0.548455	-0.908322	 0.568354	 0.499483
 0.497970	 0.499106	 0.498109	 0.212898	 0.494346	 0.187920	-0.169911	 0.270260	 0.046314	-0.530637	 0.163553	 0.499483
 0.498362	 0.499106	 0.498109	-0.038166	 0.494346	 0.201678	-0.169911	 0.518719	-0.204756	-0.341795	-0.038847	 0.499483
 0.498558	 0.499106	 0.498109	 0.336301	 0.494346	 0.208557	-0.169911	 0.641415	 0.169709	 0.252626	-0.140047	 0.499483
 0.498656	 0.499106	 0.498109	 0.522114	 0.494346	 0.211996	-0.169911	 0.701234	 0.355853	 0.548143	-0.190648	 0.499483
 0.498705	 0.499106	 0.498109	 0.613604	 0.494346	 0.213716	-0.169911	 0.729622	 0.447841	 0.694214	-0.215948	 0.499483
 0.498729	 0.499106	 0.498109	 0.657939	 0.494346	 0.214576	-0.169911	 0.242299	 0.492755	 0.765569	 0.271402	 0.499483
 0.498742	 0.499106	 0.498109	 0.678702	 0.494346	 0.215006	-0.169911	-0.001362	 0.514137	 0.799572	 0.513560	 0.499483
-0.001252	 0.499106	 0.498109	 0.687685	 0.494346	 0.215221	-0.169911	-0.123192	 0.523757	 0.314907	 0.633127	 0.499483
-0.250247	 0.499106	 0.498109	 0.690782	 0.494346	 0.215329	-0.169911	-0.184108	 0.527500	 0.072574	 0.691405	 0.499483
-0.374744	 0.499106	 0.498109	 0.690944	 0.494346	 0.215382	-0.169911	-0.214565	 0.528309	 0.451408	 0.219045	 0.499483
-0.436993	 0.499106	 0.498109	 0.689642	 0.494346	 0.215409	-0.169911	-0.229794	 0.527655	 0.639164	-0.017135	 0.499483
-0.468117	 0.499106	 0.498109	 0.687615	 0.494346	-0.284577	-0.169911	 0.262592	 0.526275	 0.731389	 0.364775	 0.499483
-0.483679	 0.499106	 0.498109	 0.685230	 0.494346	-0.533002	-0.169911	 0.507274	 0.524534	 0.775854	 0.554237	 0.499483
-0.491460	 0.499106	 0.498109	 0.682672	 0.494346	-0.655651	-0.169911	 0.628112	 0.522619	 0.796445	 0.647480	 0.499483
 0.004649	 0.499106	 0.498109	 0.680032	 0.494346	-0.215419	-0.169911	 0.187033	 0.520619	 0.305107	 0.692620	 0.499483
 0.251703	 0.499106	 0.498109	 0.677358	 0.494346	 0.004697	-0.169911	-0.033507	 0.518582	 0.059438	 0.713715	 0.499483
-0.124771	 0.499106	 0.498109	 0.674671	 0.494346	 0.114755	-0.169911	 0.356223	 0.516531	-0.063396	 0.222792	 0.499483
-0.312005	 0.499106	 0.498109	 0.671984	 0.494346	 0.169784	-0.169911	 0.549597	 0.514476	-0.124814	-0.022669	 0.499483
 0.094378	 0.499106	 0.498109	 0.669302	 0.494346	 0.197299	-0.169911	 0.144797	 0.512424	 0.344478	 0.354601	 0.499483
 0.296568	 0.499106	 0.498109	 0.666627	 0.494346	 0.211056	-0.169911	-0.057602	 0.510377	 0.577496	 0.541772	 0.499483
-0.102337	 0.499106	 0.498109	 0.663962	 0.494346	 0.217935	-0.169911	-0.158802	 0.508337	 0.692384	 0.133899	 0.499483
-0.300787	 0.499106	 0.498109	 0.661307	 0.494346	 0.221374	-0.169911	-0.209402	 0.506304	 0.748213	-0.070037	 0.499483
-0.400012	 0.499106	 0.498109	 0.658662	 0.494346	 0.223094	-0.169911	-0.234702	 0.504280	 0.774520	-0.172005	 0.499483
-0.449625	 0.499106	 0.498109	 0.656028	 0.494346	 0.223953	-0.169911	 0.252648	 0.502263	 0.786072	-0.222989	 0.499483
-0.474431	 0.499106	 0.498109	 0.653404	 0.494346	 0.224383	-0.169911	 0.494843	 0.500254	 0.790252	-0.248481	 0.499483
 0.013166	 0.499106	 0.498109	 0.150790	 0.494346	 0.224598	-0.669911	 0.614466	 0.499249	 0.790754	 0.238773	 0.499483
 0.255963	 0.499106	 0.498109	-0.100517	 0.494346	 0.224706	-0.917571	 0.672810	 0.498747	 0.789422	 0.480948	 0.499483
 0.377361	 0.499106	 0.498109	-0.226170	 0.494346	 0.224759	-0.039070	 0.700519	 0.498496	 0.287180	 0.100589	 0.499483
 0.438060	 0.499106	 0.498109	-0.288997	 0.494346	 0.224786	 0.398501	 0.712918	 0.498370	 0.036059	-0.089590	 0.499483
-0.031590	 0.499106	 0.498109	 0.179590	 0.494346	 0.224800	 0.115614	 0.717666	 0.498308	-0.089502	 0.315320	 0.499483
-0.265413	 0.499106	 0.498109	 0.412587	 0.494346	 0.224806	-0.025829	 0.718596	 0.498276	-0.152282	 0.516335	 0.499483
-0.382324	 0.499106	 0.498109	 0.527794	-0.005654	-0.275190	-0.096551	 0.717621	 0.498260	 0.316328	 0.615407	 0.499483
-0.440780	 0.499106	 0.498109	 0.584112	-0.254642	-0.523638	-0.131911	 0.715701	 0.498253	 0.549063	 0.663515	 0.499483
-0.470008	 0.499106	 0.498109	 0.610990	-0.378129	-0.646318	-0.149592	 0.713313	 0.498249	 0.663867	 0.686145	 0.499483
-0.484622	 0.499106	 0.498109	 0.623153	 0.061130	-0.206120	 0.341568	 0.710697	 0.498247	 0.719711	 0.196043	 0.499483
-0.491928	 0.499106	 0.498109	 0.627964	 0.279759	 0.013979	 0.585483	 0.707973	 0.498246	 0.746083	-0.049008	 0.499483
 0.004418	 0.499106	 0.498109	 0.629104	 0.389074	 0.124029	 0.205781	 0.205201	 0.498245	 0.757723	-0.171534	 0.499483
 0.251590	 0.499106	 0.498109	 0.628414	 0.443731	 0.179054	 0.015930	-0.046186	 0.498245	 0.762005	-0.232797	 0.499483
 0.375176	 0.499106	 0.498109	 0.626813	 0.471060	 0.206566	-0.078995	 0.328121	 0.498245	 0.762613	-0.263428	 0.499483
 0.436969	 0.499106	 0.498109	 0.624762	 0.484724	 0.220322	-0.126458	 0.513870	 0.498245	 0.761391	-0.278744	 0.499483
 0.467865	 0.499106	 0.498109	 0.622491	 0.491556	 0.227200	-0.150189	 0.605345	 0.498245	 0.759259	-0.286402	 0.499483
 0.483313	 0.499106	 0.498109	 0.620115	 0.494972	 0.230639	-0.162055	 0.649689	 0.498245	 0.756679	-0.290231	 0.499483
 0.491037	 0.499106	 0.498109	 0.617692	 0.496680	 0.232359	-0.167988	 0.670473	 0.498245	 0.753881	-0.292145	 0.499483
-0.005101	 0.499106	 0.498109	 0.615250	 0.497534	 0.233219	 0.329046	 0.679482	 0.498245	 0.750980	-0.293102	 0.499483
-0.252167	 0.499106	 0.498109	 0.612803	 0.497961	 0.233648	 0.575910	 0.682610	 0.498245	 0.748033	-0.293581	 0.499483
-0.375700	 0.499106	 0.498109	 0.110359	 0.498175	 0.233863	 0.697697	 0.682802	 0.498245	 0.245070	-0.293820	 0.499483
-0.437467	 0.499106	 0.498109	-0.140863	 0.498282	 0.233971	 0.756952	 0.681532	 0.498245	-0.006412	-0.293940	 0.499483
 0.031650	 0.499106	 0.498109	 0.233526	 0.498335	 0.234025	 0.284946	 0.179537	 0.498245	-0.132153	-0.294000	 0.499483
 0.265207	 0.499106	 0.498109	 0.419505	 0.498362	 0.234051	 0.048944	-0.071461	 0.498245	-0.195024	-0.294030	 0.499483
-0.118015	 0.499106	 0.498109	 0.511283	 0.498375	-0.265935	-0.069058	 0.303040	 0.498245	-0.726459	-0.294045	 0.499483
-0.308623	 0.499106	 0.498109	 0.555966	 0.498382	-0.514397	-0.128058	 0.488936	 0.498245	-0.989661	-0.294052	 0.499483
-0.403928	 0.499106	 0.498109	 0.577106	 0.498385	-0.637102	-0.157558	 0.580534	 0.498245	-1.118756	-0.294056	 0.499483
 0.048420	 0.499106	 0.498109	 0.086480	 0.498387	-0.196934	-0.172309	 0.624989	-0.001755	-0.180808	-0.294058	 0.499483
 0.273593	 0.499106	 0.498109	-0.158833	 0.498388	 0.023149	-0.179684	 0.645877	-0.250752	 0.286652	-0.294059	 0.499483
 0.386179	 0.499106	 0.498109	-0.281490	 0.498388	 0.133191	-0.183371	 0.654988	 0.124750	 0.518874	-0.294059	 0.499483
 0.442472	 0.499106	 0.498109	-0.342818	 0.498388	 0.188212	-0.185215	 0.658215	 0.311500	 0.633482	-0.294059	 0.499483
 0.470619	 0.499106	 0.498109	 0.126518	 0.498388	 0.215722	 0.313863	 0.658506	 0.404876	 0.689291	-0.294059	 0.499483
 0.484692	 0.499106	 0.498109	 0.359994	 0.498388	 0.229477	 0.561776	 0.657334	 0.451563	 0.715704	-0.294059	 0.499483
 0.491729	 0.499106	 0.498109	-0.024455	 0.498388	 0.236355	 0.684113	 0.655435	 0.474907	 0.727427	-0.294059	 0.499483
 0.495247	 0.499106	 0.498109	-0.216679	 0.498388	 0.239794	 0.743669	 0.653179	 0.486579	 0.731810	-0.294059	 0.499483
 0.497006	 0.499106	 0.498109	-0.312792	 0.498388	 0.241513	 0.771841	 0.650749	 0.492415	 0.732529	-0.294059	 0.499483
 0.497886	 0.499106	 0.498109	 0.139152	 0.498388	 0.242373	 0.784326	 0.648237	 0.495333	 0.731422	-0.294059	 0.499483
 0.498325	 0.499106	 0.498109	 0.363942	 0.498388	 0.242803	 0.788975	 0.645690	 0.496792	 0.729408	-0.294060	 0.499483
 0.498545	 0.499106	 0.498109	 0.475159	 0.498388	 0.243018	 0.789713	 0.643130	-0.002479	 0.726946	-0.294060	 0.499483
 0.498655	 0.499106	 0.498109	 0.529595	 0.498388	 0.243125	 0.788501	 0.640569	-0.251110	 0.724267	-0.294060	 0.499483
-0.001290	 0.499106	 0.498109	 0.555645	 0.498388	 0.243179	 0.286320	 0.638012	 0.124574	 0.721483	-0.294060	 0.499483
-0.250260	 0.499106	 0.498109	 0.567507	 0.498388	 0.243206	 0.035230	 0.635463	 0.311415	 0.718654	-0.294060	 0.499483
 0.125255	 0.499106	 0.498109	 0.572279	 0.498388	 0.243219	-0.090316	 0.632923	 0.404836	 0.715808	-0.294060	 0.499483
 0.312011	 0.499106	 0.498109	 0.573511	 0.498388	 0.243226	-0.153088	 0.630392	 0.451546	 0.712959	-0.294060	 0.499483
 0.405389	 0.499106	 0.498109	 0.572977	 0.498388	 0.243229	-0.184474	 0.627871	 0.474902	 0.710115	-0.294060	 0.499483
-0.047922	 0.499106	 0.498109	 0.571566	 0.498388	 0.243231	-0.200168	 0.625359	 0.486579	 0.707278	 0.205940	 0.499483
-0.273575	 0.499106	 0.498109	 0.569720	 0.498388	 0.243232	-0.208014	 0.622858	 0.492418	 0.704450	 0.454529	 0.499483
 0.113599	 0.499106	 0.498109	 0.567661	 0.498388	 0.243232	 0.288063	 0.620367	 0.495337	 0.701634	 0.577416	 0.499483
 0.306184	 0.499106	 0.498109	 0.565500	 0.498388	 0.243232	 0.534533	 0.617885	 0.496797	 0.698827	 0.637460	 0.499483
 0.402476	 0.499106	 0.498109	 0.563293	 0.498388	 0.243233	 0.656206	 0.615414	 0.497527	 0.696032	 0.166086	 0.499483
 0.450623	 0.499106	 0.498109	 0.561067	 0.498388	 0.243233	 0.715486	 0.612952	 0.497892	 0.693248	-0.069600	 0.499483
 0.474696	 0.499106	 0.498109	 0.558837	 0.498388	 0.243233	 0.743577	 0.610500	 0.498074	 0.190475	 0.312556	 0.499483
 0.486732	 0.499106	 0.498109	 0.556608	 0.498388	 0.243233	 0.756079	 0.608058	 0.498166	-0.060911	 0.502245	 0.499483
 0.492751	 0.499106	 0.498109	 0.554386	 0.498388	 0.243233	 0.760793	 0.605626	 0.498211	-0.186604	 0.595706	 0.499483
 0.495760	 0.499106	 0.498109	 0.552170	 0.498388	 0.243233	 0.761619	 0.603203	 0.498234	-0.249451	 0.141058	 0.499483
 0.497264	 0.499106	 0.498109	 0.549962	 0.498388	 0.243233	 0.760507	 0.600791	 0.498245	-0.280874	-0.086266	 0.499483
-0.001983	 0.499106	 0.498109	 0.547762	 0.498388	 0.243233	 0.258432	 0.598387	 0.498251	-0.296586	-0.199928	 0.499483
-0.250605	 0.499106	 0.498109	 0.545572	 0.498388	 0.243233	 0.007395	 0.595994	 0.498254	-0.304442	-0.256759	 0.499483
-0.374915	 0.499106	 0.498109	 0.043389	 0.498388	 0.243233	 0.381876	 0.593610	 0.498255	 0.191630	 0.214825	 0.499483
-0.437071	 0.499106	 0.498109	-0.207702	 0.498388	 0.243233	 0.567604	 0.591235	 0.498256	 0.438291	 0.449245	 0.499483
-0.468148	 0.499106	 0.498109	 0.166753	 0.498388	 0.243233	 0.158962	 0.088871	 0.498256	 0.060251	 0.565087	 0.499483
-0.483687	 0.499106	 0.498109	 0.352898	 0.498388	 0.243233	-0.045360	-0.162312	 0.498257	-0.128768	 0.621646	 0.499483
-0.491457	 0.499106	 0.498109	 0.444892	 0.498388	 0.243233	-0.147520	-0.287903	 0.498257	-0.223278	 0.648570	 0.499483
 0.004659	 0.499106	 0.498109	 0.489815	 0.498388	 0.243233	 0.301399	 0.149301	 0.498257	 0.229467	 0.160680	 0.499483
 0.251715	 0.499106	 0.498109	 0.511208	 0.498388	 0.243233	 0.524358	 0.366730	 0.498257	 0.454475	-0.083264	 0.499483
-0.124757	 0.499106	 0.498109	 0.520838	 0.498388	 0.243233	 0.634343	 0.474277	 0.498257	 0.565620	-0.205237	 0.499483
-0.311991	 0.499106	 0.498109	 0.524593	 0.498388	 0.243233	 0.687847	 0.526886	 0.498257	 0.619839	-0.266223	 0.499483
 0.094392	 0.499106	 0.498109	 0.525414	 0.498388	 0.243233	 0.713116	 0.552032	-0.001743	 0.645600	-0.296716	 0.499483
 0.296583	 0.499106	 0.498109	 0.524771	 0.498388	 0.243233	 0.724274	 0.563450	-0.250740	 0.657138	-0.311962	 0.499483
-0.102322	 0.499106	 0.498109	 0.023402	 0.498388	 0.243233	 0.228382	 0.568010	 0.124762	 0.661570	-0.319586	 0.499483
-0.300772	 0.499106	 0.498109	-0.227283	 0.498388	 0.243233	-0.019564	 0.569145	 0.311512	 0.662454	-0.323397	 0.499483
-0.399997	 0.499106	 0.498109	-0.352625	 0.498388	 0.243233	-0.143537	 0.568571	 0.404887	 0.661569	-0.325303	 0.499483
 0.050390	 0.499106	 0.498109	 0.084704	 0.498388	 0.243233	 0.294477	 0.567149	 0.451575	 0.659805	-0.326256	 0.499483
 0.274582	 0.499106	 0.498109	 0.302324	 0.498388	 0.243233	 0.512019	 0.565306	 0.474919	 0.657607	-0.326733	 0.499483
 0.386678	 0.499106	 0.498109	-0.089906	-0.001612	 0.243233	 0.119330	 0.563258	 0.486591	 0.655197	-0.326971	 0.499483
 0.442726	 0.499106	 0.498109	-0.286020	-0.250608	 0.243233	-0.077014	 0.561111	 0.492427	 0.652687	-0.327090	 0.499483
 0.470750	 0.499106	 0.498109	 0.115922	 0.124893	 0.243233	 0.324814	 0.558920	 0.495345	 0.650131	-0.327149	 0.499483
 0.484762	 0.499106	 0.498109	 0.315858	 0.311643	 0.243233	 0.524275	 0.556711	 0.496804	 0.647558	-0.327179	 0.499483
 0.491768	 0.499106	 0.498109	-0.085206	 0.405018	 0.243233	 0.122558	 0.554497	 0.497533	 0.644982	-0.327194	 0.499483
 0.495271	 0.499106	 0.498109	-0.285738	 0.451706	 0.243233	-0.078301	 0.552286	 0.497898	 0.642409	-0.327202	 0.499483
 0.497023	 0.499106	 0.498109	 0.113996	 0.475049	 0.243233	 0.321270	 0.550080	 0.498080	 0.139843	 0.172795	 0.499483
 0.497899	 0.499106	 0.498109	 0.312836	 0.486721	 0.243233	 0.519614	 0.547881	 0.498171	-0.111440	 0.421447	 0.499483
 0.498337	 0.499106	 0.498109	 0.411232	 0.492557	 0.243233	 0.617350	 0.545691	 0.498217	-0.237082	 0.544433	 0.499483
 0.498555	 0.499106	 0.498109	 0.459411	 0.495475	 0.243233	 0.664787	 0.543508	-0.001760	 0.200097	 0.604592	 0.499483
 0.498665	 0.499106	 0.498109	 0.482485	 0.496934	 0.243233	 0.687082	 0.541335	-0.250745	 0.417412	 0.633341	 0.499483
-0.001280	 0.499106	 0.498109	-0.006989	-0.002336	 0.243233	 0.696810	 0.539169	 0.124762	 0.524801	 0.146392	 0.499483
-0.250251	 0.499106	 0.498109	-0.251726	-0.250968	 0.243233	 0.700261	 0.537013	 0.311515	 0.577230	-0.097083	 0.499483
 0.125264	 0.499106	 0.498109	-0.374094	 0.124716	 0.243233	 0.700580	 0.534865	 0.404892	 0.602186	-0.218820	 0.499483
 0.312020	 0.499106	 0.498109	-0.435278	 0.311557	 0.243233	 0.699337	 0.532725	 0.451580	 0.613409	-0.279689	 0.499483
-0.094602	 0.499106	 0.498109	-0.465871	 0.404977	 0.243233	 0.197319	 0.530594	 0.474924	 0.617772	 0.189877	 0.499483
-0.296910	 0.499106	 0.498109	-0.481167	 0.451688	 0.243233	-0.053689	 0.528472	 0.486596	 0.618709	 0.423341	 0.499483
-0.398065	 0.499106	 0.498109	-0.488815	 0.475043	 0.243233	-0.179194	 0.526358	 0.492432	 0.617938	 0.538759	 0.499483
-0.448642	 0.499106	 0.498109	 0.007361	 0.486720	 0.243233	 0.258054	 0.524253	 0.495351	 0.616318	 0.095160	 0.499483
-0.473930	 0.499106	 0.498109	 0.254442	 0.492559	 0.243233	 0.475287	 0.522156	 0.496810	 0.614279	-0.126640	 0.499483
 0.013425	 0.499106	 0.498109	 0.376980	 0.495479	 0.243233	 0.582519	 0.520067	 0.497539	 0.612035	-0.237540	 0.499483
 0.256102	 0.499106	 0.498109	 0.438248	 0.496938	 0.243233	 0.634755	 0.517987	 0.497904	 0.609693	-0.292989	 0.499483
 0.377440	 0.499106	 0.498109	-0.031117	 0.497668	 0.243233	 0.659499	 0.515915	 0.498086	 0.607308	-0.320714	 0.499483
 0.438109	 0.499106	 0.498109	-0.264799	 0.498033	 0.243233	 0.670503	 0.513851	 0.498177	 0.604905	-0.334577	 0.499483
-0.031557	 0.499106	 0.498109	 0.118360	 0.498216	 0.243233	 0.174642	 0.511796	 0.498223	 0.102499	-0.341508	 0.499483
-0.265387	 0.499106	 0.498109	 0.308936	 0.498307	 0.243233	-0.073289	 0.509749	 0.498246	-0.148705	-0.344974	 0.499483
-0.382302	 0.499106	 0.498109	 0.404225	 0.498352	 0.243233	-0.197254	 0.507710	 0.498257	-0.274306	-0.346707	 0.499483
 0.059240	 0.499106	 0.498109	 0.451869	 0.998375	 0.243233	 0.240763	 0.505679	 0.498263	 0.162893	 0.152427	 0.499483
 0.279010	 0.499106	 0.498109	 0.475691	 1.245390	 0.243233	 0.458414	 0.503656	 0.498266	 0.380293	 0.400691	 0.499483
 0.388895	 0.499106	 0.498109	-0.012398	 0.865912	 0.243233	 0.565888	 0.501641	 0.498267	 0.487797	 0.523525	 0.499483
 0.443837	 0.499106	 0.498109	-0.255442	 0.676174	 0.243233	 0.618278	 0.500634	 0.498268	 0.540358	 0.583649	 0.499483
 0.471309	 0.499106	 0.498109	 0.123037	 0.581304	 0.243233	 0.643131	 0.500130	 0.498268	 0.565453	 0.612424	 0.499483
 0.485044	 0.499106	 0.498109	 0.311273	 0.533870	 0.243233	 0.654222	 0.499879	 0.498268	 0.576820	 0.625528	 0.499483
 0.491912	 0.499106	 0.498109	 0.405391	 0.510152	 0.243233	-0.341563	 0.499753	 0.498268	 0.581327	 0.130804	 0.499483
 0.495346	 0.499106	 0.498109	 0.452450	 0.498294	 0.243233	-0.836781	 0.499690	 0.498268	 0.582408	-0.116559	 0.499483
 0.497063	 0.499106	 0.498109	 0.475979	 0.492364	 0.243233	-1.081726	 0.499658	 0.498269	 0.581782	-0.240240	 0.499483
-0.002079	 0.499106	 0.498109	 0.487744	 0.489400	 0.243233	-0.201545	 0.499643	 0.498269	 0.580307	 0.197919	 0.499483
-0.250647	 0.499106	 0.498109	 0.493626	 0.487917	 0.243233	 0.237188	 0.499635	 0.498269	 0.578411	 0.415727	 0.499483
-0.374931	 0.499106	 0.498109	-0.003432	 0.487176	 0.243233	-0.044797	 0.499631	 0.498269	 0.576311	 0.023364	 0.499483
-0.437073	 0.499106	 0.498109	-0.250961	 0.486805	 0.243233	-0.185790	 0.499629	 0.498269	 0.574112	-0.172818	 0.499483
-0.468144	 0.499106	 0.498109	-0.374725	 0.486620	 0.243233	-0.256286	 0.499628	 0.498269	 0.071869	-0.270909	 0.499483
-0.483680	 0.499106	 0.498109	-0.436607	 0.486527	 0.243233	-0.291534	 0.499627	 0.498269	-0.179253	-0.319954	 0.499483
 0.008552	 0.499106	 0.498109	 0.032452	 0.486481	 0.243233	 0.190842	 0.499627	 0.498269	 0.195186	-0.344477	 0.499483
 0.253667	 0.499106	 0.498109	 0.265978	 0.486458	 0.243233	 0.430683	 0.499627	 0.498269	 0.381267	-0.356738	 0.499483
 0.376224	 0.499106	 0.498109	 0.382742	 0.486446	 0.243233	 0.549263	 0.499627	 0.498269	 0.473172	-0.362869	 0.499483
-0.062497	 0.499106	 0.498109	-0.058877	 0.486441	 0.243233	 0.107217	 0.499627	 0.498269	 0.517995	 0.134066	 0.499483
-0.280855	 0.499106	 0.498109	-0.278685	 0.486438	 0.243233	-0.113806	 0.499627	 0.498269	 0.539280	 0.381271	 0.499483
-0.390035	 0.499106	 0.498109	 0.111411	 0.486436	 0.243233	-0.224317	 0.499627	 0.498269	 0.048802	 0.003617	 0.499483
-0.444624	 0.499106	 0.498109	 0.305456	 0.486436	 0.243233	-0.279573	 0.499627	 0.498269	-0.196437	-0.185210	 0.499483
-0.471919	 0.499106	 0.498109	 0.402478	 0.486435	-0.256767	-0.807201	 0.499627	 0.498269	 0.180943	-0.279624	 0.499483
-0.485566	 0.499106	 0.498109	 0.450990	 0.486435	-0.505254	-1.068345	 0.499627	 0.498269	 0.368517	-0.326831	 0.499483
 0.007610	 0.499106	 0.498109	 0.475245	 0.486435	-0.127990	-0.196258	 0.499627	 0.498269	 0.461192	-0.350434	 0.499483
 0.253197	 0.499106	 0.498109	 0.487373	 0.486435	 0.060643	 0.238434	 0.499627	 0.498269	 0.506421	-0.362236	 0.499483
 0.375990	 0.499106	 0.498109	 0.493437	 0.486435	 0.154959	 0.454433	 0.499627	 0.498269	 0.527933	-0.368137	 0.499483
 0.437387	 0.499106	 0.498109	 0.496469	 0.486435	 0.202117	 0.061092	 0.499627	 0.498269	 0.537589	 0.128913	 0.499483
 0.468085	 0.499106	 0.498109	 0.497985	 0.486435	 0.225696	-0.135578	 0.499627	 0.498269	 0.541323	 0.376186	 0.499483
 0.483434	 0.499106	 0.498109	 0.498743	 0.486435	 0.237485	 0.266086	 0.499627	 0.498269	 0.542100	-0.001425	 0.499483
 0.491109	 0.499106	 0.498109	 0.499122	 0.486435	 0.243380	 0.465583	 0.499627	 0.498269	 0.541403	-0.190230	 0.499483
-0.005054	 0.499106	 0.498109	 0.499311	-0.013565	 0.246327	 0.064001	 0.499627	 0.498269	 0.539973	 0.215367	 0.499483
-0.252133	 0.499106	 0.498109	 0.499406	-0.262538	 0.247801	-0.136789	 0.499627	 0.498269	 0.538181	 0.416924	 0.499483
-0.375672	 0.499106	 0.498109	 0.499453	 0.113999	 0.248538	 0.262815	-0.000373	 0.498269	 0.036212	 0.516466	 0.499483
-0.437442	 0.499106	 0.498109	 0.499477	 0.302267	 0.248906	 0.461293	-0.249372	 0.498269	-0.214773	 0.565004	 0.499483
 0.031673	 0.499106	 0.498109	 0.499489	 0.396401	 0.249090	 0.559212	-0.373872	 0.498269	-0.340265	 0.588046	 0.499483
 0.265229	 0.499106	 0.498109	 0.499495	 0.443468	 0.249183	 0.606857	 0.063878	 0.498269	 0.096989	 0.098345	 0.499483
 0.382007	 0.499106	 0.498109	 0.499498	 0.467002	 0.249229	 0.629371	 0.281750	 0.498269	 0.314548	-0.146505	 0.499483
 0.440396	 0.499106	 0.498109	 0.499499	 0.478768	 0.249252	 0.639324	-0.109314	 0.498269	 0.422263	-0.268930	 0.499483
 0.469590	 0.499106	 0.498109	 0.499500	 0.484652	 0.249263	 0.643002	-0.303845	 0.498269	 0.475060	-0.330143	 0.499483
 0.484188	 0.499106	 0.498109	 0.499500	 0.487593	 0.249269	 0.643547	 0.098889	 0.498269	 0.500403	 0.139251	 0.499483
 0.491486	 0.499106	 0.498109	 0.499501	 0.489064	 0.249272	 0.642532	 0.299253	 0.498269	 0.512023	 0.372730	 0.499483
-0.004864	 0.499106	 0.498109	 0.499501	 0.489800	 0.249273	 0.640741	 0.399435	 0.498269	 0.516786	-0.011742	 0.499483
-0.252037	 0.499106	 0.498109	 0.499501	 0.490167	 0.249274	 0.638568	 0.449526	 0.498269	 0.518124	-0.203979	 0.499483
 0.124376	 0.499106	 0.498109	 0.499501	 0.490351	 0.249274	 0.636209	 0.474571	 0.498269	 0.517754	-0.300097	 0.499483
 0.311581	 0.499106	 0.498109	 0.499501	 0.490443	 0.249274	 0.633761	 0.487094	 0.498269	 0.516535	-0.348156	 0.499483
 0.405184	 0.499106	 0.498109	 0.499501	 0.490489	 0.249275	 0.631275	 0.493355	 0.498269	 0.514894	-0.372185	 0.499483
 0.451985	 0.499106	 0.498109	 0.499501	 0.490512	 0.249275	 0.128774	 0.496486	-0.001731	 0.513048	 0.115800	 0.499483
 0.475386	 0.499106	 0.498109	 0.499501	 0.490524	 0.249275	-0.122476	 0.498051	-0.250728	 0.511102	 0.358585	 0.499483
-0.012914	 0.499106	 0.498109	 0.499501	-0.009471	 0.249275	-0.248101	 0.498834	 0.124774	 0.509111	 0.478775	 0.499483
-0.256061	 0.499106	 0.498109	 0.499501	-0.258449	 0.249275	-0.310914	 0.499225	 0.311524	 0.507101	 0.537672	 0.499483
-0.377635	 0.499106	 0.498109	 0.499501	 0.118077	 0.249275	 0.157680	 0.499421	 0.404899	 0.005086	 0.565927	 0.499483
-0.438422	 0.499106	 0.498109	 0.499501	 0.306340	 0.249275	 0.390724	 0.499519	 0.451587	-0.245922	 0.578866	 0.499483
 0.031185	 0.499106	 0.498109	 0.499501	 0.400471	 0.249275	 0.505999	 0.499568	 0.474931	 0.128574	 0.584152	 0.499483
 0.264987	 0.499106	 0.498109	 0.499501	 0.447537	 0.249275	 0.562393	 0.499592	 0.486602	 0.314816	 0.585616	 0.499483
 0.381887	 0.499106	 0.498109	 0.499501	 0.471070	 0.249275	 0.589353	 0.499605	 0.492438	 0.406935	 0.585174	 0.499483
 0.440338	 0.499106	 0.498109	 0.499501	 0.482836	 0.249275	 0.601600	 0.499611	 0.495356	-0.047005	 0.583784	 0.499483
 0.469563	 0.499106	 0.498109	 0.499501	 0.488719	 0.249275	 0.606496	 0.499614	 0.496815	-0.272974	 0.581924	 0.499483
-0.015824	 0.499106	 0.498109	 0.499501	 0.491661	-0.250725	 0.107722	 0.499615	 0.497545	 0.114042	 0.079834	 0.499483
-0.257516	 0.499106	 0.498109	 0.499501	 0.493132	-0.499224	-0.141666	 0.499616	 0.497910	 0.306548	-0.171211	 0.499483
-0.378361	 0.499106	 0.498109	 0.499501	 0.493867	-0.121978	 0.233641	 0.499616	 0.498092	 0.402801	-0.296734	 0.499483
-0.438784	 0.499106	 0.498109	 0.499501	 0.494235	 0.066645	 0.420076	 0.499617	 0.498183	 0.450927	-0.359495	 0.499483
-0.468995	 0.499106	 0.498109	 0.499501	 0.494419	 0.160957	 0.512080	 0.499617	 0.498229	 0.474990	-0.390876	 0.499483
-0.484101	 0.499106	 0.498109	 0.499501	 0.494511	 0.208113	 0.556875	 0.499617	 0.498252	 0.487022	-0.406566	 0.499483
-0.491654	 0.499106	 0.498109	 0.499501	 0.494557	 0.231691	 0.578068	 0.499617	 0.498263	 0.493038	-0.414411	 0.499483
 0.004570	 0.499106	 0.498109	 0.499501	 0.494580	 0.243479	 0.587467	 0.499617	 0.498269	 0.496046	-0.418334	 0.499483
 0.251680	 0.499106	 0.498109	 0.499501	 0.494591	 0.249374	 0.590972	 0.499617	 0.498272	 0.497550	-0.420295	 0.499483
-0.124765	 0.499106	 0.498109	 0.499501	 0.494597	 0.252321	 0.591536	 0.499617	 0.498273	 0.498302	-0.421276	 0.499483
-0.311985	 0.499106	 0.498109	 0.499501	 0.494600	 0.253795	 0.590633	 0.499617	 0.498274	 0.498678	-0.421766	 0.499483
-0.405595	 0.499106	 0.498109	 0.499501	 0.494601	 0.254532	 0.589003	 0.499617	 0.498274	 0.498866	-0.422011	 0.499483
-0.452400	 0.499106	 0.498109	 0.499501	 0.494602	 0.254900	 0.587013	 0.499617	 0.498274	 0.498960	-0.422134	 0.499483
-0.475803	 0.499106	 0.498109	 0.499501	 0.494602	 0.255084	 0.584848	 0.499617	 0.498274	 0.499007	-0.422195	 0.499483
-0.487504	 0.499106	 0.498109	 0.499501	 0.494603	 0.255176	 0.582600	 0.499617	 0.498274	 0.499030	-0.422226	 0.499483
-0.493355	 0.499106	 0.498109	 0.499501	 0.494603	 0.255222	 0.580315	 0.499617	 0.498274	 0.499042	-0.422241	 0.499483
 0.003720	 0.499106	 0.498109	 0.499501	 0.994603	 0.255245	 0.578017	 0.499617	 0.498274	 0.499048	-0.422249	 0.499483
 0.251256	 0.499106	 0.498109	 0.499501	 1.241613	 0.255257	 0.575716	 0.499617	 0.498274	 0.499051	-0.422253	 0.499483
 0.375024	 0.499106	 0.498109	 0.499501	 0.862142	 0.255263	 0.573419	 0.499617	 0.498274	 0.499052	-0.422255	 0.499483
 0.436908	 0.499106	 0.498109	 0.499501	 0.672406	 0.255266	 0.571128	 0.499617	 0.498274	 0.499053	-0.422256	 0.499483
 0.467850	 0.499106	 0.498109	 0.499501	 0.577538	 0.255267	 0.568845	 0.499617	 0.498274	 0.499053	-0.422256	 0.499483
 0.483321	 0.499106	 0.498109	 0.499501	 0.530104	 0.255268	 0.566570	 0.499617	 0.498274	 0.499053	-0.422256	 0.499483
-0.008944	 0.499106	 0.498109	 0.499501	 0.506387	 0.255268	 0.564305	 0.499617	 0.498274	-0.000946	-0.422256	 0.499483
-0.254074	 0.499106	 0.498109	 0.499501	 0.494528	 0.255268	 0.562047	 0.499617	 0.498274	-0.249944	-0.422257	 0.499483
-0.376639	 0.499106	 0.498109	 0.499501	 0.488599	 0.255268	 0.559799	 0.499617	 0.498274	-0.374444	-0.422257	 0.499483
 0.062079	 0.499106	 0.498109	 0.499501	 0.485634	 0.255268	 0.557560	 0.499617	 0.498274	 0.063307	 0.077743	 0.499483
 0.280436	 0.499106	 0.498109	 0.499501	 0.484152	 0.255268	 0.555330	 0.499617	 0.498274	 0.281180	 0.326588	 0.499483
 0.389615	 0.499106	 0.498109	 0.499501	 0.483411	 0.255268	 0.553109	 0.499617	 0.498274	 0.390117	-0.050141	 0.499483
 0.444204	 0.499106	 0.498109	 0.499501	 0.483040	 0.255268	 0.550896	 0.499617	 0.498274	 0.444585	-0.238505	 0.499483
 0.471499	 0.499106	 0.498109	 0.499501	 0.482855	 0.255268	 0.548693	 0.499617	 0.498274	 0.471819	-0.332687	 0.499483
 0.485146	 0.499106	 0.498109	 0.499501	 0.482762	 0.255268	 0.546498	 0.499617	 0.498274	 0.485436	-0.379778	 0.499483
-0.008030	 0.499106	 0.498109	 0.499501	 0.482716	-0.244732	 0.544312	 0.499617	 0.498274	-0.007755	 0.096676	 0.499483
-0.253616	 0.499106	 0.498109	 0.499501	 0.482693	-0.493242	 0.542135	 0.499617	 0.498274	-0.253349	 0.333757	 0.499483
-0.376409	 0.499106	 0.498109	 0.499501	 0.482681	-0.616014	 0.539966	 0.499617	 0.498274	-0.376146	 0.451156	 0.499483
-0.437805	 0.499106	 0.498109	 0.499501	 0.482676	-0.175922	 0.537806	 0.499617	 0.498274	-0.437545	 0.508718	 0.499483
-0.468504	 0.499106	 0.498109	 0.499501	 0.482673	 0.044124	 0.535655	 0.499617	 0.498274	-0.468244	 0.536367	 0.499483
 0.016147	 0.499106	 0.498109	 0.499501	 0.482671	 0.154147	 0.533512	 0.499617	 0.498274	 0.016407	 0.049063	 0.499483
 0.257471	 0.499106	 0.498109	 0.499501	 0.482671	 0.209158	 0.531378	 0.499617	 0.498274	 0.257730	-0.194589	 0.499483
-0.121867	 0.499106	 0.498109	 0.499501	 0.482670	 0.236664	 0.029253	 0.499617	 0.498274	 0.378391	-0.316415	 0.499483
-0.310534	 0.499106	 0.498109	 0.499501	 0.482670	 0.250417	-0.221810	 0.499617	 0.498274	 0.438722	-0.377328	 0.499483
 0.095133	 0.499106	 0.498109	 0.499501	 0.482670	 0.257293	 0.152659	 0.499617	 0.498274	 0.468887	-0.407784	 0.499483
 0.296965	 0.499106	 0.498109	 0.499501	 0.482670	 0.260731	 0.338839	 0.499617	 0.498274	 0.483970	-0.423012	 0.499483
 0.397881	 0.499106	 0.498109	 0.499501	 0.482670	 0.262450	 0.430879	 0.499617	 0.498274	 0.491511	-0.430626	 0.499483
 0.448339	 0.499106	 0.498109	 0.499501	 0.482670	 0.263310	 0.475853	 0.499617	 0.498274	-0.004718	-0.434433	 0.499483
 0.473568	 0.499106	 0.498109	 0.499501	 0.482670	 0.263740	 0.497298	 0.499617	 0.498274	-0.251831	-0.436337	 0.499483
-0.013818	 0.499106	 0.498109	 0.499501	 0.482670	-0.236045	 0.506984	 0.499617	-0.001726	 0.124613	-0.437289	 0.499483
-0.256508	 0.499106	 0.498109	 0.499501	 0.482670	-0.484466	 0.510793	 0.499617	-0.250722	 0.311833	-0.437765	 0.499483
 0.122147	 0.499106	 0.498109	 0.499501	 0.482670	-0.107211	 0.511668	 0.499617	 0.124780	-0.094558	-0.438003	 0.499483
 0.310472	 0.499106	 0.498109	 0.499501	 0.482670	 0.081417	 0.511081	 0.499617	 0.311530	-0.296751	-0.438122	 0.499483
 0.404635	 0.499106	 0.498109	 0.499501	 0.482670	 0.175731	 0.509766	 0.499617	 0.404905	-0.397847	-0.438181	 0.499483
 0.451717	 0.499106	 0.498109	 0.499501	 0.482670	 0.222887	 0.508092	 0.499617	 0.451593	-0.448396	-0.438211	 0.499483
 0.475257	 0.499106	 0.498109	 0.499501	 0.482670	 0.246466	 0.506242	 0.499617	 0.474936	-0.473670	-0.438226	 0.499483
-0.012972	 0.499106	 0.498109	 0.499501	 0.482670	 0.258255	-0.495692	 0.499617	 0.486608	-0.486307	 0.061767	 0.499483
-0.256085	 0.499106	 0.498109	 0.499501	 0.482670	 0.264150	-0.993663	 0.499617	 0.492444	-0.492625	 0.310640	 0.499483
 0.122359	 0.499106	 0.498109	 0.499501	 0.482670	-0.232903	-0.239666	-0.000383	 0.495362	 0.004215	-0.066043	 0.499483
 0.310579	 0.499106	 0.498109	 0.499501	 0.482670	-0.479969	 0.136304	-0.249382	 0.496821	 0.251634	-0.254384	 0.499483
 0.404690	 0.499106	 0.498109	 0.499501	 0.482670	-0.102049	 0.323265	 0.126118	 0.497551	 0.375343	 0.151445	 0.499483
 0.451745	 0.499106	 0.498109	 0.499501	 0.482670	 0.086912	 0.415724	 0.312865	 0.497915	 0.437197	 0.353245	 0.499483
 0.475272	 0.499106	 0.498109	 0.499501	 0.482670	 0.181392	 0.460938	 0.406238	 0.498098	 0.468125	-0.046965	 0.499483
 0.487036	 0.499106	 0.498109	 0.499501	 0.482670	 0.228632	 0.482532	 0.452925	 0.498189	 0.483588	-0.247070	 0.499483
 0.492918	 0.499106	 0.498109	 0.499501	 0.482670	 0.252252	 0.492321	 0.476268	 0.498235	 0.491320	-0.347122	 0.499483
 0.495859	 0.499106	 0.498109	 0.499501	 0.482670	 0.264062	 0.496212	 0.487940	 0.498257	 0.495186	 0.102851	 0.499483
 0.497329	 0.499106	 0.498109	 0.499501	 0.482670	 0.269967	 0.497157	 0.493776	 0.498269	 0.497119	 0.326733	 0.499483
 0.498064	 0.499106	 0.498109	-0.000499	 0.482670	 0.272920	 0.497629	 0.496694	 0.498274	 0.498085	-0.062428	 0.499483
 0.498432	 0.499106	 0.498109	-0.249498	 0.482670	 0.274396	 0.497865	 0.498153	 0.498277	 0.498569	-0.257008	 0.499483
 0.498616	 0.499106	 0.498109	 0.126002	-0.017330	 0.275134	 0.497983	 0.498882	 0.498279	 0.498810	-0.354299	 0.499483
 0.498708	 0.499106	 0.498109	 0.312749	-0.266296	 0.275503	 0.498042	 0.499247	 0.498279	 0.498931	-0.402944	 0.499483
 0.498754	 0.499106	 0.498109	 0.406123	 0.110252	 0.275688	 0.498072	 0.499429	 0.498280	 0.498991	-0.427266	 0.499483
 0.498777	 0.499106	 0.498109	 0.452810	 0.298526	 0.275780	 0.498087	 0.499521	 0.498280	 0.499022	-0.439427	 0.499483
 0.498788	 0.499106	 0.498109	 0.476153	 0.392663	 0.275826	 0.498094	 0.499566	 0.498280	 0.499037	-0.445508	 0.499483
 0.498794	 0.499106	 0.498109	 0.487825	 0.439732	 0.275849	 0.498098	 0.499589	 0.498280	 0.499044	-0.448548	 0.499483
 0.498797	 0.499106	 0.498109	 0.493661	 0.463266	 0.275861	 0.498100	 0.499600	 0.498280	 0.499048	-0.450069	 0.499483
-0.001202	 0.499106	 0.498109	 0.496579	 0.475033	 0.275867	 0.498101	 0.499606	 0.498280	-0.000950	-0.450829	 0.499483
-0.250199	 0.499106	 0.498109	 0.498038	 0.480917	 0.275869	 0.498101	 0.499609	 0.498280	-0.249947	-0.451209	 0.499483
 0.125303	 0.499106	 0.498109	 0.498767	 0.483858	 0.275871	 0.498101	 0.499610	 0.498280	-0.374446	 0.048601	 0.499483
 0.312052	 0.499106	 0.498109	 0.499132	 0.485329	 0.275872	 0.498101	 0.499611	 0.498280	-0.436695	 0.297410	 0.499483
 0.405427	 0.499106	 0.498109	 0.499314	 0.486065	 0.275872	 0.498101	 0.499611	 0.498280	 0.032180	 0.420721	 0.499483
 0.452114	 0.499106	 0.498109	 0.499406	 0.486432	 0.275872	 0.498102	 0.499612	 0.498280	 0.265616	 0.481289	 0.499483
 0.475458	 0.499106	 0.498109	 0.499451	 0.486616	 0.275872	 0.498102	 0.499612	 0.498280	 0.382334	 0.510489	 0.499483
 0.487129	 0.499106	 0.498109	 0.499474	 0.486708	 0.275872	 0.498102	 0.499612	 0.498280	 0.440693	 0.524010	 0.499483
 0.492965	 0.499106	 0.498109	 0.499485	 0.486754	 0.275872	 0.498102	 0.499612	 0.498280	 0.469872	 0.529695	 0.499483
 0.495883	 0.499106	 0.498109	 0.499491	 0.486777	 0.275872	 0.498102	 0.499612	 0.498280	 0.484462	 0.031467	 0.499483
 0.497342	 0.499106	 0.498109	 0.499494	 0.486789	 0.275872	 0.498102	 0.499612	 0.498280	 0.491757	-0.217647	 0.499483
 0.498072	 0.499106	 0.498109	 0.499495	 0.486794	 0.275872	 0.498102	 0.499612	 0.498280	 0.495404	 0.157796	 0.499483
 0.498437	 0.499106	 0.498109	 0.499496	 0.486797	 0.275872	 0.498102	 0.499612	 0.498280	 0.497228	 0.344451	 0.499483
-0.001381	 0.499106	 0.498109	 0.499496	 0.486799	 0.275872	 0.498102	 0.499612	 0.498280	 0.498140	 0.436716	 0.499483
-0.250287	 0.499106	 0.498109	 0.499497	 0.486799	 0.275872	 0.498102	 0.499612	 0.498280	 0.498596	 0.481791	 0.499483
-0.374741	 0.499106	 0.498109	 0.499497	 0.486800	 0.275872	 0.498102	 0.499612	 0.498280	 0.498824	 0.503274	 0.499483
 0.063033	 0.499106	 0.498109	 0.499497	 0.486800	 0.275872	 0.498102	 0.499612	 0.498280	 0.498937	 0.012967	 0.499483
 0.280918	 0.499106	 0.498109	 0.499497	 0.486800	 0.275872	 0.498102	 0.499612	 0.498280	 0.498994	-0.232187	 0.499483
 0.389860	 0.499106	 0.498109	 0.499497	 0.986800	 0.275872	 0.498102	 0.499612	 0.498280	 0.499023	 0.145236	 0.499483
 0.444332	 0.499106	 0.498109	 0.499497	 1.233827	 0.275872	 0.498102	 0.499612	 0.498280	 0.499037	 0.332902	 0.499483
 0.471567	 0.499106	 0.498109	-0.000503	 0.854378	 0.275872	 0.498102	 0.499612	 0.498280	-0.000956	-0.074306	 0.499483
 0.485185	 0.499106	 0.498109	-0.249502	 0.664654	 0.275872	 0.498102	 0.499612	 0.498280	-0.249950	-0.277910	 0.499483
 0.491994	 0.499106	 0.498109	-0.374002	 0.569792	 0.275872	 0.498102	 0.499612	 0.498280	 0.125553	 0.120288	 0.499483
 0.495398	 0.499106	 0.498109	-0.436252	 0.522361	 0.275872	 0.498102	 0.499612	 0.498280	 0.312302	 0.318350	 0.499483
 0.497101	 0.499106	 0.498109	 0.032624	 0.498645	 0.275872	 0.498102	 0.499612	 0.498280	 0.405676	-0.083652	 0.499483
 0.497952	 0.499106	 0.498109	 0.266058	 0.486787	 0.275872	 0.498102	 0.499612	 0.498280	 0.452364	-0.284653	 0.499483
 0.498377	 0.499106	 0.498109	 0.382775	 0.480858	 0.275872	 0.498102	 0.499612	 0.498280	 0.475707	-0.385153	 0.499483
 0.498590	 0.499106	 0.498109	 0.441134	 0.477894	 0.275872	 0.498102	 0.499612	 0.498280	 0.487379	 0.064597	 0.499483
 0.498696	 0.499106	 0.498109	 0.470313	 0.476412	 0.275872	 0.498102	 0.499612	 0.498280	 0.493215	 0.288443	 0.499483
-0.001250	 0.499106	 0.498109	 0.484903	 0.475671	 0.275872	 0.498102	 0.499612	 0.498280	 0.496133	-0.100659	 0.499483
-0.250221	 0.499106	 0.498109	 0.492198	 0.475300	 0.275872	 0.498102	 0.499612	 0.498280	 0.497592	-0.295209	 0.499483
 0.125293	 0.499106	 0.498109	 0.495845	 0.475115	 0.275872	 0.498102	 0.999612	 0.498280	 0.498322	-0.392485	 0.499483
 0.312049	 0.499106	 0.498109	 0.497669	 0.475022	 0.275872	 0.498102	 1.246613	 0.498280	 0.498686	-0.441122	 0.499483
-0.094573	 0.499106	 0.498109	 0.498581	 0.974976	 0.275872	 0.498102	 0.867126	 0.498280	 0.498869	 0.034559	 0.499483
-0.296882	 0.499106	 0.498109	 0.499037	 1.222003	 0.275872	 0.498102	 0.677382	 0.498280	 0.498960	 0.271379	 0.499483
-0.398036	 0.499106	 0.498109	 0.499265	 1.342578	 0.275872	 0.498102	 0.582511	 0.498280	 0.499005	 0.388773	 0.499483
 0.051386	 0.499106	 0.498109	 0.499379	 0.899940	 0.275872	 0.498102	 0.535075	 0.498280	 0.499028	 0.446457	 0.499483
 0.275096	 0.499106	 0.498109	 0.499436	 0.678620	 0.275872	 0.498102	 0.511357	 0.498280	 0.499040	 0.474291	 0.499483
 0.386951	 0.499106	 0.498109	 0.499464	 0.567961	 0.275872	 0.498102	 0.499498	 0.498280	 0.499045	-0.012796	 0.499483
 0.442879	 0.499106	 0.498109	 0.499478	 0.512631	 0.275872	 0.498102	 0.493568	 0.498280	 0.499048	-0.256340	 0.499483
-0.029158	 0.499106	 0.498109	 0.499486	 0.484966	 0.275872	 0.498102	 0.490604	 0.498280	 0.499050	 0.121888	 0.499483
-0.264173	 0.499106	 0.498109	 0.499489	 0.471134	 0.275872	 0.498102	 0.489121	 0.498280	 0.499050	 0.310002	 0.499483
 0.118319	 0.499106	 0.498109	 0.499491	 0.464217	 0.275872	 0.498102	 0.488380	 0.498280	 0.499051	-0.095941	 0.499483
 0.308563	 0.499106	 0.498109	 0.499492	 0.460759	 0.275872	 0.498102	 0.488010	 0.498280	 0.499051	-0.297909	 0.499483
 0.403685	 0.499106	 0.498109	 0.499492	 0.459030	 0.275872	 0.498102	 0.487824	 0.498280	 0.499051	-0.398893	 0.499483
-0.048754	 0.499106	 0.498109	 0.499493	 0.458166	 0.275872	 0.498102	 0.487732	 0.498280	 0.499051	-0.449384	 0.499483
-0.273971	 0.499106	 0.498109	 0.499493	 0.457733	 0.275872	 0.498102	 0.487685	 0.498280	 0.499051	-0.474630	 0.499483
 0.113421	 0.499106	 0.498109	 0.499493	 0.457517	 0.275872	 0.498102	 0.487662	 0.498280	 0.499051	 0.012747	 0.499483
 0.306115	 0.499106	 0.498109	 0.499493	 0.457409	 0.275872	 0.498102	 0.487651	 0.498280	 0.499051	 0.255435	 0.499483
-0.097538	 0.499106	 0.498109	 0.499493	 0.457355	 0.275872	 0.498102	 0.487645	 0.498280	 0.499051	-0.123221	 0.499483
-0.298362	 0.499106	 0.498109	 0.499493	 0.457328	 0.275872	 0.498102	 0.487642	 0.498280	 0.499051	-0.311545	 0.499483
 0.101226	 0.499106	 0.498109	-0.000507	 0.457315	 0.275872	 0.498102	 0.487640	 0.498280	 0.499051	-0.405707	 0.499483
 0.300018	 0.499106	 0.498109	-0.249506	 0.457308	 0.275872	 0.498102	 0.487640	 0.498280	 0.499051	-0.452788	 0.499483
 0.399414	 0.499106	 0.498109	-0.374006	 0.457304	 0.275872	 0.498102	 0.487639	 0.498280	 0.499051	-0.476329	 0.499483
