 0.250698	-0.177896	 0.650622	 0.498458	-0.868377	 0.312501	-0.468899	 1.052974	 0.451119	 0.263622	 0.499764	 0.499739
 0.374954	-0.170996	 0.648205	 0.498458	-0.864903	 0.405921	-0.560520	 1.048762	 0.443960	-0.618915	 0.499764	-0.000261
 0.437082	-0.167546	 0.645705	 0.498458	-0.861444	 0.452630	-0.605026	 1.044567	 0.440381	-1.057181	 0.499764	-0.249260
 0.468146	-0.165821	 0.643169	 0.498458	-0.857998	 0.475985	-0.625980	 1.040389	 0.438592	-1.273323	 0.499764	-0.373760
 0.483678	-0.164958	 0.140620	 0.498458	-0.854566	 0.487663	-0.635163	 1.036227	 0.437697	-0.878415	 0.499764	 0.063990
 0.491444	-0.164527	-0.110655	 0.498458	-0.851148	 0.493501	-0.638466	 1.032082	 0.437249	-0.680961	 0.499764	 0.281862
 0.495327	-0.164312	-0.236292	 0.498458	-1.347743	 0.496421	-0.638834	 1.027954	 0.437026	-0.582234	 0.499764	 0.390797
 0.497268	-0.164204	-0.299111	 0.498458	-1.592352	 0.497880	-0.637739	 1.023842	 0.436914	-0.532871	 0.499764	 0.445265
-0.001761	-0.164150	 0.169480	 0.498458	-0.710983	 0.498610	-0.135919	 1.019747	 0.936858	-0.008189	 0.499764	 0.472499
-0.250274	-0.164123	 0.402499	 0.498458	-0.270298	 0.498975	 0.114991	 1.015668	 1.183956	 0.253119	 0.499764	 0.486116
-0.374531	-0.664109	 0.517737	 0.998458	-0.549956	 0.499158	-0.259554	 1.011605	 0.804644	-0.117256	 0.499764	 0.492925
-0.436659	-0.911774	 0.574091	 1.245461	-0.688125	 0.499249	-0.445558	 1.007558	 0.614987	-0.302443	 0.499764	 0.496329
-0.467723	-1.033288	 0.601006	 1.365978	-0.755558	 0.499294	-0.537297	 1.003528	 0.520159	-0.395037	 0.499764	 0.498031
-0.483255	-0.591735	 0.613208	 0.923263	-0.787628	 0.499317	-0.581908	 0.999514	 0.972745	-0.441334	 0.499764	 0.498882
-0.491021	-0.370959	 0.618059	 0.701906	-0.802023	 0.499329	-0.602961	 0.995516	 1.196187	-0.464482	 0.499764	 0.499308
 0.005096	-0.260571	 0.619238	 0.591227	-0.807588	 0.499334	-0.612239	 0.991534	 0.805069	-0.476057	 0.499764	 0.499520
 0.252152	-0.205377	 0.618587	 0.535888	-0.808745	 0.499337	-0.615635	 0.987568	 0.609510	-0.481844	 0.499764	 0.499627
-0.124320	-0.177780	 0.617025	 0.508218	-0.807703	 0.499339	-0.616095	 0.983618	 1.011730	-0.484737	 0.499764	 0.499680
-0.311554	-0.163981	 0.615014	 0.494383	-0.805569	 0.499339	-0.615092	 0.979683	 1.210013	-0.486184	 0.499764	 0.499707
 0.094828	-0.157082	 0.612782	 0.487466	-0.802895	 0.499340	-0.613362	 0.975764	 0.806337	-0.486907	 0.499764	 0.499720
 0.297017	-0.153632	 0.610445	 0.484007	-0.799957	 0.499340	-0.611274	 0.971861	 0.604500	-0.487269	 0.499764	 0.499727
 0.398112	-0.151907	 0.608060	 0.482278	-0.796895	 0.499340	-0.609012	 0.967974	 0.503581	-0.487450	 0.499764	 0.499730
-0.051341	-0.151045	 0.605656	 0.481413	-0.793776	 0.499340	-0.106667	 0.964102	 0.953121	-0.487540	 0.499764	 0.499732
-0.275066	-0.150614	 0.603248	 0.480981	-0.790635	 0.499340	 0.144505	 0.960246	 1.175086	-0.487586	 0.499764	 0.499732
-0.386928	-0.150398	 0.600842	 0.480765	-0.787489	 0.499340	-0.229909	 0.956405	 0.783275	 0.012392	 0.499764	 0.499733
-0.442859	-0.150290	 0.598442	 0.480657	-0.784348	 0.499340	-0.415907	 0.952579	 0.587369	 0.261356	 0.499764	 0.499733
 0.029175	-0.150236	 0.596050	 0.480603	-0.781215	 0.499340	-0.007702	 0.948769	 0.989416	-0.115183	 0.499764	 0.499733
 0.264190	-0.150210	 0.593667	 0.480576	-0.778092	 0.499340	 0.196400	 0.944974	 1.187657	-0.303452	 0.499764	 0.499733
 0.381697	-0.150196	 0.091293	 0.480562	-0.774981	 0.499340	 0.298451	 0.941194	 0.784005	 0.102413	 0.499764	 0.499733
 0.440451	-0.150189	-0.159894	 0.480555	-0.771881	 0.499340	 0.349477	 0.937429	 0.582179	 0.304329	 0.499764	 0.499733
 0.469828	-0.150186	-0.285488	 0.480552	-0.768794	 0.499340	 0.374990	 0.933679	 0.481266	 0.404275	 0.499764	 0.499733
-0.015484	-0.150184	 0.151715	 0.480550	-0.765719	 0.499340	-0.112254	 0.929944	 0.930810	-0.046761	 0.499764	 0.499733
-0.257138	-0.150183	 0.369139	 0.480549	-0.762656	 0.499340	-0.354677	 0.926225	 1.152821	-0.272279	 0.499764	 0.499733
 0.122035	-0.150183	 0.476678	 0.480549	-0.759606	 0.499340	 0.025306	 0.922520	 0.761077	-0.385038	 0.499764	 0.499733
 0.310619	-0.150183	 0.529279	 0.480549	-0.756567	 0.499340	 0.215297	 0.918830	 0.565205	-0.441417	 0.499764	 0.499733
-0.095089	-0.150183	 0.554416	 0.480549	-0.753541	 0.499340	-0.189707	 0.915154	 0.467269	 0.030393	 0.499764	 0.499733
-0.296941	-0.150183	 0.565825	 0.480549	-0.750527	 0.499340	-0.391020	 0.911494	 0.418301	 0.265294	 0.499764	 0.499733
-0.397868	-0.150183	 0.570375	 0.480549	-0.747525	 0.499340	 0.009509	 0.907848	 0.393817	-0.118256	 0.499764	 0.499733
-0.448331	-0.150183	 0.571500	 0.480549	-0.744535	 0.499340	 0.209773	 0.904216	 0.381575	-0.309027	 0.499764	 0.499733
-0.473562	-0.150183	 0.570918	 0.480549	-0.741557	 0.499340	 0.309905	 0.900600	 0.375454	-0.404413	 0.499764	 0.499733
-0.486178	-0.150183	 0.569486	 0.480549	-0.238590	 0.499340	-0.140029	 0.896997	 0.372393	-0.452106	 0.499764	-0.000267
-0.492486	-0.150183	 0.567633	 0.480549	 0.012893	 0.499340	-0.363816	 0.893409	 0.370863	-0.475952	 0.499764	-0.249266
 0.004360	-0.150183	 0.565576	 0.480549	 0.138634	 0.499340	-0.474534	 0.889836	-0.129902	 0.012124	 0.499764	 0.126234
 0.251781	-0.150183	 0.563420	 0.480549	 0.201505	 0.499340	-0.528723	 0.886276	-0.379023	 0.255162	 0.499764	 0.312981
 0.375491	-0.150183	 0.561220	 0.980549	 0.232941	 0.499340	-0.554652	 0.882731	 0.497672	-0.123319	 0.499764	 0.406354
 0.437346	-0.150183	 0.559001	 1.227587	 0.248658	 0.499340	-0.566455	 0.879200	 0.933271	-0.311556	 0.499764	 0.453041
 0.468274	-0.150183	 0.556779	 0.848158	 1.756517	 0.499340	 1.428800	-0.624317	-0.851667	 1.594326	 0.499764	 0.476384
 0.483738	-0.150183	 0.554558	 0.658443	 2.503918	 0.499340	 2.419580	-1.371819	-1.738863	 2.540266	 0.499764	 0.488056
 0.491469	-0.150183	 0.552343	 0.563585	 2.871115	 0.499340	 2.908149	-1.741332	-2.177208	 3.006264	 0.499764	 0.493891
 0.495335	 0.349817	 0.050136	 0.016157	 3.548238	-0.000660	 4.145640	-2.921867	-2.891150	 3.232318	 0.499764	-0.003191
 0.497268	 0.598118	-0.200968	-0.256495	 3.878348	-0.249659	 4.753619	-3.503929	-3.240911	 3.338429	 0.499764	-0.250731
 0.498235	 0.720575	-0.326520	-0.891763	 6.534986	-0.374158	 7.046885	-4.786789	-4.408610	 3.384595	-0.000236	-0.374501
 0.498718	 0.780118	-0.389296	-1.206343	 7.844922	-0.436408	 8.174838	-5.416079	-4.981307	 3.400817	-0.249235	-0.436386
 0.498960	 0.808210	-0.920684	-2.360591	 10.481580	-0.467532	 9.720209	-5.718633	-5.256547	 3.402093	 0.126265	-0.467329
 0.499081	 0.820583	-1.183474	-2.930685	 11.773673	-0.483095	 10.470364	-5.857868	-5.383104	 3.395925	 0.313011	-0.482800
 0.499141	 0.325104	-1.311976	-3.208731	 13.393588	-0.490876	 11.823000	-5.915491	-5.435363	 3.386061	-0.093615	-0.490536
 0.499171	 0.077364	-1.373347	-3.340780	 14.173518	-0.494767	 12.472966	-5.932357	-5.450517	 3.374377	-0.295928	-0.494404
 0.499186	-0.046505	-1.401162	-3.399859	 14.533577	-0.496712	 12.771704	-5.928891	-5.447163	 3.361809	-0.397085	-0.496338
 0.499194	-0.108440	-1.412212	-3.422480	 15.183818	-0.497685	 12.894932	-5.915307	-5.434598	 3.348827	 0.052337	-0.497305
 0.499198	-0.139408	-1.414891	-3.426901	 15.477271	-0.498171	 12.930509	-5.896712	-5.417472	 3.335664	 0.276045	-0.497788
 0.499199	-0.154892	-1.413395	-3.422249	 15.592456	-0.498414	 12.922366	-5.875658	-5.398108	 3.322438	 0.387898	-0.498030
 0.499200	-0.162633	-1.409823	-3.413087	 15.618633	-0.498536	 12.892466	-5.853422	-5.377668	 3.309206	 0.443825	-0.498151
 0.499201	 0.333496	-1.405225	-3.401699	 16.100432	-0.498596	 12.851791	-5.830641	-5.356734	 3.295999	 0.471789	-0.498211
 0.499201	 0.579901	-1.400124	-3.389224	 16.308167	-0.498627	 12.805831	-5.807636	-5.335596	 3.282829	 0.485770	-0.498241
 0.499201	 0.701451	-1.894784	-3.376233	 16.379003	-0.498642	 13.257331	-5.784563	-6.314397	 3.269705	 0.492761	-0.498256
 0.499201	 0.760580	-2.137335	-3.363011	 16.381521	-0.498650	 13.455664	-5.761504	-6.789212	 3.256630	 0.496257	-0.498264
 0.499201	 0.788505	-1.753851	-3.349700	 16.350012	-0.498653	 13.527522	-5.738498	-6.012091	 3.243605	 0.498004	-0.498268
 0.499201	 0.800835	-1.559368	-3.336372	 16.301621	-0.498655	 13.536252	-5.715564	-5.613061	 3.230632	 0.498878	-0.498270
 0.499201	 0.805373	-1.459397	-3.323062	 16.244919	-0.498656	 13.513528	-5.692711	-5.403117	 3.217710	 0.499315	-0.498271
 0.499201	 0.806023	-1.406692	-3.309788	 16.184191	-0.498657	 13.475184	-5.669945	-6.287759	 3.204839	-0.000466	-0.498271
 0.499201	 0.804734	-1.377632	-3.296557	 16.121580	-0.498657	 13.429138	-5.647268	-6.715736	 3.192020	-0.249357	-0.498271
 0.499201	 0.802483	-1.360405	-3.283376	 16.058157	-0.498657	 13.379349	-5.624680	-5.915436	 3.179252	 0.126198	-0.498271
 0.499201	 0.799757	-1.349105	-3.270244	 15.994456	-0.498657	 13.327795	-5.602182	-5.505056	 3.166535	 0.312972	-0.498272
 0.499201	 0.796800	-1.340779	-3.257164	 15.930744	-0.498657	 13.275466	-5.579774	-5.289677	 3.153869	-0.093641	-0.498272
 0.499201	 0.793733	-1.333951	-3.244136	 15.867154	-0.498657	 13.222855	-5.557455	-5.171839	 3.141253	-0.295947	-0.498272
 0.499201	 0.790619	-1.327883	-3.231160	 15.803752	-0.498657	 13.170209	-5.535225	-5.102812	 3.128688	 0.102900	-0.498272
 0.499201	 0.787487	-1.322206	-3.218236	 15.740570	-0.498657	 13.117651	-5.513084	-5.058231	 3.116173	 0.301320	-0.498272
 0.499201	 0.784352	-1.316734	-3.205363	 15.677624	-0.498657	 13.065242	-5.491032	-5.025913	 3.103709	 0.400530	-0.498272
 0.499201	 0.781222	-1.311375	-3.192541	 16.114922	-0.498657	 13.013011	-5.469068	-4.999767	 2.591294	 0.450135	-0.498272
 0.499201	 0.778101	-1.306084	-3.179771	 16.300466	-0.498657	 12.960975	-5.447191	-4.976746	 2.330929	 0.474937	-0.498272
 0.499201	 0.774990	-1.300837	-3.167052	 16.360267	-0.498657	 13.409139	-5.425403	-4.955329	 2.696605	-0.012661	-0.498272
 0.499201	 0.771891	-1.295622	-3.154384	 16.357327	-0.498657	 13.605506	-5.403701	-4.934752	 2.873319	-0.255460	-0.498272
 0.499201	 0.768804	-1.290434	-3.141766	 16.323148	-0.498657	 13.676086	-5.382086	-4.914635	 2.955575	 0.123140	-0.498272
 0.499201	 0.765729	-1.285269	-3.129199	 16.273480	-0.498657	 13.683882	-5.360558	-4.894788	 2.990628	 0.311437	-0.498272
 0.499201	 0.762667	-1.280127	-3.116682	 16.216199	-0.498657	 13.160397	-5.339116	-4.875114	 3.002103	 0.405586	-0.498272
 0.499201	 0.759616	-1.275005	-3.104216	 16.155241	-0.498657	 12.873381	-5.317759	-4.855567	 3.001813	 0.452660	-0.498272
 0.499201	 0.756578	-1.269905	-3.091799	 16.092573	-0.498657	 12.704700	-5.296488	-4.836121	 2.995665	 0.476197	-0.498272
 0.499201	 0.753551	-1.764825	-3.079432	 16.029179	-0.498657	 13.095288	-5.275302	-4.816765	 2.986612	 0.487966	-0.498272
 0.499201	 0.750537	-2.007766	-3.067114	 15.965551	-0.498657	 13.263610	-5.254201	-4.797492	 2.976131	 0.493850	-0.498272
 0.499201	 0.747535	-1.624735	-3.054845	 15.901933	-0.498657	 13.320907	-5.233184	-4.778299	 2.964959	-0.003208	-0.498272
 0.499201	 0.744545	-1.430736	-3.042626	 15.838447	-0.498657	 13.322799	-5.212251	-4.759184	 2.953465	-0.250736	-0.498272
 0.499201	 0.741567	-1.331263	-3.530456	 15.775154	-0.498657	 13.297096	-5.191402	-4.740147	 2.941834	 0.125499	-0.498272
 0.499201	 0.738600	-1.279063	-3.766334	 15.712084	-0.498657	 13.257701	-5.170637	-4.721186	 2.930159	 0.312614	-0.498272
 0.499201	 0.735646	-1.250509	-3.876268	 15.149251	-0.498657	 13.211567	-5.149954	-4.702301	 2.918484	 0.406171	-0.498272
 0.499201	 0.732703	-1.233788	-3.923263	 14.838662	-0.498657	 13.162169	-5.129354	-4.683491	 2.906833	 0.452950	-0.498272
 0.499201	 0.729773	-1.222994	-3.938820	 14.654311	-0.498657	 13.111245	-5.108837	-4.664757	 2.895217	 0.476339	-0.498272
-0.000799	 0.726853	-1.215172	-3.438690	 13.533196	-0.498657	 12.059662	-5.088402	-4.646098	 2.883642	 0.488034	-0.498272
-0.249797	 0.723946	-1.208846	-3.182748	 12.947814	-0.498657	 11.511855	-5.068048	-4.627514	 2.872110	 0.493881	-0.498272
 0.125704	 0.721050	-0.703279	-3.048923	 7.630398	-0.498657	 7.216023	-5.047776	-3.609004	 2.860623	 0.496805	-0.498272
 0.312452	 0.718166	-0.450495	-2.976180	 4.967064	-0.498657	 5.062266	-5.027585	-3.094568	 2.849181	 0.498266	-0.498272
 0.405826	 0.215293	-0.324103	-2.934002	 1.630790	 0.001343	 2.979571	-4.007474	-2.332190	 2.837785	 0.498997	-0.498272
 0.452513	-0.036143	-0.260907	-2.907130	-0.033937	 0.250340	 1.936430	-3.491445	-1.947861	 2.826434	 0.499363	-0.498272
 0.475856	-0.161861	 0.270691	-2.387933	-2.862902	 0.374839	-0.586927	-2.227479	-0.752569	 1.315128	 0.499545	 0.001728
 0.487528	-0.224720	 0.534886	-2.124597	-4.266001	 0.437088	-1.842385	-1.593569	-0.154924	 0.559475	 0.499637	 0.250725
 0.493364	-0.256150	 0.665385	-1.989206	-4.956213	 0.468213	-2.463919	-1.274695	 0.143899	 0.181649	 0.499682	 0.375223
 0.496282	-0.771865	 0.729042	-1.417803	-5.290026	 0.483775	-3.268515	-1.113346	 0.793311	-0.007264	 0.499705	 0.437472
 0.497741	-1.027147	 0.759286	-1.130409	-5.445684	 0.491556	-3.662666	-1.030767	 1.115131	-0.101721	 0.499717	 0.468597
 0.498470	-1.152223	 0.772829	-0.985026	-5.512311	 0.495447	-3.351628	-0.487582	 1.273167	-0.148949	 0.499722	 0.484159
 0.498835	-1.212207	 0.778027	-0.910655	-5.534467	 0.497392	-3.190028	-0.215989	 1.349323	-0.172563	 0.499725	 0.491940
 0.499017	-1.239654	 0.779060	-0.871797	-5.534431	 0.498365	-3.603171	-0.080193	 1.384550	-0.184370	 0.499727	 0.495831
 0.499109	-1.250843	 0.778016	-0.850702	-5.523345	 0.498851	-3.801710	-0.012294	 1.399324	-0.190274	 0.499727	 0.497776
-0.000846	-1.253914	 0.775940	-0.838496	-5.506777	 0.499094	-3.392979	 0.021655	 1.403882	-0.193226	 0.499728	 0.498749
-0.249821	-1.252935	 0.773355	-0.830740	-5.487512	 0.499216	-3.182645	 0.038629	 1.403345	-0.194702	 0.499728	 0.499235
-0.374309	-1.249942	 0.770520	-0.825216	-5.466944	 0.499277	-3.071534	 0.047116	 1.400270	-0.195440	 0.499728	 0.499478
 0.063447	-1.245952	 0.767568	-0.820814	-5.445767	 0.499307	-3.510057	 0.051360	 1.395939	-0.195808	 0.499728	 0.499600
 0.281322	-1.241473	 0.764562	-0.816981	-5.424329	 0.499322	-3.721422	 0.053482	 1.390990	-0.195993	 0.499728	 0.499661
 0.390260	-1.236759	 0.761536	-0.813438	-5.402804	 0.499330	-3.319238	 0.054543	 1.385743	-0.196085	 0.499728	-0.000309
 0.444729	-1.231938	 0.758507	-0.810047	-5.381279	 0.499334	-3.112312	 0.055073	 1.380359	-0.196131	 0.499728	-0.249293
 0.471964	-1.227073	 0.755481	-0.806738	-5.359797	 0.499335	-3.003039	 0.055338	 1.374917	-0.196154	 0.499728	 0.126215
 0.485581	-1.222197	 0.752463	-0.803476	-5.338380	 0.499336	-2.942614	 0.055471	 1.369457	-0.196166	 0.499728	 0.312965
 0.492390	-0.717324	 0.749455	-0.800245	-5.317037	 0.499337	-2.906638	 0.055537	 1.363999	-0.196172	 0.499728	 0.406340
 0.495794	-0.464887	 0.746458	-0.797036	-5.295774	 0.499337	-2.882908	 0.055571	 1.358553	-0.196175	 0.499728	 0.453028
 0.497496	-0.338669	 0.743473	-0.793843	-5.274594	 0.499337	-2.865325	 0.055587	 1.353124	-0.196176	 0.499728	 0.476372
 0.498347	-0.775560	 0.740499	-0.790666	-5.253497	 0.499337	-2.850838	 0.055595	 1.347714	-0.196177	 0.499728	 0.488044
 0.498773	-0.991580	 0.737537	-0.787502	-5.232484	 0.499337	-2.837922	 0.055600	 1.342324	-0.196177	 0.499728	 0.493880
 0.498985	-0.597175	 0.734587	-0.784351	-5.211554	 0.499337	-2.825814	 0.055602	 1.336955	-0.196177	 0.499728	 0.496798
 0.499092	-0.399973	 0.731649	-0.781214	-5.190708	 0.499337	-2.814132	 0.055603	 1.331608	-0.196177	 0.499728	 0.498257
 0.499145	-0.801372	 0.728722	-0.778089	-5.169945	 0.499337	-2.802687	 0.055603	 1.326282	-0.196177	 0.499728	 0.498986
 0.499172	-0.999665	 0.725807	-0.774976	-5.149266	 0.499337	-2.791381	 0.055603	 1.320976	-0.196177	 0.499728	 0.499351
 0.499185	-1.096416	 0.722904	-0.271876	-5.128668	 0.499337	-2.780168	 0.055604	 1.315693	-0.196177	 0.499728	 0.499533
 0.499191	-1.142406	 0.720013	-0.020326	-5.108154	 0.499337	-2.769024	 0.055604	 1.310430	-0.196177	 0.499728	 0.499625
 0.499195	-1.163023	 0.717132	 0.105449	-5.087721	 0.499337	-2.757936	 0.055604	 1.305188	-0.196177	 0.499728	 0.499670
-0.000804	-0.670965	 0.714264	 0.168336	-4.567370	 0.499337	-2.746899	 0.055604	 1.299967	-0.196177	 0.499728	 0.499693
-0.249801	-0.424936	 0.711407	 0.199780	-4.299101	 0.499337	-2.735908	 0.055604	 1.294768	-0.196177	 0.499728	 0.499704
 0.125700	-0.301921	 0.708561	 0.215502	-4.156904	 0.499337	-2.724963	 0.055604	 1.289588	-0.196177	 0.499728	 0.499710
 0.312448	-0.240414	 0.705727	 0.223363	-4.077777	 0.499337	-2.714062	 0.055604	 1.284430	-0.196177	 0.499728	 0.499713
 0.405822	-0.209660	 0.702904	 0.227293	-4.030216	 0.499337	-2.703206	 0.055604	 1.279292	-0.196177	 0.499728	 0.499714
 0.452509	-0.194284	 0.700093	 0.229258	-3.998470	 0.499337	-2.692393	 0.055604	 1.274175	-0.196177	 0.499728	 0.499715
 0.475853	-0.186595	 0.697292	 0.230241	-3.974663	 0.499337	-3.181623	 0.055604	 1.269079	-0.196177	 0.499728	 0.499715
 0.487525	-0.182751	 0.694503	 0.230732	-3.954859	 0.499337	-3.418896	 0.055604	 1.264002	-0.196177	 0.499728	 0.499716
-0.006639	-0.180829	 0.691725	 0.230978	-3.937086	 0.499337	-3.030221	 0.055604	 1.258946	-0.196177	 0.499728	 0.499716
-0.252720	-0.179868	 0.688958	 0.231101	-3.920361	 0.499337	-2.830600	 0.055604	 1.253910	-0.196177	 0.499728	 0.499716
-0.375760	-0.179387	 0.686202	 0.231162	-3.904191	 0.499337	-2.725528	 0.055604	 1.248895	-0.196177	 0.499728	 0.499716
-0.437280	-0.179147	 0.683457	 0.231193	-3.888330	 0.499337	-2.667750	 0.055604	 1.243899	-0.196177	 0.499728	 0.499716
-0.468040	-0.179027	 0.680724	 0.231208	-3.872655	 0.499337	-2.633642	 0.055604	 1.238924	-0.196177	 0.499728	 0.499716
 0.016580	-0.178967	 0.678001	 0.231216	-3.857103	 0.499337	-2.611389	 0.555604	 1.233968	-0.196177	 0.499728	 0.499716
 0.257887	-0.178937	 0.675289	 0.231220	-3.841644	 0.499337	-2.595084	 0.803493	 1.229032	-0.196177	 0.499728	 0.499716
 0.378541	-0.178922	 0.672588	-0.268778	-3.826263	 0.499337	-2.581774	 0.925334	 1.224116	-0.196177	 0.499728	-0.000284
 0.438868	-0.178914	 0.669897	-0.517240	-3.810950	 0.499337	-2.569982	 0.984161	 1.219219	-0.196177	 0.499728	-0.249284
 0.469032	-0.178910	 0.667218	-0.139939	-3.795702	 0.499337	-2.558969	 0.511488	 1.214343	-0.196177	 0.499728	 0.126217
 0.484113	-0.178909	 0.664549	 0.048711	-3.780518	 0.499337	-2.548367	 0.275151	 1.209485	-0.196177	 0.499728	 0.312963
 0.491654	-0.178908	 0.661891	 0.143036	-3.765395	 0.499337	-2.537991	 0.156983	 1.204647	-0.196177	 0.499728	 0.406337
 0.495425	-0.178907	 0.659243	 0.190199	-3.750333	 0.499337	-3.027747	 0.097899	 1.199829	-0.196177	 0.499728	 0.453023
 0.497310	-0.178907	 0.656606	 0.213780	-3.735331	 0.499337	-3.265590	 0.068357	 1.195029	-0.196177	 0.499728	 0.476367
 0.498252	-0.178907	 0.153980	 0.225571	-3.720390	 0.499337	-2.877505	 0.553586	 1.190249	-1.196177	 0.499728	 0.488038
 0.498724	-0.178907	-0.097334	 0.231466	-3.705508	 0.499337	-2.678484	 0.794123	 1.185488	-1.691785	 0.499728	 0.493874
 0.498959	-0.178907	 0.277010	 0.234414	-3.690686	 0.499337	-2.574014	 0.412322	 1.180746	-0.935214	 0.499728	 0.496792
 0.499077	-0.178907	 0.462879	 0.235888	-3.675923	 0.499337	-2.516840	 0.221422	 1.176023	-0.556929	 0.499728	 0.498251
 0.499136	-0.178907	 0.554516	 0.236625	-3.661219	 0.499337	-3.483334	 0.125971	 1.171319	-0.367786	 0.499728	 0.498981
 0.499165	-0.178907	 0.599042	 0.236993	-3.646575	 0.499337	-3.957681	 0.078246	 1.166634	-0.273215	 0.499728	 0.499345
 0.499180	-0.178907	 0.620018	 0.237177	-3.631988	 0.499337	-4.185991	 0.054384	 1.161967	-0.225929	 0.499728	 0.499528
 0.499188	-0.178907	 0.629224	 0.237269	-3.617460	 0.499337	-3.291317	 0.542452	 1.157320	-0.202286	 0.499728	 0.499619
 0.499191	-0.178907	 0.632550	 0.237315	-3.602990	 0.499337	-2.839187	 0.784426	 1.152690	-0.190465	 0.499728	 0.499664
 0.499193	-0.678907	 0.632941	 0.237338	-3.588578	 0.499337	-2.608347	 0.403360	 1.148079	-0.184554	 0.499728	-0.000313
 0.499194	-0.926549	 0.631870	 0.237350	-3.574224	 0.499337	-2.488173	 0.212827	 1.143487	-0.181599	 0.499728	-0.249301
 0.499194	-0.548022	 0.630073	 0.237356	-3.559927	 0.499337	-2.423349	 0.617560	 1.138913	-0.180121	 0.499728	 0.126205
 0.499195	-0.358758	 0.627918	 0.237359	-3.545688	 0.499337	-2.386221	 0.817882	 1.134358	-0.179382	 0.499728	 0.312955
 0.499195	-0.764126	 0.625589	 0.237360	-3.531505	 0.499337	-2.362958	 0.916007	 1.129820	-0.179013	 0.499728	-0.093670
 0.499195	-0.964471	 0.623178	 0.237361	-3.517379	 0.499337	-2.346648	 0.963041	 1.125301	-0.178828	 0.499728	-0.295982
 0.499195	-1.062314	 0.620731	 0.237361	-3.503309	 0.499337	-2.333832	 0.984538	 1.120800	-0.178736	 0.499728	-0.397139
-0.000805	-0.608915	 0.618271	 0.237361	-3.489296	 0.499337	-2.322782	 0.993274	 1.116316	-0.178689	 0.499728	 0.052283
-0.249803	-0.382216	 0.615809	 0.237361	-3.475339	 0.499337	-2.312633	 0.995638	 1.111851	-0.178666	 0.499728	 0.275991
 0.125697	-0.268866	 0.613352	 0.237361	-3.461437	 0.499337	-2.302954	 0.994824	 1.107404	-0.178655	 0.499728	 0.387845
 0.312445	-0.212191	 0.610901	 0.237361	-3.447592	 0.499337	-2.293528	 0.992429	 1.102974	-0.178649	 0.499728	 0.443772
 0.405819	-0.683854	 0.608459	 0.237361	-3.433801	 0.499337	-2.284246	 0.989252	 1.098562	-0.678646	 0.499728	 0.471735
 0.452506	-0.917374	 0.606026	 0.237361	-3.420066	 0.499337	-2.275056	 0.985691	 1.094168	-0.926287	 0.499728	 0.485717
 0.475850	-0.531832	 0.603602	 0.237361	-3.406386	 0.499337	-2.265929	 0.981946	 1.089791	-0.547760	 0.499728	-0.007292
 0.487522	-0.339062	 0.601188	 0.237361	-3.392760	 0.499337	-2.256852	 0.978117	 1.085432	-0.358497	 0.499728	-0.252796
 0.493358	-0.242676	 0.598783	 0.237361	-3.379189	 0.499337	-2.247818	 0.974255	 1.081090	-0.263865	 0.499728	-0.375548
 0.496275	-0.194483	 0.596388	 0.237361	-3.365673	 0.499337	-2.238823	 0.470382	 1.076766	-0.216549	 0.499728	 0.063076
 0.497734	-0.170387	 0.594003	 0.237361	-3.352210	 0.499337	-2.229866	 0.218446	 1.072459	-0.192891	 0.499728	 0.281384
 0.498464	-0.158339	 0.591627	 0.237361	-3.338801	 0.499337	-2.220946	 0.592478	 1.068169	-0.681062	 0.499728	 0.390539
 0.498829	-0.152315	 0.589260	 0.237361	-3.325446	 0.499337	-2.212061	 0.777561	 1.063897	-0.922809	 0.499728	 0.445116
 0.499011	-0.149303	 0.586903	 0.237361	-3.312144	 0.499337	-2.203213	 0.868177	 1.059641	-0.541353	 0.499728	-0.027595
 0.499102	-0.147797	 0.584555	 0.237361	-3.298895	 0.499337	-2.194400	 0.911568	 1.055402	-0.350626	 0.499728	-0.262951
-0.000852	-0.147044	 0.582217	 0.237361	-3.285700	 0.499337	-2.185622	 0.931353	 1.051181	-0.755262	 0.499728	-0.380628
-0.249828	-0.146667	 0.579888	 0.237361	-3.272557	 0.499337	-2.176880	 0.939343	 1.046976	-0.955260	 0.499728	-0.439467
-0.374316	-0.146479	 0.577569	 0.237361	-3.259467	 0.499337	-2.168172	 0.941444	 1.042788	-1.052949	 0.499728	-0.468886
 0.063441	-0.146385	 0.575258	 0.237361	-3.246429	 0.499337	-2.159500	 0.440607	 1.038617	-0.599492	 0.499728	 0.016404
 0.281316	-0.146338	 0.572957	 0.237361	-3.233443	 0.499337	-2.150862	 0.190189	 1.034463	-0.372763	 0.499728	 0.258046
 0.390254	-0.146314	 0.570666	 0.237361	-3.220509	 0.499337	-2.142258	 0.564980	 1.030325	-0.259399	 0.499728	-0.121133
 0.444723	-0.146303	 0.568383	 0.237361	-3.207627	 0.499337	-2.133689	 0.750495	 1.026203	-0.202717	 0.499728	-0.309722
 0.471957	-0.146297	 0.566109	 0.237361	-3.194797	 0.499337	-2.125154	 0.841381	 1.022099	-0.174376	 0.499728	 0.095983
 0.485575	-0.146294	 0.563845	 0.237361	-3.182018	 0.499337	-2.116654	 0.884960	 1.018010	-0.160205	 0.499728	 0.297833
 0.492383	-0.146292	 0.561590	 0.237361	-3.169290	-0.500663	-2.108187	 0.904892	 1.013938	-0.153120	 0.499728	 0.398757
 0.495788	-0.146292	 0.559343	 0.237361	-3.156613	-0.997661	-2.099754	 0.913008	 1.009882	-0.149577	 0.499728	 0.449220
 0.497490	-0.146291	 0.557106	 0.237361	-3.143986	-1.243171	-2.091355	 0.915224	 1.005843	-0.147806	 0.499728	 0.474451
-0.001659	-0.646291	 0.554877	 0.237361	-3.131410	-0.362949	-2.582990	 0.914497	 1.001819	-0.146920	 0.499728	-0.012934
-0.250232	-0.893998	 0.552658	 0.237361	-3.118884	 0.076128	-2.822658	 0.912306	 0.997812	-0.146477	 0.499728	-0.255625
 0.125481	-0.515569	 0.550447	 0.237361	-3.106409	 0.294636	-2.436367	 0.909391	 0.993821	-0.146256	 0.499728	 0.123029
 0.312336	-0.326354	 0.548245	 0.237361	-3.093983	 0.402863	-2.239122	 0.906120	 0.989846	-0.146145	 0.499728	 0.311353
 0.405763	-0.731746	 0.546053	 0.237361	-3.081607	 0.455955	-2.136415	 0.902679	 0.985886	-0.146090	 0.499728	 0.405515
 0.452477	-0.932168	 0.543868	 0.237361	-3.069281	 0.481483	-2.080995	 0.899160	 0.981943	-0.146062	 0.499728	 0.452596
-0.024167	-0.530114	 0.541693	 0.237361	-3.057004	 0.493232	-2.049233	 0.895609	 0.978015	-0.146048	 0.499728	 0.476136
-0.261487	-0.329087	 0.539526	 0.237361	-3.044776	 0.498097	-2.029318	 0.892049	 0.974103	-0.146041	 0.499728	 0.487906
-0.380146	-0.228573	 0.537368	 0.237361	-3.032597	 0.499524	-2.015341	 0.888493	 0.970206	-0.146038	 0.499728	 0.493791
 0.060524	-0.178317	 0.535218	 0.237361	-3.020466	 0.499235	-2.004350	 0.884944	 1.466326	-0.646036	 0.499728	 0.496734
 0.279856	-0.153188	 0.533078	 0.237361	-3.008384	 0.499091	-1.994868	 0.881407	 1.710460	-0.893743	 0.499728	 0.498205
-0.110478	-0.140624	 0.530945	 0.237361	-2.996351	 0.499019	-1.986156	 0.877883	 1.328619	-0.515314	 0.499728	 0.498941
-0.304643	-0.134342	 0.528822	 0.237361	-2.984366	 0.498983	-1.977845	 0.874372	 1.135804	-0.326099	 0.499728	 0.499309
 0.098275	-0.631201	 0.526706	 0.237361	-2.972428	 0.498965	-1.969750	 0.870875	 0.537511	-0.231492	 0.499728	 0.499493
 0.298731	-0.877374	 0.524599	 0.237361	-2.960538	 0.498956	-1.961780	 0.867392	 0.238364	-0.184188	 0.499728	 0.499585
 0.398959	-0.498214	 0.522501	 0.237361	-2.948696	 0.498951	-1.953887	 0.863923	 0.588791	-0.660536	 0.499728	-0.000369
 0.449073	-0.308634	 0.520411	 0.237361	-2.936901	 0.498949	-1.946049	 0.860467	 0.762126	-0.896437	 0.499728	-0.249346
 0.474130	-0.213844	 0.518329	 0.237361	-2.925154	 0.498948	-1.938253	 0.857025	 1.346922	-0.512122	 0.499728	 0.126166
 0.486659	-0.166448	 0.516256	 0.237361	-2.913453	 0.498947	-1.930494	 0.853597	 1.635457	-0.319965	 0.499728	 0.312919
 0.492923	-0.142751	 0.514191	 0.237361	-2.901799	 0.498947	-1.922769	 0.850183	 1.775877	-0.223886	 0.499728	 0.406295
 0.496055	-0.130902	 0.512134	 0.237361	-2.890192	 0.498947	-1.915077	 0.846782	 1.342254	-0.175847	 0.499728	-0.047017
 0.497621	-0.124978	 0.510086	 0.237361	-2.878631	 0.498947	-1.907416	 0.843395	 1.123625	-0.151827	 0.499728	-0.272672
-0.001596	-0.122016	 0.508045	 0.237361	-3.367117	 0.498947	-1.899786	 0.840021	 1.012501	-0.139818	 0.499728	 0.114500
-0.250203	-0.120535	 0.506013	 0.237361	-3.603648	 0.498947	-1.892187	 0.836661	 0.955136	-0.133813	 0.499728	 0.307083
-0.374506	-0.119794	 0.503989	 0.237361	-3.214234	 0.498947	-1.884618	 0.833314	 0.924658	-0.130810	 0.499728	 0.403374
-0.436658	-0.119424	 0.501973	 0.237361	-3.013877	 0.498947	-1.877079	 0.829981	 0.907630	-0.129309	 0.499728	 0.451520
 0.032266	-0.119239	 0.500965	-0.262639	-2.908071	 0.498947	-1.869571	 0.826661	 0.897336	-1.128558	 0.499728	 0.475593
 0.265726	-0.119146	 0.500461	-0.511113	-2.849564	 0.498947	-1.862093	 0.823355	 0.890414	-1.623927	 0.499728	 0.487629
 0.382456	-0.119100	 0.500209	-0.633831	-2.814728	 0.498947	-1.854644	 0.820061	 0.885186	-1.867373	 0.499728	 0.493648
-0.059179	-0.119077	 0.500083	-0.193677	-2.791751	 0.498947	-1.847226	 0.816781	 0.880812	-0.984875	 0.499728	 0.496657
-0.278995	-0.119065	 0.500020	 0.026400	-2.774724	 0.498947	-1.839837	 0.813514	 0.876873	-0.543625	 0.499728	 0.498161
-0.388903	-0.119059	 0.499989	 0.136438	-2.760696	 0.498947	-1.832477	 0.810260	 0.873157	-0.823001	 0.499728	 0.498913
-0.443857	-0.119056	 0.499973	 0.191457	-2.748188	 0.498947	-1.825147	 0.807019	 0.869560	-0.960484	 0.499728	 0.499290
-0.471334	-0.119055	 0.499965	 0.218967	-2.736463	 0.498947	-1.817847	 0.803791	 0.866030	-0.527029	 0.499728	-0.000522
-0.485073	-0.119054	 0.499961	 0.232722	-2.725151	 0.498947	-1.810575	 0.800575	 0.862540	-0.310302	 0.499728	-0.249428
 0.008058	-0.119054	 0.499959	 0.239599	-2.714067	 0.498947	-1.803333	 0.797373	 0.859077	-0.201938	 0.499728	 0.126120
 0.253621	-0.119054	 0.499958	 0.243038	-2.703119	 0.498947	-1.796120	 0.794184	 0.855634	-0.147756	 0.499728	 0.312890
 0.376403	-0.119054	 0.499958	 0.244757	-2.692261	 0.498947	-1.788935	 0.791007	 0.852208	-0.120666	 0.499728	 0.406275
-0.062207	-0.119053	 0.499957	 0.245617	-2.681469	 0.498947	-1.781780	 0.787843	 0.848797	-0.107120	 0.499728	 0.452968
-0.280510	-0.119053	 0.499957	 0.246047	-2.670732	 0.498947	-1.774652	 0.784692	 0.845401	-0.100347	 0.499728	 0.476314
 0.110339	-0.119053	 0.499957	 0.246262	-2.660043	 0.498947	-1.767554	 0.781553	 0.842019	-0.096961	 0.499728	-0.012013
 0.304761	-0.119053	 0.499957	 0.246369	-2.649400	 0.498947	-1.760484	 0.778427	 0.838651	-0.095268	 0.499728	-0.255175
-0.098028	-0.119053	 0.499957	 0.246423	-2.638801	 0.498947	-1.753442	 0.775313	 0.835296	-0.094421	 0.499728	-0.376757
-0.298421	-0.119053	 0.499957	 0.246450	-2.628245	 0.498947	-1.746428	 0.772212	 0.831955	-0.093998	 0.499728	-0.437548
 0.101382	-0.119053	 0.499957	 0.246463	-2.617732	 0.498947	-1.739442	 0.769123	 0.828627	-0.093786	 0.499728	 0.032057
 0.300282	-0.119053	 0.499957	 0.246470	-2.607261	 0.498947	-1.732484	 0.766046	 0.825313	-0.093680	 0.499728	 0.265856
 0.399732	-0.119053	 0.499957	 0.246473	-2.596832	 0.498947	-1.725555	 0.762982	 0.822012	-0.093628	 0.499728	 0.382756
-0.050544	-0.119053	 0.499957	 0.246475	-2.586444	 0.498947	-1.718652	 0.759930	 0.818724	-0.093601	 0.499728	 0.441205
-0.274680	-0.119053	 0.499957	 0.246476	-2.576098	 0.498947	-1.711778	 0.756890	 0.815449	-0.093588	 0.499728	 0.470430
 0.113252	-0.119053	 0.499957	 0.746476	-2.565794	 0.498947	-1.704931	 0.753863	 0.812187	-0.593581	 0.499728	 0.485043
 0.306216	-0.119053	 0.499957	 0.993983	-2.555531	 0.498947	-1.698111	 0.750847	 0.808938	-0.841391	 0.499728	 0.492349
 0.402698	-0.119053	 0.499957	 0.115254	-2.545309	 0.498947	-1.691318	 0.747844	 1.305702	-0.463117	 0.499728	 0.496002
 0.450939	-0.119053	 0.499957	-0.322584	-2.535127	 0.498947	-1.684553	 0.744853	 1.550480	-0.273980	 0.499728	 0.497829
-0.024941	-0.619053	 0.499957	-0.039982	-2.524987	 0.498947	-1.677815	 0.741873	 1.169278	-0.179412	 0.499728	 0.498742
-0.261879	-0.866815	 0.499957	 0.101319	-2.514887	 0.498947	-1.671104	 0.738906	 0.977101	-0.132128	 0.499728	 0.499199
-0.380348	-0.988467	 0.499957	 0.171970	-2.504827	 0.498947	-1.664419	 0.735950	 0.879442	-0.108486	 0.499728	 0.499427
 0.060418	-0.547073	 0.499957	 0.207295	-2.494808	 0.498947	-1.657762	 0.733006	 0.829049	-0.096665	 0.499728	 0.499541
 0.279798	-0.326376	 0.499957	 0.224958	-2.484829	 0.498947	-1.651131	 0.730074	 0.802296	-0.090754	 0.499728	 0.499598
 0.389488	-0.716027	 0.499957	 0.233789	-2.474890	 0.498947	-1.644526	 0.727154	 1.287368	-0.087799	 0.499728	 0.499627
 0.444333	-0.908641	 0.499957	 0.238205	-2.464990	 0.498947	-1.637948	 0.724245	 1.526359	-0.086321	 0.499728	 0.499641
 0.471756	-0.502746	 0.499957	 0.740412	-2.955130	 0.498947	-1.631396	 0.721348	 1.642324	-0.085582	 0.499728	 0.499648
 0.485467	-0.299798	 0.499957	 0.989031	-3.193310	 0.498947	-1.624871	 0.718463	 1.696790	-0.085213	 0.499728	 0.499652
 0.492323	-0.198325	 0.499957	 0.610865	-2.805536	 0.498947	-1.618371	 0.715589	 1.220520	-0.585028	 0.499728	 0.499653
 0.495751	-0.147588	 0.499957	 0.421782	-2.606814	 0.498947	-1.611898	 0.712727	 0.980897	-0.832766	 0.499728	 0.499654
 0.497464	-0.122219	 0.499957	 0.327241	-2.502637	 0.498947	-1.605450	 0.709876	 0.859603	-0.954474	 0.499728	 0.499655
 0.498321	-0.109535	 0.499957	 0.779970	-2.445751	 0.498947	-1.599028	 0.707036	 0.797479	-1.013176	 0.499728	 0.499655
 0.498750	-0.103193	 0.499957	 1.003869	-2.412531	 0.498947	-1.592632	 0.704208	 0.764946	-1.040383	 0.499728	 0.499655
 0.498964	-0.100022	 0.499957	 0.613363	-1.891162	 0.498947	-1.586262	 0.701391	 0.747215	-1.051851	 0.499728	 0.499655
 0.499071	-0.098436	 0.499957	 0.418110	-1.627738	 0.498947	-1.579916	 0.698586	 0.736891	-1.055459	 0.499728	 0.499655
 0.499125	-0.097643	 0.499957	 0.320484	-1.993297	 0.498947	-1.573597	 0.695791	 0.730275	-0.555144	 0.499728	 0.499655
 0.499152	-0.097247	 0.499957	 0.271671	-2.171359	 0.498947	-1.567302	 0.693008	 0.725520	-0.304987	 0.499728	 0.499655
 0.499165	-0.097049	 0.499957	 0.747264	-1.755691	 0.498947	-1.561033	 0.690236	 0.721701	-0.179909	 0.499728	 0.499655
 0.499172	-0.096950	 0.499957	 0.982615	-1.545177	 0.498947	-1.554789	 0.687475	 0.718356	-0.117369	 0.499728	 0.499655
 0.499175	-0.096900	 0.499957	 1.097854	-1.437251	 0.498947	-1.548570	 0.684725	 0.715253	-0.086100	 0.499728	 0.499655
-0.000823	-0.096875	 0.499957	 0.653048	-1.380629	 0.498947	-1.542376	 1.181987	 0.712278	-0.070465	 0.499728	 0.499655
-0.249821	-0.096863	 0.499957	 0.430645	-1.349670	 0.498947	-1.536206	 1.427259	 0.709371	-0.062647	 0.499728	 0.499655
 0.125680	-0.096857	 0.499957	 0.819443	-1.831554	 0.498947	-1.530061	 1.046550	 0.706505	-0.058739	 0.499728	-0.000345
 0.312429	-0.096854	 0.499957	 1.011426	-2.067868	 0.498947	-1.523941	 0.854863	 0.703665	-0.056784	 0.499728	-0.249344
 0.405803	-0.096852	 0.499957	 0.605011	-2.181417	 0.498947	-1.517845	 0.757694	 1.200843	-0.055807	 0.499728	 0.126156
 0.452490	-0.096851	 0.499957	 0.401803	-2.233602	 0.498947	-1.511774	 0.707788	 1.446036	-0.055319	 0.499728	 0.312903
 0.475833	-0.096851	 0.499957	 0.300199	-1.755122	-0.001053	-1.505727	 0.681519	 1.065250	-0.055074	 0.499728	 0.406276
 0.487505	-0.096851	 0.499957	 0.249397	-1.513330	-0.250051	-1.499704	 0.667075	 0.873488	-0.054952	 0.499728	 0.452963
 0.493341	-0.096851	 0.499957	 0.223996	-1.389890	-0.374550	-1.493705	 0.658547	 0.776244	-0.054891	 0.499728	 0.476307
-0.003741	-0.096851	 0.499957	 0.211296	-2.325637	 0.063200	-1.487730	 0.652983	 1.226263	-0.554861	 0.499728	 0.487978
-0.251280	-0.096851	 0.499957	 0.204945	-2.786988	 0.281074	-1.481779	 0.648906	 1.447921	-0.802736	 0.499728	 0.493814
 0.124950	-0.096851	 0.499957	 0.701770	-2.011167	 0.390010	-1.475852	 0.145578	 1.055410	-0.424572	 0.499728	 0.496732
 0.312063	-0.096851	 0.499957	 0.947785	-1.620786	 0.444479	-1.469949	-0.106086	 0.857829	-0.235490	 0.499728	 0.498191
-0.094381	-0.096851	 0.499957	 1.068405	-1.423134	 0.471713	-1.464069	 0.268082	 0.757718	-0.640949	 0.499728	 0.498920
-0.296601	-0.096851	 0.499957	 1.126337	-1.321858	 0.485330	-1.458213	 0.453882	 0.706348	-0.841586	 0.499728	 0.499285
 0.102289	-0.096851	 0.499957	 0.652935	-1.268778	 0.492139	-1.452380	 0.545502	 0.679352	-0.939820	 0.499728	-0.000532
 0.300731	-0.096851	 0.499957	 0.416234	-1.239807	 0.495543	-1.446570	 0.590038	 0.664550	-0.986861	 0.499728	-0.249441
 0.399953	-0.096851	 0.499957	 0.797883	-1.722900	 0.497245	-1.440784	 0.611037	 0.655849	-0.508313	 0.499728	 0.126105
 0.449563	-0.096851	 0.499957	 0.986349	-1.960034	 0.498096	-1.435021	 0.620272	 0.650205	-0.269040	 0.499728	 0.312875
 0.474369	-0.096851	 0.499957	 1.078232	-2.074207	 0.498522	-1.429281	 0.623631	 0.646093	-0.149403	 0.499728	 0.406260
 0.486771	-0.096851	 0.499957	 0.621833	-1.626917	 0.498734	-1.423564	 0.624056	 0.642753	-0.589584	 0.499728	-0.047048
 0.492973	-0.096851	 0.499957	 0.393634	-1.400912	 0.498841	-1.417870	 0.623020	 0.639805	-0.807616	 0.499728	-0.272701
 0.496073	-0.096851	 0.499957	 0.279534	-1.785560	 0.498894	-1.412198	 0.621258	 0.637057	-0.414580	 0.499728	 0.114473
 0.497624	-0.096851	 0.499957	 0.222484	-1.973544	 0.498921	-1.406549	 0.619138	 0.634414	-0.218062	 0.499728	 0.307056
-0.001601	-0.096851	 0.499957	 0.693959	-2.063212	 0.498934	-1.400923	 0.616844	 0.631829	-0.619803	 0.499728	 0.403348
-0.250212	-0.096851	 0.499957	 0.927366	-2.103741	 0.498940	-1.395319	 0.614468	 0.629278	-0.818631	 0.499728	 0.451494
-0.374517	-0.096851	 0.499957	 0.541748	-2.119717	-0.001056	-1.389738	 0.612055	 1.126749	-0.416009	 0.499728	 0.475567
-0.436670	-0.096851	 0.499957	 0.348939	-2.123433	-0.250052	-1.384179	 0.609630	 1.372236	-0.214699	 0.499728	 0.487603
-0.467746	-0.096851	 0.499957	 0.252534	-2.121037	-0.374551	-1.378642	 0.607203	 1.491745	-0.114044	 0.499728	 0.493621
 0.016716	-0.096851	 0.499957	 0.204332	-1.615602	 0.063200	-1.373128	 0.604780	 1.548276	-0.063716	 0.499728	 0.496630
 0.257944	-0.096851	 0.499957	 0.180231	-1.360664	 0.281074	-1.367635	 0.602363	 1.573332	-0.038552	 0.499728	 0.498135
 0.378558	-0.096851	 0.499957	 0.168180	-1.230983	 0.390011	-1.362165	 0.599955	 1.082664	-0.025970	 0.499728	-0.001113
 0.438865	-0.096851	 0.499957	 0.162155	-1.163941	 0.444479	-1.356716	 0.597556	 0.836145	-0.019679	 0.499728	-0.249736
 0.469019	-0.096851	 0.499957	 0.159142	-1.128225	 0.471713	-1.351289	 0.595166	 0.711707	-0.016534	 0.499728	 0.125953
 0.484096	-0.096851	 0.499957	 0.157636	-1.108183	 0.485330	-1.345884	 0.592786	 0.648313	-0.014961	 0.499728	 0.312793
 0.491634	-0.096851	 0.499957	 0.656883	-1.095985	 0.492139	-1.340501	 0.590415	 0.615446	-0.014175	 0.499728	 0.406214
 0.495403	-0.096851	 0.499957	 0.904194	-1.087719	 0.495543	-1.335139	 0.588053	 0.597848	-0.013781	 0.499728	 0.452924
 0.497288	-0.096851	 0.499957	 1.025547	-1.081427	 0.497245	-1.329798	 0.585701	 0.587888	-0.013585	 0.499728	 0.476279
 0.498230	-0.096851	 0.499957	 0.583929	-1.576130	-0.001904	-1.324479	 0.583358	 1.081752	-0.013487	 0.499728	 0.487957
 0.498701	-0.096851	 0.499957	 0.363120	-1.819341	-0.250476	-1.319181	 0.581025	 1.325533	-0.013437	 0.499728	 0.493796
 0.498937	-0.096851	 0.499957	 0.252716	-1.436821	 0.125238	-1.313904	 0.578701	 0.944285	-0.013413	 0.499728	 0.496715
 0.499055	-0.096851	 0.499957	 0.197514	-1.243452	 0.312093	-1.308649	 0.576386	 0.752535	-0.013401	 0.499728	 0.498175
-0.000886	-0.096851	 0.499957	 0.669913	-1.144668	 0.405520	-1.303414	 0.574080	 0.655538	-0.013394	 0.499728	 0.498905
-0.249855	-0.096851	 0.499957	 0.903827	-1.093184	 0.452234	-1.298200	 0.571784	 0.605923	-0.013391	 0.499728	 0.499269
-0.374340	-0.096851	 0.499957	 0.518509	-1.065358	 0.475591	-1.293008	 0.569497	 1.080003	-0.013390	 0.499728	-0.000548
-0.436582	-0.096851	 0.499957	 0.325850	-1.049370	 0.487270	-1.287835	 0.567219	 1.313934	-0.013389	 0.499728	-0.249456
-0.467703	-0.096851	 0.499957	 0.229521	-1.039310	 0.493109	-1.282684	 0.564950	 1.427804	-0.013389	 0.499728	-0.373910
-0.483263	-0.096851	 0.499957	 0.681356	-1.032221	 0.496028	-1.277553	 0.562690	 0.981656	-0.013388	 0.499728	 0.063863
-0.491044	-0.096851	 0.499957	 0.905007	-1.026626	 0.497488	-1.272443	 0.560440	 0.757511	-0.013388	 0.499728	 0.281746
-0.494934	-0.096851	 0.499957	 0.514576	-1.021787	 0.498218	-1.267353	 0.558198	 0.644372	-0.013388	 0.499728	 0.390688
-0.496879	-0.096851	 0.499957	 0.319360	-1.017333	 0.498583	-1.262284	 0.555965	 0.586739	-0.013388	 0.499728	 0.445159
 0.002148	-0.096851	 0.499957	 0.721752	-1.013081	 0.498765	-1.257235	 0.553741	 0.556865	-0.013388	 0.499728	 0.472394
 0.250660	-0.096851	 0.499957	 0.920700	-1.008937	 0.498857	-1.252206	 0.551526	 0.540874	-0.013388	 0.499728	 0.486012
 0.374916	-0.096851	 0.499957	 1.017934	-1.004855	 0.498902	-1.247197	 0.549320	 0.531829	-0.013388	 0.499728	 0.492820
 0.437043	-0.096851	 0.499957	 1.064321	-1.000813	 0.498925	-1.242208	 0.547123	 0.526260	-0.013388	 0.499728	 0.496225
 0.468107	-0.096851	 0.499957	 1.085293	-0.996798	 0.498937	-1.237239	 0.544934	 0.522435	-0.013388	 0.499728	 0.497927
 0.483639	-0.096851	 0.499957	 0.593567	-0.992805	-0.001058	-1.232291	 0.542755	 0.519485	-0.013388	 0.499728	 0.498778
 0.491405	-0.096851	 0.499957	 0.347703	-0.988831	-0.250053	-1.227361	 0.540584	 0.516977	-0.013388	 0.499728	 0.499204
 0.495288	-0.096851	 0.499957	 0.724772	-0.984874	 0.125450	-1.222452	 0.538421	 0.514694	-0.013388	 0.499728	 0.499417
 0.497230	-0.096851	 0.499957	 0.911102	-0.980934	 0.312199	-1.217562	 0.536268	 0.512528	-0.013388	 0.499728	 0.499523
 0.498200	-0.096851	 0.499957	 1.002073	-0.977010	 0.405574	-1.212692	 0.534122	 0.510424	-0.013388	 0.499728	-0.000424
 0.498686	-0.096851	 0.499957	 1.045372	-0.973102	 0.452261	-1.207841	 0.531986	 0.508355	-0.013388	 0.499728	-0.249397
 0.498929	-0.096851	 0.499957	 0.564844	-0.969209	 0.475605	-1.203010	 0.529858	 0.506308	-0.013388	 0.499728	 0.126117
 0.499050	-0.096851	 0.499957	 0.324580	-0.965332	 0.487277	-1.198198	 0.527739	 0.504276	-0.013388	 0.499728	 0.312871
 0.499111	-0.096851	 0.499957	 0.204448	-0.961471	 0.493112	-1.193405	 0.525628	 0.502256	-0.013388	 0.499728	 0.406248
 0.499141	-0.096851	 0.499957	 0.644382	-0.957625	-0.003970	-1.188631	 0.523525	 0.500245	-0.013388	 0.499728	 0.452936
 0.499156	-0.096851	 0.499957	 0.862181	-0.953795	-0.251509	-1.183877	 0.521431	 0.499240	-0.013388	 0.499728	 0.476280
 0.499164	-0.096851	 0.499957	 0.968920	-0.949980	 0.124722	-1.179141	 0.519345	 0.498737	-0.013388	 0.499728	 0.487952
 0.499167	-0.096851	 0.499957	 1.020138	-0.946180	 0.311835	-1.174425	 0.517268	 0.498486	-0.013388	 0.499728	 0.493788
-0.000831	-0.096851	 0.499957	 1.043605	-0.942395	 0.405392	-1.169727	 0.515199	 0.498360	-0.013388	 0.499728	 0.496706
-0.249828	-0.096851	 0.499957	 1.053204	-0.938625	 0.452170	-1.165048	 0.513138	 0.498297	-0.013388	 0.499728	 0.498165
-0.374327	-0.096851	 0.499957	 0.055878	-0.934871	 0.475560	-1.160388	 0.511085	 0.998266	-0.013388	 0.499728	 0.498895
-0.436576	-0.096851	 0.499957	-0.440903	-0.931131	 0.487254	-1.155746	 0.509041	 1.245254	-0.013388	 0.499728	 0.499260
-0.467701	-0.096851	 0.499957	-0.687417	-0.927407	 0.493101	-1.151123	 0.507005	 1.365763	-0.013388	 0.499728	 0.499442
 0.016737	-0.096851	 0.499957	 0.191193	-0.923697	 0.496025	-1.146519	 0.504977	 0.923045	-0.013388	 0.499728	 0.499533
 0.257953	-0.096851	 0.499957	 0.628359	-0.920002	 0.497487	-1.141933	 0.502957	 0.701686	-0.013388	 0.499728	 0.499579
-0.121438	-0.096851	 0.499957	 0.844811	-0.916322	 0.498218	-1.137365	 0.500945	 0.591007	-0.013388	 0.499728	 0.499601
-0.310133	-0.096851	 0.499957	 0.950914	-0.912657	 0.498583	-1.132816	 0.499939	 0.535667	-0.013388	 0.499728	 0.499613
 0.095520	-0.096851	 0.499957	 0.501852	-0.909006	 0.498766	-1.128284	 0.499436	 0.507997	-0.013388	 0.499728	 0.499619
 0.297344	-0.096851	 0.499957	 0.277320	-0.905370	 0.498857	-1.123771	 0.499185	 0.494162	-0.013388	 0.499728	 0.499621
 0.398256	-0.096851	 0.499957	 0.665055	-0.901749	 0.498903	-1.119276	 0.499059	-0.012755	-0.013388	 0.499728	 0.499623
 0.448712	-0.096851	 0.499957	 0.856817	-0.898142	 0.498926	-1.114799	 0.498996	-0.265174	-0.013388	 0.499728	 0.499624
-0.026060	-0.096851	 0.499957	 0.950600	-1.394549	 0.498937	-1.110340	 0.498965	 0.609651	-0.013388	 0.499728	 0.499624
-0.262444	-0.096851	 0.499957	 0.995403	-1.638971	 0.498943	-1.105898	 0.498949	 1.044095	-0.013388	 0.499728	 0.499624
-0.380636	-0.096851	 0.499957	 1.015724	-1.757415	 0.498946	-1.101475	 0.498941	 1.258360	-0.013388	 0.499728	 0.499624
 0.060268	-0.096851	 0.499957	 1.023813	-1.312886	 0.498947	-1.097069	 0.498937	 0.862547	-0.013388	 0.499728	 0.499624
 0.279718	-0.096851	 0.499957	 1.025793	-1.088884	 0.498948	-1.092681	 0.498935	 0.664640	-0.013388	 0.499728	 0.499624
 0.389442	-0.096851	 0.499957	 1.024728	-0.975154	 0.498948	-1.088310	 0.498934	 0.565687	-0.513388	 0.499728	 0.499624
 0.444305	-0.096851	 0.499957	 1.022148	-0.916565	 0.498949	-1.083957	 0.498934	 0.516211	-0.761361	 0.499728	 0.499624
 0.471736	-0.096851	 0.499957	 1.018819	-0.885555	 0.498949	-1.079621	 0.498934	-0.008528	-0.383329	 0.499728	 0.499624
 0.485452	-0.096851	 0.499957	 1.015123	-0.868341	 0.498949	-1.075302	 0.498934	-0.269830	-0.194313	 0.499728	 0.499624
-0.007691	-0.096851	 0.499957	 0.511253	-0.858032	 0.498949	-1.071001	 0.498933	 0.600581	-0.099805	 0.499728	 0.499624
-0.253260	-0.096851	 0.499957	 0.259317	-0.851182	 0.498949	-1.066717	 0.498933	 1.032844	-0.052551	 0.499728	 0.499624
-0.376045	-0.096851	 0.499957	 0.133350	-0.846068	 0.498949	-1.062450	 0.498933	 1.246046	-0.028924	 0.499728	 0.499624
-0.437437	-0.096851	 0.499957	 0.570366	-0.841829	 0.498949	-1.058201	 0.498933	 0.849728	-0.017111	 0.499728	-0.000376
-0.468133	-0.096851	 0.499957	 0.786859	-0.838035	 0.498949	-1.053968	 0.498933	 0.651569	-0.011204	 0.499728	-0.249375
 0.016519	-0.096851	 0.499957	 0.893099	-0.834469	 0.498949	-1.049752	 0.498933	 0.552490	-0.008251	 0.499728	 0.126125
 0.257842	-0.096851	 0.499957	 0.944220	-0.831024	 0.498949	-1.045553	 0.498933	 0.502950	-0.006774	 0.499728	 0.312872
-0.121496	-0.096851	 0.499957	 0.967790	-0.827647	 0.498949	-1.041371	 0.498933	 0.478180	-0.006036	 0.499728	 0.406246
-0.310163	-0.096851	 0.499957	 0.977593	-0.824310	 0.498949	-1.037205	 0.498933	 0.465795	-0.005667	 0.499728	 0.452933
 0.095503	-0.096851	 0.499957	 0.980519	-0.820999	 0.498949	-1.033056	 0.498933	 0.459603	-0.005482	 0.499728	 0.476276
 0.297334	-0.096851	 0.499957	 0.980015	-0.817708	 0.498949	-1.028924	 0.498933	 0.456506	-0.005390	 0.499728	 0.487948
 0.398249	-0.096851	 0.499957	 0.977804	-0.814434	 0.498949	-1.024808	 0.498933	 0.454958	-0.005344	 0.499728	 0.493783
 0.448707	-0.096851	 0.499957	 0.974748	-0.811175	 0.498949	-1.020709	 0.998933	 0.454184	-0.005320	 0.499728	 0.496701
 0.473936	-0.096851	 0.499957	 0.971276	-0.807929	 0.498949	-1.016626	 1.245936	 0.453797	-0.005309	 0.499728	 0.498160
 0.486550	-0.096851	 0.499957	-0.032395	-0.804697	 0.498949	-1.012560	 0.866451	 0.453604	-0.005303	 0.499728	-0.001110
 0.492857	-0.096851	 0.499957	-0.532159	-0.801478	 0.498949	-1.008510	 0.676708	 0.453507	-0.005300	 0.499728	-0.249745
-0.003989	-0.096851	 0.499957	 0.220023	-0.798272	 0.498949	-1.004476	 0.581837	 0.453459	-0.005299	 0.499728	 0.125938
-0.251411	-0.096851	 0.499957	 0.594170	-0.795079	 0.498949	-1.000458	 0.534402	 0.453434	-0.005298	 0.499728	 0.312776
 0.124879	-0.096851	 0.499957	 0.779306	-0.791899	 0.498949	-0.996456	 0.510684	 0.953422	-0.005298	 0.499728	 0.406195
 0.312021	-0.096851	 0.499957	 0.869946	-0.788731	 0.498949	-0.992470	 0.498825	 1.200509	-0.005298	 0.499728	 0.452905
 0.405592	-0.096851	 0.499957	 0.913344	-0.785576	 0.498949	-0.988500	 0.492895	 1.321158	-0.005297	 0.499728	 0.476260
-0.047622	-0.096851	 0.499957	 0.933130	-0.782434	 0.498949	-0.984546	 0.489931	 0.878598	-0.005297	 0.499728	 0.487937
-0.273228	-0.096851	 0.499957	 0.941117	-0.779304	 0.498949	-0.980608	 0.488448	 0.657319	-0.005297	 0.499728	 0.493776
 0.113969	-0.096851	 0.499957	 0.943213	-0.776187	 0.498949	-1.476685	 0.487707	 0.546679	-0.005297	 0.499728	 0.496695
 0.306566	-0.096851	 0.499957	 0.942370	-0.773082	 0.498949	-1.720779	 0.487337	 0.491359	-0.005297	 0.499728	 0.498155
-0.097136	-0.596851	 0.499957	 0.940065	-1.269990	-0.001051	-1.338896	 0.487151	 0.463699	-0.005297	 0.499728	 0.498884
-0.297986	-0.844657	 0.499957	 0.937037	-1.514910	-0.250049	-1.146040	 0.487059	 0.449869	-0.005297	 0.499728	 0.499249
-0.398410	-0.466375	 0.499957	 0.433655	-1.133850	 0.125452	-1.047706	 0.487012	 0.942954	-0.005297	 0.499728	 0.499432
-0.448623	-0.277234	 0.499957	 0.181964	-0.941815	 0.312201	-0.996640	 0.486989	 1.186624	-0.005297	 0.499728	 0.499523
-0.473729	-0.182664	 0.499957	 0.056119	-0.844298	 0.405575	-0.969216	 0.486978	 1.305599	-0.005297	 0.499728	 0.499569
-0.486282	-0.135379	 0.499957	-0.006804	-0.794045	 0.452262	-0.953620	 0.486972	 0.862237	-0.005297	 0.499728	 0.499592
-0.492558	-0.111736	 0.499957	-0.038265	-0.767432	 0.475606	-0.943947	 0.486969	 0.640556	-0.005297	 0.499728	 0.499603
 0.004303	-0.099915	 0.499957	 0.446004	-0.752643	 0.487277	-0.937241	 0.486967	 1.029716	-0.005297	 0.499728	 0.499609
 0.251732	-0.094004	 0.499957	 0.686278	-0.743773	 0.493113	-0.932027	 0.486967	 1.221458	-0.005297	 0.499728	 0.499611
-0.124554	-0.091049	 0.499957	 0.804562	-0.737868	 0.496031	-0.927567	 0.486966	 0.814502	-0.005297	 0.499728	 0.499613
-0.311695	-0.089571	 0.499957	 0.861858	-0.733452	 0.497490	-0.923490	 0.486966	 0.611025	-0.005297	 0.499728	 0.499614
-0.405266	-0.088832	 0.499957	 0.888668	-0.729786	 0.498220	-0.919613	 0.486966	 0.509286	-0.005297	 0.499728	 0.499614
-0.452051	-0.088463	 0.499957	 0.900242	-0.726501	 0.498584	-0.915843	 0.486966	 0.458416	-0.005297	 0.499728	 0.499614
-0.475444	-0.088278	 0.499957	 0.904206	-0.723411	 0.498767	-0.912134	 0.486966	 0.432982	-0.005297	 0.499728	 0.499614
-0.487140	-0.088186	 0.499957	-0.095629	-0.720426	 0.498858	-0.908463	 0.486966	 0.420264	-0.005297	 0.499728	-0.000386
-0.492988	-0.088140	 0.499957	-0.593355	-0.717499	 0.498904	-0.904817	 0.486966	 0.413906	-0.005297	 0.499728	-0.249385
 0.004088	-0.088117	 0.499957	 0.159963	-1.214606	 0.498926	-0.901192	 0.986966	 0.410726	-0.005297	 0.499728	-0.373885
 0.251624	-0.088105	 0.499957	 0.534796	-1.459736	 0.498938	-0.897585	 1.233992	 0.409137	-0.005297	 0.499728	-0.436134
-0.124609	-0.088099	 0.499957	 0.720394	-1.078891	 0.498943	-0.893993	 0.854543	 0.408342	-0.005297	 0.499728	-0.467259
-0.311723	-0.088096	 0.499957	 0.811380	-0.887073	 0.498946	-0.890416	 0.664818	 0.407944	-0.005297	 0.499728	-0.482822
-0.405280	-0.088095	 0.499957	 0.855069	-0.789773	 0.498948	-0.886854	 1.069956	 0.407746	-0.005297	 0.499728	 0.009397
-0.452059	-0.088094	 0.499957	 0.875116	-0.739738	 0.498948	-0.883307	 1.269575	 0.407646	-0.005297	 0.499728	 0.254503
-0.475448	-0.088094	 0.499957	 0.883349	-0.713342	 0.498949	-0.879773	 1.366446	 0.407597	-0.005297	 0.499728	 0.377056
-0.487143	-0.088094	 0.499957	 0.885682	-0.698769	 0.498949	-0.876254	 1.411955	 0.407572	-0.005297	 0.499728	-0.061667
-0.492990	-0.088094	 0.499957	 0.885073	-0.690115	 0.498949	-0.872749	 1.431794	 0.407559	-0.005297	 0.499728	-0.280028
 0.004086	-0.088094	 0.499957	 0.882999	-0.684425	 0.498949	-0.869258	 1.438811	 0.907553	-0.005297	 0.499728	 0.110791
 0.251622	-0.088093	 0.499957	 0.880200	-0.680222	 0.498949	-0.865781	 1.439427	 1.154735	-0.005297	 0.499728	 0.305198
 0.375390	-0.088093	 0.499957	 0.877046	-0.676769	 0.498949	-0.862318	 0.936855	 0.775522	-0.005297	 0.499728	-0.097599
 0.437274	-0.088093	 0.499957	 0.873721	-0.673695	 0.498949	-0.858869	 0.685570	 0.585916	-0.005297	 0.499728	-0.297996
-0.031784	-0.088093	 0.499957	 0.870318	-0.670817	 0.498949	-0.855433	 0.559927	 0.491112	-0.505297	 0.499728	 0.101805
-0.265311	-0.088093	 0.499957	 0.866883	-0.668043	 0.498949	-0.852011	 0.497105	 0.443711	-0.753287	 0.499728	 0.300702
-0.382075	-0.088093	 0.499957	 0.863438	-0.665325	 0.498949	-0.848603	 0.465694	 0.420010	-0.875279	 0.499728	 0.400151
 0.059543	-0.088093	 0.499957	 0.859996	-0.662641	 0.498949	-0.845209	 0.449989	 0.408160	-0.934280	 0.499728	-0.050125
 0.279350	-0.088093	 0.499957	 0.856562	-0.659979	 0.498949	-0.841828	 0.442136	 0.402234	-0.961795	 0.499728	-0.274262
-0.110747	-0.088093	 0.499957	 0.853138	-0.657333	 0.498949	-0.838461	 0.438210	 0.399272	-0.473573	 0.499728	 0.113670
-0.304793	-0.088093	 0.499957	 0.849727	-0.654701	 0.498949	-0.835107	 0.436247	 0.397791	-0.229462	 0.499728	 0.306632
-0.401817	-0.088093	 0.499957	 0.846329	-0.652080	 0.498949	-0.831767	 0.435265	 0.397050	-0.107407	 0.499728	 0.403114
-0.450328	-0.088093	 0.499957	 0.842944	-0.649471	 0.498949	-0.828440	 0.434774	 0.396680	-0.046379	 0.499728	 0.451354
 0.025416	-0.088093	 0.499957	 0.839572	-0.646873	 0.498949	-0.825126	 0.934529	 0.396494	-0.015865	 0.499728	 0.475475
