-0.050888	 0.499106	 0.498109	 0.063745	 0.457303	 0.275872	 0.498102	 0.487639	 0.498280	 0.499051	-0.488099	 0.499483
-0.275036	 0.499106	 0.498109	 0.281617	 0.457302	 0.275872	 0.498102	 0.487639	 0.498280	 0.499051	-0.493984	 0.499483
 0.112890	 0.499106	 0.498109	 0.390553	 0.457302	 0.275872	 0.498102	 0.487639	 0.498280	 0.499051	 0.003073	 0.499483
 0.305851	 0.499106	 0.498109	 0.445021	 0.457301	 0.275872	 0.498102	 0.487639	 0.498280	 0.499051	 0.250602	 0.499483
 0.402331	 0.499106	 0.498109	-0.027745	 0.457301	 0.275872	 0.498102	 0.487639	 0.498280	 0.499051	-0.125634	 0.499483
 0.450572	 0.499106	 0.498109	-0.263127	 0.457301	 0.275872	 0.498102	 0.487639	 0.498280	 0.499051	-0.312748	 0.499483
 0.474692	 0.499106	 0.498109	 0.119182	 0.457301	 0.275872	 0.498102	 0.487639	 0.498280	 0.499051	-0.406305	 0.499483
 0.486752	 0.499106	 0.498109	 0.309333	 0.457301	 0.275872	 0.498102	 0.487639	 0.498280	 0.499051	-0.453084	 0.499483
 0.492782	 0.499106	 0.498109	 0.404409	 0.457301	 0.275872	 0.498102	 0.487639	 0.498280	 0.499051	-0.476473	 0.499483
 0.495797	 0.499106	 0.498109	 0.451947	 0.457301	 0.275872	 0.498102	 0.487639	 0.498280	 0.499051	 0.011832	 0.499483
 0.497305	 0.499106	 0.498109	 0.475716	 0.457301	 0.275872	 0.498102	 0.487639	 0.498280	 0.499051	 0.254985	 0.499483
-0.001942	 0.499106	 0.498109	 0.487600	 0.457301	 0.275872	 0.498102	 0.487639	 0.498280	-0.000949	 0.376561	 0.499483
-0.250562	 0.499106	 0.498109	 0.493543	 0.457301	 0.275872	 0.498102	 0.487639	 0.498280	-0.249947	 0.437349	 0.499483
-0.374873	 0.499106	 0.498109	 0.496514	-0.042699	 0.275872	 0.498102	 0.487639	 0.498280	 0.125554	 0.467743	 0.499483
-0.437028	 0.499106	 0.498109	 0.497999	-0.291614	 0.275872	 0.498102	 0.487639	 0.498280	 0.312302	 0.482940	 0.499483
-0.468106	 0.499106	 0.498109	 0.498742	 0.085010	 0.275872	-0.001898	 0.487639	-0.501720	 0.405676	-0.009462	 0.499483
-0.483644	 0.499106	 0.498109	 0.499113	 0.273322	 0.275872	-0.250895	 0.487639	-0.998716	 0.452364	-0.254659	 0.499483
-0.491414	 0.499106	 0.498109	 0.499299	 0.367478	 0.275872	-0.375393	 0.487639	-1.244223	 0.475707	-0.377257	 0.499483
-0.495299	 0.499106	 0.498109	 0.499392	 0.414556	 0.275872	 0.062358	 0.487639	-0.363997	-0.012621	-0.438556	 0.499483
-0.497241	 0.499106	 0.498109	 0.499438	 0.438095	 0.275872	 0.280233	 0.487639	 0.075083	-0.255783	-0.469206	 0.499483
 0.001788	 0.499106	 0.498109	 0.499462	 0.949865	 0.275872	 0.389171	 0.487639	 0.293595	 0.122636	 0.015469	 0.499483
 0.250301	 0.499106	 0.498109	 0.499473	 1.202826	 0.275872	 0.443640	 0.487639	 0.401827	 0.310843	 0.256807	 0.499483
 0.374557	 0.499106	 0.498109	 0.499479	 1.326395	 0.275872	 0.470874	 0.487639	 0.454923	 0.404947	 0.377475	 0.499483
 0.436685	 0.499106	 0.498109	 0.499482	 1.385280	 0.275872	 0.484491	 0.487639	 0.480455	 0.451998	 0.437810	 0.499483
 0.467749	 0.499106	 0.498109	 0.499483	 0.911834	 0.275872	 0.491300	 0.487639	 0.492209	 0.475524	-0.032023	 0.499483
 0.483281	 0.499106	 0.498109	 0.499484	 0.675111	 0.275872	 0.494704	 0.487639	 0.497078	 0.487287	-0.265936	 0.499483
 0.491048	 0.499106	 0.498109	 0.499485	 0.556749	 0.275872	 0.496407	 0.487639	 0.498508	 0.493169	-0.382892	 0.499483
 0.494931	 0.499106	 0.498109	 0.499485	 0.497569	 0.275872	 0.497258	 0.487639	 0.499224	 0.496109	-0.441371	 0.499483
 0.496872	 0.499106	 0.498109	 0.499485	 0.467978	 0.275872	 0.497683	 0.487639	 0.499581	 0.497580	-0.470610	 0.499483
-0.002157	 0.499106	 0.498109	 0.499485	 0.453183	 0.275872	 0.497896	 0.487639	 0.499760	-0.001685	 0.014771	 0.499483
-0.250669	 0.499106	 0.498109	 0.499485	 0.445785	 0.275872	 0.498002	 0.487639	 0.499849	-0.250315	 0.256461	 0.499483
 0.125074	 0.499106	 0.498109	 0.499485	 0.442087	 0.275872	 0.498055	 0.487639	 0.499894	 0.125369	 0.377306	 0.499483
 0.311945	 0.499106	 0.498109	 0.499485	 0.440237	 0.275872	 0.498082	 0.487639	 0.499917	 0.312210	 0.437728	 0.499483
-0.094620	 0.499106	 0.498109	 0.499485	 0.439313	 0.275872	 0.498095	 0.487639	 0.499928	 0.405630	-0.032061	 0.499483
-0.296900	 0.499106	 0.498109	 0.499485	 0.438850	 0.275872	 0.498102	 0.487639	 0.499933	 0.452340	-0.265951	 0.499483
-0.398040	 0.499106	 0.498109	 0.499485	 0.438619	 0.275872	 0.498105	 0.487639	 0.499936	 0.475695	-0.382897	 0.499483
 0.051390	 0.499106	 0.498109	 0.499485	 0.938503	 0.275872	 0.498107	 0.487639	 0.499937	 0.487372	-0.441369	 0.499483
 0.275103	 0.499106	 0.498109	 0.499485	 1.185569	 0.275872	 0.498108	 0.487639	 0.499938	 0.493211	-0.470606	 0.499483
-0.113040	 0.499106	 0.498109	-0.000515	 0.806236	 0.275872	 0.498108	 0.487639	 0.499939	 0.496130	-0.485224	 0.499483
-0.306110	 0.499106	 0.498109	-0.249514	 0.616570	 0.275872	 0.498108	 0.487639	 0.499939	 0.497590	-0.492533	 0.499483
 0.097356	 0.499106	 0.498109	 0.125986	 1.021737	 0.275872	 0.498109	 0.487639	 0.499939	-0.001680	 0.003813	 0.499483
 0.298087	 0.499106	 0.498109	 0.312734	 1.221466	 0.275872	 0.498109	 0.487639	 0.499939	-0.250313	 0.250985	 0.499483
-0.101548	 0.499106	 0.498109	 0.406107	 1.318489	 0.275872	 0.498109	 0.487639	 0.499939	-0.374630	-0.125429	 0.499483
-0.300362	 0.499106	 0.498109	 0.452794	 1.364169	 0.275872	 0.498109	 0.487639	 0.499939	-0.436788	-0.312632	 0.499483
-0.399770	 0.499106	 0.498109	 0.476138	 1.384189	 0.275872	 0.498109	 0.487639	 0.499939	-0.467867	-0.406234	 0.499483
-0.449474	 0.499106	 0.498109	 0.487809	 1.391391	 0.275872	 0.498109	 0.987639	 0.499939	 0.016593	-0.453034	 0.499483
-0.474326	 0.499106	 0.498109	 0.493645	 1.392195	 0.275872	 0.498109	 1.234664	 0.499939	 0.257821	-0.476435	 0.499483
-0.486751	 0.499106	 0.498109	 0.496563	 0.889811	 0.775872	 0.498109	 1.355213	 0.499939	 0.378435	-0.488135	 0.499483
-0.492964	 0.499106	 0.498109	 0.498022	 0.638619	 1.023321	 0.498109	 1.412536	 0.499939	 0.438742	-0.493985	 0.499483
 0.003929	 0.499106	 0.498109	 0.498752	 1.013023	 1.144503	 0.498109	 1.438257	-0.000061	 0.468896	-0.496910	 0.499483
 0.251374	 0.499106	 0.498109	 0.499116	 1.197450	 1.202563	 0.498109	 1.448190	-0.249061	 0.483973	-0.498373	 0.499483
 0.375097	 0.499106	 0.498109	 0.499299	 1.286900	 1.729072	 0.498109	 1.950241	 0.626439	 0.991511	 0.000896	 0.499483
 0.436958	 0.499106	 0.498109	 0.499390	 1.328872	 1.987815	 0.498109	 2.196361	 1.061185	 1.242282	 0.249530	 0.499483
 0.467889	 0.499106	 0.498109	 0.499435	 1.347116	 2.112694	 0.498109	 2.314536	 1.275566	 1.364682	 0.373847	 0.499483
 0.483354	 0.499106	 0.498109	 0.499458	 1.353508	 2.170658	 0.498109	 2.368759	 1.379777	 0.922907	-0.063994	 0.499483
 0.491087	 0.499106	 0.498109	 0.499470	 1.353984	 2.195182	 0.498109	 2.391024	 1.428915	 0.702020	-0.281911	 0.499483
-0.005047	 0.499106	 0.498109	 0.499475	 1.351513	 2.203005	 0.498109	 1.897330	 0.950527	 0.591576	-0.390870	 0.499483
-0.252111	 0.499106	 0.498109	 0.499478	 1.347579	 2.202495	 0.498109	 1.647675	 0.711333	 0.536354	-0.445349	 0.499483
 0.124356	 0.499106	 0.498109	 0.499480	 1.342925	 1.697836	 0.498109	 1.520052	 0.591737	 0.508744	-0.472589	 0.499483
 0.311589	 0.499106	 0.498109	 0.499480	 1.337922	 1.443120	 0.498109	 1.453456	 0.531938	 0.494938	-0.486209	 0.499483
-0.094795	 0.499106	 0.498109	 0.499481	 0.832754	 1.313386	 0.498109	 1.417384	 0.502039	 0.488035	-0.493019	 0.499483
-0.296985	 0.499106	 0.498109	 0.499481	 0.580170	 1.246151	 0.498109	 1.396585	 0.487089	 0.484584	-0.496424	 0.499483
-0.398080	 0.499106	 0.498109	 0.499481	 0.453878	 1.210176	 0.498109	 1.383434	 0.479615	 0.482858	-0.498126	 0.499483
 0.051373	 0.499106	 0.498109	-0.000519	 0.890732	 1.189840	 0.498109	 1.374118	 0.475877	-0.018005	-0.498977	 0.499483
 0.275098	 0.499106	 0.498109	-0.249518	 1.106504	 1.177333	 0.498109	 1.366731	 0.474008	-0.267398	-0.499403	 0.499483
 0.386960	 0.499106	 0.498109	 0.125983	 1.211745	 0.168750	-0.501891	 0.860318	-0.026926	-1.391061	-0.499616	 0.499483
 0.442891	 0.499106	 0.498109	 0.312730	 1.261732	-0.333862	-0.998888	 0.607112	-0.276337	-1.947864	-0.499722	 0.499483
 0.470857	 0.499106	 0.498109	 0.406103	 1.284102	-0.583495	-1.244394	 0.480509	-0.899992	-2.221255	-0.499775	 0.499483
 0.484839	 0.499106	 0.498109	 0.452790	 1.292674	-0.706646	-1.364167	 0.417207	-1.208771	-2.352962	-0.499802	 0.499483
 0.491831	 0.499106	 0.498109	 0.476134	 1.294358	-0.266561	-0.421086	 0.385557	-0.360126	-0.913846	-0.499815	 0.499483
 0.495326	 0.499106	 0.498109	 0.487805	 1.292607	-0.046519	 0.049411	 0.369731	 0.064196	-0.195338	-0.499822	 0.499483
 0.497074	 0.499106	 0.498109	 0.493641	 1.289150	 0.063502	 0.283619	 0.361819	 0.276358	 0.162869	-0.499825	 0.499483
 0.497948	 0.499106	 0.498109	 0.496559	 1.284851	 0.118513	 0.399688	 0.357862	 0.382438	 0.340930	-0.499827	 0.499483
 0.498385	 0.499106	 0.498109	 0.498018	 1.280140	 0.146018	 0.456690	 0.355884	 0.435479	 0.428923	-0.499828	 0.499483
 0.498604	 0.499106	 0.498109	 0.498748	 0.775233	 0.159771	 0.484164	 0.354895	 0.461999	 0.471886	 0.000172	 0.499483
 0.498713	 0.499106	 0.498109	 0.499112	 0.522780	 0.166647	 0.496878	 0.354400	 0.475259	 0.492337	 0.249171	 0.499483
 0.498768	 0.499106	 0.498109	 0.499295	 0.896553	 0.170085	 0.502216	 0.354153	 0.481889	 0.001538	 0.373671	 0.499483
 0.498795	 0.499106	 0.498109	 0.499386	 1.080900	 0.171804	 0.503870	 0.354029	 0.485204	-0.243862	 0.435921	 0.499483
-0.001191	 0.499106	 0.498109	 0.499432	 1.170542	 0.172664	 0.503685	 0.353968	 0.486861	 0.133438	-0.032954	 0.499483
-0.250182	 0.499106	 0.498109	 0.499454	 1.212843	 0.173094	 0.502586	 0.353937	 0.487690	 0.321066	-0.266388	 0.499483
-0.374678	 0.499106	 0.498109	 0.499466	 1.231483	 0.173308	 0.501034	 0.353921	 0.488105	 0.413863	-0.383105	 0.499483
-0.436925	 0.499106	 0.498109	 0.499471	 1.238303	 0.173416	 0.500258	 0.353914	 0.488312	 0.459248	 0.058537	 0.499483
-0.468049	 0.499106	 0.498109	 0.499474	 1.239223	 0.173470	 0.499869	 0.353910	 0.488415	 0.480932	 0.278357	 0.499483
 0.016389	 0.499106	 0.498109	 0.499476	 1.237202	 0.173496	 0.499675	 0.353908	 0.488467	 0.490768	-0.111733	 0.499483
 0.257606	 0.499106	 0.498109	 0.499476	 1.233722	 0.173510	 0.499578	 0.353907	 0.488493	 0.494685	-0.305774	 0.499483
 0.378215	 0.499106	 0.498109	 0.499477	 0.729521	 0.173517	 0.499530	 0.353906	 0.488506	 0.496644	 0.097205	 0.499483
 0.438519	 0.499106	 0.498109	 0.499477	 0.477420	 0.173520	 0.499506	 0.353906	 0.488512	 0.497623	 0.297695	 0.499483
 0.468671	 0.499106	 0.498109	-0.000523	 0.851370	 0.173522	 0.499493	 0.353906	 0.488516	 0.498112	 0.397939	 0.499483
 0.483748	 0.499106	 0.498109	-0.249522	 1.035894	 0.173523	 0.499487	 0.353906	 0.488517	 0.498357	 0.448062	 0.499483
 0.491286	 0.499106	 0.498109	-0.374021	 1.125716	 0.173523	 0.499484	 0.353906	 0.488518	 0.498480	-0.026877	 0.499483
 0.495055	 0.499106	 0.498109	-0.436271	 1.168195	 0.173523	 0.499483	 0.353906	 0.488519	 0.498541	-0.263343	 0.499483
 0.496939	 0.499106	 0.498109	-0.467396	 1.187014	 0.173523	 0.499482	 0.353906	 0.488519	 0.498571	-0.381576	 0.499483
 0.497881	 0.499106	 0.498109	 0.017042	 0.694011	 0.173523	 0.499482	 0.353906	 0.488519	 0.498587	-0.440692	 0.499483
 0.498352	 0.499106	 0.498109	 0.258257	 0.447510	 0.173523	 0.499481	 0.353906	 0.488519	 0.498594	-0.470251	 0.499483
 0.498588	 0.499106	 0.498109	 0.378865	 0.324259	 0.173523	 0.499481	 0.353906	 0.488519	 0.498598	-0.485030	 0.499483
 0.498706	 0.499106	 0.498109	 0.439169	 0.262634	 0.173523	 0.499481	 0.353906	 0.488519	 0.498600	-0.492419	 0.499483
-0.001235	 0.499106	 0.498109	 0.469321	 0.231822	 0.173523	 0.499481	 0.353906	 0.488519	 0.498601	-0.496114	 0.499483
-0.250203	 0.499106	 0.498109	 0.484397	 0.216415	 0.173523	 0.499481	 0.353906	 0.488519	 0.498602	-0.497961	 0.499483
 0.125312	 0.499106	 0.498109	 0.491935	 0.208712	 0.173523	 0.499481	 0.353906	 0.488519	 0.498602	 0.001115	 0.499483
 0.312069	 0.499106	 0.498109	 0.495704	 0.204860	 0.173523	 0.499481	 0.353906	 0.488519	 0.498602	 0.249653	 0.499483
 0.405447	 0.499106	 0.498109	 0.497589	 0.202935	 0.173523	 0.499481	 0.353906	 0.488519	 0.498602	 0.373922	 0.499483
 0.452136	 0.499106	 0.498109	 0.498531	 0.201972	 0.173523	 0.499481	 0.853906	 0.488519	 0.498602	-0.063944	 0.499483
 0.475480	 0.499106	 0.498109	 0.499002	 0.201490	 0.173523	 0.499481	 1.101198	 0.488519	 0.498602	-0.281873	 0.499483
 0.487153	 0.499106	 0.498109	 0.499238	 0.201250	 0.173523	 0.499481	 0.722147	 0.488519	 0.498602	 0.109162	 0.499483
 0.492989	 0.499106	 0.498109	 0.499356	 0.201129	 0.173523	 0.499481	 0.532622	 0.488519	 0.498602	 0.303680	 0.499483
 0.495907	 0.499106	 0.498109	 0.499414	 0.701069	 0.173523	 0.499481	 0.437859	 0.488519	 0.498602	-0.099062	 0.499483
 0.497366	 0.499106	 0.498109	 0.499444	 0.948637	 0.173523	 0.499481	 0.390478	 0.488519	 0.498602	-0.299429	 0.499483
 0.498095	 0.499106	 0.498109	 0.499459	 0.570028	 0.173523	 0.499481	 0.366787	 0.488519	 0.498602	 0.100388	 0.499483
 0.498460	 0.499106	 0.498109	 0.499466	 0.380724	 0.173523	 0.499481	 0.354942	 0.488519	 0.498602	 0.299296	 0.499483
 0.498643	 0.499106	 0.498109	 0.499470	 0.286072	 0.173523	 0.499481	 0.349019	 0.488519	 0.498602	 0.398749	 0.499483
 0.498734	 0.499106	 0.498109	 0.499471	 0.238746	 0.173523	 0.499481	 0.346058	 0.488519	-0.001398	 0.448476	 0.499483
 0.498779	 0.499106	 0.498109	 0.499472	 0.215083	 0.173523	 0.499481	 0.344577	 0.488519	-0.250395	 0.473340	 0.499483
-0.001198	 0.499106	 0.498109	 0.499473	 0.203252	 0.173523	 0.499481	 0.843837	 0.488519	 0.125106	-0.014228	 0.499483
-0.250184	 0.499106	 0.498109	 0.499473	 0.197336	 0.173523	 0.499481	 1.090780	 0.488519	 0.311856	-0.257009	 0.499483
 0.125323	 0.499106	 0.498109	 0.499473	 0.694378	 0.173523	 0.499481	 0.711577	 0.488519	-0.094770	 0.121601	 0.499483
 0.312075	 0.499106	 0.498109	 0.499473	 0.940516	 0.173523	 0.499481	 0.521975	 0.488519	-0.297079	 0.309905	 0.499483
 0.405450	 0.499106	 0.498109	 0.499473	 1.061212	 0.173523	 0.499481	 0.927174	 0.488519	 0.101766	-0.095943	 0.499483
 0.452138	 0.499106	 0.498109	 0.499473	 1.119196	 0.173523	 0.499481	 1.127109	 0.488519	 0.300187	-0.297863	 0.499483
 0.475482	 0.499106	 0.498109	 0.499473	 1.145834	 0.173523	 0.499481	 1.224422	 0.488519	 0.399398	-0.398823	 0.499483
 0.487154	 0.499106	 0.498109	 0.499473	 1.156808	 0.173523	 0.499481	 1.270435	 0.488519	 0.449003	 0.050697	 0.499483
 0.492990	 0.499106	 0.498109	 0.499473	 1.159959	 0.173523	 0.499481	 1.290809	 0.488519	 0.473806	 0.274456	 0.499483
 0.495908	 0.499106	 0.498109	 0.499473	 1.159208	 0.173523	 0.499481	 1.298373	 0.488519	 0.486207	 0.386336	 0.499483
 0.497367	 0.499106	 0.498109	 0.499473	 1.156516	 0.173523	 0.499481	 1.299544	 0.488519	 0.492408	 0.442276	 0.499483
-0.001903	 0.499106	 0.498109	-0.000527	 0.652863	 0.173523	 0.499481	 0.797527	 0.488519	 0.495508	-0.029754	 0.499483
-0.250536	 0.499106	 0.498109	-0.249526	 0.401036	 0.173523	 0.499481	 0.546519	 0.488519	 0.497058	-0.264765	 0.499483
-0.374852	 0.499106	 0.498109	 0.125975	 0.775122	 0.173523	 0.499481	 0.421015	 0.488519	 0.497833	-0.382271	 0.499483
-0.437011	 0.499106	 0.498109	 0.312722	 0.959867	 0.173523	 0.499481	 0.358263	 0.488519	 0.498221	-0.441024	 0.499483
-0.468090	 0.499106	 0.498109	 0.406096	 1.049950	 0.173523	 0.499481	 0.326887	 0.488519	 0.498415	-0.470400	 0.499483
 0.016371	 0.499106	 0.498109	-0.047217	 0.592712	 0.173523	 0.499481	 0.311199	 0.488519	 0.498511	-0.485089	 0.499483
 0.257599	 0.499106	 0.498109	-0.272873	 0.364093	 0.173523	 0.499481	 0.303355	 0.488519	 0.498560	-0.492433	 0.499483
-0.121787	 0.499106	 0.498109	 0.114299	 0.249783	 0.173523	 0.499481	 0.799433	 0.488519	 0.498584	-0.496105	 0.499483
-0.310477	 0.499106	 0.498109	 0.306883	 0.192628	 0.173523	 0.499481	 1.044881	 0.488519	 0.498596	-0.497941	 0.499483
 0.095178	 0.499106	 0.498109	 0.403174	 0.164051	 0.173523	 0.499481	 0.665025	 0.488519	 0.498602	-0.498859	 0.499483
 0.297003	 0.499106	 0.498109	 0.451320	 0.149762	 0.173523	 0.499481	 0.475096	 0.488519	 0.498605	-0.499318	 0.499483
 0.397916	 0.499106	 0.498109	 0.475393	 0.142618	 0.173523	 0.499481	 0.880132	 0.488519	 0.498607	 0.000453	 0.499483
 0.448373	 0.499106	 0.498109	 0.487429	 0.139046	 0.173523	 0.499481	 1.080080	 0.488519	 0.498608	 0.249337	 0.499483
 0.473601	 0.499106	 0.498109	 0.493448	 0.137259	 0.173523	 0.499481	 1.177493	 0.488519	 0.498608	 0.373780	 0.499483
 0.486215	 0.499106	 0.498109	 0.496457	 0.136366	 0.173523	 0.499481	 0.723650	 0.488519	 0.498608	-0.063999	 0.499483
 0.492522	 0.499106	 0.498109	 0.497961	 0.135920	 0.173523	 0.499481	 0.496729	 0.488519	 0.498608	-0.281885	 0.499483
 0.495676	 0.499106	 0.498109	 0.498713	 0.135697	 0.173523	 0.499481	 0.883268	 0.488519	 0.498608	 0.109172	 0.499483
 0.497252	 0.499106	 0.498109	 0.499090	 0.135585	 0.173523	 0.499481	 1.073998	 0.488519	 0.498608	 0.303700	 0.499483
 0.498041	 0.499106	 0.498109	 0.499278	 0.635529	 0.173523	 0.499481	 1.166834	 0.488519	 0.498608	 0.400964	 0.499483
 0.498435	 0.499106	 0.498109	 0.499372	 0.883230	 0.173523	 0.499481	 1.210732	 0.488519	 0.498608	 0.449596	 0.499483
 0.498632	 0.499106	 0.498109	 0.499419	 1.004819	 0.173523	 0.499481	 0.730172	 0.488519	 0.498608	 0.473912	 0.499483
 0.498731	 0.499106	 0.498109	 0.499442	 1.063361	 0.173523	 0.499481	 0.489892	 0.488519	 0.498608	 0.486070	 0.499483
 0.498780	 0.499106	 0.498109	 0.499454	 1.090388	 0.173523	 0.499481	 0.369752	 0.488519	 0.498608	 0.492149	 0.499483
 0.498804	 0.499106	 0.498109	 0.499460	 0.601666	 0.173523	 0.499481	 0.309682	 0.488519	 0.498608	-0.004811	 0.499483
 0.498817	 0.499106	 0.498109	 0.499463	 0.357306	 0.173523	 0.499481	 0.279647	 0.488519	 0.498608	-0.252288	 0.499483
 0.498823	 0.499106	 0.498109	 0.499464	 0.735125	 0.173523	 0.499481	 0.264630	 0.488519	 0.498608	-0.376026	 0.499483
 0.498826	 0.499106	 0.498109	 0.499465	 0.921809	 0.173523	 0.499481	 0.257121	 0.488519	 0.498608	-0.437895	 0.499483
 0.498828	 0.499106	 0.498109	 0.499465	 0.512934	 0.173523	 0.499481	 0.753366	 0.488519	 0.498608	 0.031170	 0.499483
 0.498828	 0.499106	 0.498109	 0.499466	 0.308497	 0.173523	 0.499481	 0.998990	 0.488519	 0.498608	 0.264702	 0.499483
-0.001171	 0.499106	 0.498109	 0.499466	 0.206278	 0.173523	 0.499481	 0.619313	 0.488519	 0.498608	 0.381468	 0.499483
-0.250169	 0.499106	 0.498109	 0.499466	 0.155168	 0.173523	 0.499481	 0.429474	 0.488519	 0.498608	 0.439851	 0.499483
 0.125333	 0.499106	 0.498109	 0.499466	 0.129614	 0.173523	 0.499481	 0.334555	 0.488519	 0.498608	 0.469043	 0.499483
 0.312081	 0.499106	 0.498109	 0.499466	 0.116836	 0.173523	 0.499481	 0.787095	 0.488519	 0.498608	-0.016361	 0.499483
 0.405456	 0.499106	 0.498109	 0.499466	 0.110448	 0.173523	 0.499481	 1.010886	 0.488519	 0.498608	-0.258060	 0.499483
-0.047857	 0.499106	 0.498109	 0.499466	 0.607253	 0.173523	 0.499481	 0.620312	 0.488519	 0.498608	-0.378909	 0.499483
-0.273511	 0.499106	 0.498109	 0.499466	 0.853448	 0.173523	 0.499481	 0.425025	 0.488519	 0.498608	-0.439334	 0.499483
 0.113662	 0.499106	 0.498109	 0.499466	 0.474346	 0.173523	 0.499481	 0.827381	 0.488519	 0.498608	-0.469546	 0.499483
 0.306247	 0.499106	 0.498109	 0.499466	 0.284795	 0.173523	 0.499481	 1.026100	 0.488519	 0.498608	-0.484652	 0.499483
 0.402539	 0.499106	 0.498109	 0.499466	 0.190020	 0.173523	 0.499481	 1.123010	 0.488519	 0.498608	 0.007795	 0.499483
 0.450686	 0.499106	 0.498109	 0.499466	 0.142632	 0.173523	 0.499481	 1.169025	 0.488519	 0.498608	 0.253018	 0.499483
-0.025241	 0.499106	 0.498109	 0.499466	 0.618938	 0.173523	 0.499481	 0.689602	 0.488519	 0.498608	-0.124371	 0.499483
-0.262202	 0.499106	 0.498109	 0.499466	 0.854901	 0.173523	 0.499481	 0.449891	 0.488519	 0.498608	-0.312062	 0.499483
-0.380683	 0.499106	 0.498109	 0.499466	 0.970700	 0.173523	 0.499481	 0.330036	 0.488519	 0.498608	-0.405907	 0.499483
-0.439923	 0.499106	 0.498109	 0.499466	 0.026427	 0.173523	 0.499481	 0.770108	 0.488519	 0.498608	 0.047170	 0.499483
-0.469543	 0.499106	 0.498109	 0.499466	-0.443874	 0.173523	 0.499481	 0.987723	 0.488519	 0.498608	 0.272709	 0.499483
-0.484353	 0.499106	 0.498109	 0.499466	-0.177196	 0.173523	 0.499481	 1.094121	 0.488519	 0.498608	 0.385478	 0.499483
-0.491759	 0.499106	 0.498109	 0.499466	-0.043857	 0.173523	 0.499481	 1.144918	 0.488519	 0.498608	 0.441862	 0.499483
 0.004539	 0.499106	 0.498109	 0.499466	 0.522812	 0.173523	 0.499481	 1.167926	 0.488519	 0.498608	 0.470054	 0.499483
 0.251686	 0.499106	 0.498109	 0.499466	 0.803968	 0.173523	 0.499481	 1.177047	 0.488519	 0.498608	 0.484151	 0.499483
-0.124740	 0.499106	 0.498109	 0.499466	 0.942376	 0.173523	 0.499481	 0.679236	 0.488519	 0.498608	-0.008801	 0.499483
-0.311951	 0.499106	 0.498109	 0.499466	 1.009418	 0.173523	 0.499481	 0.430330	 0.488519	 0.498608	-0.254274	 0.499483
-0.405557	 0.499106	 0.498109	 0.499466	 1.040786	 0.173523	 0.499481	 0.305877	 0.488519	 0.498608	-0.377010	 0.499483
-0.452359	 0.499106	 0.498109	 0.499466	 1.054326	 0.173523	 0.499481	 0.243651	 0.488519	 0.498608	 0.061622	 0.499483
-0.475761	 0.499106	 0.498109	 0.499466	 1.058960	 0.173523	 0.499481	 0.212538	 0.488519	 0.498608	 0.279937	 0.499483
-0.487462	 0.499106	 0.498109	 0.499466	 0.559150	 0.173523	 0.499481	 0.696981	 0.488519	 0.498608	 0.389095	 0.499483
-0.493312	 0.499106	 0.498109	 0.499466	 0.309245	 0.173523	 0.499481	 0.936840	 0.488519	 0.498608	 0.443674	 0.499483
-0.496237	 0.499106	 0.498109	 0.499466	 0.684293	 0.173523	 0.499481	 1.054416	 0.488519	 0.498608	 0.470963	 0.499483
-0.497700	 0.499106	 0.498109	 0.499466	 0.869698	 0.173523	 0.499481	 1.110860	 0.488519	 0.498608	 0.484608	 0.499483
 0.001569	 0.499106	 0.498109	 0.499466	 0.460290	 0.173523	 0.499481	 1.136747	 0.488519	 0.498608	 0.491430	 0.499483
 0.250202	 0.499106	 0.498109	 0.499466	 0.255586	 0.173523	 0.499481	 1.147366	 0.488519	 0.498608	 0.494842	 0.499483
 0.374518	 0.499106	 0.498109	 0.499466	 0.153234	 0.173523	 0.499481	 1.150359	 0.488519	 0.498608	 0.496547	 0.499483
-0.063324	 0.499106	 0.498109	 0.499466	 0.602058	 0.173523	 0.499481	 0.649549	 0.488519	 0.498608	-0.002600	 0.499483
-0.281242	 0.499106	 0.498109	 0.499466	 0.824369	 0.173523	 0.499481	 0.399144	 0.488519	 0.498608	-0.251170	 0.499483
 0.109798	 0.499106	 0.498109	 0.499466	 0.933430	 0.173523	 0.499481	 0.773941	-0.011481	 0.498608	-0.375455	 0.499483
 0.304317	 0.499106	 0.498109	 0.499466	 0.985876	 0.173523	 0.499481	 0.959043	-0.260458	 0.498608	-0.437598	 0.499483
 0.401576	 0.499106	 0.498109	 0.499466	 1.010023	 0.173523	 0.499481	 1.049305	 0.116072	 0.498608	 0.031331	 0.499483
 0.450206	 0.499106	 0.498109	 0.499466	 1.020027	 0.173523	 0.499481	 1.092157	 0.304337	 0.498608	 0.264795	 0.499483
-0.025479	 0.499106	 0.498109	 0.499466	 1.022970	 0.173523	 0.499481	 1.111313	 0.398470	 0.498608	 0.381527	 0.499483
-0.262319	 0.499106	 0.498109	 0.499466	 1.022389	 0.173523	 0.499481	 1.118630	 0.445536	 0.498608	 0.439893	 0.499483
-0.380739	 0.499106	 0.498109	 0.499466	 1.020055	 0.173523	 0.499481	 1.120037	 0.469069	 0.498608	 0.469076	 0.499483
 0.060050	 0.499106	 0.498109	 0.499466	 0.516853	 0.173523	 0.499481	 1.118497	 0.480836	 0.498608	-0.016333	 0.499483
 0.279444	 0.499106	 0.498109	 0.499466	 0.265251	 0.173523	 0.499481	 1.115493	 0.486719	 0.498608	-0.258034	 0.499483
 0.389140	 0.499106	 0.498109	 0.499466	 0.139451	 0.173523	 0.499481	 1.111767	 0.489661	-0.001392	-0.378884	 0.499483
 0.443989	 0.499106	 0.498109	 0.499466	 0.076551	 0.173523	 0.499481	 1.107687	 0.491132	-0.250389	-0.439309	 0.499483
 0.471413	 0.499106	 0.498109	 0.499466	 0.545100	 0.173523	 0.499481	 1.103440	 0.491867	 0.125113	 0.030478	 0.499483
 0.491981	 0.499106	 0.498109	 0.499466	 0.891453	 0.173523	 0.499481	 1.094768	 0.492419	 0.405237	-0.118682	 0.499483
 0.495409	 0.499106	 0.498109	 0.499466	 0.946494	 0.173523	 0.499481	 1.090412	 0.492511	 0.451924	-0.309205	 0.499483
 0.497123	 0.499106	 0.498109	 0.499466	 0.972011	 0.173523	 0.499481	 1.086062	 0.492557	 0.475268	-0.404467	 0.499483
 0.497980	 0.499106	 0.498109	 0.499466	 0.982775	 0.173523	 0.499481	 0.581723	 0.492580	 0.486940	 0.047902	 0.499483
 0.498409	 0.499106	 0.498109	 0.499466	 0.986170	 0.173523	 0.499481	 0.329554	 0.492591	 0.492776	 0.273086	 0.499483
 0.498623	 0.499106	 0.498109	 0.499466	 0.985888	 0.173523	 0.499481	 0.203469	 0.492597	 0.495694	 0.385678	 0.499483
 0.498730	 0.499106	 0.498109	 0.499466	 0.983776	 0.173523	 0.499481	 0.140427	 0.492600	 0.497153	 0.441974	 0.499483
 0.498783	 0.499106	 0.498109	 0.499466	 0.980757	 0.173523	 0.499481	 0.608906	 0.492601	 0.497882	 0.470122	 0.499483
 0.498810	 0.499106	 0.498109	 0.499466	 0.977292	 0.173523	 0.499481	 0.840990	 0.492602	 0.498247	 0.484196	 0.499483
 0.498824	 0.499106	 0.498109	 0.499466	 0.973611	 0.173523	 0.499481	 0.954887	 0.492602	 0.498429	 0.491233	 0.499483
 0.498830	 0.499106	 0.498109	 0.499466	 0.969831	 0.173523	 0.499481	 1.009697	 0.492602	 0.498520	 0.494752	 0.499483
 0.498834	 0.499106	 0.498109	 0.499466	 0.966009	 0.173523	 0.499481	 1.034973	 0.492603	 0.498566	 0.496511	 0.499483
 0.498835	 0.499106	 0.498109	 0.499466	 0.962174	 0.173523	 0.499481	 0.545491	 0.492603	-0.001411	-0.002609	 0.499483
 0.498836	 0.499106	 0.498109	 0.499466	 0.958339	 0.173523	 0.499481	 0.300750	 0.492603	-0.250397	-0.251166	 0.499483
-0.001163	 0.499106	 0.498109	 0.499466	 0.454513	 0.173523	 0.499481	 0.678379	 0.492603	 0.125110	 0.124556	 0.499483
-0.250161	 0.499106	 0.498109	 0.499466	 0.202600	 0.173523	 0.499481	 0.865082	 0.492603	 0.311862	 0.311416	 0.499483
 0.125340	 0.499106	 0.498109	 0.499466	 0.576644	 0.173523	 0.499481	 0.956330	 0.492603	 0.405238	 0.404846	 0.499483
 0.312089	 0.499106	 0.498109	 0.499466	 0.761764	 0.173523	 0.499481	 0.999858	 0.492603	 0.451926	 0.451561	 0.499483
 0.405464	 0.499106	 0.498109	 0.499466	 0.852430	 0.173523	 0.499481	 1.019536	 0.492603	 0.475271	 0.474919	 0.499483
 0.452151	 0.499106	 0.498109	 0.499466	 0.895877	 0.173523	 0.499481	 1.027296	 0.492603	 0.486943	 0.486597	 0.499483
 0.475495	 0.499106	 0.498109	 0.499466	 0.915722	 0.173523	 0.499481	 1.029106	 0.492603	 0.492779	 0.492437	 0.499483
-0.012833	 0.499106	 0.498109	 0.499466	 0.423773	 0.173523	 0.499481	 1.027950	 0.492603	 0.495697	 0.495357	 0.499483
-0.255995	 0.499106	 0.498109	 0.499466	 0.177799	 0.173523	 0.499481	 1.025318	 0.492603	 0.497156	 0.496816	 0.499483
 0.122424	 0.499106	 0.498109	 0.499466	 0.554812	 0.173523	 0.499481	 1.021956	 0.492603	 0.497885	-0.002454	 0.499483
 0.310632	 0.499106	 0.498109	 0.499466	 0.741455	 0.173523	 0.499481	 1.018238	 0.492603	 0.498250	-0.251085	 0.499483
 0.404736	 0.499106	 0.498109	 0.499466	 0.832920	 0.173523	 0.499481	 1.014350	 0.492603	 0.498432	 0.124599	 0.499483
 0.451788	 0.499106	 0.498109	 0.499466	 0.876804	 0.173523	 0.499481	 1.010385	 0.492603	 0.498523	 0.311440	 0.499483
 0.475314	 0.499106	 0.498109	 0.499466	 0.896904	 0.173523	 0.499481	 1.006390	 0.492603	 0.498569	-0.095139	 0.499483
 0.487077	 0.499106	 0.498109	 0.499466	 0.905120	 0.173523	 0.499481	 1.002388	 0.492603	 0.498592	-0.297425	 0.499483
-0.007042	 0.499106	 0.498109	 0.499466	 0.907402	 0.173523	 0.499481	 0.998390	-0.007397	 0.498603	-0.398568	 0.499483
-0.253099	 0.499106	 0.498109	 0.499466	 0.906723	 0.173523	 0.499481	 0.994402	-0.256383	 0.498609	-0.449140	 0.499483
-0.376127	 0.499106	 0.498109	 0.499466	 0.904572	 0.173523	 0.499481	 0.990427	-0.379864	 0.498612	-0.474425	 0.499483
-0.437642	 0.499106	 0.498109	 0.499466	 0.901691	 0.173523	 0.499481	 0.986467	 0.059401	-0.001387	-0.487068	 0.499483
-0.468399	 0.499106	 0.498109	 0.499466	 0.898453	 0.173523	 0.499481	 0.982522	 0.279034	-0.250383	-0.493390	 0.499483
-0.483777	 0.499106	 0.498109	 0.499466	 0.895044	 0.173523	 0.499481	 0.978592	 0.388851	 0.125118	-0.496550	 0.499483
-0.491466	 0.499106	 0.498109	 0.499466	 0.891556	 0.173523	 0.499481	 0.974678	 0.443759	 0.311868	-0.498131	 0.499483
 0.004689	 0.499106	 0.498109	-0.000534	 0.388036	 0.173523	 0.499481	 0.970779	 0.471213	 0.405243	-0.498921	 0.499483
 0.251765	 0.499106	 0.498109	-0.249533	 0.136276	 0.173523	 0.499481	 0.966896	 0.484940	 0.451930	-0.499316	 0.499483
 0.375303	 0.499106	 0.498109	 0.125967	 0.010396	 0.173523	 0.499481	 0.463029	 0.491804	 0.475274	 0.000486	 0.499483
 0.437072	 0.499106	 0.498109	 0.312715	-0.052544	 0.173523	 0.499481	 0.211095	 0.495235	 0.486946	 0.249387	 0.499483
 0.467956	 0.499106	 0.498109	 0.406088	-0.084014	 0.173523	 0.499481	 0.085128	 0.496951	 0.492782	 0.373837	 0.499483
 0.483399	 0.499106	 0.498109	 0.452775	-0.099749	 0.173523	 0.499481	 0.022145	 0.497809	 0.495700	 0.436063	 0.499483
-0.008880	 0.499106	 0.498109	 0.476119	 0.392383	 0.173523	 0.499481	-0.009347	 0.498238	 0.497159	 0.467175	 0.499483
-0.254017	 0.499106	 0.498109	 0.487790	 0.636681	 0.173523	 0.499481	-0.025093	 0.498453	 0.497888	 0.482731	 0.499483
 0.123414	 0.499106	 0.498109	 0.493626	 0.257067	 0.173523	 0.499481	-0.032966	 0.498560	 0.498253	-0.009490	 0.499483
 0.311128	 0.499106	 0.498109	 0.496544	 0.067261	 0.173523	 0.499481	-0.036902	 0.498613	 0.498435	-0.254598	 0.499483
-0.095015	 0.499106	 0.498109	 0.498003	 0.472357	 0.173523	 0.499481	-0.038871	 0.498640	 0.498526	-0.377152	 0.499483
-0.297084	 0.499106	 0.498109	 0.498733	 0.673151	 0.173523	 0.499481	-0.039855	 0.498654	 0.498572	-0.438429	 0.499483
 0.101881	 0.499106	 0.498109	 0.499097	 0.771800	 0.173523	 0.499481	 0.459653	-0.001340	 0.498595	-0.469067	 0.499483
 0.300362	 0.499106	 0.498109	 0.499280	 0.819383	 0.173523	 0.499481	 0.707489	-0.250334	 0.498606	-0.484386	 0.499483
 0.399603	 0.499106	 0.498109	 0.499371	 0.841441	 0.173523	 0.499481	 0.829496	-0.374831	 0.498612	-0.492046	 0.499483
 0.449223	 0.499106	 0.498109	 0.499416	 0.350743	 0.173523	 0.499481	 0.888597	 0.062921	 0.498615	 0.004124	 0.499483
 0.474033	 0.499106	 0.498109	 0.499439	 0.105394	 0.173523	 0.499481	 0.916251	 0.280795	 0.498616	 0.251209	 0.499483
 0.486438	 0.499106	 0.498109	 0.499451	 0.482719	 0.173523	 0.499481	 0.928191	 0.389732	 0.498617	-0.125249	 0.499483
 0.492641	 0.499106	 0.498109	 0.499456	 0.669662	 0.173523	 0.499481	 0.932281	 0.444201	 0.498617	-0.312474	 0.499483
 0.495742	 0.499106	 0.498109	 0.499459	 0.261420	 0.173523	 0.499481	 0.432453	 0.471435	 0.498617	 0.093913	 0.499483
 0.497293	 0.499106	 0.498109	 0.499461	 0.057299	 0.173523	 0.499481	 0.182539	 0.485053	 0.498618	 0.296106	 0.499483
 0.498068	 0.499106	 0.498109	 0.499461	-0.044761	 0.173523	 0.499481	 0.557582	-0.008139	 0.498618	 0.397202	 0.499483
 0.498456	 0.499106	 0.498109	 0.499462	-0.095792	 0.173523	 0.499481	 0.743238	-0.253732	 0.498618	 0.447751	 0.499483
 0.498650	 0.499106	 0.498109	 0.499462	-0.121307	 0.173523	 0.499481	 0.834208	-0.376528	 0.498618	 0.473025	 0.499483
-0.001254	 0.499106	 0.498109	 0.499462	 0.365936	 0.173523	 0.499481	 0.877843	 0.062073	 0.498618	 0.485662	 0.499483
-0.250203	 0.499106	 0.498109	 0.499462	 0.607850	 0.173523	 0.499481	 0.897818	 0.280373	 0.498618	 0.491980	 0.499483
-0.374677	 0.499106	 0.498109	 0.499462	 0.727108	 0.173523	 0.499481	 0.905969	 0.389523	 0.498618	-0.004860	 0.499483
-0.436915	 0.499106	 0.498109	 0.499462	 0.785045	 0.173523	 0.499481	 0.908217	 0.444097	 0.498618	-0.252277	 0.499483
-0.468033	 0.499106	 0.498109	 0.499462	 0.812327	 0.173523	 0.499481	 0.907520	 0.471385	 0.498618	 0.124014	 0.499483
-0.483593	 0.499106	 0.498109	 0.499462	 0.824289	 0.173523	 0.499481	 0.905357	 0.485029	 0.498618	 0.311159	 0.499483
 0.008628	 0.499106	 0.498109	 0.499462	 0.828597	 0.173523	 0.499481	 0.402470	 0.491850	 0.498618	-0.095268	 0.499483
 0.253736	 0.499106	 0.498109	 0.499462	 0.829085	 0.173523	 0.499481	 0.151026	 0.495261	 0.498618	-0.297478	 0.499483
 0.376290	 0.499106	 0.498109	 0.499462	 0.827671	 0.173523	 0.499481	 0.025304	 0.496967	 0.498618	-0.398583	 0.499483
-0.062433	 0.499106	 0.498109	 0.499462	 0.825311	 0.173523	 0.499481	 0.462443	 0.497820	 0.498618	-0.449136	 0.499483
-0.280792	 0.499106	 0.498109	 0.499462	 0.822485	 0.173523	 0.499481	 0.679214	 0.498246	 0.498618	-0.474412	 0.499483
 0.110029	 0.499106	 0.498109	 0.499462	 0.819432	 0.173523	 0.499481	 0.785807	 0.498459	-0.001382	-0.487051	 0.499483
 0.304437	 0.499106	 0.498109	 0.499462	 0.816273	 0.173523	 0.499481	 0.837319	 0.498566	-0.250380	-0.493370	 0.499483
 0.401642	 0.499106	 0.498109	 0.499462	 0.313068	 0.173523	 0.499481	 0.861297	 0.498619	 0.125122	-0.496529	 0.499483
 0.450244	 0.499106	 0.498109	 0.499462	 0.061465	 0.173523	 0.499481	 0.871516	 0.498646	 0.311871	-0.498109	 0.499483
 0.474545	 0.499106	 0.498109	 0.499462	 0.435664	 0.173523	 0.499481	 0.874861	 0.498659	 0.405246	 0.001101	 0.499483
 0.486695	 0.499106	 0.498109	 0.499462	 0.621143	 0.173523	 0.499481	 0.874778	 0.498666	 0.451933	 0.249706	 0.499483
 0.492771	 0.499106	 0.498109	 0.499462	 0.712270	 0.173523	 0.499481	 0.872987	 0.498669	 0.475277	 0.374008	 0.499483
 0.495808	 0.499106	 0.498109	 0.499462	 0.256226	 0.173523	 0.499481	 0.870349	 0.498671	 0.486949	 0.436159	 0.499483
 0.497327	 0.499106	 0.498109	 0.499462	 0.028204	 0.173523	 0.499481	 0.867294	 0.498671	 0.492785	 0.467235	 0.499483
-0.001914	 0.499106	 0.498109	 0.499462	 0.414193	 0.173523	 0.499481	 0.864039	 0.498672	 0.495703	-0.017228	 0.499483
-0.250532	 0.499106	 0.498109	 0.499462	 0.605588	 0.173523	 0.499481	 0.860689	 0.498672	 0.497162	-0.258455	 0.499483
 0.125159	 0.499106	 0.498109	-0.000538	 0.199691	 0.173523	 0.499481	 0.857300	 0.498672	 0.497891	 0.120931	 0.499483
 0.312003	 0.499106	 0.498109	-0.249537	-0.003258	 0.173523	 0.499481	 0.853897	 0.498672	 0.498256	 0.309623	 0.499483
 0.405425	 0.499106	 0.498109	 0.125964	-0.104732	 0.173523	 0.499481	 0.850495	-0.001328	 0.498438	 0.403969	 0.499483
 0.452136	 0.499106	 0.498109	 0.312711	-0.155469	 0.173523	 0.499481	 0.847100	-0.250325	 0.498529	 0.451142	 0.499483
 0.475492	 0.499106	 0.498109	 0.406085	-0.180838	 0.173523	 0.499481	 0.843715	-0.374824	 0.498575	 0.474729	 0.499483
 0.487169	 0.499106	 0.498109	 0.452771	 0.306478	 0.173523	 0.499481	 0.840342	 0.062927	 0.498598	-0.013478	 0.499483
 0.493008	 0.499106	 0.498109	 0.476115	 0.548548	 0.173523	 0.499481	 0.836981	 0.280801	 0.498609	-0.256578	 0.499483
-0.004072	 0.499106	 0.498109	 0.487787	 0.668002	 0.173523	 0.499481	 0.833634	 0.389738	 0.498615	-0.378128	 0.499483
-0.251610	 0.499106	 0.498109	 0.493622	 0.726154	 0.173523	 0.499481	 0.830299	 0.444206	 0.498618	-0.438903	 0.499483
 0.124621	 0.499106	 0.498109	 0.496540	 0.253662	 0.173523	 0.499481	 0.826978	 0.471441	 0.498619	 0.030710	 0.499483
 0.311734	 0.499106	 0.498109	 0.497999	 0.017416	 0.173523	 0.499481	 0.823670	 0.485058	 0.498620	 0.264515	 0.499483
 0.405291	 0.499106	 0.498109	 0.498729	-0.100708	 0.173523	 0.499481	 0.820376	 0.491866	 0.498620	-0.118582	 0.499483
 0.452070	 0.499106	 0.498109	 0.499094	-0.159769	 0.173523	 0.499481	 0.817094	 0.495271	 0.498620	-0.309127	 0.499483
 0.475459	 0.499106	 0.498109	 0.499276	-0.189300	 0.173523	 0.499481	 0.813826	 0.496973	 0.498621	-0.404400	 0.499483
 0.487154	 0.499106	 0.498109	 0.499367	 0.295935	 0.173523	 0.499481	 0.810570	 0.997824	 0.498621	-0.452036	 0.499483
 0.493001	 0.499106	 0.498109	 0.499413	 0.536990	 0.173523	 0.499481	 0.807328	 1.245252	 0.498621	-0.475854	 0.499483
 0.495925	 0.499106	 0.498109	 0.499436	 0.655961	 0.173523	 0.499481	 0.804099	 0.865981	 0.498621	 0.012237	 0.499483
 0.497386	 0.499106	 0.498109	 0.499447	 0.713897	 0.173523	 0.499481	 0.800882	 0.676345	 0.498621	 0.255282	 0.499483
 0.498117	 0.499106	 0.498109	 0.499453	 0.741321	 0.173523	 0.499481	 0.797679	 0.581527	 0.498621	 0.376804	 0.499483
 0.498483	 0.499106	 0.498109	 0.499455	 0.753496	 0.173523	 0.499481	 0.794488	 0.534118	 0.498621	 0.437565	 0.499483
 0.498666	 0.499106	 0.498109	 0.499457	 0.258052	 0.173523	 0.499481	 0.791310	 0.010414	 0.498621	-0.032054	 0.499483
 0.498757	 0.499106	 0.498109	 0.499458	 0.010330	 0.173523	 0.499481	 0.788145	-0.250412	 0.498621	-0.265861	 0.499483
 0.498803	 0.499106	 0.498109	 0.499458	-0.113531	 0.173523	 0.499481	 0.784992	-0.379802	 0.498621	-0.382764	 0.499483
 0.498825	 0.499106	 0.498109	 0.499458	 0.324538	 0.173523	 0.499481	 0.781852	 0.056521	 0.498621	-0.441215	 0.499483
 0.498837	 0.499106	 0.498109	 0.499458	 0.542048	 0.173523	 0.499481	 0.778725	 0.274683	 0.498621	-0.470441	 0.499483
-0.001157	 0.499106	 0.498109	 0.499458	 0.149283	 0.173523	 0.499481	 0.275610	 0.383764	 0.498621	 0.014946	 0.499483
-0.250152	 0.499106	 0.498109	 0.499458	-0.047099	 0.173523	 0.499481	 0.024053	 0.438304	 0.498621	 0.256639	 0.499483
-0.374650	 0.499106	 0.498109	 0.499458	 0.354710	 0.173523	 0.499481	 0.398274	 0.465574	 0.498621	-0.122515	 0.499483
-0.436898	 0.499106	 0.498109	 0.499458	 0.554102	 0.173523	 0.499481	 0.583840	 0.479209	 0.498621	-0.311088	 0.499483
-0.468023	 0.499106	 0.498109	 0.499458	 0.152290	 0.173523	 0.499481	 0.675084	 0.486027	 0.498621	-0.405375	 0.499483
-0.483585	 0.499106	 0.498109	 0.499458	-0.048615	 0.173523	 0.499481	 0.719173	 0.489436	 0.498621	-0.452518	 0.499483
 0.008634	 0.499106	 0.498109	 0.499458	-0.149068	 0.173523	 0.499481	 0.739691	 0.491140	 0.498621	 0.023910	 0.499483
 0.253742	 0.499106	 0.498109	 0.499458	-0.199295	 0.173523	 0.499481	 0.748430	 0.491992	 0.498621	 0.261124	 0.499483
 0.376296	 0.499106	 0.498109	 0.499458	-0.224408	 0.173523	 0.499481	 0.751285	 0.492418	 0.498621	 0.379730	 0.499483
 0.437572	 0.499106	 0.498109	 0.499458	 0.263036	 0.173523	 0.499481	 0.751204	-0.007369	-0.001379	-0.060966	 0.499483
 0.468211	 0.499106	 0.498109	 0.499458	 0.505256	 0.173523	 0.499481	 0.749661	-0.256248	-0.250377	-0.280311	 0.499483
-0.016470	 0.499106	 0.498109	 0.499458	 0.624872	 0.173523	 0.499481	 0.747394	 0.120323	 0.125125	 0.110016	 0.499483
-0.257808	 0.499106	 0.498109	 0.499458	 0.683190	 0.173523	 0.499481	 0.744770	 0.308608	 0.311874	 0.304179	 0.499483
 0.121523	 0.499106	 0.498109	 0.499458	 0.710867	 0.173523	 0.499481	 0.741973	 0.402751	 0.405249	-0.098739	 0.499483
 0.310187	 0.499106	 0.498109	 0.499458	 0.723228	 0.173523	 0.499481	 0.739097	 0.449822	 0.451936	-0.299195	 0.499483
-0.095481	 0.499106	 0.498109	 0.499458	 0.727937	 0.173523	 0.499481	 0.236186	 0.473358	 0.475280	-0.399423	 0.499483
-0.297313	 0.499106	 0.498109	 0.499458	 0.728827	 0.173523	 0.499481	-0.015269	 0.485126	 0.486952	-0.449537	 0.499483
-0.398229	 0.499106	 0.498109	 0.499458	 0.727812	 0.173523	 0.499481	-0.140997	 0.491010	 0.492788	-0.474594	 0.499483
 0.051313	 0.499106	 0.498109	 0.499458	 0.725851	 0.173523	 0.499481	 0.296139	 0.493952	 0.495706	-0.487122	 0.499483
 0.275082	 0.499106	 0.498109	 0.499458	 0.723423	 0.173523	 0.499481	 0.513241	 0.495423	 0.497165	-0.493387	 0.499483
-0.113033	 0.499106	 0.498109	 0.499458	 0.720767	 0.173523	 0.499481	 0.120331	 0.496158	 0.497894	 0.003481	 0.499483
-0.306088	 0.499106	 0.498109	 0.499458	 0.718002	 0.173523	 0.499481	-0.076124	 0.496526	 0.498259	 0.250914	 0.499483
 0.097384	 0.499106	 0.498109	 0.499458	 0.215190	 0.173523	 0.499481	 0.325649	 0.496710	 0.498441	-0.125369	 0.499483
 0.298119	 0.499106	 0.498109	 0.499458	-0.036217	 0.173523	 0.499481	 0.525080	 0.496802	 0.498532	-0.312507	 0.499483
 0.398486	 0.499106	 0.498109	 0.499458	-0.161920	 0.173523	 0.499481	 0.623347	 0.496848	 0.498578	 0.093923	 0.499483
 0.448669	 0.499106	 0.498109	 0.499458	-0.224771	 0.173523	 0.499481	 0.671037	 0.496871	 0.498601	 0.296138	 0.499483
 0.473761	 0.499106	 0.498109	 0.499458	-0.256197	 0.173523	 0.499481	 0.693444	 0.496882	 0.498612	 0.397245	 0.499483
 0.486307	 0.499106	 0.498109	 0.499458	 0.228090	 0.173523	 0.499481	 0.703217	 0.496888	 0.498618	-0.052201	 0.499483
 0.492580	 0.499106	 0.498109	 0.499458	 0.468809	 0.173523	 0.499481	 0.706677	 0.496891	 0.498621	-0.275921	 0.499483
 0.495716	 0.499106	 0.498109	 0.499458	 0.587749	 0.173523	 0.499481	 0.706986	-0.003108	 0.498622	 0.112219	 0.499483
 0.497285	 0.499106	 0.498109	 0.499458	 0.645806	 0.173523	 0.499481	 0.705727	-0.252101	 0.498623	 0.305289	 0.499483
 0.498069	 0.499106	 0.498109	 0.499458	 0.173427	 0.173523	 0.499481	 0.703688	 0.124405	 0.498623	-0.098177	 0.499483
 0.498461	 0.499106	 0.498109	 0.499458	-0.062763	 0.173523	 0.499481	 0.701265	 0.311656	 0.498623	-0.298906	 0.499483
-0.001343	 0.499106	 0.498109	 0.499458	 0.319142	 0.173523	 0.499481	 0.698656	 0.405281	 0.498624	 0.100729	 0.499483
-0.250243	 0.499106	 0.498109	 0.499458	 0.508693	 0.173523	 0.499481	 0.695960	 0.452094	 0.498624	 0.299546	 0.499483
-0.374693	 0.499106	 0.498109	 0.499458	 0.602071	 0.173523	 0.499481	 0.693225	 0.475500	 0.498624	 0.398955	 0.499483
 0.063082	 0.499106	 0.498109	 0.499458	 0.147370	 0.173523	 0.499481	 0.690476	 0.487203	 0.498624	 0.448659	 0.499483
 0.280968	 0.499106	 0.498109	 0.499458	-0.079981	 0.173523	 0.499481	 0.687727	 0.493055	 0.498624	 0.473511	 0.499483
 0.389911	 0.499106	 0.498109	-0.000542	 0.306344	 0.173523	 0.499481	 0.684982	 0.495981	 0.498624	 0.485937	 0.499483
 0.444383	 0.499106	 0.498109	-0.249541	 0.498121	 0.173523	 0.499481	 0.682245	 0.497444	 0.498624	 0.492150	 0.499483
 0.471618	 0.499106	 0.498109	 0.125960	 0.592629	 0.173523	 0.499481	 0.679518	 0.498175	 0.498624	 0.495257	 0.499483
 0.485236	 0.499106	 0.498109	 0.312707	 0.638509	 0.173523	 0.499481	 0.676800	 0.498541	 0.498624	 0.496810	 0.499483
-0.007955	 0.499106	 0.498109	 0.406081	 0.660081	 0.173523	 0.499481	 0.674093	-0.001276	 0.498624	-0.002414	 0.499483
-0.253548	 0.499106	 0.498109	 0.452768	 0.669503	 0.173523	 0.499481	 0.671397	-0.250183	 0.498624	-0.251022	 0.499483
-0.376345	 0.499106	 0.498109	 0.476111	 0.672856	 0.173523	 0.499481	 0.668712	-0.374636	 0.498624	-0.375326	 0.499483
-0.437743	 0.499106	 0.498109	 0.487783	 0.673180	 0.173523	 0.499481	 0.666037	 0.063138	 0.498624	-0.437478	 0.499483
-0.468442	 0.499106	 0.498109	 0.493619	 0.671996	 0.173523	 0.499481	 0.663373	 0.281023	 0.498624	-0.468554	 0.499483
 0.016208	 0.499106	 0.498109	 0.496537	 0.670062	 0.173523	 0.499481	 0.660719	 0.389965	 0.498624	-0.484092	 0.499483
 0.257532	 0.499106	 0.498109	 0.497996	 0.667758	 0.173523	 0.499481	 0.658076	 0.444436	 0.498624	-0.491861	 0.499483
 0.378194	 0.499106	 0.498109	 0.498725	 0.165276	 0.173523	 0.499481	 0.655444	 0.471672	 0.498624	-0.495746	 0.499483
 0.438524	 0.499106	 0.498109	 0.499090	-0.085966	 0.173523	 0.499481	 0.652822	 0.485290	 0.498624	-0.497688	 0.499483
-0.031310	 0.499106	 0.498109	 0.499272	 0.288414	 0.173523	 0.499481	 0.650211	 0.492098	 0.498624	 0.001341	 0.499483
-0.265225	 0.499106	 0.498109	 0.499363	 0.474278	 0.173523	 0.499481	 0.647610	 0.495503	 0.498624	 0.249854	 0.499483
-0.382183	 0.499106	 0.498109	 0.499409	 0.565890	 0.173523	 0.499481	 0.645020	 0.497205	 0.498624	 0.374111	 0.499483
-0.440661	 0.499106	 0.498109	 0.499432	 0.610381	 0.173523	 0.499481	 0.642440	 0.498056	 0.498624	 0.436240	 0.499483
-0.469901	 0.499106	 0.498109	 0.499443	 0.631316	 0.173523	 0.499481	 0.639870	 0.498482	 0.498624	 0.467304	 0.499483
 0.015480	 0.499106	 0.498109	 0.499449	 0.640480	 0.173523	 0.499481	 0.637311	 0.498695	 0.498624	 0.482836	 0.499483
 0.257168	 0.499106	 0.498109	 0.499452	 0.643762	 0.173523	 0.499481	 0.634761	 0.498801	 0.498624	 0.490602	 0.499483
 0.378012	 0.499106	 0.498109	 0.499453	 0.644109	 0.173523	 0.499481	 0.632222	 0.498854	 0.498624	 0.494485	 0.499483
 0.438434	 0.499106	 0.498109	 0.499454	 0.642994	 0.173523	 0.499481	 0.629693	 0.498881	 0.498624	 0.496427	 0.499483
 0.468645	 0.499106	 0.498109	 0.499454	 0.641152	 0.173523	 0.499481	 0.627175	-0.001106	 0.498624	-0.002603	 0.499483
 0.483751	 0.499106	 0.498109	 0.499454	 0.638953	 0.173523	 0.499481	 0.624666	-0.250097	 0.498624	-0.251114	 0.499483
 0.491304	 0.499106	 0.498109	 0.499455	 0.636580	 0.173523	 0.499481	 0.622167	-0.374593	 0.498624	-0.375370	 0.499483
 0.495080	 0.499106	 0.498109	 0.499455	 0.134125	 0.173523	 0.499481	 0.619679	 0.063160	 0.498624	 0.062503	 0.499483
 0.496968	 0.499106	 0.498109	 0.499455	-0.117103	 0.173523	 0.499481	 0.617200	 0.281034	 0.498624	 0.280438	 0.499483
 0.497912	 0.499106	 0.498109	 0.499455	 0.257283	 0.173523	 0.499481	 0.614731	 0.389971	 0.498624	-0.110594	 0.499483
 0.498384	 0.499106	 0.498109	 0.499455	 0.443213	 0.173523	 0.499481	 0.612272	 0.444440	 0.498624	-0.305107	 0.499483
 0.498620	 0.499106	 0.498109	 0.499455	 0.034920	 0.173523	 0.499481	 0.609823	 0.471674	 0.498624	 0.097636	 0.499483
 0.498738	 0.499106	 0.498109	 0.499455	-0.169227	 0.173523	 0.499481	 0.607384	 0.485291	 0.498624	 0.298007	 0.499483
-0.001203	 0.499106	 0.498109	 0.499455	 0.228700	 0.173523	 0.499481	 0.604954	-0.007900	 0.498624	 0.398193	 0.499483
-0.250171	 0.499106	 0.498109	 0.499455	 0.426410	 0.173523	 0.499481	 0.602534	-0.253494	 0.498624	 0.448285	 0.499483
-0.374655	 0.499106	 0.498109	 0.499455	 0.524017	 0.173523	 0.499481	 0.600124	-0.376291	 0.498624	 0.473332	 0.499483
-0.436897	 0.499106	 0.498109	 0.499455	 0.571577	 0.173523	 0.499481	 0.597724	 0.062311	 0.498624	 0.485855	 0.499483
-0.468018	 0.499106	 0.498109	 0.499455	 0.594119	 0.173523	 0.499481	 0.595333	 0.280610	 0.498624	 0.492117	 0.499483
 0.016421	 0.499106	 0.498109	 0.499455	 0.104156	 0.173523	 0.499481	 0.592951	 0.389759	 0.498624	-0.004753	 0.499483
 0.257640	 0.499106	 0.498109	 0.499455	-0.140825	 0.173523	 0.499481	 0.590580	 0.444334	 0.498624	-0.252184	 0.499483
 0.378249	 0.499106	 0.498109	-0.000545	 0.236684	 0.173523	 0.499481	 0.588217	 0.471621	 0.498624	-0.375900	 0.499483
 0.438553	 0.499106	 0.498109	-0.249544	 0.424211	 0.173523	 0.499481	 0.585864	 0.485265	 0.498624	-0.437757	 0.499483
 0.468705	 0.499106	 0.498109	 0.125956	 0.516750	 0.173523	 0.499481	 0.083521	 0.492087	 0.498624	-0.468686	 0.499483
 0.483781	 0.499106	 0.498109	 0.312704	 0.561802	 0.173523	 0.499481	-0.167651	 0.495498	 0.498624	-0.484151	 0.499483
 0.491319	 0.499106	 0.498109	 0.406077	 0.583114	 0.173523	 0.499481	-0.293237	 0.497203	 0.498624	-0.491883	 0.499483
 0.495089	 0.499106	 0.498109	 0.452764	 0.092561	 0.173523	 0.499481	 0.143971	 0.498056	 0.498624	-0.495749	 0.499483
 0.496973	 0.499106	 0.498109	 0.476108	-0.152716	 0.173523	 0.499481	 0.361412	 0.498482	 0.498624	-0.497682	 0.499483
-0.002085	 0.499106	 0.498109	 0.487779	 0.224646	 0.173523	 0.499481	 0.468975	 0.498696	 0.498624	-0.498649	 0.499483
-0.250611	 0.499106	 0.498109	 0.493615	 0.412123	 0.173523	 0.499481	 0.521603	 0.498802	 0.498624	-0.499132	 0.499483
-0.374875	 0.499106	 0.498109	 0.496533	 0.004662	 0.173523	 0.499481	 0.546769	 0.498856	 0.498624	 0.000626	 0.499483
-0.437006	 0.499106	 0.498109	 0.497992	-0.199068	 0.173523	 0.499481	 0.558208	 0.498882	 0.498624	 0.249505	 0.499483
-0.468072	 0.499106	 0.498109	-0.001278	 0.199067	 0.173523	 0.499481	 0.562788	-0.001104	 0.498624	-0.126056	 0.499483
-0.483605	 0.499106	 0.498109	-0.249913	 0.396940	 0.173523	 0.499481	 0.563943	-0.250096	 0.498624	-0.312833	 0.499483
 0.008629	 0.499106	 0.498109	 0.125770	-0.005314	 0.173523	 0.499481	 0.563391	-0.374591	 0.498624	-0.406222	 0.499483
 0.253744	 0.499106	 0.498109	 0.312609	-0.206440	 0.173523	 0.499481	 0.561989	 0.063161	 0.498624	 0.047084	 0.499483
 0.376301	 0.499106	 0.498109	 0.406028	-0.307003	 0.173523	 0.499481	 0.560167	 0.281035	 0.498624	 0.272736	 0.499483
 0.437580	 0.499106	 0.498109	 0.452738	 0.142715	 0.173523	 0.499481	 0.558139	-0.110028	 0.498624	-0.114438	 0.499483
 0.468219	 0.499106	 0.498109	 0.476093	 0.366389	 0.173523	 0.499481	 0.556013	-0.304557	 0.498624	-0.307022	 0.499483
-0.016461	 0.499106	 0.498109	 0.487770	 0.477046	 0.173523	 0.499481	 0.553842	 0.098179	 0.498624	 0.096686	 0.499483
-0.257799	 0.499106	 0.498109	 0.493609	 0.531199	 0.173523	 0.499481	 0.551653	 0.298544	 0.498624	 0.297540	 0.499483
 0.121532	 0.499106	 0.498109	-0.003472	 0.057105	 0.173523	 0.499481	 0.549460	 0.398727	 0.498624	 0.397966	 0.499483
 0.310196	 0.499106	 0.498109	-0.251011	-0.179942	 0.173523	 0.499481	 0.547269	 0.448819	 0.498624	 0.448180	 0.499483
 0.404528	 0.499106	 0.498109	 0.125219	 0.201535	 0.173523	 0.499481	 0.545083	 0.473865	 0.498624	 0.473286	 0.499483
 0.451694	 0.499106	 0.498109	 0.312331	 0.391107	 0.173523	 0.499481	 0.542904	 0.486387	 0.498624	 0.485840	 0.499483
 0.475277	 0.499106	 0.498109	 0.405888	 0.484732	 0.173523	 0.499481	 0.540734	 0.492649	 0.498624	 0.492116	 0.499483
 0.487068	 0.499106	 0.498109	 0.452666	 0.530387	 0.173523	 0.499481	 0.538571	 0.495780	 0.498624	 0.495255	 0.499483
 0.492964	 0.499106	 0.498109	 0.476055	 0.552063	 0.173523	 0.499481	 0.536417	 0.497345	 0.498624	 0.496824	 0.499483
-0.004088	 0.499106	 0.498109	 0.487749	 0.561753	 0.173523	 0.499481	 0.534271	 0.498128	 0.498624	 0.497608	 0.499483
-0.251612	 0.499106	 0.498109	 0.493597	 0.565456	 0.173523	 0.499481	 0.532134	 0.498519	 0.498624	 0.498001	 0.499483
 0.124626	 0.499106	 0.498109	 0.496520	 0.566169	 0.173523	 0.499481	 0.530006	 0.498715	 0.498624	-0.001803	 0.499483
 0.311744	 0.499106	 0.498109	 0.497982	 0.565391	 0.173523	 0.499481	 0.527886	 0.498812	 0.498624	-0.250702	 0.499483
 0.405302	 0.499106	 0.498109	 0.498713	 0.563873	 0.173523	 0.499481	 0.525774	 0.498861	 0.498624	-0.375151	 0.499483
 0.452082	 0.499106	 0.498109	 0.499078	 0.561990	 0.173523	 0.499481	 0.523671	 0.498886	 0.498624	-0.437376	 0.499483
 0.475471	 0.499106	 0.498109	 0.499261	 0.559928	 0.173523	 0.499481	 0.521576	 0.498898	 0.498624	-0.468488	 0.499483
 0.487166	 0.499106	 0.498109	 0.499352	 0.557781	 0.173523	 0.499481	 0.519490	 0.498904	 0.498624	-0.484044	 0.499483
 0.493013	 0.499106	 0.498109	 0.499398	 0.555596	 0.173523	 0.499481	 0.517412	 0.498907	 0.498624	-0.491823	 0.499483
 0.495937	 0.499106	 0.498109	 0.499421	 0.053397	 0.173523	 0.499481	 0.515343	-0.001091	 0.498624	-0.495712	 0.499483
 0.497399	 0.499106	 0.498109	 0.499432	-0.197703	 0.173523	 0.499481	 0.513281	-0.250088	 0.498624	-0.497656	 0.499483
 0.498130	 0.499106	 0.498109	 0.499438	 0.176748	 0.173523	 0.499481	 0.511228	 0.125413	 0.498624	-0.498628	 0.499483
 0.498495	 0.499106	 0.498109	 0.499441	 0.362870	 0.173523	 0.499481	 0.509183	 0.312162	 0.498624	-0.499115	 0.499483
-0.001322	 0.499106	 0.498109	-0.000558	 0.454834	 0.173523	 0.499481	 0.507146	 0.405536	 0.498624	-0.499358	 0.499483
-0.250228	 0.499106	 0.498109	-0.249556	 0.499722	 0.173523	 0.499481	 0.505118	 0.452224	 0.498624	-0.499479	 0.499483
 0.125319	 0.499106	 0.498109	 0.125945	 0.521077	 0.173523	 0.499481	 0.503097	-0.024433	 0.498624	 0.000460	 0.499483
 0.312090	 0.499106	 0.498109	 0.312693	 0.530669	 0.173523	 0.499481	 0.501085	-0.261759	 0.498624	 0.249429	 0.499483
 0.405476	 0.499106	 0.498109	 0.406066	 0.534385	 0.173523	 0.499481	 0.500079	 0.119578	 0.498624	 0.373913	 0.499483
 0.452169	 0.499106	 0.498109	 0.452753	 0.535167	 0.173523	 0.499481	 0.499576	 0.309245	 0.498624	 0.436156	 0.499483
 0.475516	 0.499106	 0.498109	 0.476097	 0.534486	 0.173523	 0.499481	 0.499324	 0.404078	 0.498624	-0.032723	 0.499483
 0.487189	 0.499106	 0.498109	 0.487768	 0.533077	 0.173523	 0.499481	 0.499198	 0.451495	 0.498624	-0.266160	 0.499483
-0.006975	 0.499106	 0.498109	 0.493604	 0.531310	 0.173523	 0.499481	 0.499135	 0.475203	 0.498624	-0.382878	 0.499483
-0.253054	 0.499106	 0.498109	 0.496522	 0.529367	 0.173523	 0.499481	 0.499104	 0.487057	 0.498624	-0.441237	 0.499483
-0.376094	 0.499106	 0.498109	 0.497981	 0.527341	 0.173523	 0.499481	 0.499088	 0.492985	 0.498624	-0.470416	 0.499483
 0.062386	 0.499106	 0.498109	 0.498711	 0.025277	 0.173523	 0.499481	 0.499080	 0.495948	 0.498624	 0.014994	 0.499483
 0.280625	 0.499106	 0.498109	 0.499075	-0.225755	 0.173523	 0.499481	 0.499077	 0.497430	 0.498624	 0.256698	 0.499483
