-0.344566	 0.487917	-0.328377	 0.498740	 0.212366	 0.498594	 0.783164	 0.412549	 0.464703	 0.613536	-0.074835	 0.499506
-0.344566	 0.493753	-0.334746	 0.498740	 0.431131	 0.498594	 0.803926	 0.406191	 0.466174	 0.640732	-0.074835	 0.499518
-0.344566	 0.496671	-0.337930	-0.001260	 0.039214	 0.498594	 0.312658	 0.403013	 0.466910	 0.152995	-0.074835	 0.499523
-0.344566	 0.498130	-0.339523	-0.250257	-0.156744	 0.498594	 0.067023	 0.401423	 0.467278	-0.090874	-0.074835	 0.499526
-0.344566	-0.001141	-0.340319	-0.374756	-0.254724	 0.498594	-0.055794	 0.400629	 0.467462	 0.287191	-0.074835	 0.499528
-0.344566	-0.249775	-0.340717	-0.437005	-0.303713	 0.498594	-0.117202	 0.400231	 0.467554	 0.474894	-0.074835	 0.499528
-0.344566	 0.125908	-0.340916	 0.031870	 0.171792	 0.498594	-0.147906	 0.400033	 0.967600	 0.567420	-0.074835	 0.499529
-0.344566	 0.312746	-0.341015	 0.265306	 0.408250	 0.498594	-0.163259	 0.399933	 1.214687	 0.612363	-0.074835	 0.499529
-0.344566	 0.406165	-0.341065	 0.382024	 0.525190	 0.498594	-0.170935	 0.399884	 1.335308	 0.633520	-0.074835	 0.499529
-0.344566	 0.452875	 0.158910	-0.059617	 0.082375	 0.498594	-0.174773	 0.399859	 0.892706	 0.642789	-0.074835	 0.499529
-0.344566	 0.476229	 0.407580	-0.279435	-0.139032	 0.498594	-0.176692	 0.399846	 0.671405	 0.646119	-0.074835	 0.499529
-0.344566	 0.487907	 0.030602	 0.110656	-0.249736	 0.498594	-0.677651	 0.399840	 0.560755	 0.646485	-0.074835	 0.499529
-0.344566	 0.493745	-0.157887	 0.304700	-0.305087	 0.498594	-0.925774	 0.399837	 0.505429	 0.645375	-0.074835	 0.499529
-0.344566	 0.496665	 0.247869	 0.401722	 0.167237	 0.498594	-0.547487	 0.399835	 0.477767	 0.143531	-0.074835	-0.000471
-0.344566	 0.498124	 0.449440	 0.450233	 0.402120	 0.498594	-0.358344	 0.399835	 0.463936	-0.107391	-0.074835	-0.249470
-0.344566	 0.498854	 0.548923	 0.474489	 0.518287	 0.498594	 0.236228	 0.399834	 0.457020	 0.267148	-0.074835	 0.126031
-0.344566	 0.499219	 0.597368	 0.486617	 0.575102	 0.498594	 0.531852	 0.399834	 0.453562	 0.453134	-0.074835	 0.312778
-0.344566	 0.499402	 0.620298	 0.492681	 0.602245	 0.498594	 0.678009	 0.399834	 0.451833	 0.544849	-0.074835	 0.406151
-0.344566	 0.499493	 0.130477	 0.495713	 0.614558	 0.498594	 0.749439	 0.899834	 0.450969	 0.089434	-0.074835	 0.452838
-0.344566	 0.499539	-0.114433	 0.497229	 0.619461	 0.498594	 0.783513	 1.147034	 0.450536	-0.138274	-0.074835	 0.476181
-0.344566	 0.499561	-0.236888	 0.497987	 0.120664	 0.498594	 0.798914	 0.767846	 0.950320	 0.247872	-0.074835	 0.487853
-0.344566	 0.499573	-0.298116	 0.498366	-0.128735	 0.498594	 0.804986	 0.578252	 1.197312	 0.439677	-0.074835	 0.493689
-0.344566	 0.499578	 0.171270	 0.498555	-0.253434	 0.498594	 0.806400	 0.983455	 0.817919	 0.534316	-0.074835	 0.496607
-0.344566	 0.499581	 0.404682	 0.498650	-0.315784	 0.498594	 0.805492	 1.183279	 0.628223	 0.580378	-0.074835	 0.498066
-0.344566	 0.499583	 0.520112	 0.498697	 0.153041	 0.498594	 0.803428	 1.280425	 0.533375	 0.602156	-0.074835	 0.498795
-0.344566	 0.499583	 0.576555	 0.498721	 0.386210	 0.498594	 0.800794	 1.326242	 0.485951	 0.611797	-0.074835	 0.499160
-0.344566	 0.499584	 0.603511	 0.498733	 0.501556	 0.498594	 0.797880	 1.346407	 0.462239	 0.615375	-0.074835	 0.499342
-0.344566	 0.499584	 0.615728	 0.498739	 0.557995	 0.498594	 0.794833	 0.853756	 0.450383	 0.615926	-0.074835	 0.499434
-0.344566	 0.499584	 0.620581	 0.498742	 0.584985	 0.498594	 0.791726	 0.607431	 0.444455	 0.614968	-0.074835	 0.499479
-0.344566	 0.499584	 0.621756	 0.498743	 0.597257	 0.498594	 0.288596	 0.484268	 0.441491	 0.613262	-0.074835	 0.499502
-0.344566	 0.499584	 0.621098	 0.498744	 0.602173	 0.498594	 0.037030	 0.422687	 0.440009	 0.611185	-0.074835	 0.499513
-0.344566	 0.499584	 0.119528	 0.498744	 0.103418	 0.498594	-0.088752	 0.391896	 0.439268	 0.608929	-0.074835	 0.499519
-0.344566	 0.499584	-0.131257	 0.498744	-0.145960	 0.498594	-0.151644	 0.376501	 0.438897	 0.606587	-0.074835	 0.499522
-0.344566	 0.499584	 0.243351	 0.498744	 0.229351	 0.498594	 0.316911	 0.368803	 0.438712	 0.604208	-0.074835	-0.000477
-0.344566	 0.499584	 0.429419	 0.498744	 0.415797	 0.498594	 0.549617	 0.364955	 0.438619	 0.601815	-0.074835	-0.249475
-0.344566	 0.499584	 0.521222	 0.498744	 0.507816	 0.498594	 0.664405	 0.363030	 0.438573	 0.599419	-0.074835	-0.373974
-0.344566	 0.499584	 0.065897	 0.498744	 0.552625	 0.498594	 0.220241	 0.362068	 0.438550	 0.597027	-0.074835	 0.063776
-0.344566	 0.499584	-0.161765	 0.498744	 0.573835	 0.498594	-0.001841	 0.361587	 0.438538	 0.594642	-0.074835	 0.281648
-0.344566	 0.499584	-0.275596	 0.498744	 0.583250	 0.498594	-0.112882	 0.361346	 0.438532	 0.592265	-0.074835	 0.390585
-0.344566	 0.499584	-0.332512	 0.498744	 0.586772	 0.498594	-0.168402	 0.361226	 0.438529	 0.589897	-0.074835	 0.445053
-0.344566	 0.499584	-0.360970	 0.498744	 0.587353	 0.498594	-0.196163	 0.361166	 0.438528	 0.087538	-0.074835	 0.472287
-0.344566	 0.499584	-0.375199	 0.498744	 0.586467	 0.498594	-0.210043	 0.361136	 0.438527	-0.163642	-0.074835	 0.485904
-0.344566	 0.499584	-0.382313	 0.498744	 0.584853	 0.498594	-0.216983	 0.361121	 0.438527	 0.210768	-0.074835	 0.492712
-0.344566	 0.499584	-0.385870	 0.498744	 0.582880	 0.498594	-0.220453	 0.361113	 0.438527	 0.396803	-0.074835	 0.496116
-0.344566	 0.499584	-0.387649	 0.498744	 0.580731	 0.498594	-0.222188	 0.361110	 0.438527	 0.488655	-0.074835	 0.497819
-0.344566	 0.499584	 0.111462	 0.498744	 0.078500	 0.498594	 0.276945	 0.361108	 0.438527	 0.533419	-0.074835	-0.001330
-0.344566	 0.499584	 0.359796	 0.498744	-0.172616	 0.498594	 0.524959	 0.361107	 0.438527	 0.554645	-0.074835	-0.249904
-0.344566	 0.499584	-0.017253	 0.498744	-0.298174	 0.498594	-0.852580	 0.361106	 0.438527	 0.564107	-0.074835	 0.125809
-0.344566	 0.499584	-0.205778	 0.498744	-0.360953	 0.498594	-1.536889	 0.361106	 0.438527	 0.567690	-0.074835	 0.312663
-0.344566	 0.499584	 0.199960	 0.498744	 0.107658	 0.498594	-0.874602	 0.361106	 0.438527	 0.568339	-0.074835	 0.406090
-0.344566	 0.499584	 0.401617	 0.498744	 0.340810	 0.498594	-0.543458	 0.361106	 0.438527	 0.567526	-0.074835	 0.452803
-0.344566	 0.499584	 0.501240	 0.498744	 0.456239	 0.498594	-0.377886	 0.361106	 0.438527	 0.565986	-0.074835	-0.023840
-0.344566	 0.499584	 0.549849	 0.498744	 0.512810	 0.498594	-0.295100	 0.361106	 0.438527	 0.564087	-0.074835	-0.261161
-0.344566	 0.499584	 0.572957	 0.498744	 0.539956	 0.498594	-0.253707	 0.361106	 0.438527	 0.562013	-0.074835	-0.379821
-0.344566	 0.499584	 0.583318	 0.498744	 0.552395	 0.498594	-0.233010	 0.361106	 0.438527	 0.559856	-0.074835	 0.060849
-0.344566	 0.499584	 0.587312	 0.498744	 0.557485	 0.498594	-0.222662	 0.361106	 0.438527	 0.557663	-0.074835	 0.280180
-0.344566	 0.499584	 0.088126	 0.498744	 0.558905	 0.498594	 0.282512	 0.361106	 0.438527	 0.555455	-0.074835	 0.389846
-0.344566	 0.499584	-0.161467	 0.498744	 0.558494	 0.498594	 0.533524	 0.361106	 0.438527	 0.553244	-0.074835	 0.444679
-0.344566	 0.499584	 0.213737	 0.498744	 0.557173	-0.001406	 0.657460	 0.361106	 0.438527	 0.051037	-0.074835	-0.027904
-0.344566	 0.499584	 0.400161	 0.498744	 0.555400	-0.250403	 0.717866	 0.361106	 0.438527	-0.200067	-0.074835	-0.263195
-0.344566	 0.499584	-0.007801	 0.498744	 0.553407	 0.125098	 0.746512	 0.361106	 0.438527	-0.325618	-0.074835	 0.119160
-0.344566	 0.499584	-0.211781	 0.498744	 0.551307	 0.311848	 0.759285	 0.361106	 0.438527	-0.388394	-0.074835	 0.309334
-0.344566	 0.499584	 0.186228	 0.498744	 0.549159	 0.405223	 0.264127	 0.361106	 0.438527	-0.419782	-0.074835	 0.404421
-0.344566	 0.499584	 0.384065	 0.498744	 0.546991	 0.451910	 0.016549	 0.361106	 0.438527	-0.435476	-0.074835	 0.451965
-0.344566	 0.499584	 0.481819	 0.498744	 0.544817	 0.475254	-0.107241	 0.361106	 0.438527	-0.443323	-0.074835	 0.475736
-0.344566	 0.499584	 0.029537	 0.498744	 0.542645	 0.486925	-0.169136	 0.361106	 0.438527	-0.447247	-0.074835	 0.487622
-0.344566	 0.499584	-0.196604	 0.498744	 0.540478	 0.492761	-0.200083	 0.361106	 0.438527	-0.449209	-0.074835	 0.493565
-0.344566	 0.499584	-0.309674	 0.498744	 0.038318	 0.495679	 0.284443	 0.361106	 0.438527	-0.950189	-0.074835	-0.003463
-0.344566	 0.499584	-0.366210	 0.498744	-0.212762	 0.497138	 0.525169	 0.361106	 0.438527	-1.197777	-0.074835	-0.250977
-0.344566	 0.499584	-0.394477	 0.498744	 0.161698	 0.497868	 0.143999	 0.361106	 0.438527	-0.818681	-0.074835	 0.125267
-0.344566	 0.499584	-0.408611	 0.498744	 0.347856	 0.498233	-0.046585	 0.361106	 0.438527	-0.629132	-0.074835	 0.312385
-0.344566	 0.499584	-0.415678	 0.498744	-0.060134	 0.498415	-0.141877	 0.361106	 0.438527	-0.534358	-0.074835	 0.405945
-0.344566	 0.499584	-0.419211	 0.498744	-0.264128	 0.498506	-0.189524	 0.361106	 0.438527	-0.486971	-0.074835	 0.452724
-0.344566	 0.499584	-0.420978	 0.498744	-0.366126	 0.498552	-0.213347	 0.361106	 0.438527	-0.463278	-0.074835	 0.476114
-0.344566	 0.499584	-0.421861	 0.498744	-0.417124	 0.498575	-0.225258	 0.361106	 0.438527	-0.451431	-0.074835	 0.487809
-0.344566	 0.499584	-0.422303	 0.498744	-0.442624	 0.498586	-0.231214	 0.361106	 0.438527	-0.445508	-0.074835	 0.493657
-0.344566	 0.499584	-0.422524	 0.498744	-0.455373	 0.498592	-0.234192	 0.361106	 0.438527	-0.442546	-0.074835	 0.496580
-0.344566	 0.499584	-0.422634	 0.498744	-0.461748	 0.498594	-0.235681	 0.361106	 0.438527	-0.441065	-0.074835	 0.498042
-0.344566	 0.499584	-0.422690	 0.498744	 0.035065	 0.498596	 0.263575	 0.361106	 0.438527	 0.059675	-0.074835	 0.498773
-0.344566	 0.499584	-0.422717	 0.498744	 0.282407	 0.498597	 0.511677	 0.361106	 0.438527	 0.308925	-0.074835	 0.499139
-0.344566	 0.499584	-0.422731	 0.498744	 0.405019	 0.498597	 0.134208	 0.361106	 0.438527	-0.067567	-0.074835	-0.000679
-0.344566	 0.499584	-0.422738	 0.498744	 0.465269	 0.498597	-0.054526	 0.361106	 0.438527	-0.255813	-0.074835	-0.249586
-0.344566	 0.499584	-0.422741	 0.498744	 0.494344	 0.498597	-0.148893	 0.361106	 0.438527	-0.349936	-0.074835	-0.374040
-0.344566	 0.499584	-0.422743	 0.498744	 0.507834	 0.498597	-0.196077	 0.361106	 0.438527	-0.396997	-0.074835	 0.063733
-0.344566	 0.499584	-0.422744	 0.498744	 0.513537	 0.498597	-0.219668	 0.361106	 0.438527	-0.420528	-0.074835	 0.281617
-0.344566	 0.499584	-0.422744	 0.498744	 0.015349	 0.498597	 0.268536	 0.361106	 0.438527	 0.067707	-0.074835	 0.390558
-0.344566	 0.499584	-0.422745	 0.498744	-0.233744	 0.498597	 0.511124	 0.361106	 0.438527	 0.310712	-0.074835	 0.445029
-0.344566	 0.499584	-0.422745	 0.498744	 0.141709	 0.498597	 0.630911	 0.861106	 0.438527	 0.431108	-0.074835	 0.472265
-0.344566	 0.499584	-0.422745	 0.498744	 0.328401	 0.498597	 0.689303	 1.108384	 0.438527	 0.490202	-0.074835	 0.485882
-0.344566	 0.499584	 0.077255	-0.001256	 0.420717	 0.498597	 0.217004	 0.729311	 0.438527	 0.518651	-0.074835	 0.492691
-0.344566	 0.499584	 0.326101	-0.250253	 0.465849	 0.498597	-0.019146	 0.539775	 0.438527	 0.531781	-0.074835	 0.496096
-0.344566	 0.499584	 0.449374	-0.374752	 0.487393	 0.498597	-0.137221	 0.445007	 0.438527	 0.537256	-0.074835	 0.497798
-0.344566	 0.499584	 0.009865	 0.062999	 0.497147	 0.498597	-0.196258	 0.397623	 0.438527	 0.038909	-0.074835	 0.498649
-0.344566	 0.499584	-0.209890	 0.280873	 0.501010	 0.498597	-0.225777	 0.373931	 0.438527	-0.210265	-0.074835	 0.499075
-0.344566	 0.499584	 0.180233	 0.389810	 0.501932	 0.498597	 0.259464	 0.862085	 0.438527	 0.165148	-0.074835	 0.499287
-0.344566	 0.499584	 0.374154	 0.444278	 0.501388	 0.498597	 0.500595	 1.103461	 0.438527	 0.351773	-0.074835	 0.499394
-0.344566	 0.499584	-0.030022	 0.471512	 0.500113	 0.498597	 0.619677	 1.221460	 0.438527	 0.444009	-0.074835	 0.499447
-0.344566	 0.499584	-0.232110	 0.485129	 0.499476	 0.498597	 0.677740	 1.277780	 0.438527	 0.489054	-0.074835	 0.499474
-0.344566	 0.499584	 0.166846	 0.491938	 0.499158	 0.498597	 0.205300	 0.803272	 0.938527	 0.510509	-0.074835	 0.499487
-0.344566	 0.499584	 0.365193	 0.495342	 0.498999	 0.498597	-0.030920	 0.566018	 1.185650	 0.520172	-0.074835	 0.499493
-0.344566	 0.499584	 0.463239	 0.497044	 0.498919	 0.498597	-0.149030	 0.447391	 1.306345	 0.523944	-0.074835	 0.499497
-0.344566	 0.499584	 0.511139	 0.497895	-0.001121	 0.498597	 0.291915	 0.388078	 0.863839	 0.524775	-0.074835	 0.499498
-0.344566	 0.499584	 0.533971	 0.498321	-0.250138	 0.498597	 0.510922	 0.358421	 0.642586	 0.524139	-0.074835	 0.499499
-0.344566	 0.499584	 0.544274	 0.498534	 0.125353	 0.498597	 0.618966	 0.843593	 0.531960	 0.522774	-0.074835	 0.499500
-0.344566	 0.499584	 0.548316	 0.498640	 0.312097	 0.498597	 0.671534	 1.083521	 0.476646	 0.521049	-0.074835	 0.499500
-0.344566	 0.499584	 0.549232	 0.498693	 0.405469	 0.498597	 0.696369	 1.200838	 0.448990	 0.519147	-0.074835	 0.499500
-0.344566	 0.499584	 0.548590	 0.498720	 0.452155	 0.498597	 0.707345	 1.256860	 0.435162	 0.517162	-0.074835	 0.499500
-0.344566	 0.499584	 0.047173	 0.498733	-0.024502	 0.498597	 0.711396	 0.782246	 0.928247	 0.515139	-0.074835	-0.000500
-0.344566	 0.499584	-0.203535	 0.498740	-0.261829	 0.498597	 0.711990	 0.544938	 1.171948	 0.513102	-0.074835	-0.249499
-0.344566	 0.499584	-0.328890	 0.498743	-0.380492	 0.498597	 0.710863	 0.426285	 1.290966	 0.511061	-0.074835	-0.373998
-0.344566	 0.499584	 0.108433	 0.498745	 0.060177	 0.498597	 0.708879	 0.366958	 0.847656	 0.509022	-0.074835	 0.063752
-0.344566	 0.499584	 0.326003	 0.498746	 0.279509	 0.498597	 0.706474	 0.337295	 0.626001	 0.506989	-0.074835	 0.281624
-0.344566	 0.499584	-0.066299	 0.498746	 0.389176	 0.498597	 0.703863	 0.322463	 0.515173	 0.504962	-0.074835	-0.109440
-0.344566	 0.499584	-0.262450	 0.498746	 0.444009	 0.498597	 0.701155	 0.315047	 0.459759	 0.502943	-0.074835	-0.303971
-0.344566	 0.499584	-0.360526	 0.498746	 0.471425	 0.498597	 0.198404	 0.311339	 0.432052	 0.500932	-0.074835	-0.401236
-0.344566	 0.499584	-0.409563	 0.498746	 0.485134	 0.498597	-0.052971	 0.309485	 0.418199	 0.499926	-0.074835	-0.449869
-0.344566	 0.499584	-0.434082	-0.001254	 0.491988	 0.498597	 0.321341	 0.308558	 0.411272	 0.499423	-0.074835	 0.025814
-0.344566	 0.499584	-0.446342	-0.250251	 0.495415	 0.498597	 0.507106	 0.308095	 0.407809	 0.499172	-0.074835	 0.262653
-0.344566	 0.499584	-0.452471	-0.374750	 0.497128	 0.498597	 0.598602	 0.307863	 0.406077	 0.499046	-0.074835	 0.381073
-0.344566	 0.499584	-0.455536	 0.063001	 0.497985	 0.498597	 0.142970	 0.307747	 0.405211	 0.498983	-0.074835	 0.440282
-0.344566	 0.499584	-0.457069	 0.280875	 0.498414	 0.498597	-0.084845	 0.307689	 0.404778	 0.498952	-0.074835	 0.469887
-0.344566	 0.499584	 0.042165	 0.389812	 0.498628	 0.498597	 0.301247	 0.307660	 0.404562	 0.498936	-0.074835	 0.484690
-0.344566	 0.499584	 0.290699	 0.444280	 0.498735	 0.498597	 0.492918	 0.307646	 0.404454	 0.498928	-0.074835	 0.492091
-0.344566	 0.499584	 0.413888	 0.471514	 0.498788	-0.001403	 0.087384	 0.307638	 0.404399	 0.498924	-0.074835	-0.004208
-0.344566	 0.499584	 0.474408	 0.485131	 0.498815	-0.250400	-0.115382	 0.307635	 0.404372	 0.498922	-0.074835	-0.251357
-0.344566	 0.499584	 0.003598	 0.491940	 0.498829	 0.125102	-0.216766	 0.307633	 0.404359	-0.001079	-0.074835	 0.125069
-0.344566	 0.499584	-0.231807	 0.495344	 0.498835	 0.311851	-0.267457	 0.307632	 0.404352	-0.250077	-0.074835	 0.312278
-0.344566	 0.499584	-0.349509	 0.497046	 0.498839	 0.405226	-0.292803	 0.307632	 0.404349	-0.374576	-0.074835	 0.405883
-0.344566	 0.499584	 0.091640	 0.497897	 0.498840	 0.451913	-0.305476	 0.307631	 0.404347	 0.063174	-0.074835	-0.047314
-0.344566	 0.499584	 0.311148	 0.498323	 0.498841	 0.475257	-0.311813	 0.307631	 0.404346	 0.281048	-0.074835	-0.272912
-0.344566	 0.499584	 0.419841	 0.498536	 0.498842	 0.486929	 0.185019	 0.307631	 0.404346	 0.389984	-0.074835	 0.114289
-0.344566	 0.499584	 0.473131	 0.498642	 0.498842	 0.492765	 0.432071	 0.307631	 0.404346	 0.444453	-0.074835	 0.306887
-0.344566	 0.499584	-0.001277	 0.498695	 0.498842	 0.495683	 0.054239	 0.307631	-0.095655	 0.471687	-0.074835	 0.403185
-0.344566	 0.499584	-0.238481	 0.498722	 0.498842	 0.497142	-0.134677	 0.307631	-0.344463	 0.485304	-0.074835	 0.451335
-0.344566	 0.499584	-0.357083	 0.498735	 0.498842	 0.497871	 0.270865	 0.307631	 0.032319	 0.492112	-0.074835	 0.475410
-0.344566	 0.499584	-0.416384	 0.498742	 0.498842	 0.498236	 0.472283	 0.307631	 0.220710	 0.495517	-0.074835	 0.487447
-0.344566	 0.499584	-0.446035	 0.498745	 0.498842	 0.498418	 0.571645	 0.307631	 0.314906	 0.497219	-0.074835	 0.493466
-0.344566	 0.499584	-0.460860	 0.498747	 0.498842	 0.498509	 0.619984	 0.307631	 0.362003	 0.498070	-0.074835	 0.496475
-0.344566	 0.499584	-0.468273	 0.498748	 0.498842	 0.498555	 0.642816	 0.307631	 0.385552	 0.498495	-0.074835	 0.497980
-0.344566	 0.499584	-0.471979	 0.498748	 0.498842	 0.498578	 0.152902	 0.307631	 0.397327	 0.498708	-0.074835	 0.498732
-0.344566	 0.499584	-0.473832	 0.498748	 0.498842	 0.498589	-0.092056	 0.307631	 0.403214	 0.498815	-0.074835	 0.499108
-0.344566	 0.499584	-0.474759	 0.498748	 0.498842	 0.498595	-0.214535	 0.307631	 0.406157	 0.498868	-0.074835	 0.499296
-0.344566	 0.499584	-0.475222	 0.498748	 0.498842	 0.498598	-0.275774	 0.307631	 0.407629	 0.498894	-0.074835	 0.499390
-0.344566	 0.499584	 0.024546	 0.498749	 0.498842	 0.498599	 0.193606	 0.307631	 0.408365	 0.498908	-0.074835	 0.499437
-0.344566	 0.499584	 0.273382	 0.498749	 0.498842	 0.498600	 0.426970	 0.307631	 0.408733	 0.498914	-0.074835	 0.499461
-0.344566	 0.499584	 0.396755	 0.498749	 0.498842	 0.498600	 0.542332	 0.307631	 0.408917	 0.498918	-0.074835	 0.499473
-0.344566	 0.499584	-0.042598	 0.498749	 0.498842	 0.498600	 0.598697	 0.307631	 0.409009	-0.001081	-0.074835	 0.499478
-0.344566	 0.499584	-0.262275	 0.498749	 0.498842	 0.498600	 0.625570	 0.307631	 0.409055	-0.250078	-0.074835	 0.499481
-0.344566	 0.499584	 0.127886	 0.498749	 0.498842	 0.498600	 0.137701	 0.307631	 0.909078	 0.125424	-0.074835	 0.499483
-0.344566	 0.499584	 0.321931	 0.498749	 0.498842	 0.498600	-0.106233	 0.307631	 1.156271	 0.312173	-0.074835	 0.499484
-0.344566	 0.499584	-0.082078	 0.498749	 0.498842	 0.498600	 0.271800	 0.307631	 0.777061	 0.405547	-0.074835	 0.499484
-0.344566	 0.499584	-0.284083	 0.498749	 0.498842	 0.498600	 0.459516	 0.307631	 0.587456	 0.452234	-0.074835	 0.499484
-0.344566	 0.499584	-0.385086	 0.498749	 0.498842	 0.498600	 0.552080	 0.307631	 0.492653	 0.475578	-0.074835	 0.499484
-0.344566	 0.499584	-0.435587	 0.498749	 0.498842	 0.498600	 0.597073	 0.307631	 0.445252	 0.487250	-0.074835	 0.499484
-0.344566	 0.499584	-0.460837	 0.498749	 0.498842	 0.498600	 0.618285	 0.307631	 0.421551	 0.493086	-0.074835	 0.499484
-0.344566	 0.499584	-0.473463	 0.498749	 0.498842	 0.498600	 0.627612	 0.307631	 0.409701	 0.496004	-0.074835	 0.499484
-0.344566	 0.499584	-0.479775	 0.498749	 0.498842	 0.498600	 0.631002	 0.307631	 0.403776	 0.497463	-0.074835	 0.499484
-0.344566	 0.499584	-0.482932	 0.498749	-0.001158	-0.001400	 0.631428	 0.307631	-0.099187	 0.498192	-0.074835	 0.499484
-0.344566	 0.499584	-0.484510	 0.498749	-0.250156	-0.250397	 0.630377	 0.307631	-0.349464	 0.498557	-0.074835	 0.499484
-0.344566	 0.499584	-0.485299	 0.498749	 0.125345	 0.125105	 0.628593	 0.307631	 0.026597	-0.001261	-0.074835	-0.000516
-0.344566	 0.499584	-0.485694	 0.498749	 0.312094	 0.311854	 0.626448	 0.307631	 0.214628	-0.250167	-0.074835	-0.249515
-0.344566	 0.499584	 0.014109	 0.498749	 0.405469	 0.405229	 0.624126	 0.307631	 0.308643	 0.125379	-0.074835	 0.125986
-0.344566	 0.499584	 0.262983	 0.498749	 0.452156	 0.451916	 0.621722	 0.307631	 0.355651	 0.312151	-0.074835	 0.312733
-0.344566	 0.499584	 0.386396	 0.498749	 0.475500	 0.475260	 0.619281	 0.307631	 0.379155	 0.405536	-0.074835	 0.406107
-0.344566	 0.499584	 0.447083	 0.498749	 0.487171	 0.486932	 0.616827	 0.307631	 0.390906	-0.047771	-0.074835	 0.452794
-0.344566	 0.499584	 0.476411	 0.498749	 0.493007	 0.492768	 0.614371	 0.307631	 0.396782	-0.273422	-0.074835	 0.476137
-0.344566	 0.499584	-0.009937	 0.498749	 0.495925	 0.495686	 0.611920	 0.307631	 0.399720	 0.113752	-0.074835	 0.487809
-0.344566	 0.499584	-0.253111	 0.498749	 0.497384	 0.497145	 0.609475	 0.307631	 0.401189	 0.306338	-0.074835	 0.493645
-0.344566	 0.499584	 0.125302	 0.498749	 0.498114	 0.497874	 0.107038	 0.307631	 0.401924	 0.402630	-0.074835	 0.496562
-0.344566	 0.499584	 0.313502	 0.498749	 0.498478	 0.498239	-0.144180	 0.307631	 0.402291	 0.450777	-0.074835	 0.498021
-0.344566	 0.499584	-0.093402	 0.498749	 0.498661	 0.498421	-0.269789	 0.307631	 0.902475	 0.474850	-0.074835	 0.498751
-0.344566	 0.499584	-0.295854	 0.498749	 0.498752	 0.498512	-0.332593	 0.307631	 1.149761	 0.486886	-0.074835	 0.499116
-0.344566	 0.499584	 0.102921	 0.498749	 0.498798	 0.498558	 0.136004	 0.307631	 0.770610	-0.007095	-0.074835	 0.499298
-0.344566	 0.499584	 0.301305	 0.498749	 0.498820	 0.498581	 0.369094	 0.307631	 0.581035	-0.253084	-0.074835	 0.499389
-0.344566	 0.499584	 0.400496	 0.498749	 0.498832	 0.498592	 0.484434	 0.307631	 0.486247	-0.376079	-0.074835	 0.499435
-0.344566	 0.499584	-0.049908	 0.498749	 0.498837	 0.498598	 0.040905	 0.307631	 0.938853	 0.062424	-0.074835	 0.499458
-0.344566	 0.499584	-0.274109	 0.498749	 0.498840	 0.498601	-0.180860	 0.307631	 1.162374	 0.280674	-0.074835	 0.499469
-0.344566	 0.499584	-0.386210	 0.498749	-0.001158	 0.498602	-0.291742	 0.307631	 0.771362	 0.389799	-0.074835	 0.499475
-0.344566	 0.499584	-0.442260	 0.498749	-0.250155	 0.498603	-0.347183	 0.307631	 0.575856	 0.444361	-0.074835	 0.499478
-0.344566	 0.499584	-0.470285	 0.498749	-0.374654	 0.498603	 0.125096	 0.307631	 0.478103	 0.471642	-0.074835	 0.499479
-0.344566	 0.499584	-0.484298	 0.498749	-0.436903	 0.498603	 0.360041	 0.307631	 0.429227	 0.485283	-0.074835	 0.499480
-0.344566	 0.499584	 0.008696	 0.498749	-0.468028	 0.498604	 0.476324	 0.307631	 0.404788	 0.492103	-0.074835	 0.499480
-0.344566	 0.499584	 0.254189	 0.498749	-0.483590	 0.498604	 0.533280	 0.307631	 0.392569	 0.495513	-0.074835	 0.499480
-0.344566	 0.499584	 0.376936	 0.498749	-0.491371	 0.498604	 0.560577	 0.307631	 0.386460	 0.497218	-0.074835	 0.499480
-0.344566	 0.499584	-0.061691	 0.498749	 0.004738	 0.498604	 0.573050	 0.307631	 0.383405	 0.498071	-0.074835	 0.499480
-0.344566	 0.499584	-0.280003	 0.498749	 0.251791	 0.498604	 0.578116	 0.307631	 0.381877	 0.498497	-0.074835	 0.499480
-0.344566	 0.499584	-0.389160	 0.498749	 0.375318	 0.498604	 0.579482	 0.307631	 0.381114	-0.001290	-0.074835	 0.499480
-0.344566	 0.499584	-0.443738	 0.498749	 0.437081	 0.498604	 0.579004	 0.307631	 0.380732	-0.250181	-0.074835	 0.499480
-0.344566	 0.499584	 0.028973	 0.498749	 0.467963	 0.498604	 0.577607	 0.307631	 0.380541	 0.125373	-0.074835	 0.499480
-0.344566	 0.499584	 0.264325	 0.498749	 0.483404	 0.498604	 0.575757	 0.307631	 0.380446	 0.312149	-0.074835	 0.499480
-0.344566	 0.499584	-0.117999	 0.498749	 0.491124	 0.498604	 0.573684	 0.307631	 0.380398	 0.405536	-0.074835	 0.499480
-0.344566	 0.499584	-0.308160	 0.498749	 0.494984	 0.498604	 0.571504	 0.307631	 0.380374	 0.452230	-0.074835	 0.499480
-0.344566	 0.499584	-0.403241	 0.498749	 0.496914	 0.498604	 0.569275	 0.307631	 0.380362	 0.475577	-0.074835	 0.499480
-0.344566	 0.499584	 0.049219	 0.498749	 0.497879	 0.498604	 0.067027	 0.307631	 0.380356	-0.012749	-0.074835	 0.499480
-0.344566	 0.499584	 0.274445	 0.498749	 0.498362	 0.498604	-0.184097	 0.307631	 0.380353	-0.255911	-0.074835	 0.499480
-0.344566	 0.499584	 0.387059	 0.498749	-0.001397	 0.498604	-0.309659	 0.307631	 0.380352	 0.122509	-0.074835	 0.499480
-0.344566	 0.499584	 0.443365	 0.498749	-0.250274	 0.498604	-0.372440	 0.307631	 0.380351	 0.310717	-0.074835	 0.499480
-0.344566	 0.499584	 0.471519	 0.498749	 0.125288	 0.498604	 0.096169	 0.307631	 0.380350	 0.404821	-0.074835	 0.499480
-0.344566	 0.499584	 0.485595	 0.498749	 0.312067	 0.498604	 0.329344	 0.307631	 0.380350	 0.451873	-0.074835	 0.499480
-0.344566	 0.499584	-0.007366	 0.498749	 0.405456	 0.498604	 0.444807	 0.307631	 0.380350	 0.475399	-0.074835	 0.499480
-0.344566	 0.499584	-0.252847	 0.498749	 0.452151	 0.498604	 0.501418	 0.307631	 0.380350	 0.487162	-0.074835	 0.499480
-0.344566	 0.499584	-0.375587	 0.498749	 0.475498	 0.498604	 0.528607	 0.307631	 0.380350	 0.493043	-0.074835	 0.499480
-0.344566	 0.499584	 0.063043	 0.498749	-0.012828	 0.498604	 0.541090	 0.307631	 0.880350	 0.495984	-0.074835	 0.499480
-0.344566	 0.499584	 0.281355	 0.498749	-0.255989	 0.498604	 0.546224	 0.307631	 1.127589	 0.497454	-0.074835	 0.499480
-0.344566	 0.499584	 0.390511	-0.001251	-0.377569	 0.498604	 0.047689	 0.307631	 0.748459	-0.001811	-0.074835	 0.499480
-0.344566	 0.499584	 0.445089	-0.250249	-0.438360	 0.498604	-0.201579	 0.307631	 0.558894	-0.250441	-0.074835	 0.499480
-0.344566	 0.499584	 0.472378	 0.125252	 0.031245	 0.498604	-0.826213	 0.307631	 0.964112	 0.125244	-0.074835	 0.499480
-0.344566	 0.499584	 0.486022	 0.312001	 0.265046	 0.498604	-1.135628	 0.307631	 1.163982	 0.312085	-0.074835	 0.499480
-0.344566	 0.499584	 0.492844	 0.405376	 0.381946	-0.001396	-0.787446	 0.307631	 1.261189	 0.405505	-0.074835	 0.499480
-0.344566	 0.499584	 0.496255	 0.452063	 0.440397	-0.250394	-0.613354	 0.307631	 1.307076	 0.452215	-0.074835	 0.499480
-0.344566	 0.499584	 0.497961	 0.475407	 0.469622	-0.374892	-0.526309	 0.307631	 1.327314	 0.475570	-0.074835	 0.499480
-0.344566	 0.499584	 0.498814	 0.487079	 0.484234	 0.062859	 0.017214	 0.807631	 0.834737	 0.487248	-0.074835	 0.499480
-0.344566	 0.499584	 0.499240	 0.492915	 0.491541	 0.280733	 0.287854	 1.055016	 0.588449	 0.493086	-0.074835	 0.499480
-0.344566	 0.499584	 0.499453	 0.495833	 0.495194	 0.389670	 0.422057	 0.676103	 0.465305	 0.496006	-0.074835	 0.499480
-0.344566	 0.499584	 0.499560	 0.497292	 0.497020	 0.444138	 0.488046	 0.486647	 0.403733	 0.497466	-0.074835	 0.499480
-0.344566	 0.499584	 0.499613	 0.498021	 0.497934	 0.471373	 0.519932	 0.391919	 0.372947	-0.001805	-0.074835	 0.499480
-0.344566	 0.499584	 0.499640	 0.498386	 0.498390	 0.484990	 0.534772	 0.344555	 0.357554	-0.250438	-0.074835	 0.499480
-0.344566	 0.499584	 0.499653	 0.498568	 0.498619	 0.491798	 0.541093	 0.320873	 0.349858	-0.374754	-0.074835	 0.499480
-0.344566	 0.499584	 0.499660	 0.498659	 0.498733	 0.495203	 0.543158	 0.309032	 0.346009	-0.436912	-0.074835	 0.499480
-0.344566	 0.499584	 0.499663	 0.498705	 0.498790	 0.496905	 0.543100	 0.303112	 0.344085	-0.467991	-0.074835	 0.499480
-0.344566	 0.499584	 0.499665	 0.498728	 0.498818	 0.497756	 0.541985	 0.300151	 0.343123	 0.016469	-0.074835	 0.499480
-0.344566	 0.499584	 0.499666	 0.498739	 0.498833	 0.498181	 0.540346	 0.298671	 0.342642	 0.257697	-0.074835	 0.499480
-0.344566	 0.499584	-0.000334	 0.498745	 0.498840	 0.498394	 0.538449	 0.297931	 0.342402	-0.121688	-0.074835	 0.499480
-0.344566	 0.499584	-0.249333	 0.498748	 0.498843	 0.498500	 0.536428	 0.297561	 0.342281	-0.310379	-0.074835	 0.499480
-0.344566	 0.499584	-0.373833	 0.498749	 0.498845	 0.498554	 0.534348	 0.297376	 0.342221	 0.095275	-0.074835	-0.000520
-0.344566	 0.499584	-0.436082	 0.498750	 0.498846	 0.498580	 0.532244	 0.297284	 0.342191	 0.297101	-0.074835	-0.249519
-0.344566	 0.499584	-0.467207	 0.498750	 0.498846	 0.498594	 0.030131	 0.297237	-0.157824	 0.398014	-0.074835	 0.125982
-0.344566	 0.499584	-0.482770	 0.498750	 0.498847	 0.498600	-0.220925	 0.297214	-0.406516	 0.448470	-0.074835	 0.312729
-0.344566	 0.499584	-0.490551	 0.498750	 0.498847	 0.498603	-0.346453	 0.297203	-0.529551	 0.473698	-0.074835	 0.406103
-0.344566	 0.499584	 0.005559	 0.498750	 0.498847	 0.498605	 0.090783	 0.797197	-0.089764	 0.486312	-0.074835	 0.452790
-0.344566	 0.499584	 0.252610	 0.498750	 0.498847	 0.498606	 0.308345	 1.044600	 0.130130	 0.492619	-0.074835	 0.476133
-0.344566	 0.499584	-0.123864	 0.498751	-0.001153	 0.498606	 0.416074	 0.665717	 0.240077	 0.495773	-0.074835	 0.487805
-0.344566	 0.499584	-0.311101	 0.498751	-0.250151	 0.498607	 0.468891	 0.476276	 0.295050	 0.497350	-0.074835	 0.493641
-0.344566	 0.499584	-0.404719	 0.498751	 0.125350	 0.498607	-0.005744	 0.381555	 0.322537	 0.498138	-0.074835	 0.496559
-0.344566	 0.499584	-0.451528	 0.498751	 0.312099	 0.498607	-0.243062	 0.334195	 0.336280	 0.498532	-0.074835	 0.498018
-0.344566	 0.499584	 0.025067	 0.498751	-0.094526	 0.498607	-0.361720	 0.310514	 0.343152	 0.498729	-0.074835	 0.498747
-0.344566	 0.499584	 0.262362	 0.498751	-0.296837	 0.498607	-0.421050	 0.298674	 0.346588	 0.498828	-0.074835	 0.499112
-0.344566	 0.499584	 0.381009	 0.498751	-0.397992	 0.498607	-0.450714	 0.292754	 0.348306	 0.498877	-0.074835	 0.499294
-0.344566	 0.499584	-0.059668	 0.498751	 0.051430	 0.498607	 0.034453	 0.289794	 0.349165	 0.498902	-0.074835	 0.499385
-0.344566	 0.499584	-0.279005	 0.498751	 0.275140	 0.498607	 0.275998	 0.288314	 0.349594	 0.498914	-0.074835	 0.499431
-0.844566	 0.499584	-0.388674	 0.498751	 0.386995	 0.498607	-0.104265	 0.287574	 0.349809	 0.498920	-0.074835	 0.499454
-1.091877	 0.499584	-0.443508	 0.498751	 0.442922	 0.498607	-0.294396	 0.287204	 0.349916	 0.498923	-0.074835	 0.499465
-0.712854	 0.499584	 0.029075	 0.498751	-0.029114	 0.498607	 0.110538	 0.287019	 0.349970	 0.498925	-0.074835	 0.499471
-0.523343	 0.499584	 0.264363	 0.498751	-0.264130	 0.498607	 0.311974	 0.286927	 0.349997	 0.498926	-0.074835	 0.499474
-0.428587	 0.499584	-0.117993	 0.498751	-0.381638	 0.498607	 0.411665	 0.286880	 0.850010	 0.498926	-0.074835	 0.499475
-0.381209	 0.499584	-0.308171	 0.498751	-0.440392	 0.498607	 0.460488	 0.286857	 1.097317	 0.498926	-0.074835	 0.499476
-0.357520	 0.499584	-0.403259	 0.498751	-0.469769	 0.498607	 0.483881	 0.286846	 1.218281	 0.498926	-0.074835	 0.499476
-0.345676	 0.499584	-0.450804	 0.498751	 0.015542	 0.498607	 0.494563	 0.286840	 0.776084	-0.001074	-0.074835	 0.499476
-0.339753	 0.499584	-0.474576	 0.498751	 0.257196	 0.498607	 0.498894	 0.286837	 0.554986	-0.250072	-0.074835	 0.499476
-0.336792	 0.499584	-0.486462	 0.498751	 0.378023	 0.498607	 0.500052	 0.286836	 0.444437	 0.125430	-0.074835	 0.499476
-0.335312	 0.499584	-0.492405	 0.498751	 0.438437	 0.498607	 0.499629	 0.286835	 0.389163	 0.312178	-0.074835	 0.499477
-0.334571	 0.499584	-0.495376	 0.498751	 0.468644	 0.498607	-0.000582	 0.286835	 0.861525	-0.094447	-0.074835	 0.499477
-0.334201	 0.499584	-0.496862	 0.498751	 0.483747	 0.498607	-0.249686	 0.286834	 1.095039	-0.296758	-0.074835	 0.499477
-0.334016	 0.499584	-0.497605	 0.498751	 0.491299	 0.498607	-0.374239	 0.286834	 0.709139	 0.102087	-0.074835	 0.499477
-0.333924	 0.499584	-0.497976	 0.498751	 0.495075	 0.498607	-0.436515	 0.286834	 0.516188	 0.300507	-0.074835	 0.499477
-0.333877	 0.499584	 0.001838	 0.498751	 0.496963	 0.498607	 0.032347	 0.286834	 0.419713	 0.399717	-0.074835	 0.499477
-0.333854	 0.499584	 0.250742	 0.498751	 0.497906	 0.498607	 0.265776	 0.286834	 0.371476	 0.449322	-0.074835	 0.499477
-0.333843	 0.499584	 0.375194	 0.498751	 0.498378	 0.498607	 0.382490	 0.286834	 0.347357	 0.474125	-0.074835	 0.499477
-0.333837	 0.499584	 0.437420	 0.498751	 0.498614	 0.498607	 0.440847	 0.286834	 0.335298	 0.486526	-0.074835	 0.499477
-0.333834	 0.499584	 0.468533	 0.498751	 0.498732	 0.498607	 0.470026	 0.286834	 0.329268	 0.492727	-0.074835	 0.499477
-0.333833	 0.499584	 0.484089	 0.498751	-0.001209	 0.498607	-0.015385	 0.286834	 0.326253	 0.495827	-0.074835	 0.499477
-0.333832	 0.499584	 0.491867	 0.498751	-0.250177	 0.498607	-0.257088	 0.286834	 0.324746	 0.497377	-0.074835	 0.499477
-0.333831	 0.499584	-0.004244	 0.498751	 0.125339	 0.498607	 0.122060	 0.286834	 0.323992	 0.498152	-0.074835	 0.499477
-0.333831	 0.499584	-0.251298	 0.498751	 0.312095	 0.498607	 0.310631	 0.286834	 0.323615	 0.498540	-0.074835	 0.499477
-0.333831	 0.499584	 0.125174	 0.498751	 0.405473	 0.498607	 0.404917	 0.286834	 0.823427	 0.498734	-0.074835	 0.499477
-0.333831	 0.499584	 0.312407	 0.498751	 0.452163	 0.498607	 0.452060	 0.286834	 1.070686	 0.498831	-0.074835	 0.499477
-0.333831	 0.499584	 0.406024	 0.498751	 0.475507	 0.498607	 0.475631	 0.286834	 1.191680	 0.498879	-0.074835	 0.499477
-0.333831	 0.499584	 0.452832	 0.498751	 0.487179	 0.498607	 0.487417	 0.286834	 0.749551	 0.498903	-0.074835	 0.499477
-0.333831	 0.499584	 0.476236	 0.498751	 0.493015	 0.498607	 0.493310	 0.286834	 0.528487	 0.498915	-0.074835	 0.499477
-0.333831	 0.499584	 0.487938	 0.498751	 0.495934	 0.498607	-0.003744	 0.286834	 0.417955	 0.498921	-0.074835	 0.499477
-0.333831	 0.499584	 0.493789	 0.498751	 0.497393	 0.498607	-0.251269	 0.286834	 0.362689	 0.498924	-0.074835	 0.499477
-0.333831	 0.499584	 0.496715	 0.498751	 0.498122	 0.498607	 0.124969	 0.286834	 0.335056	 0.498926	-0.074835	-0.000523
-0.333831	 0.499584	 0.498178	 0.498751	 0.498487	 0.498607	 0.312085	 0.286834	 0.321239	 0.498927	-0.074835	-0.249522
-0.333831	 0.499584	 0.498909	 0.498751	 0.498669	 0.498607	 0.405643	 0.286834	 0.814331	-0.001073	-0.074835	 0.125978
-0.333831	 0.499584	 0.499275	 0.498751	 0.498760	 0.498607	 0.452422	 0.286834	 1.058262	-0.250071	-0.074835	 0.312725
-0.333831	 0.499584	 0.499457	 0.498751	 0.498806	 0.498607	 0.475812	 0.286834	 1.177623	-0.374569	-0.074835	 0.406099
-0.333831	 0.499584	 0.499549	 0.498751	 0.498829	 0.498607	 0.487507	 0.286834	 1.234710	 0.063181	-0.074835	 0.452786
-0.333831	 0.499584	 0.499595	 0.498751	 0.498840	 0.498607	 0.493354	 0.286834	 1.260670	 0.281055	-0.074835	 0.476129
-0.333831	 0.499584	 0.499617	 0.498751	 0.498846	 0.498607	 0.496278	 0.286834	 0.771076	 0.389991	-0.074835	 0.487801
-0.333831	 0.499584	 0.499629	 0.498751	 0.498849	 0.498607	 0.497739	 0.286834	 0.526279	 0.444460	-0.074835	 0.493637
-0.333831	 0.499584	 0.499635	 0.498751	 0.498850	 0.498607	 0.498470	 0.286834	 0.403881	 0.471694	-0.074835	 0.496555
-0.333831	 0.499584	 0.499637	 0.498751	 0.498851	 0.498607	 0.498836	 0.286834	 0.342682	 0.485311	-0.074835	 0.498014
-0.333831	 0.499584	 0.499639	 0.498751	 0.498851	 0.498607	 0.499019	 0.286834	 0.812082	 0.492120	-0.074835	 0.498743
-0.333831	 0.499584	 0.499640	 0.498751	 0.498851	 0.498607	 0.499110	 0.286834	 1.044220	 0.495524	-0.074835	 0.499108
-0.333831	 0.499584	 0.499640	 0.498751	 0.498852	 0.498607	 0.499156	 0.286834	 1.157735	 0.497226	-0.074835	 0.499290
-0.333831	 0.499584	 0.499640	 0.498751	 0.498852	 0.498607	-0.000822	 0.286834	 0.711951	 0.498077	-0.074835	 0.499382
-0.333831	 0.499584	 0.499640	 0.498751	 0.498852	 0.498607	-0.249809	 0.286834	 0.489059	 0.498503	-0.074835	 0.499427
-0.333831	 0.499584	 0.499640	 0.498751	 0.498852	 0.498607	 0.125698	 0.286834	 0.877612	 0.498715	-0.074835	 0.499450
-0.333831	 0.499584	 0.499640	 0.498751	 0.498852	 0.498607	 0.312449	 0.286834	 1.069357	 0.498822	-0.074835	 0.499461
-0.333831	 0.499584	 0.499640	 0.498751	 0.498852	-0.001393	 0.405824	 0.286834	 0.662707	 0.498875	-0.074835	 0.499467
-0.333831	 0.499584	 0.499640	 0.498751	 0.498852	-0.250390	 0.452512	 0.286834	 0.459382	 0.498901	-0.074835	 0.499470
-0.333831	 0.499584	-0.000360	 0.498751	 0.498852	 0.125111	 0.475856	 0.286834	 0.357720	 0.498915	-0.074835	 0.499471
-0.333831	 0.499584	-0.249359	 0.498751	 0.498852	 0.311860	 0.487528	 0.286834	 0.306888	 0.498921	-0.074835	 0.499472
-0.333831	 0.499584	-0.373859	 0.498751	 0.498852	 0.405235	 0.493364	 0.286834	 0.281473	 0.498925	-0.074835	 0.499472
-0.333831	 0.499584	 0.063892	 0.498751	 0.498852	 0.451923	 0.496282	 0.286834	 0.268765	 0.498926	-0.074835	 0.499473
-0.333831	 0.499584	 0.281763	 0.498751	 0.498852	 0.475266	 0.497741	 0.286834	 0.262411	 0.498927	-0.074835	 0.499473
-0.333831	 0.499584	-0.109301	 0.498751	-0.001148	 0.486938	 0.498470	 0.286834	 0.259234	 0.498928	-0.074835	 0.499473
-0.333831	 0.499584	-0.303832	 0.498751	-0.250146	 0.492774	 0.498835	 0.286834	 0.257646	 0.498928	-0.074835	 0.499473
-0.333831	 0.499584	-0.401098	 0.498751	 0.125355	 0.495692	 0.499017	 0.286834	 0.756851	-0.001072	-0.074835	 0.499473
-0.333831	 0.499584	-0.449731	 0.498751	 0.312104	 0.497151	 0.499108	 0.286834	 1.003942	-0.250070	-0.074835	 0.499473
-0.333831	 0.499584	 0.025953	 0.498751	 0.405478	 0.497880	 0.499154	 0.286834	 0.624986	-0.374569	-0.074835	 0.499473
-0.333831	 0.499584	 0.262792	 0.498751	 0.452166	 0.498245	 0.499177	 0.286834	 0.435507	-0.436818	-0.074835	 0.499473
-0.333831	 0.499584	 0.381211	 0.498751	 0.475509	 0.498428	 0.499188	 0.286834	 0.340768	-0.467943	-0.074835	 0.499473
-0.333831	 0.499584	 0.440420	-0.001249	 0.487181	 0.498519	-0.000806	 0.286834	 0.293398	-0.483505	-0.074835	 0.499473
-0.333831	 0.499584	 0.470025	-0.250247	 0.493017	 0.498564	-0.249802	 0.286834	 0.269714	-0.491286	-0.074835	 0.499473
-0.333831	 0.499584	-0.015172	 0.125254	 0.495935	 0.498587	-0.374299	 0.286834	 0.757871	 0.004823	-0.074835	 0.499473
-0.333831	 0.499584	-0.256770	 0.312003	 0.497394	 0.498599	-0.436548	 0.286834	 0.999458	 0.251876	-0.074835	 0.499473
-0.333831	 0.499584	 0.122431	 0.405378	 0.498123	 0.498604	 0.032327	 0.786834	 0.617769	 0.375402	-0.074835	 0.499473
-0.333831	 0.499584	 0.311028	 0.452065	 0.498488	 0.498607	 0.265763	 1.034261	 0.426925	 0.437165	-0.074835	 0.499473
-0.333831	 0.499584	-0.094674	 0.475409	-0.001330	 0.498609	 0.382480	 0.655410	 0.331503	 0.468047	-0.074835	 0.499473
-0.333831	 0.499584	-0.296523	 0.487081	-0.250236	 0.498609	 0.440839	 0.465985	 0.283792	 0.483488	-0.074835	 0.499473
-0.333831	 0.499584	-0.397448	 0.492917	-0.374689	 0.498610	 0.470019	 0.371273	 0.259936	 0.491208	-0.074835	 0.499473
-0.333831	 0.499584	-0.447911	 0.495835	 0.063084	 0.498610	 0.484608	-0.176084	 0.248008	 0.495068	-0.074835	 0.499473
-0.333831	 0.499584	-0.473142	 0.497294	 0.280969	 0.498610	 0.491903	-0.448315	 0.242044	 0.496999	-0.074835	 0.499473
-0.333831	 0.499584	-0.485758	 0.498023	 0.389911	 0.498610	 0.495551	-0.082989	 0.239063	 0.497964	-0.074835	 0.499473
-0.333831	 0.499584	-0.492066	 0.498388	 0.444383	 0.498610	 0.497374	 0.099673	 0.237572	 0.498446	-0.074835	 0.499473
-0.333831	 0.499584	 0.004780	 0.498570	 0.471618	 0.498610	 0.498286	 0.691005	 0.736826	 0.498687	-0.074835	 0.499473
-0.333831	 0.499584	 0.252200	 0.498661	 0.485236	 0.498610	 0.498742	 0.984106	 0.983981	 0.498808	-0.074835	 0.499473
-0.333831	 0.499584	 0.375910	 0.498707	 0.492045	 0.498610	 0.498970	 0.628102	 0.605096	 0.498868	-0.074835	 0.499473
-0.333831	 0.499584	 0.437765	 0.498730	 0.495449	 0.498610	 0.499084	 0.450100	 0.415654	 0.498898	-0.074835	 0.499473
-0.333831	 0.499584	 0.468693	 0.498741	 0.497152	 0.498610	 0.499141	 0.361099	 0.320933	 0.498914	-0.074835	 0.499473
-0.333831	 0.499584	 0.484156	 0.498747	-0.001997	 0.498610	 0.499170	 0.316598	 0.273572	 0.498921	-0.074835	 0.499473
-0.333831	 0.499584	 0.491888	 0.498750	-0.250569	 0.498610	 0.499184	 0.294348	 0.249892	 0.498925	-0.074835	 0.499473
-0.333831	 0.499584	-0.004246	 0.498751	 0.125145	 0.498610	 0.499191	 0.283223	 0.238052	 0.498927	-0.074835	 0.499473
-0.333831	 0.499584	-0.251312	 0.498752	 0.312000	 0.498610	 0.499194	 0.277660	 0.232132	 0.498928	-0.074835	 0.499473
-0.333831	 0.499584	 0.125155	 0.498752	-0.094573	 0.498610	-0.000804	 0.274879	 0.229172	-0.001072	-0.074835	 0.499473
-0.333831	 0.499584	 0.312385	 0.498752	-0.296856	 0.498610	-0.249801	 0.273489	 0.227692	-0.250069	-0.074835	 0.499473
-0.333831	 0.499584	-0.094000	 0.498752	 0.102002	 0.498610	 0.125700	 0.272793	 0.226952	 0.125432	-0.074835	 0.499473
-0.333831	 0.499584	-0.296192	 0.498752	 0.300429	 0.498610	 0.312448	 0.272446	 0.226582	 0.312180	-0.074835	 0.499473
-0.333831	 0.499584	-0.397288	 0.498752	 0.399643	 0.498610	 0.405822	 0.272272	 0.226397	 0.405555	-0.074835	 0.499473
-0.333831	 0.499584	-0.447835	-0.001248	 0.449249	 0.498610	-0.047491	 0.272185	 0.226304	 0.452242	-0.074835	 0.499473
-0.333831	 0.499584	-0.473109	-0.250245	 0.474053	 0.498610	-0.273145	 0.272141	 0.226258	 0.475586	-0.074835	 0.499473
-0.333831	 0.499584	-0.485746	 0.125256	 0.486455	 0.498610	 0.114027	 0.272120	 0.726235	 0.487257	-0.074835	 0.499473
-0.333831	 0.499584	-0.492065	 0.312005	 0.492655	 0.498610	 0.306611	 0.272109	 0.973771	 0.493093	-0.074835	 0.499473
-0.333831	 0.499584	 0.004776	 0.405380	 0.495756	 0.498610	 0.402903	 0.272103	 0.595096	 0.496011	-0.074835	 0.499473
-0.333831	 0.499584	 0.252193	 0.452067	 0.497306	 0.498610	 0.451049	 0.272101	 0.405759	 0.497470	-0.074835	 0.499473
-0.333831	 0.499584	 0.375902	 0.475411	 0.498081	 0.498610	 0.475122	 0.272099	 0.311090	 0.498200	-0.074835	 0.499473
-0.333831	 0.499584	 0.437756	 0.487083	 0.498469	 0.498610	 0.487158	 0.272099	 0.263756	 0.498564	-0.074835	 0.499473
-0.333831	 0.499584	 0.468683	 0.492919	 0.498662	 0.498610	 0.493177	 0.272098	 0.240089	 0.498747	-0.074835	 0.499473
-0.333831	 0.499584	-0.015853	 0.495837	 0.498759	 0.498610	 0.496186	 0.272098	 0.228255	 0.498838	-0.074835	 0.499473
-0.333831	 0.499584	-0.257121	 0.497295	 0.498808	 0.498610	 0.497690	 0.272098	 0.222338	 0.498884	-0.074835	 0.499473
-0.333831	 0.499584	 0.122245	 0.498025	 0.498832	 0.498610	 0.498443	 0.272098	 0.219380	 0.498906	-0.074835	 0.499473
-0.333831	 0.499584	 0.310925	 0.498390	 0.498844	 0.498610	 0.498819	 0.272098	 0.217901	 0.498918	-0.074835	 0.499473
-0.333831	 0.499584	 0.405265	 0.498572	 0.498850	 0.498610	 0.499007	 0.272098	 0.217161	 0.498923	-0.074835	 0.499473
-0.333831	 0.499584	 0.452435	 0.498663	 0.498853	 0.498610	 0.499101	 0.272098	 0.216791	 0.498926	-0.074835	 0.499473
-0.333831	 0.499584	-0.023980	 0.498709	 0.498855	 0.498610	 0.499148	 0.272098	 0.216607	-0.001072	-0.074835	-0.000527
-0.333831	 0.499584	-0.261186	 0.498732	 0.498855	 0.498610	 0.499171	 0.272098	 0.216514	-0.250069	-0.074835	-0.249526
-0.333831	 0.499584	 0.120210	 0.498743	 0.498856	 0.498610	 0.499183	 0.272098	 0.216468	 0.125432	-0.074835	 0.125974
-0.333831	 0.499584	 0.309905	 0.498749	 0.498856	 0.498610	 0.499189	 0.272098	 0.216445	 0.312181	-0.074835	 0.312722
-0.333831	 0.499584	 0.404753	 0.498752	 0.498856	 0.498610	 0.499192	 0.272098	 0.216433	 0.405555	-0.074835	 0.406095
-0.333831	 0.499584	-0.047823	 0.498753	-0.001144	 0.498610	-0.500807	 0.272098	 0.716427	-0.047757	-0.074835	-0.047218
-0.333831	 0.499584	-0.273111	 0.498754	-0.250142	 0.498610	-0.997804	 0.272098	 0.963992	-0.273412	-0.074835	-0.272873
-0.333831	 0.499584	 0.114246	 0.498754	 0.125360	 0.498610	-0.243313	 0.272098	 0.585351	 0.113761	-0.074835	 0.114299
-0.333831	 0.499584	 0.306921	 0.498754	 0.312109	 0.498610	 0.132910	 0.272098	 0.396030	 0.306346	-0.074835	 0.306882
-0.333831	 0.499584	-0.096742	 0.498754	 0.405483	 0.498610	 0.320003	 0.272098	 0.301370	-0.097362	-0.074835	 0.403174
-0.333831	 0.499584	-0.297572	 0.498754	 0.452170	 0.498610	 0.412535	 0.272098	 0.254040	-0.298214	-0.074835	 0.451319
-0.333831	 0.499584	 0.102012	 0.498754	 0.475514	 0.498610	 0.457791	 0.272098	 0.730375	-0.398640	-0.074835	 0.475392
-0.333831	 0.499584	 0.300802	 0.498754	 0.487186	 0.498610	 0.479413	 0.272098	 0.966129	-0.448853	-0.074835	 0.487429
-0.333831	 0.499584	 0.400196	 0.498754	 0.493021	 0.498610	 0.489222	 0.272098	 1.081602	-0.473959	-0.074835	 0.493447
-0.333831	 0.499584	-0.050106	 0.498754	 0.495939	 0.498610	 0.494127	 0.272098	 0.636945	 0.013488	-0.074835	 0.496456
-0.333831	 0.499584	-0.274257	 0.498754	 0.497398	 0.498610	 0.496579	 0.272098	 0.414616	 0.256209	-0.074835	 0.497961
-0.333831	 0.499584	-0.386332	 0.498754	 0.498128	-0.001390	-0.002195	 0.772098	 0.303451	 0.377570	-0.074835	 0.498713
-0.333831	 0.499584	-0.442370	 0.498754	 0.498493	-0.250387	-0.250580	 1.019554	 0.247869	 0.438250	-0.074835	 0.499089
-0.333831	 0.499584	 0.029611	 0.498754	 0.498675	 0.125114	-0.374773	 1.140748	 0.220078	 0.468591	-0.074835	 0.499277
-0.333831	 0.499584	 0.264599	 0.498754	 0.498766	 0.311864	-0.436869	 1.198821	 0.206183	 0.483761	-0.074835	 0.499371
-0.333831	 0.499584	 0.382092	 0.498754	 0.498812	 0.405238	-0.467917	 0.725343	 0.199235	 0.491346	-0.074835	 0.499418
-0.333831	 0.499584	 0.440839	 0.498754	 0.498835	 0.451926	-0.483441	 0.488605	 0.195761	 0.495138	-0.074835	 0.499442
-0.333831	 0.499584	 0.470213	 0.498754	 0.498846	 0.475269	-0.491203	 0.370235	 0.194024	 0.497035	-0.074835	 0.499453
-0.333831	 0.499584	 0.484899	 0.498754	 0.498852	 0.486941	 0.004916	-0.188949	 0.693156	 0.497983	-0.074835	 0.499459
-0.333831	 0.499584	 0.492243	 0.498754	 0.498855	 0.492777	 0.251973	-0.467045	 0.940337	 0.498457	-0.074835	 0.499462
-0.333831	 0.499584	 0.495914	 0.498754	 0.498856	 0.495695	 0.375502	-0.104603	 0.561552	 0.498694	-0.074835	 0.499464
-0.333831	 0.499584	 0.497750	 0.498754	 0.498857	 0.497154	 0.437266	 0.076618	 0.372160	 0.498812	-0.074835	 0.499464
-0.333831	 0.499584	-0.001332	 0.498754	 0.498857	 0.497884	 0.468149	 0.167229	 0.277464	 0.498872	-0.074835	 0.499465
-0.333831	 0.499584	-0.249872	 0.498754	 0.498857	 0.498248	 0.483590	 0.212534	 0.230116	 0.498901	-0.074835	 0.499465
-0.333831	 0.499584	 0.125858	 0.498754	 0.498857	 0.498431	 0.491310	 0.235187	 0.706442	 0.498916	-0.074835	 0.499465
-0.333831	 0.499584	 0.312720	 0.498754	 0.498857	 0.498522	 0.495171	 0.246513	 0.942239	 0.498923	-0.074835	 0.499465
-0.333831	 0.499584	 0.406151	 0.498754	 0.498857	 0.498567	 0.497101	 0.252176	 1.057782	 0.498927	-0.074835	 0.499465
-0.333831	 0.499584	 0.452866	 0.498754	 0.498857	 0.498590	 0.498066	 0.255008	 0.613207	 0.498929	-0.074835	 0.499465
-0.333831	 0.499584	 0.476224	 0.498754	 0.498857	 0.498602	 0.498548	 0.256423	 0.390919	 0.498930	-0.074835	 0.499465
-0.333831	 0.499584	 0.487903	 0.498754	 0.498857	 0.498607	 0.498790	 0.257131	 0.279775	 0.498930	-0.074835	 0.499465
-0.333831	 0.499584	 0.493742	 0.498754	 0.498857	 0.498610	 0.498910	 0.257485	 0.224203	 0.498931	-0.074835	 0.499465
-0.333831	 0.499584	 0.496662	 0.498754	 0.498857	 0.498612	-0.001030	 0.757662	 0.196417	 0.498931	-0.074835	 0.499465
-0.333831	 0.499584	 0.498122	 0.498754	 0.498857	 0.498612	-0.249997	 1.005235	 0.182524	 0.498931	-0.074835	 0.499465
-0.333831	 0.499584	-0.001149	 0.498754	-0.001143	 0.498613	 0.125519	 0.626516	 0.175578	 0.498931	-0.074835	 0.499465
-0.333831	 0.499584	-0.249783	 0.498754	-0.250140	 0.498613	 0.312275	 0.437156	 0.172105	 0.498931	-0.074835	 0.499465
-0.333831	 0.499584	-0.374100	 0.498754	-0.374639	 0.498613	 0.405653	 0.342476	 0.170368	 0.498931	-0.074835	 0.499465
-0.333831	 0.499584	-0.436258	 0.498754	 0.063111	 0.498613	 0.452342	 0.295137	 0.169500	-0.001069	-0.074835	 0.499465
-0.333831	 0.499584	-0.467338	 0.498754	 0.280985	 0.498613	 0.475686	 0.271467	 0.169065	-0.250067	-0.074835	 0.499465
-0.333831	 0.499584	-0.482877	 0.498754	-0.110078	 0.498613	 0.487358	 0.259632	 0.668848	-0.374566	-0.074835	 0.499465
-0.333831	 0.499584	-0.490647	 0.498754	-0.304608	 0.498613	 0.493194	 0.253714	 0.916403	-0.436815	-0.074835	 0.499465
-0.333831	 0.499584	-0.494532	 0.498754	 0.098128	-0.001387	 0.496112	 0.250755	 1.037852	-0.467940	-0.074835	 0.499465
-0.333831	 0.499584	-0.496474	 0.498754	 0.298494	-0.250384	 0.497572	 0.249276	 1.096258	-0.483503	-0.074835	 0.499465
-0.333831	 0.499584	 0.002554	 0.498754	 0.398677	 0.125117	 0.498301	 0.748536	 0.623151	-0.491284	-0.074835	 0.499465
-0.333831	 0.499584	 0.251066	 0.498754	 0.448768	 0.311867	 0.498666	 0.995671	 0.386598	-0.495174	-0.074835	 0.499465
-0.333831	 0.499584	 0.375321	 0.498754	 0.473814	 0.405241	 0.498848	 1.116753	 0.268322	-0.497120	-0.074835	 0.499465
-0.333831	 0.499584	-0.062551	 0.498754	 0.486337	 0.451929	 0.498939	 0.674818	 0.209183	 0.001908	-0.074835	 0.499465
-0.333831	 0.499584	-0.280486	 0.498754	 0.492598	 0.475272	 0.498985	 0.453850	 0.179614	 0.250420	-0.074835	 0.499465
-0.333831	 0.499584	 0.110546	 0.498754	-0.004271	 0.486944	 0.499008	 0.343367	 0.164830	 0.374675	-0.074835	 0.499465
-0.333831	 0.499584	 0.305059	 0.498754	-0.251703	 0.492780	 0.499019	 0.288125	 0.157437	 0.436803	-0.074835	 0.499465
-0.333831	 0.499584	 0.402316	 0.498754	 0.124580	 0.495698	 0.499025	 0.260504	 0.153741	 0.467867	-0.074835	 0.499465
-0.333831	 0.499584	 0.450944	 0.498754	 0.311721	 0.497157	 0.499028	 0.246693	 0.151893	 0.483399	-0.074835	 0.499465
-0.333831	 0.499584	-0.024742	 0.498754	 0.405291	 0.497887	 0.499029	 0.239788	 0.150969	 0.491165	-0.074835	 0.499465
-0.333831	 0.499584	-0.261584	 0.498754	 0.452076	 0.498251	 0.499030	 0.236336	 0.150507	 0.495048	-0.074835	 0.499465
-0.333831	 0.499584	-0.380005	 0.498754	 0.475468	 0.498434	 0.499030	 0.234609	 0.150276	 0.496990	-0.074835	 0.499465
-0.333831	 0.499584	 0.060784	 0.498754	 0.487164	 0.498525	-0.000970	 0.233746	 0.150161	 0.497961	-0.074835	 0.499465
-0.333831	 0.499584	 0.280176	 0.498754	 0.493013	 0.498571	-0.249968	 0.233314	 0.150103	 0.498446	-0.074835	 0.499465
-0.333831	 0.499584	 0.389872	 0.498754	 0.495937	 0.498593	 0.125533	 0.233099	 0.150074	-0.001311	-0.074835	 0.499465
-0.333831	 0.499584	 0.444720	 0.498754	 0.497399	 0.498605	 0.312282	 0.232991	 0.150060	-0.250188	-0.074835	 0.499465
-0.333831	 0.499584	 0.472144	 0.498754	 0.498130	 0.498610	 0.405656	 0.232937	 0.150052	 0.125374	-0.074835	 0.499465
-0.333831	 0.499584	 0.485856	 0.498754	 0.498495	 0.498613	 0.452343	 0.232910	 0.150049	 0.312153	-0.074835	 0.499465
-0.333831	 0.499584	 0.492712	 0.498754	 0.498678	 0.498615	-0.024313	 0.232896	 0.150047	 0.405542	-0.074835	 0.499465
-0.333831	 0.499584	 0.496140	 0.498754	 0.498769	 0.498615	-0.261640	 0.232890	 0.150046	 0.452237	-0.074835	 0.499465
-0.333831	 0.499584	 0.497854	 0.498754	 0.498815	 0.498616	-0.380303	 0.232886	 0.150046	 0.475585	-0.074835	 0.499465
-0.333831	 0.499584	-0.001289	-0.001246	 0.498838	 0.498616	 0.060366	 0.232885	 0.150045	-0.012742	-0.074835	 0.499465
-0.333831	 0.499584	-0.249860	-0.250243	 0.498849	 0.498616	 0.279698	 0.232884	 0.150045	-0.255903	-0.074835	 0.499465
-0.333831	 0.499584	 0.125855	 0.125258	 0.498855	 0.498616	 0.389364	 0.232883	 0.150045	-0.377483	-0.074835	-0.000535
-0.333831	 0.499584	 0.312709	 0.312007	 0.498858	 0.498616	 0.444197	 0.232883	 0.150045	-0.438274	-0.074835	-0.249534
-0.333831	 0.499584	-0.093864	 0.405382	 0.498859	 0.498616	 0.471614	 0.232883	 0.150045	 0.031331	-0.074835	 0.125967
-0.333831	 0.499584	-0.296150	 0.452069	 0.498860	 0.498616	 0.485322	 0.232883	 0.150045	 0.265132	-0.074835	 0.312714
-0.333831	 0.499584	 0.102708	 0.475413	 0.498860	 0.498616	 0.492176	 0.232883	 0.150045	 0.382032	-0.074835	 0.406088
-0.333831	 0.499584	 0.301133	 0.487085	 0.498861	 0.498616	 0.495603	 0.232883	 0.150045	 0.440482	-0.074835	 0.452775
-0.333831	 0.499584	 0.400346	 0.492920	 0.498861	 0.498616	 0.497316	 0.232883	 0.150045	 0.469707	-0.074835	 0.476118
-0.333831	 0.499584	 0.449952	 0.495838	-0.001139	 0.498616	 0.498173	 0.232883	 0.150045	 0.484320	-0.074835	 0.487790
-0.333831	 0.499584	 0.474755	 0.497297	-0.250137	 0.498616	 0.498602	 0.232883	 0.150045	 0.491626	-0.074835	 0.493626
-0.333831	 0.499584	-0.012843	 0.498027	 0.125364	 0.498616	 0.498816	 0.232883	 0.650045	 0.495279	-0.074835	 0.496544
-0.333831	 0.499584	-0.255641	 0.498392	 0.312113	 0.498616	 0.498923	 0.232883	 0.897745	 0.497106	-0.074835	 0.498002
-0.333831	 0.499584	 0.122959	 0.498574	 0.405487	 0.498616	-0.001024	 0.732883	 0.519304	 0.498019	-0.074835	 0.498732
-0.333831	 0.499584	 0.311257	 0.498665	 0.452175	 0.498616	-0.249995	 0.980417	 0.330084	 0.498476	-0.074835	 0.499097
-0.333831	 0.499584	-0.094595	 0.498711	-0.024482	 0.498616	 0.125520	 0.601728	 0.735473	-0.001296	-0.074835	 0.499279
-0.333831	 0.499584	-0.296519	 0.498734	-0.261808	 0.498616	 0.312275	 0.412384	 0.935887	-0.250180	-0.074835	 0.499370
-0.333831	 0.499584	-0.397482	 0.498745	-0.380471	 0.498616	 0.405652	 0.317712	 1.033821	-0.374621	-0.074835	 0.499416
