-0.498046	-0.562113	 0.499240	-0.062214	 0.400292	 0.496738	-0.496975	 1.309930	 0.660518	-0.663495	 0.086953	 0.463962
-0.498046	-0.794389	 0.499240	-0.062217	 0.400292	 0.498197	-0.498434	 1.353653	 0.657876	-0.660841	 0.086953	 0.463962
-0.498046	-0.408474	 0.499240	-0.062219	 0.400292	-0.001073	-0.499164	 1.372720	 0.655245	-0.658197	 0.086953	 0.463961
-0.498046	-0.215517	 0.499240	-0.062219	 0.400292	-0.249708	-0.499529	 1.379470	 0.652624	-0.655565	 0.086953	 0.463961
-0.498046	-0.119038	 0.499240	-0.062220	 0.400292	-0.374025	-0.499711	 1.380072	 0.650013	-0.652942	 0.086953	 0.463961
-0.498046	-0.570799	 0.499240	-0.062220	 0.400292	 0.063816	-0.499802	 0.877612	 0.647413	-0.650330	 0.086953	 0.463961
-0.498046	-0.794634	 0.499240	-0.062220	 0.400292	 0.281734	-0.499848	 0.626382	 0.644823	-0.647729	 0.086953	 0.463961
-0.498046	-0.904515	 0.499240	 0.437780	 0.400292	 0.390692	 0.000129	 1.000767	 0.642244	-0.645138	 0.086953	 0.463961
-0.498046	-0.957426	 0.499240	 0.685904	 0.400292	 0.445172	 0.249118	 1.185209	 0.639675	-0.642558	 0.086953	 0.463961
-0.498046	-0.981861	 0.499240	 0.308098	 0.400292	-0.027589	 0.373612	 1.274691	 0.637116	-0.639987	 0.086953	 0.463961
-0.498046	-0.992066	 0.499240	 0.119195	 0.400292	-0.262968	 0.435859	 1.316703	 0.634568	-0.637427	 0.086953	 0.463961
-0.498046	-0.495164	-0.000760	 0.024744	 0.400292	 0.119342	-0.033017	 1.334992	 0.632030	-0.634878	 0.086953	 0.463961
-0.498046	-0.246713	-0.249758	-0.022482	 0.400292	 0.309494	-0.266452	 1.341430	 0.629502	-0.632338	 0.086953	 0.463961
-0.498046	-0.122488	-0.374258	-0.046095	 0.400292	 0.404570	-0.383169	 1.341953	 0.626984	-0.629809	 0.086953	 0.463961
-0.498046	-0.060375	 0.063493	-0.057901	 0.400292	 0.452108	-0.441528	 1.339530	 0.624476	-0.627290	 0.086953	 0.463961
-0.498046	-0.029319	 0.281365	-0.063804	 0.400292	 0.475877	-0.470707	 1.335644	 0.621978	-0.624781	 0.086953	 0.463961
-0.498046	-0.013790	 0.390302	-0.066756	 0.400292	 0.487761	 0.014703	 0.831038	 0.619490	-0.622281	 0.086953	 0.463961
-0.498046	-0.006026	 0.444770	-0.068232	 0.400292	 0.493703	 0.256408	 0.578734	 0.617012	-0.619792	 0.086953	 0.463961
-0.498046	-0.002144	 0.472004	 0.431030	 0.400292	 0.496675	-0.122739	 0.952583	 0.614544	-0.117313	 0.086953	 0.463961
-0.498046	-0.000203	 0.485621	 0.678801	 0.400292	 0.498160	-0.311309	 1.136854	 0.612086	 0.133926	 0.086953	 0.463961
-0.498046	-0.499233	 0.492430	 0.300833	 0.400292	 0.498903	-0.405594	 1.226347	 0.609637	-0.240454	 0.086953	 0.463961
-0.498046	-0.746751	 0.495834	 0.111849	 0.400292	 0.499274	-0.452737	 1.268462	 0.607199	-0.426414	 0.086953	 0.463961
-0.498046	-0.868521	 0.497536	 0.017357	 0.400292	 0.499460	-0.476308	 1.286899	 0.604770	-0.518170	 0.086953	 0.463961
-0.498046	-0.427426	 0.498387	 0.470111	 0.400292	 0.499553	 0.011906	 1.293506	 0.602351	-0.062828	 0.086953	 0.463961
-0.498046	-0.206878	 0.498813	 0.694642	 0.400292	 0.499599	 0.255013	 1.294210	 0.599941	 0.164844	 0.086953	 0.463961
-0.498046	-0.096605	 0.499025	 0.305070	 0.400292	 0.499622	 0.376567	 1.291972	 1.097542	-0.221321	 0.086953	 0.463961
-0.498046	-0.041468	 0.499132	 0.110283	 0.400292	 0.499634	 0.437344	 1.288273	 1.343152	-0.413188	 0.086953	 0.463961
-0.498046	-0.013899	 0.499185	 0.512890	 0.400292	 0.499640	 0.467732	 0.783855	 0.962779	-0.507912	 0.086953	 0.963961
-0.498046	-0.000115	 0.499211	 0.712363	 0.400292	 0.499643	 0.482926	 0.531646	 0.771428	-0.554068	 0.086953	 1.211033
-0.498046	 0.006777	 0.499225	 0.310275	 0.400292	 0.499644	-0.009477	 0.905541	 0.674592	-0.575946	 0.086953	 0.831653
-0.498046	 0.010223	 0.499231	 0.109231	 0.400292	 0.499645	-0.254675	 1.089930	 0.625019	-0.585689	 0.086953	 0.641963
-0.498046	 0.011946	 0.499235	 0.008709	 0.400292	 0.499645	-0.377273	 1.179576	 0.599081	-0.589370	 0.086953	 0.547118
-0.498046	-0.487192	 0.499236	 0.458449	 0.400292	 0.499645	-0.438573	 1.221860	 0.584966	-0.590024	 0.086953	 0.499695
-0.498046	-0.734789	 0.499237	 0.681502	 0.400292	 0.499646	-0.469222	 1.240474	 0.576767	-0.589170	 0.086953	 0.475984
-0.498046	-0.356622	 0.499238	 0.291219	 0.400292	 0.499646	-0.484547	 1.247263	 0.571530	-0.087566	 0.086953	 0.464128
-0.498046	-0.167539	 0.499238	 0.096078	 0.400292	 0.499646	-0.492210	 1.248149	 0.567779	 0.163236	 0.086953	 0.458200
-0.498046	-0.572998	 0.499238	 0.498507	 0.400292	 0.499646	-0.496041	 1.246094	 0.564776	 0.288636	 0.086953	 0.455236
-0.498046	-0.773770	 0.499238	 0.697920	 0.400292	 0.499646	-0.497957	 1.242579	 0.562150	 0.351337	 0.086953	 0.453754
-0.498046	-0.872207	 0.499238	 0.295832	 0.400292	 0.499646	-0.498914	 1.238343	 0.559719	-0.117313	 0.086953	 0.453013
-0.498046	-0.919484	 0.499238	 0.094788	 0.400292	 0.499646	-0.499393	 1.233757	 0.557388	-0.350466	 0.086953	 0.452643
-0.498046	-0.941189	 0.499238	-0.005734	 0.400292	 0.499646	-0.499633	 1.229005	 0.555113	-0.465875	 0.086953	 0.452458
-0.498046	-0.950116	 0.499238	-0.055995	 0.400292	 0.499646	-0.499752	 0.724181	 0.552869	-0.522417	 0.086953	 0.452365
-0.498046	-0.952661	 0.499238	-0.081126	 0.400292	 0.499646	-0.499812	 0.471769	 0.550647	-0.549530	 0.086953	 0.452319
-0.498046	-0.452024	 0.499238	 0.406309	 0.400292	 0.499646	 0.000158	 0.845563	 0.548438	-0.561933	 0.086953	 0.452296
-0.498046	-0.201705	 0.499238	 0.648239	 0.400292	 0.499646	 0.249143	 1.030021	 0.546242	-0.566986	 0.086953	 0.452284
-0.498046	-0.076545	 0.499238	 0.267423	 0.400292	 0.499646	 0.373635	 1.119821	 1.044055	-0.568369	 0.086953	 0.452278
-0.498046	-0.013966	 0.499238	 0.077016	 0.400292	 0.499646	 0.435881	 1.162302	 1.289878	-0.567921	 0.086953	 0.452275
-0.498046	 1.517324	-0.000762	 0.481812	 1.400292	 0.499646	 0.967004	 0.181133	-0.590282	 1.933439	 0.086953	-0.047726
-0.498046	 2.276872	-0.249760	 0.682437	 1.895492	 0.499646	 1.229569	-0.307852	-1.525421	 3.175249	 0.086953	-0.296631
 0.001954	 3.650573	-0.374260	 0.280983	 1.638310	-0.000354	 1.857868	-2.050750	-2.988069	 5.287319	-0.913047	-0.419993
 0.250950	 4.327375	-0.436509	 0.080256	 1.506957	-0.249354	 2.167045	-2.914612	-3.710492	 6.328556	-1.409221	-0.480587
 0.375448	 4.655768	-0.467634	-0.020107	 1.438529	-0.373853	 2.316681	-3.338986	-4.062837	 6.834435	-1.653497	-0.509802
 1.437697	 6.809996	-0.983196	-0.570289	 2.401575	-0.436103	 2.886566	-4.043646	-5.730180	 8.572694	-1.271840	-1.023331
 1.963821	 7.869181	-1.237980	-0.843139	 2.876369	-0.467228	 3.164596	-4.386480	-6.549056	 9.421201	-1.079231	-1.277022
 2.221904	 9.880917	-1.362386	-0.977332	 3.107063	-0.982790	 3.296725	-5.548438	-6.943758	 10.824915	-0.481153	-1.900806
 2.345985	 10.863000	-1.421616	-1.042205	 3.215735	-1.237575	 3.355933	-6.115996	-7.126432	 11.502315	-0.182114	-2.207649
 2.903086	 12.330351	-1.448269	-1.572428	 3.763422	-1.361983	 3.878706	-6.386408	-7.203151	 12.816656	 0.467405	-2.856041
 3.174715	 13.036431	-1.458646	-1.833334	 4.028644	-1.421214	 4.131290	-6.508301	-7.226951	 13.445564	 0.789931	-3.173229
 3.803638	 14.361986	-1.960896	-1.959598	 4.652667	-1.447868	 4.248814	-6.555987	-7.224349	 13.731869	 0.948969	-3.324841
 4.109234	 14.993389	-2.207095	-2.018559	 4.954125	-1.458246	 4.298843	-6.566622	-7.208605	 13.846985	 1.026272	-3.393695
 4.253202	 15.277840	-2.325288	-2.043884	 5.094342	-1.460498	 4.315160	-6.558785	-7.186347	 13.876619	 1.062717	-3.421197
 4.316392	 15.888942	-2.379497	-1.552408	 5.153982	-1.458699	 4.314655	-6.541765	-7.160890	 14.363624	 1.078740	-3.428050
 4.339228	 16.161492	-2.401735	-1.304549	 5.173375	-1.454885	 4.305775	-6.520206	-7.133890	 14.577425	 1.084563	-3.424607
 4.341921	 16.764899	-2.408005	-1.178505	 5.672686	-1.450076	 4.292741	-6.496428	-7.106177	 14.654743	 1.085293	-3.416043
 4.334579	 17.031866	-2.406312	-1.113379	 5.909997	-1.444781	 4.277664	-6.471595	-7.078163	 14.663938	 1.083486	-3.404946
 4.322253	 17.130752	-2.400656	-1.078719	 5.516358	-1.439255	 4.261601	-6.446284	-7.050056	 14.639189	 1.080420	-3.892610
 4.307471	 17.145736	-2.393038	-1.059301	 5.309293	-1.433624	 4.245078	-6.420787	-7.021959	 14.597586	 1.076732	-4.127681
 4.291494	 17.118906	-2.384459	-1.047512	 5.195556	-1.427953	 4.228360	-6.395248	-6.993922	 15.047672	 1.072741	-4.236492
 4.274955	 17.071307	-2.375417	-1.039546	 5.128524	-1.422272	 4.211577	-6.369739	-6.965972	 15.241720	 1.068609	-4.282206
 4.258168	 17.013460	-2.366163	-1.033500	 5.084885	-1.416599	 4.194796	-6.344296	-6.938121	 15.307872	 1.064414	-4.296407
 4.241292	 17.450626	-2.356823	-1.028422	 5.552983	-1.410941	 4.178050	-6.318937	-6.910375	 15.310200	 1.060196	-4.294887
 4.224405	 17.633433	-2.347457	-1.023837	 5.774990	-1.405301	 4.161354	-6.293670	-6.882737	 15.280739	 1.055975	-4.285540
 4.207547	 17.689204	-2.338099	-1.019505	 5.874000	-1.399682	 4.144717	-6.268500	-6.855208	 15.235506	 1.051761	-4.272314
 4.190736	 17.681599	-2.328762	-1.015309	 5.911558	-1.394084	 4.128142	-6.243428	-6.827788	 15.182509	 1.047558	-4.257183
 4.173983	 17.642449	-2.319454	-1.011189	 5.918439	-1.388508	 4.611632	-6.218455	-6.800477	 15.125751	 1.043371	-3.741133
 4.157292	 17.587668	-2.310181	-1.007115	 5.910029	-1.382954	 4.843186	-6.193582	-6.773275	 15.067235	 1.039198	-3.476658
 4.140665	 17.525211	-2.300942	-1.003072	 5.894021	-1.377423	 4.448814	-6.168808	-6.746182	 15.007959	 1.035042	-3.837996
 4.124104	 17.459057	-2.291739	-0.999052	 5.874261	-1.371913	 4.243519	-6.144133	-6.719197	 14.948423	 1.030902	-4.010267
 4.107608	 17.391194	-2.282572	-0.995052	 5.852672	-1.366425	 4.132795	-6.119557	-6.692321	 14.888878	 1.026779	-4.088037
 3.591178	 17.822616	-2.273442	-0.991070	 6.330215	-1.360960	 4.069389	-6.095078	-6.665551	 14.829447	 1.022672	-4.118590
 3.326813	 18.001819	-2.264349	-0.987105	 6.555371	-1.355516	 4.029674	-6.070698	-6.638889	 14.770191	 1.018581	-4.125569
 3.688506	 17.555059	-2.255291	-0.983156	 6.654388	-1.350094	 4.501836	-6.046415	-6.612334	 14.711141	 1.014507	-4.120793
 3.861252	 17.297462	-2.246270	-0.979223	 6.690390	-1.344693	 4.727970	-6.022230	-6.585884	 14.652312	 1.010449	-4.110173
 3.939557	 17.634584	-2.237285	-0.975306	 6.694938	-1.339315	 4.331128	-5.998141	-6.559541	 14.593711	 1.006407	-4.096664
 3.970674	 17.767201	-2.228336	-0.971405	 6.683813	-1.333957	 4.124839	-5.974148	-6.533303	 14.535340	 1.002382	-4.081743
 3.978229	 17.797710	-2.219423	-0.967519	 6.664905	-1.328621	 4.513857	-5.950252	-6.507169	 14.977200	 0.998372	-4.066149
 3.974035	 17.777308	-2.210545	-0.963649	 6.642159	-1.323307	 4.698560	-5.926451	-6.481141	 15.167292	 0.994379	-4.050251
 3.963998	 17.731594	-2.201703	-0.959794	 6.617547	-1.318014	 4.781145	-5.902745	-6.455216	 15.231624	 0.990401	-4.034233
 4.451071	 17.673364	-2.192896	-0.955955	 6.092056	-1.312742	 4.812710	-5.879134	-6.429395	 15.233198	 0.986439	-4.018188
 4.684732	 17.609020	-2.184125	-0.952131	 5.818177	-1.307491	 4.818804	-5.855617	-6.403678	 15.203515	 0.982494	-4.002161
 4.791726	 17.541758	-2.175388	-0.948323	 5.670149	-1.302261	 4.812202	-5.832195	-6.378063	 15.158326	 0.978564	-3.986175
 4.835425	 17.473178	-2.166686	-0.944530	 5.585090	-1.297052	 4.799289	-5.808866	-6.352551	 15.105505	 0.974649	-3.970242
 4.347516	 17.404079	-2.158020	-0.940752	 6.031561	-1.291864	 4.783260	-5.785631	-6.327140	 14.548989	 0.970751	-3.954367
 4.095843	 17.334859	-2.149388	-0.936989	 6.241840	-1.286696	 4.765711	-5.762488	-6.301832	 14.242747	 0.966868	-3.938552
 3.962318	 16.765718	-2.140790	-0.933241	 5.334076	-1.281549	 4.247440	-5.739438	-6.276625	 12.561752	 0.463000	-3.422799
 3.887897	 16.448755	-2.132227	-0.929508	 4.871341	-1.276423	 3.980847	-5.716480	-6.251518	 11.699493	 0.211067	-3.159109
 3.843060	 16.258009	-2.123698	-0.925790	 4.631156	-1.271317	 3.840121	-5.693614	-6.226512	 11.246690	 0.085100	-3.021473
 2.813046	 12.130502	-1.615203	-0.922086	 3.002282	-0.766232	 2.262360	-5.670840	-6.201606	 6.998700	-0.977884	-1.946887
 2.294472	 10.050742	-1.358742	-0.918398	 2.185098	-0.513690	 1.472110	-5.648157	-6.176800	 4.869204	-1.505294	-1.407849
 1.031633	 4.994921	-1.228307	-0.914725	 0.773770	-0.387418	 0.575621	-4.125564	-4.652092	 2.298976	-1.264933	-0.636593
 0.400214	 2.467010	-1.160894	-0.911066	 0.069381	-0.324283	 0.127377	-3.359062	-3.883484	 1.013862	-1.142704	-0.250965
 0.084504	 0.203054	-0.625001	-0.907421	-0.781543	-0.292715	-0.596745	-2.470625	-1.992950	-2.628695	-1.079548	-0.058151
-0.073350	-0.924802	-0.357054	-0.903792	-1.203740	-0.276931	-0.956165	-2.023243	-1.047683	-4.437431	-1.045938	 0.038256
-0.152278	-2.984624	-0.223080	-0.900176	-1.911587	-0.269039	-1.633243	-1.796400	-0.575050	-4.829306	-0.527108	 0.586460
-0.191741	-4.004447	-0.156094	-0.896576	-2.260271	-0.265093	-1.967162	-1.679839	-0.338733	-5.014802	-0.267693	 0.858292
-0.211473	-4.504309	-0.122600	-0.892989	-2.429396	-0.263120	-2.129519	-1.618432	-0.220574	-5.097149	-0.137985	 0.991948
-0.721339	-4.744232	-0.105854	-0.889418	-2.508761	-0.262133	-2.206114	-1.084615	-0.161495	-4.627963	-0.573132	 1.056525
-0.973810	-4.854226	-0.097480	-0.885860	-2.543267	-0.261640	-2.239846	-0.816605	-0.131956	-4.385053	-0.788688	 1.086571
-1.097593	-4.899294	-0.093294	-0.882316	-2.555365	 0.238607	-2.252165	-0.681502	-0.117186	-4.255314	-0.894458	 1.099361
-1.157041	-4.911939	-0.091200	-0.878787	-2.556279	 0.487252	-2.253795	-0.612858	-0.109801	-4.182193	-0.945342	 1.103532
-1.184332	-4.908413	-0.090154	-0.875272	-2.551621	 0.610103	-2.250100	-0.577448	-0.606109	-4.137414	-0.468792	 1.103402
-1.195555	-4.896840	-0.089630	-0.871771	-2.544199	 0.670063	-2.243759	-0.558659	-0.852057	-4.106840	-0.230517	 1.101130
-1.198753	-4.881283	-0.089369	-0.868284	-2.535414	 0.698582	-2.236114	-0.548184	-0.472836	-4.083400	-0.611379	 1.097796
-1.197947	-4.863773	-0.089238	-0.864811	-2.525968	 0.711388	-2.227834	-0.541872	-0.283225	-4.063560	-0.799826	 1.093941
-1.195151	-4.845325	-0.089172	-0.861351	-2.516212	 0.716343	-2.219255	-0.537644	-0.188420	-4.045553	-0.892073	 1.089833
-1.191367	-4.826448	-0.089140	-0.357906	-2.506321	 0.217377	-2.210545	-0.534464	 0.358983	-4.028494	-0.436228	 1.085607
-1.187101	-4.807394	-0.089123	-0.106183	-2.496383	-0.032105	-2.201786	-0.531811	 0.630871	-4.011942	-0.208305	 1.081332
-1.182602	-4.788290	-0.089115	-0.480322	-2.486441	 0.343153	-1.693020	-0.529426	 0.765010	-3.995675	-0.094344	 1.077040
-1.177996	-4.769200	-0.089111	-0.665682	-2.476517	 0.529346	-1.436269	-0.527180	 0.830281	-3.979582	-0.037363	 1.072749
-1.173346	-4.250155	 0.410891	-0.756661	-1.966622	 0.621011	-1.305534	-0.525007	 0.861126	-3.963609	-0.008873	 1.068466
-1.168684	-3.983170	 0.659070	-0.800454	-1.708761	 0.665418	-1.237817	-0.522874	 0.874764	-3.947728	 0.005372	 1.064196
-1.164025	-3.842245	 0.281345	-0.320663	-2.076928	 0.686202	-1.201618	-0.020767	 0.879806	-3.931923	 0.012495	 1.059942
-1.159377	-3.764380	 0.092483	-0.080767	-2.256122	 0.695180	-1.181188	 0.230287	 0.880558	-3.916188	 0.016056	 1.055703
-1.154743	-3.718074	-0.001948	 0.039181	-2.340848	 0.698261	-1.168652	 0.355814	 0.879171	-3.900520	 0.017837	 1.051481
-1.150126	-3.687578	 0.450836	 0.099155	-1.878360	 0.198398	-1.160071	 0.418577	 0.876722	-3.884916	 0.018727	 1.047275
-1.145527	-3.665016	 0.675421	 0.129142	-1.644284	-0.051533	-1.153478	 0.449959	 0.873749	-3.869376	 0.019172	 1.043086
-1.140945	-3.646450	 0.785913	 0.144135	-1.524426	 0.323502	-1.647887	 0.465650	 0.870521	-3.853898	 0.019395	 1.038914
-1.136381	-3.629911	 0.839367	 0.151632	-1.461688	 0.509622	-1.890808	 0.473495	 0.867172	-3.838482	 0.019506	 1.034758
-1.131836	-3.614415	 0.864308	 0.155381	-1.927521	 0.601290	-1.508000	 0.477418	 0.863770	-3.823128	 0.019562	 1.030619
-1.127309	-3.599469	 0.875000	 0.157255	-2.155651	 0.645739	-1.314346	 0.479379	 0.860349	-3.807836	 0.019590	 1.026497
-1.122799	-4.084827	 0.878575	 0.158192	-1.764948	 0.666583	-1.715278	 0.480360	 0.856924	-3.292604	 0.019604	 1.022391
-1.118308	-4.318365	 0.878598	 0.158660	-1.566848	 0.675630	-1.911511	 0.480851	 0.853504	-3.029434	 0.019611	 1.018301
-1.113835	-4.426031	 0.876852	 0.158895	-1.465061	 0.678784	-2.005412	 0.481096	 0.850095	-2.892316	 0.019614	 1.014228
-1.109380	-3.970796	 0.374229	 0.159012	-1.411440	 0.678997	-1.548164	 0.481218	 0.846696	-3.318247	 0.019616	 1.010171
-1.104942	-3.736148	 0.122917	 0.159070	-1.381915	 0.677745	-1.317359	 0.481280	 0.843311	-3.523724	 0.019617	 1.006130
-1.100522	-3.611821	 0.497261	 0.159100	-1.364447	 0.675766	-1.199783	 0.481310	 0.839938	-3.119004	-0.480383	 1.002106
-1.096120	-3.542682	 0.682690	 0.159114	-1.353019	 0.673429	-1.138830	 0.481326	 0.836578	-2.911215	-0.728422	 0.998097
-1.091736	-3.501166	 0.773669	 0.159122	-1.844622	 0.670919	-1.106198	 0.481333	 0.833232	-3.301914	-0.350489	 0.994105
-1.087369	-3.473488	 0.817428	 0.159125	-2.085751	 0.668326	-1.087735	 0.481337	 0.829899	-3.489878	-0.161522	 0.990128
-1.083019	-3.452758	 0.837586	 0.159127	-1.701662	 0.665699	-1.076365	 0.481339	 0.826580	-3.076505	-0.067039	 0.986168
-1.078687	-3.435528	 0.845949	 0.159128	-1.506982	 0.663059	-1.068550	 0.481340	 0.823273	-2.864492	-0.019797	 0.982223
-1.074373	-3.420077	 0.348422	 0.159128	-1.407018	 0.660418	-1.062521	 0.481340	 0.819980	-2.753180	 0.003824	 0.978294
-1.070075	-3.405542	 0.099659	 0.159129	-1.354421	 0.657782	-1.057393	 0.481341	 0.816700	-2.692241	-0.484366	 0.974381
-1.065795	-3.391493	-0.024723	 0.159129	-1.325519	 0.655154	-1.052725	 0.481341	 0.813434	-2.656509	-0.726515	 0.970484
-1.061532	-3.377713	 0.413086	 0.159129	-1.308475	 0.152535	-1.048295	 0.481341	 0.810180	-2.633401	-0.345653	 0.966602
-1.057286	-3.364096	 0.630289	 0.159129	-1.297370	-0.098775	-1.043992	 0.481341	 0.806939	-2.616626	-0.155222	 0.962735
-1.053056	-3.350586	 0.737195	-0.340871	-1.289245	 0.275570	-1.039761	 0.481341	 0.803711	-2.603039	-0.560006	 0.958884
-1.048844	-3.337157	 0.788960	-0.589189	-1.282621	 0.461443	-1.035575	 0.481341	 0.800497	-2.591067	-0.760469	 0.955049
-1.044649	-3.323795	 0.813161	-0.211673	-1.276756	 0.553085	-1.031419	 0.481341	 0.797295	-2.579923	-0.358778	 0.951229
-1.040470	-3.310493	 0.823587	-0.022916	-1.271282	 0.597616	-1.027286	 0.481341	 0.794105	-2.569213	-0.157933	 0.947424
-1.036308	-3.297248	 0.827132	 0.071463	-1.266014	 0.618598	-1.023174	 0.481341	 0.790929	-2.558741	-0.057510	 0.943634
-1.032163	-3.284057	 0.827243	 0.118653	-1.260858	 0.627809	-1.019079	 0.481341	 0.787765	-2.548409	-0.007299	 0.939859
-1.028034	-3.270920	 0.825644	 0.142248	-1.255769	 0.631141	-1.015002	 0.481341	 0.784614	-2.538166	 0.017807	 0.936100
-1.023922	-3.257836	 0.823196	 0.154045	-1.250723	 0.631538	-1.010942	 0.481341	 0.781476	-3.027989	 0.030360	 0.932356
-1.019827	-3.244804	 0.820331	 0.159944	-1.245708	 0.630473	-1.006898	 0.481341	 0.778350	-3.265865	 0.036636	 0.928626
-1.015747	-3.231825	 0.817263	 0.162893	-1.240720	 0.128681	-1.002870	 0.481341	 0.775236	-2.877795	 0.039774	 0.924912
-1.011684	-3.218898	 0.814101	 0.164368	-1.235754	-0.122215	-0.998858	 0.481341	 0.772136	-2.678781	 0.041344	 0.921212
-1.007638	-3.206022	 0.810898	 0.165105	-1.230809	 0.252337	-0.994863	 0.481341	 0.769047	-3.074315	 0.042128	 0.917527
-1.003607	-3.193198	 0.807681	 0.165474	-1.225885	 0.438360	-0.990883	 0.481341	 0.765971	-3.265142	 0.042520	 0.913857
-0.999593	-3.180425	 0.804464	 0.165658	-1.220982	 0.530122	-0.986920	 0.481341	 0.762907	-2.853643	-0.457284	 0.910202
-0.995594	-3.167703	 0.801253	 0.165750	-1.216097	 0.574759	-0.982972	 0.481341	 0.759855	-2.643010	-0.705271	 0.906561
-0.991612	-3.155033	 0.798051	 0.165796	-1.211233	 0.595839	-0.979040	 0.481341	 0.756816	-2.532828	-0.827359	 0.902935
-0.987645	-3.142412	 0.794861	 0.165819	-1.206388	 0.605145	-0.975124	 0.481341	 1.253789	-2.472892	-0.386503	 0.899323
-0.983695	-3.129843	 0.791682	 0.165831	-1.201562	 0.608570	-0.971224	 0.481341	 1.498773	-2.438098	-0.166076	 0.895726
-0.979760	-3.117323	 0.788516	 0.165837	-1.196756	 0.609058	-0.967339	 0.481341	 1.617778	-2.415895	-0.055862	 0.892143
-0.975841	-3.104854	 0.785362	 0.165840	-1.191969	 0.608083	-0.963469	 0.481341	 1.673807	-2.400005	-0.000755	 0.888574
-0.971938	-3.092435	 0.782220	-0.334159	-1.187201	 0.606381	-0.959616	 0.981341	 1.698362	-2.887293	 0.026798	 0.885020
-0.968050	-3.080065	 0.779092	-0.582490	-1.182452	 0.604321	-0.955777	 1.228378	 1.707194	-3.124187	 0.040575	 0.881480
-0.964178	-3.067745	 0.275975	-0.204994	-1.677723	 0.602086	-0.951954	 0.848946	 1.708177	-3.235912	 0.047463	 0.877954
-0.960321	-3.055474	 0.024417	-0.016246	-1.921012	 0.599769	-0.948146	 0.659230	 1.705251	-3.285079	 0.050908	 0.874442
-0.956480	-3.043252	-0.101362	 0.078128	-2.038328	 0.597416	-0.944354	 0.564372	 1.700383	-3.302994	 0.052630	 0.870944
-0.952654	-3.031079	-0.164252	 0.125315	-1.592674	 0.595049	-0.940576	 0.516943	 1.694558	-2.805310	 0.053491	 0.867460
-0.948843	-3.018955	-0.195696	 0.148909	-1.367554	 0.592680	-0.936814	 0.493228	 1.688268	-2.551853	 0.053921	 0.863991
-0.945048	-3.006879	 0.288581	 0.160706	-1.252709	 0.090315	-0.933067	 0.481371	 1.181759	-2.420527	 0.054137	 0.860535
-0.941268	-2.994851	 0.529174	 0.166604	-1.193010	-0.160867	-0.929334	 0.475442	 0.927154	-2.350286	 0.054244	 0.857093
-0.937503	-2.982872	 0.647931	 0.169553	-1.160894	 0.213541	-0.925617	 0.972478	 1.298507	-2.310605	-0.445702	 0.853664
-0.933753	-2.970940	 0.705777	 0.171028	-1.142579	 0.399570	-0.921915	 1.218057	 1.480843	-2.286223	-0.693784	 0.850249
-0.930017	-2.959057	 0.733172	 0.171765	-1.131173	-0.008587	-0.918227	 1.337919	 1.568685	-2.269509	-0.315941	 0.846848
-0.926297	-2.947220	 0.745348	 0.172134	-1.123230	-0.212666	-0.914554	 1.394935	 1.609293	-2.256646	-0.127020	 0.843461
-0.922592	-2.935431	 0.749922	 0.172318	-1.117028	-0.314705	-0.910896	 1.420538	 1.626297	-2.245727	-0.032559	 0.840087
-0.918902	-2.923690	 0.250699	-0.327590	-1.111706	 0.134275	-0.907252	 1.430448	 1.131512	-2.735797	 0.014671	 0.836727
-0.915226	-2.911995	 0.001088	-0.575889	-1.106831	 0.357599	-0.903623	 1.432522	 0.882847	-2.974381	 0.038287	 0.833380
-0.911565	-2.900347	 0.376282	-0.198390	-1.102190	 0.468099	-0.900009	 1.430690	 1.257245	-2.587247	 0.050094	 0.830046
-0.907919	-2.888746	 0.562377	-0.009640	-1.097675	 0.522192	-0.896409	 1.426916	 1.441182	-2.389280	 0.055998	 0.826726
-0.904287	-2.877191	 0.653927	 0.084734	-1.093231	 0.048086	-0.892823	 1.422183	 1.029899	-2.285913	 0.058950	 0.823419
-0.900670	-2.865682	 0.698211	 0.131922	-1.088831	-0.188967	-0.889252	 1.416982	 0.823021	-2.229865	 0.060426	 0.820126
-0.897068	-2.854219	 0.718868	 0.155515	-1.084463	-0.307494	-0.885695	 1.411557	 1.218350	-2.697493	 0.061164	 0.816845
-0.893479	-2.842802	 0.727718	 0.167312	-1.080118	-0.366757	-0.882152	 1.406033	 1.412787	-2.924977	 0.061533	 0.813578
-0.889905	-2.831431	 0.730669	 0.173211	-1.075794	-0.396389	-0.878623	 1.400470	 1.506791	-3.032414	 0.061717	 0.810324
-0.886346	-2.820105	 0.230678	 0.176160	-1.071489	-0.411205	-0.875109	 1.394898	 1.050591	-2.579853	 0.061810	 0.807082
-0.882800	-2.808825	-0.019318	 0.177634	-1.067203	-0.418613	-0.871608	 1.389334	 0.821302	-2.349318	 0.061856	 0.803854
-0.879269	-2.797590	 0.355684	 0.178372	-1.062933	 0.077684	-1.368122	 1.383784	 1.205474	-2.229813	 0.061879	 0.800638
-0.875752	-2.786399	 0.541724	 0.178740	-1.058681	 0.324684	-1.612649	 1.378253	 1.394381	-2.165840	 0.061890	 0.797436
-0.872249	-2.775254	 0.633288	 0.178925	-1.054447	 0.447040	-1.231199	 1.372742	 1.485667	-2.129649	 0.061896	 0.794246
-0.868760	-2.764153	 0.677621	 0.179017	-1.050229	 0.507080	-1.038774	 1.367252	 1.528157	-2.107367	 0.061899	 0.791069
-0.865285	-2.753096	 0.698343	 0.179063	-1.046028	 0.535965	-0.940869	 1.361783	 1.546260	-2.092056	 0.061900	 0.787905
-0.861824	-2.742084	 0.707266	 0.179086	-1.041844	 0.549278	-0.890231	 1.356336	 1.552183	-2.080247	 0.061901	 0.784753
-0.858377	-2.731115	 0.710295	 0.179098	-1.037676	 0.554810	-0.863232	 1.350911	 1.552028	-2.070206	 0.061901	 0.781614
-0.854943	-2.720191	 0.710383	 0.179103	-1.033526	 0.556455	-0.848060	 0.845507	 1.548847	-2.061064	 0.061902	 0.778488
-0.851523	-2.709310	 0.709006	 0.179106	-1.029391	 0.556161	-0.838809	 0.592806	 1.544165	-2.052390	 0.061902	 0.775374
-0.848117	-2.698473	 0.706902	 0.179108	-1.025274	 0.554902	-0.832524	 0.966455	 1.538746	-2.043965	 0.061902	 0.772272
-0.844725	-2.687679	 0.704441	 0.179108	-1.021173	 0.553166	-0.827729	 1.150599	 1.532969	-2.035682	 0.061902	 0.769183
-0.841346	-2.676928	 0.701806	 0.179109	-1.017088	 0.551195	-1.823686	 1.240002	 1.527026	-2.027486	 0.061902	 0.766107
-0.837981	-2.666221	 0.699090	 0.179109	-1.013020	 0.549111	-2.316025	 1.282044	 1.521013	-2.019349	 0.061902	 0.763042
-0.834629	-2.655556	 0.696340	 0.179109	-1.008968	 0.546975	-1.556577	 1.300417	 1.514976	-2.011258	 0.061902	 0.759990
-0.831290	-2.644933	 0.693577	 0.179109	-1.004932	 0.544817	-1.175260	 1.306966	 1.508940	-2.003206	 0.061902	 0.756950
-0.827965	-2.634354	 0.690814	 0.179109	-1.000912	 0.542653	-0.983013	 1.307614	 1.502916	-1.995190	 0.061902	 0.753922
-0.824653	-2.623816	 0.688057	 0.179109	-0.996908	 0.540490	-0.885308	 1.305321	 1.496910	-1.987208	 0.061902	 0.750907
-0.821354	-2.613321	 0.685308	 0.179109	-0.992921	 0.538331	-0.834880	 1.301569	 1.490925	-1.979258	 0.061902	 0.747903
-0.818069	-2.602868	 0.682568	 0.179109	-0.988949	 0.536180	-0.808097	 1.297097	 0.984963	-1.971340	 0.061902	 0.744911
-0.814797	-2.592456	 0.679838	 0.179109	-0.984993	 0.534036	-0.793143	 1.292276	 0.731982	-1.963455	 0.061902	 0.741932
-0.811538	-2.582086	 0.677119	 0.179109	-0.481053	 0.531901	-0.784110	 1.287290	 1.105491	-1.955601	-0.438098	 0.738964
-0.808291	-2.571758	 0.674411	 0.179109	-0.229083	 0.529773	-0.778043	 1.282233	 1.289288	-1.947779	-0.686222	 0.736008
-0.805058	-2.561471	 0.671713	 0.179109	-0.603098	 0.527654	-0.773466	 1.277150	 1.378240	-1.939987	-0.308415	 0.733064
-0.801838	-2.551225	 0.669027	 0.179109	-0.788152	 0.525544	-0.769639	 1.272064	 1.419782	-1.932227	-0.119512	 0.730132
-0.798631	-2.541020	 0.666350	 0.179109	-0.878732	 0.523442	-0.766194	 1.266987	 1.437630	-1.924498	-0.025060	 0.727211
-0.795436	-2.530856	 0.663685	 0.179109	-0.922083	 0.521348	-0.762947	 1.261925	 1.443643	-1.916800	 0.022166	 0.724302
-0.792254	-2.520733	 0.661030	 0.179109	-0.941828	 0.519262	-0.759803	 1.256880	 1.443751	-1.909133	 0.045779	 0.721405
-0.789085	-2.510650	 0.158386	 0.179109	-0.949778	 0.517185	-1.256718	 1.251854	 1.440917	-1.901497	 0.057585	 0.718520
-0.785929	-2.500607	-0.092936	 0.179109	-0.951837	 0.515117	-1.501668	 1.246847	 1.436623	-1.893891	 0.063488	 0.715645
-0.782785	-2.490605	 0.281403	 0.179109	-0.950959	 0.513056	-1.120650	 0.741860	 1.431612	-2.386315	 0.066440	 0.712783
-0.779654	-2.480642	 0.467261	 0.179109	-0.948619	 0.511004	-0.928662	 0.489367	 1.426253	-2.626770	 0.067916	 0.709932
-0.776536	-2.470720	 0.558884	 0.179109	-0.945557	 0.508960	-0.831194	 0.863120	 1.420732	-2.241263	 0.068654	 0.707092
-0.773429	-2.460837	 0.603394	 0.179109	-0.942141	 0.506924	-0.780993	 1.047523	 1.415141	-2.044798	 0.069023	 0.704264
-0.770336	-2.450994	 0.624354	 0.179109	-0.938555	 0.504896	-0.754431	 1.137261	 1.409526	-1.942869	 0.069207	 0.701447
-0.767254	-2.441190	 0.633543	 0.179109	-0.434893	 0.502877	-0.739694	 1.179675	 1.403911	-1.888222	 0.069299	 0.698641
-0.764185	-2.431425	 0.636852	 0.179109	-0.183061	 0.500865	-0.730876	 1.198439	 1.398307	-1.857232	 0.069345	 0.695846
-0.761129	-2.421699	 0.637226	 0.179109	-0.557146	-0.000140	-0.725023	 1.205386	 1.392720	-2.338084	 0.069369	 0.693063
-0.758084	-2.412012	 0.636138	 0.179109	-0.742325	-0.249641	-0.720658	 1.206435	 1.387152	-2.572872	 0.069380	 0.690291
-0.755052	-2.402364	 0.634324	 0.179109	-0.333060	 0.125609	-0.717043	 1.204544	 1.381605	-2.184651	 0.069386	 0.687529
-0.752032	-2.392755	 0.632152	 0.179109	-0.128428	 0.312232	-0.713808	 1.201194	 1.376079	-1.986948	 0.069389	 0.684779
-0.749023	-2.383184	 0.629806	 0.179109	-0.526111	 0.405543	-0.710770	 1.197123	 1.370575	-1.884518	 0.069390	 0.682040
-0.746027	-2.373651	 0.627378	 0.179109	-0.723106	 0.452199	-0.707835	 1.192701	 1.365093	-1.829738	 0.069391	 0.679312
-0.743043	-2.364156	 0.624914	 0.179109	-0.319763	 0.475527	-0.704958	 1.188114	 1.359632	-1.798799	 0.069391	 0.676595
-0.740071	-2.354700	 0.622437	 0.179109	-0.118091	 0.487191	-0.702115	 1.183453	 1.354194	-1.779793	 0.069391	 0.673888
-0.737111	-2.345281	 0.619959	 0.179109	-0.017255	 0.493023	-0.699295	 1.178765	 1.348777	-1.766769	 0.069392	 0.671193
-0.734162	-2.335900	 0.617485	 0.179109	-0.466837	 0.495939	-0.696493	 1.174073	 1.343382	-1.756749	 0.069392	 0.668508
-0.731226	-2.326556	 0.615017	 0.179109	-0.689796	 0.497397	-0.693704	 1.169388	 1.338009	-1.748246	 0.069392	 0.665834
-0.728301	-2.317250	 0.112559	 0.179109	-0.799449	 0.498126	-0.690927	 1.164716	 1.332657	-1.740515	 0.069392	 0.663171
-0.725388	-2.307981	-0.138670	 0.179109	-0.852458	 0.498490	-0.688163	 1.160060	 1.327326	-1.733184	 0.069392	 0.660518
-0.722486	-2.298749	 0.235715	 0.179109	-0.377151	 0.498673	-0.685410	 1.155421	 1.322017	-1.726066	 0.069392	 0.657876
-0.719596	-2.289554	 0.421687	 0.179109	-0.139498	 0.498764	-0.682668	 1.150801	 1.316729	-1.719070	 0.069392	 0.655244
-0.716718	-2.280396	 0.513458	 0.179109	-0.520671	-0.001191	-0.679937	 1.146198	 1.311462	-1.712147	 0.069392	 0.652624
-0.713851	-2.271274	 0.558133	 0.179109	-0.709454	-0.250166	-0.677218	 1.141613	 1.306216	-1.705276	 0.069392	 0.650013
-0.710995	-2.262189	 0.579265	 0.179109	-0.802049	-0.374653	-0.674509	 1.137047	 1.300991	-1.698443	 0.069392	 0.647413
-0.708151	-2.253141	 0.588630	 0.179109	-0.846557	 0.063103	-0.671811	 1.132499	 1.295787	-1.691644	 0.069392	 0.644823
-0.705319	-2.244128	 0.592117	 0.179109	-0.867029	 0.280980	-0.669123	 1.127969	 1.290604	-1.684874	 0.069392	 0.642244
-0.702498	-2.235151	 0.592669	 0.179109	-0.375490	 0.389918	-0.666447	 1.123457	 1.285441	-1.678133	 0.069392	 0.639675
-0.699688	-2.226211	 0.591759	 0.179109	-0.129721	 0.444387	-0.663781	 1.118963	 1.280300	-1.671420	 0.069392	 0.637116
-0.696889	-2.217306	 0.090122	 0.179109	-0.506836	 0.471622	-0.661126	 1.114487	 1.275178	-1.664734	 0.069392	 0.634568
-0.694101	-2.208437	-0.160697	 0.179109	-0.693626	 0.485239	-0.658482	 1.110029	 1.270078	-1.658075	 0.069392	 0.632030
-0.691325	-1.699603	 0.213894	 0.179109	-0.285260	 0.492047	-0.655848	 1.105589	 1.264997	-1.651442	 0.069392	 0.629501
-0.688560	-1.442805	 0.400012	 0.179109	-0.081077	 0.495452	-0.653224	 1.101167	 1.259937	-1.644837	 0.069392	 0.626983
-0.685805	-1.312033	 0.491899	 0.179109	 0.021015	 0.497154	-0.650611	 1.096762	 1.254898	-1.638257	 0.069392	 0.624476
-0.683062	-1.744285	 0.536675	 0.179109	-0.427940	 0.498005	-0.648009	 1.092375	 1.249878	-1.631704	 0.069392	 0.621978
-0.680330	-1.956058	 0.557900	 0.179109	-0.650663	 0.498431	-0.645417	 1.088005	 1.244879	-1.625177	 0.069392	 0.619490
-0.677609	-2.057609	 0.067355	 0.179109	-0.760278	 0.498643	-0.642835	 1.083653	 1.239899	-1.618677	 0.069392	 0.617012
-0.674898	-2.104066	-0.177918	 0.179109	-0.813346	 0.498750	-0.640264	 1.079319	 1.234939	-1.612202	 0.069392	 0.614544
-0.672198	-2.122993	 0.199445	 0.179109	-0.338147	-0.001197	-0.637703	 1.075002	 1.230000	-1.605753	 0.069392	 0.612086
-0.669510	-2.128173	 0.386973	 0.179109	-0.100547	-0.250168	-0.635152	 1.070702	 1.225080	-1.599330	 0.069392	 0.609637
-0.666832	-2.126497	 0.479589	 0.179109	 0.018253	 0.125346	-0.132611	 1.066419	 1.220179	-1.592933	 0.069392	 0.607199
-0.664164	-2.121409	 0.524752	 0.179109	 0.077653	 0.312102	 0.118659	 1.062153	 1.215299	-1.586561	 0.069392	 0.604770
-0.661508	-2.114632	 0.546193	 0.179109	 0.107352	 0.405479	 0.244294	 1.057904	 1.210438	-1.580215	 0.069392	 0.602351
-0.658862	-2.107028	 0.555779	 0.179109	 0.122202	-0.047832	-0.192888	 1.053673	 1.205596	-1.573894	 0.069392	 0.599941
-0.656226	-2.099027	 0.559441	 0.179109	 0.129627	-0.273485	-0.410219	 1.049458	 1.200773	-1.567598	 0.069392	 0.597542
-0.653601	-2.090845	 0.560146	 0.179109	 0.133340	 0.113688	-0.517630	 1.045260	 1.195970	-1.561328	 0.069392	 0.595151
-0.650987	-2.082588	 0.559377	 0.179109	 0.135196	 0.306273	-0.570085	 1.041079	 1.191186	-1.555083	 0.069392	 0.592771
-0.648383	-2.074311	 0.557875	 0.179109	-0.363876	 0.402566	-0.595067	 1.036915	 1.186422	-1.548862	 0.069392	 0.590400
-0.645789	-2.066040	 0.556011	 0.179109	-0.611686	 0.450712	-0.606319	 1.032767	 1.181676	-1.542667	 0.069392	 0.588038
-0.643206	-2.057790	 0.553971	 0.179109	-0.233872	 0.474785	-0.610709	 1.028636	 1.176949	-1.536496	 0.069392	 0.585686
-0.640633	-2.049565	 0.551847	 0.179109	-0.044965	 0.486822	-0.611674	 1.024522	 1.172241	-1.530350	 0.069392	 0.583343
-0.638071	-2.041370	 0.549686	 0.179109	 0.049489	 0.492840	-0.610931	 1.020424	 1.167552	-1.524229	 0.069392	 0.581010
-0.635519	-2.033206	 0.547510	 0.179109	 0.096715	 0.495849	-0.609340	 1.016342	 1.162882	-1.518132	 0.069392	 0.578686
-0.632977	-2.025074	 0.545331	 0.179109	 0.120329	 0.497354	-0.607328	 1.012276	 1.158231	-1.512059	 0.069392	 0.576371
-0.630445	-2.016975	 0.043156	 0.179109	 0.132135	 0.498106	-0.605112	 1.008227	 1.153598	-1.506011	 0.069392	 0.574066
-0.627923	-2.008907	-0.207932	 0.179109	 0.138039	 0.498482	-0.602798	 1.004194	 1.148983	-1.499987	 0.069392	 0.571769
-0.625411	-1.500871	 0.166524	 0.179109	 0.140990	 0.498670	-0.600440	 1.000178	 1.144388	-1.493987	 0.069392	 0.569482
-0.622910	-1.244868	 0.352670	 0.179109	 0.142466	 0.498764	-0.598065	 0.996177	 1.139810	-1.488011	 0.069392	 0.567204
-0.620418	-1.614888	 0.444666	 0.179109	 0.143204	 0.498811	-0.595686	 0.992192	 1.135251	-1.482059	 0.069392	 0.564936
-0.617936	-1.795929	 0.489590	 0.179109	 0.143573	 0.498835	-0.593310	 0.988224	 1.130710	-1.476131	 0.069392	 0.562676
-0.615464	-1.882495	 0.510983	 0.179109	 0.143758	 0.498847	-0.590940	 0.984271	 1.126187	-1.470226	 0.069392	 0.560425
-0.613003	-1.921840	 0.520615	-0.320891	-0.356150	 0.498852	-0.588578	 0.980334	 1.121682	-1.464346	 0.069392	 0.558183
-0.610551	-1.937590	 0.524370	-0.569249	-0.604392	 0.498855	-0.586224	 0.976412	 1.117195	-1.458488	 0.069392	 0.555951
-0.608108	-1.941559	 0.525192	-0.191793	-0.726807	-0.001143	-0.583880	 0.972507	 1.112727	-1.452654	 0.069392	 0.553727
-0.605676	-1.939652	 0.524551	-0.003065	-0.786317	-0.250140	-0.581545	 0.968617	 1.108276	-1.446844	 0.069392	 0.551512
-0.603253	-1.934823	 0.523182	 0.091299	-0.314380	-0.374639	-0.579218	 0.964742	 1.103843	-1.441056	 0.069392	 0.549306
-0.600840	-1.928549	 0.521454	 0.138481	-0.078411	-0.436888	-0.576902	 0.960883	 1.099427	-1.435292	 0.069392	 0.547109
-0.598437	-1.921567	 0.519551	 0.162072	 0.039573	 0.031988	-0.574594	 0.957040	 1.095030	-1.429551	 0.069392	 0.544920
-0.596043	-1.914247	 0.517564	 0.173868	 0.098565	 0.265423	-0.572296	 0.953211	 1.090649	-1.423833	 0.069392	 0.542741
-0.593659	-1.906773	 0.515539	 0.179765	 0.128061	 0.382141	-0.570006	 0.949399	 1.086287	-1.418137	 0.069392	 0.540570
-0.591284	-1.899237	 0.513500	 0.182714	-0.357191	 0.440500	-0.567726	 0.945601	 1.081942	-1.412465	 0.069392	 0.538407
-0.588919	-1.891686	 0.511457	 0.184189	-0.598132	 0.469680	-0.565456	 0.941819	 1.077614	-1.406815	 0.069392	 0.536254
-0.586564	-1.884142	 0.509417	 0.184926	-0.216924	-0.015730	-0.563194	 0.938051	 1.073303	-1.401188	 0.069392	 0.534109
-0.584217	-1.876617	 0.507382	 0.185294	-0.026321	-0.257433	-0.560941	 0.934299	 1.069010	-1.395583	 0.069392	 0.531972
-0.581880	-1.869116	 0.505354	 0.185479	 0.068981	 0.121715	-0.558697	 0.930562	 1.064734	-1.390001	 0.069392	 0.529844
-0.579553	-1.861643	 0.503333	 0.185571	 0.116632	 0.310288	-0.556462	 0.926840	 1.060475	-1.384441	 0.069392	 0.527725
-0.577235	-1.854198	 0.501320	 0.185617	 0.140458	 0.404574	-0.554237	 0.923132	 1.056233	-1.378903	 0.069392	 0.525614
-0.574926	-1.846782	 0.500314	 0.185640	 0.152370	 0.451717	-0.552020	 0.919440	 1.052008	-1.373387	 0.069392	 0.523512
-0.572626	-1.839395	 0.499811	 0.185652	 0.158327	 0.475289	-0.549812	 0.915762	 1.047800	-1.367894	 0.069392	 0.521418
-0.570335	-1.832037	 0.499559	 0.685657	 0.161305	 0.487075	-0.547612	 0.912099	 1.043609	-1.362422	 0.069392	 0.519332
-0.568054	-1.824709	 0.499433	 0.933289	 0.162794	 0.492968	-0.545422	 0.908451	 1.039435	-1.356972	 0.069392	 0.517255
-0.565782	-1.817411	 0.499370	 0.554743	 0.163539	 0.495914	-0.543240	 0.904817	 0.535277	-1.351544	 0.069392	 0.515186
-0.563519	-1.810141	 0.499339	 0.365470	 0.163911	 0.497387	-0.541067	 0.901197	 0.283198	-1.346138	 0.069392	 0.513125
-0.561265	-1.302900	 0.499323	 0.270833	 0.164097	 0.498124	-0.538903	 0.897593	 0.657159	-1.340754	 0.069392	 0.511072
-0.559020	-1.047689	 0.499315	 0.223515	 0.164190	 0.498492	-0.536747	 0.894002	 0.842077	-1.335391	 0.069392	 0.509028
-0.556784	-1.418498	 0.499311	 0.199856	 0.164237	 0.498676	-0.534600	 0.890426	 0.432482	-1.330049	 0.069392	 0.506992
-0.554556	-1.600324	 0.499309	 0.188026	 0.164260	 0.498768	-0.532462	 0.886865	 0.227684	-1.324729	 0.069392	 0.504964
-0.552338	-1.687673	 0.499308	 0.182112	 0.164272	 0.498815	-0.530332	 0.883317	 0.125286	-1.319430	 0.069392	 0.502944
-0.550129	-1.727797	 0.499308	 0.179154	 0.164277	 0.498838	-0.528211	 0.879784	 0.574086	-1.314152	 0.069392	 0.500932
-0.547928	-1.744323	 0.499308	 0.177675	 0.164280	 0.498849	-0.526098	 0.876265	 0.796441	-1.308896	 0.069392	 0.499926
-0.545737	-1.749065	 0.499308	 0.176936	 0.164282	 0.498855	-0.523994	 0.872760	 0.905580	-1.303660	 0.069392	 0.499423
-0.543554	-1.747928	 0.499308	 0.176566	 0.164282	 0.498858	-0.521898	 0.869269	 0.958121	-1.298445	 0.069392	 0.499172
-0.541379	-1.743866	 0.499308	 0.176382	-0.335717	 0.498859	-0.519810	 0.865792	 0.982370	-1.793252	 0.069392	 0.499046
-0.539214	-1.738355	 0.499308	 0.176289	-0.584046	 0.498860	-0.517731	 0.862328	 0.992481	-2.036079	 0.069392	 0.498983
-0.537057	-1.732134	 0.499308	 0.176243	-0.206545	 0.498860	-0.015660	 0.858879	 0.495531	-2.152934	 0.069392	 0.498952
-0.534909	-1.725572	 0.499308	 0.176220	-0.017795	 0.498860	 0.235376	 0.855444	 0.247057	-2.206823	 0.069392	 0.498936
-0.532769	-1.718853	 0.499308	 0.176208	 0.076580	 0.498860	 0.360893	 0.852022	 0.122819	-2.229245	 0.069392	 0.498928
-0.530638	-1.712069	 0.499308	 0.176203	 0.123768	 0.498861	-0.076348	 0.848614	 0.560700	-1.735953	 0.069392	 0.498924
-0.528516	-1.705266	 0.499308	 0.176200	 0.147362	 0.498861	-0.293941	 0.845219	 0.777644	-1.486822	 0.069392	 0.498923
-0.526402	-1.698468	 0.499308	 0.176198	 0.159159	 0.498861	-0.401715	 0.841838	 0.384126	-1.359781	 0.069392	 0.498922
-0.524296	-1.691686	 0.499308	 0.176197	 0.165057	 0.498861	-0.454583	 0.838471	 0.187368	-1.293795	 0.069392	 0.498921
-0.522199	-1.684925	 0.499308	 0.676197	 0.168006	 0.498861	 0.019998	 0.835117	 0.588988	-1.258346	 0.069392	 0.498921
-0.520110	-1.678188	 0.499308	 0.923845	 0.169481	 0.498861	 0.257289	 0.831777	 0.787818	-1.238176	 0.069392	 0.498921
-0.518030	-1.671477	 0.499308	 0.545325	 0.170218	 0.498861	-0.124066	 0.828450	 0.885259	-1.725655	 0.069392	 0.498921
-0.515957	-1.664791	 0.499308	 0.356066	 0.170587	 0.498861	-0.313732	 0.825136	 0.932014	-1.964968	 0.069392	 0.498921
-0.513894	-1.658133	 0.499308	 0.261436	 0.170771	 0.498861	-0.407559	 0.821835	 0.953434	-2.080216	 0.069392	 0.498921
-0.511838	-1.651500	 0.499308	 0.214121	 0.170863	 0.498861	-0.453469	 0.818548	 0.962194	-1.633450	 0.069392	 0.498921
-0.509791	-1.644894	 0.499308	 0.190463	 0.170909	 0.498861	-0.476425	 0.815274	 0.964633	-1.407693	 0.069392	 0.498921
-0.507752	-1.638315	 0.499308	 0.178635	 0.170933	-0.001139	-0.487902	 0.812013	 0.963918	-1.292450	 0.069392	 0.498921
-0.505720	-1.631762	 0.499308	 0.172720	 0.170944	-0.250137	-0.493641	 0.808765	 0.961634	-1.232475	 0.069392	 0.498921
-0.503698	-1.125235	 0.499308	 0.169763	 0.170950	 0.125364	-0.496510	 0.805529	 0.958573	-1.700142	 0.069392	 0.498921
-0.501683	-0.870734	 0.499308	 0.168285	 0.170953	 0.312113	-0.497945	 0.802307	 0.955132	-1.929640	 0.069392	 0.498921
-0.500675	-0.742251	 0.499308	 0.667545	 0.170954	 0.405487	-0.498662	 0.799098	 0.951508	-1.540071	 0.069392	 0.498921
-0.500172	-0.676782	 0.499308	 0.914842	 0.170955	 0.452174	-0.499021	 0.795902	 0.947800	-1.342985	 0.069392	 0.498921
-0.499920	-0.642825	 0.499308	 1.036166	 0.170955	 0.475518	-0.499200	 0.792718	 0.944058	-1.242151	 0.069392	 0.498921
-0.499794	-1.124628	 0.499308	 0.594513	 0.170955	 0.487190	 0.000710	 0.789547	 0.940306	-1.189451	 0.069392	 0.498921
-0.499731	-1.362317	 0.499308	 0.373687	 0.170955	 0.493026	 0.249664	 0.786389	 0.936557	-1.160827	 0.069392	 0.498921
-0.499700	-1.477962	 0.499308	 0.263273	 0.170955	 0.495944	-0.125859	 0.783244	 0.932817	-1.144251	 0.069392	 0.498921
-0.499684	-1.532597	 0.499308	 0.208067	 0.170956	 0.497403	-0.312618	 0.780111	 0.929089	-1.133708	 0.069392	 0.498921
-0.499676	-1.556740	 0.499308	 0.180464	 0.170956	 0.498132	-0.405997	 0.776990	 0.925374	-1.126190	 0.069392	 0.498921
-0.499672	-1.565650	 0.499308	 0.166662	 0.170956	 0.498497	-0.452687	 0.773882	 0.921673	-1.120193	 0.069392	 0.498921
-0.499670	-1.066955	 0.499308	 0.159761	 0.170956	-0.001321	 0.023968	 0.770787	 0.917987	-1.114967	 0.069392	 0.498921
-0.499669	-0.816472	 0.499308	 0.156311	 0.170956	-0.250227	 0.261294	 0.767703	 0.914315	-1.110134	 0.069392	 0.498921
-0.499669	-1.190098	 0.499308	 0.654585	 0.170956	 0.125319	-0.120042	 0.764633	 0.910658	-1.105507	 0.069392	 0.498921
-0.499668	-1.373784	 0.499308	 0.901417	 0.170956	 0.312091	-0.309708	 0.761574	 0.907016	-1.100992	 0.069392	 0.498921
-0.499668	-1.462511	 0.499308	 1.022536	 0.170956	 0.405477	-0.404541	 0.758528	 0.903387	-1.096541	 0.069392	 0.498921
-0.499668	-1.503773	 0.499308	 1.080809	 0.170956	 0.452170	-0.451957	 0.755494	 0.899774	-1.092132	 0.069392	 0.498921
-0.499668	-1.521314	 0.499308	 1.107667	 0.170956	 0.475516	-0.475666	 0.752472	 0.896175	-1.087751	 0.069392	 0.498921
-0.499668	-1.027006	 0.499308	 0.618827	 0.170956	 0.487190	-0.487520	 0.749462	 0.892590	-1.083395	 0.069392	 0.498921
-0.499668	-0.778787	 0.499308	 0.374407	 0.170956	 0.493026	-0.493447	 0.746464	 0.889020	-1.079058	 0.069392	 0.498921
-0.499668	-0.653616	 0.499308	 0.752197	 0.170956	 0.495944	-0.496410	 0.743478	 0.885464	-1.074740	 0.069392	 0.498921
-0.499668	-0.589974	 0.499308	 0.938832	 0.170956	 0.497404	-0.497892	 0.740504	 0.881922	-1.070441	 0.069392	 0.498921
-0.499668	-1.057100	 0.499308	 0.529898	 0.170956	 0.498133	 0.001367	 0.737542	 0.878394	-1.066159	 0.069392	 0.498921
-0.499668	-1.287615	 0.499308	 0.325432	 0.170956	 0.498498	 0.249995	 0.734592	 0.874881	-1.061894	 0.069392	 0.498921
-0.499668	-1.399836	 0.499308	 0.223198	 0.170956	 0.498680	 0.374310	 0.731654	 0.871381	-1.057646	 0.069392	 0.498921
-0.499668	-1.452923	 0.499308	 0.172082	 0.170956	 0.498772	 0.436467	 0.728727	 0.867896	-1.053415	 0.069392	 0.498921
-0.499668	-1.476454	 0.499308	 0.146523	 0.170956	 0.498817	 0.467545	 0.725812	 0.864424	-1.049202	 0.069392	 0.498921
-0.499668	-1.485219	 0.499308	 0.133744	 0.170956	 0.498840	-0.016915	 0.722909	 0.860966	-1.045005	 0.069392	 0.498921
-0.499668	-1.486614	 0.499308	 0.127355	 0.170956	 0.498851	-0.258143	 0.720017	 0.857522	-1.040825	 0.069392	 0.498921
-0.499668	-0.984336	-0.000692	 0.624160	 0.170956	 0.498857	-0.378757	 0.717137	 0.854092	-1.036662	 0.069392	 0.498921
-0.499668	-0.733196	-0.249691	 0.870320	 0.170956	 0.498860	-0.439064	 0.714269	 0.850676	-1.032515	 0.069392	 0.498921
-0.499668	-0.607627	 0.125810	 0.491168	 0.170956	 0.498861	 0.030783	 0.711412	 0.347273	-1.028385	 0.069392	 0.498921
-0.499668	-0.544842	 0.312557	 0.301591	 0.170956	 0.498862	 0.264705	 0.708566	 0.095572	-1.024271	 0.069392	 0.498921
-0.499668	-0.513449	 0.405931	 0.206803	 0.170956	 0.498862	 0.381666	 0.705732	-0.030279	-1.020174	 0.069392	 0.498921
-0.499668	-0.997753	 0.452618	 0.659409	 0.170956	 0.498863	 0.440146	 0.702909	 0.406796	-1.016094	 0.069392	 0.498921
-0.499668	-1.236941	 0.475962	 0.883488	 0.170956	 0.498863	 0.469387	 0.700097	 0.623645	-1.012029	 0.069392	 0.498921
-0.499668	-0.853583	 0.487633	 0.493313	 0.170956	 0.498863	-0.015993	 1.197297	 0.730389	-1.007981	 0.069392	 0.498921
-0.499668	-0.661903	 0.493469	 0.298225	 0.170956	 0.498863	-0.257681	 1.442508	 0.782087	-1.003949	 0.069392	 0.498921
-0.499668	-1.066064	 0.496387	 0.200681	 0.170956	 0.498863	 0.121476	 1.061737	 0.806268	-0.999933	 0.069392	 0.498921
-0.499668	-1.265204	 0.497846	 0.151909	 0.170956	 0.498863	 0.310053	 0.869991	 0.816698	-0.995934	 0.069392	 0.498921
-0.499668	-1.361845	 0.498576	 0.127523	 0.170956	 0.498863	 0.404341	 0.772761	 0.820258	-0.991950	 0.069392	 0.498921
-0.499668	-1.407248	 0.498940	 0.115330	 0.170956	 0.498863	 0.451485	 0.722795	 0.820391	-0.987982	 0.069392	 0.498921
-0.499668	-1.427045	 0.499123	 0.109233	 0.170956	 0.498863	 0.475058	 0.696466	 0.818816	-0.984030	 0.069392	 0.498921
-0.499668	-0.934050	-0.000786	 0.106185	 0.170956	 0.498863	 0.486844	 0.681961	 0.816395	-0.980094	 0.069392	 0.498921
-0.499668	-0.687552	-0.249739	 0.104661	 0.170956	 0.498863	 0.492737	 0.673374	 0.813556	-0.976174	 0.069392	 0.498921
-0.499668	-1.064303	 0.125784	 0.103899	 0.170956	 0.498863	-0.004317	 0.667751	 0.810515	-0.972269	 0.069392	 0.498921
-0.499668	-1.249796	 0.312543	 0.103518	 0.170956	 0.498863	-0.251841	 0.663615	 0.807379	-0.968380	 0.069392	 0.498921
-0.499668	-1.339673	 0.405923	 0.103327	 0.170956	 0.498863	-0.375603	 1.160228	 0.804203	-0.964506	 0.069392	 0.998921
-0.499668	-1.381752	 0.452613	 0.103232	 0.170956	 0.498863	-0.437484	 1.405221	 0.801013	-0.960648	 0.069392	 1.245923
-0.499668	-0.899943	 0.475958	 0.603184	 0.170956	 0.498863	-0.468424	 1.024417	 0.797822	-0.956806	 0.069392	 0.866438
-0.499668	-0.659039	 0.487630	 0.850954	 0.170956	 0.498863	-0.483895	 0.832728	 0.794638	-0.952979	 0.069392	 0.676696
-0.499668	-0.538587	 0.493466	 0.972642	 0.170956	 0.498863	-0.491630	 0.735601	 0.791463	-0.949167	 0.069392	 0.581824
-0.499668	-0.978361	 0.496384	 0.531297	 0.170956	 0.498863	 0.004503	 0.685761	 0.788298	-0.945370	 0.069392	 0.534389
-0.499668	-1.195412	 0.497844	 0.310625	 0.170956	 0.498863	 0.251568	 0.659569	 0.785146	-0.941588	 0.069392	 0.510671
-0.499668	-0.801112	 0.498573	 0.200288	 0.170956	 0.498863	-0.124900	 1.145206	 0.782006	-0.937822	 0.069392	 0.498812
-0.499668	-0.603963	 0.498938	 0.145120	 0.170956	 0.498863	-0.312131	 1.384763	 0.778878	-0.934071	 0.069392	 0.492883
-0.499668	-0.505388	 0.499120	 0.617536	 0.170956	 0.498863	-0.405746	 1.501293	 0.775763	-0.930335	 0.069392	 0.489918
-0.499668	-0.456100	 0.499211	 0.851564	 0.170956	 0.498863	-0.452554	 1.556322	 0.772660	-0.926613	 0.069392	 0.488436
-0.499668	-0.431457	 0.499257	 0.466407	 0.170956	 0.498863	-0.475958	 1.080614	 0.769569	-0.422907	 0.069392	 0.487694
-0.499668	-0.419135	 0.499280	 0.273828	 0.170956	 0.498863	-0.487660	 0.841550	 0.766491	-0.171054	 0.069392	 0.487324
-0.499668	-0.412974	 0.499291	 0.177539	 0.170956	 0.498863	-0.493511	 0.720813	 0.763425	-0.045127	 0.069392	 0.487138
-0.499668	-0.409893	 0.499297	 0.629395	 0.170956	 0.498863	-0.496436	 0.659245	 0.760371	-0.482164	 0.069392	 0.487046
-0.499668	-0.408353	 0.499300	 0.853160	 0.170956	 0.498863	-0.497899	 0.627265	 0.757330	-0.698844	 0.069392	 0.486999
-0.499668	-0.407583	 0.499301	 0.962888	 0.170956	 0.498863	 0.001370	 0.610085	 0.754300	-0.805352	 0.069392	 0.486976
-0.499668	-0.407198	 0.499302	 1.015608	 0.170956	 0.498863	 0.250003	 0.600309	 0.751283	-0.856783	 0.069392	 0.486965
-0.499668	-0.907005	 0.499302	 0.539831	 0.170956	-0.001137	-0.125681	 0.594240	 0.748278	-0.880682	 0.069392	 0.486959
-0.499668	-1.154095	 0.499302	 0.301942	 0.170956	-0.250135	-0.312520	 0.590029	 0.745285	-0.890822	 0.069392	 0.486956
-0.499668	-1.274838	 0.499302	 0.182998	 0.170956	 0.125366	 0.094061	 1.086752	 0.742304	-0.894091	 0.069392	 0.486955
-0.499668	-1.332418	 0.499303	 0.123526	 0.170956	 0.312115	 0.296350	 1.331946	 0.739335	-0.893930	 0.069392	 0.486954
-0.499668	-1.358428	 0.499303	 0.093789	 0.170956	 0.405489	 0.397494	 1.451389	 0.736377	-0.892062	 0.069392	 0.486954
 0.000332	-0.868665	 0.499303	 0.078921	 0.170956	-0.047823	 0.448066	 1.507969	 0.733432	-0.889348	 0.069392	 0.486953
 0.249331	-0.623783	 0.499303	 0.071487	 0.170956	-0.273478	 0.473352	 1.533130	 0.730498	-0.886218	 0.069392	 0.486953
-0.126169	-0.501342	 0.499303	 0.067770	 0.170956	 0.113695	-0.014005	 1.542594	 0.727576	-0.882886	 0.069392	 0.486953
-0.312916	-0.440121	 0.499303	 0.065912	 0.170956	 0.306280	-0.256680	 1.544221	 0.724666	-0.879461	 0.069392	 0.486953
-0.406289	-0.909511	 0.499303	 0.564983	 0.170956	 0.402573	 0.121982	 1.041944	 0.721767	-0.875997	 0.069392	 0.486953
-0.452976	-1.141448	 0.499303	 0.812390	 0.170956	 0.450719	 0.310312	 0.789725	 0.718880	-0.872520	 0.069392	 0.486953
-0.476319	-0.754670	 0.499303	 0.433974	 0.170956	 0.474792	-0.095524	 1.162541	 0.716004	-0.869043	 0.069392	 0.486953
-0.487991	-0.561281	 0.499303	 0.244766	 0.170956	 0.486828	-0.297438	 1.345878	 0.713140	-0.865573	 0.069392	 0.486953
-0.493827	-0.464586	 0.499303	 0.150162	 0.170956	 0.492847	-0.398396	 1.434489	 0.710288	-0.862114	 0.069392	 0.486953
-0.496745	-0.416239	-0.000697	 0.602860	 0.170956	 0.495856	-0.448875	 1.475748	 0.707447	-0.858668	 0.069392	 0.486953
-0.498204	-0.392065	-0.249696	 0.827098	 0.170956	 0.497360	-0.474114	 1.493343	 0.704617	-0.855234	 0.069392	 0.486953
-0.498933	-0.379978	 0.125805	 0.437114	 0.170956	 0.498113	-0.486734	 1.499119	 0.701798	-0.851813	 0.069392	 0.486953
-0.499298	-0.373935	 0.312552	 0.242122	 0.170956	 0.498489	-0.493043	 1.498997	 0.698991	-0.848406	 0.069392	 0.486953
-0.499480	-0.870913	 0.405926	 0.144626	 0.170956	 0.498677	-0.496198	 1.495938	 0.696195	-0.845013	 0.069392	 0.486953
-0.499571	-1.116667	 0.452613	 0.095878	 0.170956	 0.498771	-0.497776	 1.491423	 0.693410	-0.841633	 0.069392	 0.486953
-0.499617	-0.736819	 0.475957	 0.571504	 0.170956	 0.498818	-0.498564	 0.986192	 0.690637	-0.838266	 0.069392	 0.486953
-0.499640	-0.546894	 0.487628	 0.807223	 0.170956	 0.498841	-0.498959	 0.733576	 0.687874	-0.834913	 0.069392	 0.486953
-0.499651	-0.451932	 0.493464	 0.922997	 0.170956	 0.498853	-0.499156	 0.607268	 0.685123	-0.831573	 0.069392	 0.486953
-0.499657	-0.904451	 0.496382	 0.978806	 0.170956	 0.498859	-0.499255	 1.044114	 0.682382	-0.828247	 0.069392	 0.486953
-0.499660	-1.127997	 0.497841	 1.004641	 0.170956	 0.498862	-0.499304	 1.259575	 0.679653	-0.824934	 0.069392	 0.486953
-0.499661	-0.737067	 0.498571	 0.515498	 0.170956	 0.498863	 0.000671	 1.364356	 0.676934	-0.821634	 0.069392	 0.486953
-0.499662	-0.541601	 0.498935	 0.270926	 0.170956	 0.498864	 0.249658	 1.413808	 0.674226	-0.818348	 0.069392	 0.486953
-0.499662	-0.443869	 0.499118	 0.148641	 0.170956	 0.498865	-0.125849	 1.435607	 0.671530	-0.815075	 0.069392	 0.986953
-0.499663	-0.395003	 0.499209	 0.087498	 0.170956	 0.498865	-0.312600	 1.443592	 0.668843	-0.811814	 0.069392	 1.233979
-0.499663	-0.370569	 0.499255	 0.056926	 0.170956	 0.498865	 0.094025	 1.444682	 0.666168	-0.808567	 0.069392	 0.854530
-0.499663	-0.358353	 0.499277	 0.041640	 0.170956	 0.498865	 0.296336	 1.442335	 0.663503	-0.805333	 0.069392	 0.664806
-0.499663	-0.352245	 0.499289	 0.033998	 0.170956	 0.498865	 0.397492	 1.438281	 0.660849	-0.802111	 0.069392	 0.569944
-0.499663	-0.849190	 0.499294	 0.530176	 0.170956	 0.498865	 0.448069	 1.433386	 0.658206	-0.798903	 0.069392	 0.522512
