-0.499637	-1.003390	 0.499341	 0.790853	-0.285041	 0.498333	 0.268448	 1.245869	 0.651496	-0.685056	 0.191059	 0.446301
-0.499637	-1.000109	 0.499341	 0.412518	 0.091569	 0.498335	-0.108106	 1.366356	 0.649103	-0.682315	 0.191059	 0.446085
-0.499637	-0.996475	 0.499341	 0.223351	 0.279874	 0.498336	-0.296383	 1.423625	 0.646613	-0.679586	 0.191059	 0.445977
-0.499637	-0.992672	 0.499341	 0.128767	 0.374026	 0.498336	 0.109478	 0.949298	 0.644080	-0.676868	 0.191059	 0.445922
-0.499637	-0.988793	 0.499341	 0.081475	 0.421102	 0.498336	 0.311378	 0.712135	 0.641530	-0.674160	 0.191059	 0.445895
-0.499637	-0.484884	 0.499341	 0.057829	 0.444640	 0.498336	 0.411302	 1.093553	 0.638977	-1.171464	 0.191059	 0.945882
-0.499637	-0.232929	 0.499341	 0.046006	 0.456409	 0.498336	 0.460241	 1.281312	 0.636428	-1.416778	 0.191059	 1.192983
-0.499637	-0.106952	 0.499341	 0.040095	 0.462294	 0.498336	 0.483692	 1.372254	 0.633886	-1.536111	 0.191059	 1.313654
-0.499637	-0.543963	 0.499341	 0.037139	-0.034764	 0.498336	-0.005596	 0.914798	 0.631352	-1.092466	 0.191059	 0.871121
-0.499637	-0.760507	 0.499341	 0.035661	-0.282229	 0.498336	-0.250241	 0.686070	 0.628827	-0.869346	 0.191059	 0.649854
-0.499637	-0.866825	 0.499341	 0.534922	 0.095098	 0.498336	-0.372563	 1.071706	 0.626312	-0.756494	 0.191059	 1.039221
-0.499637	-0.918037	 0.499341	 0.782484	 0.283761	 0.498336	-0.433724	 1.261610	 0.623807	-0.698781	 0.191059	 1.231047
-0.499637	-0.941705	 0.499341	 0.904205	 0.378093	 0.498336	-0.464304	 1.353658	 0.621312	-0.668642	 0.191059	 1.324114
-0.499637	-0.951608	 0.499341	 0.963014	 0.425259	 0.498336	-0.479595	 1.396791	 0.618827	-0.652295	 0.191059	 1.367813
-0.499637	-0.954637	 0.499341	 0.490375	 0.448842	 0.498336	-0.487240	 0.915478	 0.616352	-0.642850	 0.191059	 1.386840
-0.499637	-0.954236	 0.499341	 0.254055	 0.460633	 0.498336	-0.491062	 0.674821	 0.613886	-0.636861	 0.191059	 1.393542
-0.499637	-0.952128	 0.499341	 0.135895	 0.466529	 0.498336	-0.492974	 0.554493	 0.611431	-0.632604	 0.191059	 1.394092
-0.499637	-0.449173	 0.499341	 0.076815	 0.469477	 0.498336	-0.493929	 0.494329	 0.608985	-0.629219	 0.191059	 1.391578
-0.499637	-0.197696	 0.499341	 0.047275	 0.470951	 0.498336	-0.494407	 0.464247	 0.606549	-0.626275	 0.191059	 1.387543
-0.499637	-0.071958	 0.499341	 0.532505	 0.471688	 0.498336	-0.494646	 0.949206	 0.604123	-1.123557	 0.191059	 0.882758
-0.499637	-0.009089	 0.499341	 0.773085	 0.472056	 0.498336	-0.494765	 1.188817	 0.601706	-1.368956	 0.191059	 0.630366
-0.499637	-0.477654	 0.499341	 0.391347	 0.472240	 0.498336	-0.494825	 1.305766	 0.599300	-0.988426	 0.191059	 0.504170
-0.499637	-0.710044	 0.499341	 0.200478	 0.472332	 0.498336	-0.494855	 1.361394	 0.596902	-0.796946	 0.191059	 0.441071
-0.499637	-0.824354	 0.499341	 0.105044	-0.027621	 0.498336	 0.005130	 1.386375	 0.594515	-1.199995	 0.191059	 0.409522
-0.499637	-0.879632	 0.499341	 0.057327	-0.276543	 0.498336	 0.254112	 1.396042	 0.592137	-1.398313	 0.191059	 0.393748
-0.499637	-0.905401	 0.499341	 0.033468	-0.399953	 0.498336	 0.377597	 1.398065	 0.589768	-1.494279	 0.191059	 0.385861
-0.499637	-0.916424	 0.499341	 0.521539	 0.039388	 0.498336	-0.061662	 0.896276	 0.587409	-1.039081	 0.191059	 0.381917
-0.499637	-0.920080	 0.499341	 0.763555	 0.259059	 0.498336	-0.280290	 0.645381	 0.585060	-0.810315	 0.191059	 0.379945
-0.499637	-0.420060	 0.499341	 0.382552	-0.631105	 0.498336	 0.110396	 1.019934	 0.582719	-0.694769	 0.191059	 0.378959
-0.499637	-0.170051	 0.499341	 0.192050	-1.073145	 0.498336	 0.304736	 1.204421	 0.580388	-0.635837	 0.191059	 0.378466
-0.499637	-0.045046	 0.499341	 0.596800	-0.291134	 0.498336	-0.098093	 0.793887	 0.578067	-0.605217	 0.191059	 0.878220
-0.499637	 0.017457	 0.499341	 0.797171	 0.099871	 0.498336	-0.298506	 0.588620	 0.575755	-0.588758	 0.191059	 1.125341
-0.499637	-0.451292	 0.499341	 0.895362	-0.204627	 0.498336	-0.398713	 0.985987	 0.573452	-1.079384	 0.191059	 0.746156
-0.499637	-0.683827	 0.499341	 0.942470	-0.355857	 0.498336	-0.448816	 1.181903	 0.571158	-1.321557	 0.191059	 0.556564
-0.499637	-0.798261	 0.499341	 0.964045	-0.430458	 0.498336	-0.473867	 1.277106	 0.568873	-1.439516	 0.191059	 0.461768
-0.499637	-0.853653	 0.499341	 0.972861	 0.033251	 0.498336	 0.013607	 1.321962	 0.566598	-0.995381	 0.191059	 0.914370
-0.499637	-0.879531	 0.499341	 0.975306	 0.265106	 0.498336	 0.256342	 1.341657	 0.564331	-0.772211	 0.191059	 1.137937
-0.499637	-0.890659	-0.000659	 0.474573	 0.381034	 0.498336	-0.122291	 0.848782	 0.562074	-0.659527	 0.191059	 1.246997
-0.499637	-0.894419	-0.249657	 0.224206	 0.438997	 0.498336	-0.310605	 0.602344	 0.559826	-0.602092	 0.191059	 1.298815
-0.499637	-0.894503	-0.374157	 0.099023	 0.467979	 0.498336	-0.404762	 0.979125	 1.057586	-0.572285	 0.191059	 1.322023
-0.499637	-0.892756	-0.436406	 0.036431	 0.482470	 0.498336	-0.451841	 1.164804	 1.303356	-0.556297	 0.191059	 1.330937
-0.499637	-0.890100	 0.032469	 0.505136	 0.489716	 0.498336	-0.475380	 1.254943	 0.923143	-0.547222	 0.191059	 0.832714
-0.499637	-0.886997	 0.265904	 0.737540	 0.493338	 0.498336	-0.487150	 1.297322	 0.731950	-0.541608	 0.191059	 0.583602
-0.499637	-0.883678	 0.382621	 0.851802	 0.495150	 0.498336	 0.006965	 1.315832	 0.635272	-0.537729	 0.191059	 0.459046
-0.499637	-0.880258	 0.440980	 0.907001	 0.496055	 0.498336	 0.253021	 1.322418	 0.585856	-0.534722	 0.191059	 0.396769
-0.499637	-0.876794	 0.470159	 0.932677	 0.496508	 0.498336	 0.376048	 1.323053	 0.560075	-0.532155	 0.191059	 0.365630
-0.499637	-0.873316	 0.484749	 0.443597	 0.496735	 0.498336	 0.437562	 0.820723	 0.546116	-0.529812	 0.191059	 0.350060
-0.499637	-0.869837	 0.492044	 0.199058	 0.496848	 0.498336	 0.468319	 0.569559	 0.538072	-0.527586	 0.191059	 0.342275
-0.499637	-0.866365	 0.495691	 0.076788	 0.496904	 0.498336	-0.016302	 0.443976	 0.532990	-0.525422	 0.191059	 0.338383
-0.499637	-0.862903	 0.497515	 0.015653	 0.496933	 0.498336	-0.257611	 0.381185	 0.529393	-0.523294	 0.191059	 0.336437
-0.499637	-0.859453	 0.498427	-0.014914	-0.003053	 0.498336	 0.121734	 0.349789	 0.526543	-0.521187	 0.191059	 0.335464
-0.499637	-0.856016	 0.498883	-0.030198	-0.252040	 0.498336	 0.310405	 0.334091	 0.524071	-0.519096	 0.191059	 0.334977
-0.499637	-0.852592	 0.499111	 0.462160	 0.124469	-0.001664	-0.095260	 0.826243	 0.521792	-0.517016	 0.191059	 0.334734
-0.499637	-0.849182	 0.499225	 0.706430	 0.311721	-0.250660	-0.297090	 1.069681	 0.519613	-0.514946	 0.191059	 0.334612
-0.499637	-0.845786	 0.499282	 0.826664	 0.405347	-0.375159	-0.398006	 1.188774	 0.517489	-0.512886	 0.191059	 0.334552
-0.499637	-0.842402	 0.499310	 0.384887	 0.452160	 0.062592	-0.448463	 1.245705	 0.515396	-0.510834	 0.191059	 0.834521
-0.499637	-0.839033	 0.499324	 0.163998	 0.475567	 0.280467	-0.473692	 1.271565	 0.513323	-0.508790	 0.191059	 1.081837
-0.499637	-0.835677	 0.499331	 0.053554	 0.487270	-0.110596	 0.013694	 0.781901	 0.511264	-0.506755	 0.191059	 0.702837
-0.499637	-0.832334	 0.499335	-0.001668	 0.493122	-0.305124	 0.256384	 0.537068	 0.509216	-0.504728	 0.191059	 0.513336
-0.499637	-0.829005	 0.499337	 0.470721	 0.496048	 0.097612	-0.122270	 0.914652	 0.507178	-0.502709	 0.191059	 0.418586
-0.499637	-0.825689	 0.499338	 0.705029	 0.497511	 0.297980	-0.310596	 1.100860	 0.505148	-0.500698	 0.191059	 0.371211
-0.499637	-0.822386	 0.499338	 0.320305	 0.498242	 0.398163	-0.404759	 0.691389	 0.503127	-0.499693	 0.191059	 0.347524
-0.499637	-0.819096	 0.499338	 0.127942	 0.498608	 0.448255	-0.451840	 0.486654	 0.501115	-0.499190	 0.191059	 0.335680
-0.499637	-0.815820	 0.499338	 0.031761	 0.498791	 0.473301	-0.475381	 0.384286	 0.500108	-0.498939	 0.191059	 0.329758
-0.499637	-0.812557	 0.499339	 0.483671	 0.498882	 0.485824	-0.487151	 0.333102	 0.499605	-0.498813	 0.191059	 0.326797
-0.499637	-0.809306	 0.499339	 0.707754	 0.498928	 0.492085	-0.493036	 0.307511	 0.499353	-0.498750	 0.191059	 0.325317
-0.499637	-0.306069	 0.499339	 0.817932	 0.498951	 0.495216	-0.495979	 0.794715	 0.499228	-0.498719	 0.191059	 0.324576
-0.499637	-0.054451	 0.499339	 0.871165	 0.498962	 0.496781	-0.497450	 1.035753	 0.499165	-0.498703	 0.191059	 0.324206
-0.499637	-0.428641	 0.499339	 0.895933	 0.498968	 0.497564	-0.498186	 1.153718	 0.499133	-0.998695	 0.191059	 0.324021
-0.499637	-0.614131	 0.499339	 0.906475	 0.498971	 0.497955	-0.498554	 1.210158	 0.499118	-1.245694	 0.191059	 0.323929
-0.499637	-0.705277	 0.499339	 0.909912	 0.498972	 0.498151	-0.498738	 0.735844	 0.499110	-0.866208	 0.191059	 0.323882
-0.499637	-0.749257	 0.499339	 0.909804	 0.498973	 0.498249	-0.498830	 0.498687	 0.499106	-0.676465	 0.191059	 0.323859
-0.499637	-0.769660	 0.499339	 0.907931	 0.498973	 0.498298	-0.498875	 0.380109	 0.499104	-0.581593	 0.191059	 0.323848
-0.499637	-0.778282	 0.499339	 0.905182	 0.498973	 0.498322	-0.498898	 0.820820	 0.499103	-1.034158	 0.191059	 0.323842
-0.499637	-0.781019	 0.499339	 0.902003	 0.498973	 0.498335	-0.498910	 1.038652	 0.499102	-1.257466	 0.191059	 0.323839
-0.499637	-0.780820	 0.499339	 0.398615	 0.498973	 0.498341	-0.498916	 1.145055	 0.499102	-0.866159	 0.191059	 0.323838
-0.499637	-0.779159	 0.499339	 0.146922	 0.498973	 0.498344	-0.498919	 1.195754	 0.499102	-0.670505	 0.191059	 0.323837
-0.499637	-0.776774	 0.499339	 0.521075	 0.498973	 0.498345	-0.498920	 1.218611	 0.499102	-0.572679	 0.191059	 0.823836
-0.499637	-0.774032	 0.499339	 0.706361	 0.498973	 0.498346	-0.498921	 1.227556	 0.499102	-0.523765	 0.191059	 1.071189
-0.499637	-0.771119	 0.499339	 0.797221	 0.498973	 0.498346	-0.498921	 1.229555	 0.499102	-0.499309	 0.191059	 0.692228
-0.499637	-0.768126	 0.499339	 0.840874	 0.498973	 0.498347	-0.498921	 1.228092	 0.499102	-0.487080	 0.191059	 0.502747
-0.499637	-0.765099	 0.499339	 0.860932	 0.498973	 0.498347	-0.498921	 1.224907	 0.499102	-0.480966	 0.191059	 0.408007
-0.499637	-0.762061	 0.499339	 0.869199	 0.498973	 0.498347	 0.001079	 1.220871	 0.499102	-0.477909	 0.191059	 0.360637
-0.499637	-0.759025	 0.499339	 0.871578	 0.498973	 0.498347	 0.250076	 1.216420	 0.499102	-0.476380	 0.191059	 0.336952
-0.499637	-0.255994	 0.499339	 0.871019	 0.498973	 0.498347	 0.374575	 1.211770	 0.499102	-0.475616	 0.191059	 0.325109
-0.499637	-0.004479	 0.499339	 0.868999	 0.498973	 0.498347	 0.436825	 1.207031	 0.499102	-0.475234	 0.191059	 0.319188
-0.499637	-0.378721	 0.499339	 0.866255	-0.001027	 0.498347	 0.467949	 1.202257	 0.499102	-0.475043	 0.191059	 0.316227
-0.499637	-0.564337	 0.499339	 0.863156	-0.250025	 0.498347	 0.483512	 1.197475	 0.499102	-0.474947	 0.191059	 0.314747
-0.499637	-0.655644	 0.499339	 0.359886	 0.125477	 0.498347	-0.008707	 1.192698	 0.499102	-0.474900	 0.191059	 0.314007
-0.499637	-0.699804	 0.499339	 0.108251	 0.312225	 0.498347	-0.253815	 1.187934	 0.499102	-0.474876	 0.191059	 0.313637
-0.499637	-0.720396	 0.499339	-0.017566	 0.405599	 0.498347	-0.376368	 1.183186	 0.499102	-0.474864	 0.191059	 0.313452
-0.499637	-0.229210	 0.499339	 0.419525	 0.452286	 0.498347	-0.437645	 0.678455	 0.499102	-0.474858	 0.191059	 0.313359
-0.499637	 0.016382	 0.499339	 0.636357	 0.475630	 0.498347	-0.468284	 0.426089	 0.499102	-0.474855	 0.191059	 0.313313
-0.499637	 0.139179	 0.499339	 0.743067	 0.487302	 0.498347	-0.483603	 0.799907	 0.499102	-0.474853	 0.191059	 0.313290
-0.499637	 0.200577	 0.499339	 0.794723	 0.493138	 0.498347	-0.491262	 0.984468	 0.499102	-0.474853	 0.191059	 0.313278
-0.499637	-0.268724	 0.499339	 0.318858	 0.496056	 0.498347	-0.495092	 0.574410	 0.499102	-0.474852	 0.191059	 0.313272
-0.499637	-0.501898	 0.499339	 0.080925	 0.497515	 0.498347	-0.497007	 0.369382	 0.499102	-0.474852	 0.191059	 0.313269
-0.499637	-0.617015	 0.499339	 0.461959	-0.001756	 0.498347	 0.002035	 0.766867	 0.499102	-0.474852	 0.191059	 0.313268
-0.499637	-0.673109	 0.499339	 0.650790	-0.250389	 0.498347	 0.250554	 0.963281	 0.499102	-0.474852	 0.191059	 0.313267
-0.499637	-0.699698	 0.499339	 0.743526	-0.374706	 0.498347	 0.374814	 1.059169	 0.499102	-0.474852	 0.191059	 0.313267
-0.499637	-0.711540	 0.499339	 0.788221	-0.436864	 0.498347	-0.063056	 0.604803	 0.499102	-0.474852	 0.191059	 0.313267
-0.499637	-0.716014	 0.499339	 0.808903	-0.467943	 0.498347	-0.280989	 0.377620	 0.499102	-0.474852	 0.191059	 0.313267
-0.499637	-0.716810	 0.499339	 0.817585	 0.016517	 0.498347	 0.110044	 0.264028	 0.499102	-0.474852	 0.191059	 0.313267
-0.499637	-0.715773	 0.499339	 0.820274	 0.257746	 0.498347	 0.304558	 0.207232	 0.499102	-0.474852	 0.191059	 0.313267
-0.499637	-0.713825	 0.499339	 0.319972	 0.378360	 0.498347	-0.098184	 0.178834	 0.499102	-0.474852	 0.191059	 0.313267
-0.499637	-0.711427	 0.499339	 0.069821	 0.438667	 0.498347	-0.298554	 0.164635	 0.499102	-0.474852	 0.191059	 0.313267
-0.499637	-0.708810	 0.499339	-0.055254	 0.468820	-0.001653	-0.398739	 0.157536	 0.499102	-0.474852	 0.191059	 0.313267
-0.499637	-0.706089	 0.499339	-0.117792	 0.483897	-0.250650	-0.448831	 0.153986	 0.499102	-0.474852	 0.191059	 0.313267
-0.499637	-0.703322	 0.499339	-0.149061	 0.491435	-0.375148	-0.473877	 0.152211	 0.499102	-0.474852	 0.191059	 0.313267
-0.499637	-0.700537	 0.499339	-0.164695	 0.495205	 0.062603	-0.486400	 0.651324	 0.499102	-0.474852	 0.191059	 0.313267
-0.499637	-0.697750	 0.499339	-0.172513	 0.497089	 0.280477	-0.492662	 0.898579	 0.499102	-0.474852	 0.191059	 0.313267
-0.499637	-0.694966	 0.499339	 0.323579	 0.498032	 0.389415	 0.004207	 0.519915	 0.499102	-0.474852	 0.191059	 0.313267
-0.499637	-0.692189	 0.499339	 0.569985	 0.498503	 0.443883	 0.251640	 0.330583	 0.499102	-0.474852	 0.191059	 0.313267
-0.499637	-0.189422	-0.000661	 0.691555	 0.498738	 0.471118	 0.375356	 0.735917	 0.499102	-0.474852	 0.191059	 0.313267
-0.499637	 0.061961	-0.249660	 0.750714	 0.498856	 0.484735	 0.437214	 0.936302	 0.499102	-0.474852	 0.191059	 0.313267
-0.499637	-0.312347	 0.125841	 0.278674	 0.498915	 0.491543	-0.031857	 1.034221	 0.499102	-0.474852	 0.191059	 0.313267
-0.499637	-0.498128	 0.312588	 0.042654	 0.498944	 0.494948	-0.265390	 1.080916	 0.499102	-0.474852	 0.191059	 0.313267
-0.499637	-0.589651	 0.405962	-0.075356	 0.498959	 0.496650	-0.382157	 1.102008	 0.499102	-0.474852	 0.191059	 0.313267
-0.499637	-0.134050	 0.452649	 0.365639	 0.498966	 0.497501	 0.059460	 0.610308	 0.499102	-0.474852	 0.191059	 0.313267
-0.499637	 0.093751	 0.475992	 0.584523	 0.498970	 0.497927	 0.279266	 0.364458	 0.499102	-0.474852	 0.191059	 0.313267
-0.499637	 0.207651	 0.487664	 0.692358	 0.498972	-0.001861	 0.389169	 0.741533	 0.499102	-0.474852	 0.191059	 0.313267
-0.499637	 0.264601	 0.493500	 0.744676	 0.498973	-0.250751	 0.444120	 0.927833	 0.499102	-0.474852	 0.191059	 0.313267
-0.499637	 0.293076	 0.496418	 0.769240	 0.498973	 0.124804	 0.471596	 1.018755	 0.999102	 0.025148	 0.191059	 0.313267
-0.499637	 0.307314	 0.497877	 0.779935	 0.498974	 0.311580	 0.485334	 1.061997	 1.246104	 0.274098	 0.191059	 0.313267
-0.499637	 0.314433	 0.498606	 0.283701	 0.498974	 0.404969	 0.492203	 1.081407	 0.866618	-0.102473	 0.191059	 0.813267
-0.499637	 0.317992	 0.498971	 0.035584	 0.498974	 0.451663	 0.495637	 1.088911	 0.676876	-0.290759	 0.191059	 1.060640
-0.499637	 0.319772	 0.499153	 0.411526	 0.498974	 0.475010	 0.497355	 1.090470	 0.582004	-0.384902	 0.191059	 1.181711
-0.499637	 0.320662	 0.499245	 0.597921	 0.498974	 0.486684	 0.498213	 1.089065	 0.534569	-0.431973	 0.191059	 0.739641
-0.499637	 0.321107	 0.499290	 0.689551	 0.498974	 0.492520	 0.498643	 1.086187	 0.510851	-0.455509	 0.191059	 0.518605
-0.499637	-0.178671	 0.499313	 0.733803	 0.498974	-0.004561	-0.001143	 1.082582	 0.498992	-0.467277	 0.191059	 0.408088
-0.499637	-0.427203	 0.499324	 0.754373	 0.498974	-0.252099	-0.250034	 1.078621	 0.493063	-0.473161	 0.191059	 0.352829
-0.499637	-0.050117	 0.499330	 0.763108	 0.498974	 0.124133	 0.125521	 1.074492	 0.490098	-0.476103	 0.191059	 0.325200
-0.499637	 0.138425	 0.499333	 0.765932	 0.498974	 0.311247	 0.312296	 1.070286	 0.488615	-0.477574	 0.191059	 0.311385
-0.499637	-0.267303	 0.499334	 0.765807	 0.498974	-0.095195	-0.094316	 1.066051	 0.487874	-0.478309	 0.191059	 0.304478
-0.499637	-0.468821	 0.499335	 0.764212	 0.498974	-0.297413	-0.296621	 1.061810	 0.487504	-0.478677	 0.191059	 0.301024
-0.499637	-0.068240	 0.499335	 0.261890	 0.498974	 0.101478	-0.397773	 0.557574	 0.487318	-0.478861	 0.191059	 0.299297
-0.499637	 0.132051	 0.499336	 0.010729	 0.498974	 0.299923	-0.448349	 0.305457	 0.487226	-0.478953	 0.191059	 0.298434
-0.499637	 0.232196	 0.499336	-0.114852	 0.498974	 0.399145	-0.473637	 0.179398	 0.487179	-0.478999	 0.191059	 0.298002
-0.499637	-0.217731	 0.499336	 0.322358	 0.498974	 0.448756	 0.013719	 0.116368	 0.487156	-0.479022	 0.191059	 0.797786
-0.499637	-0.441359	 0.499336	 0.539444	 0.498974	 0.473562	 0.256395	 0.084853	 0.487145	-0.479033	 0.191059	 1.045083
-0.499637	-0.551844	 0.499336	 0.646474	 0.498974	 0.485965	-0.122267	 0.569096	 0.487139	-0.479039	 0.191059	 0.666147
-0.499637	-0.605761	 0.499336	 0.698481	 0.498974	 0.492166	-0.310596	 0.809111	 0.487136	-0.479042	 0.191059	 0.476679
-0.499637	-0.631400	 0.499336	 0.722984	 0.498974	 0.495267	-0.404761	 0.927020	 0.487135	-0.479043	-0.308941	 0.381945
-0.499637	-0.642906	 0.499336	 0.733741	 0.498974	 0.496817	-0.451843	 0.983884	 0.487134	-0.479044	-0.557323	 0.334578
-0.499637	-0.147350	 0.499336	 0.237630	 0.998974	 0.497592	 0.024616	 1.010235	 0.487133	-0.479044	-0.179903	 0.310894
-0.499637	 0.100428	 0.499336	-0.010425	 1.245976	 0.497980	 0.261843	 1.021338	 0.487133	-0.479044	 0.008807	 0.299052
-0.499637	 0.224317	 0.499336	-0.134453	 1.366491	 0.498174	 0.380456	 1.024824	 0.487133	-0.479045	 0.103163	 0.293131
-0.499637	 1.286262	 0.499336	 0.303533	 1.423774	 0.498270	 0.939763	 0.024510	-0.512867	 1.520955	 0.150340	 0.290171
-0.499637	 1.812537	 0.499336	 0.521043	 1.449454	 0.498319	 1.216419	-0.473695	-1.009841	 2.513914	 0.173929	 0.288691
 0.000363	 3.070998	-0.000664	 0.128321	 1.959344	-0.001657	 1.851760	-2.220854	-2.755315	 4.503379	-0.814277	-0.212049
 0.249363	 3.691569	-0.249663	-0.068040	 2.209350	-0.250641	 2.164457	-3.086497	-3.619050	 5.485126	-1.304775	-0.460994
 1.373862	 5.993230	-0.874162	-0.666220	 2.829434	-0.375134	 2.815850	-5.011414	-5.541952	 7.463065	-1.046433	-1.084046
 1.931115	 7.127471	-1.183415	-0.962782	 3.132578	-0.437380	 3.134613	-5.960000	-6.488473	 8.433153	-0.915686	-1.392158
 2.704765	 9.678068	-1.335055	-1.108544	 3.277278	-0.968503	 3.287087	-6.420476	-6.946864	 10.399391	-0.348743	-2.042814
 3.084633	 10.928909	-1.407902	-1.178916	 3.342784	-1.231065	 3.356446	-6.636952	-7.161249	 11.357778	-0.065271	-2.362754
 3.267638	 12.029970	-1.441364	-1.211604	 3.868720	-1.359359	 3.384273	-6.731483	-7.253690	 12.312340	 0.576465	-3.017359
 3.352240	 12.554239	-1.455146	-1.225459	 4.122899	-1.420531	 3.391363	-6.765097	-7.285218	 12.763087	 0.894896	-3.337318
 3.887667	 13.790216	-1.959099	-1.229908	 4.241235	-1.448153	 3.388110	-6.768306	-7.286349	 13.462032	 1.051686	-3.489983
 4.146534	 14.378152	-2.206149	-1.229664	 4.291683	-1.459013	 3.379715	-6.756368	-7.272339	 13.783183	 1.127663	-3.559030
 4.267157	 15.142188	-2.324768	-1.227083	 4.808223	-1.461503	 3.868774	-6.736910	-7.250818	 13.915550	 1.163245	-3.586297
 4.318693	 15.492394	-2.379190	-1.223343	 5.055844	-1.459820	 4.104588	-6.713746	-7.225598	 13.953638	 1.178638	-3.592704
 4.335720	 16.135811	-2.401534	-1.219034	 5.169047	-1.456062	 4.213814	-6.688783	-7.198588	 14.444698	 1.183946	-4.088709
 4.335528	 16.423962	-2.407859	-1.214451	 5.215084	-1.451279	 4.259781	-6.662974	-7.170740	 14.660357	 1.184222	-4.327542
 4.326762	 16.534613	-2.406192	-1.209739	 5.227580	-1.445994	 4.274153	-6.636795	-7.142530	 14.738434	 1.181991	-4.437826
 4.313742	 16.556648	-2.400550	-1.204973	 5.723348	-1.440470	 4.272762	-6.610484	-7.114196	 14.747840	 1.178516	-4.483871
 4.298631	 16.534508	-2.392939	-1.200190	 5.958794	-1.434838	 4.263524	-6.584160	-7.085857	 14.723028	 1.174428	-4.497834
 4.282509	 16.990413	-2.384363	-1.195407	 5.564129	-1.429164	 4.250396	-6.557883	-7.057573	 14.681226	 1.170044	-4.495792
 4.265915	 17.183473	-2.375324	-1.190635	 5.356457	-1.423480	 4.235358	-6.531681	-7.029372	 14.631046	 1.165520	-4.485784
 4.249119	 17.245250	-2.366071	-1.185877	 5.742323	-1.417802	 4.219398	-6.505569	-7.001270	 14.576794	 1.160936	-4.471828
 4.232257	 17.241524	-2.356731	-1.181135	 5.923000	-1.412139	 4.203011	-6.479554	-6.973272	 14.520623	 1.156332	-4.455934
 4.215395	 17.205186	-2.347367	-1.176412	 5.501131	-1.406495	 4.186445	-6.453639	-6.945383	 14.963609	 1.151726	-4.439107
 4.198566	 17.152679	-2.338008	-1.171707	 5.280038	-1.400871	 4.169822	-6.427827	-6.917603	 15.154288	 1.147129	-4.421849
 4.181789	 17.092225	-2.328672	-1.167020	 5.159374	-1.395268	 4.153204	-6.402116	-6.889933	 15.218938	 1.142545	-4.404411
 4.165070	 17.027935	-2.319365	-1.162352	 5.588964	-1.889688	 4.136622	-6.376508	-6.862374	 14.720696	 1.137978	-4.386918
 4.148414	 16.961862	-2.310091	-1.157703	 5.791723	-2.132129	 4.120090	-6.351003	-6.834925	 14.443130	 1.133427	-4.369433
 4.131822	 16.895035	-2.300853	-1.153072	 5.881113	-1.748601	 4.103618	-6.325599	-6.807585	 14.776016	 1.128894	-4.351986
 4.115296	 16.827964	-2.291651	-1.148460	 5.913867	-1.554107	 4.087207	-6.300296	-6.780355	 14.912241	 1.124378	-4.334594
 4.098836	 17.260907	-2.782484	-1.143866	 5.918350	-1.454140	 4.070860	-6.275095	-6.753234	 14.950256	 1.119881	-4.317263
 4.082440	 17.441991	-3.021355	-1.139291	 5.908747	-1.401449	 4.054578	-6.249995	-6.726221	 14.939288	 1.115402	-4.299998
 4.566111	 17.497287	-3.134269	-1.134734	 5.892146	-1.372405	 4.038360	-6.224995	-6.699316	 14.903947	 1.110940	-4.282800
 4.797846	 17.489830	-3.184232	-1.130195	 5.872095	-1.355197	 4.022207	-6.200095	-6.672519	 14.856539	 1.106496	-4.265670
 4.903655	 17.451136	-3.202745	-1.125674	 5.850366	-1.343917	 4.006118	-6.175295	-6.645829	 14.803217	 1.102070	-4.248608
 4.946541	 17.396965	-2.705560	-1.121171	 5.827843	-1.335612	 3.990094	-6.150593	-6.619245	 14.747056	 1.097662	-4.231613
 4.958004	 17.335193	-2.452550	-1.116687	 5.804972	-1.328804	 3.974133	-6.125991	-6.592768	 14.689594	 1.093271	-4.214687
 4.953797	 17.269761	-2.321646	-1.112220	 5.781972	-1.322757	 3.958237	-6.101487	-6.566397	 14.631598	 1.088898	-4.197828
 4.941795	 17.202636	-2.251812	-1.107771	 5.758954	-1.317099	 3.942404	-6.077081	-6.540132	 14.573454	 1.084543	-4.181037
 4.425934	 17.134802	-2.212532	-1.103340	 5.735973	-1.311648	 3.926634	-6.052773	-6.513971	 14.515350	 1.080205	-4.164313
 4.160183	 17.066752	-2.188545	-1.098926	 5.713057	-1.306310	 3.910928	-6.028562	-6.487915	 14.457384	 1.075884	-4.147656
 4.519519	 16.998729	-2.172222	-1.594531	 5.690218	-1.301039	 4.395284	-6.004447	-6.461963	 14.399603	 1.071580	-4.131065
 4.689429	 16.930856	-2.159749	-1.838153	 5.667464	-1.295812	 4.627703	-5.980430	-6.436116	 14.342028	 1.067294	-4.114541
 4.764666	 16.863194	-2.149218	-1.955800	 5.644798	-1.290617	 4.734192	-5.956508	-6.410371	 14.284672	 1.063025	-4.098083
 4.792604	 17.295771	-2.139675	-1.510477	 5.622220	-1.285449	 4.277755	-5.932682	-6.384730	 14.227539	 1.058773	-4.081690
 4.796932	 17.476604	-2.130644	-1.285685	 5.599732	-1.280304	 4.041894	-5.908951	-6.359191	 14.170632	 1.054538	-4.065364
 4.289494	 16.531705	-2.121884	-1.171167	 5.077334	-1.275181	 3.416352	-5.885315	-6.333754	 12.113951	 1.050319	-3.549102
 4.028210	 16.028082	-2.113279	-1.111795	 4.807024	-1.270080	 3.097999	-5.861774	-6.308419	 11.065496	 1.046118	-3.284906
 2.890035	 11.245221	-1.604766	-1.080004	 2.662796	-0.764999	 1.933263	-5.838327	-6.283185	 7.021234	-0.458066	-2.146766
 2.317443	 8.840867	-1.348318	-1.062012	 1.589645	-0.512459	 1.349358	-5.814974	-6.258053	 4.993149	-1.206234	-1.575679
 1.027658	 4.125816	-1.217910	-1.050928	 0.552037	-0.386189	 0.555875	-4.291714	-4.733020	 2.473177	-1.076409	-0.788126
 0.382765	 1.769469	-1.150531	-1.043307	 0.033233	-0.323054	 0.159133	-3.524547	-3.964088	 1.213191	-1.009603	-0.394350
 0.060319	 0.592470	-1.114675	-1.037424	-0.226170	-0.291486	-0.039238	-3.135449	-3.573232	 0.583198	-0.974315	-0.197462
-0.600904	-0.494861	-0.594589	-1.032420	-1.355871	-0.275702	-1.138423	-2.435407	-2.371439	-1.731799	-0.454793	-0.099018
-0.928992	-1.035362	-0.334547	-1.027863	-1.915750	-0.267811	-1.683541	-2.081915	-1.768203	-2.881204	-0.195032	-0.049796
-1.090521	-2.802461	-0.204525	-1.023538	-2.190739	 0.236135	-1.951642	-1.401713	-0.964255	-3.447845	-0.565151	 0.474815
-1.168782	-3.676871	-0.139514	-1.019337	-2.323301	 0.486628	-2.081253	-1.060168	-0.562282	-3.723136	-0.748340	 0.735122
-0.705418	-4.104974	-0.107009	-1.015206	-2.384671	 0.110400	-2.141637	-0.887959	-0.361295	-3.852785	-0.338072	 0.863285
-0.473736	-4.309959	-0.090756	-1.011119	-2.410464	-0.077714	-2.167425	-0.800423	-0.260801	-3.909645	-0.132938	 0.925383
-0.357895	-4.403422	-0.082630	-1.007061	-2.418488	 0.328229	-2.175933	-0.755229	-0.210554	-3.930142	-0.530370	 0.954457
-0.299975	-4.441159	-0.078567	-1.003026	-2.417646	 0.529733	-2.175818	-0.731212	-0.185431	-3.932489	-0.727231	 0.967027
-0.271015	-4.451070	-0.076535	-1.499011	-2.412392	 0.629022	-2.171409	-0.717789	-0.172869	-3.925793	-0.323814	 0.971353
-0.256535	-4.447104	-0.075520	-1.743013	-2.404951	 0.677210	-2.164870	-0.709669	-0.166588	-3.914607	-0.122105	 0.971564
-0.249294	-4.436234	-0.075012	-1.861040	-2.396435	 0.699853	-2.157284	-0.704205	-0.163448	-3.901207	-0.021250	 0.969727
-0.745674	-4.421949	-0.074758	-0.916095	-2.387402	 0.209729	-2.149192	-0.700076	 0.338122	-3.886731	 0.029177	 0.966872
-0.991380	-4.405991	-0.074631	-0.443623	-2.378128	-0.035332	-2.140864	-0.696620	 0.587228	-3.871749	 0.054391	 0.963517
-1.111759	-4.389231	 0.425433	-0.207387	-2.368753	-0.157863	-2.132434	-0.693505	 0.710108	-3.856544	-0.433003	 0.959919
-1.169484	-4.372107	 0.673614	-0.089269	-2.359347	-0.219128	-2.123972	-0.690567	 0.769882	-3.841259	-0.674858	 0.956207
-1.195892	-4.354835	 0.295860	-0.030210	-2.349945	-0.249761	-2.115509	-0.187723	 0.798110	-3.825964	-0.293953	 0.952446
-1.206652	-4.337524	 0.106984	-0.000680	-2.340562	-0.265078	-2.107064	 0.063699	 0.810571	-3.810696	-0.103500	 0.948668
-1.209597	-4.320228	 0.512545	 0.014084	-2.331208	 0.227264	-1.598644	 0.189410	 0.815156	-3.795471	-0.008274	 0.944890
-1.208644	-4.302974	 0.713490	 0.021467	-2.321888	 0.471996	-1.342254	 0.252266	 0.815808	-3.780298	 0.039339	 0.941118
-1.205752	-4.285775	 0.812133	 0.025158	-2.312603	 0.592928	-1.211887	 0.283693	 0.814502	-3.765181	 0.063146	 0.937358
-1.201901	-3.768639	 0.359634	-0.472997	-2.303353	 0.651967	-1.644540	 0.299407	 0.812222	-3.250122	 0.075049	 0.933610
-1.197579	-3.503568	 0.133384	-0.720131	-2.294140	 0.680064	-1.856713	 0.307264	 0.809463	-2.987123	 0.081001	 0.929877
-0.693031	-3.864555	 0.520259	-0.341764	-2.284964	 0.692696	-1.958661	 0.311193	 0.806469	-3.350175	 0.083977	 0.926158
-0.440758	-4.036598	 0.711882	-0.152581	-2.275824	 0.697602	-2.005514	 0.313157	 0.803366	-3.524275	 0.085465	 0.922453
-0.814621	-3.614202	 0.805887	-0.057989	-1.766721	 0.698650	-1.524836	 0.314139	 0.800213	-3.103928	 0.086209	 0.918764
-0.999175	-3.396620	 0.851089	-0.010693	-1.509654	 0.697774	-1.282408	 0.314630	 0.797043	-2.888387	 0.086581	 0.915089
-1.089085	-3.281471	 0.371898	 0.012955	-1.878616	 0.695942	-1.159115	 0.314876	 0.793870	-3.275271	 0.086767	 0.911428
-1.131682	-3.217564	 0.132302	 0.024779	-2.058601	 0.693638	-1.095396	 0.314998	 0.790702	-3.461389	 0.086860	 0.907783
-1.150632	-3.179303	 0.012504	 0.030691	-2.144117	 0.691104	-1.061474	 0.315060	 0.787543	-3.547153	 0.086906	 0.904152
-1.157768	-3.153891	-0.047395	 0.033647	-1.682415	 0.688459	-1.042457	 0.315091	 0.784395	-3.582769	 0.086929	 0.900535
-1.159006	-3.134928	-0.077344	 0.035125	-1.449123	 0.685765	-1.030902	 0.315106	 0.781259	-3.593340	 0.086941	 0.896933
-1.157305	-3.119214	 0.407681	 0.035864	-1.830045	 0.183052	-1.023086	 0.315114	 1.278134	-3.591418	 0.086947	 0.893345
-1.154143	-3.105150	 0.648408	 0.036233	-2.016085	-0.068304	-1.017147	 0.315117	 1.523022	-3.583278	 0.086950	 0.889772
-1.150260	-3.091936	 0.266994	 0.036418	-2.104700	 0.306018	-1.012156	 0.315119	 1.141930	-3.572057	 0.086951	 0.886213
-1.146025	-3.079172	 0.076286	 0.036510	-2.144621	 0.491818	-1.007645	 0.315120	 0.949862	-3.559325	 0.086952	 0.882668
-1.141625	-3.066657	 0.480933	 0.036557	-1.660212	 0.083363	-1.003384	 0.315121	 0.852313	-3.545866	 0.086952	 0.879137
-1.137150	-3.054291	 0.681485	 0.036580	-1.415657	-0.120865	-0.999255	 0.315121	 0.802028	-3.532072	 0.086952	 0.875621
-1.132647	-3.042024	 0.779997	 0.036591	-1.291036	-0.222979	-0.995200	 0.315121	 0.775383	-3.518138	 0.086953	 0.872118
-1.128140	-3.029831	 0.327496	 0.036597	-1.726393	 0.225964	-0.991191	 0.315121	 0.760563	-3.004163	 0.086953	 0.868630
-1.123638	-3.017700	 0.101245	 0.036600	-1.939749	 0.449086	-0.987211	 0.315121	 0.751661	-2.742195	 0.086953	 0.865155
-1.119150	-3.005623	 0.488120	 0.036601	-1.542120	 0.559303	-0.983255	 0.315121	 0.745725	-2.606251	 0.086953	 0.861695
-1.114676	-2.993597	 0.679807	 0.036602	-1.341017	 0.613072	-0.979319	 0.315121	 0.741277	-2.533338	 0.086953	 0.858248
-1.110219	-2.981621	 0.273908	 0.036602	-1.238185	 0.638623	-0.975400	 0.315121	 0.237579	-3.491960	 0.086953	 0.854815
-1.105779	-2.969694	 0.070958	 0.036603	-1.184499	 0.650070	-0.971497	 0.315121	-0.014269	-3.962371	 0.086953	 0.851396
-1.101356	-2.957815	 0.469484	 0.036603	-1.155394	 0.154470	-1.467611	 0.315121	 0.859806	-3.688710	 0.086953	 0.847990
-1.096951	-2.945983	 0.667010	 0.036603	-1.138589	-0.093329	-1.711740	 0.315121	 1.293376	-3.545050	 0.086953	 0.844598
-1.092563	-2.934199	 0.764044	 0.036603	-1.127943	-0.217229	-1.829893	 0.315121	 1.506707	-3.466417	 0.086953	 0.841220
-1.088193	-2.922462	 0.810839	-0.463397	-1.120385	 0.220821	-1.385073	 0.315121	 1.109933	-3.420325	 0.086953	 0.837855
-1.083840	-2.910772	 0.832521	-0.711470	-1.114381	 0.438528	-1.160783	 0.315121	 0.910119	-3.390530	 0.086953	 0.834503
-1.079504	-2.899129	 0.341654	-0.333588	-1.109162	 0.546069	-1.046765	 0.315121	 1.308792	-3.868912	 0.086953	 0.831165
-1.075186	-2.887533	 0.096220	-0.144647	-1.104344	 0.598533	-0.987890	 0.315121	 1.504713	-4.099408	 0.086953	 0.827841
-1.070886	-2.875983	 0.473504	-0.050176	-1.099736	 0.123462	-0.956595	 0.815121	 1.599273	-3.705996	 0.086953	 0.824529
-1.066602	-2.864479	 0.660444	-0.002941	-1.095242	-0.114073	-0.939097	 1.062491	 1.643165	-3.502665	 0.086953	 0.821231
-1.062336	-2.853021	 0.252219	 0.020677	-1.090814	 0.267160	-0.928504	 0.683556	 1.161737	-2.894401	 0.086953	 0.817946
-1.058086	-2.841609	 0.048107	 0.032486	-1.086427	 0.456479	-0.921373	 0.494089	 0.919662	-2.585696	 0.086953	 0.814674
-1.053854	-2.830242	-0.053950	 0.038390	-1.082069	 0.549847	-0.915978	 0.399355	 0.797269	-2.426790	 0.086953	 0.811416
-1.049639	-2.818921	-0.104978	-0.458658	-1.077735	 0.595245	-0.911460	 0.351988	 1.234723	-2.342801	 0.086953	 0.808170
-1.045440	-2.807646	-0.130492	-0.705270	-1.073421	 0.616662	-0.907387	 0.328305	 1.450106	-2.296289	 0.086953	 0.804937
-1.041258	-2.796415	-0.143249	-0.826673	-1.069126	 0.626095	-0.903543	 0.816463	 1.054466	-2.268534	 0.086953	 0.801718
-1.037093	-2.785229	-0.149627	-0.885478	-1.064849	 0.629540	-0.899822	 1.057933	 0.855329	-2.250174	 0.086953	 0.798511
-1.032945	-2.774088	-0.152817	-0.412992	-1.060589	 0.629997	-0.896170	 1.176069	 1.254448	-2.236531	 0.086953	 0.795317
-1.028813	-2.762992	-0.154411	-0.176749	-1.056346	 0.628964	-0.892558	 1.232549	 1.450700	-2.225264	 0.086953	 0.792135
-1.024698	-2.751940	 0.344791	-0.058627	-1.552121	 0.627192	-0.888975	 0.758210	 1.045532	-2.215202	 0.086953	 0.788967
-1.020599	-2.740932	 0.592705	 0.000434	-1.795912	 0.625055	-0.885412	 0.521041	 0.841668	-2.205761	 0.086953	 0.785811
-1.016517	-2.729969	 0.714980	 0.029964	-1.913729	 0.622741	-0.881867	 0.402457	 0.738460	-2.196647	 0.086953	 0.782668
-1.012451	-2.719049	 0.274443	 0.044729	-1.468574	 0.620343	-0.878338	 0.843165	 1.185585	-2.687716	 0.086953	 0.779537
-1.008401	-2.708173	 0.054175	 0.052112	-1.243949	 0.617908	-0.874824	 1.060951	 1.405883	-2.926892	 0.086953	 0.776419
-1.004367	-2.697340	-0.055959	 0.055803	-1.629599	 0.115460	-0.871324	 0.667286	 1.512779	-2.540149	 0.086953	 0.773313
-1.000350	-2.686551	-0.111026	 0.057649	-1.818393	-0.135765	-0.867839	 0.470454	 1.562988	-2.342470	 0.086953	 0.770220
-0.996348	-2.675804	-0.138560	 0.058571	-1.408775	 0.238623	-0.864367	 0.872038	 1.584866	-3.239341	 0.086953	 0.767139
-0.992363	-2.665101	-0.152327	 0.059033	-1.201968	 0.424591	-0.860910	 1.070283	 1.592591	-3.679504	 0.086953	 0.764071
-0.988394	-2.654441	 0.340790	 0.059264	-1.096575	 0.516354	-0.857466	 0.666868	 1.593253	-2.891346	 0.086953	 0.761014
-0.984440	-2.643823	 0.585681	 0.059379	-1.041895	 0.561019	-0.854036	 0.465161	 1.590397	-2.493061	 0.086953	 0.757970
-0.980502	-2.633248	 0.706465	 0.059437	-1.012581	 0.582140	-0.850620	 0.364307	 1.585793	-2.289729	 0.086953	 0.754938
-0.976580	-2.622715	 0.765202	 0.059465	-0.995958	 0.591495	-0.847217	 0.813880	 1.080329	-2.683890	 0.086953	 0.751919
-0.972674	-2.612224	 0.792923	 0.059480	-0.985687	 0.594970	-0.843829	 1.036140	 0.826447	-2.874814	 0.086953	 0.748911
-0.968783	-2.601775	 0.805142	-0.440513	-1.478601	 0.595511	-0.840453	 1.144753	 0.698361	-2.464145	 0.086953	 0.745915
-0.964908	-2.591368	 0.809617	-0.688628	-1.721115	 0.594589	-0.837091	 1.196553	 0.633178	-2.254704	 0.086953	 0.742932
-0.961048	-2.581002	 0.810226	-0.310812	-1.338445	 0.592941	-0.833743	 1.219956	 1.099450	-2.145892	 0.086953	 0.739960
-0.957204	-2.570678	 0.808909	-0.121905	-1.145198	 0.590934	-0.830408	 1.229171	 1.329455	-2.087412	 0.086953	 0.737000
-0.953375	-2.560396	 0.806636	-0.027451	-1.046671	 0.588753	-0.827086	 1.231301	 1.441338	-2.054115	 0.086953	 0.734052
-0.949562	-2.550154	 0.803890	 0.019776	-0.995511	 0.586489	-0.823778	 1.229900	 1.494173	-2.033424	 0.086953	 0.731116
-0.945764	-2.539953	 0.800915	 0.043390	-0.968042	 0.584189	-0.820483	 1.226742	 1.517497	-2.019053	 0.086953	 0.728191
-0.941981	-2.529794	 0.797832	 0.055197	-0.952427	 0.581875	-0.817201	 1.222716	 1.526077	-2.007859	 0.086953	 0.725279
-0.938213	-2.519674	 0.794700	 0.061100	-0.942745	 0.579559	-0.813932	 1.218266	 1.527298	-1.998268	 0.086953	 0.722378
-0.934460	-2.509596	 0.791552	 0.064052	-0.936039	 0.577246	-0.810677	 1.213613	 1.524851	-1.989495	 0.086953	 0.719488
-0.930722	-2.499557	 0.788400	 0.065527	-0.930827	 0.574940	-0.807434	 1.208868	 1.520583	-1.981147	 0.086953	 0.716610
-0.926999	-2.489559	 0.785254	 0.066265	-0.926369	 0.572642	-0.804204	 1.204088	 1.015416	-1.973028	 0.086953	 0.713744
-0.923291	-2.479601	 0.782117	 0.066634	-0.922297	 0.570352	-0.800987	 1.199299	 0.761813	-1.965038	 0.086953	 0.710889
-0.919598	-2.469683	 0.778990	 0.066819	-0.918424	 0.568071	-0.797783	 1.194516	 1.133994	-1.957129	 0.086953	 0.708045
-0.915920	-2.459804	 0.775875	 0.066911	-0.914659	 0.565799	-0.794592	 1.189745	 1.317073	-1.949277	 0.086953	 0.705213
-0.912256	-2.449965	 0.772772	 0.066957	-0.910954	 0.563536	-0.791414	 1.184989	 1.405612	-1.941467	 0.086953	 0.702392
-0.908607	-2.440165	 0.769682	 0.066980	-0.907287	 0.561282	-0.788248	 1.180251	 1.446893	-1.933695	 0.086953	 0.699583
-0.904972	-2.430404	 0.766603	 0.066992	-0.903647	 0.559036	-0.785095	 1.175531	 1.464557	-1.925958	 0.086953	 0.696784
-0.901353	-2.420682	 0.263537	 0.066998	-0.900027	 0.556800	-0.781955	 0.670829	 1.470425	-1.918252	 0.086953	 0.693997
-0.897747	-2.411000	 0.012003	 0.067000	-0.896424	 0.554573	-0.778827	 0.418478	 1.470406	-1.910578	 0.086953	 0.691221
-0.894156	-2.401356	 0.386237	-0.432998	-0.892836	 0.552355	-0.775712	 0.792303	 1.467456	-1.902936	 0.086953	 0.688456
-0.890580	-2.391750	 0.571833	-0.681131	-0.889264	 0.550145	-0.772609	 0.976883	 1.463052	-1.895324	 0.086953	 0.685702
-0.887017	-2.382183	 0.163116	-0.303340	-1.385707	 0.547945	-0.769518	 1.066850	 1.457932	-2.387742	 0.086953	 0.682960
-0.883469	-2.372655	-0.041243	-0.114444	-1.630164	 0.545753	-0.766440	 1.109520	 1.452467	-2.628191	 0.086953	 0.680228
-0.879935	-2.363164	 0.356578	-0.019996	-1.248643	 0.543570	-0.763375	 1.128550	 0.946840	-2.242679	 0.086953	 0.677507
-0.876416	-2.353711	 0.553979	 0.027228	-1.056149	 0.541396	-0.760321	 1.135770	 0.694027	-2.046208	 0.086953	 0.674797
-0.872910	-2.344296	 0.651178	 0.050840	-0.958174	 0.539230	-0.757280	 1.137094	 0.567620	-1.944273	 0.086953	 0.672098
-0.869418	-2.334919	 0.198280	 0.062646	-0.907466	 0.537073	-0.754251	 1.135480	 1.004417	-1.889621	 0.086953	 0.669409
-0.865941	-2.325580	-0.028169	 0.068549	-0.880399	 0.534925	-0.751234	 1.132405	 1.219933	-1.858625	 0.086953	 0.666732
-0.862477	-2.316277	 0.358606	 0.071501	-0.865159	 0.532785	-0.748229	 1.128608	 1.324820	-1.839472	 0.086953	 0.664065
-0.859027	-2.307012	 0.550504	 0.072977	-0.855839	 0.530654	-0.745236	 1.124461	 1.374404	-1.826254	 0.086953	 0.661408
-0.855591	-2.297784	 0.644967	-0.426286	-0.849485	 0.528532	-0.742255	 1.120146	 1.396348	-1.816020	 0.086953	 0.658763
-0.852168	-2.288593	 0.690720	-0.674065	-0.844623	 0.526417	-0.739286	 1.115757	 1.404484	-1.807291	 0.086953	 0.656128
-0.848760	-2.279439	 0.712124	-0.796112	-0.840512	 0.524312	-0.736329	 1.111340	 1.405726	-1.799329	 0.086953	 0.653503
-0.845365	-2.270321	 0.721358	-0.355299	-0.836784	 0.522214	-0.733383	 1.106918	 1.403534	-1.791766	 0.086953	 0.650889
-0.841983	-2.261240	 0.724515	-0.134892	-0.833253	 0.520126	-0.730450	 1.102501	 1.399635	-1.784416	 0.086953	 0.648286
-0.838615	-2.252195	 0.724637	-0.024689	-0.829829	 0.518045	-0.727528	 1.098097	 1.394894	-1.777186	 0.086953	 0.645692
-0.835261	-2.243186	 0.723249	 0.030413	-0.826464	 0.515973	-1.224618	 1.093708	 1.389743	-1.770032	 0.086953	 0.643110
-0.831920	-2.234213	 0.721111	 0.057964	-0.823135	 0.513909	-1.469719	 1.089334	 1.384398	-1.762929	 0.086953	 0.640537
-0.828592	-2.225276	 0.718605	 0.071739	-0.819831	 0.511853	-1.088841	 1.084978	 1.378968	-1.755866	 0.086953	 0.637975
-0.825278	-2.216375	 0.715919	 0.078627	-0.816546	 0.509806	-0.896985	 1.080638	 1.373505	-1.748836	 0.086953	 0.635423
-0.821977	-2.207510	 0.713150	 0.082071	-0.813277	 0.507767	-0.799647	 1.076316	 1.368038	-1.741838	 0.086953	 0.632882
-0.818689	-2.198680	 0.710344	 0.083793	-0.810022	 0.505736	-0.749574	 1.072010	 1.362580	-1.734869	 0.086953	 0.630350
-0.815414	-2.189885	 0.707527	-0.415346	-0.806781	 0.503713	-0.723138	 1.067722	 1.357136	-1.727929	 0.086953	 0.627829
-0.812152	-2.181125	 0.704708	-0.663087	-0.803554	 0.501698	-0.708527	 1.063452	 1.351711	-1.721017	 0.086953	 0.625317
-0.808904	-2.172401	 0.701895	-0.785136	-0.800340	 0.500690	-0.699833	 1.059198	 1.346306	-1.714133	 0.086953	 0.622816
-0.805668	-2.163711	 0.699091	-0.344346	-0.797138	 0.500187	-0.694104	 1.054961	 0.840921	-1.707276	 0.086953	 0.620325
-0.802445	-2.155056	 0.696296	-0.123950	-0.793950	 0.499935	-0.689863	 1.050741	 0.588229	-1.700447	 0.086953	 0.617843
-0.799236	-2.146436	 0.693511	-0.013753	-0.790774	 0.499809	-0.686371	 1.046538	 0.961883	-1.693645	 0.086953	 0.615372
-0.796039	-2.137850	 0.690738	 0.041346	-0.787611	 0.499746	-0.683259	 1.042352	 1.146039	-1.686871	 0.086953	 0.612911
-0.792855	-2.129299	 0.687975	 0.068895	-0.784460	 0.499715	-0.680343	 1.038183	 1.235456	-1.680123	 0.086953	 0.610459
-0.789683	-2.120782	 0.685223	 0.082670	-0.781322	 0.499699	-0.677530	 1.034030	 1.277515	-1.673403	 0.086953	 0.608017
-0.786524	-2.112299	 0.182482	 0.089557	-0.778197	 0.499691	-0.674774	 1.029894	 0.795906	-1.666709	 0.086953	 0.605585
-0.783378	-2.103849	-0.068888	 0.093001	-0.775084	 0.499687	-0.672052	 1.025774	 0.555101	-1.660042	 0.086953	 0.603163
-0.780245	-2.095434	-0.194573	 0.094723	-0.771984	 0.499685	-0.669353	 1.021671	 0.434698	-1.653402	 0.086953	 0.600750
-0.777124	-2.087052	 0.242584	 0.095584	-0.768896	 0.499684	-0.666670	 1.017584	 0.874497	-1.646789	 0.086953	 0.598347
-0.774015	-2.078704	 0.459803	 0.096014	-0.765820	 0.499684	-0.664000	 1.013514	 1.091768	-1.640201	 0.086953	 0.595954
-0.770919	-2.070389	 0.567059	 0.096229	-0.762757	 0.499683	-0.661343	 1.009460	 1.197785	-1.633641	 0.086953	 0.593570
-0.767836	-2.062108	 0.619338	 0.096337	-0.759706	 0.499683	-0.658697	 1.005422	 1.248186	-1.627106	 0.086953	 0.591196
-0.764764	-2.053859	 0.644134	 0.096391	-0.756667	 0.499683	-0.656061	 1.001400	 1.270790	-1.620598	 0.086953	 0.588831
-0.761705	-2.045644	 0.655195	 0.096418	-0.753641	 0.499683	-0.653437	 0.997395	 1.279505	-1.614115	 0.086953	 0.586475
-0.758658	-2.037461	 0.659392	 0.096431	-0.750626	 0.499683	-0.650823	 0.993405	 1.281286	-1.607659	 0.086953	 0.584130
-0.755624	-2.029311	 0.660164	 0.096438	-0.747623	 0.499683	-0.648220	 0.989432	 1.279610	-1.601228	 0.086953	 0.581793
-0.752601	-2.021194	 0.659228	 0.096441	-0.744633	 0.499683	-0.645627	 0.985474	 1.276216	-1.594823	 0.086953	 0.579466
-0.749591	-2.013109	 0.657443	 0.096443	-0.741654	 0.499683	-0.643044	 0.981532	 1.271974	-1.588444	 0.086953	 0.577148
-0.746592	-2.005057	 0.655240	 0.096444	-0.738688	 0.499683	-0.640472	 0.977606	 1.267317	-1.582090	 0.086953	 0.574839
-0.743606	-1.997037	 0.652832	 0.096444	-0.735733	 0.499683	-0.637910	 0.973695	 1.262463	-1.575762	 0.086953	 0.572540
-0.740632	-1.989049	 0.650327	 0.096444	-0.732790	 0.499683	-0.635359	 0.969801	 1.257521	-1.569459	 0.086953	 0.570250
-0.737669	-1.981092	 0.647779	 0.096444	-0.729859	 0.499683	-0.632817	 0.965922	 1.252545	-1.563181	 0.086953	 0.567969
-0.734718	-1.973168	 0.645214	 0.096444	-0.726940	 0.499683	-0.630286	 0.962058	 1.247562	-1.556928	 0.086953	 0.565697
-0.731780	-1.965275	 0.642647	 0.096445	-0.724032	 0.499683	-0.627765	 0.958210	 1.242585	-1.550700	 0.086953	 0.563434
-0.728852	-1.957414	 0.640083	 0.096445	-0.721136	 0.499683	-0.625254	 0.954377	 1.237622	-1.544498	 0.086953	 0.561180
-0.725937	-1.949585	 0.637526	 0.096445	-0.718251	 0.499683	-0.622753	 0.950559	 1.232675	-2.038320	 0.086953	 0.558936
-0.723033	-1.941786	 0.634977	 0.096445	-0.715378	 0.499683	-0.620262	 0.946757	 1.227746	-2.280166	 0.086953	 0.556700
-0.720141	-1.934019	 0.632438	 0.096445	-0.212517	-0.000317	-0.617781	 0.942970	 1.222835	-1.896046	 0.086953	 0.554473
-0.717261	-1.926283	 0.629909	 0.096445	 0.038914	-0.249316	-0.615310	 0.939198	 1.217944	-1.700962	 0.086953	 0.552255
-0.714392	-1.918578	 0.627390	 0.096445	 0.164630	 0.126184	-0.612848	 0.935441	 1.213073	-2.100408	 0.086953	 0.550046
-0.711534	-1.910904	 0.624880	 0.096445	 0.227487	 0.312931	-0.610397	 0.931700	 1.208221	-2.295131	 0.086953	 0.547846
-0.708688	-1.903260	 0.622381	 0.096445	-0.241084	 0.406304	-0.607955	 0.927973	 1.203388	-1.887513	 0.086953	 0.545655
-0.705853	-1.895647	 0.619891	 0.096445	-0.473950	 0.452991	-0.605523	 0.924261	 1.198574	-1.680744	 0.086953	 0.543472
-0.703030	-1.888064	 0.617412	 0.096445	-0.588970	 0.476334	-0.603101	 0.920564	 1.193780	-2.574412	 0.086953	 0.541298
-0.700218	-1.880512	 0.614942	 0.096445	-0.645072	 0.488006	-0.600689	 0.916882	 1.189005	-3.014310	 0.086953	 0.539133
-0.697417	-1.872990	 0.612482	 0.096445	-0.671720	 0.493842	-0.598286	 0.913214	 1.184249	-3.227350	 0.086953	 0.536977
-0.694627	-1.865498	 0.610032	 0.096445	-0.183648	 0.496760	-0.595893	 0.909561	 1.179512	-2.326989	 0.086953	 0.534829
-0.691849	-1.858036	 0.607592	 0.096445	 0.060389	 0.498219	-0.593510	 0.905923	 1.174794	-1.873956	 0.086953	 0.532689
-0.689081	-1.850604	 0.105162	 0.096445	 0.182407	 0.498948	-0.591135	 0.902299	 1.170095	-1.644597	 0.086953	 0.530559
-0.686325	-1.843202	-0.146053	 0.096445	 0.243416	 0.499313	-0.588771	 0.898690	 1.165414	-1.527087	 0.086953	 0.528436
-0.683580	-1.835829	-0.271661	 0.096445	 0.273920	 0.499495	-0.586416	 0.895095	 1.160753	-1.465513	 0.086953	 0.526323
-0.680845	-1.828485	-0.334465	 0.096445	 0.289173	 0.499586	-0.584070	 0.891515	 1.156110	-1.431918	 0.086953	 0.524217
-0.678122	-1.821171	 0.134133	 0.596445	 0.296799	 0.499632	-0.581734	 0.887949	 1.151485	-1.412324	 0.086953	 0.522120
-0.675409	-1.813887	 0.367227	 0.844252	 0.300612	 0.499655	-0.579407	 0.884397	 1.146879	-1.399742	 0.086953	 0.520032
-0.672708	-1.806631	 0.482573	 0.965971	 0.302518	 0.499666	-0.577089	 0.880859	 1.142292	-1.390676	 0.086953	 0.517952
-0.670017	-1.799405	 0.539050	 0.524655	 0.303472	 0.499672	-0.574781	 0.877336	 1.137723	-1.383380	 0.086953	 0.515880
-0.667337	-1.792207	 0.566098	 0.303998	 0.303948	 0.499675	-0.572482	 0.873827	 1.133172	-1.376980	 0.086953	 0.513816
-0.664667	-1.785038	 0.578435	 0.193669	-0.195813	 0.499676	-0.570192	 0.870331	 1.128639	-1.371039	 0.086953	 0.511761
-0.662009	-1.777898	 0.583423	 0.138504	-0.444303	 0.499677	-0.567911	 0.866850	 1.124124	-1.365338	 0.086953	 0.509714
-0.659361	-1.770787	 0.584739	 0.110922	-0.567162	 0.499677	-0.065640	 0.863383	 1.119628	-1.359768	 0.086953	 0.507675
-0.656723	-1.763703	 0.584226	 0.097131	-0.627212	 0.499677	 0.185496	 0.859929	 1.115149	-1.354275	 0.086953	 0.505645
-0.654096	-1.756649	 0.582801	 0.090235	-0.155862	 0.499677	-0.188936	 0.856489	 1.110689	-1.348831	 0.086953	 0.503622
-0.651480	-1.749622	 0.580926	 0.086788	 0.079813	 0.499678	-0.375025	 0.853063	 1.106246	-1.343422	 0.086953	 0.501608
-0.648874	-1.742623	 0.578831	 0.085064	 0.197650	 0.499678	-0.466948	 0.849651	 1.101821	-1.338042	 0.086953	 0.500600
-0.646279	-1.735653	 0.076630	 0.084202	 0.256569	 0.499678	-0.511791	 0.846253	 1.097414	-1.332686	 0.086953	 0.500097
-0.643693	-1.728710	-0.174471	 0.083771	 0.286028	 0.499678	-0.533099	 0.842868	 1.093024	-1.327354	 0.086953	 0.499845
-0.641119	-1.721796	 0.199979	 0.083555	 0.300758	 0.499678	-0.542645	 0.839496	 1.088652	-1.322043	 0.086953	 0.499719
-0.638554	-1.714908	 0.386055	 0.083448	 0.308123	 0.499678	-0.546313	 0.836138	 1.084297	-1.316755	 0.086953	 0.499656
-0.636000	-1.708049	-0.022052	 0.083394	 0.311805	 0.499678	-0.547047	 0.832794	 1.079960	-1.311488	 0.086953	 0.499625
-0.633456	-1.701217	-0.226105	 0.083367	 0.313646	 0.499678	-0.546319	 0.829462	 1.075640	-1.306241	 0.086953	 0.499609
-0.630922	-1.694412	 0.171869	 0.083353	 0.314567	 0.499678	-0.544864	 0.826145	 1.071338	-1.301016	 0.086953	 0.499601
-0.628399	-1.687634	 0.369716	 0.083346	 0.315027	 0.499678	-0.543049	 0.822840	 1.067053	-1.295812	 0.086953	 0.499597
-0.625885	-1.680883	 0.467504	 0.083343	 0.315257	 0.499678	-0.541059	 0.819549	 1.062784	-1.290629	 0.086953	 0.499595
-0.623381	-1.674160	 0.515268	 0.083341	 0.315372	 0.499678	-0.538986	 0.816270	 1.058533	-1.285467	 0.086953	 0.499594
-0.620888	-1.667463	 0.538024	 0.083341	 0.315430	 0.499678	-0.536876	 0.813005	 1.054299	-1.280325	 0.086953	 0.499594
-0.618404	-1.660793	 0.048280	 0.083340	-0.184541	 0.499678	-1.034751	 0.809753	 1.050082	-1.775203	 0.086953	 0.499593
-0.615931	-1.654150	-0.196592	 0.083340	-0.433158	 0.499678	-1.280624	 0.806514	 1.045882	-2.018103	 0.086953	 0.499593
-0.613467	-1.647534	 0.180972	 0.083340	-0.556103	 0.499678	-0.900507	 0.803288	 1.041698	-1.635030	 0.086953	 0.499593
-0.611013	-1.640944	 0.368637	 0.083340	-0.616217	 0.499678	-0.709408	 0.800075	 1.037531	-1.440990	 0.086953	 0.499593
-0.608569	-1.634380	 0.461357	 0.583340	-0.644921	 0.499678	-0.612821	 0.796875	 1.033381	-1.341476	 0.086953	 0.499593
-0.606135	-1.627842	 0.506609	 0.831173	-0.657926	 0.499678	-0.563496	 0.793687	 1.029248	-1.289235	 0.086953	 0.499593
-0.603710	-1.621331	 0.528131	 0.952932	-0.663087	 0.499678	-0.537805	 0.790513	 1.025131	-1.260641	 0.086953	 0.499593
-0.601295	-1.614846	 0.537793	 0.511662	-0.164331	 0.499678	-0.523935	 0.787350	 1.021030	-1.743879	 0.086953	 0.499593
-0.598890	-1.608386	 0.541529	 0.291027	 0.085047	 0.499678	-0.515980	 0.784201	 1.016946	-1.981045	 0.086953	 0.499593
-0.596495	-1.601953	 0.542306	 0.180709	 0.209736	 0.499678	-0.510986	 0.781064	 1.012878	-2.095191	 0.086953	 0.499593
-0.594109	-1.595545	 0.541609	 0.125550	 0.272081	 0.499678	-0.507478	 0.777940	 1.008827	-2.147845	 0.086953	 0.499593
-0.591732	-1.589163	 0.540178	 0.097971	-0.196747	 0.499678	-0.504715	 0.774828	 1.004791	-1.669771	 0.086953	 0.499593
-0.589365	-1.582806	 0.538385	 0.084181	-0.429830	 0.499678	-0.502330	 0.771729	 1.000772	-1.428351	 0.086953	 0.499593
-0.587008	-1.576475	 0.536416	 0.077286	-0.045045	 0.499678	-0.501138	 0.768642	 0.996769	-1.305267	 0.086953	 0.499593
-0.584660	-1.570169	 0.534362	 0.073839	 0.147347	 0.499678	-0.500541	 0.765567	 0.992782	-1.241361	 0.086953	 0.499593
-0.582321	-1.563888	 0.532271	 0.072115	 0.243543	 0.499678	-0.500243	 0.762505	 0.988811	-1.207053	 0.086953	 0.499593
-0.579992	-1.557633	 0.530165	 0.071253	 0.291641	 0.499678	-0.500094	 0.759455	 0.984856	-1.187553	 0.086953	 0.499593
-0.577672	-1.551402	 0.528055	 0.070823	 0.315690	 0.499678	-0.500020	 0.756417	 0.980916	-1.175467	 0.086953	 0.499593
-0.575361	-1.545197	 0.525949	 0.070607	 0.327715	 0.499678	-0.499982	 0.753392	 0.976993	-1.167097	 0.086953	 0.499593
-0.573060	-1.539016	 0.523848	 0.070499	 0.333727	 0.499678	-0.499964	 0.750378	 0.973085	-1.160595	 0.086953	 0.499593
-0.570768	-1.532860	 0.521754	 0.070445	 0.336733	 0.499678	-0.499954	 0.747377	 0.469192	-1.155036	 0.086953	 0.499593
-0.568484	-1.526728	 0.519668	 0.070419	 0.338236	 0.499678	-0.499950	 0.744387	 0.217246	-1.149957	 0.086953	 0.499593
-0.566211	-1.520621	 0.517589	 0.070405	 0.338988	 0.499678	-0.499947	 0.741410	 0.091273	-1.145128	 0.086953	 0.499593
-0.563946	-1.514539	 0.515519	 0.570398	 0.339364	 0.499678	-0.499946	 0.738444	 0.528286	-1.140433	 0.086953	 0.499593
-0.561690	-1.508481	 0.513457	 0.818254	 0.339551	 0.499678	-0.499946	 0.735490	 0.744863	-1.135814	 0.086953	 0.499593
-0.559443	-1.502447	 0.511404	 0.940050	 0.339645	 0.499678	-0.499945	 0.732548	 0.851228	-1.131242	 0.086953	 0.499593
-0.557205	-1.496437	 0.509358	 0.498824	-0.160308	 0.499678	-0.499945	 0.729618	 0.902495	-1.126703	 0.086953	 0.499593
-0.554977	-1.490451	 0.507321	 0.278211	-0.408964	 0.499678	-0.499945	 0.726700	 0.926221	-1.122189	 0.086953	 0.499593
-0.552757	-1.484489	 0.505291	 0.167905	-0.031976	 0.499678	-0.499945	 0.723793	 0.936185	-1.117696	 0.086953	 0.499593
-0.550546	-1.478551	 0.503270	 0.112751	 0.156517	 0.499678	-0.499945	 0.720898	 0.939274	-1.113224	 0.086953	 0.499593
-0.548343	-1.472637	 0.501257	 0.085175	-0.249236	 0.499678	-0.499945	 0.718014	 0.938934	-1.108770	 0.086953	 0.499593
-0.546150	-1.466747	 0.500250	 0.071387	-0.450803	 0.499678	-0.499945	 0.715142	 0.936887	-1.104334	 0.086953	 0.499593
-0.543965	-1.460880	 0.499747	 0.064492	-0.550281	 0.499678	-0.499945	 0.712281	 0.933993	-1.099917	 0.086953	 0.499593
-0.541790	-1.455036	 0.499496	 0.061045	-0.598721	 0.499678	-0.499945	 0.709432	 0.930684	-1.095517	 0.086953	 0.499593
-0.539622	-1.449216	 0.499370	 0.059322	-0.621646	 0.499678	-0.499945	 0.706594	 0.927175	-1.091135	 0.086953	 0.499593
-0.537464	-1.443419	 0.499307	 0.058460	-0.631820	 0.499678	-0.499945	 0.703768	 0.923573	-1.086770	 0.086953	 0.499593
-0.535314	-0.937645	 0.499275	 0.558029	-0.635623	 0.499678	-0.499945	 0.700953	 0.919932	-1.082423	 0.086953	 0.499593
-0.533173	-0.684759	 0.499260	 0.805698	-0.636246	 0.499678	-0.499945	 0.698149	 0.916279	-1.078094	 0.086953	 0.499593
-0.531040	-0.558315	 0.499252	 0.927426	-0.635283	 0.499678	-0.499945	 0.695357	 0.912628	-1.073781	 0.086953	 0.499593
-0.528916	-0.995094	 0.499248	 0.986192	-0.133533	 0.499678	-0.499945	 0.692575	 0.408984	-1.069486	 0.086953	 0.499593
-0.526800	-1.210619	 0.499246	 0.513485	 0.117342	 0.499678	-0.499945	 0.689805	 0.657162	-1.065208	 0.086953	 0.499593
-0.524693	-1.315529	 0.499245	 0.277131	 0.242779	 0.499678	-0.499945	 0.687046	 0.779440	-1.060947	 0.086953	 0.499593
-0.522594	-1.365144	 0.499244	 0.158955	 0.305498	 0.499678	-0.499945	 0.684297	 0.838776	-1.056704	 0.086953	 0.499593
-0.520504	-1.387121	 0.499244	 0.099866	 0.336857	 0.499678	-0.499945	 0.681560	 0.866648	-1.052477	 0.086953	 0.499593
-0.518422	-1.395292	 0.499244	 0.070322	 0.352537	 0.499678	-0.499945	 0.678834	 0.878794	-1.548267	 0.086953	 0.499593
-0.516348	-1.396570	 0.499244	 0.055550	 0.360377	 0.499678	-0.499945	 1.176119	 0.883086	-1.792074	 0.086953	 0.499593
-0.514283	-1.394414	 0.499244	 0.048164	 0.364297	 0.499678	-0.499945	 1.421414	 0.883457	-1.909905	 0.086953	 0.499593
-0.512226	-1.390551	 0.499244	 0.044471	 0.366257	 0.499678	 0.000055	 1.040729	 0.881875	-1.464766	 0.086953	 0.999593
-0.510177	-1.385846	 0.499244	 0.042624	 0.367237	 0.499678	 0.249055	 0.849066	 0.879323	-1.240157	 0.086953	 1.246594
-0.508136	-1.380732	 0.499244	 0.041701	 0.367727	-0.000322	-0.126445	 0.751919	 0.376294	-1.125821	 0.086953	 0.867107
-0.506104	-1.375423	 0.499244	 0.041240	 0.367972	-0.249322	-0.313191	 0.702037	 0.124779	-1.066630	 0.086953	 0.677364
-0.504079	-1.370029	 0.499244	 0.041009	 0.368094	-0.373821	-0.406565	 0.675791	-0.000978	-1.035020	 0.086953	 0.582492
-0.502063	-1.364602	 0.499244	 0.040893	 0.368155	-0.436071	-0.453251	 0.661369	 0.436143	-1.017208	 0.086953	 0.535056
-0.500055	-1.359170	 0.499244	 0.040836	 0.368186	-0.467196	-0.476594	 0.652864	 0.652957	-1.006303	 0.086953	 0.511338
-0.499050	-1.353747	 0.499244	 0.040807	 0.368201	 0.017241	-0.488266	 0.647323	 0.759625	-0.998860	 0.086953	 0.499479
-0.498548	-1.348339	 0.499244	 0.040792	 0.368209	 0.258457	-0.494102	 0.643269	 0.811226	-0.993156	 0.086953	 0.493550
-0.498297	-1.342949	-0.000756	 0.040785	 0.368213	 0.379064	-0.497020	 0.639964	 0.835301	-0.988329	 0.086953	 0.490585
-0.498172	-1.337579	-0.249755	 0.040782	 0.368215	 0.439368	-0.498479	 0.637037	 0.845619	-0.983948	 0.086953	 0.489103
-0.498109	-1.332229	 0.125746	 0.040780	 0.368216	 0.469520	-0.499208	 0.634306	-0.150933	-0.979799	 0.086953	 0.488361
-0.498078	-1.326901	 0.312494	 0.040779	 0.368216	 0.484596	-0.499573	 0.631677	-0.646914	-0.975773	 0.086953	 0.487991
-0.498062	-1.321593	 0.405868	 0.040778	 0.368216	 0.492134	-0.499755	 0.629105	-0.892619	-0.971816	 0.086953	 0.487806
-0.498054	-1.316307	 0.452555	 0.040778	-0.131783	 0.495903	 0.000154	 0.626566	-0.013195	-0.967902	 0.086953	 0.487713
-0.498050	-1.311042	 0.475898	 0.040778	-0.380520	 0.497788	 0.249108	 0.624048	 0.424785	-0.964017	 0.086953	 0.487667
-0.498048	-0.805798	 0.487570	 0.040778	-0.003629	 0.498730	-0.126415	 0.621546	 0.642049	-0.960155	 0.086953	 0.487643
-0.498047	-0.553176	 0.493406	 0.040778	 0.184816	 0.499201	-0.313173	 0.619057	 0.748963	-0.956311	 0.086953	 0.487632
-0.498047	-0.426865	 0.496324	 0.540778	 0.279038	 0.499437	-0.406551	 0.616579	 0.800708	-0.952484	 0.086953	 0.487626
-0.498047	-0.363709	 0.497783	 0.788696	 0.326150	 0.499554	-0.453241	 0.614112	 0.824875	-0.948673	 0.086953	 0.487623
-0.498046	-0.832131	 0.498512	 0.910582	 0.349705	 0.499613	-0.476585	 0.611655	 0.835261	-0.944878	 0.086953	 0.487622
-0.498046	-1.063741	 0.498877	 0.969460	 0.361483	 0.499643	-0.488258	 0.609209	 0.838762	-0.941098	 0.086953	 0.487621
-0.498046	-1.176956	 0.499060	 0.996843	 0.367372	 0.499657	-0.494094	 0.606772	 0.838829	-0.937334	 0.086953	 0.487621
-0.498046	-1.230983	 0.499151	 0.508485	 0.370316	 0.499665	-0.497012	 0.604345	 0.837184	-0.933584	 0.086953	 0.487620
-0.498046	-1.255426	 0.499196	 0.264307	 0.371789	 0.499668	-0.498471	 0.601927	 0.834691	-0.929850	 0.086953	 0.487620
-0.498046	-1.265088	 0.499219	 0.142218	 0.372525	 0.499670	 0.000799	 0.599519	 0.831779	-1.426130	 0.086953	 0.487620
-0.498046	-1.267369	 0.499231	 0.081173	 0.372893	 0.499671	 0.249435	 0.597121	 0.828666	-1.670426	 0.086953	 0.487620
-0.498046	-1.265971	 0.499236	 0.550651	-0.126923	 0.499672	-0.126248	 0.594733	 0.825458	-1.288744	 0.086953	 0.487620
-0.498046	-1.262742	 0.499239	 0.783349	-0.375578	 0.499672	-0.313085	 0.592354	 0.822210	-1.096089	 0.086953	 0.487620
-0.498046	-1.258609	 0.499241	 0.397666	 0.001344	 0.499672	-0.406504	 1.089985	 0.818948	-0.997955	 0.086953	 0.987620
-0.498046	-1.254034	 0.499241	 0.204825	 0.189804	 0.499672	-0.453213	 1.335625	 0.815686	-0.947088	 0.086953	 1.234645
-0.498046	-1.249247	 0.499242	 0.608404	-0.215966	 0.499672	 0.023432	 0.955282	-0.187571	-0.919862	 0.086953	 0.855194
-0.498046	-1.244365	 0.499242	 0.808170	-0.417607	 0.499672	 0.260755	 0.763961	-0.686817	-0.904464	 0.086953	 0.665469
-0.498046	-1.239444	 0.499242	 0.906037	-0.517189	 0.499672	 0.379416	 0.667155	-0.934068	-0.894987	 0.086953	 0.570606
-0.498046	-1.234515	 0.499242	 0.952963	-0.065747	 0.499672	-0.061254	 0.617612	-0.055331	-1.388477	 0.086953	 0.523174
-0.498046	-1.229592	 0.499242	 0.974426	 0.159975	 0.499672	-0.280584	 0.591704	 0.382391	-1.631458	 0.086953	 0.499459
-0.498046	-1.224680	 0.499242	 0.483165	-0.227165	 0.499672	-0.390250	 0.577618	 0.599612	-1.249200	 0.086953	 0.487601
-0.498046	-1.219785	 0.499242	 0.237535	-0.419506	 0.499672	-0.445083	 0.569448	 0.706588	-1.056337	 0.086953	 0.481672
-0.498046	-1.214908	 0.499242	 0.614720	-0.014453	 0.499672	-0.472499	 0.564241	 0.758449	-0.958179	 0.086953	 0.478708
-0.498046	-1.210049	 0.499242	 0.801329	 0.188074	 0.499672	-0.486207	 0.560519	 0.782759	-0.907379	 0.086953	 0.477225
-0.498046	-1.205209	 0.499242	 0.392657	 0.289337	 0.499672	-0.493061	 0.557544	 0.793300	-0.880267	 0.086953	 0.476484
-0.498046	-1.200389	 0.499242	 0.188322	 0.339969	 0.499672	-0.496488	 0.554948	 0.796963	-0.865004	 0.086953	 0.476114
-0.498046	-1.195587	 0.499242	 0.086154	 0.365285	 0.499672	-0.498202	 0.552545	 0.797193	-0.855673	 0.086953	 0.475928
-0.498046	-1.190805	 0.499242	 0.035070	-0.122058	 0.499672	-0.499059	 0.550243	 0.795713	-0.849315	 0.086953	 0.475836
-0.498046	-1.186042	 0.499242	 0.009528	-0.364510	 0.499672	-0.499487	 0.547997	 0.793385	-0.844450	 0.086953	 0.475789
-0.498046	-1.181298	 0.499242	-0.003243	 0.015478	 0.499672	-0.499701	 0.545782	 0.290639	-0.840338	 0.086953	 0.475766
-0.498046	-1.176573	 0.499242	-0.009629	 0.205472	 0.499672	-0.499808	 0.543587	 0.039265	-0.836610	 0.086953	 0.475755
-0.498046	-0.671866	 0.499242	 0.487178	 0.300469	 0.499672	-0.499862	 0.541407	 0.413579	-0.833080	 0.086953	 0.475749
-0.498046	-0.419513	 0.499242	 0.733614	 0.347967	 0.499672	-0.499889	 0.539239	 0.599160	-0.829656	 0.086953	 0.475746
-0.498046	-0.793337	 0.499242	 0.354872	 0.371717	 0.499672	-0.499902	 0.537080	 0.690381	-0.826292	 0.086953	 0.475745
-0.498046	-0.977914	 0.499242	 0.165501	 0.383591	 0.499672	-0.499909	 0.534931	 0.734428	-0.822963	 0.086953	 0.475744
-0.498046	-1.067878	 0.499242	 0.070815	 0.389528	 0.499672	-0.499912	 0.532791	 0.754895	-0.819660	 0.086953	 0.475743
-0.498046	-1.110544	 0.499242	 0.023472	 0.392497	 0.499672	 0.000086	 0.530660	 0.763577	-1.316376	 0.086953	 0.475743
-0.498046	-1.129571	 0.499242	-0.000199	 0.393981	 0.499672	 0.249085	 0.528537	 0.766374	-1.561107	 0.086953	 0.475743
-0.498046	-1.136787	 0.499242	-0.012035	 0.394724	-0.000328	-0.126415	 0.526423	 0.766234	-1.679862	 0.086953	 0.475743
-0.498046	-1.138107	 0.499242	-0.017953	 0.395095	-0.249327	-0.313162	 0.524317	 0.764632	-1.735641	 0.086953	 0.475743
-0.498046	-0.636488	 0.499242	-0.020911	-0.104720	-0.373827	-0.406535	 1.022220	 0.762305	-1.259948	 0.086953	 0.475743
-0.498046	-0.385679	 0.499242	-0.022391	-0.353418	-0.436077	-0.453221	 1.268131	 0.759621	-1.020533	 0.086953	 0.475743
-0.498046	-0.760274	 0.499242	 0.476869	 0.023437	 0.032798	-0.476565	 0.888058	 0.756766	-0.899264	 0.086953	 0.475743
-0.498046	-0.945302	 0.499242	 0.724547	 0.211865	 0.266233	-0.488236	 0.697006	 0.753830	-0.837073	 0.086953	 0.475743
-0.498046	-1.035555	 0.499242	 0.846442	 0.306079	 0.382950	-0.494072	 0.600468	 0.750861	-0.804428	 0.086953	 0.475743
-0.498046	-1.078430	 0.499242	 0.405452	 0.353186	 0.441308	-0.496990	 1.051191	 0.747880	-1.286562	 0.086953	 0.475743
-0.498046	-1.097625	 0.499242	 0.184958	 0.376739	 0.470487	-0.498449	 1.273549	 0.744900	-1.524091	 0.086953	 0.475743
-0.498046	-1.104989	 0.499242	 0.574710	 0.388516	-0.014923	-0.499178	 1.381736	 0.741926	-1.139333	 0.086953	 0.475743
-0.498046	-1.106446	 0.499242	 0.767658	 0.394404	-0.256627	-0.499543	 1.432850	 0.738961	-0.945444	 0.086953	 0.475743
-0.498046	-1.104959	-0.000758	 0.362210	 0.397348	 0.122520	-0.499726	 0.955439	 0.736007	-0.846997	 0.086953	 0.475743
-0.498046	-1.102008	-0.249757	 0.159486	 0.398820	 0.311091	-0.499817	 0.716733	 0.733063	-0.796276	 0.086953	 0.475743
-0.498046	-1.098335	 0.125744	 0.558124	 0.399556	 0.405376	 0.000138	 1.097380	 0.730132	-1.269425	 0.086953	 0.475743
-0.498046	-1.094309	 0.312492	 0.755530	 0.399924	 0.452519	 0.249115	 1.284748	 0.727211	-1.502514	 0.086953	 0.475743
-0.498046	-1.090115	 0.405866	 0.852327	 0.400108	 0.476090	 0.373603	 1.375487	 0.724302	-1.615587	 0.086953	 0.475743
-0.498046	-0.585847	 0.452553	 0.398827	 0.400200	 0.487876	-0.064153	 0.917925	 0.721405	-1.168667	 0.086953	 0.475743
-0.498046	-0.333712	 0.475897	 0.172077	 0.400246	 0.493769	-0.282027	 0.689143	 0.718520	-0.943763	 0.086953	 0.475743
-0.498046	-0.207645	 0.487568	 0.058702	 0.400269	 0.496715	-0.390964	 1.074753	 0.715646	-0.829873	 0.086953	 0.975743
-0.498046	-0.144612	 0.493404	 0.002015	 0.400281	 0.498188	-0.445432	 1.264637	 0.712783	-0.771496	 0.086953	 1.222792
-0.498046	-0.613095	 0.496322	 0.473671	 0.400287	 0.498925	-0.472666	 0.856670	 0.709932	-0.740882	 0.086953	 0.843376
-0.498046	-0.845173	 0.497781	 0.707608	 0.400290	 0.499293	-0.486284	 0.652686	 0.707092	-0.724154	 0.086953	 0.653668
-0.498046	-0.959058	 0.498511	 0.322694	 0.400291	 0.499477	-0.493092	 1.050694	 0.704264	-0.714375	 0.086953	 0.558815
-0.498046	-1.013854	 0.498875	 0.130237	 0.400292	 0.499569	-0.496496	 1.246801	 0.701447	-0.708076	 0.086953	 0.511388
-0.498046	-1.039115	 0.499058	 0.034008	 0.400292	 0.499615	-0.498199	 1.341969	 0.698641	-0.703524	 0.086953	 0.487674
-0.498046	-0.549617	 0.499149	-0.014106	 0.400292	 0.499638	-0.499050	 0.886678	 0.695846	-0.699849	 0.086953	 0.475818
-0.498046	-0.304868	 0.499194	-0.038163	 0.400292	 0.499650	-0.499475	 0.659033	 0.693063	-0.696620	 0.086953	 0.469889
-0.498046	-0.682493	 0.499217	-0.050192	 0.400292	 0.499656	-0.499688	 0.545210	 0.690291	-0.693618	 0.086953	 0.466925
-0.498046	-0.869186	 0.499229	-0.056206	 0.400292	 0.499659	-0.499794	 0.488299	 0.687530	-0.690736	 0.086953	 0.465443
-0.498046	-0.960420	 0.499234	-0.059213	 0.400292	-0.000340	 0.000153	 0.459843	 0.684779	-0.687919	 0.086953	 0.464702
-0.498046	-1.003934	 0.499237	-0.060717	 0.400292	-0.249339	 0.249126	 0.445615	 0.682040	-0.685141	 0.086953	 0.464331
-0.498046	-1.023596	 0.499239	-0.061468	 0.400292	 0.126162	-0.126388	 0.938502	 0.679312	-0.682387	 0.086953	 0.464146
-0.498046	-1.031341	 0.499239	-0.061844	 0.400292	 0.312909	-0.313141	 1.182082	 0.676595	-0.679651	 0.086953	 0.464053
-0.498046	-1.033135	 0.499240	-0.062032	 0.400292	 0.406283	-0.406517	 1.301021	 0.673889	-0.676929	 0.086953	 0.464007
-0.498046	-0.531962	 0.499240	-0.062126	 0.400292	 0.452969	-0.453205	 0.857650	 0.671193	-0.674219	 0.086953	 0.463984
-0.498046	-0.281376	 0.499240	-0.062173	 0.400292	 0.476313	-0.476549	 0.635965	 0.668508	-0.671522	 0.086953	 0.463972
-0.498046	-0.156082	 0.499240	-0.062197	 0.400292	 0.487984	-0.488221	 1.025122	 0.665834	-0.668835	 0.086953	 0.463967
