-0.609535	-0.456407	 0.697563	 1.120345	 1.072448	 0.497702	 1.147576	 0.498053	 0.710855	-0.453446	-0.498782	 0.499478
-0.607097	-0.456407	 0.195505	 0.740999	 1.068164	 0.497937	 0.740912	 0.498053	 0.708012	-0.453446	-0.498782	 0.499478
-0.604669	-0.456407	-0.055525	 0.551326	 1.063895	 0.498055	 0.537580	 0.498053	 0.705180	-0.453446	-0.498782	 0.499478
-0.602250	-0.456407	 0.318961	 0.456489	 1.059641	 0.498114	 0.435914	 0.498053	 0.702359	-0.453446	-0.498782	 0.499478
-0.599841	-0.456407	 0.504817	 0.409071	 1.055403	 0.498143	 0.385081	 0.498053	 0.699550	-0.453446	-0.498782	 0.499478
-0.597441	-0.456407	 0.596363	 0.385362	 1.051182	 0.498158	 0.359664	 0.498053	 0.696751	-0.453446	-0.498782	 0.499478
-0.595052	-0.456407	 0.140761	 0.373507	 0.546977	 0.498166	 0.346956	 0.498053	 0.693964	-0.453446	-0.498782	 0.499478
-0.592672	-0.456407	-0.087040	 0.367580	 0.294875	 0.498169	 0.340602	 0.498053	 0.691188	-0.453446	-0.498782	 0.499478
-0.590301	-0.456407	-0.200941	 0.364616	 0.168824	 0.498171	 0.837425	 0.498053	 0.688424	-0.453446	-0.498782	 0.499478
-0.587940	-0.456407	-0.257891	 0.363134	 0.105798	 0.498172	 1.083168	 0.498053	 0.685670	-0.453446	-0.498782	 0.499478
-0.585588	-0.456407	 0.213634	 0.362394	 0.574285	 0.498172	 0.703382	 0.498053	 0.682927	-0.453446	-0.498782	 0.499478
-0.583246	-0.456407	 0.448026	 0.362023	 0.806443	 0.498173	 0.513488	 0.498053	 0.680196	-0.453446	-0.498782	 0.499478
-0.580913	-0.456407	 0.063857	 0.361838	 0.920445	 0.498173	 0.918542	 0.498053	 0.677475	-0.453446	-0.498782	 0.499478
-0.578589	-0.456407	-0.128228	 0.361745	 0.975377	 0.498173	 1.118421	 0.498053	 0.674765	-0.453446	-0.498782	 0.499478
-0.576275	-0.456407	-0.224270	 0.361699	 1.000783	 0.498173	 1.215725	 0.498053	 0.672066	-0.453446	-0.498782	 0.499478
-0.573969	-0.456407	 0.227709	 0.361676	 0.511433	 0.498173	 0.761750	 0.498053	 0.669378	-0.453446	-0.498782	 0.499478
-0.571674	-0.456407	 0.452339	 0.361664	 0.266758	 0.498173	 0.534763	 0.498053	 0.666700	-0.453446	-0.498782	 0.499478
-0.569387	-0.456407	 0.063300	 0.361658	 0.144421	 0.498173	 0.921269	 0.498053	 0.664033	-0.453446	-0.498782	 0.499478
-0.567109	-0.456407	-0.131219	 0.361656	 0.083252	 0.498173	 1.111907	 0.498053	 0.661377	-0.453446	-0.498782	 0.499478
-0.564841	-0.456407	-0.228479	 0.861654	 0.052668	 0.498173	 1.204621	 0.498053	 0.658732	-0.453446	-0.498782	 0.499478
-0.562582	-0.456407	-0.277109	 1.108930	 0.037375	 0.498173	 1.248383	 0.498053	 0.656097	-0.453446	-0.498782	 0.499478
-0.560331	-0.456407	 0.198576	 1.229856	 0.529729	 0.498173	 1.267680	 0.498053	 0.653472	-0.453446	-0.498782	 0.499478
-0.558090	-0.456407	 0.435070	 1.287617	 0.773862	 0.498173	 1.274754	 0.498053	 0.650858	-0.453446	-0.498782	 0.499478
-0.555858	-0.456407	 0.551974	 1.313807	 0.893893	 0.498173	 1.275728	 0.498053	 0.648255	-0.453446	-0.498782	 0.499478
-0.553634	-0.456407	 0.609088	 1.324222	 0.951880	 0.498173	 0.773661	 0.498053	 0.645662	-0.453446	-0.498782	 0.499478
-0.551420	-0.456407	 0.636313	 1.326760	 0.978854	 0.498173	 0.522628	 0.498053	 0.643079	-0.453446	-0.498782	 0.499478
-0.549214	-0.456407	 0.648598	 0.825370	 0.990329	 0.498173	 0.397111	 0.498053	 0.640507	-0.453446	-0.498782	 0.499478
-0.547017	-0.456407	 0.653419	 0.574676	 0.994063	 0.498173	 0.334353	 0.498053	 0.637945	-0.453446	-0.498782	 0.499478
-0.544829	-0.456407	 0.654513	 0.449328	 0.993935	 0.498173	 0.802974	 0.498053	 0.635393	-0.453446	-0.498782	 0.499478
-0.542650	-0.456407	 0.653749	 0.386655	 0.991883	 0.498173	 1.034741	 0.498053	 0.632852	-0.453446	-0.498782	 0.499478
-0.540479	-0.456407	 0.652061	 0.355318	 0.988877	 0.498173	 1.148091	 0.498053	 0.630320	-0.953446	-0.498782	 0.499478
-0.538317	-0.456407	 0.649916	 0.339649	 0.985403	 0.498173	 1.202244	 0.498053	 0.627799	-1.200539	-0.498782	 0.499478
-0.536164	-0.456407	 0.647548	 0.331815	 0.981701	 0.498173	 1.226807	 0.498053	 0.625288	-1.321190	-0.498782	 0.499478
-0.534019	-0.456407	 0.645074	 0.327898	 0.977895	-0.001827	 0.736586	 0.498053	 0.622787	-0.878632	-0.498782	 0.499478
-0.531883	-0.456407	 0.642551	 0.325939	 0.974043	-0.250823	 0.491476	 0.498053	 0.620295	-0.657353	-0.498782	 0.499478
-0.529756	-0.456407	 0.140010	 0.824960	 0.470177	 0.124678	 0.868920	 0.498053	 0.617814	-0.546714	-0.498782	 0.499478
-0.527637	-0.456407	-0.111260	 1.071822	 0.218244	 0.311429	 1.055150	 0.498053	 0.615343	-0.491394	-0.498782	 0.499478
-0.525526	-0.456407	 0.263104	 0.692616	 0.592278	 0.404804	 0.645782	 0.498053	 0.612882	-0.463734	-0.498782	 0.499478
-0.523424	-0.456407	 0.449012	 0.503013	 0.777362	 0.451492	 0.441098	 0.498053	 0.610430	-0.449904	-0.498782	 0.499478
-0.521330	-0.456407	 0.040696	 0.908212	 0.867979	 0.474836	 0.338756	 0.498053	 0.607988	-0.442989	-0.498782	 0.499478
-0.519245	-0.456407	-0.163463	 1.108184	 0.911370	 0.486508	 0.287585	 0.498053	 0.605556	-0.439532	-0.498782	 0.499478
-0.517168	-0.456407	-0.265542	 1.205554	 0.931157	 0.492344	 0.262000	 0.498053	 0.603134	-0.437803	-0.498782	 0.499478
-0.515099	-0.456407	 0.183419	 0.751633	 0.439148	 0.495262	 0.249207	 0.498053	 0.600722	-0.436938	-0.498782	 0.499478
-0.513039	-0.456407	 0.406634	 0.524673	 0.193143	 0.496721	 0.242811	 0.498053	 0.598319	-0.436506	-0.498782	 0.499478
-0.510987	-0.456407	 0.016982	 0.911192	 0.570141	 0.497450	 0.239612	 0.498053	 0.595926	-0.436290	-0.498782	 0.499478
-0.508943	-0.456407	-0.177844	 1.101857	 0.756746	 0.497815	 0.238013	 0.498053	 0.593542	-0.436182	-0.498782	 0.499478
-1.006907	-0.456407	-0.275257	 1.194604	 0.848161	 0.497997	 0.237214	 0.498053	 0.091168	 0.563872	-0.498782	 0.499478
-1.252879	-0.456407	-0.323963	 1.238403	 0.891990	 0.498088	 0.236814	 0.498053	-0.160019	 1.060771	-0.498782	 0.499478
-0.372868	 0.043593	-0.348316	 0.757738	 0.412033	 0.498134	 0.236614	-0.501947	-1.285613	 1.806105	 0.001218	-0.000522
 0.066124	 0.292506	-0.360493	 0.517406	 0.172054	 0.498157	 0.236514	-0.998943	-1.843587	 2.173670	 0.250216	-0.249521
 0.284609	 0.415880	-0.366581	 0.397239	 0.052065	 0.498168	 0.236464	-1.244449	-2.117771	 2.352369	 0.374714	-0.374020
 1.392846	 1.476488	-0.869625	 0.337156	-0.507930	-0.001826	-0.263561	-1.864222	-3.250079	 3.436657	 1.936964	-1.436270
 1.941962	 2.001718	-1.118402	 0.307115	-0.785791	-0.250820	-0.512046	-2.169141	-3.807469	 3.969759	 2.711090	-1.962398
 3.711538	 2.759279	-1.240056	 0.292094	-1.422595	-0.875316	-0.634768	-2.316652	-4.577434	 3.727304	 4.091183	-2.720485
 4.585363	 3.131026	-1.298160	 0.284583	-1.736878	-1.184565	-0.694614	-2.385479	-4.951721	 3.599107	 4.770287	-3.092571
 5.511358	 2.809894	-1.824499	 0.280828	-1.889917	-0.836202	-1.223028	-1.914984	-5.128213	 3.028067	 5.598940	-3.271685
 5.961480	 2.644350	-2.082967	 0.278951	-1.962351	-0.662020	-1.483732	-1.676848	-5.205850	 2.737632	 6.000411	-3.354340
 7.673719	 3.056621	-2.207518	 0.278012	-1.994498	-0.574930	-1.110595	-2.054902	-5.234101	 2.587521	 6.188343	-3.388794
 8.511066	 3.255818	-2.265129	 0.277542	-2.006518	-0.531384	-0.922552	-2.239063	-5.237702	 2.507590	 6.269556	-3.399174
 8.911042	 3.348507	-2.289290	 0.277308	-2.008491	-0.509611	-0.827061	-2.326297	-5.229020	 2.462770	 6.297462	-3.397545
 9.592409	 3.387969	-2.296743	 0.277190	-1.505457	-0.498725	-1.277852	-1.865087	-5.214238	 1.935524	 7.298763	-3.889939
 9.912544	 3.400845	-2.295861	 0.277132	-1.251935	-0.493282	-1.499791	-1.631675	-5.196448	 1.669084	 7.782814	-4.127371
 11.052147	 3.400456	-2.290830	 0.277102	-1.123177	-0.490560	-1.107317	-1.512172	-6.177196	 1.033059	 8.508306	-4.737358
 11.597565	 3.393461	-2.283743	 0.277088	-1.056809	-0.489199	-0.909650	-1.449635	-6.653254	 0.715046	 8.852584	-5.031656
 13.345987	 2.883190	-2.275646	 0.277080	-1.021644	-0.988519	-1.309392	-0.915592	-5.877024	-0.943960	 10.506330	-5.168154
 14.190010	 2.623309	-2.267063	 0.277077	-1.002089	-1.235203	-1.505846	-0.648571	-5.478708	-1.768257	 11.308882	-5.225793
 16.581953	 2.488642	-2.258254	-0.222925	-0.990346	-1.855581	-1.600667	-0.015061	-5.269389	-2.675221	 12.185935	-4.744046
 17.739977	 2.416600	-2.249351	-0.471480	-0.982518	-2.160819	-1.644687	 0.300458	-5.154609	-3.121538	 12.598336	-4.494648
 19.281193	 2.875891	-2.240418	-0.594318	-0.976654	-1.808505	-1.663320	 0.456985	-5.087140	-3.337561	 12.778515	-4.361458
 20.010156	 3.098865	-2.231489	-0.654302	-0.971781	-1.629436	-1.669272	 0.534022	-5.043366	-3.438465	 12.842687	-4.286407
 20.333159	 3.203709	-2.222579	-0.682866	-0.967410	-1.537001	-1.668898	 0.571318	-5.011480	-3.481839	 12.848959	-4.240458
 20.453349	 3.749514	-1.713697	-0.695725	-0.963299	-1.487894	-1.665374	 0.588749	-4.485577	-3.496475	 12.826385	-4.209095
 20.472296	 4.013825	-1.456846	-0.700737	-0.959325	-1.460463	-1.660288	 0.596252	-4.214707	-3.496771	 12.789490	-4.185058
 20.440788	 4.137425	-1.326021	-0.701832	-0.955427	-1.443881	-1.654435	 0.598796	-4.071384	-2.989925	 13.245538	-4.164718
 20.384215	 4.190703	-1.258218	-0.700973	-0.951575	-1.432736	-1.648211	 0.598865	-3.991866	-2.731536	 13.446158	-4.146259
 20.815273	 4.208854	-1.221936	-0.199144	-0.947754	-1.924320	-1.641815	 0.597702	-3.944283	-2.597395	 13.019175	-4.128773
 20.988310	 4.209475	-1.201423	 0.051771	-0.943955	-2.165281	-1.635346	 0.595927	-3.912698	-2.525398	 12.780499	-4.111808
 21.032505	 4.201366	-1.188805	 0.177229	-0.940176	-1.780948	-1.128854	 0.593852	-4.389143	-2.484492	 13.136077	-4.095136
 21.012449	 4.188924	-1.180144	 0.239957	-0.936413	-1.585989	-0.874363	 0.591630	-4.617634	-2.459153	 13.286883	-4.078643
 20.960437	 4.174351	-1.173470	 0.271322	-0.932666	-1.485727	-0.745878	 0.589341	-4.722188	-2.441615	 13.335411	-4.062272
 20.892614	 4.158744	-1.167800	 0.287004	-0.428935	-1.432825	-0.680401	 0.587022	-4.264811	-2.427998	 13.332907	-4.045995
 20.817053	 4.142655	-1.162640	 0.294845	-0.177070	-1.403614	-0.646432	 0.584693	-4.028508	-2.416361	 13.304994	-4.029797
 21.237789	 4.626357	-1.157745	 0.298765	-0.051137	-1.386260	-0.628223	 0.582364	-3.902772	-2.405733	 13.264483	-4.013671
 21.404840	 4.857988	-1.152992	 0.300726	 0.011829	-1.374845	-0.617899	 0.580039	-3.832350	-2.395629	 13.217780	-3.997612
 21.445222	 4.463624	-1.148319	 0.301706	 0.043313	-1.366411	-0.611521	 0.577722	-3.789615	-2.385806	 13.168086	-3.981620
 21.422442	 4.258304	-1.143696	 0.302196	 0.059054	-1.359478	-0.607122	 0.575412	-3.760754	-2.376142	 13.117003	-3.965693
 21.368252	 4.647538	-1.139106	-0.197559	-0.433075	-1.353306	-1.103717	 0.573111	-3.738859	-2.366577	 13.065329	-3.949830
 21.298529	 4.832081	-1.134542	-0.446042	-0.677289	-1.347526	-1.348814	 0.570819	-3.720478	-2.357081	 13.013465	-3.934030
 21.221210	 4.914319	-1.130000	-0.568894	-0.797553	-1.341953	-1.468175	 0.568536	-3.703883	-2.347637	 12.961609	-3.918294
 21.140263	 4.945446	-1.125478	-0.128937	-0.355850	-1.336493	-1.024680	 0.566262	-3.688211	-2.338239	 12.909862	-3.902621
 21.057671	 4.951055	-1.120975	 0.091042	-0.134998	-1.331101	-0.801770	 0.563997	-3.673030	-2.328883	 12.858272	-3.887010
 20.974424	 4.943947	-1.116490	 0.201031	-0.024572	-1.325754	-0.689158	 0.561741	-3.658124	-2.319565	 12.806864	-3.871462
 20.891019	 4.930519	-1.112024	 0.256026	 0.030641	-1.320439	-0.631698	 0.559494	-3.643384	-2.310286	 12.755649	-3.855976
 20.807701	 4.913971	-1.107576	 0.283523	 0.058247	-1.315152	-0.601820	 0.557256	-3.628757	-2.301044	 12.704633	-3.840552
 20.724593	 4.895902	-1.103146	 0.297272	 0.072051	-1.309888	-0.585737	 0.555027	-3.614216	-2.291840	 12.653817	-3.825190
 20.641756	 4.877112	-1.098733	 0.304146	 0.078952	-1.304648	-0.576556	 0.552807	-3.599745	-2.282673	 12.603204	-3.809889
 20.559220	 4.858000	-1.094338	 0.307583	 0.082403	-1.299428	-0.570831	 0.550595	-3.585340	-2.273542	 12.552792	-3.794650
 20.476999	 4.838767	-1.089961	 0.309302	 0.084129	-1.294230	-0.566838	 0.548393	-3.570995	-2.264448	 12.502581	-3.779471
 20.895098	 4.819511	-1.085601	 0.310161	 0.084991	-1.789053	-0.563716	 0.546199	-4.056709	-2.255390	 12.452571	-3.764353
 21.061522	 4.800282	-1.081258	 0.310591	 0.085423	-2.031897	-0.561034	 0.544015	-4.290482	-2.246368	 12.402760	-3.749296
 20.602277	 4.781106	-1.076933	 0.310805	 0.085638	-1.648769	-0.558576	 0.541838	-3.898319	-1.737383	 12.353149	-3.734299
 20.332369	 4.761994	-1.072626	 0.310913	 0.085746	-1.454674	-0.556235	 0.539671	-3.695226	-1.480433	 12.303737	-3.719362
 20.657290	 4.742952	-1.068335	 0.310967	 0.085800	-1.355105	-0.553957	 0.537512	-3.586695	-1.849512	 12.254522	-3.704484
 20.777786	 4.723984	-1.064062	 0.310993	 0.085827	-1.302810	-0.551714	 0.535362	-3.525473	-2.029613	 12.205504	-3.689666
 20.796238	 4.705089	-1.059806	-0.188993	 0.085840	-1.774161	-0.549494	 0.533221	-3.487934	-1.615245	 11.156682	-3.674907
 20.763834	 4.686270	-1.055566	-0.437609	 0.085847	-2.005346	-0.547289	 0.531088	-3.462263	-1.405659	 10.612055	-3.660208
 20.706170	 4.667525	-1.051344	-0.560544	 0.085851	-2.116465	-0.545097	 0.528964	-3.442555	-1.298474	 10.319607	-3.645567
 19.136040	 4.648855	-1.047139	-0.120644	-0.414148	-1.667569	-0.542915	 0.026848	-3.925855	-1.242499	 9.153329	-3.630985
 18.315844	 4.630260	-1.042950	 0.099305	-0.662319	-1.440684	-0.540742	-0.224210	-4.158686	-1.212138	 8.554215	-3.616461
 14.370754	 3.111739	-1.038778	-0.290720	-1.284583	-0.824814	-1.538579	-1.349739	-4.266319	-1.194594	 4.238748	-3.601995
 12.377358	 2.349292	-1.034623	-0.484371	-1.591902	-0.516879	-2.032424	-1.907553	-4.311388	-1.183468	 2.081015	-3.587587
 5.859892	 0.464895	-1.030485	-0.579840	-2.741762	-0.362912	-1.774295	-2.681529	-4.325209	-1.175561	-0.497852	-2.073237
 2.602474	-0.474465	-1.026363	-0.626225	-3.308910	-0.285928	-1.642197	-3.061606	-4.323442	-1.169271	-1.781132	-1.314944
-0.524925	-1.441317	-1.022257	-0.648071	-3.084731	-0.247436	-2.073129	-3.244762	-3.313915	-2.163801	-2.416643	-0.934684
-2.081320	-1.919927	-1.018168	-0.657655	-2.966921	-0.228190	-2.283586	-3.329483	-2.804542	-2.654749	-2.728294	-0.743445
-2.852242	-2.154435	-1.014096	-0.661112	-2.902317	-0.218567	-2.383827	-3.365016	-2.545266	-2.893932	-2.878040	-0.646721
-3.730456	-3.766911	-0.510039	-0.661512	-2.364340	-0.213755	-1.928979	-2.375981	-1.411056	-3.007257	-2.946857	-0.097260
-4.160346	-4.562390	-0.258011	-0.660388	-2.091699	-0.211350	-1.698607	-1.878690	-0.843951	-3.057678	-2.975234	 0.177471
-4.366111	-4.449414	-0.131997	-0.658507	-1.951740	-0.210147	-1.580484	-1.627281	-0.560398	-3.076673	-3.483416	 0.814837
-4.459849	-4.384253	-0.068990	-0.656254	-1.878137	-0.209545	-1.518498	-1.498825	-0.418622	-3.079978	-3.729523	 1.130615
-4.497611	-4.343034	-0.037486	-0.653819	-1.837727	-0.209245	-1.484592	-1.431856	-0.347734	-2.575465	-3.344626	 1.285612
-4.507422	-4.313821	-0.021735	-0.651299	-1.813927	-0.209094	-1.464738	-1.395642	-0.312290	-2.319066	-3.146258	 1.360229
-5.003292	-4.290645	-0.013859	-0.648741	-1.798446	-0.209019	-1.451921	-1.374816	-0.294568	-2.186741	-3.041178	 0.894667
-5.240229	-4.270523	-0.009921	-0.646170	-1.787140	-0.208982	-1.442634	-1.361695	-0.285707	-2.116470	-2.982766	 0.661887
-4.847744	-4.251960	-0.007952	-0.143597	-1.777936	-0.208963	-0.935124	-1.352438	 0.218724	-2.077242	-2.947711	 1.045496
-4.642590	-4.234213	-0.006967	 0.107689	-1.769796	-0.208953	-0.681369	-1.345123	 0.469493	-2.053552	-2.924358	 1.234443
-4.531139	-4.216906	-0.006475	 0.233332	-1.762203	-0.208949	-0.554491	-1.338789	 0.593437	-2.037647	-2.906880	 1.326070
-4.466573	-4.199853	-0.006229	-0.203846	-1.754897	-0.208946	-0.491053	-1.332958	 0.653974	-2.025652	-2.892362	 1.369048
-4.425487	-4.182961	-0.006106	-0.421153	-1.747749	-0.208945	-0.459333	-1.327388	 0.682814	-2.015626	-2.879347	 1.387712
-4.396175	-4.166183	-0.006044	-1.028530	-1.740694	-0.208945	-0.443474	-0.821959	 0.195810	-2.006603	-2.867107	 1.394232
-4.372785	-4.149495	-0.006014	-1.328946	-1.733699	-0.208944	-0.435544	-0.569245	-0.047692	-1.998096	-2.855277	 1.394690
-4.352391	-3.632886	-0.005998	-0.475896	-1.726748	-0.208944	-0.431579	-0.442888	 0.330558	-1.989863	-2.843676	 1.392129
-4.333530	-3.368348	-0.005991	-0.049371	-1.719833	-0.208944	-0.429596	-0.379709	 0.518264	-1.981783	-2.832211	 1.388070
-4.315471	-3.229872	-0.005987	-0.336108	-1.712949	-0.208944	-0.428605	-0.348120	 0.610706	-1.973796	-2.820837	 1.383272
-4.297846	-3.154451	-0.005985	-0.478231	-1.706096	-0.208944	-0.428110	-0.332325	 0.655520	-1.965871	-2.809531	 1.378116
-4.280473	-3.110583	-0.005984	-0.548052	-1.699270	-0.208944	-0.427862	-0.324428	 0.676527	-1.957992	-2.798281	 1.372792
-4.263261	-3.082515	-0.005983	-0.081726	-1.192473	-0.208944	-0.427738	-0.320479	 0.685635	-1.950153	-2.787083	 1.367395
-4.246162	-3.062372	-0.005983	 0.151436	-0.937703	-0.208944	-0.427676	-0.318505	 0.688800	-1.942348	-2.775931	 1.361973
-4.229155	-3.046216	-0.005983	 0.268018	-1.308952	-0.208944	-0.427645	-0.317518	 0.688998	-1.434577	-2.764826	 1.356548
-4.212227	-3.032078	-0.005983	 0.326308	-1.491216	-0.208944	-0.427629	-0.317024	 0.687719	-1.178838	-2.753766	 1.351134
-4.195372	-3.518973	-0.005983	 0.355454	-1.079001	 0.291056	-0.427622	-0.316777	 0.685707	-1.049122	-3.242751	 1.345735
-4.178588	-3.754409	-0.005983	 0.370026	-0.871560	 0.539474	-0.427618	-0.316654	 0.683333	-0.982425	-3.479780	 1.340355
-4.161872	-3.864147	-0.005983	 0.377313	-0.766511	 0.662107	-0.427616	-0.316592	 0.680784	-1.447246	-3.090860	 1.334995
-4.145224	-3.911069	-0.005983	 0.380956	-0.712664	 0.721854	-0.427615	-0.316561	 0.678153	-1.675831	-2.890997	 1.329656
-4.128643	-3.926613	-0.005983	 0.382777	-0.684422	 0.750165	-0.427614	-0.316546	 0.675487	-1.786316	-2.785683	 1.324338
-4.112128	-3.426501	-0.005983	-0.116312	-0.668989	 0.762763	-0.427614	-0.316538	 0.672808	-1.837764	-2.727665	 1.319041
-4.095679	-3.170593	-0.005983	-0.364626	-0.659966	 0.767511	-0.427614	-0.316534	 0.670128	-1.859710	-2.693317	 1.313765
-4.079297	-3.036809	-0.005983	 0.012443	-0.654152	 0.268341	-0.427614	-0.316533	 0.667454	-1.866919	-2.670825	 1.308510
-4.062979	-2.964111	-0.005983	 0.200978	-0.649949	 0.018756	-0.427614	-0.316532	 0.664787	-1.866776	-2.654282	 1.303276
-4.046728	-2.921979	-0.005983	 0.295245	-0.646555	-0.106037	-0.427614	-0.316531	 0.662129	-1.362971	-2.640735	 1.298063
-4.030541	-2.895154	-0.005983	 0.342379	-0.643572	-0.168433	-0.427614	-0.316531	 0.659481	-1.109350	-2.628708	 1.292870
-4.014418	-2.876004	-0.005983	 0.365945	-0.640800	 0.300369	-0.427614	-0.316531	 0.656844	-0.980828	-2.617460	 1.287699
-3.998361	-2.860716	-0.005983	 0.377729	-0.638137	 0.533231	-0.427614	-0.316531	 0.654216	-0.914863	-2.606624	 1.282548
-3.982367	-2.847381	-0.005983	 0.383621	-0.635535	 0.648130	-0.427614	-0.316531	 0.651600	-0.880182	-2.596015	 1.277418
-3.966438	-2.835045	-0.005983	 0.386566	-0.632968	 0.204054	-0.427614	-0.316531	 0.648993	-0.861151	-2.585539	 1.272308
-3.950572	-2.823232	-0.005983	 0.388039	-0.630424	-0.017984	-0.427614	-0.316531	 0.646397	-0.849951	-2.575151	 1.267219
-3.934770	-2.811702	-0.005983	 0.388776	-0.627896	-0.129004	-0.427614	-0.316531	 0.643812	-0.842674	-2.564828	 1.262150
-3.919031	-2.800337	-0.005983	 0.389144	-0.625381	-0.184513	-0.427614	-0.316531	 0.641237	-0.837364	-2.554557	 1.257101
-3.903355	-2.789077	-0.005983	 0.389328	-0.622878	-0.212268	-0.427614	-0.316531	 0.638672	-0.833045	-2.544333	 1.252073
-3.887741	-2.777891	-0.005983	 0.389420	-0.620386	-0.226145	-0.427614	-0.316531	 0.636117	-0.829228	-2.534153	 1.247065
-3.872190	-2.766765	-0.005983	 0.389466	-0.617904	-0.233084	-0.427614	-0.316531	 0.633572	-1.325669	-2.524015	 1.242077
-3.856701	-2.755690	-0.005983	 0.389489	-0.615432	-0.236553	-0.427614	-0.316531	 0.631038	-1.570245	-2.513918	 1.237108
-3.841275	-2.744664	-0.005983	 0.389501	-0.612971	-0.238288	-0.427614	-0.316531	 0.628514	-1.688904	-2.503862	 1.232160
-3.825910	-2.733683	-0.005983	-0.110493	-0.610519	-0.239155	-0.427614	-0.316531	 0.626000	-1.244618	-2.493846	 1.227231
-3.810606	-2.722748	-0.005983	-0.359270	-0.608077	-0.239589	-0.427614	-0.316531	 0.623496	-1.020874	-2.483871	 1.222322
-3.795364	-2.711856	-0.005983	 0.017558	-0.605644	-0.239806	-0.427614	-0.316531	 1.121002	-0.907408	-2.473935	 1.217433
-3.780182	-2.701008	-0.005983	 0.205972	-0.603222	-0.239914	-0.427614	-0.316531	 1.366518	-0.849087	-2.464040	 1.212563
-3.765061	-2.690204	-0.005983	 0.300179	-0.600809	 0.260032	-0.427614	-0.316531	 0.986052	-0.818345	-2.454183	 1.207713
-3.750001	-2.679443	-0.005983	 0.347283	-0.598406	 0.508484	-0.427614	-0.316531	 0.794608	-0.801399	-2.444367	 1.202882
-3.735001	-2.668726	-0.005983	-0.129165	-0.596012	 0.131197	-0.427614	-0.316531	 0.697679	-0.791357	-2.434589	 1.198071
-3.720061	-2.658051	-0.005983	-0.366178	-0.593628	-0.057447	-0.427614	-0.316531	 0.648014	-0.784773	-2.424851	 1.193278
-3.705181	-2.647418	-0.005983	-0.483478	-0.591253	-0.151769	-0.427614	-0.316531	 0.621984	-0.779925	-2.415151	 1.188505
-3.690360	-2.636829	-0.005983	-0.040927	-0.588888	 0.301071	-0.427614	-0.316531	 1.107777	-1.275951	-2.405491	 1.183751
-3.675599	-2.626281	-0.005983	 0.180349	-0.586533	 0.525982	-0.427614	-0.316531	 1.347487	-1.520420	-2.395869	 1.179016
-3.660896	-2.615776	-0.005983	 0.290987	-0.584187	 0.136936	-0.427614	-0.316531	 1.464167	-1.139124	-2.386285	 1.174300
-3.646253	-2.605313	-0.005983	 0.346306	-0.581850	-0.057587	-0.427614	-0.316531	 1.519346	-0.946961	-2.376740	 1.169603
-3.631668	-2.594892	-0.005983	 0.373965	-0.579522	 0.345152	 0.072386	-0.316531	 1.543786	-0.849370	-2.367233	 1.164924
-3.617141	-2.584512	-0.005983	 0.387795	-0.577204	 0.545025	 0.321241	-0.316531	 1.552869	-0.799071	-2.357764	 1.160265
-3.602672	-2.574174	-0.005983	 0.394710	-0.574896	 0.643472	 0.444529	-0.316531	 1.554287	-0.772424	-2.348333	 1.155624
-3.588262	-2.563878	-0.005983	 0.398167	-0.572596	 0.691212	 0.505037	-0.316531	 1.551885	-0.757608	-2.338940	 1.151001
-3.573909	-2.553622	-0.005983	 0.399896	-0.570306	 0.713604	 0.534160	-0.316531	 1.547585	-0.748715	-2.329584	 1.146397
-3.559613	-2.543408	-0.005983	 0.400760	-0.568024	 0.223328	 0.547595	-0.316531	 1.542348	-0.742789	-2.320266	 1.141812
-3.545375	-2.533234	-0.005983	 0.401193	-0.565752	-0.021810	 0.553190	-0.316531	 1.536656	-0.738352	-2.310985	 1.137244
-3.531193	-2.523101	-0.005983	 0.401409	-0.563489	 0.355621	 0.554870	-0.316531	 1.030747	-1.234666	-2.301741	 1.132695
-3.517068	-2.513009	-0.005983	 0.401517	-0.561235	 0.542870	 0.554597	-0.316531	 0.776744	-1.479361	-2.292534	 1.128165
-3.503000	-2.502957	-0.005983	 0.401571	-1.058990	 0.135035	 0.053352	-0.316531	 1.148696	-1.098260	-2.283364	 1.123652
-3.488988	-2.492945	-0.005983	 0.401598	-1.304754	-0.068883	-0.197271	-0.316531	 1.331631	-0.906276	-2.274230	 1.119157
-3.475032	-2.482973	-0.005983	-0.098389	-0.924535	-0.170842	-0.322582	-0.316531	 1.420070	-0.808855	-2.265133	 1.114681
-3.461132	-2.473041	-0.005983	-0.347185	-0.733337	-0.221821	-0.385238	-0.316531	 1.461272	-0.758721	-2.256073	 1.110222
-3.447287	-2.463149	-0.005983	-0.470392	-0.636654	-0.247311	-0.416565	-0.316531	 1.478868	-0.732238	-2.247049	 1.105781
-3.433498	-2.453296	-0.005983	-0.030808	-0.587232	 0.239944	 0.067771	-0.316531	 1.484673	-0.717584	-2.238060	 1.101358
-3.419764	-2.443483	-0.005983	 0.188985	-0.561446	 0.482117	 0.308835	-0.316531	 1.484595	-0.708852	-2.229108	 1.096953
-3.406085	-2.433709	-0.005983	 0.298881	-0.547481	 0.601755	 0.428267	-0.316531	 1.481586	-0.703085	-2.220192	 1.092565
-3.392461	-2.423974	-0.005983	 0.353829	-0.539432	 0.660131	 0.486887	-0.316531	 1.477125	-0.698807	-2.211311	 1.088194
-3.378891	-2.414279	-0.005983	 0.381303	-0.534345	 0.687882	 0.515107	 0.183469	 1.471949	-0.695279	-2.202466	 1.083842
-3.365375	-2.404621	-0.005983	 0.395040	-0.530742	 0.700327	 0.528130	 0.432102	 1.466428	-0.692132	-2.193656	 1.079506
-3.351914	-2.395003	-0.005983	 0.401908	-0.527887	 0.705123	 0.033559	 0.055058	 1.460745	-0.689180	-2.184881	 1.075188
-3.338506	-2.385423	-0.005983	 0.405342	-0.525409	 0.706102	-0.213727	-0.133465	 1.454994	-0.686332	-2.176142	 1.070888
-3.325152	-2.375881	-0.005983	 0.407059	-0.523124	 0.705177	-0.337369	-0.227726	 1.449219	-0.683540	-2.167437	 1.066604
-3.311852	-2.366378	 0.494017	 0.407918	-0.520940	 0.703306	 0.100809	-0.274857	 1.443445	-0.680783	-2.158767	 1.062338
-3.298604	-2.356912	 0.742029	 0.408347	-0.518811	 0.700968	 0.318821	-0.298422	 1.437683	-0.678049	-2.150132	 1.058088
-3.285410	-2.347485	 0.364055	-0.091438	-0.516713	 0.198401	 0.426753	-0.310205	 1.431938	-0.675331	-2.141532	 1.053856
-3.272268	-2.338095	 0.175068	-0.340148	-0.514634	-0.052882	 0.479649	-0.316096	 1.426213	-0.672627	-2.132966	 1.049640
-3.259179	-2.328742	 0.080574	 0.036674	-0.512570	 0.321476	 0.505033	-0.319042	 1.420510	-0.669935	-2.124434	 1.045442
-3.246142	-2.319427	 0.033328	 0.225086	-0.510517	 0.507264	 0.516663	-0.320515	 1.414829	-0.667254	-2.115936	 1.041260
-3.233158	-2.310150	 0.009704	 0.319291	-0.508474	 0.598771	 0.521422	-0.321251	 1.409170	-0.664585	-2.107472	 1.037095
-3.220225	-2.300909	-0.002107	 0.366394	-0.506439	 0.643145	 0.522749	-0.321619	 1.403533	-0.661926	-2.099042	 1.032947
-3.207344	-2.291705	-0.008013	 0.389945	-0.504413	 0.663956	 0.522365	-0.321803	 1.397919	-0.659279	-2.090646	 1.028815
-3.194515	-2.282539	-0.010966	-0.098279	-0.502395	 0.172993	 0.521128	-0.321895	 1.392327	-0.656641	-2.082284	 1.024700
-3.181737	-2.273408	-0.012443	-0.341218	-0.500385	-0.072489	 0.519470	-0.321941	 1.386758	-0.654015	-2.073955	 1.020601
-3.169010	-1.764315	-0.013181	 0.038481	-0.499381	 0.304770	 0.517606	-0.321964	 1.381211	-0.651399	-2.065659	 1.016518
-3.156334	-1.507257	-0.013550	 0.228330	-0.498878	 0.492035	 0.515642	-0.321976	 1.375686	-0.648793	-2.057396	 1.012452
-3.143709	-1.876228	-0.013735	 0.323255	-0.498627	 0.084309	 0.513633	 0.178018	 1.370183	-0.646198	-2.049167	 1.008403
-3.131134	-2.056224	-0.013827	 0.370717	-0.498501	-0.119554	 0.511605	 0.426659	 1.364703	-0.643613	-2.040970	 1.004369
-3.118609	-1.641749	-0.013873	 0.394448	-0.498438	 0.278515	 0.509572	 0.049629	 0.859244	-0.641039	-2.532806	 1.000351
-3.106135	-1.432057	-0.013896	 0.406314	-0.498407	 0.476196	 0.507540	-0.138886	 0.606515	-0.638475	-2.772675	 0.996350
-3.093710	-1.324766	-0.013908	 0.412247	-0.498391	 0.573689	 0.505513	-0.233143	 0.480150	-0.635921	-2.886584	 0.992365
-3.081335	-1.768686	-0.013913	 0.415213	 0.001616	 0.621093	 0.503493	-0.280272	 0.916967	-0.633377	-2.437538	 0.988395
-3.069010	-1.986220	-0.013916	 0.416696	 0.250617	 0.643458	 0.501480	-0.303836	 1.132669	-0.630844	-2.209038	 0.984442
-3.056734	-1.590580	-0.013918	 0.417438	-0.124883	 0.153309	 0.500473	-0.315618	 1.237823	-0.628320	-2.090826	 0.980504
-3.044507	-1.390370	-0.013918	 0.417809	-0.311632	-0.091766	 0.499970	-0.321510	 1.287714	-0.625807	-2.027776	 0.976582
-3.032329	-1.787885	 0.486081	 0.417994	-0.405006	 0.285697	 0.499718	-0.324455	 0.809984	-0.623304	-1.992321	 0.972676
-3.020200	-1.982271	 0.734109	 0.418087	-0.451693	 0.473102	 0.499593	-0.325928	 0.571119	-0.620810	-1.970680	 0.968785
-3.008119	-2.075111	 0.356158	 0.418133	-0.475037	 0.065484	 0.499530	-0.326664	 0.951687	-1.118327	-1.955961	 0.964910
-2.996086	-2.117195	 0.167183	 0.418156	-0.486709	-0.138326	 0.499498	-0.327032	 1.139306	-1.363854	-1.944719	 0.961050
-2.984102	-2.133919	 0.072696	 0.418168	-0.492545	-0.240230	 0.499482	 0.172783	 0.730462	-0.983398	-1.935231	 0.957206
-2.972166	-2.137979	 0.025452	 0.418174	-0.495463	-0.291183	 0.499475	 0.421346	 0.526040	-0.791965	-1.926636	 0.953377
-2.960277	-2.135725	 0.001830	 0.418177	-0.496922	-0.316659	 0.499471	 0.544288	 0.423829	-0.695047	-1.918502	 0.949564
-2.948436	-1.630332	-0.009981	-0.081822	-0.497651	-0.329397	 0.499469	 0.104424	 0.872723	-0.645392	-1.910614	 0.945765
-2.936642	-1.375385	-0.015887	-0.330658	-0.498016	-0.335766	 0.499468	-0.115508	 1.094527	-0.619373	-1.902865	 0.941982
-2.924896	-1.245670	-0.018839	-0.453916	-0.498198	 0.161050	 0.499467	 0.274526	 1.202796	-0.605177	-1.895200	 0.938214
-2.913196	-1.178581	-0.020316	-0.514391	-0.498289	 0.408142	 0.499467	 0.468214	 1.254309	-0.596896	-1.887593	 0.934461
-2.901543	-1.642814	-0.021054	-0.043479	 0.001665	 0.530377	 0.499467	 0.063734	 1.277454	-0.591579	-1.880029	 0.930724
-2.889937	-1.870716	-0.021423	 0.191977	 0.250639	 0.590190	 0.499467	-0.138506	 1.286425	-0.587748	-1.872502	 0.927001
-2.878377	-1.480470	-0.021607	 0.309705	-0.124874	 0.618796	 0.499467	-0.239626	 1.288319	-0.584665	-1.865009	 0.923293
-2.866864	-1.283166	-0.021700	 0.368569	-0.311630	 0.631804	 0.499467	-0.290185	 1.286686	-0.581960	-1.857547	 0.919599
-2.855396	-1.182343	-0.021746	 0.398001	-0.405008	 0.637019	 0.499467	-0.315465	 1.283300	-0.579449	-1.850116	 0.915921
-2.843975	-1.629768	-0.021769	 0.412717	-0.451697	 0.638342	 0.499467	 0.171895	 1.279047	-0.577039	-1.842715	 0.912257
-2.832599	-1.849326	-0.021780	 0.420075	-0.475041	 0.637724	 0.499467	 0.414256	 1.274370	-0.574685	-1.835344	 0.908608
-2.821268	-1.454968	 0.478214	 0.423754	-0.486713	 0.636140	-0.000533	 0.534124	 1.269493	-0.572364	-1.828003	 0.904974
-2.809983	-1.255667	 0.726254	 0.425593	-0.492549	 0.634080	-0.249532	 0.592749	 1.264525	-0.570063	-1.820691	 0.901354
-2.798743	-1.153904	 0.348326	 0.426513	-0.495468	 0.631785	 0.125968	 0.120759	 0.759522	-1.067777	-1.813408	 0.897749
-2.787549	-1.100918	 0.159362	 0.426973	-0.496927	 0.629379	 0.312716	-0.115235	 0.507020	-1.313503	-1.806154	 0.894158
-2.776398	-1.072330	 0.064880	 0.427203	-0.497656	 0.626922	 0.406089	 0.266767	 0.380770	-0.933248	-1.798930	 0.890581
-2.765293	-1.055948	 0.017639	 0.427318	-0.498021	 0.624445	 0.452776	 0.456471	 0.317644	-0.742014	-1.791734	 0.887019
-2.754232	-1.045678	-0.005981	 0.427375	-0.498203	 0.621962	 0.476120	 0.550030	 0.286081	-0.645295	-1.784567	 0.883471
-2.743215	-1.038472	-0.017792	 0.427404	-0.498294	 0.619482	 0.487791	 0.095523	 0.770300	-0.595839	-1.777429	 0.879937
-2.732242	-1.032806	-0.023697	 0.427419	-0.498340	 0.617008	 0.493627	-0.131731	 1.009900	-0.570018	-1.770319	 0.876417
-2.721313	-1.027919	-0.026649	 0.427426	-0.498363	 0.614542	 0.496545	-0.245358	 1.127202	-0.556019	-1.763238	 0.872911
-2.710428	-1.023430	-0.028126	 0.427429	-0.498374	 0.612084	 0.498004	-0.302171	 1.183363	-0.547936	-1.756185	 0.869420
-2.699586	-1.019147	-0.028864	-0.072569	 0.001620	 0.109636	 0.498733	 0.169422	 1.208965	-0.542814	-1.749160	 0.865942
-2.688787	-1.014976	-0.029233	-0.321423	 0.250614	-0.141588	 0.499098	 0.403937	 1.219297	-0.539178	-1.742163	 0.862478
-2.678032	-1.010869	-0.029417	 0.055291	 0.375111	 0.232801	 0.499281	 0.019917	 1.222003	-0.536289	-1.735195	 0.859028
-2.667320	-1.006802	-0.029510	 0.243648	 0.437359	 0.418780	 0.499372	-0.172093	 1.220907	-0.533778	-1.728254	 0.855592
-2.656651	-1.002763	-0.029556	 0.337826	 0.468484	 0.510560	 0.499417	-0.268098	 1.217919	-0.531460	-1.721341	 0.852170
-2.646024	-0.998746	-0.029579	 0.384915	 0.484046	 0.555246	-0.000560	 0.183900	 1.213996	-0.529242	-1.714456	 0.848761
-2.635440	-0.994748	-0.029590	 0.408460	 0.491827	 0.576389	-0.249547	 0.408627	 1.209614	-0.527079	-1.707598	 0.845366
-2.624898	-0.990767	 0.470404	 0.420232	 0.495717	 0.585765	 0.125959	 0.019724	 1.205012	-0.524948	-1.700767	 0.841985
-2.614399	-0.986804	 0.718460	 0.426118	 0.497663	 0.589263	 0.312709	-0.174728	 1.200311	-0.522837	-1.693964	 0.838617
-2.603941	-0.982856	 0.340555	 0.429061	-0.001365	 0.589827	 0.406084	 0.228046	 1.195569	-0.520740	-1.687188	 0.835262
-2.593526	-0.978924	 0.151603	 0.430533	-0.249878	 0.588927	 0.452772	 0.428172	 1.190816	-0.518654	-1.680440	 0.831921
-2.583151	-0.975009	 0.057127	 0.431269	-0.374134	 0.587302	 0.476115	 0.526978	 1.186068	-0.516578	-1.673718	 0.828594
-2.572819	-0.971109	 0.009888	 0.431636	-0.436262	 0.585318	 0.487787	 0.575129	 1.181331	-0.514511	-1.667023	 0.825279
-2.562528	-0.967224	-0.013731	 0.431820	-0.467326	 0.583159	 0.493623	 0.597959	 1.176609	-0.512453	-1.660355	 0.821978
-2.552277	-0.963355	 0.474460	 0.431912	 0.017142	 0.080918	-0.003459	 0.608132	 1.171905	-0.510403	-1.653714	 0.818690
-2.542068	-0.959502	 0.716630	 0.431958	 0.258372	-0.170203	-0.250999	 0.611982	 1.167218	-0.508361	-1.647099	 0.815415
-2.531900	-0.955664	 0.335797	 0.431981	 0.378988	 0.204237	 0.125231	 0.612675	 1.162549	-0.506327	-1.640510	 0.812154
-2.521772	-0.951841	 0.145381	 0.431993	 0.439295	 0.390299	 0.312343	 0.611795	 1.157899	-0.504302	-1.633948	 0.808905
-2.511685	-1.448034	 0.050173	 0.431999	 0.469449	-0.017822	 0.405900	 0.610133	 1.153268	-0.502285	-1.627412	 0.805669
-2.501639	-1.692242	 0.002569	 0.432001	 0.484526	-0.221883	 0.452678	 0.608085	 1.148655	-0.500276	-1.620903	 0.802447
-2.491632	-1.310473	 0.478767	 0.432003	-0.007935	 0.176086	 0.476067	 0.605849	 1.144060	-0.499271	-1.614419	 0.799237
-2.481666	-1.117731	 0.714956	 0.432004	-0.253165	 0.373923	 0.487761	 0.603524	 1.139484	-0.498769	-1.607962	 0.796040
-2.471739	-1.019510	 0.831148	 0.432004	-0.375780	 0.471698	 0.493608	 0.601159	 1.134926	-0.498518	-1.601530	 0.792856
-2.461852	-0.968557	 0.387349	 0.432004	-0.437088	 0.519446	 0.496532	 0.598779	 1.130387	 0.001608	-1.595124	 0.789684
-2.452004	-0.941245	 0.165450	 0.432004	-0.467742	 0.542186	 0.497994	 0.596396	 1.125865	 0.250667	-1.588743	 0.786526
-2.442196	-0.925761	 0.054500	 0.432004	-0.483068	 0.052426	-0.001275	 0.594016	 1.121362	-0.124803	-1.582388	 0.783380
-2.432428	-0.916199	-0.000974	 0.432004	-0.490732	-0.192454	-0.249909	 0.591643	 1.116876	-0.311538	-1.576059	 0.780246
-2.422698	-0.909604	-0.028712	 0.432004	 0.005436	-0.314894	 0.125774	 0.589278	 1.112409	-0.404905	-1.569754	 0.777125
-2.413007	-0.904501	-0.042581	 0.432004	 0.252517	-0.376114	 0.312613	 0.586922	 1.107959	-0.451589	-1.563475	 0.774017
-2.403355	-0.900151	-0.049515	 0.432004	 0.376058	 0.093276	 0.406033	 0.584575	 1.103527	-0.974931	-1.557221	 0.770921
-2.393742	-0.896184	-0.052982	 0.432004	 0.437828	 0.326846	 0.452742	 0.582237	 1.099113	-1.233605	-1.550992	 0.767837
-2.384167	-0.892416	-0.054716	 0.432004	 0.468713	 0.442510	 0.476097	 0.579908	 1.094717	-1.359958	-1.544789	 0.764766
-2.374630	-0.888755	-0.055582	 0.432004	 0.484156	 0.499226	 0.487774	 0.577588	 1.090338	-0.920161	-1.538609	 0.761706
-2.365132	-0.885154	-0.056016	 0.432004	 0.491877	 0.526472	 0.493613	 0.575278	 1.085976	-0.700263	-1.532455	 0.758660
-2.355671	-0.881591	-0.056233	 0.432004	 0.495738	 0.538987	 0.496533	 0.572977	 1.081632	-0.590314	-1.526325	 0.755625
-2.346248	-0.878053	-0.056341	 0.432004	 0.497668	 0.544142	 0.497992	 0.570685	 1.077306	-0.535340	-1.520220	 0.752602
-2.336863	-1.374535	-0.056395	-0.067996	 0.498633	 0.545621	 0.498722	 0.568402	 1.072997	-0.507852	-1.514139	 0.749592
-2.327516	-1.619034	-0.056422	-0.316860	 0.499116	 0.545266	 0.499087	 0.566128	 1.068705	-0.494109	-1.508082	 0.746594
-2.318206	-1.237556	-0.056436	 0.059840	 0.499357	 0.543999	 0.499269	 0.563864	 1.064430	 0.012763	-1.502050	 0.743607
-2.308933	-1.045105	-0.056442	 0.248189	 0.499478	 0.542280	 0.499361	 0.561608	 1.060172	 0.265160	-1.496042	 0.740633
-2.299697	-0.947175	-0.056446	 0.342364	 0.499538	 0.540339	 0.499406	 0.559362	 1.055931	 0.390323	-1.490058	 0.737670
-2.290499	-1.396511	-0.056448	 0.389452	-0.000432	 0.538292	 0.499429	 0.557125	 1.051708	 0.451874	-1.484097	 0.734720
-2.281337	-1.617487	-0.056448	 0.412995	-0.249416	 0.536196	 0.499441	 0.554896	 1.047501	 0.481622	-1.478161	 0.731781
-2.272211	-1.224298	 0.443551	 0.424767	 0.126092	 0.534080	 0.499446	 0.052677	 1.043311	 0.495474	-1.472248	 0.728854
-2.263122	-1.026042	 0.691664	 0.430653	 0.312843	 0.531958	 0.499449	-0.198433	 1.039138	 0.501381	-1.466359	 0.725938
-2.254070	-0.925258	 0.313841	 0.433596	 0.406218	 0.529837	-0.000550	 0.176012	 1.034981	 0.003320	-1.460494	 0.723035
-2.245054	-0.873217	 0.124929	 0.435068	 0.452906	 0.527721	-0.249548	 0.362133	 1.030841	-0.245711	-1.454652	 0.720142
-2.236073	-0.845554	 0.530473	 0.435803	 0.476250	 0.525612	 0.125953	 0.454098	 1.026718	 0.129774	-1.448833	 0.717262
-2.227129	-0.830087	 0.731373	 0.436171	 0.487922	 0.523510	 0.312701	 0.498988	 1.022611	 0.316506	-1.443038	 0.714393
-2.218221	-0.820724	 0.329959	-0.063645	-0.006242	 0.521417	 0.406075	 0.520345	 0.518520	-0.091135	-1.437266	 0.711535
-2.209348	-0.814420	 0.129252	-0.312426	-0.252324	 0.519331	 0.452761	 0.529940	 0.266475	-0.294955	-1.431517	 0.708689
-2.200510	-0.809652	 0.028898	-0.435694	-0.375364	 0.517254	 0.476105	 0.533659	 0.140453	-0.396865	-1.425791	 0.705854
-2.191708	-0.805658	-0.021279	 0.003790	-0.436885	 0.515185	 0.487777	 0.534443	 0.577441	-0.447820	-1.420088	 0.703031
-2.182941	-0.802057	-0.046367	 0.223532	-0.467645	 0.513125	 0.493612	 0.533765	 0.793907	-0.473298	-1.414407	 0.700219
-2.174210	-0.798660	-0.058912	 0.333403	 0.016975	 0.511072	 0.496530	 0.532360	 0.900119	-0.486037	-1.408750	 0.697418
-2.165513	-0.795371	-0.065184	 0.388338	 0.258282	 0.509028	 0.497989	 0.530595	 0.951212	-0.492406	-1.403115	 0.694628
-2.156851	-0.792143	 0.431680	 0.415806	 0.378935	 0.506992	 0.498719	 0.528655	 0.974754	-0.495591	-1.397502	 0.691850
-2.148223	-0.788951	 0.678255	 0.429540	 0.439262	 0.504964	 0.499084	 0.526632	 0.984529	-0.497183	-1.391912	 0.689082
-2.139630	-1.285783	 0.299693	 0.436407	 0.469425	 0.002944	 0.499266	 0.524571	 0.987427	-0.497979	-1.386345	 0.686326
-2.131072	-1.530634	 0.110412	 0.439840	 0.484507	-0.248066	 0.499357	 0.522496	 0.986896	-0.498377	-1.380799	 0.683581
-2.122548	-1.649508	 0.015771	 0.441557	 0.492048	-0.373571	 0.499403	 0.520417	 0.984658	-0.498576	-1.375276	 0.680846
-2.114057	-1.205409	-0.031549	 0.442415	 0.495818	 0.063676	 0.499425	 0.518341	 0.981574	 0.001324	-1.369775	 0.678123
-2.105601	-0.981837	-0.055209	 0.442845	 0.497704	 0.281298	 0.499437	 0.516271	 0.978075	 0.250272	-1.364296	 0.675410
-2.097179	-0.868534	 0.432961	 0.443059	 0.498646	-0.109891	 0.499443	 0.514207	 0.974376	 0.374746	-1.358839	 0.672709
-2.088790	-0.810372	 0.675204	 0.443166	 0.499117	-0.304483	 0.499445	 0.512151	 0.970585	 0.436983	-1.353403	 0.670018
-2.080435	-0.779787	 0.294490	 0.443220	 0.499353	 0.098221	 0.499447	 0.010103	 0.966756	 0.468101	-1.347990	 0.667338
-2.072113	-0.762996	 0.104133	 0.443247	 0.499471	 0.298571	 0.499448	-0.240922	 0.962916	 0.483661	-1.342598	 0.664669
-2.063825	-0.753108	 0.008955	 0.443260	 0.499530	 0.398746	 0.499448	 0.133566	 0.959078	-0.008560	-1.337227	 0.662010
-2.055569	-0.746677	-0.038634	 0.443267	 0.499559	 0.448833	 0.499448	 0.319794	 0.955248	-0.253668	-1.331878	 0.659362
-2.047347	-0.741982	-0.062429	 0.443270	 0.499574	 0.473877	 0.499448	 0.411896	 0.951430	-0.376223	-1.326551	 0.656724
-2.039158	-0.738159	-0.074326	 0.443272	 0.499581	 0.486399	 0.999448	 0.456939	 0.947626	 0.062500	-1.321245	 0.654098
-2.031001	-0.734779	-0.080275	 0.443273	 0.499585	 0.492660	 1.246449	 0.478457	 0.943837	 0.280859	-1.315960	 0.651481
-2.022877	-0.731626	 0.416751	 0.443273	 0.499587	 0.495790	 0.866963	 0.489215	 0.940062	-0.109961	-1.310696	 0.648875
-2.014786	-0.728593	 0.663436	 0.443273	 0.499588	 0.497356	 0.677220	 0.494595	 0.936302	-0.304370	-1.305453	 0.646280
-2.006726	-0.725625	 0.284958	 0.443274	 0.499588	 0.498138	 0.582348	 0.497284	 0.932557	-0.401574	-1.300231	 0.643695
-1.998700	-0.722696	 0.095720	 0.443274	 0.499588	 0.498530	 0.534912	 0.498629	 0.928826	-0.450177	-1.295030	 0.641120
-1.990705	-0.719792	 0.501100	 0.443274	 0.499589	-0.001275	 0.511195	 0.499302	 0.425111	 0.025522	-1.289850	 0.638555
-1.982742	-0.716906	 0.701978	 0.443274	 0.499589	-0.250175	 0.499336	 0.499638	 0.173253	 0.262369	-1.284691	 0.636001
-1.974811	-0.714035	 0.800611	 0.443274	 0.499589	-0.374625	 0.493406	 0.499806	 0.047325	 0.380793	-1.279552	 0.633457
-1.966912	-0.711177	 0.348129	 0.443274	 0.499589	-0.436850	 0.490441	 0.499890	-0.015640	 0.440005	-1.274434	 0.630923
-1.959044	-0.708332	 0.121888	 0.443274	 0.499589	-0.467962	 0.488959	 0.499932	-0.047122	 0.469610	-1.269336	 0.628400
-1.951208	-0.705498	 0.508767	 0.443274	 0.499589	 0.016481	 0.488218	 0.499953	 0.437137	-0.015587	-1.264259	 0.625886
-1.943403	-0.702676	 0.700416	 0.443274	 0.499589	 0.257701	 0.487847	 0.499964	 0.677424	-0.257184	-1.259202	 0.623382
-1.935629	-0.699865	 0.294456	 0.443274	 0.499589	 0.378312	 0.487662	 0.499969	 0.795731	 0.122018	-1.254165	 0.620889
-1.927887	-0.697066	 0.091476	 0.443274	 0.499589	 0.438617	 0.487569	 0.499971	 0.853057	 0.310616	-1.249148	 0.618405
-1.920175	-0.694277	 0.489986	 0.443274	-0.000411	 0.468769	 0.487523	 0.499973	-0.120100	 0.404915	-1.244152	 0.615932
-1.912495	-0.691500	 0.687464	 0.443274	-0.249410	 0.483845	 0.487500	 0.499973	-0.604493	 0.452065	-1.239175	 0.613468
-1.904845	-0.688734	 0.784433	 0.443274	-0.373910	 0.491383	 0.487488	 0.499974	-0.844511	 0.475640	-1.234218	 0.611014
-1.897225	-0.685979	 0.331155	 0.443274	 0.063840	 0.495152	 0.487482	 0.499974	 0.037649	-0.012573	-1.229281	 0.608570
-1.889636	-0.683235	 0.104515	 0.443274	 0.281712	 0.497037	 0.487480	 0.499974	 0.476889	-0.255678	-1.224364	 0.606136
-1.882078	-0.680502	-0.008804	 0.443274	 0.390648	-0.002021	 0.487478	 0.499974	 0.694677	 0.122770	-1.219467	 0.603711
-1.874550	-0.677780	-0.065464	 0.443274	 0.445116	-0.250547	 0.487477	 0.499974	 0.801746	 0.310991	-1.214589	 0.601296
-1.867051	-0.675069	 0.406206	 0.443274	 0.472350	-0.374811	 0.487477	 0.499974	 0.853463	-0.094898	-1.209731	 0.598891
-1.859583	-0.672369	 0.640286	 0.443274	 0.485967	-0.436942	 0.487477	 0.499974	 0.877511	-0.296841	-1.204892	 0.596496
-1.852145	-0.669680	 0.255576	 0.443274	-0.007225	 0.031992	 0.487477	 0.499974	 0.887732	 0.102187	-1.200072	 0.594110
-1.844736	-0.667001	 0.063222	 0.443274	-0.252819	 0.265457	 0.487477	 0.499974	 0.891046	 0.300699	-1.195272	 0.591733
-1.837357	-0.664333	-0.032955	 0.443274	-0.375617	 0.382190	 0.487477	 0.499974	 0.890915	 0.399955	-1.190491	 0.589366
-1.830008	-0.661675	-0.081044	 0.443274	 0.062984	 0.440556	 0.487477	 0.499974	 0.889067	 0.449583	-1.185729	 0.587009
-1.822688	-0.659029	-0.105088	 0.443274	 0.281282	 0.469739	 0.487477	 0.499974	 0.886369	 0.474397	-1.180986	 0.584661
-1.815397	-0.656393	-0.117110	 0.443274	 0.390431	 0.484331	 0.487477	 0.499974	 0.883253	 0.486804	-1.176262	 0.582322
-1.808136	-0.653767	-0.123122	 0.443274	 0.445005	 0.491626	 0.487477	 0.499974	 0.879935	 0.493008	-1.171557	 0.579993
-1.800903	-0.651152	-0.126127	 0.443274	 0.472292	 0.495274	 0.487477	-0.000026	 0.376522	-0.003891	-1.166871	 0.577673
-1.793699	-0.648547	-0.127630	 0.443274	 0.485936	 0.497098	 0.487477	-0.249026	 0.124816	-0.251338	-1.162203	 0.575362
-1.786525	-0.645953	 0.371619	 0.443274	 0.492758	 0.498010	 0.487477	 0.126474	 0.498963	 0.124938	-1.157554	 0.573061
-1.779378	-0.643369	 0.619501	 0.443274	 0.496168	 0.498466	 0.487477	 0.313220	 0.684290	 0.312074	-1.152924	 0.570768
-1.772261	-0.640796	 0.241708	 0.443274	 0.497874	 0.498694	 0.487477	 0.406593	 0.775214	-0.094358	-1.148312	 0.568485
-1.765172	-0.638233	 0.052811	 0.443274	 0.498727	 0.498808	 0.487477	 0.453280	 0.818944	-0.296573	-1.143719	 0.566211
-1.758111	-0.635680	-0.041637	 0.443274	 0.499153	 0.498865	 0.487477	 0.476623	 0.839084	-0.397680	-1.139144	 0.563947
-1.751079	-0.633137	 0.411139	 0.443274	 0.499366	 0.498894	 0.487477	 0.488295	 0.847435	 0.051766	-1.134588	 0.561691
-1.744074	-0.630605	 0.635799	 0.443274	 0.499473	 0.498908	 0.487477	 0.494130	 0.849899	 0.275487	-1.130049	 0.559444
-1.737098	-0.628082	 0.746408	 0.443274	 0.499526	 0.498915	 0.487477	 0.497048	 0.349427	 0.387347	-1.125529	 0.557206
-1.730150	-0.625570	 0.799998	 0.443274	 0.499553	 0.498919	 0.487477	 0.498507	 0.099190	 0.443278	-1.121027	 0.554977
-1.723229	-0.623068	 0.325086	 0.443274	 0.499566	 0.498920	 0.487477	 0.499237	-0.025928	 0.471243	-1.116543	 0.552758
-1.716336	-0.620575	 0.087630	 0.443274	 0.499573	 0.498921	 0.487477	 0.499602	-0.088487	 0.485225	-1.112077	 0.550547
-1.709471	-0.618093	-0.031098	 0.443274	 0.499576	 0.498922	 0.487477	 0.499784	 0.380233	-0.007784	-1.107628	 0.548344
-1.702633	-0.615621	-0.090462	 0.443274	 0.499578	 0.498922	 0.487477	 0.499875	 0.612896	-0.253286	-1.103198	 0.546151
-1.695823	-0.613158	-0.120144	 0.443274	 0.499578	 0.498922	 0.487477	 0.499921	 0.727536	-0.376038	-1.098785	 0.543966
-1.689039	-0.610705	 0.365015	 0.443274	 0.499579	 0.498922	 0.487477	-0.000057	 0.283172	 0.062587	-1.094390	 0.541791
-1.682283	-0.608263	 0.605895	 0.443274	 0.499579	 0.498922	 0.487477	-0.249045	 0.060989	 0.280896	-1.090012	 0.539623
-1.675554	-0.605830	 0.224641	 0.443274	 0.499579	 0.498922	 0.487477	 0.126461	 0.449898	 0.390051	-1.085652	 0.537465
-1.668852	-0.603406	 0.034014	 0.443274	 0.499579	 0.498922	 0.487477	 0.313210	 0.642675	 0.444629	-1.081310	 0.535315
-1.662176	-0.600993	-0.061300	 0.443274	 0.499579	 0.498922	 0.487477	 0.406584	 0.737393	 0.471917	-1.076985	 0.533174
-1.655528	-0.598589	-0.108957	 0.443274	 0.499579	 0.498922	 0.487477	 0.453271	 0.783087	 0.485562	-1.072677	 0.531041
-1.648905	-0.596194	-0.132785	 0.443274	 0.499579	 0.498922	 0.487477	 0.476615	 0.804277	 0.492384	-1.068386	 0.528917
-1.642310	-0.593810	-0.144699	 0.443274	 0.499579	 0.498922	 0.487477	 0.488287	 0.813221	 0.495795	-1.064112	 0.526801
-1.635741	-0.591434	-0.150656	 0.443274	 0.499579	 0.498922	 0.487477	 0.494123	 0.816048	 0.497500	-1.059856	 0.524694
-1.629198	-1.089069	-0.153635	 0.443274	 0.499579	 0.498922	 0.487477	 0.497041	 0.815824	 0.498353	-1.055617	 0.522595
-1.622681	-1.334712	-0.155124	 0.443274	 0.499579	 0.498922	 0.487477	 0.498500	 0.814081	 0.498780	-1.051394	 0.520505
-1.616190	-0.954373	-0.155869	 0.443274	 0.499579	 0.498922	 0.487477	 0.499229	 0.811585	-0.001007	-1.047188	 0.518423
-1.609725	-0.763056	-0.156241	 0.443274	 0.499579	 0.498922	 0.487477	 0.499594	 0.808719	-0.249899	-1.043000	 0.516349
-1.603286	-0.666254	-0.156427	 0.443274	 0.499579	 0.498922	 0.487477	 0.499776	 0.805674	 0.125655	-1.038828	 0.514284
-1.596873	-0.616714	-0.156520	 0.443274	 0.499579	 0.498922	 0.487477	 0.499867	 0.802546	 0.312430	-1.034672	 0.512227
-1.590486	-0.590809	-0.156567	 0.443274	 0.499579	 0.498922	 0.487477	 0.499913	 0.799384	-0.094183	-1.030534	 0.510178
-1.584124	-0.576727	-0.156590	 0.443274	 0.499579	 0.498922	 0.487477	 0.499936	 0.796210	-0.296488	-1.026412	 0.508137
-1.577787	-0.568561	-0.156602	 0.443274	 0.499579	 0.498922	 0.487477	 0.499947	 0.793037	-0.397640	-1.022306	 0.506104
-1.571476	-0.563357	-0.156608	-0.056726	 0.499579	 0.498922	 0.487477	 0.499953	 0.789871	 0.051784	-1.018217	 0.504080
-1.565190	-0.559639	-0.156610	-0.305613	 0.499579	 0.498922	 0.487477	 0.499956	 0.786714	 0.275493	-1.014144	 0.502064
-1.558930	-0.556668	-0.156612	-0.428947	 0.499579	 0.498922	 0.487477	 0.499957	 0.783569	-0.112652	-1.010087	 0.500055
-1.552694	-0.554075	-0.156613	-0.489510	 0.499579	 0.498922	 0.487477	 0.499958	 0.780435	-0.305723	-1.006047	 0.499051
-1.546483	-0.551676	-0.156613	-0.018691	-0.000421	-0.001078	 0.987477	 0.499958	 0.277314	 0.097741	-1.002023	 0.498549
-1.540297	-0.549377	-0.156613	 0.216719	-0.249420	-0.250076	 1.234502	 0.499958	 0.025753	 0.298471	-0.998015	 0.498298
-1.534136	-0.547134	-0.156613	 0.334423	 0.126081	 0.125425	 0.855051	-0.000042	 0.399973	 0.398836	-0.994023	 0.498173
-1.527999	-0.544923	-0.156613	 0.393276	 0.312828	 0.312174	 0.665326	-0.249041	 0.585534	 0.449019	-0.990047	 0.498110
-1.521887	-0.542732	-0.156613	 0.422702	 0.406201	 0.405548	 0.570463	-0.373541	 0.676773	 0.474110	-0.986086	 0.498079
-1.515800	-0.540555	 0.343387	 0.437415	 0.452888	 0.452236	 0.523032	-0.435791	 0.720856	 0.486655	-0.982142	 0.498063
-1.509737	-0.538390	 0.591700	 0.444771	 0.476231	 0.475579	 0.499316	-0.466916	 0.741368	 0.492928	-0.978213	 0.498055
-1.503698	-0.536235	 0.714176	 0.448450	 0.487903	 0.487251	 0.487459	 0.017521	 0.250100	 0.496065	-0.974301	 0.498051
-1.497683	-0.534089	 0.773741	 0.450289	 0.493739	 0.493087	 0.481530	 0.258736	 0.004466	 0.497633	-0.970403	 0.498049
-1.491692	-0.531952	 0.801857	 0.451208	 0.496657	 0.496005	 0.478565	 0.379343	 0.381649	 0.498417	-0.966522	 0.498048
-1.485725	-0.529824	 0.814255	 0.451668	 0.498116	 0.497464	 0.477083	 0.439647	 0.568723	 0.498809	-0.962656	 0.498048
-1.479783	-0.527705	 0.818801	 0.451898	 0.498845	 0.498193	 0.476342	 0.469799	 0.660748	 0.499005	-0.958805	 0.498047
-1.473863	-0.525594	 0.819427	 0.452013	 0.499210	 0.498558	 0.475971	 0.484875	 0.705255	 0.499103	-0.954970	 0.498047
-1.467968	-0.523492	 0.818100	 0.452071	 0.499392	 0.498740	 0.475786	 0.492413	 0.726009	 0.499152	-0.951150	 0.498047
-1.462096	-0.521398	 0.315803	 0.952099	-0.000517	 0.498832	 0.475693	 0.496182	 0.734893	 0.499177	-0.947345	 0.498047
-1.456248	-0.519312	 0.064655	 1.199209	-0.249470	 0.498877	 0.475647	 0.498066	 0.737847	 0.499189	-0.943556	 0.498047
-1.450423	-0.517235	-0.060920	 0.819872	 0.126053	 0.498900	 0.475624	 0.499009	 0.737842	 0.499195	-0.939782	 0.498047
-1.444621	-0.515166	-0.123707	 0.630203	 0.312812	 0.498911	 0.475612	 0.499480	 0.736365	 0.499198	-0.936023	 0.498047
-1.438843	-0.513105	-0.155100	 0.535369	 0.406191	 0.498917	 0.475606	 0.499715	 0.734156	-0.000800	-0.932279	 0.498047
-1.433087	-0.511053	-0.170797	 0.487951	 0.452880	 0.498920	 0.475604	 0.499833	 0.731588	-0.249798	-0.928549	 0.498047
-1.427355	-0.509009	-0.178646	 0.464243	-0.023775	-0.001079	 0.475602	 0.499892	 0.728845	-0.374297	-0.924835	 0.498047
-1.421645	-0.506973	-0.182570	 0.452389	-0.261101	-0.250076	 0.475601	 0.499921	 0.726022	-0.436546	-0.921136	 0.498047
-1.415959	-0.504945	-0.184532	 0.446461	-0.379765	-0.374574	 0.475601	 0.499936	 0.723164	-0.467671	-0.917451	 0.498047
-1.410295	-0.502925	-0.185513	 0.443498	-0.439097	 0.063176	 0.475601	 0.499944	 0.720294	-0.483233	-0.913782	 0.498047
-1.404654	-0.500913	-0.186003	 0.442016	-0.468762	 0.281050	 0.475601	 0.499947	 0.717425	-0.491015	-0.910126	 0.498047
-1.399035	-0.499907	 0.313751	 0.441275	 0.016405	 0.389987	 0.475601	 0.499949	 0.714561	 0.005095	-0.906486	 0.498047
-1.393439	-0.499405	 0.562002	 0.440905	 0.257985	 0.444455	 0.475601	 0.499950	 0.711705	 0.252147	-0.902860	 0.498047
-1.387865	-0.499153	 0.184506	 0.440719	 0.378775	 0.471689	 0.475601	 0.499950	 0.708860	 0.375673	-0.899248	 0.498047
-1.382314	-0.499027	-0.004241	 0.440627	 0.439170	 0.485306	 0.475601	 0.499951	 0.706025	 0.437436	-0.895651	 0.498047
-1.376785	-0.498964	-0.098615	 0.440581	 0.469368	 0.492115	 0.475601	 0.499951	 0.703202	-0.031682	-0.892069	 0.498047
-1.371277	-0.498933	-0.145802	 0.440557	 0.484467	 0.495519	 0.475601	 0.499951	 0.700389	-0.265240	-0.888501	 0.498047
-1.365792	-0.498917	-0.169396	 0.440546	 0.492016	 0.497221	 0.475601	 0.499951	 0.697587	-0.382019	-0.884947	 0.498047
-1.360329	-0.498909	-0.181192	 0.440540	-0.004209	 0.498072	 0.475601	 0.499951	 0.694797	 0.059592	-0.881407	 0.498047
-1.354888	-0.498906	-0.187091	 0.440537	-0.251321	 0.498498	 0.475601	 0.499951	 0.692018	 0.279395	-0.877881	 0.498047
-1.349468	-0.498904	 0.309960	 0.440536	 0.125123	 0.498711	 0.475601	 0.499951	 0.689250	 0.389296	-0.874370	 0.498047
-1.344070	-0.498903	 0.556872	 0.440535	 0.312342	 0.498817	 0.475601	 0.499951	 0.686493	 0.444247	-0.870872	 0.498047
-1.338694	-0.498902	 0.178720	 0.440535	 0.405952	 0.498870	 0.475601	 0.499951	 0.683747	 0.471722	-0.867389	 0.498047
-1.333339	-0.498902	-0.010356	 0.440534	 0.452756	 0.498897	 0.475601	 0.499951	 0.681012	 0.485460	-0.863919	 0.498047
-1.328006	-0.498902	-0.104894	 0.440534	 0.476159	 0.498910	 0.475601	 0.499951	 0.678288	 0.492329	-0.860463	 0.498047
-1.322694	-0.498902	-0.152163	 0.440534	 0.487860	 0.498917	 0.475601	 0.499951	 0.675575	 0.495763	-0.857022	 0.498047
-1.317403	-0.498902	-0.175798	 0.440534	 0.493710	 0.498920	 0.475601	 0.499951	 0.672872	 0.497481	-0.853594	 0.498047
-1.312134	-0.498902	-0.187615	 0.440534	 0.496636	 0.498922	 0.475601	 0.499951	 0.670181	-0.001661	-0.850179	 0.498047
-1.306885	-0.498902	-0.193524	 0.440534	 0.498098	 0.498922	 0.475601	 0.499951	 0.667500	-0.250230	-0.846778	 0.498047
-1.301658	-0.498902	-0.196478	 0.440534	 0.498830	 0.498923	 0.475601	 0.499951	 0.664830	 0.125486	-0.843391	 0.498047
-1.296451	-0.498902	-0.197955	 0.440534	 0.499195	 0.498923	 0.475601	 0.499951	 0.662171	 0.312341	-0.840018	 0.498047
-1.291265	-0.498902	-0.198694	 0.440534	 0.499378	-0.001077	 0.475601	 0.499951	 0.659522	 0.405769	-0.836658	 0.498047
-1.286100	-0.498902	-0.199063	 0.440534	 0.499470	-0.250075	 0.475601	 0.499951	 0.656884	 0.452482	-0.833311	 0.498047
-1.280956	-0.498902	 0.300752	 0.440534	 0.499515	 0.125427	 0.475601	 0.499951	 0.654257	 0.475839	-0.829978	 0.498047
