-0.650886	-0.958571	 1.141044	 0.499290	 0.258029	 0.469192	-0.239549	 0.402670	 0.703000	-0.702615	 0.468613	 0.499064
-0.649232	-0.966455	 0.761868	 0.499290	 0.378637	 0.469192	-0.239549	 0.401929	 0.700188	-0.699805	 0.483444	 0.499070
-0.647110	-0.968448	 0.572279	 0.499290	 0.438941	 0.469192	-0.239549	 0.401559	 0.697387	-0.697006	 0.490860	 0.499073
-0.644759	-0.967504	 0.477485	 0.499290	-0.030907	 0.469192	-0.239549	 0.901373	 0.694598	-0.694218	-0.005432	 0.499074
-0.642299	-0.965098	 0.430088	 0.499290	-0.264829	 0.469192	-0.239549	 1.148478	 0.691819	-0.691441	-0.252574	 0.499075
-0.639789	-0.961970	 0.906390	 0.499290	 0.118210	 0.469192	-0.239549	 0.769240	 0.689052	-0.688675	 0.123854	 0.499075
-0.637259	-0.958489	 1.141775	 0.499290	 0.308726	 0.469192	-0.239549	 0.579620	 0.686296	-0.685920	 0.311068	 0.499075
-0.634725	-0.954838	 1.256713	 0.499290	 0.403985	 0.469192	-0.239549	 0.484811	 0.683551	-0.683177	 0.404675	 0.499075
-0.632194	-0.951110	 0.811439	 0.499290	 0.451614	 0.469192	-0.239549	 0.437406	 0.680816	-0.680444	-0.048522	 0.499075
-0.629669	-0.947351	 0.588802	 0.499290	 0.475429	 0.469192	-0.239549	 0.413703	 0.678093	-0.677722	-0.274117	 0.499075
-0.627152	-0.943585	 0.477484	 0.499290	 0.487336	 0.469192	-0.239549	 0.901852	 0.175381	-0.675011	 0.113086	 0.499075
-0.624644	-0.939822	 0.421824	 0.499290	 0.493290	 0.469192	-0.239549	 1.143147	-0.075975	-0.672311	 0.305687	 0.499075
-0.122146	-0.936068	 0.393995	 0.499290	 0.496266	 0.469192	-0.239549	 0.761025	 0.298346	-0.669622	-0.098013	 0.499075
 0.129103	-0.932327	 0.380080	 0.499290	 0.497755	 0.469192	-0.239549	 0.569964	 0.484162	-0.666944	-0.298859	 0.499075
 0.254728	-0.928599	 0.373122	 0.499290	 0.498499	 0.469192	-0.239549	 0.474434	 0.575730	-0.664276	-0.399282	 0.499075
 0.317540	-0.924885	 0.369644	 0.499290	 0.498871	 0.469192	-0.239549	 0.426668	 0.620179	-0.661619	-0.449494	 0.499075
 0.348946	-0.921186	 0.367904	 0.499290	 0.499057	 0.469192	-0.239549	 0.402786	 0.641075	-0.658972	-0.474600	 0.499075
 0.364649	-0.917502	 0.367035	 0.499290	 0.499150	 0.469192	-0.239549	 0.390844	 0.650198	-0.656336	-0.487153	 0.499075
 0.372501	-0.913832	 0.366600	 0.499290	 0.499197	 0.469192	-0.239549	 0.384874	 0.653442	-0.653711	-0.493429	 0.499075
-0.123574	-0.910177	 0.366382	 0.499290	 0.499220	 0.469192	-0.239549	 0.881888	 0.653750	-0.651096	 0.003433	 0.499075
-0.370371	-0.906536	 0.366274	 0.499290	 0.499232	 0.469192	-0.239549	 1.127638	 0.652596	-0.648492	 0.250863	 0.499075
-0.492536	-0.402910	 0.866219	 0.499290	 0.499237	 0.469192	-0.239549	 0.747766	 0.650716	-0.645898	-0.125422	-0.000925
-0.552389	-0.151097	 1.113460	 0.499290	 0.499240	 0.469192	-0.239549	 0.557830	 0.648478	-0.643314	-0.312561	-0.249923
-0.581091	-0.025190	 1.234359	 0.999290	 0.499242	 0.969192	 0.260451	 0.962862	 0.146067	-0.640741	 0.093869	 0.125578
-0.594222	 0.037763	 1.292098	 1.246291	 0.499243	 1.216253	 0.508930	 1.162642	-0.105138	-0.638178	 0.296084	 0.312327
-0.599573	 0.069240	 1.318267	 1.366806	 0.499243	 1.336857	 0.631655	 1.259807	-0.230741	-0.635625	 0.397191	 0.405701
-0.601039	 0.084978	 1.328663	 0.924088	 0.499243	 0.894245	 0.691509	 1.305676	 0.206457	-0.633083	 0.447745	 0.452388
-0.600567	 0.092847	 1.331183	 0.702729	 0.499243	 0.672938	 0.719933	 1.325907	 0.423769	-0.630550	 0.473022	 0.475731
-0.599130	-0.403218	 1.329776	 0.592050	 0.499243	 0.562285	 0.732648	 1.333331	 0.531143	-0.628028	 0.485660	 0.487403
-0.597217	-0.649452	 1.326415	 0.536710	 0.499243	 0.506958	 0.737515	 1.334361	 0.583553	-0.625516	 0.491980	 0.493239
-0.595069	-0.770778	 0.822089	 0.509040	 0.499243	 0.479295	 0.238464	 0.832205	 0.608486	-0.623014	 0.495139	 0.496157
-0.592810	-0.829657	 0.569926	 0.495205	 0.499243	 0.465463	-0.011062	 0.581127	 0.619686	-0.620522	 0.496719	 0.497616
-0.590499	-0.857319	 0.443844	 0.488288	 0.499243	 0.458548	-0.135825	 0.455588	 0.624024	-0.118040	 0.497509	 0.498345
-0.588167	-0.869380	 0.380803	 0.484829	 0.499243	 0.455090	-0.198206	 0.392819	 0.624936	 0.133201	 0.497904	 0.498710
-0.585830	-0.873648	 0.349283	 0.483100	 0.499243	 0.453361	-0.229397	 0.361434	 0.624140	 0.258822	 0.498101	 0.498892
-0.583494	-0.874026	 0.833523	 0.482235	 0.499243	 0.452496	-0.244992	 0.845742	 0.622496	 0.321632	-0.001800	 0.498984
-0.581164	-0.872466	 1.073007	 0.481803	 0.499243	 0.452064	-0.252790	 1.085236	 0.620432	 0.353037	-0.250747	 0.499029
-0.078841	-0.869944	 0.690124	 0.481587	 0.499243	 0.451848	-0.256689	 1.202333	 0.118163	-0.131260	-0.375221	 0.499052
 0.172320	-0.866949	 0.498683	 0.481479	 0.499243	 0.451740	-0.258638	 1.258243	-0.132971	-0.372178	-0.437458	 0.499063
 0.297901	-0.863723	 0.402962	 0.481424	 0.499243	 0.451686	-0.259613	 1.283569	 0.241462	 0.008589	 0.031424	 0.499069
-0.139309	-0.860389	 0.355102	 0.481397	 0.499243	 0.451659	-0.260100	 0.793615	 0.427446	-0.301027	-0.235136	 0.499072
-0.356760	-0.857008	 0.331172	 0.481384	 0.499243	 0.451645	-0.260344	 0.548638	 0.519212	-0.454614	-0.367412	 0.499073
-0.464338	-0.853610	 0.319207	 0.481377	 0.499243	 0.451638	-0.260466	 0.426149	 0.563873	-0.530191	-0.433551	 0.499074
-0.516983	-0.850211	 0.313224	 0.481374	 0.499243	 0.451635	-0.260527	 0.364905	 0.584986	-0.566768	-0.466620	 0.499075
-0.542166	-0.846818	 0.310233	 0.481372	 0.499243	 0.451633	-0.260557	 0.334283	 0.594330	-0.583850	-0.483154	 0.499075
-0.553623	-0.843434	 0.808737	 0.481371	 0.499243	 0.451633	 0.239428	 0.318972	 0.597795	-0.591189	-0.491422	 0.499075
-0.558221	-0.840062	 1.055375	 0.481371	 0.499243	 0.451632	 0.487941	 0.311316	 0.598325	-0.593661	-0.495555	 0.499075
-0.559395	-0.836703	 1.176090	 0.481371	 0.999243	 0.951632	 0.610725	 0.307488	 0.097393	 0.406295	-0.497622	-0.000925
-0.558860	-0.833357	 1.233854	 0.481371	 1.246245	 1.198729	 0.670650	 0.305574	-0.153074	 0.903460	-0.498655	-0.249923
-0.057476	 0.669977	 0.760152	 0.481370	 1.366759	 0.819385	 0.699151	-0.195383	-0.778307	 1.649242	 0.000828	-0.374422
 0.193216	 1.417297	 0.523302	 0.481370	 1.424042	 0.629714	 0.711947	-0.444468	-1.088117	 2.017343	 0.249569	-0.436672
 0.318562	 1.786627	 0.404876	 0.481370	 1.449720	 0.534878	 0.716895	-0.567624	-1.240225	 2.196622	 0.373939	-0.467797
 0.381235	 1.966981	 0.345664	 0.481370	 1.459609	 0.487460	 0.717925	-0.627820	-1.313495	 2.281510	 0.436125	-0.483359
 1.412571	 4.052863	-0.183943	-0.018630	 1.961614	 0.463751	 1.217003	-1.656543	-2.347357	 4.319221	 0.967217	-1.491140
 2.423351	 7.083526	-0.447319	-0.767592	 2.707690	 0.451896	 1.463109	-2.665533	-3.357525	 6.325363	 1.229767	-1.990033
 2.921873	 8.578630	-0.577585	-1.139041	 3.073820	 0.445969	 1.582744	-3.162679	-3.853874	 7.311771	 1.358057	-2.234502
 3.164294	 9.306034	-0.641303	-1.321744	 3.250005	 0.443006	 1.639157	-3.403933	-4.093348	 7.788378	 1.419230	-2.351778
 3.778690	 10.149669	-1.171752	-1.410086	 3.831245	 0.441524	 2.163972	-3.517269	-4.704419	 8.510152	 1.446855	-2.905478
 4.077102	 10.549500	-1.433572	-1.451261	 4.113040	 0.440783	 2.421002	-3.566676	-4.999324	 8.852575	 1.457719	-3.175410
 4.217557	 12.227517	-1.561091	-1.468863	 4.245148	-0.059588	 2.544161	-3.584147	-5.136187	 9.505397	 1.960213	-3.303485
 4.279069	 13.038715	-1.621473	-1.474692	 4.302448	-0.308653	 2.600406	-3.585680	-5.194073	 9.811491	 2.206535	-3.360659
 4.801144	 13.916613	-1.648301	-1.474645	 4.322378	-0.432070	 2.623215	-4.079272	-5.712512	 10.444303	 2.324791	-3.382411
 5.051534	 14.325974	-1.658364	-1.471672	 4.323658	-0.492668	 2.629327	-4.316922	-5.959270	 10.738555	 2.379032	-3.386478
 5.166126	 14.501183	-1.660059	-1.467248	 4.315649	-0.521860	 2.627113	-4.426638	-6.070237	 10.863615	 2.401286	-3.381731
 5.212860	 15.059435	-2.157583	-1.962111	 4.303029	-0.535354	 2.620755	-4.472423	-6.113358	 10.904168	 2.407566	-3.872603
 5.225708	 15.307326	-2.401035	-2.204628	 4.288138	-0.541003	 2.612348	-4.486279	-6.122605	 10.902555	 2.405879	-4.109312
 5.221655	 15.900161	-2.517472	-1.820992	 4.272146	-0.542735	 2.602937	-4.484207	-6.114965	 10.879946	 2.400227	-3.718975
 5.209193	 16.163592	-2.570422	-1.626300	 4.255637	-0.542512	 2.593044	-4.474207	-6.098930	 10.846928	 2.392611	-3.517149
 5.192569	 16.262454	-2.591651	-1.526090	 4.238905	-0.541315	 2.582931	-4.460278	-7.078747	 11.308790	 2.384034	-3.409605
 5.173905	 16.279162	-2.597040	-1.473134	 4.222095	-0.539637	 2.572729	-4.444421	-7.552539	 11.516180	 2.374994	-3.349229
 5.154263	 16.254924	-2.594529	-1.443815	 4.205279	-0.537722	 2.562503	-3.927636	-6.773382	 11.596428	 2.365742	-3.312464
 5.134172	 16.210344	-2.588090	-1.426327	 4.188494	-0.535693	 2.552285	-3.662421	-6.371815	 11.613199	 2.356403	-3.287529
 5.113899	 16.155723	-2.579707	-1.414765	 4.171758	-0.533611	 2.542092	-3.523019	-6.159091	 11.598324	 2.347040	-3.268537
 5.093575	 16.096210	-2.570373	-1.906178	 4.155080	-0.531507	 2.531932	-3.446551	-6.040836	 11.567720	 2.337683	-3.252542
 5.073266	 16.034380	-2.560583	-2.147089	 4.138464	-0.529396	 2.521808	-3.401577	-5.969864	 11.529344	 2.328347	-3.238071
 5.053006	 15.971520	-2.550587	-1.762769	 4.121913	-0.527286	 2.511723	-3.872377	-5.922580	 11.487174	 2.319042	-3.224389
 5.032810	 15.908272	-2.540508	-1.567851	 4.105426	-0.525181	 2.501677	-4.099090	-5.887187	 11.443198	 2.309769	-3.211126
 5.012687	 15.844959	-2.530408	-1.467647	 4.089005	-0.523082	 2.491671	-4.203795	-5.357787	 11.398413	 2.300532	-3.198099
 4.992641	 15.781738	-2.520317	-1.414810	 4.072649	-0.520991	 2.481705	-4.247531	-5.083430	 11.353312	 2.291331	-3.185215
 4.972672	 16.218691	-2.510251	-1.885667	 4.556359	-0.518907	 2.971778	-4.260816	-4.936634	 11.308146	 2.282166	-3.172429
 4.952783	 16.403856	-2.500217	-2.116383	 4.788133	-0.516832	 3.209891	-4.258911	-4.853656	 11.263036	 2.273038	-3.159716
 4.932972	 16.463261	-2.490220	-2.227047	 4.893981	-0.514764	 3.322052	-4.249444	-4.802626	 11.218046	 2.263946	-3.147066
 4.913240	 16.459918	-2.480261	-1.777703	 4.436905	-0.512705	 3.371263	-4.736231	-4.767607	 11.173205	 2.254890	-3.634472
 4.893588	 16.425333	-2.470341	-1.550375	 4.200407	-0.510655	 2.889028	-4.469178	-5.240633	 11.128527	 2.245871	-3.869931
 4.874013	 16.375259	-2.460461	-1.434064	 4.074231	-0.508612	 2.643097	-4.327247	-5.465718	 11.084021	 2.236887	-3.979450
 4.854517	 16.317572	-2.450619	-1.373274	 4.003246	-0.506578	 3.015337	-4.247911	-5.566879	 11.539689	 2.227940	-4.026032
 4.815759	 16.193137	-2.431053	-1.321129	 3.930378	-0.502533	 3.277607	-3.667600	-5.614455	 11.321559	 2.210152	-4.040637
 4.796496	 16.129341	-2.421329	-1.308962	 3.907821	-0.500523	 3.312348	-3.395176	-5.607376	 11.088773	 2.201311	-4.032287
 4.777310	 16.065312	-2.411644	-1.300286	 3.888772	-0.499518	 3.323024	-3.252719	-5.592635	 10.950668	 2.192506	-4.020064
 4.758201	 16.001295	-1.901997	-1.293364	 3.871507	-0.499015	 3.321695	-3.175269	-5.574109	 10.859991	 2.183736	-4.005937
 4.739168	 15.937412	-1.644389	-1.287330	 3.855167	-0.498764	 3.314390	-3.130349	-5.553735	 10.793113	 2.175001	-3.990890
 4.220211	 15.873724	-2.012812	-1.281751	 4.339319	-0.498638	 3.304123	-3.101718	-5.532481	 11.238222	 2.166301	-3.975414
 3.953330	 15.810259	-2.192261	-1.276409	 4.571748	-0.498576	 3.292402	-3.081257	-5.510832	 11.437410	 2.157636	-3.959757
 4.312517	 16.247034	-2.277241	-1.271196	 4.678354	-0.498544	 2.779980	-3.564904	-5.489029	 11.013730	 2.149005	-3.444040
 4.482767	 16.432053	-2.315007	-1.266057	 4.722087	-0.498529	 2.519234	-3.798631	-5.467193	 10.780711	 2.140409	-3.180325
 4.058586	 14.491329	-1.829185	-1.260966	 4.234422	-0.498521	 1.884344	-3.407429	-4.945384	 8.143105	 1.131847	-2.042634
 3.839226	 13.495865	-1.583587	-1.255909	 3.983096	-0.498517	 1.564400	-3.205796	-4.675633	 6.813292	 0.627567	-1.471979
 3.722307	 12.973133	-1.458112	-1.250878	 3.849970	-0.498515	 1.401939	-3.098971	-4.531945	 6.137418	 0.375426	-1.184848
 2.656637	 8.686866	-0.892709	-1.245872	 2.275973	-0.498514	 0.818229	-2.539575	-2.951325	 2.788558	-0.250644	-0.539488
 2.120619	 6.534931	-0.610008	-1.240886	 1.487570	-0.498513	 0.526375	-2.255916	-2.158273	 1.115249	-0.561926	-0.216808
 1.849442	 5.450198	-0.468657	-1.235922	 1.091971	-0.498513	 0.380447	-2.110142	-1.759017	 0.279710	-0.715820	-0.055467
 1.210696	 2.899100	-0.397982	-1.230978	-0.107222	 0.001487	-0.192516	-1.533326	-1.556669	-1.136948	-0.791028	 0.025203
 0.890180	 1.623551	-0.362644	-1.226054	-0.704205	 0.250484	-0.477467	-1.243005	-1.452787	-1.840169	-0.826899	 0.065538
 0.228782	-1.014223	 0.155025	-1.221149	-1.500094	-0.125017	-1.118418	-1.095940	-0.898148	-2.186693	-0.843109	 0.085705
-0.101917	-2.825806	 0.412514	-0.716265	-1.893447	 0.188233	-1.435374	-0.520509	-0.120828	-2.354889	-0.849496	 0.095789
-0.267266	-3.722323	 0.539918	-0.463822	-2.085550	 0.343855	-1.590348	-0.232794	 0.266518	-2.433940	-0.850977	 0.100831
-0.349941	-4.161344	 0.602286	-0.337601	-2.177046	 0.421666	-1.664344	-0.088936	 0.458884	-2.468440	-0.850013	 0.103352
-0.891278	-4.371654	 0.632140	-0.274491	-2.218257	-0.039428	-1.697866	-0.017007	 0.053764	-2.480684	-0.847833	 0.104612
-1.159082	-4.467644	 0.645744	-0.242935	-2.234343	-0.268974	-1.711163	 0.018957	-0.148795	-2.481820	-0.845052	 0.105242
-1.290130	-4.506513	 0.651227	-0.227158	-2.237886	-0.383747	-1.714364	 0.036939	-0.250075	-2.477423	-0.841976	 0.105558
-1.352811	-4.516856	 0.652655	-0.219269	-2.235174	-0.441134	-1.712528	 0.045931	-0.300715	-2.470278	-0.838761	 0.105715
-1.381321	-4.512973	 0.652060	-0.215325	-2.229353	-0.469827	-1.708189	 0.050426	-0.326035	-2.461779	-0.835482	 0.105794
-1.392756	-4.502014	 0.650460	-0.213352	-2.221996	 0.015826	-1.702612	 0.052674	-0.338695	-2.452623	-0.832178	 0.105833
-1.395666	-4.487552	 0.648363	-0.212366	-2.213888	-0.242350	-1.696430	 0.053798	 0.154975	-2.443158	-0.828869	 0.105853
-1.394323	-4.471375	 0.646021	-0.211873	-2.205422	-0.370437	-1.689958	 0.054360	 0.400512	-2.433558	-0.825563	 0.105863
-1.390866	-4.454376	 0.643563	-0.211627	-2.196796	-0.434481	-1.683355	 0.054641	 0.521989	-2.423910	-0.822265	 0.105868
-0.886363	-3.937002	 0.641052	-0.211503	-1.688106	 0.033497	-1.676700	 0.054781	 0.081441	-2.414258	-0.818978	 0.105870
-0.634111	-3.671475	 0.638519	-0.211442	-1.431402	 0.266484	-1.670032	 0.054851	-0.138834	-2.404623	-0.815704	 0.105871
-0.507985	-3.531900	 0.635981	-0.211411	-1.300701	 0.382977	-1.663372	 0.054886	-0.248971	-2.395015	-0.812442	 0.105872
-0.444922	-3.955328	 0.633445	-0.211396	-1.233011	 0.441223	-1.156728	 0.554904	 0.195961	-1.885440	-0.309192	 0.605872
-0.413391	-4.158284	 0.630915	-0.211388	-1.196835	 0.470346	-0.902106	 0.802803	 0.417145	-1.627901	-0.057567	 0.853661
-0.897625	-3.751040	 0.628393	-0.211384	-1.176425	 0.484908	-1.273500	 0.424651	 0.526460	-1.996391	 0.068245	 0.475352
-1.136978	-3.540730	 0.625881	-0.211382	-1.163909	 0.492189	-1.455907	 0.235575	 0.579846	-2.175906	 0.131151	 0.286198
-0.753902	-3.428915	 0.623378	 0.288619	-1.155347	 0.495829	-1.543834	 0.641037	 0.605273	-2.260953	 0.162604	 0.691621
-0.562364	-3.366372	 0.620885	 0.537042	-1.148773	 0.497650	-1.584534	 0.841675	 0.616725	-2.298784	 0.178331	 0.892138
-0.466595	-3.328494	 0.618401	 0.159683	-1.143202	 0.498560	-1.601634	 0.439909	 0.621194	-2.313026	 0.186194	 0.990211
-0.418711	-3.302973	 0.615928	-0.028997	-1.138141	 0.499015	-1.606946	 0.239027	 0.622178	-2.315493	 0.190126	 1.037071
-0.394769	-3.283658	 0.613464	-0.123337	-1.133344	 0.499242	-1.606378	 0.138585	 0.621423	-2.312091	 0.192092	 1.058334
-0.382797	-3.267472	 0.611010	 0.329493	-1.128689	 0.499356	-1.602882	 0.088365	 0.619804	-2.305772	 0.193074	 1.066805
-0.376812	-3.252876	 0.608566	 0.554344	-1.124113	 0.499413	-1.597935	 0.063254	 0.617759	-2.298014	 0.193566	 1.068891
-0.373819	-3.239102	 0.606132	 0.665211	-1.119586	 0.499441	-1.592276	 0.550699	 0.615504	-2.289554	 0.193812	 1.067792
-0.372323	-3.225764	 0.603707	 0.719092	-1.115092	 0.499456	-1.586273	 0.792345	 0.613151	-2.280762	 0.193935	 1.065109
-0.371575	-3.212670	 0.601292	 0.744487	-1.110624	 0.499463	-1.080111	 0.411100	 0.610752	-2.271822	 0.193996	 1.061642
-0.371200	-3.199724	 0.598887	 0.755644	-1.106178	 0.499466	-0.825882	 0.220478	 0.608336	-2.262826	 0.194027	 1.057793
-0.371013	-3.186877	 0.596492	 0.759689	-1.101752	 0.499468	-1.197625	 0.625167	 0.605917	-2.253821	-0.305958	 1.053760
-0.370920	-3.174106	 0.594106	 0.760184	-1.097344	 0.499469	-1.380357	 0.825451	 0.603500	-2.244828	-0.554338	 1.049644
-0.370873	-3.161398	 0.591729	 0.758911	-1.092954	 0.499469	-1.468597	 0.923542	 0.601089	-2.235861	-0.676923	 1.045495
-0.370850	-3.148746	 0.589362	 0.756759	-1.088582	 0.499470	-1.509603	 0.970544	 0.598686	-2.226923	-0.736617	 1.041338
-0.370838	-3.136148	 0.587005	 0.254173	-1.584227	 0.499470	-1.027005	 0.492010	 0.596293	-2.218018	-0.764871	 1.037185
-0.870832	-3.123602	 0.584657	 0.502881	-1.327890	 0.499470	-1.284617	 0.752743	 0.593908	-2.209147	-0.277411	 0.533043
-1.118088	-3.111107	 0.582318	 0.625731	-1.197579	 0.499470	-1.410339	 0.881083	 0.591532	-2.200312	-0.033682	 0.280971
-1.238985	-3.098662	 0.579989	 0.685659	-1.130288	 0.499470	-0.970128	 0.943234	 0.589166	-2.191511	 0.088183	 0.654936
-1.296713	-3.086267	 0.577669	 0.714132	-1.094517	 0.499470	-0.748962	 0.972298	 0.586810	-2.182745	 0.149115	 0.839860
-0.822869	-3.073922	 0.575358	 0.226883	-1.074514	 0.499470	-1.137324	 0.984828	 0.584463	-2.174014	 0.179582	 0.930273
-0.585947	-3.061626	 0.573057	-0.016741	-1.062404	 0.499470	-1.328453	 0.989098	 0.582125	-2.165318	 0.194815	 0.973438
-0.467485	-3.049380	 0.570765	-0.138553	-1.054248	 0.499470	-1.420979	 0.989246	 0.579796	-2.156657	 0.202431	 0.992987
-0.908255	-3.037182	 0.568482	 0.300541	-1.048078	 0.499470	-1.464215	 0.987342	 0.577477	-2.148030	 0.206240	 1.000737
-1.125942	-3.025034	 0.566208	 0.518608	-1.042909	 0.499470	-1.482818	 0.984419	 0.575167	-2.139438	 0.208144	 1.002594
-1.232098	-3.012933	 0.563943	 0.626169	-1.038249	 0.499470	-1.989116	 0.980994	 1.072866	-2.130880	-0.290904	 1.001514
-1.282499	-3.000882	 0.561687	 0.678482	-1.033852	 0.499470	-2.237275	 0.977327	 1.318575	-2.122357	-0.538848	 0.998973
-0.805034	-2.988878	 0.559440	 0.703176	-1.029594	 0.499470	-1.856383	 0.973546	 1.438301	-2.113867	-0.161247	 0.995710
-0.566302	-2.976923	 0.557203	 0.714068	-1.025415	 0.499470	-1.662986	 0.969716	 1.495048	-2.105412	 0.027554	 0.992094
-0.446935	-2.965015	 0.554974	 0.718064	-1.021283	 0.499470	-1.563349	 0.965869	 1.520317	-2.096990	 0.121954	 0.988308
-0.887252	-3.453155	 0.552754	 0.718618	-1.017182	 0.499470	-1.510603	 0.962021	 1.029861	-2.088602	 0.169155	 0.984447
-1.104756	-3.689342	 0.550543	 0.717456	-1.013106	 0.499470	-1.481314	 0.958181	 0.783554	-2.080248	 0.192755	 0.980555
-0.710863	-3.299585	 0.548341	 0.715443	-1.009050	 0.499470	-0.963765	 0.954353	 1.159326	-2.071927	 0.204555	 0.976655
-0.513916	-3.098887	 0.546147	 0.713009	-1.005011	 0.499470	-0.704991	 0.950537	 1.344142	-2.063639	 0.210455	 0.972760
-0.415443	-2.992741	 0.543963	 0.710372	-1.000990	 0.499470	-1.075604	 0.946736	 0.933492	-2.055384	 0.213405	 0.968875
-0.366206	-2.933895	 0.541787	 0.707637	-0.996986	 0.499470	-1.258018	 0.942950	 0.727121	-2.047163	 0.214880	 0.965002
-0.841588	-2.898722	 0.539620	 0.704860	-0.992998	 0.499470	-1.346344	 0.939178	 0.622894	-2.038974	-0.284383	 0.961144
-1.076645	-2.875408	 0.537461	 0.702067	-0.989026	 0.499470	-1.387638	 0.935421	 0.569744	-2.030818	-0.532447	 0.957300
-0.691550	-2.858047	 0.535311	 0.199273	-0.985070	 0.499470	-0.905427	 0.931680	 0.542135	-2.022695	-0.654918	 0.953471
-0.499003	-2.843685	 0.533170	-0.052125	-0.981129	 0.499470	-0.664321	 0.927953	 0.527302	-2.014604	-0.714598	 0.949657
-0.402729	-2.830846	 0.531038	-0.177824	-0.977205	 0.499470	-0.543769	 0.924241	 0.518860	-2.006546	-0.742890	 0.945859
-0.354592	-2.818790	 0.528913	 0.259327	-0.973296	 0.499470	-0.483492	 0.920544	 1.013619	-1.998520	-0.755494	 0.942075
-0.330524	-2.807149	 0.526798	 0.476509	-0.969403	 0.499470	-0.453354	 0.916862	 1.257981	-1.990526	-0.760259	 0.938307
-0.818489	-2.795737	 0.524691	 0.583713	-0.965525	 0.499470	-0.438285	 0.913195	 1.377157	-1.982564	-0.261112	 0.934554
-1.059859	-2.784463	 0.522592	 0.635933	-0.961663	 0.499470	-0.430750	 0.909542	 1.433753	-1.974633	-0.011538	 0.930816
-1.177942	-2.773279	 0.520501	 0.660667	-0.957816	 0.499470	-0.426983	 0.905904	 1.459070	-1.966735	 0.113248	 0.927092
-1.234391	-2.762163	 0.518419	 0.671663	-0.953985	 0.499470	-0.425100	 0.902280	 1.468760	-1.958868	 0.175642	 0.923384
-0.760034	-2.751103	 0.516346	 0.675796	-0.950169	 0.499470	-0.924158	 0.898671	 1.470648	-1.951032	 0.206839	 0.919690
-0.522855	-2.740093	 0.514280	 0.676502	-0.946368	 0.499470	-1.170840	 0.895076	 1.468647	-1.943228	 0.222437	 0.916012
-0.404266	-2.729129	 0.512223	 0.675501	-0.942583	 0.499470	-1.291347	 0.891496	 1.464713	-1.935455	 0.230236	 0.912348
-0.844972	-2.718211	 0.510174	 0.673652	-0.938813	 0.499470	-0.848776	 0.887930	 0.959825	-1.927713	-0.265864	 0.908698
-1.062753	-2.707338	 0.508134	 0.671383	-0.935057	 0.499470	-0.627491	 0.884378	 0.707380	-1.920003	-0.512391	 0.905064
-1.169082	-2.696508	 0.506101	 0.668911	-0.931317	 0.499470	-0.516848	 0.880841	 1.081158	-1.912323	-0.634136	 0.901443
-1.219696	-2.685722	 0.504077	 0.666342	-0.927592	 0.499470	-0.461527	 0.877317	 1.265137	-1.904673	-0.693497	 0.897837
-1.242463	-2.674979	 0.502060	 0.663730	-0.923882	-0.000530	-0.433866	 0.873808	 0.854229	-1.897055	-0.721671	 0.894246
-1.251316	-2.664279	 0.500052	 0.661101	-0.920186	-0.249529	-0.420036	 0.870313	 0.648774	-1.889466	-0.734259	 0.890669
-1.253222	-2.653622	 0.499048	 0.658470	-0.916505	-0.374029	-0.413121	 0.866832	 0.546047	-1.881909	-0.739059	 0.887106
-0.751664	-2.643007	 0.498546	 0.655843	-0.912839	 0.063722	-0.409663	 0.863364	 0.494683	-1.874381	-0.739972	 0.883558
-0.500886	-2.632435	 0.498295	 0.653223	-0.909188	 0.281594	-0.407934	 0.859911	 0.469002	-1.866883	-0.738946	 0.880024
-0.375496	-2.621906	 0.498169	 0.650612	-0.905551	 0.390530	-0.407070	 0.856471	 0.956161	-1.859416	-0.236957	 0.876504
-0.312802	-2.611418	 0.498107	 0.648010	-0.901929	 0.444998	-0.406638	 0.853045	 1.196854	-1.851978	 0.014037	 0.872998
-0.781454	-2.600972	 0.498075	 0.645418	-0.898321	 0.472232	-0.406422	 0.849633	 1.314325	-1.844570	 0.139534	 0.869506
-1.013281	-2.590568	 0.498060	 0.642837	-0.894728	 0.485849	-0.406314	 0.846235	 1.370197	-1.837192	 0.202283	 0.866028
-1.126703	-2.580206	 0.498052	 0.640266	-1.391149	 0.492657	-0.906260	 0.842850	 1.395281	-2.329843	-0.266343	 0.862564
-1.180935	-2.569885	 0.498048	 0.637705	-1.635584	 0.496062	-1.153420	 0.839478	 1.404982	-2.570524	-0.499186	 0.859113
-0.705580	-2.559606	 0.498046	 0.635154	-1.254042	 0.497764	-0.774199	 0.836120	 1.407004	-2.185242	-0.614143	 0.855677
-0.467902	-2.549367	 0.498045	 0.632613	-1.061526	 0.498615	-0.584589	 0.832776	 1.405196	-1.989001	-0.670164	 0.852254
-0.349064	-2.539170	 0.498044	 0.630083	-0.963530	 0.499040	-0.489784	 0.829445	 1.401486	-1.887295	-0.696722	 0.848845
-0.289644	-2.529013	 0.498044	 0.627563	-0.912801	 0.499253	-0.442381	 0.826127	 1.396835	-1.832871	-0.208554	 0.845450
-0.259935	-2.518897	 0.498044	 0.625052	-0.885712	 0.499360	-0.418680	 0.822823	 1.391725	-1.802102	 0.035530	 0.842068
-0.245080	-2.508822	 0.498044	 0.122552	-0.870450	 0.499413	-0.906829	 0.819531	 1.386397	-1.783174	 0.157572	 0.338700
-0.237652	-2.498786	 0.498044	-0.128698	-0.861109	 0.499439	-1.148114	 0.816253	 1.380971	-1.770182	 0.218592	 0.087016
-0.733939	-2.488791	 0.498044	 0.245677	-0.854735	-0.000547	-0.765977	 0.812988	 0.875507	-1.760172	-0.250897	 0.461173
-0.979621	-2.478836	 0.498044	 0.431624	-0.849851	-0.249540	-0.574909	 0.809736	 0.622774	-1.751666	-0.484201	 0.646582
-1.100012	-2.468921	 0.498044	 0.523363	-0.345720	 0.125964	-0.479375	 0.806497	 0.496408	-1.743927	-0.599418	 0.737622
-1.157767	-2.459045	 0.498044	 0.568002	-0.093654	 0.312713	-0.431608	 0.803271	 0.433225	-1.736585	-0.655597	 0.781485
-1.184213	-2.449209	 0.498044	 0.589096	 0.032379	 0.406088	-0.407724	 0.800058	 0.401634	-1.729456	-0.682263	 0.801765
-0.695015	-2.439412	 0.498044	 0.598423	-0.404604	 0.452775	-0.395783	 0.796858	 0.885838	-1.722447	-0.194178	 0.810262
-0.450416	-2.429654	 0.498044	 0.601871	-0.621413	 0.476119	-0.389812	 0.793670	 1.125200	-1.715511	 0.049864	 0.812872
-0.828116	-2.419936	 0.498044	 0.602384	-0.728141	 0.487790	-0.386826	 0.790496	 0.742152	-1.708626	-0.328115	 0.312547
-1.014555	-2.410256	 0.498044	 0.601435	-0.779835	 0.493626	-0.385334	 0.787334	 0.550628	-1.701780	-0.515692	 0.062384
-1.105372	-2.400615	 0.498044	 0.599759	-0.804019	 0.496544	-0.384587	 0.784184	 0.454866	-1.694967	-0.108074	 0.437302
-1.148388	-2.391012	 0.498044	 0.597725	-0.814454	 0.498003	-0.384214	 0.781048	 0.406985	-1.688185	 0.095735	 0.623137
-1.167514	-2.381448	 0.498044	 0.595517	-0.818022	 0.498733	-0.384027	 0.777924	 0.883044	-1.681430	-0.302361	 0.714437
-1.174703	-2.371923	 0.498044	 0.593226	-0.818163	 0.499097	-0.383934	 0.774812	 1.118356	-1.674704	-0.500007	 0.758475
-0.675934	-2.362435	 0.498044	 0.590899	-0.816597	 0.499280	-0.383888	 0.771713	 0.733304	-1.668005	-0.597436	 0.778889
-0.426549	-2.352985	 0.498044	 0.588558	-0.814184	 0.499371	-0.383864	 0.768626	 0.540779	-1.661333	-0.644760	 0.787498
-0.301857	-2.343573	 0.498044	 0.586215	-0.811354	 0.499417	-0.383853	 0.765551	 0.444516	-1.654687	-0.667038	 0.790210
-0.739511	-2.334199	 0.498044	 0.583876	-0.808322	 0.499439	-0.383847	 0.762489	 0.396384	-1.648068	-0.676798	 0.789980
-0.955984	-2.324862	 0.498044	 0.581544	-0.805195	 0.499451	-0.383844	 0.759439	 0.372319	-1.641476	-0.680305	 0.788285
-1.061875	-2.315563	 0.498044	 0.079219	-0.802028	 0.499457	-0.383842	 0.756401	 0.860286	-1.634910	-0.180691	 0.785865
-1.112485	-2.306300	 0.498044	-0.171943	-0.798846	 0.499459	-0.383842	 0.753376	 1.101573	-1.628371	 0.069116	 0.783088
-0.635464	-2.297075	 0.498044	 0.202475	-0.795664	-0.000539	-0.383841	 0.750362	 1.219531	-1.621857	 0.194019	 0.780139
-0.396953	-2.287887	 0.498044	 0.388531	-0.792488	-0.249537	-0.383841	 0.747361	 1.275835	-1.615370	 0.256471	 0.777110
-0.277698	-2.278735	 0.498044	 0.480410	-0.789322	 0.125963	-0.383841	 0.744371	 1.301322	-1.608908	-0.212303	 0.774047
-0.218071	-2.269620	 0.498044	 0.525204	-0.786166	 0.312711	-0.383841	 0.741394	 1.311412	-1.602473	-0.445328	 0.770974
-0.188257	-2.260542	 0.498044	 0.546462	-0.783022	 0.406085	-0.383841	 0.738428	 1.313815	-1.596063	-0.560484	 0.767901
-0.173350	-2.251500	 0.498044	 0.055955	-0.779890	 0.452772	-0.383841	 0.735475	 1.312383	-1.589678	-0.616710	 0.764835
-0.165896	-2.242494	 0.498044	-0.189298	-0.776771	 0.476115	-0.383841	 0.732533	 1.309046	-1.583320	-0.643478	 0.761779
-0.662170	-2.233524	 0.498044	 0.188075	-0.773664	 0.487787	-0.383841	 0.729603	 1.304765	-1.576986	-0.155521	 0.758733
-0.907989	-2.224590	 0.498044	 0.375631	-0.770569	 0.493623	-0.383841	 0.726684	 1.300024	-1.570678	 0.088457	 0.755699
-0.528592	-2.215691	 0.498044	 0.468282	-0.767487	 0.496541	-0.383841	 0.723777	 1.295063	-1.564396	-0.289553	 0.752677
-0.338893	-2.206829	 0.498044	 0.513486	-0.764417	 0.498000	-0.383841	 0.720882	 1.290002	-1.558138	-0.477224	 0.749666
-0.244043	-2.198001	 0.498044	 0.534971	-0.761360	 0.498729	-0.383841	 0.717999	 0.784902	-1.551906	-0.069729	 0.746667
-0.196619	-2.189209	 0.498044	 0.544600	-0.758314	 0.499094	-0.383841	 0.715127	 0.532352	-1.545698	 0.134018	 0.743681
-0.172906	-2.180452	 0.498044	 0.548306	-0.755281	 0.499276	-0.383841	 0.712266	 0.406077	-1.539515	 0.235892	 0.740706
-0.161050	-2.171731	 0.498044	 0.549055	-0.752260	-0.000633	-0.383841	 0.709417	 0.842939	-1.533357	-0.213171	 0.737743
-0.155122	-2.163044	 0.498044	 0.548330	-0.749251	-0.249586	-0.383841	 0.706580	 1.058811	-1.527224	-0.436378	 0.734792
-0.652158	-2.154392	 0.498044	 0.546872	-0.746254	 0.125937	-0.383841	 0.703753	 1.164197	-1.521115	-0.046663	 0.731853
-0.898378	-2.145774	 0.498044	 0.545053	-0.743269	 0.312696	-0.383841	 0.700938	 1.214352	-1.515030	 0.148195	 0.728926
-1.019198	-2.137191	 0.498044	 0.543056	-0.740296	 0.406075	-0.383841	 0.698134	 1.236900	-1.508970	-0.254376	 0.226010
-1.077328	-2.128642	 0.498044	 0.540976	-0.737334	 0.452765	-0.383841	 0.695342	 1.245655	-1.502934	-0.454348	-0.025448
-0.604123	-2.120128	 0.498044	 0.538858	-0.734385	 0.476110	-0.383841	 0.692561	 0.747523	-1.496923	-0.553025	 0.348823
-0.367520	-2.111647	 0.498044	 0.536726	-0.731448	 0.487782	-0.383841	 0.689790	 0.498458	-1.490935	-0.601060	 0.534513
-0.249218	-2.103200	 0.498044	 0.534590	-0.728522	 0.493619	-0.383841	 0.687031	 0.373925	-1.484971	-0.623779	 0.625917
-0.690068	-2.094788	 0.498044	 0.532458	-0.725608	 0.496537	-0.383841	 0.684283	 0.311659	-1.479031	-0.633846	 0.670184
-0.908230	-2.086408	 0.498044	 0.530331	-0.722705	 0.497996	-0.383841	 0.681546	 0.280525	-1.473115	-0.637592	 0.690889
-1.015059	-2.078063	 0.498044	 0.528211	-0.219814	 0.498725	-0.383841	 0.678820	-0.235041	-1.467223	-0.638182	 0.699819
-1.066230	-2.069751	 0.498044	 0.526099	 0.031631	 0.499090	-0.383841	 0.676104	-0.491323	-1.461354	-0.637199	 0.702866
-1.089580	-2.061472	 0.498044	 0.523995	-0.342646	 0.499272	-0.383841	 0.673400	 0.382031	-1.455508	-0.635436	 0.702977
-1.099029	-2.053226	 0.498044	 0.521899	-0.528351	 0.499364	-0.383841	 0.670706	 0.816197	-1.449686	-0.633286	 0.701627
-1.101537	-2.045013	 0.498044	 0.519811	-0.119775	 0.499409	-0.383841	 0.668024	 0.530780	-1.443888	-0.130949	 0.699551
-1.100583	-2.036833	 0.498044	 0.517732	 0.084512	 0.499432	-0.383841	 0.665351	 0.388071	-1.438112	 0.120219	 0.697119
-1.097907	-2.028685	 0.498044	 0.515661	 0.186656	 0.499443	-0.383841	 0.662690	 0.316716	-1.432360	 0.245803	 0.694513
-1.094378	-2.020571	 0.498044	 0.513599	-0.762272	 0.499449	-0.383841	 0.660039	 0.781039	-1.426630	 0.308595	 0.691826
-1.090432	-2.012488	 0.498044	 0.511544	-1.233313	 0.499452	-0.383841	 0.657399	 1.010710	-1.420924	 0.339991	 0.689104
-0.586286	-2.004438	 0.498044	 0.509498	-0.965425	 0.499453	-0.383841	 0.654770	 1.123064	-1.415240	-0.144311	 0.686371
-0.334213	-1.996421	 0.498044	 0.507460	-0.830086	 0.499454	-0.383841	 0.652150	 1.176771	-1.409579	-0.385204	 0.683637
-0.708176	-1.988435	 0.498044	 0.505430	-0.761027	 0.499454	-0.383841	 0.649542	 1.201163	-1.403941	-0.504399	 0.680908
-0.892994	-1.980481	 0.498044	 0.503409	-0.725114	 0.499455	-0.383841	 0.646944	 1.210908	-1.398325	-0.562749	 0.678187
-0.983247	-1.972559	 0.498044	 0.501395	-0.705779	 0.499455	-0.383841	 0.644356	 1.213339	-1.392732	-0.590682	 0.675476
-1.026227	-1.964669	 0.498044	 0.500388	-0.694738	 0.499455	-0.383841	 0.641778	 1.212123	-1.387161	-0.603411	 0.672775
-1.045578	-1.956810	 0.498044	 0.499885	-0.687851	 0.499455	-0.383841	 0.639211	 1.209094	-1.381612	-0.608544	 0.670084
-0.553124	-1.948983	 0.498044	 0.499633	-0.683045	 0.499455	-0.383841	 0.636655	 0.705167	-1.376086	-0.109882	 0.667404
-0.306897	-1.941187	 0.498044	 0.499507	-0.679286	 0.499455	-0.383841	 0.634108	 0.453203	-1.370581	 0.139448	 0.664734
-0.683783	-1.933423	 0.498044	 0.499444	-0.176055	 0.499455	-0.383841	 0.631571	 0.327221	-1.365099	 0.264113	 0.662075
-0.870105	-1.925689	 0.498044	 0.499413	 0.075560	 0.499455	-0.383841	 0.629045	 0.264231	-1.359639	 0.326446	 0.659427
-0.961153	-1.917986	 0.498044	 0.499397	-0.298632	 0.499455	-0.383841	 0.626529	 0.732735	-1.354200	-0.142388	 0.656789
-1.004573	-1.910314	 0.498044	 0.499389	-0.484382	 0.499455	-0.383841	 0.624023	 0.964585	-1.348783	-0.375582	 0.654162
-1.024187	-1.902673	 0.998044	-0.000615	-0.075917	 0.499455	-0.383841	 0.621527	 0.578117	-1.343388	-0.490962	 0.651546
-1.031906	-1.895062	 1.245048	-0.249615	 0.128315	 0.499455	-0.383841	 0.619041	 0.384883	-1.338014	-0.547439	 0.648939
-1.033686	-1.887482	 1.365566	-0.374116	 0.230431	 0.499455	-0.383841	 0.616565	 0.288266	-1.332662	-0.574470	 0.646344
-0.532506	-1.879932	 1.422852	 0.063634	-0.218511	 0.499455	-0.383841	 0.614098	 0.239957	-1.327332	-0.086782	 0.643758
-0.281915	-1.872412	 1.448536	 0.281506	-0.441647	 0.499455	-0.383841	 0.611642	 0.215803	-1.322022	 0.157062	 0.641183
-0.656620	-1.864923	 0.958429	-0.109558	-0.551885	 0.499455	-0.383841	 0.609195	 0.703726	-1.316734	 0.278984	 0.638618
-0.841910	-1.857463	 0.713375	-0.304089	-0.605680	 0.499455	-0.383841	 0.606759	 0.945304	-1.311467	 0.339945	 0.636064
-0.932500	-1.850033	 0.590848	 0.098646	-0.631259	 0.499455	-0.383841	 0.604332	 0.563720	-1.306222	-0.129575	 0.633520
-0.975749	-1.842633	 0.529585	 0.299011	-0.642734	 0.499455	-0.383841	 0.601914	 0.372927	-1.300997	-0.363136	 0.630986
-0.495336	-1.835262	 0.998953	 0.399193	-0.147163	 0.499455	-0.383841	 0.599507	 0.777531	-1.295793	-0.478724	 0.628462
-0.255129	-1.827921	 1.230701	 0.449284	 0.100622	 0.499455	-0.383841	 0.597108	 0.977469	-1.290610	-0.535329	 0.625948
-0.135026	-1.820610	 1.343650	 0.474330	 0.224514	 0.499455	-0.383841	 0.594720	 1.075083	-1.285447	-0.562447	 0.623444
-0.074974	-1.813327	 0.897211	-0.013148	 0.286461	 0.499455	-0.383841	 0.592341	 1.121544	-0.780305	-0.574828	 0.620950
-0.044948	-1.806074	 0.673992	-0.255885	 0.317434	 0.499455	-0.383841	 0.589972	 1.142439	-0.527734	-0.579843	 0.618467
-0.529935	-1.798850	 0.562382	 0.122746	-0.167079	-0.000545	-0.383841	 0.587612	 1.150560	-0.901449	-0.581181	 0.615993
-0.770399	-1.791654	 0.506577	 0.311059	-0.408033	-0.249544	-0.383841	 0.585261	 1.152303	-1.085756	-0.580685	 0.613529
-0.888609	-1.784488	 0.478675	 0.405216	-0.527212	 0.125956	-0.383841	 0.582920	 1.150866	-1.175369	-0.079277	 0.611075
-0.945701	-1.777350	 0.464723	 0.452294	-0.585508	 0.312704	-0.383841	 0.580589	 1.147849	-1.217646	 0.171427	 0.608630
-0.472241	-1.770240	 0.457748	 0.475833	-0.113369	 0.406078	-0.383841	 0.578266	 1.144051	-1.236264	-0.203221	 0.606196
-0.235511	-1.763159	 0.454260	 0.487603	 0.122701	 0.452764	-0.383841	 0.575953	 1.139871	-1.243064	-0.389389	 0.603771
-0.117146	-1.756107	 0.452516	 0.493487	 0.240735	 0.476108	-0.383841	 0.573650	 1.135510	-1.243964	-0.481322	 0.601356
-0.557963	-1.749082	 0.451644	 0.496430	 0.299753	 0.487779	-0.383841	 0.571355	 1.131067	-0.741924	-0.026142	 0.598950
-0.776374	-1.742086	 0.451208	 0.497901	 0.329262	 0.493615	-0.383841	 0.569070	 1.126592	-0.490904	 0.201448	 0.596555
-0.883590	-1.735118	 0.450990	 0.498637	-0.155984	 0.496533	-0.383841	 0.566793	 0.622111	-0.865394	-0.184757	 0.594168
-0.935217	-1.728177	 0.450881	 0.499004	-0.397324	 0.497992	-0.383841	 0.564526	 0.369870	-1.050160	-0.376718	 0.591792
-0.459056	-1.721264	 0.950827	 0.499188	-0.016717	 0.498722	-0.883841	 0.562268	 0.743750	-1.140073	-0.471561	 0.589425
-0.220976	-1.714379	 1.197898	 0.499280	 0.173586	 0.499086	-1.131073	 0.560019	 0.928454	-1.182569	-0.517849	 0.587067
-0.101936	-1.707522	 0.818544	 0.499326	 0.268738	 0.499269	-0.751933	 0.557779	 1.018580	-1.201367	-0.539865	 0.584719
-0.042416	-1.700692	 0.628866	 0.499349	 0.316314	 0.499360	-0.562363	 0.555548	 1.061426	-1.208326	-0.549750	 0.582380
-0.012656	-1.693889	 0.534028	 0.499361	 0.340102	 0.499406	-0.467577	 0.553325	 1.080640	-1.209375	-0.553572	 0.580050
-0.497776	-1.687113	 0.486609	 0.499366	 0.351996	 0.499428	-0.420185	 0.551112	 1.088047	-1.207478	-0.554369	 0.577730
-0.738370	-1.680365	 0.462899	 0.499369	 0.357943	 0.499440	-0.396489	 0.548908	 1.089560	-1.204119	-0.553657	 0.575419
-0.856709	-1.673644	 0.451044	 0.499371	 0.360916	 0.499446	-0.384640	 0.546712	 1.088134	-1.200037	-0.552195	 0.573117
-0.913929	-1.666949	 0.445117	 0.499372	 0.362403	 0.499448	-0.378716	 0.544525	 1.085248	-1.195605	-0.550363	 0.570825
-0.940596	-1.660281	 0.942153	-0.000628	-0.136854	 0.499450	-0.375754	 0.542347	 1.081640	-1.191006	-0.548349	 0.568542
-0.951995	-1.653640	 1.187793	-0.249627	-0.385210	 0.499450	-0.374273	 0.540178	 1.077680	-1.186334	-0.546250	 0.566268
-0.455768	-1.647025	 1.307746	 0.125874	-0.008121	 0.499451	-0.373533	 0.538017	 1.073553	-1.181635	-0.044112	 0.564002
-0.207655	-1.640437	 1.364867	 0.312622	 0.180424	 0.499451	-0.373163	 0.535865	 1.069350	-1.176931	 0.206957	 0.561746
-0.583598	-1.633876	 0.890583	 0.405995	 0.274696	 0.499451	-0.372977	 0.533722	 1.065119	-1.172235	 0.332491	 0.559499
-0.769650	-1.627340	 0.653442	 0.452682	 0.321832	 0.499451	-0.372885	 0.531587	 1.060881	-1.167552	 0.395259	 0.557261
-0.860765	-1.620831	 0.534871	 0.476026	 0.345400	 0.499451	-0.372839	 0.529460	 1.056649	-1.162884	 0.426642	 0.555032
-0.404419	-1.614347	 0.475585	 0.487698	-0.142816	 0.499451	-0.372815	 0.527342	 1.052428	-1.158234	 0.442334	 0.552812
-0.176246	-1.607890	 0.445943	 0.493533	-0.385661	 0.499451	-0.372804	 0.525233	 1.048221	-1.153602	 0.450180	 0.550601
-0.562159	-1.601458	 0.431121	 0.496451	-0.005827	 0.499451	-0.372798	 0.523132	 1.044030	-1.148988	 0.454103	 0.548399
-0.753220	-1.595053	 0.423711	 0.497910	 0.184090	 0.499451	-0.372795	 0.521040	 1.039854	-1.144392	 0.456064	 0.546205
-0.346861	-1.588672	 0.420005	 0.498640	 0.279048	 0.499451	-0.372794	 0.518955	 0.535695	-1.139815	-0.042955	 0.544020
-0.143682	-1.582318	 0.418153	 0.499004	 0.326527	 0.499451	-0.372793	 0.516880	 0.283616	-1.135256	-0.291381	 0.541844
-0.542093	-1.575988	 0.917226	 0.499187	 0.350267	 0.499451	-0.872793	 0.514812	 0.657576	-1.130715	-0.414514	 0.539677
-0.739417	-1.569684	 1.163931	 0.499278	 0.362137	 0.499451	-1.120047	 0.512753	 0.842493	-1.126192	-0.475005	 0.537518
-0.836206	-1.563406	 1.284461	 0.499324	 0.368072	 0.499451	-1.240939	 0.510702	 0.932897	-1.121687	-0.504180	 0.535368
-0.882734	-1.557152	 0.841917	 0.499346	-0.128961	 0.499451	-0.798662	 0.508659	 0.976052	-0.617200	-0.017700	 0.533226
-0.904139	-1.550924	 0.620645	 0.499358	-0.376225	 0.499451	-0.577523	 0.506624	 0.995591	-0.364957	 0.225539	 0.531094
-0.412991	-1.544720	 1.010009	 0.499364	 0.001390	 0.499451	-0.466954	 0.504598	 1.003331	-0.738835	-0.152841	 0.528969
-0.167417	-1.538541	 1.201892	 0.499366	 0.190197	 0.499451	-0.411669	 0.502580	 1.005178	-0.923549	-0.340969	 0.526853
-0.544630	-1.532387	 0.795046	 0.499368	 0.284601	-0.000549	-0.384027	 0.500569	 0.504088	-1.013689	-0.433974	 0.524746
-0.731393	-1.526257	 0.591623	 0.499369	 0.331803	-0.249548	-0.370206	 0.499564	 0.253543	-1.056552	-0.479423	 0.522647
-0.822938	-1.520152	 0.489911	 0.499369	 0.355404	 0.125953	-0.363295	 0.499061	 0.628270	-1.075784	-0.501098	 0.520556
-0.866881	-1.514072	 0.439056	 0.499369	 0.367204	 0.312700	-0.359840	 0.498810	 0.813628	-1.083210	-0.510890	 0.518474
-0.887032	-1.508015	 0.413628	 0.499369	 0.373104	 0.406074	-0.358112	 0.498685	 0.904309	-1.084742	-0.514744	 0.516400
-0.895292	-1.501983	 0.400914	-0.000631	-0.123946	 0.452761	-0.357248	 0.498622	 0.947659	-1.083336	-0.515634	 0.514335
-0.897616	-1.495975	 0.394557	-0.249630	-0.371228	 0.476104	-0.356816	 0.498590	 0.967352	-1.080468	-0.515046	 0.512277
-0.896977	-1.489991	 0.391378	 0.125871	-0.493633	 0.487776	-0.356601	 0.498575	 0.975225	-1.076880	-0.513723	 0.510228
-0.894865	-1.484031	 0.389789	 0.312619	-0.553603	 0.493612	-0.356493	 0.498567	 0.977195	-1.072939	-0.512037	 0.508187
-0.892024	-1.478095	 0.388994	 0.405992	-0.082361	 0.496530	-0.356439	 0.498563	 0.976222	-0.568830	-0.510173	 0.506155
-0.888825	-1.472183	 0.388597	 0.452679	 0.153260	 0.497989	-0.356412	 0.498561	 0.973785	-0.316776	-0.508225	 0.504130
-0.385454	-1.466294	 0.888398	 0.476023	 0.271071	 0.498718	-0.356398	 0.498560	 0.970623	-0.690749	-0.506238	 0.502113
-0.133769	-1.460429	 1.135523	 0.487695	 0.329976	 0.499083	-0.356391	 0.498559	 0.967108	-0.875606	-0.504236	 0.500105
-0.007926	-1.454587	 1.256320	 0.493530	 0.359428	 0.499265	-0.356388	 0.498559	 0.963423	-0.965913	-0.502230	 0.499101
-0.445005	-1.448769	 0.813964	 0.496448	 0.374155	 0.499356	-0.856386	 0.498559	 0.959661	-1.008955	-0.500227	 0.498599
-0.661780	-1.442974	 0.592786	 0.497907	 0.381518	 0.499402	-1.103673	 0.498559	 0.955868	-1.028371	-0.499226	 0.498348
-0.768410	-1.437202	 0.982197	 0.498637	 0.385199	 0.499425	-0.724614	 0.998559	 0.952068	-1.035984	 0.001275	 0.498222
-0.819976	-1.431453	 1.174159	 0.499002	 0.387040	 0.499436	-0.535085	 1.245562	 0.948271	-1.037703	 0.250522	 0.498159
-0.344015	-1.425727	 0.767408	 0.499184	 0.387961	 0.499442	-0.940320	 0.866078	 0.944483	-1.036484	-0.124855	 0.498128
-0.106035	-1.420024	 0.564033	 0.499275	 0.388421	 0.499445	-1.140246	 0.676336	 0.940708	-1.033804	-0.311542	 0.498112
 0.012955	-1.414344	 0.462345	 0.499321	 0.388651	 0.499446	-0.737529	 1.081465	 0.936947	-1.030402	-0.404886	 0.498104
 0.072450	-1.408687	 0.411501	 0.499343	 0.388766	 0.499447	-0.536171	 1.281057	 0.933200	-1.026646	-0.451558	 0.498100
 0.102198	-1.403052	 0.386079	 0.499355	 0.388824	 0.499447	-0.435492	 1.377891	 0.929467	-1.022723	-0.474894	 0.498098
 0.117072	-1.397440	 0.373368	 0.499361	 0.388852	 0.499447	-0.385152	 0.923359	 0.925750	-1.018724	-0.486562	 0.498097
 0.124509	-1.391850	 0.367012	 0.499363	 0.388867	 0.499447	-0.359982	 0.696093	 0.922047	-1.014695	-0.492396	 0.498097
-0.371773	-1.386283	 0.363835	 0.499365	 0.388874	-0.000552	-0.347397	 0.582460	 0.918359	-1.010659	 0.004687	 0.498097
-0.618178	-1.380738	 0.362246	 0.499366	 0.388877	-0.249551	-0.341105	 0.525643	 0.914685	-1.006628	 0.252225	 0.498097
-0.739651	-1.375215	 0.361451	 0.499366	 0.388879	 0.125949	-0.337959	 0.497235	 0.911026	-1.002607	-0.124006	 0.498097
-0.798665	-1.369714	 0.361054	 0.499366	 0.388880	 0.312697	-0.336385	 0.483031	 0.907382	-0.998599	-0.311121	 0.498097
-0.326457	-1.364235	 0.360856	 0.499366	 0.388881	 0.406070	-0.335599	 0.475929	 0.903753	-0.994606	 0.095321	 0.498096
-0.090353	-1.358778	 0.360756	 0.499366	 0.388881	 0.452757	-0.335206	 0.472378	 0.900138	-0.990629	 0.297539	 0.498096
 0.027699	-1.353343	 0.360707	 0.499366	 0.388881	 0.476101	-0.335009	 0.470602	 0.896537	-0.986666	 0.398648	 0.498096
-0.413275	-1.347930	 0.360682	 0.499366	 0.388881	 0.487772	-0.334911	 0.469714	 0.892951	-0.982720	-0.050798	 0.498096
-0.632053	-1.342538	 0.360669	 0.499366	 0.388881	 0.493608	-0.334861	 0.469270	 0.889379	-0.978789	-0.274520	 0.498096
-0.239741	-1.337168	 0.360663	 0.499366	 0.388881	 0.496526	-0.334837	 0.469048	 0.885822	-0.474874	-0.386381	 0.498096
-0.043585	-1.331819	 0.360660	 0.499366	 0.388881	 0.497985	-0.334825	 0.468938	 0.882279	-0.222917	-0.442312	 0.498096
-0.445507	-1.326492	 0.360659	 0.499366	 0.388881	 0.498715	-0.334818	 0.968882	 0.878749	-0.596938	-0.470277	 0.498096
-0.644773	-1.321186	 0.360658	 0.499366	 0.388881	 0.499079	-0.334815	 1.215917	 0.875234	-0.782006	-0.484260	 0.498096
-0.242718	-1.315901	 0.360657	 0.499366	 0.388881	 0.499262	-0.334814	 0.836508	 0.871733	-0.872607	-0.491251	 0.498096
-0.041690	-1.310638	 0.360657	 0.499366	 0.388881	 0.499353	-0.334813	 0.646804	 0.868247	-0.915980	-0.494747	 0.498096
 0.058824	-1.305395	 0.360657	 0.499366	 0.388881	 0.499398	-0.334813	 0.551952	 0.864774	-0.935748	-0.496495	 0.498096
-0.390919	-1.300173	 0.860657	 0.499366	 0.388881	 0.499421	-0.334812	 0.504525	 0.861314	-0.943722	 0.002631	 0.498096
-0.614110	-1.294973	 1.107936	 0.499366	 0.388881	 0.499433	-0.334812	 0.480812	 0.857869	-0.945805	 0.251191	 0.498096
-0.224030	-1.289793	 0.728865	 0.499366	-0.611119	 0.499438	-0.834812	 0.468956	 0.354438	-0.944950	-0.124529	 0.498096
-0.028990	-1.284634	 0.539329	 0.499366	-1.107897	 0.499441	-1.082143	 0.463028	 0.102722	-0.942635	-0.311389	 0.498096
-0.431471	-1.279495	 0.444561	 0.499366	-0.353076	 0.499443	-0.703149	 0.460064	 0.476864	-0.939597	 0.095181	 0.498096
-0.631043	-1.274377	 0.397177	 0.499366	 0.024334	 0.499443	-0.513652	 0.458581	 0.662233	-0.936205	 0.297463	 0.498096
-0.229168	-1.269280	 0.873485	 0.499366	 0.213039	 0.499444	-0.418904	 0.457840	 0.753223	-0.932643	 0.398604	 0.498096
-0.028230	-1.264202	 1.108940	 0.499366	 0.307392	 0.499444	-0.371529	 0.457470	 0.797029	-0.929004	 0.449174	 0.498096
 0.072239	-1.259146	 1.223978	 0.499366	 0.354568	 0.499444	-0.347842	 0.457285	 0.817250	-0.925334	 0.474459	 0.498096
 0.122473	-1.254109	 0.778820	 0.499366	 0.378156	 0.499444	-0.335999	 0.457192	 0.825686	-0.921655	-0.012898	 0.498096
 0.147590	-1.249093	 0.556240	 0.499366	 0.389950	 0.499444	-0.330077	 0.457146	 0.828236	-0.917980	-0.255576	 0.498096
-0.339851	-1.244096	 0.944950	 0.499366	 0.395847	 0.499444	-0.327116	 0.457123	 0.827849	-0.914314	 0.123085	 0.498096
-0.581917	-1.239120	 1.136638	 0.499366	 0.398796	 0.499444	-0.325636	 0.457111	 0.826001	-0.910659	 0.311412	 0.498096
-0.701302	-0.734163	 0.729825	 0.499366	 0.400270	 0.499444	-0.324895	 0.457105	 0.823428	-0.907018	 0.405575	 0.498096
-0.759353	-0.481685	 0.526419	 0.499366	 0.401007	 0.499444	-0.324525	 0.457102	 0.820500	-0.903391	 0.452657	 0.498096
-0.786744	-0.855446	 0.924716	 0.499366	-0.098624	 0.499444	-0.324340	 0.457101	 0.817401	-0.899778	 0.476198	-0.001904
-0.798811	-1.039868	 1.121218	 0.499366	-0.347244	 0.499444	-0.324248	 0.457100	 0.814223	-0.896179	 0.487968	-0.250900
-0.803223	-1.129631	 1.216834	 0.499366	 0.029639	 0.499444	-0.824201	 0.457100	 0.811012	-0.892594	-0.006147	 0.124602
-0.803814	-1.172073	 1.262017	 0.499366	 0.218080	 0.499444	-1.071530	 0.457100	 0.807791	-0.889024	-0.252204	 0.311353
-0.802500	-1.190865	 1.281994	 0.499366	 0.312300	 0.499444	-1.192557	 0.457100	 0.804571	-0.885468	-0.375232	 0.404728
-0.800241	-1.197842	 0.789379	-0.000634	 0.359410	 0.499444	-0.750443	 0.457099	 0.801358	-0.381926	-0.436746	 0.451416
-0.797516	-1.198921	 0.543071	-0.249632	 0.382966	 0.499444	-0.529386	 0.457099	 0.798156	-0.130155	-0.467503	 0.474760
-0.794563	-1.197060	 0.419917	 0.125868	-0.105257	 0.499444	-0.418857	 0.957099	 0.794964	-0.504269	-0.482882	 0.486432
-0.791504	-1.193739	 0.358340	 0.312616	-0.348181	 0.499444	-0.363593	 1.204185	 0.791785	-0.689570	-0.490571	 0.492268
-0.788397	-1.189698	 0.327552	 0.405990	 0.031539	 0.499444	-0.335961	 0.824826	 0.788619	-0.780470	-0.494416	 0.495186
-0.785273	-1.185306	 0.312158	 0.452676	 0.221399	 0.499444	-0.322145	 0.635146	 0.785464	-0.824178	-0.496338	 0.496645
-0.782147	-1.180748	 0.804460	 0.476020	 0.316329	 0.499444	-0.315237	 0.540306	 0.782323	-0.844296	 0.002701	 0.497374
-0.779026	-1.176117	 1.048018	 0.487692	 0.363794	 0.499444	-0.311783	 0.492886	 0.779193	-0.852626	 0.251217	 0.497739
-0.775914	-1.171459	 1.167214	 0.493527	 0.387527	 0.499444	-0.310056	 0.469176	 0.776077	-0.855069	 0.375475	 0.497921
-0.272812	-1.166796	 0.724239	 0.496445	 0.399393	 0.499444	-0.309192	 0.457321	 0.772972	-0.854576	-0.062396	 0.498012
-0.021261	-1.162140	 0.502752	 0.497904	 0.405326	 0.499444	-0.308761	 0.451393	 0.769880	-0.852621	-0.280331	 0.498058
 0.104514	-1.157497	 0.392008	 0.498634	 0.408292	 0.499444	-0.808545	 0.448430	 0.766801	-0.349942	-0.389299	 0.498081
 0.167402	-1.152870	 0.336636	 0.498999	 0.409776	 0.499444	-1.055820	 0.446948	 0.763734	-0.098603	-0.443783	 0.498092
-0.301154	-1.148260	 0.808950	 0.499181	 0.410517	 0.499444	-1.176852	 0.446207	 0.760679	-0.472933	-0.471024	 0.498098
-0.533893	-1.143668	 1.042545	 0.499272	 0.410888	 0.499444	-1.234772	 0.445836	 0.757636	-0.658404	-0.484645	 0.498101
-0.648729	-1.139093	 1.156790	 0.499318	 0.411074	 0.499444	-0.761146	 0.945651	 0.254605	-0.749451	 0.008544	 0.498102
-0.704620	-1.134537	 1.211370	 0.499341	 0.411166	 0.499444	-0.524333	 1.192668	 0.003090	-0.793294	 0.254135	 0.498103
-0.731044	-1.129999	 1.236128	 0.499352	 0.411213	 0.499444	-0.405927	 1.313296	-0.122667	-0.813541	 0.376931	 0.498103
-0.242741	-1.125479	 0.745986	 0.499358	 0.411236	 0.499444	-0.346724	 0.870743	 0.314454	-0.821997	-0.061671	 0.498103
 0.001410	-1.120977	 0.500915	 0.499360	 0.411247	 0.499444	-0.317122	 0.649466	 0.531511	-0.824564	-0.279972	 0.498104
-0.376514	-1.116493	 0.878379	 0.499362	 0.411253	 0.499444	-0.302322	 1.038828	 0.638543	-0.824193	-0.389122	 0.498104
-0.563967	-1.112027	 1.064599	 0.499363	 0.411256	 0.499444	-0.294921	 1.230652	 0.690567	-0.822360	-0.443697	 0.498104
-0.156191	-1.107579	 1.155208	 0.499363	 0.411258	 0.499444	-0.291221	 1.323720	 0.715094	-0.819803	-0.470985	 0.498104
 0.047697	-1.103149	 1.198021	 0.499363	 0.411258	 0.499444	-0.289371	 1.367420	 0.725879	-0.816890	-0.484628	 0.498104
-0.350359	-1.098736	 1.216945	 0.499363	 0.411259	 0.499444	-0.288446	 1.386448	 0.729798	-0.813805	-0.491450	 0.498104
-0.547890	-1.094341	 1.223936	 0.499363	 0.411259	 0.499444	-0.287983	 1.393150	 0.730290	-0.810641	-0.494861	 0.498104
-0.645165	-1.089964	 1.224969	 0.499363	 0.411259	 0.499444	-0.287752	 1.393702	 0.729074	-0.807444	-0.496567	 0.498104
-0.192317	-1.085604	 0.723034	 0.499363	 0.411259	 0.499444	 0.212364	 0.891190	 0.727011	-0.804238	 0.002581	 0.498104
 0.034106	-1.081262	 0.472066	 0.499363	 0.411259	 0.499444	 0.460996	 0.639933	 0.724529	-0.801032	 0.251151	 0.498104
-0.352682	-1.076937	 0.846583	 0.499363	 0.411259	 0.499444	 0.083894	 0.514305	 0.721844	-0.797834	-0.124564	 0.498104
-0.544597	-1.072629	 1.031398	 0.499363	 0.411259	 0.499444	-0.104658	 0.451491	 0.719063	-0.794645	-0.311421	 0.498104
-0.639082	-1.068338	 1.121374	 0.499363	 0.411259	 0.499444	-1.198933	 0.420084	 0.716240	-0.291468	 0.095150	 0.498104
-0.684857	-1.064065	 1.163939	 0.499363	 0.411259	 0.499444	-1.741485	 0.404381	 0.713402	-0.039879	 0.297433	 0.498104
-0.206283	-1.059809	 0.682809	 0.499363	 0.411259	 0.499444	-1.008193	 0.896529	 0.710562	-0.414085	-0.101426	 0.498104
 0.033004	-1.055570	 0.442243	 0.499363	 0.411259	 0.499444	-0.641546	 1.139826	 0.707726	-0.599611	-0.299855	 0.498104
 0.152647	-1.051347	 0.321961	 0.499363	 0.411259	 0.499444	-0.458223	 1.258708	 0.704899	-0.690804	-0.399069	 0.498104
 0.212469	-1.047142	 0.261819	 0.499363	 0.411259	 0.499444	-0.366562	 0.815394	 0.702081	-0.734837	-0.448676	 0.498104
 0.242380	-1.042953	 0.231749	 0.499363	 0.411259	 0.499444	-0.320731	 0.593737	 0.699273	-0.755295	-0.473480	 0.498104
-0.242665	-1.038782	 0.716713	 0.499363	 0.411259	 0.499444	-0.297816	 0.482908	 0.696476	-0.763973	-0.485882	 0.498104
-0.483732	-1.034626	 0.956792	 0.499363	 0.411259	 0.499444	-0.286358	 0.427494	 0.693691	-0.766766	-0.492083	 0.498104
-0.602815	-1.030488	 0.574438	 0.499363	 0.411259	-0.000556	-0.280629	 0.399787	 0.690916	-0.266624	 0.004817	 0.498104
-0.660914	-1.026366	 0.383261	 0.499363	 0.411259	-0.249555	-0.277765	 0.385933	 0.688152	-0.016553	 0.252263	 0.498104
-0.688525	-1.022260	 0.287672	 0.499363	 0.411259	 0.125946	-0.776332	 0.379006	 0.685400	 0.108483	 0.375986	 0.498104
-0.700898	-1.018171	 0.239878	 0.499363	 0.411259	 0.312693	-1.023067	 0.375543	 0.682658	 0.171000	 0.437848	 0.498104
-0.705658	-1.014099	 0.215981	 0.499363	 0.411259	 0.406067	-1.143894	 0.373811	 0.679928	 0.202259	 0.468779	 0.498104
-0.206617	-1.010042	 0.204032	 0.499363	 0.411259	 0.452754	-0.701778	 0.872945	 0.677208	-0.282111	 0.484244	 0.498104
 0.042903	-1.006002	 0.198058	 0.499363	 0.411259	 0.476097	-0.480720	 1.119768	 0.674499	-0.522764	 0.491977	 0.498104
-0.332336	-1.001978	 0.195071	 0.499363	 0.411259	 0.487769	-0.370191	 0.740446	 0.671801	-0.641563	 0.495843	 0.498104
-0.518541	-0.997970	 0.193577	 0.499363	 0.411259	 0.493605	-0.314927	 0.550786	 0.669114	-0.699442	 0.497776	 0.498104
-0.110234	-0.493978	 0.192831	 0.499363	 0.411259	 0.496523	-0.287295	 0.455955	 0.666437	-0.726867	 0.498743	 0.498104
 0.093919	-0.241982	 0.192457	 0.499363	 0.411259	 0.497981	-0.273479	 0.408540	 0.663772	-0.739070	 0.499226	 0.498104
-0.304004	-0.615984	 0.192271	 0.499363	 0.411259	 0.498711	-0.266571	 0.384832	 0.661117	-0.743670	-0.000532	 0.498104
