-0.103730	-0.967085	 0.321264	 0.389576	 0.361255	 0.125527	-0.417704	 0.463013	 0.634100	-0.366969	-0.387163	 0.499726
 0.091136	-1.017943	 0.314973	 0.444045	 0.361255	 0.312275	-0.362441	 0.463013	 0.631564	-0.552613	-0.443183	 0.499726
-0.311432	-1.041234	 0.311827	 0.471279	 0.361255	 0.405649	 0.165191	 0.463013	 0.629038	-0.643958	 0.028808	 0.499726
-0.511287	-1.050751	 0.310254	 0.484896	 0.361255	 0.452336	 0.427621	 0.463013	 0.626522	-0.688160	 0.263801	 0.499726
-0.609793	-0.553389	 0.309468	 0.491705	 0.361255	 0.475680	-0.442544	 0.963013	 0.624016	-0.708797	 0.381298	 0.499726
-0.657629	-0.304708	 0.309074	 0.495109	 0.361255	 0.487352	-0.875001	 1.210087	 0.621519	-0.717656	 0.440047	 0.499726
-0.680136	-0.180367	 0.308878	 0.496811	 0.361255	 0.493188	-1.088615	 1.330710	 0.619033	-0.720633	 0.469421	 0.499726
-0.689984	-0.618197	 0.808779	 0.497662	 0.361255	 0.496106	-0.692817	 0.888118	 0.616557	-0.720674	-0.015892	 0.499726
-0.693509	-0.835000	 1.056113	 0.498088	 0.361255	 0.497565	-0.494918	 0.666823	 0.614091	-0.719253	-0.257546	 0.499726
-0.693877	-0.441297	 0.677173	 0.498301	 0.361255	 0.498294	-0.395969	 1.056175	 0.611635	-0.717107	 0.121627	 0.499726
-0.692673	-0.244446	 0.487703	 0.498407	 0.361255	 0.498659	-0.346494	 1.247960	 0.609188	-0.714604	 0.310212	 0.499726
-0.690688	-0.646021	 0.892968	 0.498460	 0.361255	 0.498841	-0.321757	 0.840973	 0.606751	-0.711928	-0.095496	 0.499726
-0.688318	-0.844713	 1.093004	 0.498487	 0.361255	 0.498932	-0.309388	 0.637479	 0.604324	-0.709172	-0.297347	 0.499726
-0.185761	-0.941972	 0.690436	 0.498500	 0.361255	 0.498978	-0.303204	 0.535733	 0.101907	-0.706381	-0.398273	 0.499726
 0.065518	-0.988523	 0.489152	 0.498507	 0.361255	 0.499001	-0.300112	 0.484859	-0.149302	-0.703578	-0.448736	 0.499726
 0.191157	-1.009729	 0.388510	 0.498510	 0.361255	 0.499012	-0.298566	 0.459423	-0.274906	-0.700775	-0.473967	 0.499726
-0.246023	-1.018269	 0.338189	 0.498512	 0.361255	 0.499018	-0.297793	 0.446704	 0.162292	-0.697978	-0.486583	 0.499726
-0.463247	-1.020486	 0.313028	 0.498512	 0.361255	 0.499021	-0.297406	 0.440345	 0.379692	-0.695189	-0.492891	 0.499726
-0.570498	-1.019549	 0.800448	 0.498513	 0.361255	 0.499022	-0.297213	 0.937166	 0.487198	-0.692409	-0.496045	 0.499726
-0.622768	-1.017043	 1.041582	 0.498513	 0.361255	 0.499023	-0.297116	 1.182708	 0.539761	-0.689640	-0.497622	 0.499726
-0.647553	-1.013761	 1.159584	 0.498513	 0.361255	 0.499023	-0.297068	 1.302622	 0.564858	-0.186882	 0.001590	 0.499726
-0.658601	-1.010100	 1.216029	 0.498513	 0.361255	 0.499023	-0.297044	 1.359735	 0.576227	 0.064497	 0.250194	 0.499726
-0.662785	-1.006256	 1.241707	 0.498513	 0.361255	 0.999023	 0.202968	 1.385457	 0.580736	 0.190186	 0.374496	 0.499726
-0.663544	-1.002329	 1.252011	 0.498513	 0.361255	 1.246025	 0.451568	 1.395496	 0.581820	 0.253031	 0.436647	 0.499726
-0.662594	-0.998369	 1.254639	 0.498513	 0.361255	 1.366540	 0.574468	 1.397704	 0.581196	 0.284454	 0.467723	 0.499726
-0.160796	-0.494400	 1.253438	 0.498513	 0.361255	 0.923824	 0.134523	 1.396009	 0.079723	-0.199835	 0.483260	 0.499726
 0.090103	-0.242415	 1.250333	 0.498513	 0.361255	 0.702465	-0.085449	 1.392372	-0.171013	-0.440611	 0.491029	 0.499726
-0.284448	-0.116423	 1.246286	 0.998513	 0.361255	 0.591786	 0.304565	 1.387776	 0.203618	-0.559637	-0.005086	 0.499726
-0.470405	-0.053427	 1.241778	 1.245516	 0.361255	 0.536447	 0.498182	 1.382712	 0.389778	-0.617792	-0.252142	 0.499726
-0.062071	-0.021929	 0.737050	 0.866033	 0.361255	 1.008777	 0.093608	 1.377425	 0.481706	-0.645518	 0.124331	 0.499726
 0.142096	-0.006180	 0.484685	 0.676291	 0.361255	 1.241980	-0.108680	 1.372037	 0.526522	-0.658034	 0.311565	 0.499726
-0.255820	-0.498306	 0.858503	 1.081420	 0.361255	 0.855631	-0.209823	 1.366610	 0.547788	-0.662951	 0.405183	 0.499726
-0.453471	-0.742387	 1.042948	 1.281012	 0.361255	 0.662456	-0.260395	 1.361174	 0.557283	-0.664074	 0.451991	 0.499726
-0.550994	-0.862455	 1.132715	 1.377846	 0.361255	 0.565869	-0.285681	 1.355744	 0.560896	-0.663305	 0.475395	 0.499726
-0.598459	-0.420524	 1.175154	 0.923314	 0.361255	 0.517576	-0.298324	 1.350329	 0.561574	-0.661596	 0.487098	 0.499726
-0.620899	-0.199559	 1.193938	 0.696048	 0.361255	 0.493429	-0.304646	 1.344931	 0.560789	-0.659421	 0.492949	 0.499726
-0.130833	-0.089076	 1.200905	 0.582415	 0.361255	 0.481355	-0.307806	 1.339553	 0.559276	-0.657019	 0.495874	 0.499726
 0.114200	-0.033835	 1.201972	 0.525598	 0.361255	 0.475319	-0.309387	 1.334196	 0.557404	-0.654509	 0.497337	 0.499726
-0.263283	-0.506214	 1.200100	 0.497190	 0.361255	 0.472300	 0.189823	 1.328860	 0.555357	-0.651950	-0.001932	 0.499726
-0.450743	-0.740446	 1.196767	 0.482986	 0.361255	 0.470791	 0.438050	 1.323545	 0.553227	-0.649372	-0.250564	 0.499726
-0.543197	-0.355613	 0.692714	 0.475884	 0.361255	 0.470037	 0.560791	 1.318251	 0.551060	-0.646789	-0.374879	 0.499726
-0.588152	-0.163197	 0.440687	 0.472333	 0.361255	 0.469659	 0.620794	 1.312978	 0.548878	-0.644209	-0.437037	 0.499726
-0.609364	-0.066988	 0.314674	 0.470557	 0.361255	 0.469471	 0.649434	 1.307726	 0.546694	-0.641636	-0.468116	 0.499726
-0.118709	-0.518884	 0.251668	 0.469670	 0.361255	 0.469376	 0.162398	 0.802495	 0.544513	-0.639071	-0.483656	 0.499726
 0.126619	-0.742891	 0.220164	 0.469226	 0.361255	 0.469329	-0.081120	 0.549879	 0.542338	-0.636516	-0.491426	 0.499726
-0.250717	-0.852960	 0.704413	 0.469004	 0.361255	 0.969306	 0.297121	 0.923572	 0.540170	-0.633970	 0.004689	-0.000274
-0.438129	-0.906069	 0.944159	 0.468893	 0.361255	 1.216355	 0.484891	 1.107823	 0.538010	-0.631435	 0.251745	-0.249274
-0.030584	-0.430705	 1.061665	 0.968837	 0.361255	 1.336953	 0.577430	 1.197365	 0.535858	-0.128909	 0.375273	-0.373773
 0.173189	-0.193023	 1.118059	 1.215872	 0.361255	 1.394337	 0.622360	 1.239562	 0.533715	 0.122354	 0.437037	-0.436023
 0.275075	 0.425818	 0.643908	 0.836464	 1.361255	 0.920126	 0.643491	 0.758097	 0.031580	 0.747985	 0.467919	-0.467148
 0.326018	 0.733149	 0.406832	 0.646759	 1.856532	 0.683020	 0.652727	 0.517364	-0.219487	 1.058054	 0.483360	-0.482711
 0.351490	 0.884734	 0.288294	 0.551907	 2.099467	 0.564467	 0.656021	 0.396998	-0.345021	 1.210352	 0.491081	-0.490492
 1.364225	 3.458454	-0.270975	 0.004481	 2.216250	 0.505191	 1.156349	-0.663185	-1.407788	 3.283775	 0.994941	-0.994382
 1.865839	 4.733249	-0.548949	-0.268146	 2.269975	 0.475552	 1.403200	-1.189830	-1.934230	 4.309773	 1.243874	-1.243331
 2.611911	 7.358631	-1.186282	-0.903378	 2.792191	 0.460733	 1.523325	-2.449719	-3.192530	 5.812100	 1.365354	-1.864821
 2.978232	 8.651354	-1.501301	-1.217917	 3.046669	 0.453324	 1.580101	-3.072245	-3.812778	 6.548635	 1.423121	-2.170593
 3.154702	 9.777827	-2.155178	-1.372121	 3.167307	 0.449619	 1.605215	-3.376118	-4.114036	 7.402332	 1.449042	-2.318527
 3.236276	 10.319255	-2.476499	-1.446171	 3.221049	 0.447767	 1.614511	-3.520695	-4.255835	 7.812668	 1.459053	-2.387560
 3.770426	 12.068248	-2.131563	-1.480155	 3.741371	-0.053160	 2.115912	-3.585652	-4.817939	 8.501390	 1.961121	-2.417164
 4.028893	 12.915110	-1.955522	-1.494119	 3.993008	-0.302515	 2.361378	-3.610830	-5.088230	 8.827371	 2.207228	-2.427072
 4.149551	 13.311016	-1.863943	-1.498085	 4.110338	-0.426088	 2.478897	-3.616147	-5.212659	 8.972055	 2.325375	-2.427153
 4.201340	 13.981556	-2.314609	-1.497064	 4.160547	-0.486776	 2.532464	-3.611562	-5.264200	 9.526163	 2.379561	-2.922338
 4.218728	 14.287522	-2.534411	-1.493561	 4.177230	-0.516025	 2.554075	-3.602056	-5.279338	 9.783057	 2.401787	-3.163096
 4.718950	 14.911318	-2.638803	-1.488830	 4.177184	-0.529559	 2.559729	-4.090118	-5.276319	 9.891424	 2.408052	-3.276667
 4.958623	 15.192145	-2.685513	-1.483496	 4.168807	-0.535239	 2.557425	-4.324992	-5.264262	 9.925608	 2.406356	-3.326672
 5.068062	 15.301613	-2.703404	-1.477872	 4.156297	-0.536998	 2.551163	-3.933310	-5.247730	 10.422780	 2.400698	-3.344922
 5.112427	 15.325525	-2.706907	-1.472116	 4.141755	-0.536800	 2.542943	-3.730385	-5.229001	 10.649526	 2.393079	-3.347320
 5.124296	 15.306782	-2.703237	-1.466305	 4.126229	-0.535627	 2.533763	-3.621868	-5.209216	 10.741147	 2.384499	-3.341820
 5.119958	 15.266834	-2.696003	-1.460479	 4.110245	-0.533972	 2.524124	-3.560583	-5.188945	 10.765292	 2.375457	-3.332397
 5.107558	 15.216407	-2.687009	-1.454657	 4.094065	-0.532080	 2.514275	-3.522942	-5.168472	 10.755785	 2.366203	-3.321039
 4.591167	 15.160861	-2.677155	-1.448848	 4.077818	-0.530074	 2.504342	-3.497151	-5.147939	 10.729540	 2.356862	-3.308741
 4.324823	 15.102878	-2.666894	-1.443057	 4.061572	-0.528014	 2.494387	-3.477312	-5.127418	 10.695010	 2.347497	-3.295999
 4.683533	 15.543796	-2.656450	-1.937287	 4.045358	-0.525933	 2.484440	-3.460478	-5.106944	 10.656424	 2.338138	-3.283062
 4.852804	 15.732286	-2.645936	-2.179539	 4.029193	-0.523844	 2.474518	-3.445174	-5.086534	 10.615896	 2.328801	-3.270053
 4.927395	 15.794689	-2.635409	-1.795822	 4.013085	-1.021756	 2.464628	-3.430662	-5.066196	 10.574481	 2.319494	-3.257034
 4.954687	 15.794177	-2.624895	-1.601139	 3.997036	-1.267673	 2.454773	-3.416574	-5.045936	 10.532707	 2.310219	-3.244037
 4.958369	 15.762333	-2.614409	-1.500984	 3.981050	-0.887604	 2.444956	-3.402725	-5.025754	 10.490838	 2.300980	-3.231076
 4.950286	 15.714950	-2.603959	-1.448106	 3.965127	-0.696555	 2.435177	-3.389022	-5.005653	 10.449006	 2.291778	-3.218160
 4.936360	 15.659924	-2.593546	-1.418876	 3.949267	-0.600019	 2.425437	-3.375420	-4.985631	 10.407276	 2.282611	-3.205291
 4.919552	 16.101201	-2.083174	-1.401481	 3.933470	-0.550744	 2.415735	-3.361896	-4.965688	 10.365679	 2.273481	-3.192472
 4.901342	 16.288754	-1.824842	-1.390016	 3.917737	-0.525104	 2.406072	-3.348437	-4.945826	 10.324233	 2.264387	-3.179703
 4.882472	 15.849578	-2.192543	-1.881526	 4.402066	-0.512284	 2.396448	-3.335037	-4.926042	 10.282944	 2.255329	-3.166984
 4.863309	 15.599170	-2.371273	-2.122535	 4.634457	-0.505874	 2.386862	-3.321694	-4.906338	 10.241817	 2.246308	-3.154317
 4.844039	 15.943268	-2.455538	-1.738313	 4.240920	-0.502669	 2.377315	-3.308406	-4.886713	 10.200851	 2.237323	-3.141700
 4.824755	 16.082742	-2.492591	-1.543493	 4.036456	-0.501066	 2.367806	-3.295172	-4.867166	 10.160049	 2.228374	-3.129133
 4.805502	 16.120035	-2.506058	-1.443386	 4.426560	-0.500265	 2.358334	-3.281991	-4.847697	 10.619409	 2.219460	-3.116616
 4.786303	 16.106367	-2.507753	-1.390646	 4.611979	-0.499864	 2.348901	-3.268863	-4.828307	 10.826932	 2.210582	-3.104150
 4.767169	 16.067347	-2.503581	-1.361600	 4.695093	-0.499664	 2.339505	-3.255787	-4.808993	 10.908624	 2.201740	-3.091733
 4.748106	 16.015781	-2.496497	-1.344412	 4.727094	-0.499564	 2.330147	-3.242764	-4.789757	 10.927490	 2.192933	-3.079366
 4.729116	 15.958069	-2.487975	-1.333164	 4.733577	-0.499514	 2.320827	-3.229793	-4.770598	 10.915030	 2.184161	-3.067049
 4.710201	 15.897412	-2.478756	-1.324896	 4.727338	-0.499489	 2.811544	-3.216874	-4.751516	 10.886995	 2.175425	-3.054781
 4.691361	 15.835411	-2.469207	-1.318129	 4.714776	-0.499476	 3.050297	-3.204006	-4.732510	 10.851259	 2.166723	-3.042562
 4.672596	 15.772863	-2.459513	-1.312122	 4.699091	-0.999470	 3.163096	-3.691190	-4.713580	 10.811761	 2.158056	-3.030391
 4.653906	 15.710168	-2.449767	-1.306507	 4.681881	-1.246468	 3.212944	-3.926425	-4.694726	 10.770467	 2.149424	-3.018270
 4.635290	 15.647526	-2.440014	-1.301097	 4.663947	-0.866980	 2.731342	-3.535720	-4.675947	 10.228361	 2.140826	-3.006197
 4.116749	 15.585035	-2.430276	-1.295801	 4.645688	-0.677236	 2.486042	-3.334077	-4.657243	 8.937936	 1.632263	-2.494172
 3.850282	 15.522745	-2.420567	-1.290572	 4.627304	-0.582364	 2.358910	-3.226991	-4.638614	 8.277429	 1.375734	-2.234195
 3.709881	 15.460679	-2.410890	-1.285387	 4.608894	-0.534928	 2.290881	-3.167208	-4.620059	 7.931941	 1.245231	-2.100258
 3.632542	 11.898848	-1.901250	-1.280234	 3.090508	-0.011210	 1.252420	-2.631101	-3.601579	 5.244024	 0.677750	-1.529357
 3.586762	 10.101259	-1.643646	-1.275107	 2.328170	 0.249624	 0.733190	-2.358858	-3.087173	 3.894954	 0.394009	-1.241990
 2.056790	 6.185857	-1.012072	-1.270004	 0.943870	 0.379020	-0.026425	-1.718563	-1.824824	 1.215327	-0.247861	-0.596397
 1.290750	 4.223615	-0.696285	-1.264922	 0.251720	 0.442701	-0.404661	-1.396259	-1.192525	-0.121558	-0.567016	-0.273601
 0.906681	 3.237972	-0.538392	-1.259862	-0.094355	 0.473529	-0.592212	-1.232959	-0.875255	-0.787084	-0.724822	-0.112202
 0.213601	 1.240645	-0.459445	-0.754822	-1.267393	 0.487934	-0.684429	-0.649170	-0.715504	-1.616941	-0.801959	-0.031503
-0.132939	 0.243495	-0.419972	-0.502302	-1.849031	 0.494132	-0.728984	-0.357276	-0.634517	-2.026977	-0.838770	 0.008846
-0.306209	-2.253572	 0.099765	-0.376042	-2.134988	 0.496231	-1.249714	-0.211328	-0.592916	-2.227120	-0.855424	 0.029021
-0.392844	-3.492605	 0.358394	-0.312912	-2.273125	 0.497280	-1.506539	-0.138355	-0.571013	-2.322337	-0.862007	 0.039109
-0.436162	-4.102658	 0.486475	-0.281347	-2.337371	 0.497804	-1.631424	-0.101868	-0.558964	-2.365111	-0.863561	 0.044152
-0.957820	-4.398259	 0.549286	-0.265565	-2.364691	 0.498067	-1.690354	-0.083624	-1.551845	-1.881682	-0.862608	 0.046674
-1.215691	-4.536672	 0.579468	-0.257674	-2.373567	 0.498198	-1.716321	-0.074503	-2.043196	-1.637171	-0.860408	 0.047935
-1.341679	-4.596528	 0.593339	-0.753728	-2.373240	-0.001737	-1.725819	-0.069942	-1.283803	-2.012130	-0.857592	 0.048565
-1.401738	-4.617143	 0.599060	-0.999256	-2.368330	-0.250700	-1.727098	-0.067661	-0.903057	-2.194836	-0.854474	 0.048881
-1.428843	-4.618175	 0.600711	-0.619530	-1.861149	-0.375182	-1.724281	-0.066521	-0.211640	-2.281433	-0.851213	 0.049038
-1.439484	-4.609453	 0.600332	-0.429667	-2.104850	 0.062577	-1.719429	-0.065951	-0.365931	-2.319996	-0.847886	 0.049117
-1.441905	-4.595891	 0.598943	-0.334736	-2.222004	 0.280455	-1.713574	-0.065666	-0.442036	-2.334560	-0.844533	 0.049157
-1.440226	-4.579945	 0.597053	-0.287270	-2.275902	 0.389395	-1.707231	-0.065523	-0.479053	-2.337144	-0.841175	 0.049176
-1.436510	-4.562844	 0.594918	-0.263537	-1.798192	 0.443865	-1.200658	 0.434548	 0.003471	-1.833757	-0.837820	 0.549186
-1.431786	-4.545202	 0.592664	-0.251671	-1.556696	 0.471099	-0.945983	 0.682714	 0.244733	-1.579402	-0.834474	 0.797093
-1.426570	-4.527325	 0.590357	-0.245737	-1.433317	 0.484717	-0.817263	 0.804936	 0.365364	-1.449575	-0.831138	 0.918956
-1.421119	-4.509369	 0.588027	-0.242771	-1.369008	 0.491526	-0.751526	 0.364192	 0.425680	-1.882022	-0.827815	 0.977806
-1.415562	-4.491407	 0.585691	-0.241287	-1.334244	 0.494930	-0.717286	 0.143820	 0.455838	-2.093616	-0.824504	 1.005158
-1.409964	-3.973480	 0.583356	-0.240546	-1.314263	 0.496632	-0.698800	 0.033634	 0.470917	-1.694803	-0.821206	 1.016768
-1.404356	-3.707605	 0.581027	-0.240175	-1.301684	 0.497483	-0.688196	-0.021459	 0.478456	-1.492804	-0.817922	 1.020517
-1.398755	-3.567784	 0.578704	-0.239990	-1.292816	 0.497909	-1.181539	-0.049005	 0.482226	-1.889223	-0.814650	 0.520343
-1.393168	-3.491018	 0.576391	-0.239897	-1.285815	 0.498122	-1.424861	-0.062778	 0.484111	-2.082862	-0.811392	 0.270256
-1.387599	-3.445806	 0.574086	-0.239850	-1.279756	 0.498228	-1.543185	-0.069665	 0.485053	-2.175128	-0.808146	 0.145212
-0.882051	-3.416399	 0.571789	-0.239827	-1.274179	 0.498281	-1.099024	 0.426892	 0.485524	-2.216726	-0.304913	 0.582690
-0.629276	-3.394921	 0.569502	-0.239816	-1.268854	 0.498308	-0.875634	 0.673323	 0.485760	-2.233009	-0.053297	 0.799389
-0.502889	-3.377436	 0.567224	-0.239810	-1.263664	 0.498321	-0.762635	 0.794699	 0.485878	-1.736651	 0.072511	 0.905706
-0.439696	-3.361973	 0.564956	-0.239807	-1.258552	 0.498328	-0.704836	 0.853555	 0.485936	-1.485992	 0.135415	 0.956841
-0.408099	-3.347549	 0.562696	 0.260194	-1.253489	 0.498331	-1.174642	 0.881159	 0.485966	-1.858192	 0.166867	 0.980392
-0.392301	-3.333670	 0.560445	 0.508675	-1.248461	 0.498333	-1.406256	 0.893143	 0.485981	-2.039831	 0.182593	 0.990160
-0.384401	-3.320091	 0.558203	 0.631401	-1.243460	 0.498333	-1.018788	 0.897324	 0.485988	-2.126207	 0.190456	 0.993044
-0.380452	-3.306689	 0.555970	 0.691255	-1.238483	 0.498334	-0.823791	 0.897612	 0.485992	-2.164970	 0.194388	 0.992494
-0.378477	-3.293401	 0.553747	 0.719680	-1.233527	 0.498334	-0.725035	 0.895960	 0.485994	-2.179945	 0.196353	 0.990235
-0.877490	-3.280197	 0.551532	 0.732397	-1.228592	 0.498334	-1.174404	 0.893346	 0.485994	-2.183042	-0.302664	 0.487130
-1.124243	-3.267061	 0.549325	 0.737265	-1.223677	 0.498334	-1.395841	 0.890257	 0.485995	-2.180218	-0.550569	 0.235577
-1.244878	-3.253985	 0.547128	 0.738214	-1.718782	 0.498334	-1.003325	 0.386938	 0.485995	-2.174451	-0.672925	 0.609801
-1.302464	-3.240965	 0.544940	 0.737211	-1.961907	 0.498334	-0.805846	 0.135279	 0.485995	-2.167231	-0.732512	 0.794945
-1.328537	-3.228000	 0.542760	 0.735237	-1.579059	 0.498334	-1.205889	 0.509449	 0.485995	-2.159300	-0.760721	 0.385557
-1.338864	-3.215087	 0.540589	 0.732783	-1.385243	 0.498334	-1.402699	 0.694767	 0.485995	-2.151033	-0.773248	 0.180862
-1.341329	-3.202226	 0.538426	-0.269904	-1.285952	 0.498334	-0.997905	 0.785666	 0.485995	-2.142613	-0.777940	 0.578515
-1.339875	-3.189417	 0.536273	-0.768703	-1.233933	 0.498334	-0.794322	 0.829362	 0.485995	-2.134135	-0.778721	 0.775389
-1.336470	-3.176659	 0.534128	-1.015567	-1.205560	 0.498334	-0.691349	 0.849464	 0.485995	-2.125645	-0.777552	 0.871882
-1.332102	-3.163952	 0.531991	-0.136474	-1.189019	 0.498334	-1.138685	 0.857776	 0.485995	-2.117165	-0.275415	 0.918192
-1.327262	-3.151296	 0.529863	 0.301587	-1.178404	 0.498334	-1.359182	 0.860200	 0.485995	-2.108708	-0.024346	 0.939417
-0.822198	-3.138691	 0.527744	 0.519138	-1.170760	 0.498334	-0.966270	 0.859687	 0.485995	-2.100279	-0.398812	 0.948109
-0.569665	-3.126136	 0.525633	 0.626440	-1.164612	 0.498334	-0.768668	 0.857712	 0.485995	-2.091881	-0.584498	 0.950541
-0.443399	-3.113632	 0.523530	 0.178624	-1.159222	 0.498334	-1.668725	 0.855013	 0.485995	-2.083515	-0.175801	 0.449851
-0.380266	-3.101177	 0.521436	-0.045284	-1.154218	 0.498334	-2.113616	 0.851958	 0.485995	-2.075181	 0.028547	 0.199506
-0.348700	-3.088773	 0.519350	-0.157238	-1.149418	 0.498334	-1.330944	 0.848734	 0.485995	-2.066881	-0.369278	 0.574334
-0.332916	-3.076417	 0.517273	-0.213215	-1.144729	 0.498334	-0.938512	 0.845430	 0.485995	-2.058613	-0.566657	 0.759849
-0.325025	-3.064112	 0.515204	-0.241204	-1.140105	 0.498334	-0.741203	 0.842094	 0.485995	-2.050379	-0.663818	 0.850716
-0.821079	-3.051855	 0.513143	-0.255198	-1.135521	 0.498334	-0.641461	 0.838749	 0.485995	-2.042178	-0.710877	 0.894267
-1.066472	-3.039648	 0.511091	-0.262195	-1.130968	 0.498334	-0.590507	 0.835405	 0.485995	-2.034009	-0.732890	 0.914166
-0.686544	-3.027489	 0.509046	 0.234306	-1.126438	 0.498334	-0.563951	 0.832069	 0.485995	-2.025873	-0.742387	 0.922248
-0.496581	-3.015379	 0.507010	 0.481095	-1.121930	 0.498334	-0.549598	 0.828744	 0.485995	-2.017769	-0.745632	 0.924428
-0.401599	-3.003318	 0.504982	 0.603034	-1.117440	 0.498334	-0.541351	 0.825430	 0.485995	-2.009698	-0.745757	 0.923665
-0.354108	-2.991305	 0.502962	 0.662553	-1.112970	 0.498334	-0.536161	 0.822129	 0.485995	-2.001660	-0.744327	 0.921437
-0.330362	-2.979339	 0.500950	 0.690869	-1.108518	 0.498334	-0.532504	 0.818841	 0.485995	-1.993653	-0.742127	 0.918485
-0.318490	-2.967422	 0.499944	 0.703588	-1.104083	 0.498334	-0.529618	 0.815566	 0.485995	-1.985678	-0.739546	 0.915178
-0.812553	-2.955552	 0.499441	 0.708516	-1.599667	 0.498334	-0.527122	 0.312304	 0.485995	-1.977736	-0.236782	 0.911701
-1.056972	-2.943730	 0.499190	 0.709552	-1.843268	 0.498334	-0.524824	 0.060673	 0.485995	-1.969825	 0.014600	 0.908146
-1.176578	-2.931955	 0.499064	 0.708649	-1.960895	 0.498334	-0.522630	-0.065143	 0.485995	-1.961945	 0.140291	 0.904559
-0.733789	-2.920227	 0.499001	 0.706782	-1.515552	 0.498334	-0.520493	 0.371949	 0.485995	-1.954098	-0.296864	 0.900964
-0.512395	-2.908546	 0.498970	 0.704439	-1.290739	 0.498334	-0.518387	 0.588877	 0.485995	-1.946281	-0.513973	 0.897371
-0.901698	-2.896912	 0.498954	 0.701863	-1.176201	-0.001666	-0.516302	 0.695730	 0.485995	-1.938496	-0.621066	 0.893788
-1.093767	-2.885325	 0.498946	 0.699177	-1.116809	-0.250662	-0.514230	 0.747551	 0.485995	-1.930742	-0.673155	 0.890215
-1.187230	-2.873783	 0.498942	 0.696441	-1.084998	 0.124839	-0.512171	 0.771863	 0.485995	-1.923019	-0.697750	 0.886656
-1.231400	-2.862288	 0.498940	 0.693685	-1.066986	 0.311589	-0.510120	 0.782426	 0.485995	-1.915327	-0.708603	 0.883110
-1.250934	-2.850839	 0.498939	 0.690925	-1.055882	 0.404965	-0.508079	 0.786122	 0.485995	-1.907666	-0.712590	 0.879578
-1.258160	-2.839436	 0.498939	 0.688169	-1.048241	 0.451652	-0.506046	 0.786390	 0.485995	-1.900035	-0.713150	 0.876060
-1.259242	-2.828078	 0.498939	 0.685420	-1.042339	 0.474996	-0.504022	 0.784951	 0.485995	-1.892435	-0.712003	 0.872556
-0.757263	-2.816766	 0.498938	 0.682681	-0.537315	 0.486668	-0.502006	 0.782664	 0.985995	-1.884865	-0.710008	 0.869065
-0.506273	-2.805499	 0.498938	 0.679951	-0.284803	 0.492504	-0.500998	 0.779960	 1.233023	-1.877326	-0.707594	 0.865589
-0.880778	-2.794277	 0.498938	 0.677232	-0.658547	 0.495422	-1.000494	 0.777054	 1.353577	-1.869816	-0.704977	 0.362127
-1.065520	-2.783099	 0.498938	 0.674523	-0.843355	 0.496881	-1.247242	 0.774052	 1.410906	-1.862337	-0.702264	 0.110396
-1.155390	-2.771967	 0.498938	 0.671825	-0.933702	-0.002390	-0.867628	 0.771009	 1.436634	-1.854888	-0.699508	 0.484530
-1.197835	-2.760879	 0.498938	 0.669138	-0.976828	-0.251022	-0.677821	 0.767952	 1.446573	-1.847468	-0.696737	 0.669880
-1.216577	-2.749836	 0.498938	 0.166461	-0.996351	 0.124662	-0.582917	 0.764893	 1.448630	-1.840078	-0.193963	 0.760844
-1.223477	-2.738836	 0.498938	-0.084877	-1.004080	 0.311504	-0.535466	 0.761841	 1.446757	-1.832718	 0.057424	 0.804623
-1.224467	-2.727881	 0.498938	-0.210546	-1.005921	 0.404924	-0.511740	 0.758797	 1.442930	-1.825387	 0.183117	 0.824816
-0.722510	-2.716969	 0.498938	 0.226619	-1.004827	 0.451635	-0.499877	 0.755763	 0.938139	-1.818086	-0.254036	 0.833222
-0.471532	-2.706102	 0.498938	 0.443874	-1.002272	 0.474990	-0.493945	 0.752741	 0.685743	-1.810813	-0.471230	 0.835742
-0.346043	-2.695277	 0.498938	 0.551180	-0.998995	 0.486667	-0.490980	 0.749730	 0.559545	-1.803570	-0.578451	 0.835325
-0.283299	-2.684496	 0.498938	 0.603515	-0.995365	 0.492506	-0.489497	 0.746732	 0.496446	-1.796356	-0.630689	 0.833447
-0.751926	-2.673758	 0.498938	 0.628371	-0.991566	 0.495425	-0.488755	 0.743745	 0.964897	-1.789170	-0.655443	 0.830845
-0.983799	-2.663063	 0.498938	 0.639493	-0.987692	 0.496885	-0.488385	 0.740770	 1.196256	-1.782014	-0.666459	 0.827887
-1.097304	-2.652411	 0.498938	 0.643753	-0.483787	 0.497615	-0.488199	 0.737807	 1.309080	-1.774886	-0.670613	 0.824759
-1.151635	-2.641801	 0.498938	 0.644586	-0.231834	 0.497980	-0.488107	 0.734855	 1.362648	-1.767786	-0.671340	 0.821551
-1.176389	-2.631234	 0.498938	 0.643712	-0.105858	 0.498162	-0.488060	 0.731916	 1.386600	-1.760715	-0.670359	 0.818310
-0.686363	-2.620709	 0.498938	 0.141990	-0.542870	 0.498254	-0.488037	 0.728988	 1.395754	-1.753672	-0.168530	 0.815060
-0.441350	-2.610226	 0.498938	-0.108872	-0.759416	 0.498299	-0.488025	 0.726072	 1.397522	-1.746657	 0.082384	 0.811811
-0.318844	-2.599785	 0.498938	 0.265698	-0.865737	 0.498322	-0.488020	 0.723168	 1.395607	-1.739671	-0.292158	 0.808570
-0.257591	-2.589386	 0.498938	 0.451702	-0.916954	 0.498333	-0.488017	 0.720275	 1.391862	-1.732712	-0.478096	 0.805338
-0.226964	-2.579029	 0.498938	 0.543429	-0.440626	 0.498339	-0.488015	 0.717394	 0.887214	-1.725781	-0.569737	 0.802118
-0.211651	-2.568712	 0.498938	 0.588022	-0.202461	 0.498342	-0.488015	 0.714525	 0.634889	-1.718878	-0.614235	 0.798911
-0.203994	-2.558438	 0.498938	 0.609053	-0.583379	 0.498343	-0.488014	 0.711667	 1.008727	-1.712003	-0.635166	 0.295715
-0.200166	-2.548204	 0.498938	 0.618308	-0.771910	 0.498344	-0.488014	 0.708820	 1.192881	-1.705155	-0.644320	 0.044118
-0.198252	-2.538011	 0.498938	 0.621681	-0.864254	 0.498345	-0.488014	 0.705985	 1.282204	-1.698334	-0.647590	-0.081681
-0.197295	-2.527859	 0.498938	 0.622117	-0.908513	 0.498345	-0.488014	 0.703161	 1.324122	-1.691541	-0.647923	 0.355419
-0.196816	-2.517748	 0.498938	 0.621090	-0.928737	 0.498345	-0.488014	 0.700348	 1.342349	-1.684774	-0.646793	 0.572385
-0.696577	-2.507677	 0.498938	 0.619337	-0.936951	 0.498345	-0.488014	 0.697547	 0.848742	-1.678035	-0.644936	 0.679289
-0.944065	-2.497646	 0.498938	 0.617225	-0.939168	 0.498345	-0.488014	 0.694757	 0.601938	-1.671323	-0.642722	 0.731168
-1.065425	-2.487655	 0.498938	 0.614938	-0.938393	 0.498345	-0.488014	 0.691978	 0.978536	-1.664638	-0.140334	 0.755542
-1.123732	-2.477705	 0.498938	 0.612570	-0.936131	 0.498345	-0.488014	 0.689210	 1.164125	-1.657979	 0.110860	 0.766169
-1.150521	-2.467794	 0.498938	 0.610165	-0.433132	 0.498345	-0.488014	 0.686453	 1.254220	-1.651347	 0.236457	 0.769929
-1.161561	-2.457923	 0.498938	 0.607747	-0.181632	 0.498345	-0.488014	 0.683707	 1.296579	-1.644742	 0.299256	 0.770261
-1.164736	-2.448091	 0.498938	 0.605328	-0.055883	 0.498345	-0.488014	 0.680972	 1.315080	-1.638163	 0.330655	 0.768887
-0.663988	-2.438299	 0.498938	 0.602912	-0.493008	 0.498345	-0.488014	 0.678248	 1.321664	-1.631610	-0.153645	 0.266664
-0.413614	-2.428545	 0.498938	 0.600503	-0.709710	 0.498345	-0.488014	 0.675535	 1.322299	-1.625084	-0.394520	 0.015553
-0.788427	-2.418831	 0.498938	 0.598103	-0.816208	 0.498345	-0.488014	 0.672833	 1.319971	-1.618584	-0.513686	 0.389997
-0.973507	-2.409156	 0.498938	 0.595711	-0.867612	 0.498345	-0.488014	 0.670142	 1.316171	-1.612109	-0.572004	 0.575691
-0.563729	-2.399519	 0.498938	 0.593329	-0.891476	 0.498345	-0.488014	 0.667461	 0.811647	-1.605661	-0.599902	 0.667014
-0.358841	-2.389921	 0.498938	 0.590956	-0.901577	 0.498345	-0.488014	 0.664791	 0.559385	-1.599238	-0.612595	 0.711160
-0.256396	-2.380362	 0.498938	 0.588592	-0.904805	 0.498345	-0.488014	 0.662132	 0.933254	-1.592841	-0.617691	 0.731722
-0.205174	-2.370840	 0.498938	 0.586238	-0.904602	 0.498345	-0.488014	 0.659484	 1.117574	-1.586470	-0.618994	 0.740498
-0.179563	-2.361357	 0.498938	 0.583893	-0.902692	 0.498345	-0.488014	 0.656846	 1.207130	-1.580124	-0.618404	 0.743388
-0.666758	-2.351911	 0.498938	 0.581557	-0.899936	 0.498345	-0.488014	 0.654218	 1.249315	-1.573804	-0.616874	 0.743340
-0.908047	-2.342504	 0.498938	 0.579231	-0.896763	 0.498345	-0.488014	 0.651602	 1.267824	-1.567508	-0.614878	 0.741830
-0.526393	-2.333134	 0.498938	 0.576914	-0.893389	 0.498345	-0.488014	 0.648995	 0.774506	-1.561238	-0.612655	 0.739594
-0.335566	-2.323801	 0.498938	 0.574606	-0.889923	 0.498345	-0.488014	 0.646399	 0.527847	-1.554993	-0.610322	 0.737001
-0.740153	-2.314506	 0.498938	 0.072308	-0.386416	 0.498345	-0.488014	 0.643814	 0.404518	-1.548773	-0.607940	 0.734236
-0.940156	-2.305248	 0.498938	-0.178841	-0.134663	 0.498345	-0.488014	 0.641238	 0.342853	-1.542578	-0.605537	 0.731391
-0.537878	-2.296027	 0.498938	 0.195584	-0.008787	 0.498345	-0.488014	 0.638673	 0.812021	-1.536408	-0.103130	 0.728511
-0.336739	-2.286843	 0.498938	 0.381657	 0.054152	 0.498345	-0.488014	 0.636119	 1.044042	-1.530262	 0.148074	 0.725619
-0.236169	-2.277695	 0.498938	 0.473558	 0.085621	 0.498345	-0.488014	 0.633574	 1.157501	-1.524141	 0.273676	 0.722728
-0.685884	-2.268585	 0.498938	 0.518377	-0.398645	 0.498345	-0.488014	 0.631040	 0.711688	-1.518045	-0.163523	 0.719843
-0.908471	-2.259510	 0.498938	 0.539660	-0.639011	 0.498345	-0.488014	 0.628516	 0.488782	-1.511973	-0.380922	 0.716967
-1.017502	-2.250472	 0.498938	 0.549180	-0.257436	 0.498345	-0.488014	 0.626002	 0.377329	-1.505925	-0.488424	 0.714100
-1.069764	-2.241470	 0.498938	 0.552823	-0.066649	 0.498345	-0.488014	 0.623498	 0.321602	-1.499901	-0.540983	 0.711245
-0.593651	-2.232504	 0.498938	 0.553531	-0.471255	 0.498345	-0.488014	 0.621004	 0.793739	-1.493901	-0.066076	 0.708400
-0.355595	-2.223574	 0.498938	 0.552777	-0.671806	 0.498345	-0.488014	 0.618520	 1.027275	-1.487926	 0.171378	 0.705567
-0.736567	-2.214680	 0.498938	 0.051296	-0.270337	 0.498345	-0.488014	 0.616046	 1.141522	-1.481974	 0.290105	 0.702744
-0.924818	-2.205821	 0.498938	-0.199445	-0.069602	 0.498345	-0.488014	 0.613581	 1.196134	-1.476046	 0.349468	 0.699933
-1.016717	-2.196998	 0.498938	-0.324815	 0.030765	 0.498345	-0.488014	 0.611127	 1.220938	-1.470142	 0.379150	 0.697134
-1.060449	-2.188210	 0.498938	 0.112499	 0.080948	 0.498345	-0.488014	 0.608683	 0.730849	-1.464261	 0.393991	 0.694345
-1.080107	-2.179457	 0.498938	 0.330057	 0.106040	 0.498345	-0.488014	 0.606248	 0.485804	-1.458404	 0.401411	 0.691568
-0.587736	-2.170739	 0.498938	 0.437741	 0.118586	 0.498345	-0.488014	 0.603823	 0.863282	-0.952571	 0.405121	 0.688802
-0.341551	-2.162057	 0.498938	 0.490492	 0.124859	 0.498345	-0.488014	 0.601408	 1.049539	-0.699654	 0.406976	 0.686046
-0.718459	-2.153408	 0.498938	 0.515781	 0.127996	 0.498345	-0.488014	 0.599002	 1.140196	-1.073196	-0.092096	 0.683302
-0.904721	-2.144795	 0.498938	 0.527343	 0.129564	 0.498345	-0.488014	 0.596606	 1.183063	-1.257073	-0.340450	 0.680569
-0.995671	-2.136215	 0.498938	 0.532047	 0.130348	 0.498345	-0.488014	 0.594219	 1.202045	-1.346130	-0.463449	 0.677847
-1.038972	-2.127671	 0.498938	 0.533325	 0.130740	 0.498345	-0.488014	 0.591843	 1.209094	-1.387788	-0.523776	 0.675135
-1.058459	-2.119160	 0.498938	 0.532895	 0.130936	 0.498345	-0.488014	 0.589475	 1.210186	-1.405758	-0.552771	 0.672435
-1.066046	-2.110683	 0.498938	 0.031615	 0.131034	 0.498345	-0.488014	 0.587117	 1.208309	-0.911895	-0.066105	 0.669745
-1.067692	-2.102241	 0.498938	-0.219025	 0.131083	 0.498345	-0.488014	 0.584769	 1.204958	-0.664964	 0.177228	 0.667066
-1.066377	-2.093832	 0.998938	 0.155655	 0.131108	 0.498345	-0.488014	 0.582430	 1.200879	-1.041499	-0.201106	 0.664398
-1.063589	-2.085456	 1.245940	 0.341934	 0.131120	 0.498345	-0.488014	 0.580100	 1.196446	-1.226930	-0.389114	 0.661740
-1.060073	-2.077114	 0.866456	 0.434017	-0.368874	 0.498345	-0.488014	 0.577780	 1.191846	-1.316821	-0.481963	 0.659093
-1.056202	-2.068806	 0.676713	 0.479007	-0.617133	 0.498345	-0.488014	 0.575469	 1.187171	-1.358953	-0.527239	 0.656457
-0.552162	-2.060531	 0.581842	 0.500453	-0.239532	 0.498345	-0.488014	 0.573167	 1.182469	-1.377216	-0.548731	 0.653831
-0.300142	-2.052289	 0.534406	 0.510133	-0.050732	 0.498345	-0.488014	 0.570874	 1.177762	-1.383557	-0.558337	 0.651216
-0.174132	-2.044080	 0.510689	 0.513933	 0.043669	 0.498345	-0.488014	 0.568591	 1.173062	-1.383948	-0.562004	 0.648611
-0.111127	-2.035903	 0.498830	 0.514798	 0.090869	 0.498345	-0.488014	 0.566316	 1.168376	-1.381375	-0.062706	 0.646016
-0.079625	-2.027760	 0.492900	 0.514199	 0.114469	 0.498345	-0.488014	 0.564051	 1.163705	-1.377330	 0.186943	 0.643432
-0.063873	-2.019649	 0.489936	 0.512872	 0.126269	 0.498345	-0.488014	 0.561795	 1.159052	-1.372562	 0.311767	 0.640859
-0.055998	-2.011570	 0.488453	 0.511186	 0.132169	 0.498345	-0.488014	 0.559548	 1.154416	-1.367442	 0.374179	 0.638295
-0.552060	-2.003524	 0.487712	 0.509323	 0.135119	 0.498345	-0.488014	 0.557309	 1.149799	-1.362157	 0.405386	 0.635742
-0.797995	-1.995510	 0.487341	 0.507377	 0.136594	 0.498345	-0.488014	 0.555080	 1.145200	-1.356801	 0.420989	 0.633199
-0.918874	-1.987528	 0.487156	 0.505393	-0.362668	 0.498345	-0.488014	 0.552860	 1.140619	-1.351420	-0.071210	 0.630666
-0.977235	-1.979577	 0.487063	 0.503395	-0.610576	 0.498345	-0.488014	 0.550648	 1.136057	-1.346038	-0.316182	 0.628144
-1.004344	-1.971659	 0.487017	 0.501393	-0.232813	 0.498345	-0.488014	 1.048446	 1.131513	-1.340665	 0.062454	 0.625631
-1.015835	-1.963772	 0.486994	 0.500391	-0.043931	 0.498345	-0.488014	 1.294252	 1.126987	-1.335308	 0.251772	 0.623128
-1.019526	-1.955917	 0.486982	 0.499891	 0.050510	 0.498345	-0.488014	 1.414075	 1.122479	-1.329970	 0.346431	 0.620636
-1.019325	-1.948094	 0.486977	 0.499641	 0.097730	 0.498345	-0.488014	 1.470919	 1.117989	-1.324651	-0.106240	 0.618153
-1.017187	-1.940301	 0.486974	 0.499516	 0.121341	 0.498345	-0.488014	 1.496285	 1.113517	-1.319353	-0.331457	 0.615681
-1.014087	-1.932540	 0.486972	 0.499453	 0.133146	 0.498345	-0.988014	 1.005925	 0.609063	-1.314076	-0.442952	 0.613218
-1.010516	-1.924810	 0.486972	 0.499422	 0.139048	 0.498345	-1.235038	 0.759714	 0.356836	-1.308820	-0.497591	 0.610765
-0.506716	-1.917111	 0.486971	 0.499406	 0.141999	 0.498345	-0.855586	 0.635581	 0.730722	-1.303585	-0.023806	 0.608322
-0.254816	-1.909442	 0.486971	 0.499398	 0.143475	 0.498345	-0.665860	 0.572492	 0.915456	-1.298371	 0.213086	 0.605889
-0.128866	-1.901805	 0.486971	 0.499394	 0.144213	 0.498345	-0.570997	 0.539928	 1.005623	-1.293177	-0.168467	 0.603465
-0.065891	-1.894197	 0.486971	 0.499392	 0.144582	 0.498345	-0.523565	 0.522632	 1.048515	-1.288005	-0.358144	 0.601051
-0.034404	-1.886621	 0.486971	 0.499391	 0.144766	 0.498345	-0.499849	 0.512973	 1.067778	-1.282853	-0.451887	 0.598647
-0.018660	-1.879074	 0.486971	 0.499391	 0.144858	 0.498345	-0.487991	 0.507137	 1.075235	-1.277721	-0.497667	 0.596253
-0.010788	-1.871558	 0.486971	 0.499391	 0.144905	 0.498345	-0.482062	 0.503216	 1.076799	-1.272610	-0.519470	 0.593868
-0.506852	-1.864072	 0.486971	 0.499391	 0.144928	 0.498345	-0.479098	 0.501256	 1.075424	-1.267520	-0.029289	 0.091492
-0.752878	-1.856615	 0.486971	 0.499390	 0.144939	 0.498345	-0.477616	 0.500276	 1.072588	-1.262450	 0.215801	-0.159696
-0.873894	-1.849189	 0.986971	 0.499390	-0.355055	 0.498345	-0.476875	 0.999786	 1.069031	-1.257400	 0.338346	 0.214711
-0.932411	-1.841792	 1.233997	 0.499390	-0.603342	 0.498345	-0.476504	 1.246542	 1.065121	-1.252370	 0.399619	 0.400735
-0.959689	-1.834425	 1.354548	 0.499390	-0.225782	 0.498345	-0.476319	 0.866934	 1.061044	-1.247361	-0.069745	 0.492574
-0.971353	-1.827087	 1.411873	 0.499390	-0.037002	 0.498345	-0.476226	 0.677130	 1.056891	-1.242372	-0.303348	 0.537325
-0.975219	-1.819779	 1.437597	 0.499390	 0.057387	 0.498345	-0.476180	 0.582227	 1.052709	-1.237402	-0.419076	 0.558536
-0.975194	-1.812500	 0.947533	 0.499390	-0.395418	 0.498345	-0.476157	 1.034776	 1.048522	-1.232452	 0.024129	 0.567982
-0.973231	-1.805250	 0.702501	 0.499390	-0.620124	 0.498345	-0.476145	 1.258076	 1.044339	-1.227523	 0.245732	 0.571550
-0.970308	-1.798029	 0.579984	 0.499390	-0.730787	 0.498345	-0.476139	 0.866763	 1.040167	-0.722613	 0.356534	 0.572184
-0.966911	-1.790837	 0.518726	 0.499390	-0.784436	 0.498345	-0.476136	 0.671107	 1.036009	-0.470157	 0.411934	 0.571355
-0.463285	-1.783673	 0.488097	 0.499390	-0.309584	 0.498345	-0.476135	 0.573279	 1.031867	-0.843930	-0.060365	 0.569800
-0.211473	-1.776539	 0.472783	 0.499390	-0.072158	 0.498345	-0.476134	 0.524365	 1.027740	-1.028381	-0.295450	 0.567886
-0.585566	-1.769432	 0.465126	 0.499390	 0.046555	 0.498345	-0.476134	 0.499908	 1.023629	-0.618181	-0.411931	 0.065797
-0.770694	-1.762355	 0.461297	 0.499390	 0.105911	 0.498345	-0.476134	 0.487679	 1.019535	-0.413080	-0.469115	-0.185248
-0.861346	-1.755305	 0.459383	 0.499390	 0.135590	 0.498345	-0.476134	 0.481565	 1.015457	-0.310530	-0.496654	-0.310770
-0.904768	-1.748284	 0.458425	 0.499390	 0.150429	 0.498345	-0.476134	 0.478508	 1.011395	-0.259255	-0.009375	 0.126469
-0.924583	-1.741291	 0.457947	 0.499390	 0.157848	 0.498345	-0.476134	 0.476979	 1.007350	-0.233618	 0.234264	 0.343961
-0.432601	-1.734326	 0.457708	 0.499390	 0.161558	 0.498345	-0.476134	 0.976215	 1.003320	-0.720799	-0.143916	 0.451584
-0.186610	-1.727388	 0.457588	 0.499390	 0.163413	 0.498345	-0.476134	 1.222882	 0.999307	-0.961974	-0.331962	 0.504277
-0.563615	-1.720479	 0.457528	 0.499390	 0.164340	 0.498345	-0.476134	 0.843276	 0.995310	-1.080155	 0.075055	 0.529510
-0.750236	-1.713597	 0.457498	 0.499390	 0.164804	 0.498345	-0.476134	 0.653473	 0.991329	-1.136849	 0.278563	 0.541017
-0.841673	-1.706743	 0.457483	 0.499390	 0.165036	 0.498345	-0.476134	 0.558572	 0.987363	-1.162808	-0.119682	 0.545665
-0.885525	-1.699916	 0.457476	 0.499390	 0.165152	 0.498345	-0.476134	 0.511121	 0.983414	-1.173411	-0.317769	 0.546889
-0.905592	-1.693116	 0.457472	 0.499390	 0.165210	 0.498345	-0.476134	 0.487396	 0.979480	-1.176344	-0.415781	 0.546404
-0.913775	-1.686343	 0.957470	 0.499390	 0.165239	 0.498345	-0.476134	 0.975533	 0.975562	-0.675452	-0.463759	 0.545070
-0.916022	-1.679598	 1.204554	 0.499390	 0.165253	 0.498345	-0.476134	 1.216675	 0.971660	-0.425006	-0.486725	 0.543316
-0.915309	-1.672880	 0.825193	-0.000610	 0.165261	 0.498345	-0.476134	 1.334330	 0.967773	-0.299783	-0.497189	 0.541355
-0.913124	-1.666188	 0.635513	-0.249608	 0.165264	 0.498345	-0.476134	 1.390253	 0.963902	-0.237172	-0.501405	 0.539296
-0.410209	-1.159523	 0.540672	-0.374108	 0.165266	 0.498345	-0.476134	 1.415323	 0.960047	-0.705866	-0.502502	 0.537192
-0.158751	-0.904885	 0.493252	-0.436357	 0.165267	 0.498345	-0.476134	 1.424976	 0.956207	-0.937864	-0.502043	 0.535070
-0.533023	-1.276266	 0.969542	 0.032518	 0.165267	 0.498345	-0.476134	 0.926934	 0.952382	-1.051523	-0.500811	 0.532943
-0.718344	-1.458661	 1.204795	 0.265952	 0.165268	 0.498345	-0.476134	 0.677913	 0.948572	-1.106022	-0.500194	 0.530818
-0.809197	-1.546576	 0.819542	 0.382670	 0.165268	 0.498345	-0.476134	 0.553402	 0.944778	-1.130951	 0.000114	 0.528698
-0.852824	-1.587265	 0.626915	 0.441029	 0.165268	 0.498345	-0.476134	 0.491147	 0.940999	-1.141103	 0.249267	 0.526585
-0.872844	-1.604353	 0.530602	 0.470208	 0.165268	 0.498345	-0.476134	 0.460020	 0.937235	-1.143877	 0.373844	 0.524479
-0.381068	-1.609655	 0.482445	 0.484798	 0.165268	 0.498345	-0.476134	 0.944456	 0.933486	-1.142971	-0.063868	 0.522382
-0.135181	-1.609075	 0.458367	 0.492092	 0.165268	 0.498345	-0.476134	 1.183816	 0.929752	-1.140233	-0.281721	 0.520293
-0.512237	-1.605569	 0.446328	 0.495740	 0.165268	-0.001655	-0.476134	 0.800650	 0.926033	-1.136590	-0.390647	 0.018212
-0.698986	-1.600611	 0.440308	 0.497564	 0.165268	-0.250652	-0.476134	 0.609067	 0.922329	-1.132502	-0.445110	-0.232829
-0.790589	-1.594941	 0.437298	 0.498475	-0.334732	 0.124850	-0.476134	 0.513275	 0.918639	-1.128201	 0.027658	 0.141651
-0.834627	-1.588928	 0.435793	 0.498931	-0.583063	 0.311600	-0.476134	 0.465379	 0.914965	-1.123803	 0.263041	 0.327858
-0.354888	-1.582755	 0.435041	 0.499159	-0.205565	 0.404975	-0.476134	 0.941431	 0.911305	-1.119365	-0.119267	 0.419934
-0.115019	-1.576516	 0.434665	 0.499273	-0.016816	 0.451663	-0.476134	 1.176623	 0.907660	-1.114917	-0.309418	 0.464948
 0.004916	-1.570255	 0.434476	 0.499330	 0.077558	 0.475006	-0.476134	 1.291395	 0.904029	-1.110471	-0.404493	 0.486435
-0.435117	-1.563997	 0.434382	 0.499359	 0.124745	 0.486678	-0.476134	 0.845968	 0.900413	-1.106037	-0.452031	 0.496162
-0.653383	-1.557753	 0.434335	 0.499373	 0.148339	 0.492514	-0.476134	 0.623255	 0.896811	-1.101616	-0.475800	 0.500014
-0.760772	-1.051527	 0.434312	 0.499380	 0.160135	 0.495432	-0.476134	 1.011898	 0.893224	-1.097211	-0.487685	 0.500933
-0.812731	-0.797324	 0.434300	 0.499384	 0.166034	 0.496891	-0.476134	 1.203419	 0.889651	-1.092823	-0.493627	 0.500388
-0.836981	-1.169136	 0.434294	 0.499385	 0.168983	 0.497621	-0.476134	 1.296389	 0.886093	-1.088452	 0.003402	 0.500116
-0.847383	-1.351960	 0.434291	 0.499386	 0.170458	 0.497985	-0.476134	 1.340096	 0.882548	-1.084099	 0.250916	 0.499980
-0.850869	-1.440303	 0.934290	 0.499387	 0.171195	 0.498168	-0.476134	 0.859182	 0.879018	-1.079763	-0.125327	 0.499912
-0.850903	-1.481417	 1.181421	 0.499387	 0.171564	 0.498259	-0.476134	 0.618724	 0.875502	-1.075444	-0.312446	 0.499878
-0.849218	-1.498929	 1.302129	 0.499387	 0.171748	 0.498304	-0.476134	 0.498496	 0.872000	-1.071142	-0.406005	 0.499861
-0.846681	-1.504652	 0.859637	 0.499387	 0.171840	 0.498327	-0.476134	 0.438381	 0.868512	-1.066857	 0.047215	 0.499852
-0.843724	-1.504493	 0.638391	 0.499387	 0.171886	 0.498339	-0.476134	 0.408324	 0.865038	-1.062590	 0.272825	 0.499848
-0.340564	-1.501404	 0.527769	 0.499387	 0.171909	 0.498344	-0.476134	 0.893296	 0.861578	-1.058340	-0.114371	 0.499846
-0.088984	-1.496864	 0.472457	 0.499387	 0.171921	 0.498347	-0.476134	 1.133025	 0.858131	-1.054106	-0.306965	 0.499845
 0.036806	-1.491609	 0.944801	 0.499387	 0.171927	 0.498349	-0.476134	 0.750144	 0.854699	-0.549890	-0.403263	 0.499844
 0.099701	-1.486008	 1.178139	 0.499387	 0.171929	 0.498349	-0.476134	 0.558704	 0.851280	-0.297782	-0.451411	 0.499844
-0.368851	-1.480247	 0.791985	 0.499387	 0.171931	 0.498350	-0.476134	 0.462983	 0.847875	-0.671727	-0.475486	 0.499844
-0.601453	-1.474418	 0.598908	 0.499387	 0.171932	 0.498350	-0.476134	 0.415123	 0.844484	-0.856609	-0.487523	 0.499844
-0.716085	-1.468566	 0.502370	 0.499387	 0.171932	 0.498350	-0.476134	 0.391193	 0.841106	-0.946967	-0.493541	 0.499844
-0.771740	-1.462715	 0.454100	 0.499387	 0.171932	 0.498350	-0.476134	 0.379228	 0.837741	-0.990071	-0.496551	 0.499844
-0.797913	-1.456875	 0.429966	 0.499387	 0.171932	 0.498350	-0.476134	 0.373246	 0.834390	-1.009557	-0.498055	 0.499844
-0.809351	-1.451054	 0.917898	 0.499387	 0.171932	 0.498350	-0.476134	 0.370254	 0.831053	-1.017242	-0.498808	 0.499844
-0.813428	-1.445252	 1.159053	 0.499387	 0.171932	 0.498350	-0.476134	 0.368759	 0.827728	-1.019034	-0.499184	 0.499844
-0.813832	-1.439473	 1.276830	 0.499387	 0.171932	 0.498350	-0.476134	 0.868011	 0.824418	-1.017889	-0.499372	 0.499844
-0.812406	-1.433715	 1.332929	 0.499387	 0.171932	 0.498350	-0.476134	 1.114902	 0.821120	-1.015283	-0.499466	 0.499844
-0.810070	-1.427981	 0.858201	 0.499387	 0.171932	 0.498350	-0.476134	 0.735625	 0.817835	-1.011954	 0.000487	 0.499844
-0.807287	-1.422269	 0.620837	 0.499387	 0.171932	 0.498350	-0.476134	 0.545986	 0.814564	-1.008273	 0.249463	 0.499844
-0.804287	-1.416580	 0.502155	 0.499387	 0.171932	 0.498350	-0.476134	 0.451166	 0.811306	-1.004423	 0.373951	 0.499844
-0.801184	-1.410914	 0.442814	 0.499387	 0.171932	 0.498350	-0.476134	 0.403757	 0.808061	-0.500497	-0.063806	 0.499844
-0.798036	-1.405270	 0.413143	 0.499387	 0.171932	 0.498350	-0.476134	 0.380052	 0.804828	-0.248534	-0.281680	 0.499844
-0.794873	-0.899649	 0.398308	-0.000613	 0.171932	 0.498350	-0.476134	 0.868199	 0.801609	-0.622552	 0.109382	 0.499844
-0.791707	-0.646839	 0.390890	-0.249612	 0.171932	 0.498350	-0.476134	 1.109560	 0.798403	-0.807568	 0.303912	 0.499844
-0.788548	-1.020433	 0.387181	 0.125889	 0.171932	 0.498350	-0.476134	 1.227539	 0.795209	-0.898091	 0.401178	 0.499844
-0.785397	-1.204443	 0.385327	 0.312637	 0.171932	 0.498350	-0.476134	 1.283837	 0.792028	-0.941375	 0.449810	 0.499844
-0.782257	-1.293670	 0.384400	 0.406010	 0.171932	 0.498350	-0.476134	 1.309306	 0.788860	-0.961048	-0.025873	 0.499844
-0.779129	-1.335519	 0.383936	 0.452697	 0.171932	 0.498350	-0.476134	 1.319371	 0.785705	-0.968923	-0.262712	 0.499844
-0.776013	-1.353688	 0.383704	 0.476041	 0.171932	 0.498350	-0.476134	 1.321745	 0.782562	-0.970907	-0.381132	 0.499844
-0.772909	-1.360029	 0.383588	 0.487712	 0.171932	 0.498350	-0.476134	 0.820283	 0.779431	-0.969953	-0.440341	 0.499844
-0.769818	-1.360467	 0.383530	 0.493548	 0.171932	 0.498350	-0.476134	 0.569553	 0.776314	-0.967538	-0.469946	 0.499844
-0.766739	-1.357964	 0.883501	 0.496466	 0.171932	 0.498350	-0.476134	 0.444187	 0.773209	-0.964401	 0.015251	 0.499844
-0.763672	-1.354001	 1.130720	 0.497925	 0.171932	 0.498350	-0.476134	 0.381505	 0.770116	-0.960909	 0.256849	 0.499844
-0.260617	-1.349320	 1.251573	 0.498655	 0.171932	 0.498350	-0.476134	 0.350163	 0.767035	-0.957249	-0.122352	 0.499844
-0.009090	-1.344290	 1.309255	 0.499019	 0.171932	 0.498350	-0.476134	 0.334493	 0.763967	-0.953511	-0.310949	 0.499844
-0.383326	-1.339097	 1.335362	 0.499202	 0.171932	 0.498350	-0.476134	 0.826657	 0.760911	-0.949743	 0.094752	 0.499844
-0.568929	-1.333832	 1.345693	 0.499293	 0.171932	 0.498350	-0.476134	 1.070102	 0.757868	-0.945967	 0.296602	 0.499844
-0.660221	-1.328543	 1.348146	 0.499339	 0.171932	 0.498350	-0.476134	 1.189197	 0.754836	-0.942194	 0.397527	 0.499844
-0.704365	-1.323251	 0.846672	 0.499361	 0.171932	 0.498350	-0.476134	 1.246128	 0.751817	-0.938431	 0.447989	 0.499844
-0.724939	-1.317970	 0.595934	 0.499373	 0.171932	 0.498350	-0.476134	 1.271988	 0.748809	-0.934680	 0.473220	 0.499844
-0.733735	-1.312704	 0.470566	 0.499378	 0.171932	 0.498350	-0.476134	 1.282322	 0.245814	-0.930943	-0.014164	 0.499844
-0.736649	-1.307456	 0.407881	 0.499381	 0.171932	 0.498350	-0.476134	 1.284903	-0.005683	-0.927220	-0.256853	 0.499844
-0.736626	-0.802227	 0.376539	 0.499383	-0.828068	 0.498350	-0.476134	 0.783619	 0.368568	-0.923512	-0.378198	 0.499844
-0.735141	-0.549613	 0.360868	 0.499383	-1.324412	 0.498350	-0.476134	 0.532977	 0.554208	-0.919818	-0.438870	 0.499844
-0.732932	-0.923306	 0.353033	 0.499384	-0.568942	 0.498350	-0.976134	 0.407656	 0.645548	-0.916139	-0.469206	 0.499844
-0.730366	-1.107559	 0.349115	 0.499384	-0.191207	 0.498350	-1.223181	 0.344996	 0.689744	-0.912474	-0.484374	 0.499844
-0.727627	-1.197101	 0.347156	 0.499384	-0.002340	 0.498350	-1.343765	 0.313665	 0.710375	-0.908824	-0.491958	 0.499844
-0.724808	-0.739299	 0.346176	 0.499384	-0.407906	 0.498350	-0.901128	 0.298000	 0.719228	-0.405189	-0.495750	 0.499844
-0.721954	-0.510398	 0.345687	 0.499384	-0.609062	 0.498350	-0.679809	 0.290168	 0.722198	-0.153371	-0.497646	 0.499844
-0.719089	-0.395948	 0.345442	 0.499384	-0.208020	 0.498350	-0.069150	 0.286251	 0.722233	-0.527462	 0.001406	 0.499844
-0.716224	-0.338722	 0.345319	 0.499384	-0.007499	 0.498350	 0.235097	 0.284293	 0.720806	-0.712705	 0.249931	 0.499844
-0.713365	-0.810110	 0.345258	 0.499384	 0.092762	 0.498350	-0.113859	 0.783314	 0.718654	-0.803530	 0.374193	 0.499844
-0.710515	-1.043240	 0.345228	 0.499384	 0.142892	 0.498350	-0.288336	 1.030260	 0.716145	-0.847154	 0.436325	 0.499844
-0.707674	-1.157253	 0.845212	 0.499384	 0.167957	 0.498350	-0.375575	 0.651178	 0.713463	-0.867185	 0.467390	 0.499844
-0.704844	-1.211717	 1.092514	 0.499384	 0.180490	 0.498350	-0.419195	 0.461638	 0.710700	-0.875425	 0.482923	 0.499844
-0.702025	-1.236416	 1.213486	 0.499384	 0.186756	 0.498350	-0.441004	 0.366867	 0.707903	-0.877778	 0.490690	 0.499844
-0.699217	-1.246244	 0.771302	 0.499384	 0.189889	 0.498350	-0.451909	 0.819482	 0.705094	-0.377195	 0.494573	 0.499844
-0.696420	-1.248646	 0.550211	 0.499384	 0.191456	 0.498350	-0.457362	 1.043245	 0.702285	-0.126903	 0.496514	 0.499844
-0.193635	-1.247344	 0.939665	 0.499384	 0.192239	 0.498350	-0.460088	 0.652593	 0.699482	-0.001757	 0.497485	 0.499844
 0.057758	-1.244202	 1.131734	 0.499384	 0.192631	 0.498350	-0.461451	 0.457267	 0.696687	 0.060816	 0.497971	 0.499844
 0.183455	-1.240148	 0.725121	 0.499384	 0.192827	 0.498350	-0.462133	 0.859604	 0.693902	-0.407897	-0.001787	 0.499844
 0.246303	-1.235649	 0.521814	 0.499384	 0.192924	 0.498350	-0.462473	 1.058248	 0.691127	-0.640501	-0.250662	 0.499844
-0.222273	-1.230937	 0.420161	 0.499384	 0.192973	 0.498350	 0.037356	 1.155057	 0.688363	-0.755057	 0.124900	 0.499844
-0.455179	-1.226129	 0.369334	 0.499384	 0.192998	 0.498350	 0.286197	 1.200957	 0.685609	-0.810595	 0.311680	 0.499844
-0.570256	-1.221282	 0.343921	 0.499384	 0.193010	 0.498350	 0.409547	 1.221414	 0.682867	-0.836632	 0.405070	 0.499844
-0.626424	-1.216426	 0.331214	 0.499384	 0.193016	 0.498350	-0.029844	 0.729158	 0.680135	-0.847925	 0.451765	 0.499844
-0.653143	-1.211575	 0.324861	 0.499384	 0.193019	 0.498350	-0.249539	 0.483030	 0.677415	-0.851853	 0.475113	 0.499844
-0.665142	-1.206736	 0.321684	 0.499384	 0.193021	 0.498350	 0.140613	 0.359967	 0.674705	-0.852106	-0.013213	 0.499844
-0.669788	-1.201912	 0.320096	 0.499384	 0.193022	 0.498350	 0.334628	 0.298435	 0.672006	-0.850528	-0.256373	 0.499844
-0.670762	-0.697106	 0.319302	 0.499384	 0.193022	 0.498350	 0.430578	 0.267669	 0.669318	-0.848040	-0.377953	 0.499844
-0.669905	-0.444703	 0.318905	 0.499384	 0.193022	 0.498350	 0.477500	 0.252286	 0.666641	-0.845106	-0.438743	 0.499844
-0.668139	-0.818502	 0.318706	 0.499384	 0.193022	 0.498350	-0.000088	 0.244594	 0.663975	-0.841954	-0.469138	 0.499844
-0.665923	-1.003017	 0.318607	 0.499384	 0.193022	 0.498350	-0.238882	 0.240748	 0.661319	-0.838701	-0.484336	 0.499844
-0.663488	-1.092899	 0.318557	 0.499384	 0.193022	 0.498350	-0.358279	 0.238826	 0.658673	-0.835403	-0.491935	 0.499844
-0.660948	-1.135475	 0.318532	 0.499384	 0.193022	 0.498350	-0.417978	 0.737864	 0.656039	-0.832090	 0.004266	 0.499844
-0.658361	-1.154406	 0.318520	 0.499384	 0.193022	 0.498350	-0.447827	 0.984910	 0.653415	-0.828776	 0.251365	 0.499844
-0.655756	-1.161525	 0.318514	 0.499384	 0.193022	 0.498350	-0.462751	 0.605968	 0.650801	-0.825468	-0.125085	-0.000156
-0.653148	-1.162748	 0.318511	 0.499384	 0.193022	 0.498350	-0.470214	 0.416498	 0.648198	-0.822170	-0.312307	-0.249156
-0.650542	-1.161031	 0.818509	 0.499384	 0.193022	 0.498350	-0.473945	 0.821763	 0.645605	-0.318883	-0.405918	 0.126344
-0.647943	-1.157854	 1.065871	 0.499384	 0.193022	 0.498350	-0.475810	 1.021941	 0.643023	-0.067239	-0.452724	 0.313091
-0.645353	-1.153956	 0.686926	 0.499384	 0.193022	 0.498350	-0.476743	 1.119586	 0.640450	-0.441418	-0.476126	 0.406464
-0.642773	-1.149707	 0.497453	 0.499384	 0.193022	 0.498350	-0.477210	 1.165974	 0.637889	-0.626876	-0.487828	 0.453150
-0.640202	-1.145291	 0.402717	 0.499384	 0.193022	 0.498350	 0.022557	 0.686743	 0.635337	-0.717980	 0.006321	 0.476494
-0.637642	-1.140802	 0.355349	 0.499384	 0.193022	 0.498350	 0.271396	 0.447128	 0.632796	-0.761914	 0.252395	 0.488165
-0.635091	-1.136285	 0.331665	 0.499384	 0.193022	 0.498350	 0.394775	 0.327320	 0.630265	-0.782269	 0.375432	 0.494001
-0.132551	-1.131762	 0.319823	 0.499384	 0.193022	 0.498350	-0.044572	 0.767416	 0.627743	-0.790842	-0.063050	 0.496919
 0.118719	-1.127247	 0.313902	 0.499384	 0.193022	 0.498350	-0.264245	 0.985049	 0.625233	-0.793529	-0.281287	 0.498378
-0.255646	-1.122744	 0.310941	 0.499384	 0.193022	 0.498350	-0.374082	 1.091460	 0.622732	-0.793280	-0.390406	 0.499107
-0.441568	-1.118255	 0.309461	 0.499384	 0.193022	 0.498350	-0.429001	 1.142270	 0.620241	-0.791570	-0.444966	 0.499472
-0.533274	-1.113784	 0.308721	 0.499384	 0.193022	 0.498350	 0.043540	 1.165289	 0.617760	-0.789135	 0.027755	 0.499655
-0.577878	-1.109329	 0.308351	 0.499384	 0.193022	 0.498350	 0.278779	 1.174422	 0.615289	-0.786344	 0.263114	 0.499746
-0.098934	-1.104893	 0.808166	 0.499384	 0.193022	 0.498350	 0.395370	 1.176621	 0.612828	-0.783381	-0.119206	 0.499791
 0.140537	-1.100473	 1.055457	 0.499384	 0.193022	 0.498350	 0.452641	 1.175363	 0.610376	-0.780339	-0.309364	 0.499814
 0.260273	-1.096071	 1.176497	 0.499384	 0.193022	 0.498350	 0.480257	 1.172386	 0.607935	-0.777264	-0.404442	 0.499826
-0.179859	-1.091687	 0.734422	 0.499384	 0.193022	 0.498350	-0.006950	 0.668558	 0.605503	-0.274177	 0.048019	 0.499831
-0.398685	-1.087320	 0.513385	 0.499384	 0.193022	 0.498350	-0.250554	 0.416645	 0.603081	-0.022634	 0.273248	 0.499834
-0.006863	-0.582971	 0.402866	 0.499384	 0.193022	 0.998350	-0.372356	 0.290688	 0.600669	 0.103137	-0.114137	 0.499835
 0.189048	-0.330796	 0.347607	 0.499384	 0.193022	 1.245353	-0.433257	 0.227709	 0.598266	 0.166023	-0.306827	 0.499836
 0.287004	-0.704709	 0.319977	 0.499384	 0.193022	 0.865870	 0.036292	 0.696220	 0.595873	 0.197466	 0.096828	 0.499837
 0.335981	-0.889508	 0.306162	 0.499384	 0.193022	 0.676129	 0.270055	 0.928146	 0.593489	 0.213187	 0.297655	 0.499837
-0.139530	-0.479759	 0.299255	 0.499384	 0.193022	 0.581258	 0.385929	 1.041789	 0.091115	-0.278952	-0.101932	 0.499837
-0.376055	-0.274885	 0.295801	 0.499384	 0.193022	 0.533823	 0.442863	 1.096299	-0.160072	-0.523479	-0.300722	 0.499837
