-0.498720	-0.594885	 0.594522	 0.105057	 0.415439	 0.387049	-0.324755	 0.627859	 0.985013	-0.505549	-0.498259	 0.499728
-0.498720	-0.586646	 0.592144	-0.085380	 0.663608	 0.441958	-0.573106	 0.625347	 1.041766	-0.503408	-0.498259	 0.499731
-0.498720	-0.581370	 0.589775	-0.180599	 0.285869	 0.469413	-0.195638	 0.622846	 1.067945	-0.501335	-0.498259	 0.499733
-0.498720	-0.577580	 0.587416	-0.228208	 0.096999	 0.483140	-0.006904	 0.620354	 1.078846	-0.500298	-0.498259	 0.499733
-0.498720	-0.574537	 0.585066	-0.252013	 0.502564	 0.490004	 0.087463	 0.617873	 1.082117	-0.499780	-0.498259	 0.499734
-0.498720	-0.571872	 0.582726	-0.263915	 0.703531	 0.493435	 0.134646	 0.615402	 1.081582	-0.499521	-0.498259	 0.499734
-0.498720	-0.569402	 0.580395	-0.269866	 0.802205	 0.495151	 0.158238	 0.612940	 1.079153	-0.499391	-0.498259	 0.499734
-0.498720	-0.567033	 0.578074	 0.227158	 0.349740	 0.496009	 0.170034	 0.610488	 0.575784	-0.499326	-0.498259	 0.499734
-0.498720	-0.564719	 0.575761	 0.474222	 0.123508	 0.496438	 0.175932	 0.608046	 0.324100	-0.499294	-0.498259	 0.499734
-0.498720	-0.562437	 0.573458	 0.596311	 0.010392	 0.496653	 0.178881	 0.605614	 0.198258	-0.999278	-0.498259	 0.499734
-0.498720	-0.560176	 0.571164	 0.655919	-0.046166	 0.496760	 0.180355	 0.603192	 0.135337	-1.246271	-0.498259	 0.499734
-0.498720	-0.557929	 0.568880	 0.184292	-0.074445	 0.496814	 0.181093	 0.600779	 0.603877	-0.866781	-0.498259	 0.499734
-0.498720	-0.555695	 0.566604	-0.051521	-0.088585	 0.496840	 0.181461	 0.598376	 0.836001	-0.677036	-0.498259	 0.499734
-0.498720	-0.553471	 0.564338	-0.169428	-0.095655	 0.496854	-0.318355	 0.595982	 0.949928	-1.082164	-0.498259	 0.499734
-0.498720	-0.551256	 0.562080	-0.228382	-0.099189	 0.496860	-0.566626	 0.593598	 1.004763	-1.281753	-0.498259	 0.499734
-0.498720	-0.549051	 0.559832	-0.257858	-0.100957	 0.496864	-0.689132	 0.591224	 1.030062	-1.378585	-0.498259	 0.499734
-0.498720	-0.546854	 0.557593	 0.227403	-0.101841	 0.496865	-0.248762	 0.588859	 1.040600	-0.924050	-0.498259	 0.499734
-0.498720	-0.544667	 0.555362	 0.468609	-0.102282	 0.496866	-0.028577	 0.586504	 1.043767	-0.696783	-0.498259	 0.499734
-0.498720	-0.542488	 0.553141	 0.087792	-0.102503	 0.496867	 0.081516	 0.584158	 0.543257	-0.583149	-0.498259	 0.499734
-0.498720	-0.540318	 0.550928	-0.102617	-0.102614	 0.496867	 0.136562	 0.581821	 0.293002	-0.526332	-0.498259	 0.499734
-0.498720	-0.538157	 0.548725	 0.302179	-0.602669	 0.496867	 0.164085	 0.579494	 0.667874	-0.497924	-0.498259	 0.499734
-0.498720	-0.536004	 0.546530	 0.503163	-0.850491	 0.496867	 0.177847	 0.577176	 0.853225	-0.483719	-0.498259	 0.499734
-0.498720	-0.533860	 0.544344	 0.102247	-0.472206	 0.496867	 0.184728	 0.574867	 0.943823	-0.476617	-0.498259	 0.499734
-0.498720	-0.531725	 0.542166	-0.098211	-0.283063	 0.496867	 0.188168	 0.572567	 0.987053	-0.473066	-0.498259	 0.499734
-0.498720	-0.529598	 0.539998	-0.198440	-0.188492	 0.496867	 0.189888	 0.570277	 1.006608	-0.471291	-0.498259	 0.499734
-0.498720	-0.527479	 0.537838	 0.251445	 0.358794	 0.996867	 0.190748	 1.067996	 1.014333	-0.470403	-0.498259	 0.499734
-0.498720	-0.525369	 0.535686	 0.474985	 0.630625	 1.243873	 0.191179	 1.313724	 1.016151	-0.469959	-0.498259	 0.499734
-0.498720	-0.523268	 0.533544	-0.414642	 0.764735	 0.864395	 0.191394	 0.933469	 1.015024	-0.469737	-0.498259	 0.499734
-0.498720	-0.521175	 0.531409	-0.856847	 0.829993	 0.674655	 0.191501	 0.742235	 1.012433	-0.469626	-0.498259	 0.499734
-0.498720	-0.519090	 0.529284	-0.075351	 0.360831	 1.079786	 0.191555	 0.645516	 1.009118	-0.469571	-0.498259	 0.499734
-0.498720	-0.517014	 0.527167	 0.313984	 0.126250	 1.279381	 0.191582	 0.596059	 1.005449	-0.469543	-0.498259	 0.499734
-0.498720	-0.514946	 0.525058	 0.507245	 0.508960	 0.876221	 0.191595	 0.570238	 1.001610	-0.469529	-0.498259	 0.499734
-0.498720	-0.512886	 0.522958	 0.602475	 0.698531	 0.674641	 0.191602	 0.556238	 0.997696	-0.469522	-0.498259	 0.499734
-0.498720	-0.510834	 0.520866	 0.648694	 0.791541	 0.573851	 0.191605	 0.548154	 0.993751	-0.469519	-0.498259	 0.499734
-0.498720	-0.508791	 0.518782	 0.670414	 0.336276	 1.023456	 0.191607	 0.543031	 0.989799	-0.469517	-0.498259	 0.499734
-0.498720	-0.506756	 0.516707	 0.679890	 0.108644	 1.245312	 0.191608	 0.539394	 0.985851	-0.469516	-0.498259	 0.499734
-0.498720	-0.504729	 0.514640	 0.683249	-0.005172	 0.853306	 0.191608	 0.536504	 0.981913	-0.469516	-0.498259	 0.499734
-0.498720	-0.502710	 0.512582	 0.683555	-0.062080	 0.657303	 0.191608	 0.533992	 0.977989	-0.469515	-0.498259	 0.499734
-0.498720	-0.500699	 0.510532	 0.682341	 0.409466	 0.559301	 0.191608	 0.531673	 0.974078	-0.469515	-0.498259	 0.499734
-0.498720	-0.499694	 0.508489	 0.680371	 0.643477	 0.510300	 0.191609	 0.529455	 0.970183	-0.469515	-0.498259	 0.499734
-0.498720	-0.499191	 0.506456	 0.678030	 0.758728	 0.485800	 0.191609	 0.527291	 0.466302	-0.969515	-0.498259	 0.499734
-0.498720	-0.498940	 0.504430	 0.675507	 0.814605	 0.473550	 0.191609	 0.525159	 0.214362	-1.216576	-0.498259	 0.499734
-0.498720	-0.498814	 0.502412	 0.672900	 0.840802	 0.467425	 0.191609	 0.523047	 0.088392	-1.337179	-0.498259	 0.499734
-0.498720	-0.498751	 0.500402	 0.170256	 0.852167	 0.464362	 0.191609	 0.520949	 0.525407	-0.894565	-0.498259	 0.499734
-0.498720	-0.498720	 0.499397	-0.081066	 0.856123	 0.462831	 0.191609	 0.518862	 0.741989	-0.673258	-0.498259	 0.499734
-0.498720	-0.498704	 0.498895	 0.293273	 0.356380	 0.462065	 0.191609	 1.016786	 0.848364	-0.562605	-0.498259	 0.499734
-0.498720	-0.498696	 0.498644	 0.479108	 0.106509	 0.461682	 0.191609	 1.262718	 0.899641	-0.507278	-0.498259	 0.499734
-0.498720	-0.498692	 0.498518	 0.570695	 0.481573	 0.461491	 0.191609	 0.882667	 0.923378	-0.479615	-0.498259	 0.499734
-0.498720	-0.498690	 0.498455	 0.615164	 0.667392	 0.461395	 0.191609	 0.691636	 0.933352	-0.465783	-0.498259	 0.499734
-0.498720	-0.498689	 0.498424	 0.636079	 0.758595	 0.461348	-0.308391	 0.095119	-0.563547	 1.041133	-0.498259	-0.000266
-0.498720	-0.498689	 0.498408	 0.645223	 0.802497	 0.461324	-0.556775	-0.202136	-1.307876	 1.789495	-0.498259	-0.249265
-0.498720	-0.498689	 0.498401	 0.648486	 0.822755	 0.461312	-0.679356	-0.350764	-1.675936	 2.158600	-0.498259	-0.373765
 0.001280	 1.001312	-0.001603	 0.648814	 0.831198	 0.461306	 0.260957	-1.425078	-2.855878	 3.838097	-0.498259	-0.436015
 0.250277	 1.746309	-0.250602	 0.647680	 0.833741	 0.461303	 0.728711	-1.957236	-3.437777	 4.666810	-0.498259	-0.467140
 1.374776	 4.113825	-0.375102	 0.145819	 1.333339	-0.038699	 1.460195	-3.218337	-4.720688	 7.070176	 0.001741	-1.482702
 1.932027	 5.284620	-0.437351	-0.105111	 1.579473	-0.287622	 1.821554	-3.839928	-5.350136	 8.252912	 0.250738	-1.985487
 2.705674	 7.357107	-0.968476	-0.730576	 1.198888	-0.411011	 2.497868	-4.641800	-6.652900	 9.825408	 0.375236	-2.731903
 3.085538	 8.374492	-1.231039	-1.040596	 1.006959	-0.471636	 2.829676	-5.031849	-7.288372	 10.588861	 0.437485	-3.098154
 3.268540	 10.364400	-1.859334	-0.692905	 1.409365	-0.500884	 2.989257	-5.216030	-7.590259	 11.947882	 0.968610	-3.274351
 3.353138	 11.334645	-2.168506	-0.519060	 1.606944	-0.514448	 3.062750	-5.297320	-7.725419	 12.600779	 1.231173	-3.355548
 3.388561	 11.795158	-2.318136	-0.432137	 1.702125	-0.520174	 3.093224	-5.327208	-7.777278	 12.900721	 1.359467	-3.389274
 4.399425	 12.500904	-2.388016	-0.388676	 2.246120	-1.021985	 3.102214	-5.331437	-7.787549	 13.524290	 1.420638	-3.899290
 4.894036	 12.827363	-2.418040	-0.366945	 2.512538	-1.269843	 3.100486	-5.322881	-7.777089	 13.807779	 1.448260	-4.145480
 4.630565	 13.464285	-2.428156	-0.856080	 2.640189	-1.390737	 3.093425	-6.307974	-7.756325	 13.921341	 1.459119	-4.759791
 4.490095	 13.754543	-2.428337	-1.097956	 2.698478	-1.448160	 3.083722	-6.785934	-7.730473	 13.950052	 1.461609	-5.056199
 4.911160	 14.371583	-2.423571	-1.216215	 2.722110	-0.973861	 3.072722	-6.010387	-7.702137	 13.936450	 1.459926	-5.193697
 5.111029	 14.650126	-2.416350	-1.272676	 2.728434	-0.736711	 3.061098	-5.612143	-7.672621	 13.901803	 1.456168	-5.251784
 4.700341	 14.759540	-2.407922	-1.298248	 2.726127	-0.618137	 3.049188	-5.402594	-7.642578	 14.356746	 1.451384	-5.270208
 4.486418	 14.784509	-2.398908	-1.308386	 2.719525	-0.558849	 3.037158	-5.287433	-7.612331	 14.554593	 1.446098	-5.268843
 4.370911	 14.767374	-2.389622	-1.310818	 2.710799	-0.529205	 3.025093	-5.219508	-7.582043	 14.624012	 1.440574	-5.257625
 4.804647	 15.229307	-2.380218	-1.309408	 3.201031	-1.014384	 3.013034	-5.175242	-7.551796	 14.629335	 1.434942	-5.241523
 5.011039	 15.428890	-2.370774	-1.306086	 3.438765	-1.253973	 3.001003	-5.142848	-7.521629	 14.602727	 1.429267	-5.223022
 5.103799	 15.497425	-2.361330	-1.301820	 3.550279	-1.370781	 2.989009	-5.116429	-7.491562	 14.560271	 1.923583	-5.203362
 5.139787	 15.500561	-2.351904	-1.297092	 3.598712	-1.426210	 2.977059	-5.093040	-7.461606	 14.510007	 2.165905	-5.183164
 5.147429	 15.471121	-2.342506	-1.292143	 3.615635	-0.950961	 2.965153	-6.071206	-7.431765	 14.455956	 1.782249	-5.162740
 5.140940	 15.425518	-2.333141	-1.287095	 3.616831	-0.713337	 2.953294	-6.546191	-7.402040	 14.400126	 1.587624	-5.142243
 5.127426	 15.371957	-2.323811	-0.782006	 3.610193	-0.594525	 2.941481	-5.769640	-7.372433	 14.343523	 1.487526	-5.121751
 5.110442	 15.314539	-2.314517	-0.529462	 3.599667	-0.535118	 2.929715	-5.371379	-7.342944	 14.286647	 1.434702	-5.101302
 5.091762	 15.255316	-2.305259	-0.403190	 3.587225	-0.505415	 2.917997	-5.162302	-7.313573	 14.229750	 1.405526	-5.080916
 5.072277	 15.195312	-2.296038	-0.340054	 3.573855	-0.990564	 2.906325	-5.047857	-7.284319	 14.172956	 1.888185	-5.060602
 5.052428	 15.135040	-2.286854	-0.308486	 3.560049	-1.230187	 2.894700	-4.980768	-7.255182	 14.116326	 2.124773	-5.040365
 5.032439	 15.074754	-2.277707	-0.792702	 3.546053	-0.847058	 2.883121	-4.937396	-7.226161	 14.059892	 2.238345	-5.020206
 5.012419	 15.014582	-2.268596	-1.032256	 3.531992	-0.655494	 2.871588	-4.905922	-7.197256	 14.003668	 2.290426	-5.000126
 4.992425	 14.954588	-2.259522	-1.149489	 3.517925	-0.559712	 2.860102	-4.880436	-7.168467	 13.947661	 2.311782	-4.980126
 4.972482	 14.894801	-2.250484	-1.205572	 3.503884	-0.511821	 2.848662	-4.857983	-7.139793	 13.891874	 2.317794	-4.960206
 4.952606	 15.335238	-2.241482	-0.731091	 2.989883	-0.487876	 3.337267	-5.837086	-7.111234	 14.336309	 2.316152	-4.940365
 4.932803	 15.523905	-2.232516	-0.493850	 2.727932	-0.475903	 3.573918	-6.313005	-7.082789	 14.528965	 2.310702	-4.920604
 4.913075	 15.586813	-2.223586	-0.375230	 2.592024	-0.469917	 3.684622	-6.537386	-7.054458	 14.595849	 2.303367	-4.900922
 5.393424	 15.586968	-2.214692	-0.315919	 3.019157	-0.466923	 3.732384	-6.636053	-7.026240	 14.599966	 2.295107	-4.881318
 5.621851	 15.555871	-2.205833	-0.286264	 3.225832	-0.465427	 3.748704	-6.671918	-6.998135	 14.572816	 2.286404	-4.861793
 5.224365	 15.509273	-2.197010	-0.771437	 3.322304	-0.464678	 3.249334	-5.676434	-6.970143	 14.030150	 2.277496	-4.842346
 5.015967	 15.455049	-2.188222	-1.011510	 3.363702	-0.464304	 2.994150	-5.169331	-6.942262	 13.731842	 2.268506	-4.822976
 4.902154	 15.397135	-2.179469	-0.629043	 3.377592	-0.464117	 3.361079	-4.906454	-6.914493	 14.055821	 2.259491	-4.803684
 4.835670	 15.337499	-2.170751	-0.437810	 3.377753	-0.464024	 3.537088	-4.765729	-6.886835	 14.189051	 2.250483	-4.784470
 4.792890	 15.277126	-2.162068	-0.842193	 2.371078	-0.463977	 3.117666	-4.686116	-6.859288	 14.227021	 2.241496	-4.765332
 4.761999	 15.216506	-2.153419	-1.041892	 1.865012	-0.463954	 2.902559	-4.637097	-6.831851	 14.217476	 2.232537	-4.746270
 4.737092	 15.155884	-2.144806	-1.139258	 1.609261	-0.463942	 2.789630	-4.603411	-6.804523	 14.184288	 2.223611	-4.727285
 4.715214	 15.095383	-2.136227	-0.685467	 2.478678	-0.463936	 2.727813	-4.577429	-6.777305	 12.639392	 1.714718	-4.208376
 4.694888	 15.035062	-2.127682	-0.458572	 2.906691	-0.463933	 2.691572	-4.555335	-6.750196	 11.844755	 1.457860	-3.941543
 3.675376	 11.474952	-2.119171	-0.845125	 2.114028	-0.463932	 1.668141	-4.035221	-6.723195	 7.925336	 0.327029	-2.800776
 3.160309	 9.679068	-2.110694	-1.035938	 1.715053	-0.463931	 1.155136	-3.768134	-6.696302	 5.957615	-0.236778	-2.227073
 1.897484	 5.765359	-1.602251	-0.628891	 0.512934	 0.036069	 0.397349	-3.127589	-5.169517	 3.465774	-1.017081	-1.436915
 1.264803	 3.804801	-1.345842	-0.425367	-0.086747	 0.284997	 0.018456	-2.802342	-4.398839	 2.217906	-1.403638	-1.040542
 0.447198	 1.320834	-2.215459	-0.323605	-0.385215	 0.408394	-0.670991	-2.634764	-3.006244	-0.907968	-1.093336	-0.341068
 0.038395	 0.081177	-2.644097	-0.272724	-0.533082	 0.469028	-1.012994	-2.546041	-2.306719	-2.462837	-0.936619	 0.008670
-0.166006	-0.536335	-2.852271	-0.247284	-0.605653	 0.498286	-1.181285	-2.496765	-1.953742	-3.232237	-0.856700	 0.183538
-0.768206	-2.842783	-1.450237	-0.734564	-1.140582	 0.511860	-1.262731	-1.967232	-0.774052	-4.108933	-0.815188	 0.270973
-1.066566	-3.985709	-0.749220	-0.975760	-1.404696	 0.517596	-1.300766	-1.699590	-0.184207	-4.537310	-0.792884	 0.314690
-1.213016	-4.546914	-0.398711	-1.093924	-1.533415	 0.519417	-1.317106	-1.062905	 0.110716	-4.741567	-0.780191	 0.336548
-1.283522	-4.817301	-0.223457	-1.150582	-1.594450	 0.519286	-1.322609	-0.744562	 0.258177	-4.833804	-0.772309	 0.347478
-1.316067	-4.942319	-0.135830	-0.676496	-2.121657	 0.518181	-1.322704	-0.585391	 0.331907	-4.370070	-0.766840	 0.352942
-1.329642	-4.994693	-0.092016	-0.439454	-2.379963	 0.516595	-1.320106	-0.505806	 0.368773	-4.130391	-0.762582	 0.355675
-1.333743	-4.510786	-0.070109	-0.820932	-2.503839	 0.514772	-1.316172	-0.466013	 0.387205	-4.002770	-0.758937	 0.857041
-1.333118	-4.260779	-0.059156	-1.009267	-2.560522	 0.512835	-1.311581	-0.446116	 0.396422	-3.931209	-0.755603	 1.105007
-1.330141	-4.127754	-0.053679	-1.101039	-2.583629	 0.510844	-1.306671	-0.436168	 0.401030	-3.887709	-0.752432	 1.226284
-1.325998	-4.053252	-0.050941	-1.144539	-2.089969	 0.508831	-1.301613	 0.068806	 0.403334	-3.858271	-0.749348	 0.784228
-1.321282	-4.008043	-0.049572	-1.163913	-1.839946	 0.506811	-1.296491	 0.320145	 0.404486	-3.835894	-0.746314	 0.563199
-1.316292	-3.977513	-0.048887	-0.671234	-1.711755	 0.504791	-1.291347	-0.055328	 0.905062	-3.817079	-0.743310	 0.452685
-1.311174	-3.954354	-0.048545	-0.424894	-1.644492	 0.502776	-1.286202	-0.243064	 1.152539	-3.800074	-0.740327	 0.397428
-1.306002	-3.934912	-0.048374	-0.301724	-2.107706	 0.500767	-1.281068	 0.163067	 1.273477	-3.784006	-0.737361	 0.369800
-1.300815	-3.917360	-0.048288	-0.240139	-2.334172	 0.499762	-1.275949	 0.364995	 1.331157	-3.768436	-0.734409	 0.355985
-0.795630	-3.900785	-0.048246	-0.209347	-1.942283	 0.499260	-0.770848	 0.464825	 1.357220	-3.753145	-0.731471	 0.849078
-0.543038	-3.884729	-0.048224	-0.193951	-1.743238	 0.499009	-0.518297	 0.513610	 1.367485	-3.738024	-0.728544	 1.092940
-0.916742	-3.868963	-0.048213	-0.186252	-1.640627	 0.498883	-0.892022	 0.536878	 1.369861	-3.723018	-0.725630	 0.712198
-1.101013	-3.853374	-0.048208	-0.182403	-1.586245	 0.498820	-1.076353	 0.547392	 1.368305	-3.708099	-0.722727	 0.521827
-1.190578	-3.837904	-0.048205	-0.180479	-1.555991	 0.498789	-1.165997	 0.551533	 1.364794	-3.693253	-0.719836	 0.426641
-1.232800	-3.822524	-0.048204	-0.179517	-1.537812	-0.001227	-1.708308	 0.552492	 0.860316	-3.678473	-0.716957	 0.879048
-1.251361	-3.807220	-0.048203	-0.179035	-1.525684	-0.250232	-1.974962	 0.551865	 0.608076	-3.663756	-0.714089	 1.102589
-1.258102	-3.791984	 0.451797	-0.178795	-1.516592	 0.125265	-1.603806	 0.550449	 0.981957	-3.649099	-0.711232	 1.211707
-1.258942	-3.776812	 0.699894	-0.178675	-1.509031	 0.312012	-1.415762	 0.548643	 1.166185	-3.634502	-0.708387	 1.263624
-1.256843	-3.761703	 0.822046	-0.178614	-1.002248	 0.405386	-0.819285	 0.546646	 1.255599	-3.619963	-0.705554	 1.286952
-1.253284	-3.746656	 0.881234	-0.178584	-0.748856	 0.452073	-0.521047	 0.544558	 1.297615	-3.605483	-0.702732	 1.295995
-1.249005	-3.731669	 0.408947	-0.178569	-1.122161	 0.475416	-0.371927	 0.542429	 1.315945	-3.591061	-0.699921	 1.297907
-1.244376	-3.716742	 0.172803	-0.178562	-1.305822	 0.487088	-0.297368	 0.540284	 1.322441	-3.576697	-0.697121	 1.296263
-1.239582	-3.701875	 0.054731	-0.178558	-1.394673	 0.492924	-0.260088	 0.538136	 1.323031	-3.562390	-0.694333	 1.292852
-1.234715	-3.687067	-0.004304	-0.178556	-1.436132	 0.495842	-0.241448	 0.535989	 1.320678	-3.548140	-0.691555	 1.288567
-1.229822	-3.672319	-0.033822	-0.178555	-1.453906	 0.497300	-0.232128	 0.533848	 1.316866	-3.533948	-0.688789	 1.283856
-1.224926	-3.657629	-0.048581	-0.178555	-1.459850	 0.498030	-0.227468	 0.531715	 1.312333	-3.519812	-0.686034	 1.278943
-1.220038	-3.642999	-0.055961	-0.178555	-1.459890	 0.498395	-0.225138	 0.529589	 1.307451	-3.505733	-0.683290	 1.273938
-0.715163	-3.628427	 0.440349	-0.178554	-0.956991	 0.498577	-0.223973	 0.527471	 1.302405	-2.991710	-0.680557	 1.268897
-0.462726	-3.613913	 0.686631	-0.178554	-0.705541	 0.498668	-0.223390	 0.525361	 1.297288	-2.729743	-0.677834	 1.263850
-0.836508	-3.599458	 0.807906	-0.178554	-1.079816	 0.498714	-0.223099	 0.523260	 1.292144	-3.093824	-0.675123	 0.758808
-1.020978	-3.585060	 0.866685	-0.178554	-1.264045	 0.498737	-0.222954	 0.521167	 1.286999	-3.268949	-0.672423	 0.506287
-1.110802	-3.570719	 0.894224	-0.178554	-1.353263	 0.498748	-0.222881	 0.519082	 1.281862	-3.349623	-0.669733	 0.380027
-1.153313	-3.556437	 0.906150	-0.178554	-0.894987	 0.498754	-0.722844	 0.517006	 1.276741	-2.883099	-0.667054	 0.816897
-1.172177	-3.542211	 0.910277	-0.178554	-0.665850	 0.498757	-0.970381	 0.514938	 1.271636	-2.645005	-0.664386	 1.032824
-1.179226	-3.528042	 0.410511	-0.178554	-0.551281	-0.001242	-0.591713	 0.512878	 1.266551	-3.021143	-0.661728	 1.138290
-1.180379	-3.513930	 0.160629	-0.178554	-0.493996	-0.250239	-0.402379	 0.510826	 1.261486	-3.202418	-0.659081	 1.188536
-1.178592	-3.499874	 0.035687	-0.178554	-0.965354	 0.125263	-0.807712	 0.508783	 0.756440	-2.786288	-0.656445	 1.211181
-1.175345	-3.485875	-0.026784	-0.178554	-1.198159	 0.312012	-1.007952	 0.506748	 0.503917	-2.573483	-0.653819	 1.220036
-1.171377	-3.471931	-0.058019	-0.178554	-0.811700	 0.405387	-1.105656	 0.504721	 0.877656	-2.962359	-0.651204	 1.222006
-1.167058	-3.458043	-0.073637	-0.178554	-0.618470	 0.452074	-1.152101	 0.502702	 1.062023	-3.150094	-0.648599	 1.220543
-1.162574	-3.444211	-0.081445	-0.178554	-0.521856	 0.475418	-1.172927	 0.500691	 1.151713	-3.237286	-0.646005	 1.217373
-1.158015	-3.430434	-0.085350	-0.178554	-0.473548	 0.487089	-1.180952	 0.999686	 1.194076	-3.274234	-0.643421	 1.213360
-1.153429	-3.416713	-0.087302	-0.178554	-0.449395	 0.492925	-1.182587	 1.246186	 1.212784	-3.286085	-0.640847	 1.208934
-1.148838	-3.403046	 0.411722	-0.178554	-0.437318	 0.495843	-1.181036	 0.866450	 1.219675	-3.285414	-0.638284	 1.204313
-1.144254	-3.389434	 0.659412	-0.178554	-0.431279	 0.497302	-1.177901	 0.676583	 1.220667	-3.278510	-0.635730	 1.199602
-1.139683	-3.375876	 0.281443	-0.178554	-0.428260	 0.498032	-0.673984	 0.581649	 1.218720	-3.268514	-0.633188	 1.194858
-1.135127	-3.362372	 0.092459	-0.178554	-0.426750	 0.498397	-0.422026	 0.534182	 1.215313	-3.256999	-0.630655	 1.190105
-1.130588	-3.348923	-0.002033	-0.178554	-0.425996	 0.498579	-0.796047	 0.510448	 1.211186	-3.244751	-0.628132	 1.185358
-1.126066	-3.335527	-0.049279	-0.178554	-0.425618	 0.498670	-0.980717	 0.498582	 1.206708	-3.232162	-0.625620	 1.180623
-1.121562	-3.322185	-0.072903	-0.178554	-0.425430	 0.498716	-1.070722	 0.492648	 1.202065	-3.219428	-0.623117	 1.175904
-1.117076	-3.308896	-0.084714	-0.178554	-0.425335	 0.498739	-0.613402	 0.989682	 1.197348	-3.206648	-0.620625	 1.171202
-1.112608	-3.295661	-0.090620	-0.178554	-0.425288	 0.498750	-0.384743	 1.235225	 1.192605	-3.193870	-0.618142	 1.166518
-1.108158	-3.282478	 0.406427	-0.178554	-0.925264	 0.498756	-0.270413	 1.355035	 1.187857	-2.681119	-0.615670	 0.661852
-1.103725	-3.269348	 0.653144	-0.178554	-1.172402	 0.498758	-0.213248	 1.411990	 1.183117	-2.420407	-0.613207	 0.409520
-1.099310	-3.256271	 0.774702	-0.178554	-0.793132	 0.498760	-0.184665	 0.937530	 1.178391	-2.285731	-0.610754	 0.783353
-1.094913	-3.243246	 0.833689	-0.178554	-0.603497	 0.498761	-0.170374	 0.700300	 1.173680	-2.214091	-0.608311	 0.967956
-1.090533	-3.230273	 0.361397	-0.178554	-0.508679	 0.498761	-0.163229	 0.581685	 1.168987	-2.673986	-0.605878	 1.057952
-1.086171	-3.217352	 0.125251	-0.178554	-0.461271	 0.498761	-0.159656	 0.522377	 1.164311	-2.897666	-0.603454	 1.100654
-1.081826	-3.204482	 0.007178	-0.178554	-0.437566	 0.498761	-0.157869	 0.492724	 1.159654	-3.003263	-0.601041	 1.119718
-1.077499	-3.191664	 0.448142	-0.178554	-0.425714	 0.498761	-0.156976	 0.477897	 1.155016	-3.049844	-0.598636	 1.126973
-1.073189	-3.178898	 0.666845	-0.178554	-0.419788	 0.498761	-0.156530	 0.470483	 1.150396	-3.066942	-0.596242	 1.128332
-1.068896	-3.166182	 0.274426	-0.178554	-0.916825	 0.498761	-0.156306	 0.466777	 1.145795	-2.569323	-0.593857	 1.126752
-1.064621	-3.153517	 0.078216	-0.178554	-1.162516	 0.498761	-0.156195	 0.464923	 1.141211	-2.316370	-0.591481	 1.123711
-1.060362	-3.140903	 0.480112	-0.178554	-0.782545	 0.498761	-0.156139	 0.963996	 1.636647	-2.185766	-0.589115	 1.119950
-1.056121	-3.128340	 0.679295	-0.178554	-0.592559	 0.498761	-0.156111	 1.210607	 1.880100	-2.116354	-0.586759	 1.115837
-1.051896	-3.115826	 0.777130	-0.178554	-0.997566	 0.498761	-0.156097	 0.830998	 1.497580	-2.077554	-0.584412	 1.111557
-1.047689	-3.103363	 0.824297	-0.178554	-1.197265	 0.498761	-0.156090	 0.641193	 1.304089	-2.054077	-0.582074	 1.107202
-1.043498	-3.090950	 0.846138	-0.178554	-1.294320	 0.498761	-0.156086	 0.546291	 1.205123	-2.038277	-0.579746	 1.102819
-1.039324	-3.078586	 0.355323	-0.178554	-0.840065	 0.498761	-0.156085	 0.998840	 1.153427	-2.526332	-0.577427	 1.098431
-1.035167	-3.066271	 0.109915	-0.178554	-0.612937	 0.498761	-0.156084	 1.222211	 1.125376	-2.764331	-0.575117	 1.094049
-1.031026	-3.054006	-0.012789	-0.678554	-0.499374	 0.498761	-0.656083	 1.331006	 1.109156	-2.877326	-0.572817	 1.089678
-1.026902	-3.041790	-0.074141	-0.926197	-0.442592	 0.498761	-0.903771	 1.382524	 1.098860	-2.927842	-0.570526	 1.085322
-1.022794	-3.029623	-0.104817	-0.547671	-0.414201	-0.001239	-0.525312	 1.405415	 0.591535	-2.447144	-0.568244	 1.080982
-1.018703	-3.017505	-0.120155	-0.358408	-0.400005	-0.250236	-0.336082	 1.414003	 0.337872	-2.202862	-0.565971	 1.076659
-1.014628	-3.005435	-0.127824	-0.763776	-0.392908	 0.125265	-0.241468	 1.415453	 1.211041	-3.076804	-0.563707	 1.072353
-1.010570	-2.993413	-0.131658	-0.964122	-0.389359	 0.312014	-0.194160	 1.413343	 1.643457	-3.505873	-0.561452	 1.068064
-1.006528	-2.981439	-0.133576	-1.061966	-0.387584	 0.405389	-0.170506	 1.409466	 1.855513	-3.712538	-0.559206	 1.063792
-1.002501	-2.969513	 0.365466	-0.608569	-0.386697	 0.452076	-0.158680	 1.404717	 1.957406	-3.808032	-0.556969	 0.559536
-0.998491	-2.957635	 0.613257	-0.381870	-0.386253	 0.475420	-0.152766	 1.399542	 2.004234	-3.847972	-0.554741	 0.307409
-0.994497	-2.445805	 0.235431	-0.268520	-0.386032	 0.487091	-0.149810	 1.394166	 1.523546	-3.360166	-0.552522	 0.681345
-0.990519	-2.186022	 0.046518	-0.211846	-0.385921	 0.492927	-0.148331	 1.388700	 1.281116	-3.110518	-0.550312	 0.866203
-0.986557	-2.052278	-0.047939	-0.183508	-0.385865	 0.495845	-0.147592	 1.383201	 1.157824	-2.479973	-0.548111	 0.956529
-0.982611	-1.981568	-0.095167	-0.169340	-0.385838	 0.497304	-0.147222	 1.377696	 1.094109	-2.161001	-0.545919	 0.999599
-0.978681	-2.442392	-0.118781	-0.162255	-0.385824	 0.498034	-0.147038	 1.372199	 1.060190	-1.997831	-0.543735	 1.019048
-0.974766	-2.666998	-0.130588	-0.158713	-0.385817	 0.498398	-0.146945	 1.366717	 1.041178	-1.912577	-0.541560	 1.026696
-0.970867	-2.773517	-0.136492	-0.156942	-0.385813	 0.498581	-0.146899	 1.361254	 1.029628	-1.866295	-0.539394	 1.028451
-0.966983	-2.821017	-0.139443	-0.156057	-0.385812	 0.498672	-0.146876	 1.355810	 1.021817	-1.839514	-0.537236	 1.027268
-0.963116	-2.839030	-0.140919	-0.155614	-0.385811	 0.498718	-0.146864	 1.350388	 1.015883	-1.822498	-0.535087	 1.024625
-0.959263	-2.842322	-0.141657	-0.155392	-0.385810	 0.498740	-0.146859	 1.344987	 1.010897	-2.310379	-0.532947	 1.021259
-0.955426	-2.838277	-0.142026	-0.155282	-0.385810	 0.498752	-0.146856	 1.339607	 1.006391	-2.548723	-0.530815	 1.017540
-0.951604	-2.330586	-0.142211	-0.155226	-0.385810	 0.498758	-0.146854	 1.334249	 1.502135	-2.162321	-0.528692	 1.013653
-0.947798	-2.073095	-0.142303	-0.155199	-0.385810	 0.498760	-0.146854	 1.328912	 1.746011	-1.965568	-0.526577	 1.009690
-0.944007	-2.440718	-0.142349	-0.155185	-0.385810	 0.498762	-0.146853	 1.323596	 1.863969	-1.863654	-0.524471	 1.005697
-0.940231	-2.618913	-0.142372	-0.155178	-0.385810	 0.498763	-0.146853	 1.318302	 1.918985	-1.809174	-0.522373	 1.001698
-0.936470	-2.702416	-0.142384	-0.155175	-0.385810	 0.498763	-0.146853	 1.313029	 1.942544	-1.778424	-0.520283	 0.997702
-0.932724	-2.738596	 0.357611	-0.155173	-0.385810	 0.498763	-0.146853	 1.307776	 1.950392	-2.259554	-0.518202	 0.993717
-0.928993	-2.751136	 0.605893	-0.155172	-0.385810	 0.498763	-0.146853	 1.302545	 1.950399	-2.494638	-0.516129	 0.989745
-0.925277	-2.751879	 0.228325	-0.155172	-0.385810	 0.498763	-0.146853	 1.297335	 1.446502	-2.606720	-0.514065	 0.985788
-0.921576	-2.746745	 0.039541	-0.155171	-0.385810	 0.498763	-0.146853	 1.292146	 1.192668	-2.657323	-0.512009	 0.981845
-0.917890	-2.238695	-0.054850	-0.155171	-0.385810	 0.498763	-0.146853	 1.286977	 1.063874	-2.177209	-0.509961	 0.977918
-0.914218	-1.981208	-0.102046	-0.155171	-0.385810	 0.498763	-0.146853	 1.281829	 0.997606	-1.933758	-0.507921	 0.974007
-0.910561	-2.349018	 0.374356	-0.155171	-0.385810	 0.498763	-0.146853	 1.276702	 1.462610	-1.808652	-0.505889	 0.970111
-0.906919	-2.527489	 0.610855	-0.155171	-0.385810	 0.498763	-0.146853	 1.271595	 1.691256	-1.742732	-0.503866	 0.966230
-0.903291	-2.611312	 0.227410	-0.155171	-0.385810	 0.498763	-0.146853	 1.266509	 1.301740	-1.706418	-0.501850	 0.962365
-0.899678	-2.647834	 0.035688	-0.155171	-0.385810	 0.498763	-0.146853	 1.261443	 1.105157	-1.684921	-0.500842	 0.958516
-0.896079	-2.660726	-0.060173	-0.155171	-0.385810	 0.498763	-0.146853	 1.256397	 1.005049	-1.670846	-0.500338	 0.954682
-0.892495	-2.161825	 0.391896	-0.155171	-0.385810	 0.498763	-0.146853	 1.251371	 1.453185	-1.660494	-0.500087	 0.950863
-0.888925	-1.909048	 0.616243	-0.155171	-0.385810	 0.498763	-0.146853	 1.246366	 1.673450	-1.652018	-0.499961	 0.947060
-0.885369	-1.779348	 0.726735	-0.155171	-0.385810	 0.498763	-0.146853	 1.241381	 1.779795	-2.144493	-0.499898	 0.943271
-0.881828	-1.711198	 0.780307	-0.155171	-0.385810	 0.498763	-0.146853	 1.236415	 1.829195	-2.385457	-0.499866	 0.939498
-0.878301	-2.173837	 0.805425	-0.155171	-0.385810	 0.498763	-0.146853	 1.231469	 1.850138	-2.000686	-0.499850	 0.935740
-0.874787	-2.399884	 0.816323	-0.155171	-0.385810	 0.498763	-0.146853	 1.226543	 1.856868	-1.805068	-0.499842	 0.931997
-0.871288	-2.507655	 0.320117	-0.155171	-0.885810	 0.498763	-0.146853	 1.221637	 1.856505	-1.704041	-0.499839	 0.928269
-0.867803	-2.556310	 0.072014	-0.155171	-1.133038	 0.498763	-0.146853	 1.216751	 1.852612	-1.650321	-0.499837	 0.924556
-0.864332	-2.575427	-0.052037	-0.155171	-1.253892	 0.498763	-0.146853	 1.211884	 1.846967	-1.620268	-0.499836	 0.920858
-0.860875	-2.079797	-0.114063	-0.155171	-0.811569	 0.498763	-0.146853	 1.207036	 1.840463	-2.602061	-0.499835	 0.917175
-0.857431	-1.828814	-0.145076	-0.155171	-0.590408	 0.498763	-0.146853	 1.202208	 1.833542	-3.085790	-0.499835	 0.913506
-0.854001	-2.200166	-0.160582	-0.155171	-0.479827	 0.498763	-0.146853	 1.197399	 1.326429	-2.320515	-0.499835	 0.909852
-0.850585	-2.380699	-0.168335	-0.155171	-0.424537	 0.498763	-0.146853	 1.192610	 1.071234	-1.934767	-0.499835	 0.906213
-0.847183	-1.965844	 0.327788	-0.155171	-0.396892	 0.498763	-0.146853	 1.187839	 1.442004	-1.738795	-0.499835	 0.902588
-0.843794	-1.755314	 0.574202	-0.155171	-0.383069	 0.498763	-0.146853	 1.183088	 1.623763	-1.637724	-0.499835	 0.898977
-0.840419	-2.146959	 0.195768	-0.155171	-0.376158	 0.498763	-0.146853	 1.178355	 1.211032	-1.584115	-0.499835	 0.895381
-0.837057	-2.337705	 0.006551	-0.155171	-0.372702	 0.498763	-0.146853	 1.173642	 1.003070	-1.554249	-0.499835	 0.891800
-0.833709	-2.428021	-0.088058	-0.155171	-0.370974	 0.498763	-0.146853	 1.168947	 0.897499	-1.536268	-0.499835	 0.888233
-0.830374	-2.468142	-0.135362	-0.155171	-0.370110	 0.498763	-0.146853	 1.164272	 1.343129	-2.024240	-0.499835	 0.884680
-0.827053	-2.483186	-0.159014	-0.155171	-0.369678	 0.498763	-0.146853	 1.159615	 1.562367	-2.263202	-0.499835	 0.881141
-0.823745	-2.485711	-0.170840	-0.155171	-0.369463	-0.001237	-0.146853	 1.154976	 1.668423	-2.377679	-0.499835	 0.877617
-0.820450	-2.481998	-0.176753	-0.155171	-0.369355	-0.250234	-0.146853	 1.150356	 1.717901	-2.429933	-0.499835	 0.874106
-0.817168	-1.975184	-0.179710	-0.155171	-0.369301	 0.125267	-0.646853	 1.145755	 1.739106	-1.951095	-0.499835	 0.870610
-0.813899	-1.718841	-0.181188	-0.155171	-0.369274	 0.312016	-0.894559	 1.141172	 1.746188	-1.708732	-0.499835	 0.867127
-0.810644	-2.087744	 0.318073	-0.155171	-0.369260	 0.405391	-0.516128	 1.136607	 1.746222	-2.084618	-0.499835	 0.863659
-0.807401	-2.267283	 0.566068	-0.155171	-0.369253	 0.452078	-0.326912	 1.132061	 1.742747	-2.267640	-0.499835	 0.860204
-0.804171	-2.352158	 0.688438	-0.155171	-0.369250	 0.475421	-0.232304	 1.127532	 1.737531	-2.354249	-0.499835	 0.856763
-0.800955	-2.389722	 0.748001	-0.155171	-0.369248	-0.012907	-0.185000	 1.123022	 1.231458	-1.892672	-0.499835	 0.853336
-0.797751	-2.403649	 0.776168	-0.155171	-0.369247	-0.256068	-0.161348	 1.118530	 0.976971	-1.659022	-0.499835	 0.849923
-0.794560	-2.405778	 0.788643	-0.155171	-0.369247	 0.622351	-0.649522	 1.114056	 1.348282	-1.539346	-0.499835	 0.846523
-0.791382	-2.402026	 0.793278	-0.155171	-0.369247	 1.058559	-0.891334	 1.109600	 1.530499	-1.476668	-0.499835	 0.843137
-0.788216	-1.895354	 0.793999	-0.155171	-0.369247	 0.773673	-0.509973	 1.105161	 1.118182	-1.442502	-0.499835	 0.839765
-0.785063	-1.639240	 0.792771	-0.155171	-0.369247	 0.631231	-0.319293	 1.100741	 0.910611	-1.422602	-0.499835	 0.836405
-0.781923	-2.008417	 0.790573	-0.155171	-0.369247	 0.560009	-0.223953	 1.096338	 1.305420	-1.909846	-0.499835	 0.833060
-0.778795	-2.188250	 0.787898	-0.155171	-0.369247	 0.524399	-0.176283	 1.091953	 1.499424	-2.148674	-0.499835	 0.829728
-0.775680	-2.273431	 0.784990	-0.155171	-0.369247	 0.506593	-0.152448	 1.087585	 1.593039	-2.263313	-0.499835	 0.826409
-0.772577	-1.811304	 0.781971	 0.344829	-0.369247	 0.497691	-0.640530	 1.083234	 1.136473	-1.815877	-0.499835	 0.823103
-0.769487	-1.577542	 0.778904	 0.593139	-0.369247	 0.493239	-0.882314	 1.078901	 0.906831	-1.589422	-0.499835	 0.819811
-0.766409	-1.457974	 0.775819	 0.215612	-0.369247	 0.491014	-0.500958	 1.074586	 1.290655	-1.473468	-0.499835	 0.816531
-0.763344	-1.395513	 0.772731	 0.026848	-0.369247	 0.489901	-0.310280	 1.070287	 1.479218	-1.412777	-0.499835	 0.813265
-0.760290	-1.361616	 0.769648	-0.067534	-0.369247	 0.489344	-0.214941	 1.066006	 1.070164	-1.379727	-0.499835	 0.810012
-0.757249	-1.342012	 0.766573	-0.114725	-0.369247	 0.489066	-0.167272	 1.061742	 0.864315	-1.360508	-0.499835	 0.806772
-0.754220	-1.329565	 0.763509	-0.138321	-0.369247	 0.488927	-0.143437	 1.057495	 0.760073	-1.348216	-0.499835	 0.803545
-0.751203	-1.320708	 0.760456	-0.150118	-0.369247	 0.488857	-0.131519	 1.053265	 0.706641	-1.339399	-0.499835	 0.800331
-0.748198	-1.313655	 0.757414	-0.156017	-0.369247	 0.488823	-0.125561	 1.049052	 0.678618	-1.332329	-0.499835	 0.797130
-0.745205	-1.307516	 0.254385	-0.158967	-0.369247	-0.011195	-0.122581	 1.044856	 1.163306	-1.826143	-0.499835	 0.793941
-0.742225	-1.301843	 0.002870	-0.160441	-0.369247	-0.260181	-0.121092	 1.040677	 1.402353	-2.068410	-0.499835	 0.790765
-0.739256	-1.296415	 0.377113	-0.161179	-0.369247	 0.116344	-0.120347	 1.036514	 1.018595	-1.684923	-0.499835	 0.787602
-0.736299	-1.291119	 0.562731	-0.161548	-0.369247	 0.304607	-0.119975	 1.032368	 0.825445	-1.490576	-0.499835	 0.784452
-0.733354	-1.285899	 0.654044	-0.161732	-0.369247	 0.398738	-0.119788	 1.028238	 0.727606	-1.390810	-0.499835	 0.781314
-0.730420	-1.280728	 0.698210	-0.161824	-0.369247	 0.445804	-0.119695	 1.024125	 0.677427	-1.338345	-0.499835	 0.778189
-0.727498	-1.275591	 0.718808	 0.338130	-0.369247	 0.469337	-0.119649	 1.020029	 1.151083	-1.809541	-0.499835	 0.775076
-0.724588	-1.270482	 0.727628	 0.586431	-0.369247	 0.481103	-0.119625	 1.015949	 1.384662	-2.040577	-0.499835	 0.771976
-0.721690	-1.265396	 0.730565	 0.708912	-0.369247	 0.486986	-0.119614	 1.011885	 1.498214	-2.151552	-0.499835	 0.768888
-0.218803	-1.260333	 0.230567	 0.268489	-0.369247	 0.489928	-0.119608	 1.007838	 0.551767	-2.202515	-0.499835	 0.765812
 0.032640	-1.255291	-0.019433	 0.048278	-0.369247	 0.491399	-0.119605	 1.003806	 0.078544	-2.223489	-0.499835	 0.762749
-0.341638	-1.250269	 0.355568	-0.061827	-0.369247	 0.492134	-0.619604	 0.999791	 0.341932	-1.729487	-0.499835	 0.759698
-0.527346	-1.245268	 0.541607	-0.116880	-0.369247	 0.492502	-0.867364	 0.995792	 0.472415	-1.480015	-0.499835	 0.756659
-0.618773	-1.740287	 0.633171	-0.144407	-0.369247	 0.492686	-0.489013	 0.991809	 1.036451	-1.852818	-0.499835	 0.753633
-0.663067	-1.983325	 0.677504	-0.158170	-0.369247	 0.492777	-0.299838	 0.987841	 1.315268	-2.034769	-0.499835	 0.750618
-0.683799	-1.600392	 0.698226	 0.334949	-0.369247	 0.492823	-0.205251	 0.983890	 0.951489	-2.121310	-0.499835	 0.747616
-0.692755	-1.406491	 0.707150	 0.579852	-0.369247	 0.492846	-0.157957	 0.979954	 0.768423	-2.160165	-0.499835	 0.744625
-0.695830	-1.307115	 0.710179	 0.700654	-0.369247	 0.492858	-0.134310	 0.976035	 0.675720	-2.175195	-0.499835	 0.741647
-0.695970	-1.255011	 0.210268	 0.259412	-0.369247	 0.492864	-0.122487	 0.972130	 1.128202	-1.678329	-0.499835	 0.738680
-0.694648	-1.226554	-0.039688	 0.038791	-0.369247	 0.492867	-0.116575	 0.968242	 1.351282	-1.427533	-0.499835	 0.735725
-0.692600	-1.209929	 0.335334	-0.071520	-0.369247	 0.492868	-0.113619	 0.964369	 1.459673	-1.299782	-0.499835	 0.732782
-0.690195	-1.199229	 0.521424	-0.126675	-0.369247	 0.492869	-0.112141	 0.960512	 1.510733	-1.233562	-0.499835	 0.729851
-0.687617	-1.191503	 0.613055	-0.154253	-0.369247	 0.492869	-1.111402	 0.956669	 1.533139	-1.198118	-0.499835	 0.726932
-0.684958	-1.185272	 0.657460	-0.168041	-0.369247	 0.492869	-1.606811	 0.952843	 1.541231	-1.178070	-0.499835	 0.724024
-0.682264	-1.179799	 0.678259	 0.325064	-0.369247	 0.492869	-0.850312	 0.949031	 1.542178	-1.165730	-0.499835	 0.721128
-0.679557	-1.174713	 0.687261	 0.569981	-0.369247	 0.492869	-0.472062	 0.945235	 1.539566	-1.157254	-0.499835	 0.718244
-0.676851	-1.169831	 0.690369	 0.690809	-0.369247	 0.492869	-0.282937	 0.941454	 1.535185	-1.150718	-0.499835	 0.715371
-0.674149	-1.165060	 0.690536	 0.249600	-0.369247	 0.492869	-0.188374	 0.937689	 1.529934	-1.145161	-0.499835	 0.712509
-0.671455	-1.160354	 0.689238	 0.028996	-0.369247	 0.492869	-0.141093	 0.933938	 1.524258	-1.140104	-0.499835	 0.709659
-0.668771	-1.155690	 0.187214	-0.081307	-0.369247	 0.492869	-0.117452	 0.930202	 1.518384	-1.135305	-0.499835	 0.706820
-0.666096	-1.151056	-0.063799	-0.136458	-0.369247	 0.492869	-0.105632	 0.926481	 1.512421	-1.130645	-0.499835	 0.703993
-0.663432	-1.146446	 0.310695	 0.335967	-0.369247	 0.492869	-0.099722	 0.922775	 1.506427	-1.626063	-0.499835	 0.701177
-0.660779	-1.141857	 0.496571	 0.570562	-0.369247	 0.492869	-0.096767	 0.919084	 1.500429	-1.869529	-0.499835	 0.698372
-0.658136	-1.137288	 0.588145	 0.686249	-0.369247	 0.492869	-0.095289	 0.915408	 1.494441	-1.987036	-0.499835	 0.695579
-0.655503	-1.132738	 0.632572	 0.742489	-0.369247	 0.492869	-0.094550	 0.911746	 1.488471	-2.041580	-0.499835	 0.692797
-0.652881	-1.128207	 0.653432	 0.769012	-0.369247	 0.492869	-0.094181	 0.908099	 1.482520	-2.064660	-0.499835	 0.690025
-0.650270	-1.123694	 0.662513	 0.280682	-0.369247	 0.492869	-0.093996	 0.904467	 0.976592	-1.572024	-0.499835	 0.687265
-0.647669	-1.119199	 0.665710	 0.036517	-0.369247	 0.492869	-0.093904	 0.900849	 0.723628	-1.323548	-0.499835	 0.684516
-0.645078	-1.114722	 0.665971	 0.414435	-0.369247	-0.007131	-0.093858	 0.897246	 1.097146	-1.197160	-0.499835	 0.681778
-0.642498	-1.110263	 0.664769	 0.601809	-0.369247	-0.256116	-0.093835	 0.893657	 1.280963	-1.131824	-0.499835	 0.679051
-0.639928	-1.105822	 0.162841	 0.193917	-0.369247	 0.120401	-0.093823	 0.890082	 1.369942	-1.097023	-0.499835	 0.676335
-0.637368	-1.101399	-0.088123	-0.010028	-0.369247	 0.308660	-0.093817	 0.886522	 1.411514	-1.077498	-0.499835	 0.673630
-0.634819	-1.096994	 0.286395	-0.112001	-0.369247	 0.402789	-0.093815	 0.882976	 0.929394	-1.065620	-0.499835	 0.670935
-0.632279	-1.092606	 0.472332	-0.162988	-0.369247	 0.449854	-0.093813	 0.879444	 0.688334	-1.057573	-0.499835	 0.668251
-0.629750	-1.588235	 0.563984	-0.188481	-0.369247	 0.473386	-0.093812	 0.875926	 1.067804	-1.051451	-0.499835	 0.665578
-0.627231	-1.831882	 0.608499	-0.201227	-0.369247	 0.485152	-0.093812	 0.872422	 1.254644	-1.046299	-0.499835	 0.662916
-0.624722	-1.949555	 0.629450	-0.207601	-0.369247	 0.491035	-0.093812	 0.868933	 1.345181	-1.041641	-0.499835	 0.660264
-0.622223	-1.504256	 0.638625	-0.210787	-0.369247	 0.493977	-0.593812	 0.865457	 0.887579	-1.037237	-0.499835	 0.657623
-0.619734	-1.279489	 0.641917	-0.212381	-0.369247	 0.495448	-0.841624	 0.861995	 0.658777	-1.032970	-0.499835	 0.654993
-0.617255	-1.164996	 0.642272	-0.213177	-0.369247	 0.496183	-0.463351	 0.858547	 1.044376	-1.028779	-0.499835	 0.152373
-0.614786	-1.105649	 0.641165	-0.213576	-0.369247	 0.496551	-0.274215	 0.855113	 1.234316	-1.024635	-0.499835	-0.098937
-0.612327	-1.073883	 0.639331	-0.213775	-0.369247	 0.496734	-0.179647	 0.851692	 1.326437	-1.020521	-0.499835	 0.275408
-0.609878	-1.055915	 0.637139	-0.213875	-0.369247	 0.496826	-0.132363	 0.848286	 1.369661	-1.016432	-0.499835	 0.461281
-0.607438	-1.044856	 0.134773	 0.286076	-0.369247	 0.496872	-0.108721	 0.844892	 0.888447	-1.012362	-0.499835	 0.552923
-0.605009	-1.037258	-0.116410	 0.534479	-0.369247	 0.496895	-0.096900	 0.841513	 0.647840	-1.008311	-0.499835	 0.597455
-0.602589	-1.031400	-0.242001	 0.657115	-0.369247	 0.496907	-0.090989	 0.838147	 0.527537	-1.004277	-0.499835	 0.618437
-0.600178	-1.026420	 0.195203	 0.716873	-0.369247	 0.496913	-0.088034	 0.834794	 0.467385	-1.000259	-0.499835	 0.627649
-0.597778	-1.021887	 0.412541	 0.745199	-0.369247	 0.496915	-0.086556	 0.831455	 0.437309	-0.996258	-0.499835	 0.630982
-0.595387	-1.017586	 0.519949	 0.257815	-0.369247	 0.496917	-0.085818	 0.828129	 0.922271	-0.992273	-0.499835	 0.631379
-0.593005	-1.013409	 0.572399	 0.014123	-0.369247	 0.496918	-0.085448	 0.824817	 1.161938	-0.988304	-0.499835	 0.630314
-0.590633	-1.009302	 0.097374	 0.392277	-0.369247	 0.496918	-0.085263	 0.821517	 1.278968	-0.984351	-0.499835	 0.628523
-0.588270	-1.005238	-0.140138	 0.579813	-0.369247	 0.496918	-0.085171	 0.818231	 1.334691	-0.980413	-0.499835	 0.626374
-0.585917	-1.001204	 0.241106	 0.172046	-0.369247	 0.496918	-0.085125	 0.814958	 1.359771	-0.976491	-0.499835	 0.624052
-0.583574	-0.997192	 0.430483	-0.031837	-0.369247	 0.496918	-0.085102	 0.811699	 1.369542	-0.972585	-0.499835	 0.621647
-0.581239	-0.993200	 0.523932	-0.133779	-0.369247	 0.496918	-0.085090	 0.808452	 1.371669	-0.968695	-0.499835	 0.619206
-0.578914	-0.989226	 0.569421	-0.184750	-0.369247	 0.496918	-0.085084	 0.805218	 1.369984	-1.464820	-0.499835	 0.616752
-0.576599	-0.985268	 0.590936	-0.210235	-0.369247	 0.496918	-0.085082	 0.801997	 1.366406	-1.708961	-0.499835	 0.614296
-0.574292	-0.981326	 0.100469	-0.222978	 0.130753	 0.496918	-0.085080	 0.798789	 1.361891	-1.327125	-0.499835	 0.611845
-0.571995	-0.977401	-0.144765	-0.229349	 0.379492	 0.496918	-0.085079	 0.795594	 1.356918	-1.134317	-0.499835	 0.609400
-0.569707	-0.973491	 0.232619	-0.232535	 0.002605	 0.496918	-0.085079	 0.792412	 1.351728	-1.036029	-0.499835	 0.606964
-0.567428	-0.969597	 0.420090	-0.234128	-0.185839	 0.496918	-0.085079	 0.789242	 1.346440	-0.985010	-0.499835	 0.604537
-0.565159	-0.965719	 0.512611	 0.265076	-0.280061	 0.996918	-0.085079	 0.786085	 1.341114	-0.957633	-0.499835	 0.602119
-0.562898	-0.961856	 0.557661	 0.513149	-0.327172	 1.243924	-0.085079	 0.782941	 1.335779	-0.942084	-0.499835	 0.599711
-0.560646	-0.958008	 0.578980	 0.635663	-0.350727	 1.364446	-0.085079	 0.779809	 1.330451	-0.932456	-0.499835	 0.597312
-0.558404	-0.954176	 0.588440	 0.695404	-0.362505	 0.921736	-0.085079	 0.776690	 1.325137	-0.925796	-0.499835	 0.594923
-0.556170	-0.950360	 0.591973	 0.723764	-0.368394	 0.700382	-0.085079	 0.773583	 1.319840	-0.920628	-0.499835	 0.592543
-0.553946	-0.946558	 0.592549	 0.236440	-0.371338	 0.589704	-0.085079	 0.770489	 1.314562	-0.916213	-0.499835	 0.590173
-0.551730	-0.942772	 0.591651	-0.007222	-0.372810	 0.534366	-0.085079	 0.767407	 1.309305	-0.912182	-0.499835	 0.587812
-0.549523	-0.939001	 0.590020	 0.370947	 0.126454	 0.506696	-0.085079	 0.764337	 1.304068	-0.908350	-0.499835	 0.585461
-0.547325	-0.935245	 0.588028	 0.558533	 0.374834	 0.492862	-0.085079	 0.761280	 1.298852	-0.904625	-0.499835	 0.583119
-0.545135	-0.931504	 0.585860	 0.650834	-0.002222	 0.485944	-0.085079	 0.758235	 1.293657	-0.900961	-0.499835	 0.580787
-0.542955	-0.927778	 0.583609	 0.695498	-0.190750	 0.482486	-0.085079	 0.755202	 1.288482	-0.897334	-0.499835	 0.578464
-0.540783	-0.924067	 0.581320	 0.716350	-0.285014	 0.480756	-0.085079	 0.752181	 1.283328	-0.893734	-0.499835	 0.576150
-0.538620	-0.920370	 0.579018	 0.225301	 0.167854	 0.479892	-0.085079	 0.749172	 1.278195	-0.890153	-0.499835	 0.573845
-0.536465	-0.916689	 0.576713	-0.020223	 0.393046	 0.479459	-0.085079	 0.746175	 1.273082	-0.886590	-0.499835	 0.571550
-0.534320	-0.913022	 0.574412	-0.142985	 0.004406	 0.479243	-0.085079	 0.743191	 1.267990	-0.883042	-0.499835	 0.569264
-0.532182	-0.909370	 0.572118	-0.204366	-0.189914	 0.479135	-0.085079	 0.740218	 1.262918	-0.879509	-0.499835	 0.566986
-0.530054	-0.905733	 0.569830	 0.264943	-0.287074	 0.479081	-0.085079	 0.737257	 1.257866	-0.875990	-0.499835	 0.564719
-0.527933	-0.902110	 0.567552	 0.498130	-0.335654	 0.479054	-0.085079	 0.734308	 1.252835	-0.872486	-0.499835	 0.562460
-0.525822	-0.898501	 0.565282	 0.613260	 0.140056	 0.479041	-0.085079	 1.231371	 1.247824	-1.368996	-0.499835	 0.560210
-0.523718	-0.894907	 0.563021	 0.669369	 0.376679	 0.479034	-0.085079	 1.476445	 1.242832	-1.613520	-0.499835	 0.557969
-0.521624	-0.891328	 0.560769	 0.695972	 0.493765	 0.479030	-0.085079	 1.595539	 1.237861	-1.732066	-0.499835	 0.555737
-0.519537	-0.887762	 0.558526	 0.707828	 0.051085	 0.479029	-0.585079	 1.151657	 1.232909	-1.287638	-0.499835	 0.553514
-0.517459	-0.884211	 0.556292	 0.712317	-0.170254	 0.479028	-0.832909	 0.928301	 1.227978	-1.063737	-0.499835	 0.551300
-0.515389	-0.880674	 0.554067	 0.713128	-0.280924	 0.479027	-0.454662	 0.815213	 1.223066	-0.950107	-0.499835	 0.549095
-0.513327	-0.877152	 0.551851	 0.712106	-0.336259	 0.479027	-0.265539	 0.757264	 1.218174	-0.891619	-0.499835	 0.546898
-0.511274	-0.873643	 0.549643	 0.210172	 0.136074	 0.479027	-0.170977	 0.726891	 0.713301	-0.860709	-0.499835	 0.544711
-0.509229	-0.870149	 0.547445	-0.040795	 0.371023	 0.479027	-0.123696	 0.710312	 0.460865	-0.843595	-0.499835	 0.542532
-0.507192	-0.866668	 0.545255	-0.166278	-0.012714	 0.479027	-0.100056	 0.700635	 0.834646	-0.833384	-0.499835	 0.540362
-0.505163	-0.863201	 0.543074	-0.229020	-0.204583	 0.479027	-0.088236	 0.694414	 1.019121	-0.826633	-0.499835	 0.538200
-0.503143	-0.859749	 0.540901	-0.260390	-0.300517	 0.479027	-0.082326	 0.689928	 1.108950	-0.821617	-0.499835	 0.536048
-0.501130	-0.856310	 0.538738	 0.223924	-0.348484	 0.479027	-0.079370	 0.686313	 1.151468	-0.817476	-0.499835	 0.533903
-0.500124	-0.852884	 0.536583	 0.464665	-0.372468	 0.479027	-0.077893	 0.683141	 1.170338	-0.813779	-0.499835	 0.531768
-0.499621	-0.849473	 0.534437	 0.583625	-0.384459	 0.479027	-0.077154	 1.180195	 0.677395	-0.810310	-0.499835	 0.529641
-0.499369	-0.846075	 0.532299	 0.641699	-0.390455	 0.479027	-0.076785	 1.425367	 0.430924	-0.806962	-0.499835	 0.527522
-0.499243	-0.842691	 0.530170	 0.669337	 0.106547	 0.479027	-0.076600	 1.044612	 0.807688	-0.803681	-0.499835	 0.525412
-0.499180	-0.839320	 0.528049	 0.681762	 0.353841	 0.479027	-0.076508	 0.852907	 0.993701	-0.800440	-0.499835	 0.523311
-0.499149	-0.835962	 0.525937	 0.686586	 0.476285	 0.479027	-0.076462	 0.755732	 1.084348	-0.797224	-0.499835	 0.521217
-0.499133	-0.832619	 0.523833	 0.687615	 0.536310	 0.479027	-0.076439	 0.705827	 1.127322	-0.794029	-0.499835	 0.519132
-0.499125	-0.829288	 0.521738	 0.686753	 0.565130	 0.479027	-0.076427	 0.679563	 1.146468	-0.790849	-0.499835	 0.517056
-0.499122	-0.825971	 0.519651	 0.184949	 0.078352	 0.479027	-0.076421	 0.665125	 1.153710	-0.787684	-0.499835	 0.514988
-0.499120	-0.822667	 0.517572	-0.065952	-0.165037	 0.479027	-0.076418	 0.656604	 1.155009	-0.784533	-0.499835	 0.512928
-0.499119	-0.819376	 0.515502	 0.308597	 0.213268	 0.479027	-0.076417	 0.651047	 1.153346	-0.781394	-0.499835	 0.510876
-0.499118	-0.816099	 0.513440	 0.494505	 0.401238	 0.479027	-0.076416	 0.646978	 1.150211	-0.778268	-0.499835	 0.508832
-0.499118	-0.812835	 0.511386	 0.586099	 0.494044	 0.479027	-0.076416	 0.643658	 1.146350	-0.775155	-0.499835	 0.506797
-0.499118	-0.809583	 0.509341	 0.630540	 0.539274	 0.479027	-0.076416	 0.640717	 1.142134	-0.772055	-0.499835	 0.504770
-0.499118	-0.806345	 0.507303	 0.651411	 0.560720	 0.479027	-0.076416	 1.137971	 1.137750	-1.268966	-0.499835	 0.502751
-0.499118	-0.803120	 0.505274	 0.660501	 0.570278	 0.479027	-0.076415	 1.383327	 1.133291	-1.513891	-0.499835	 0.500740
-0.499118	-0.799907	 0.503253	 0.663708	 0.573898	 0.479027	-0.076415	 1.502748	 1.128804	-1.632835	-0.499835	 0.499734
-0.499118	-0.796707	 0.501240	 0.163977	 0.074553	 0.479027	-0.076415	 1.059214	 1.124312	-1.188804	-0.499835	 0.499232
-0.499118	-0.793521	 0.500233	-0.085888	-0.175120	 0.479027	-0.076415	 0.836216	 1.119827	-0.965298	-0.499835	 0.498980
-0.499118	-0.790346	 0.499730	-0.210821	 0.200044	 0.479027	-0.076415	 0.723491	 1.115353	-0.852062	-0.499835	 0.498855
-0.499118	-0.787185	 0.499478	-0.273287	 0.386475	 0.479027	-0.076415	 0.665906	 1.110895	-0.793966	-0.499835	 0.498792
-0.499118	-0.784036	 0.499353	 0.195479	 0.478545	 0.479027	-0.076415	 0.635897	 1.106452	-0.763447	-0.499835	 0.498760
-0.499118	-0.780900	 0.499290	 0.428534	 0.523439	 0.479027	-0.076415	 0.619681	 1.102027	-0.746721	-0.499835	 0.498745
-0.499118	-0.777777	 0.499258	 0.543739	 0.044749	 0.479027	-0.076415	 0.610366	 1.097620	-0.736898	-0.499835	 0.498737
-0.499118	-0.774666	 0.499243	 0.600023	-0.194596	 0.479027	-0.076415	 0.604507	 1.093229	-0.730533	-0.499835	 0.498733
-0.499118	-0.771567	 0.499235	 0.626852	 0.185732	-0.020973	-0.076415	 0.600380	 1.088857	-0.725902	-0.499835	 0.498731
-0.499118	-0.768481	 0.499231	 0.638960	 0.374763	-0.269931	-0.076415	 0.597123	 1.084501	-0.722144	-0.499835	 0.498730
-0.499118	-0.765407	 0.499229	 0.643711	 0.468151	-0.393372	-0.076415	 0.594308	 1.080163	-0.718828	-0.499835	 0.498729
-0.499118	-0.762345	 0.499228	 0.144790	 0.513722	 0.045941	-0.076415	 1.091717	 1.075843	-0.715739	-0.499835	 0.498729
-0.499118	-0.759296	 0.499227	-0.104670	 0.535389	 0.265597	-0.076415	 1.337243	 1.071539	-0.712769	-0.499835	 0.498729
-0.499118	-0.756258	 0.499227	 0.270599	 0.545109	 0.375426	-0.076415	 0.956841	 0.567253	-0.709865	-0.499835	 0.498729
-0.499118	-0.753233	 0.499227	 0.456942	 0.548859	 0.430340	-0.076415	 0.765487	 0.315110	-0.706998	-0.499835	 0.498729
-0.499118	-0.750221	 0.499227	 0.548827	 0.549629	 0.957797	-0.076415	 0.668661	 0.189038	-0.704157	-0.499835	 0.498729
-0.499118	-0.747220	 0.499227	 0.593488	 0.548913	 1.218555	-0.076415	 0.619105	 0.126003	-0.701334	-0.499835	 0.498729
-0.499118	-0.744231	 0.499227	 0.114543	 0.047458	 1.345975	-0.076415	 0.593188	 0.594485	-0.698525	-0.499835	 0.498729
-0.499118	-0.741254	 0.499227	-0.124930	-0.203269	 1.406739	-0.076415	 0.579095	 0.826600	-0.695729	-0.499835	 0.498729
-0.499118	-0.738289	 0.499227	-0.244667	-0.328632	 1.434185	-0.076415	 0.570918	 0.940540	-0.692946	-0.499835	 0.498729
-0.499118	-0.735336	-0.000773	-0.304535	 0.108686	 0.944985	-0.076415	 0.565704	 0.995401	-0.690173	-0.499835	 0.498729
-0.499118	-0.732394	-0.249772	-0.334469	 0.326253	 0.700385	-0.076415	 0.561976	 1.020731	-0.687412	-0.499835	 0.498729
-0.499118	-0.729465	 0.125729	-0.349436	 0.433949	 0.078085	-0.076415	 0.558996	 1.031304	-0.684663	-0.499835	 0.498729
-0.499118	-0.726547	 0.312477	-0.356920	 0.486713	-0.231976	-0.076415	 0.556394	 1.034507	-0.681924	-0.499835	 0.498729
-0.499118	-0.723641	 0.405851	-0.360661	 0.512017	 0.114077	-0.076415	 0.553985	 1.034033	-0.679196	-0.499835	 0.498729
-0.499118	-0.720746	 0.452538	-0.362532	 0.523594	 0.287104	-0.076415	 0.551678	 1.031728	-0.676479	-0.499835	 0.498729
-0.499118	-0.717863	 0.475882	-0.363468	 0.528312	 0.373617	-0.076415	 0.549425	 1.028518	-0.673774	-0.499835	 0.498729
-0.499118	-0.714992	 0.487553	-0.363935	 0.529605	 0.416874	-0.076415	 0.547204	 1.024861	-0.671078	-0.499835	 0.498729
-0.499118	-0.712132	 0.493389	-0.364169	 0.529190	 0.438502	-0.076415	 0.545004	 1.020991	-0.668394	-0.499835	 0.498729
-0.499118	-0.709283	 0.496307	-0.364286	 0.527925	 0.449316	-0.076415	 0.542818	 1.017022	-0.665721	-0.499835	 0.498729
-0.499118	-0.706446	 0.497766	-0.364345	 0.526239	 0.454723	-0.076415	 0.540644	 1.013011	-0.663058	-0.499835	 0.498729
-0.499118	-0.703620	 0.498496	 0.135626	 0.524347	 0.457427	-0.076415	 1.038480	 1.008987	-0.660405	-0.499835	 0.498729
-0.499118	-0.700806	 0.498860	 0.384340	 0.522356	 0.458779	-0.076415	 1.284326	 1.004966	-0.657764	-0.499835	 0.498729
-0.499118	-0.698003	 0.499043	 0.507431	 0.520320	 0.459455	-0.076415	 0.904188	 1.000953	-0.655133	-0.499835	 0.498729
-0.499118	-0.695211	 0.499134	 0.567716	 0.518265	 0.459792	-0.076415	 0.713071	 0.996953	-0.652512	-0.499835	 0.498729
-0.499118	-0.692430	 0.499179	 0.596602	 0.516205	 0.459961	-0.076415	 0.616469	 0.992967	-0.649902	-0.499835	 0.498729
-0.499118	-0.689660	 0.499202	 0.609794	 0.514147	 0.460046	-0.076415	 0.567128	 0.988996	-0.647303	-0.499835	 0.498729
-0.499118	-0.686901	 0.499214	 0.615144	 0.512094	 0.460088	-0.076415	 0.541422	 0.985040	-0.644713	-0.499835	 0.498729
-0.499118	-0.684154	 0.499219	 0.616578	 0.010047	 0.460109	-0.076415	 0.527537	 0.981100	-0.642135	-0.499835	 0.498729
-0.499118	-0.681417	 0.499222	 0.616059	-0.240976	 0.460120	-0.076415	 0.519568	 0.977176	-0.639566	-0.499835	 0.498729
-0.499118	-0.678691	 0.499224	 0.114569	 0.133512	 0.960125	-0.076415	 0.514560	 0.973267	-0.637008	-0.499835	 0.498729
-0.499118	-0.675977	 0.499224	-0.136177	 0.319740	 1.207207	-0.076415	 0.511037	 0.969374	-0.634460	-0.499835	 0.498729
-0.499118	-0.673273	 0.499225	 0.238451	-0.088158	 0.827840	-0.076415	 0.508260	 0.965497	-0.631922	-0.499835	-0.001271
-0.499118	-0.670580	 0.499225	 0.424538	-0.292107	 0.638156	-0.076415	 0.505861	 0.961635	-0.629394	-0.499835	-0.250269
-0.499118	-0.667897	 0.499225	 0.016361	 0.105919	 0.543315	-0.076415	 1.003654	 0.457788	-0.626877	-0.499835	 0.125233
-0.499118	-0.665226	 0.499225	-0.187728	 0.303924	 0.495894	-0.076415	 1.249548	 0.205865	-0.624369	-0.499835	 0.311982
-0.499118	-0.662565	 0.499225	-0.289772	 0.401922	 0.472183	-0.076415	 1.369504	 0.079903	-0.621872	-0.499835	 0.405356
-0.499118	-0.659915	 0.499225	-0.340794	 0.450922	 0.460328	-0.076415	 1.426503	 0.516923	-0.619384	-0.499835	 0.452044
-0.499118	-0.657275	 0.499225	-0.366306	 0.475421	 0.454400	-0.076415	 1.452036	 0.733524	-0.616907	-0.499835	 0.475387
-0.499118	-0.654646	 0.499225	-0.379061	-0.012329	 0.451437	-0.076415	 0.961847	 0.839925	-0.614439	-0.499835	 0.487059
