-0.499269	-0.937775	-0.089768	 0.518394	-0.491396	 0.499450	 0.499194	 0.817973	 1.056888	-1.050090	-0.498966	 0.499924
-0.499269	-0.934024	 0.284623	 0.612837	 0.004714	 0.499450	 0.499194	 0.814701	 1.146596	-0.546493	-0.498966	 0.499924
-0.499269	-0.930288	 0.470500	 0.658645	 0.251767	 0.499450	 0.499194	 0.811442	 1.188976	-0.294694	-0.498966	 0.499924
-0.499269	-0.926567	 0.562126	 0.180139	 0.375293	 0.499450	 0.499194	 0.808197	 1.207704	-0.668795	-0.498966	 0.499924
-0.499269	-0.922860	 0.606632	-0.059113	 0.437056	 0.499450	 0.499194	 0.804964	 1.214615	-0.853760	-0.498966	 0.499924
-0.499269	-0.919169	 0.127582	-0.178740	 0.467938	 0.499450	 0.499194	 0.801744	 1.215628	-0.944165	-0.498966	-0.000076
-0.499269	-0.915492	-0.111943	-0.238553	 0.483379	 0.499450	 0.499194	 0.798537	 1.213701	-0.987298	-0.498966	-0.249076
-0.499269	-0.911830	-0.231705	-0.268459	 0.491099	 0.499450	 0.499194	 0.795343	 1.210314	-1.006804	-0.498966	-0.373576
-0.499269	-0.908183	 0.208414	 0.216587	 0.494959	 0.499450	-0.000806	 0.792161	 1.206206	-0.514504	-0.498966	-0.435826
-0.499269	-0.904550	 0.427176	 0.457707	 0.496890	 0.499450	-0.249805	 0.788993	 1.201748	-0.268354	-0.498966	-0.466951
-0.499269	-0.900932	 0.035265	 0.576870	 0.497855	 0.499450	 0.125696	 0.785837	 1.197125	-0.145279	-0.498966	 0.017487
-0.499269	-0.897328	-0.160690	 0.635059	 0.498337	 0.499450	 0.312444	 0.782693	 1.192428	-0.083742	-0.498966	 0.258702
-0.499269	-0.893739	 0.241332	 0.162767	-0.001422	 0.499450	 0.405818	 0.779563	 0.687704	-0.052973	-0.498966	 0.379309
-0.499269	-0.890164	 0.441057	-0.073379	-0.250299	 0.499450	 0.452505	 0.776444	 0.435342	-0.037589	-0.498966	 0.439613
-0.499269	-0.886603	 0.039637	 0.308548	 0.125263	 0.499450	 0.475849	 0.773339	 0.809161	-0.529896	-0.498966	 0.469765
-0.499269	-0.883057	-0.161072	 0.498131	 0.312042	 0.499450	 0.487520	 0.770245	 0.993705	-0.774006	-0.498966	 0.484841
-0.499269	-0.879525	-0.261427	 0.591546	 0.405432	 0.499450	 0.493356	 0.767164	 1.083620	-0.894024	-0.498966	 0.492379
-0.499269	-0.876007	 0.188396	 0.136884	-0.047874	 0.499450	 0.496274	 0.764096	 1.126231	-0.452006	-0.498966	 0.496148
-0.499269	-0.872503	 0.412030	-0.090447	-0.273524	 0.499450	 0.497733	 0.761039	 1.145198	-0.230996	-0.498966	 0.498032
-0.499269	-0.869013	 0.022576	 0.295888	 0.113651	 0.499450	 0.498463	 0.757995	 0.652354	-0.620491	-0.498966	 0.498974
-0.499269	-0.865536	-0.172150	 0.487691	 0.306237	 0.499450	 0.498827	 0.754963	 0.405932	-0.813219	-0.498966	 0.499445
-0.499269	-0.862074	 0.230486	 0.582233	 0.402530	 0.499450	 0.499010	 0.751943	 0.782720	-0.407571	-0.498966	 0.499681
-0.499269	-0.858626	 0.430538	 0.628151	 0.450676	 0.499450	 0.499101	 0.748935	 0.968796	-0.204747	-0.498966	 0.499799
-0.499269	-0.855192	 0.529303	 0.649761	 0.474749	 0.499450	 0.499146	 0.745940	 1.059524	-0.603335	-0.498966	 0.499858
-0.499269	-0.851771	 0.577429	 0.659224	 0.486786	 0.499450	 0.499169	 0.742956	 1.102587	-0.800625	-0.498966	 0.499887
-0.499269	-0.848364	 0.600241	 0.662618	 0.492804	 0.499450	 0.499181	 0.739984	 1.121828	-0.897274	-0.498966	 0.499902
-0.499269	-0.844970	 0.610401	 0.662983	 0.495813	 0.499450	 0.499186	 0.737024	 1.129166	-0.443611	-0.498966	 0.499909
-0.499269	-0.841590	 0.614240	 0.661839	 0.497318	 0.499450	 0.499189	 0.734076	 1.130562	-0.216780	-0.498966	 0.499913
-0.499269	-0.838224	 0.114923	 0.659945	 0.498070	 0.499450	 0.499191	 0.731140	 1.128996	-0.103364	-0.498966	 0.499915
-0.499269	-0.834871	-0.134735	 0.657682	 0.498446	 0.499450	 0.499191	 0.728215	 1.125958	-0.046656	-0.498966	 0.499916
-0.499269	-0.831532	 0.240436	 0.655240	 0.498634	 0.499450	 0.499192	 0.725302	 1.122193	-0.518302	-0.498966	 0.499916
-0.499269	-0.828205	 0.426790	 0.652713	 0.498729	 0.499450	 0.499192	 0.722401	 1.118074	-0.752145	-0.498966	 0.499916
-0.499269	-0.824893	 0.518741	 0.150150	 0.498776	 0.499450	 0.499192	 0.719512	 1.113787	-0.367095	-0.498966	 0.499916
-0.499269	-0.821593	 0.563495	-0.101132	 0.498799	 0.499450	 0.499192	 0.716634	 1.109424	-0.174569	-0.498966	 0.499916
-0.499269	-0.818307	 0.584655	-0.226773	 0.498811	 0.499450	 0.499192	 0.713767	 1.105032	-0.078307	-0.498966	 0.499916
-0.499269	-0.815033	 0.594024	 0.210406	 0.498817	 0.499450	 0.499192	 0.710912	 1.100635	-0.530176	-0.498966	 0.499916
-0.499269	-0.811773	 0.597501	 0.427701	 0.498820	 0.499450	 0.499192	 0.708068	 1.096244	-0.754146	-0.498966	 0.499916
-0.499269	-0.808526	 0.598038	 0.535058	-0.001179	 0.499450	 0.499192	 0.705236	 1.091865	-0.864175	-0.498966	 0.499916
-0.499269	-0.805292	 0.597109	 0.587452	-0.250176	 0.499450	 0.499192	 0.702415	 1.087501	-0.917241	-0.498966	 0.499916
-0.499269	-0.802071	 0.595453	 0.612369	 0.125326	 0.499450	 0.499192	 0.699605	 0.083152	-0.441833	-0.498966	 0.499916
-0.499269	-0.798863	 0.593437	 0.623553	 0.312075	 0.499450	 0.499192	 0.696807	-0.417180	-0.204129	-0.498966	 0.499916
-0.499269	-0.795667	 0.591246	 0.627876	 0.405449	 0.499450	 0.499192	 0.694020	 0.334489	-0.085277	-0.498966	 0.499916
-0.499269	-0.792485	 0.588972	 0.628773	 0.452137	 0.499450	 0.499192	 0.691244	 0.708151	-0.025852	-0.498966	 0.499916
-0.499269	-0.789315	 0.586662	 0.627962	 0.475480	 0.499450	 0.499192	 0.688479	 0.892819	 0.003861	-0.498966	 0.499916
-0.499269	-0.786157	 0.584338	 0.626302	 0.487152	 0.499450	 0.499192	 0.685725	 0.482998	-0.481282	-0.498966	 0.499916
-0.499269	-0.783013	 0.582013	 0.624223	 0.492988	 0.499450	 0.499192	 0.682982	 0.278087	-0.721921	-0.498966	 0.499916
-0.499269	-0.779881	 0.079690	 0.121939	 0.495906	 0.499450	 0.499192	 0.680250	 0.675632	-0.340315	-0.498966	 0.499916
-0.499269	-0.776761	-0.171471	-0.129203	 0.497365	 0.499450	 0.499192	 0.677529	 0.872258	-0.149512	-0.498966	 0.499916
-0.499269	-0.773654	-0.297052	-0.254774	 0.498094	 0.499450	 0.499192	 0.674819	 0.468433	-0.054111	-0.498966	 0.499916
-0.499269	-0.770560	-0.359842	-0.317559	 0.498459	 0.499450	 0.499192	 0.672120	 0.266521	-0.006410	-0.498966	 0.499916
-0.499269	-0.767477	 0.108763	 0.151048	 0.498642	 0.499450	 0.499192	 0.669431	 0.665564	-0.482560	-0.498966	 0.499916
-0.499269	-0.764407	 0.341911	 0.384112	 0.498733	 0.499450	 0.499192	 0.666753	 0.862957	-0.718717	-0.498966	 0.499916
-0.499269	-0.761350	 0.457334	 0.499410	 0.498778	 0.499450	 0.499192	 0.664086	 0.959533	-0.834886	-0.498966	 0.499916
-0.499269	-0.758304	 0.513901	 0.555830	 0.498801	 0.499450	 0.499192	 0.661430	 1.005708	-0.391069	-0.498966	 0.499916
-0.499269	-0.755271	 0.541043	 0.582815	 0.498813	 0.499450	 0.499192	 0.658784	 1.026692	-0.169160	-0.498966	 0.499916
-0.499269	-0.752250	 0.053478	 0.595088	 0.498818	 0.499450	 0.499192	 0.656149	 1.035089	-0.558205	-0.498966	 0.499916
-0.499269	-0.749241	-0.190305	 0.600010	 0.498821	 0.499450	 0.499192	 0.653525	 1.037200	-0.750834	-0.498966	 0.499916
-0.499269	-0.746244	-0.312196	 0.601261	 0.498823	 0.499450	 0.499192	 0.650910	 1.036177	-0.345261	-0.498966	 0.499916
-0.499269	-0.743259	-0.373142	 0.600681	 0.498823	 0.499450	 0.499192	 0.648307	 1.033596	-0.142475	-0.498966	 0.499916
-0.499269	-0.740286	 0.096385	 0.599191	 0.498824	 0.499450	 0.499192	 0.645714	 1.030243	-0.541081	-0.498966	 0.499916
-0.499269	-0.737325	 0.330017	 0.597251	 0.498824	 0.499450	 0.499192	 0.643131	 1.026512	-0.738505	-0.498966	 0.499916
-0.499269	-0.734376	 0.445706	 0.595090	 0.498824	 0.499450	 0.499192	 0.640558	 1.022602	-0.835346	-0.498966	 0.499916
-0.499269	-0.731438	 0.002427	 0.592824	 0.498824	 0.499450	 0.499192	 0.137996	 1.018609	-0.881901	-0.498966	 0.499916
-0.499269	-0.728512	-0.219212	 0.590509	 0.498824	 0.499450	 0.499192	-0.113285	 1.014583	-0.903322	-0.498966	 0.499916
-0.499269	-0.725598	 0.169968	 0.588176	 0.498824	 0.499450	 0.499192	 0.261074	 1.010550	-0.912183	-0.498966	 0.499916
-0.499269	-0.722696	 0.363440	 0.585838	 0.498824	 0.499450	 0.499192	 0.446983	 1.006520	-0.914772	-0.498966	 0.499916
-0.499269	-0.719805	 0.459062	 0.583501	 0.498824	 0.499450	 0.499192	 0.538672	 1.002500	-0.914231	-0.498966	 0.499916
-0.499269	-0.716926	 0.505764	 0.581171	 0.498824	 0.499450	 0.499192	 0.583255	 0.998493	-0.912133	-0.498966	 0.499916
-0.499269	-0.714058	 0.528010	 0.078848	-0.001176	 0.499450	 0.499192	 0.604292	 0.994500	-0.409265	-0.498966	 0.499916
-0.499269	-0.711202	 0.538032	-0.172314	-0.250174	 0.499450	 0.499192	 0.613559	 0.990523	-0.157830	-0.498966	 0.499916
-0.499269	-0.708357	 0.541947	-0.297894	-0.374673	 0.499450	 0.499192	 0.616947	 0.986561	-0.032113	-0.498966	 0.499916
-0.499269	-0.705524	 0.542813	-0.360685	 0.063078	 0.499450	 0.499192	 0.617400	 0.982615	 0.030746	-0.498966	 0.499916
-0.499269	-0.702702	 0.542159	-0.392080	 0.280952	 0.499450	 0.499192	 0.616391	 0.978685	 0.062175	-0.498966	 0.499916
-0.499269	-0.699891	 0.540749	-0.407777	 0.389889	 0.499450	 0.499192	 0.614656	 0.974770	-0.422110	-0.498966	 0.499916
-0.499269	-0.697091	 0.538965	-0.415626	 0.444357	 0.499450	 0.499192	 0.612563	 0.970871	-0.662440	-0.498966	 0.499916
-0.499269	-0.694303	 0.536999	-0.419551	 0.471591	 0.499450	 0.499192	 0.610295	 0.466988	-0.280800	-0.498966	 0.499916
-0.499269	-0.691526	 0.534945	-0.421513	 0.485208	 0.499450	 0.499192	 0.607945	 0.215046	-0.089979	-0.498966	 0.499916
-0.499269	-0.688760	 0.532853	-0.422494	 0.492017	 0.499450	 0.499192	 0.605559	 0.589075	 0.005431	-0.498966	 0.499916
-0.499269	-0.686005	 0.530745	-0.422984	 0.495421	 0.499450	 0.499192	 0.603159	 0.774163	 0.053136	-0.498966	 0.499916
-0.499269	-0.683261	 0.528634	 0.076770	 0.497123	 0.499450	 0.499192	 0.600758	 0.864789	 0.076988	-0.498966	 0.499916
-0.499269	-0.680528	 0.526526	 0.325495	 0.497974	 0.499450	 0.499192	 0.598361	 0.908191	 0.088915	-0.498966	 0.499916
-0.499269	-0.677805	 0.524422	 0.448708	 0.498400	 0.499450	 0.499192	 0.595970	 0.927989	 0.094878	-0.498966	 0.499916
-0.499269	-0.675094	 0.522326	 0.509171	 0.498613	 0.499450	 0.499192	 0.593588	 0.935992	 0.097859	-0.498966	 0.499916
-0.499269	-0.672394	 0.520238	 0.538264	 0.498719	 0.499450	 0.499192	 0.591214	 0.938106	 0.099350	-0.498966	 0.499916
-0.499269	-0.669704	 0.518157	 0.051675	 0.498772	 0.499450	 0.499192	 0.588850	 0.937282	-0.399904	-0.498966	 0.499916
-0.499269	-0.667025	 0.516085	-0.191619	 0.498799	 0.499450	 0.499192	 0.586494	 0.934998	-0.647733	-0.498966	 0.499916
-0.499269	-0.664357	 0.514020	 0.186734	 0.498812	 0.499450	 0.499192	 0.584149	 0.931990	-0.269857	-0.498966	 0.499916
-0.499269	-0.661700	 0.511964	 0.374780	 0.498819	 0.499450	 0.499192	 0.581812	 0.928628	-0.080918	-0.498966	 0.499916
-0.499269	-0.659053	 0.509916	-0.032323	 0.498822	 0.499450	 0.499192	 0.579485	 0.925096	-0.486449	-0.498966	 0.499916
-0.499269	-0.656417	 0.507877	-0.235874	 0.498824	 0.499450	 0.499192	 0.577167	 0.921488	-0.687431	-0.498966	 0.499916
-0.499269	-0.653791	 0.505845	-0.337650	 0.498824	 0.499450	 0.499192	 0.574858	 0.917847	-0.786145	-0.498966	 0.499916
-0.499269	-0.651176	 0.503822	-0.388537	 0.498825	 0.499450	 0.499192	 0.572559	 0.914199	-0.333732	-0.498966	 0.499916
-0.499269	-0.648571	 0.501807	-0.413981	 0.498825	 0.499450	 0.499192	 0.570269	 0.910554	-0.107526	-0.498966	 0.499916
-0.499269	-0.645977	 0.000799	 0.073297	 0.498825	 0.499450	 0.499192	 0.567987	 0.906917	 0.005578	-0.498966	 0.499916
-0.499269	-0.643393	-0.248704	 0.315815	 0.498825	 0.499450	 0.499192	 0.565716	 0.903292	 0.062129	-0.498966	 0.499916
-0.499269	-0.140820	 0.126544	 0.435957	-0.001175	 0.499450	 0.499192	 0.563453	 0.899681	-0.409595	-0.498966	 0.499916
-0.499269	 0.110467	 0.313164	 0.494916	-0.250172	 0.499450	 0.499192	 0.561199	 0.896083	-0.643694	-0.498966	 0.499916
-0.499269	-0.263889	-0.093525	 0.523288	 0.125329	 0.499450	 0.499192	 0.558954	 0.892499	-0.258989	-0.498966	 0.499916
-0.499269	-0.449791	-0.295870	 0.536370	 0.312078	 0.499450	 0.499192	 0.556718	 0.888929	-0.066636	-0.498966	 0.499916
-0.499269	-0.541471	-0.397042	 0.541812	 0.405452	 0.499450	 0.499192	 0.554491	 0.885373	 0.029541	-0.498966	 0.499916
-0.499269	-0.586044	 0.052372	 0.543439	 0.452139	 0.499450	 0.499192	 0.552273	 0.881832	 0.077629	-0.498966	 0.499916
-0.499269	-0.607070	 0.276075	 0.543162	 0.475483	 0.499450	 0.499192	 0.550064	 0.878304	 0.101673	-0.498966	 0.499916
-0.499269	-0.616326	 0.387927	 0.041938	 0.487155	 0.499450	 0.499192	 0.547864	 0.874791	 0.113695	-0.498966	 0.499916
-0.499269	-0.619703	 0.443853	-0.208674	 0.492991	 0.499450	 0.499192	 0.545673	 0.871292	 0.119706	-0.498966	 0.499916
-0.499269	-0.620146	 0.471816	 0.166020	 0.495909	 0.499450	 0.499192	 0.543490	 0.867807	 0.122712	-0.498966	 0.499916
-0.499269	-0.619126	 0.485797	 0.352286	 0.497368	 0.499450	 0.499192	 0.541316	 0.864336	 0.124215	-0.498966	 0.499916
-0.499269	-0.617380	 0.492788	 0.444341	 0.498097	 0.499450	 0.499192	 0.539151	 0.860878	 0.124966	-0.498966	 0.499916
-0.499269	-0.615275	 0.496283	 0.489296	 0.498462	 0.499450	 0.499192	 0.536994	 0.857435	 0.125342	-0.498966	 0.499916
-0.499269	-0.612997	 0.498031	 0.510705	 0.498644	 0.499450	 0.499192	 0.534846	 0.854005	 0.125529	-0.498966	 0.499916
-0.499269	-0.610636	-0.001095	 0.520346	 0.498736	 0.499450	 0.499192	 0.532707	 0.850589	-0.374377	-0.498966	 0.499916
-0.499269	-0.608239	-0.249658	 0.524106	 0.498781	 0.499450	 0.499192	 0.530576	 0.847187	-0.622581	-0.498966	 0.499916
-0.499269	-0.605829	-0.373939	 0.024930	 0.498804	 0.499450	 0.499192	 0.528454	 0.843798	-0.744942	-0.498966	 0.499916
-0.499269	-0.603417	-0.436080	-0.224658	 0.498815	 0.499450	 0.499192	 0.526340	 0.840423	-0.804387	-0.498966	 0.499916
-0.499269	-0.601009	 0.032850	-0.349452	 0.498821	 0.499450	 0.499192	 0.524234	 0.837061	-0.332383	-0.498966	 0.499916
-0.499269	-0.598608	 0.266311	-0.411849	 0.498824	 0.499450	 0.499192	 0.522137	 0.833713	-0.096380	-0.498966	 0.499916
-0.499269	-0.596215	 0.383042	 0.056953	 0.498825	 0.499450	 0.499192	 0.520049	 0.830378	 0.021621	-0.498966	 0.499916
-0.499269	-0.593831	 0.441407	 0.290302	 0.498826	 0.499450	 0.499192	 0.517969	 0.827056	 0.080622	-0.498966	 0.499916
-0.499269	-0.591456	 0.470590	 0.405930	 0.498826	 0.499450	 0.499192	 0.515897	 0.823748	 0.110122	-0.498966	 0.499916
-0.499269	-0.589090	 0.485181	-0.037300	 0.498827	 0.499450	 0.499192	 0.513833	 0.820453	 0.124872	-0.498966	 0.499916
-0.499269	-0.586734	 0.492477	-0.258915	 0.498827	 0.499450	 0.499192	 0.511778	 0.817171	 0.132247	-0.498966	 0.499916
-0.499269	-0.584387	 0.496125	 0.130278	 0.498827	 0.499450	-0.000808	 0.509731	 0.313903	 0.135935	-0.498966	 0.499916
-0.499269	-0.582049	 0.497949	 0.323835	 0.498827	 0.499450	-0.249806	 0.507692	 0.062268	 0.137778	-0.498966	 0.499916
-0.499269	-0.579721	 0.498861	 0.419579	 0.498827	 0.499450	 0.125695	 0.505661	 0.436451	 0.138700	-0.498966	 0.499916
-0.499269	-0.577402	 0.499317	 0.466421	 0.498827	 0.499450	 0.312443	 0.503638	 0.621921	 0.139161	-0.498966	 0.499916
-0.499269	-0.075093	 0.499545	-0.011185	 0.498827	-0.000550	 0.405817	 0.501624	 0.713042	 0.139392	-0.498966	 0.499916
-0.499269	 0.176062	 0.499659	-0.249988	 0.498827	-0.249549	 0.452504	 0.500617	 0.756993	 0.139507	-0.498966	 0.499916
-0.499269	 0.301639	 0.499716	-0.369390	 0.498827	-0.374048	 0.475847	 0.500113	 0.777367	 0.139565	-0.498966	 0.499916
-0.499269	 0.364428	 0.499744	 0.070910	 0.498827	 0.563702	 0.487519	 0.499861	 0.785959	 0.139593	-0.498966	 0.499916
-0.499269	 0.395823	 0.499758	 0.290037	 0.498827	 1.029575	 0.493355	 0.499735	 0.788666	 0.139608	-0.498966	 0.499916
-0.499269	 0.411520	 0.499765	-0.101418	 0.498827	 0.759520	 0.496273	 0.499672	 0.788436	 0.139615	-0.498966	 0.499916
-0.499269	 0.419368	 0.499769	-0.297145	 0.498827	 0.624492	 0.497732	 0.499641	 0.786745	 0.139619	-0.498966	 0.499916
-0.499269	-0.076707	 0.499771	-0.395009	 0.498827	 0.556979	-0.001539	 0.499625	 0.784329	 0.139620	-0.498966	 0.499916
-0.499269	-0.323600	 0.499772	-0.443941	 0.498827	 0.523222	-0.250173	 0.499617	 0.781558	 0.139621	-0.498966	 0.499916
-0.499269	-0.445905	 0.499772	 0.031593	 0.498827	 0.506343	 0.125511	 0.499613	 0.778614	 0.139622	-0.498966	 0.499916
-0.499269	-0.505921	 0.499772	 0.268346	 0.498827	 0.497904	 0.312350	 0.499611	 0.775591	 0.139622	-0.498966	 0.499916
-0.499269	-0.534797	 0.499772	 0.385712	 0.498827	 0.493685	 0.405769	 0.499610	 0.772535	 0.139622	-0.498966	 0.499916
-0.499269	-0.548108	 0.499772	 0.443389	 0.498827	 0.491575	 0.452479	 0.499610	 0.769467	-0.360378	-0.498966	 0.499916
-0.499269	-0.553641	 0.499773	 0.471225	 0.498827	 0.490520	 0.475834	 0.499610	 0.766401	-0.608657	-0.498966	 0.499916
-0.499269	-0.555288	 0.499773	 0.485144	 0.498827	 0.489992	 0.487512	 0.499609	 0.763341	-0.231083	-0.498966	 0.499916
-0.499269	-0.554999	 0.499773	 0.492103	 0.498827	 0.489729	 0.493350	 0.499609	 0.760291	-0.042296	-0.498966	 0.499916
-0.499269	-0.053744	 0.499773	 0.495582	 0.498827	 0.489597	 0.496270	 0.499609	 0.757251	 0.052098	-0.498966	 0.499916
-0.499269	 0.196883	 0.499773	 0.497322	 0.498827	 0.489531	 0.497729	 0.499609	 0.754223	 0.099295	-0.498966	 0.499916
-0.499269	 0.322197	 0.499773	 0.498192	 0.498827	 0.489498	 0.498459	 0.499609	 0.751206	-0.377107	-0.498966	 0.499916
-0.499269	 0.384853	 0.499773	 0.498627	 0.498827	 0.489481	 0.498824	 0.499609	 0.748201	-0.613601	-0.498966	 0.499916
-0.499269	 0.416182	 0.499773	 0.498844	 0.498827	 0.489473	 0.499007	 0.499609	 0.745209	-0.730147	-0.498966	 0.499916
-0.499269	-0.068154	-0.000227	 0.498953	 0.498827	 0.489469	 0.499098	 0.499609	 0.242228	-0.286727	-0.498966	 0.499916
-0.499269	-0.309217	-0.249227	 0.499007	 0.498827	 0.489467	 0.499143	 0.499609	-0.009263	-0.065017	-0.498966	 0.499916
-0.499269	-0.428648	 0.126273	 0.499035	 0.498827	 0.989466	 0.499166	 0.499609	 0.364992	 0.045838	-0.498966	 0.499916
-0.499269	-0.487267	 0.313020	 0.499048	 0.498827	 1.236487	 0.499178	 0.499609	 0.550641	 0.101265	-0.498966	 0.499916
 0.000731	 0.984515	-0.093607	 0.499055	 0.998827	 0.857030	 0.999183	-0.000391	-0.858007	 2.128979	-0.498966	-0.000084
 0.249730	 1.715493	-0.295920	 0.499058	 1.245829	 0.667301	 1.246188	-0.249390	-1.557798	 3.134522	-0.498966	-0.249083
 0.374229	 3.076090	-0.397076	 0.499060	 1.366345	 0.572437	 1.366704	-1.873889	-3.403178	 5.129014	-0.998966	-0.873583
 0.436479	 3.747515	-0.447654	 0.499061	 1.423629	 0.525005	 1.423987	-2.679142	-4.315371	 6.112013	-1.245969	-1.182837
 0.467603	 4.074389	-0.472944	 0.499061	 1.449309	 0.501289	 1.449666	-3.074800	-4.761012	 6.589322	-1.366484	-1.334480
 1.483166	 6.229024	-0.985588	-0.000938	 1.959199	-0.010569	 1.959555	-3.765688	-6.473420	 8.313844	-0.423767	-1.907329
 1.985950	 7.289574	-1.238914	-0.249936	 2.209206	-0.265453	 2.209561	-4.102219	-7.313252	 9.156028	 0.046553	-2.188793
 3.232364	 9.303149	-1.362592	-0.374435	 2.329291	-0.391854	 2.329644	-4.761607	-7.716862	 10.557123	 0.280680	-3.324585
 3.846614	 10.287303	-1.421459	-0.436685	 2.384435	-0.454019	 2.384787	-5.080459	-7.902426	 11.233754	 0.396713	-3.883560
 4.144817	 11.756837	-1.947932	-0.467810	 2.407127	-0.484068	 2.407478	-5.229086	-7.979032	 12.548249	 0.953704	-4.154162
 4.285032	 12.465151	-2.206219	-0.483372	 2.413614	-0.498065	 2.413963	-5.292644	-8.001223	 13.177771	 1.229179	-4.280614
 4.846289	 13.792961	-2.330434	-0.991153	 2.912017	-1.004039	 2.912365	-6.313711	-7.996272	 13.464918	 1.363907	-4.835026
 5.116103	 14.426625	-2.387632	-1.242046	 3.154398	-1.254006	 3.154745	-6.809575	-7.977814	 13.580987	 1.428273	-5.101453
 5.240238	 15.213336	-2.411341	-1.364506	 3.268795	-1.375982	 3.269140	-7.042896	-7.952666	 13.611627	 1.457471	-5.223930
 5.291577	 15.574691	-2.418326	-1.422763	 3.319227	-1.433974	 3.319571	-7.145004	-7.924237	 14.099663	 1.969097	-5.274476
 5.306560	 15.723497	-2.416968	-1.448929	 3.337703	-1.459986	 3.338046	-7.181564	-7.894231	 14.314505	 2.219948	-5.289099
 5.303409	 16.266155	-2.411457	-1.459062	 3.840229	-1.470020	 3.340571	-7.185408	-7.863500	 14.392868	 2.340432	-5.285803
 5.291233	 16.503867	-2.403890	-1.461190	 4.082807	-1.472077	 3.335147	-7.172951	-7.832469	 14.403107	 2.395753	-5.273590
 5.274586	 16.589239	-2.395314	-1.459327	 3.695445	-1.470157	 3.325775	-7.152402	-7.801350	 14.379399	 2.418511	-5.256961
 5.255748	 16.598576	-2.386253	-1.455481	 3.495148	-1.466260	 3.314457	-7.127863	-7.770250	 14.338834	 2.425007	-5.238166
 5.235854	 16.570029	-2.876967	-1.450655	 3.388409	-1.461388	 3.302191	-6.101387	-7.739222	 14.289955	 2.423392	-5.218329
 5.215476	 16.522672	-3.115589	-1.445350	 3.328477	-1.456038	 3.289479	-5.578000	-7.708292	 14.237034	 2.417741	-5.198014
 5.694896	 16.966044	-2.728192	-1.439817	 3.291974	-1.450462	 3.276569	-6.306197	-7.677472	 14.682205	 2.410092	-5.177501
 5.922258	 17.152910	-2.529812	-1.434182	 3.267211	-1.444784	 3.263587	-6.656226	-7.646769	 14.874535	 2.401462	-5.156931
 6.023639	 17.211664	-2.425959	-1.428508	 3.248345	-1.439067	 3.250594	-6.817229	-7.616185	 14.940567	 2.392361	-5.136373
 5.562080	 17.206500	-2.369388	-1.422825	 3.232453	-1.433342	 3.237623	-6.883773	-7.585722	 14.943569	 2.383045	-5.115862
 5.321099	 17.169515	-2.336477	-1.417149	 3.218074	-1.427624	 3.224688	-6.903145	-7.555380	 14.915178	 2.373639	-5.095416
 5.190449	 17.116758	-2.315414	-1.411488	 3.704477	-1.421921	 3.211797	-6.898986	-7.525158	 14.871208	 2.364207	-5.075043
 5.115004	 17.056251	-2.300294	-1.405846	 3.939296	-1.416237	 3.198954	-6.883117	-7.495058	 14.819569	 2.354782	-5.054747
 5.067202	 16.992007	-2.788164	-0.900225	 4.048358	-0.910574	 3.186160	-5.861447	-7.465078	 14.764213	 2.345379	-5.034531
 5.033263	 16.926029	-3.025547	-0.647414	 4.094574	-0.657743	 3.173416	-5.340933	-7.435218	 14.707118	 2.336005	-5.014394
 5.006294	 16.859320	-3.137712	-1.021009	 3.609400	-0.531327	 3.160723	-6.071035	-7.405477	 14.649270	 2.326665	-4.994337
 4.982852	 16.792380	-3.187295	-1.205017	 3.360565	-0.468119	 3.148080	-6.422484	-7.375855	 14.591163	 2.317360	-4.974360
 4.961211	 16.725459	-3.205613	-1.294243	 3.229924	-0.436515	 3.135488	-6.584661	-7.346352	 14.533044	 2.308092	-4.954462
 5.440512	 16.658682	-2.708324	-1.336089	 3.658405	-0.420713	 3.122946	-5.652255	-7.316966	 14.475034	 2.298860	-5.434644
 5.668323	 16.592109	-2.455257	-1.354256	 3.864472	-0.412812	 3.110454	-5.176613	-7.287698	 14.417196	 2.289665	-5.662906
 5.270436	 16.525772	-2.324320	-0.860595	 3.959364	-0.908862	 3.098013	-5.929390	-7.258547	 14.359557	 2.280506	-5.265254
 5.061747	 16.459684	-2.254464	-0.613764	 3.998702	-1.154077	 3.085621	-6.292414	-7.229513	 14.302135	 2.271384	-5.056693
 5.447697	 16.393853	-2.215167	-0.490349	 4.010294	-0.773886	 3.073278	-5.460615	-7.200595	 14.244934	 2.262299	-4.942717
 5.629004	 16.328282	-2.191167	-0.428641	 4.008047	-0.583790	 3.060985	-5.035458	-7.171793	 14.187958	 2.253250	-4.876071
 5.208038	 16.262970	-2.174832	-0.397787	 3.998912	-0.488742	 3.048741	-4.813659	-7.143106	 14.131208	 2.244237	-4.833129
 4.987980	 16.197920	-2.162348	-0.382360	 3.986364	-0.441218	 3.036546	-4.693576	-7.114533	 14.074684	 2.235260	-4.802078
 4.868415	 16.133128	-2.151806	-0.374647	 3.972143	-0.417456	 3.024400	-4.624387	-7.086075	 14.018386	 2.226319	-4.777010
 5.299135	 16.568596	-2.142253	-0.870790	 3.957117	-0.405575	 3.012302	-5.580682	-7.057731	 13.962312	 2.217413	-4.754972
 5.503036	 16.752322	-2.133211	-1.116128	 3.941719	-0.399635	 3.000253	-6.045756	-7.029500	 13.906463	 2.208544	-4.734487
 5.093572	 16.810313	-2.124441	-0.736074	 3.926168	-0.396665	 3.488252	-6.265271	-7.001382	 13.850837	 2.199710	-4.714817
 4.879472	 16.805571	-2.115825	-0.546047	 3.910571	-0.395180	 3.724299	-6.362059	-6.973376	 13.795434	 2.190911	-4.695592
 4.763091	 16.769599	-2.107303	-0.951033	 3.894983	-0.894437	 3.334402	-6.397535	-6.945483	 13.240252	 1.682147	-4.176626
 4.695607	 16.718146	-2.098844	-1.150815	 3.879430	-1.141278	 3.133564	-6.402408	-6.917701	 12.937291	 1.425419	-3.909828
 4.152609	 13.659086	-2.090434	-1.248004	 2.863925	-1.261923	 2.027280	-5.392029	-6.890030	 7.760542	 0.294717	-2.769143
 3.873891	 12.108356	-2.082065	-1.293908	 2.352476	-1.319480	 1.472296	-4.878077	-6.862470	 5.167000	-0.268962	-2.195544
 3.727341	 11.311875	-2.073733	-1.314181	 2.093070	-1.345504	 1.192969	-4.612372	-6.835020	 3.865082	-0.549136	-1.905500
 2.146905	 6.892604	-1.565436	-1.321648	 0.959699	-0.855773	 0.551479	-3.470826	-4.807680	 2.208997	-1.187565	-1.257247
 1.355554	 4.678022	-1.309173	-1.322724	 0.393014	-0.610908	 0.230733	-2.895395	-3.788449	 1.379848	-1.503127	-0.931903
 0.458750	 1.565804	-1.178936	-1.320614	-0.390329	-0.488475	-0.429639	-2.603039	-2.773296	-1.035827	-1.157271	-0.268018
 0.010348	 0.012788	-1.111720	-1.316922	-0.779653	-0.427259	-0.757646	-2.452240	-2.262202	-2.236762	-0.982720	 0.063925
-0.713853	-2.260640	-0.576023	-1.312450	-2.471977	 0.103349	-1.419478	-1.872238	-1.503154	-3.330354	-1.393828	 0.229896
-1.073078	-3.388285	-0.308175	-1.307597	-3.309810	 0.367385	-1.746231	-1.579652	-1.122141	-3.868302	-1.595772	 0.312882
-1.249825	-3.943076	-0.174251	-1.302566	-2.720432	 0.498141	-1.405462	-1.430785	-1.430152	-3.628464	-1.193149	 0.354375
-1.335346	-4.211476	-0.107288	-1.297455	-2.421480	 0.562260	-1.232948	-1.353788	-1.580682	-3.501767	-0.990256	 0.375121
-1.375264	-4.336716	-0.073807	-1.292315	-2.267759	 0.593068	-1.144570	-1.312736	-1.652484	-3.431669	-0.887235	 0.385495
-1.392393	-4.390412	-0.057067	-1.287170	-2.186671	 0.607223	-1.098268	-0.789666	-0.684937	-3.889897	-0.834156	 0.390681
-1.398139	-4.408372	-0.048697	-1.282034	-2.141916	 0.613059	-1.073014	-0.528131	-0.201163	-4.110314	-0.806054	 0.393274
-1.398204	-4.408499	-0.044512	-1.276912	-2.615344	 0.614738	-1.558291	-0.397364	 0.040724	-4.211862	-0.790448	 0.394571
-1.395440	-4.399746	-0.042419	-1.271808	-2.845880	 0.614345	-1.796842	-0.331980	 0.161667	-4.254008	-0.781094	 0.395219
-1.391272	-4.386587	-0.041373	-1.266722	-2.454995	 0.112921	-1.412047	-0.299288	 0.222139	-4.266490	-0.774874	 0.395544
-1.386414	-4.371261	-0.040850	-1.261656	-2.255425	-0.137791	-1.217595	-0.282942	 0.252375	-4.264172	-0.770227	 0.395706
-1.381222	-4.354886	-0.040588	-0.756610	-2.151528	 0.236853	-1.118323	-0.274769	 0.267493	-3.754490	-0.766372	 0.395787
-1.375874	-4.338021	-0.040457	-0.504087	-2.095484	 0.422952	-1.066649	-0.270683	 0.275052	-3.493159	-0.762920	 0.395827
-1.370459	-4.320947	-0.040392	-0.377825	-2.063383	 0.514783	-1.038782	-0.268640	 0.278831	-3.356030	-0.759675	 0.395847
-1.365021	-4.303802	-0.040359	-0.314694	-1.543270	 0.559486	-1.022826	-0.267618	 0.280721	-3.281028	-0.756539	 0.395858
-1.359583	-4.286656	-0.040343	-0.283129	-1.281168	 0.580628	-1.012835	-0.267107	 0.281666	-3.237114	-0.753465	 0.395863
-1.354156	-3.769544	 0.459665	-0.267346	-1.148078	 0.089996	-1.005833	 0.233148	 0.782138	-3.208771	-0.750427	 0.895865
-1.348745	-3.504483	 0.707750	-0.259455	-1.079503	-0.155320	-1.000335	 0.481809	 1.029809	-3.188239	-0.747413	 1.143075
-1.343353	-3.865474	 0.329881	-0.255509	-1.543194	 0.222022	-0.995596	 0.104678	 1.151090	-3.671637	-0.744417	 0.763899
-1.337981	-4.037516	 0.140946	-0.253536	-1.771026	 0.409494	-0.991245	-0.083887	 1.209185	-3.905027	-0.741437	 0.574311
-1.332630	-3.615118	 0.546479	-0.252550	-1.380944	 0.502037	-0.487096	 0.321831	 1.235699	-3.513444	-0.738469	 0.979517
-1.327299	-3.397534	 0.747341	-0.252057	-1.183921	 0.547119	-0.235021	 0.523234	 1.246431	-3.311409	-0.735515	 1.179351
-1.321990	-3.282382	 0.845876	-0.251810	-1.083436	 0.568475	-0.108984	 0.622487	 1.249283	-3.204173	-0.732572	 1.276509
-1.316702	-3.218471	 0.893255	-0.251687	-1.031228	 0.077974	-1.045965	 0.670669	 1.248204	-3.144361	-0.729642	 1.322341
-1.311436	-3.180207	 0.915063	-0.251625	-1.003165	-0.167277	-1.510490	 0.693323	 1.245171	-3.108286	-0.726723	 1.342521
-1.306190	-3.154791	 0.924093	-0.251594	-0.987184	 0.210098	-0.738802	 0.703218	 1.241170	-3.084104	-0.723816	 1.349885
-1.300965	-3.135824	 0.926742	-0.251579	-0.977251	 0.397610	-0.352958	 0.706739	 1.236695	-3.065893	-0.720921	 1.350853
-1.295761	-3.120107	 0.926207	-0.751571	-0.970350	 0.490196	-0.660036	 0.707079	 1.231993	-3.550693	-0.718037	 1.348633
-1.290578	-3.106040	 0.924089	-0.999064	-0.964972	 0.535323	-0.811641	 0.705835	 1.227188	-3.785021	-0.715165	 1.344830
-1.285416	-3.092822	 0.921186	-0.620318	-0.960364	 0.556726	-0.885517	 0.703803	 1.222340	-3.394147	-0.712304	 0.840247
-1.280274	-3.080054	 0.917897	-0.430944	-0.956149	 0.566271	-0.920536	 0.701384	 1.217481	-3.192703	-0.709455	 0.587955
-1.275153	-3.067535	 0.914424	-0.336258	-0.952137	 0.569892	-0.936135	 0.698776	 0.712627	-3.085999	-0.706617	 0.461809
-1.270053	-3.055166	 0.910866	-0.288914	-0.948235	 0.570556	-0.942031	 0.696080	 0.460199	-3.026688	-0.703791	 0.398736
-1.264972	-3.042896	 0.907272	-0.265243	-0.944396	 0.569745	-0.943083	 0.693345	 0.333986	-2.991098	-0.700976	 0.367200
-1.259913	-3.030699	 0.403667	-0.253407	-0.940595	 0.568202	-0.941720	 0.690596	 0.770879	-2.967392	-0.698172	 0.351432
-1.254873	-3.018564	 0.151865	-0.247489	-0.936820	 0.566297	-0.939159	 0.687846	 0.986910	-2.949651	-0.695379	 0.343547
-1.249853	-3.006484	 0.025964	-0.244530	-0.933067	 0.564216	-0.936004	 0.685101	 1.092520	-3.434917	-0.692598	 0.339605
-1.244854	-2.994455	-0.036986	-0.243050	-0.929332	 0.562051	-0.932562	 0.682364	 1.142928	-3.669710	-0.689827	 0.337634
-1.239875	-2.982475	-0.068462	-0.242311	-0.925613	 0.559849	-0.928982	 0.679636	 1.165746	-3.279297	-0.687068	 0.336649
-1.234915	-2.970545	-0.084199	-0.241941	-0.921910	 0.557632	-0.925341	 0.676918	 1.174777	-3.078313	-0.684320	 0.336156
-1.229975	-2.958662	-0.092068	-0.241756	-0.918222	 0.555413	-0.921678	 0.674211	 1.176926	-2.972066	-0.681582	 0.835910
-1.225056	-2.946827	-0.096002	-0.241663	-0.914549	 0.553197	-0.918010	 0.671514	 1.175642	-2.913211	-0.678856	 1.083115
-1.220155	-2.935040	-0.097970	-0.241617	-0.910891	 0.550987	-0.914347	 0.668828	 1.172651	-2.878075	-0.676141	 1.204057
-1.215275	-2.923300	-0.098953	-0.241594	-0.907247	 0.548785	-0.910695	 0.666153	 1.168816	-2.854821	-0.673436	 0.761878
-1.210414	-2.911606	-0.099445	-0.241582	-0.903618	 0.546590	-0.907054	 0.663489	 1.164569	-2.837531	-0.670742	 0.540789
-1.205572	-2.899960	 0.400309	-0.241577	-0.900004	 0.544404	-0.903427	 0.660835	 1.160125	-2.823245	-0.668059	 0.430244
-1.200750	-2.888360	 0.648386	-0.241574	-0.896404	 0.542227	-0.899814	 0.658191	 1.155591	-2.810485	-0.665387	 0.374972
-1.195947	-2.876807	 0.270631	-0.241572	-0.892818	 0.540058	-0.896215	 0.655558	 1.151022	-3.298509	-0.662726	 0.347336
-1.191163	-2.865299	 0.081754	-0.241572	-0.889247	 0.537898	-0.892630	 0.652936	 1.146445	-3.534948	-0.660075	 0.333517
-1.186398	-2.853838	-0.012684	-0.241571	-0.885690	 0.535746	-0.889060	 0.650324	 1.141872	-3.145625	-0.657434	 0.826608
-1.181653	-2.842423	-0.059904	-0.241571	-0.882147	 0.533603	-0.885504	 0.647723	 1.137312	-2.945451	-0.654805	 1.070514
-1.176926	-2.831053	-0.083513	-0.241571	-0.878618	 0.531469	-0.881962	 0.645132	 1.132766	-2.839873	-0.652185	 1.189839
-1.172218	-2.819729	-0.095318	-0.241571	-0.875104	 0.529343	-0.878434	 0.642552	 1.128236	-2.781615	-0.649577	 1.246882
-1.167529	-2.808450	-0.101221	-0.241571	-0.871604	 0.527226	-0.874920	 0.639982	 1.123724	-2.747040	-0.646978	 1.272796
-1.162859	-2.797216	 0.395828	-0.241571	-0.868117	 0.525117	-0.871420	 0.637422	 0.619230	-3.224327	-0.644390	 0.783156
-1.158208	-2.786027	 0.642567	-0.241571	-0.864645	 0.523016	-0.867935	 0.634872	 0.366983	-3.455568	-0.641813	 0.538336
-1.153575	-2.774883	 0.264158	-0.241571	-0.861186	 0.020924	-0.364463	 0.632332	 0.240859	-3.063814	-0.639246	 0.415926
-1.148961	-2.763784	 0.074953	-0.241571	-0.857741	-0.230122	-0.112727	 0.629803	 0.177797	-2.862594	-0.636689	 0.354721
-1.144365	-2.752729	-0.019649	-0.241571	-0.854310	 0.144355	-0.486859	 0.627284	 0.646266	-2.756660	-0.634142	 0.324118
-1.139787	-2.741718	-0.066951	-0.241571	-0.850893	 0.330556	-0.672203	 0.624775	 0.878271	-2.698392	-0.631605	 0.308817
-1.135228	-2.730751	-0.090601	-0.241571	-0.847490	 0.422623	-0.763160	 0.622276	 0.992053	-2.663978	-0.629079	 0.301166
-1.130687	-2.719828	-0.102426	-0.241571	-0.844100	 0.467627	-0.306930	 0.619787	 1.046733	-2.641512	-0.626563	 0.297341
-1.126165	-2.708949	-0.108339	-0.241571	-0.840723	 0.489104	-0.078815	 0.617307	 1.071869	-2.625041	-0.624056	 0.295428
-1.121660	-2.698113	-0.111295	-0.241571	-0.837360	 0.498821	-0.464758	 0.614838	 1.082244	-2.611588	-0.621560	 0.294472
-1.117173	-2.687320	-0.112774	-0.241571	-0.834011	 0.502663	-0.656028	 0.612379	 1.085246	-2.599665	-0.619074	 0.293994
-1.112705	-2.676571	-0.113513	-0.241571	-0.830675	 0.503570	-0.749968	 1.109929	 1.084570	-2.588528	-0.616598	 0.293755
-1.108254	-2.665865	-0.113882	-0.241571	-0.827352	 0.503015	-0.795251	 1.355490	 1.082065	-2.577805	-0.614131	 0.293635
-1.103821	-2.655201	-0.114067	-0.241571	-0.824043	 0.501733	-0.816211	 0.975068	 1.078653	-2.567310	-0.611675	 0.793575
-1.099405	-2.644580	-0.114159	-0.241571	-0.820747	 0.500091	-0.825016	 0.783667	 1.074796	-2.556948	-0.609228	 1.040959
-1.095008	-2.634002	-0.114206	-0.241571	-0.817464	 0.499270	-0.827752	 0.686783	 1.070726	-2.546674	-0.606791	 1.162073
-1.090628	-2.623466	-0.114229	-0.241571	-0.814194	 0.498859	-0.827458	 1.137161	 1.066558	-2.536464	-0.604364	 1.220064
-1.086265	-2.612972	-0.114240	-0.241571	-0.810937	 0.498654	-0.825657	 1.359174	 1.062349	-2.526307	-0.601946	 1.246504
-1.081920	-2.602520	-0.114246	-0.241571	-0.807693	 0.498551	-0.823109	 0.967019	 1.058128	-2.516196	-0.599539	 0.757178
-1.077593	-2.592110	-0.114249	-0.241571	-0.804462	 0.498500	-0.820194	 0.769792	 1.053910	-2.506128	-0.597140	 0.512515
-1.073282	-2.581742	-0.114250	-0.241571	-0.801245	 0.498474	-0.317102	 0.670033	 1.049702	-2.496102	-0.594752	 0.390183
-1.068989	-2.571415	-0.114251	-0.241571	-0.798040	 0.498461	-0.065556	 0.619013	 1.045506	-2.486117	-0.592373	 0.329017
-1.064713	-2.561129	 0.385749	-0.241571	-0.794847	 0.498455	 0.060217	 1.092367	 1.041326	-2.476172	-0.590003	 0.798434
-1.060454	-2.550885	 0.633977	-0.241571	-0.791668	 0.498452	 0.123104	 1.325912	 1.037162	-2.466267	-0.587643	 1.030607
-1.056212	-2.540681	 0.756327	-0.241571	-0.788501	 0.498450	 0.154547	 1.439566	 1.033014	-2.456402	-0.585293	 1.144168
-0.551988	-2.530518	 0.315744	-0.241571	-0.785347	 0.498449	-0.829731	 0.993287	 1.028882	-2.446577	-0.582952	 1.198433
-0.299875	-2.520396	 0.095453	-0.241571	-0.782206	 0.498449	-1.318242	 0.769053	 1.024766	-2.436790	-0.580620	 1.223060
-0.673819	-2.510315	-0.014693	-0.241571	-0.779077	 0.498449	-0.558884	 1.155846	 1.020667	-2.427043	-0.578297	 0.732878
-0.858695	-2.500274	-0.069765	-0.241571	-0.775961	 0.498449	-0.179205	 1.346158	 1.016585	-2.417335	-0.575984	 0.487787
-0.949046	-2.490272	-0.097302	-0.241571	-0.772857	 0.498449	-0.489366	 1.438241	 1.012518	-2.407666	-0.573680	 0.865242
-0.992143	-2.480311	-0.111070	-0.241571	-0.769766	 0.498449	-0.642847	 1.481221	 1.008468	-2.398035	-0.571385	 1.051484
-1.011621	-2.470390	-0.117954	-0.241571	-0.766687	 0.498449	-0.717995	 0.999663	 1.004434	-2.388443	-0.569100	 1.142129
-1.019298	-2.460509	-0.121396	-0.241571	-0.763620	 0.498449	-0.753983	 0.757848	 1.000417	-2.378889	-0.566824	 1.184987
-1.021082	-2.450667	-0.123117	-0.241571	-0.760565	 0.498449	-0.770397	 0.635908	 0.996415	-2.369374	-0.564556	 1.203959
-1.019929	-2.440864	 0.376022	-0.241571	-0.757523	 0.498449	-0.777030	 1.073911	 0.992429	-2.359896	-1.062298	 1.211000
-1.017314	-2.431100	 0.623842	-0.241571	-0.754493	 0.498449	-0.778779	 1.289888	 0.988460	-2.350456	-1.308049	 1.212084
-1.013978	-2.421376	 0.246008	-0.241571	-0.751475	 0.498449	-0.278093	 1.394865	 0.984506	-2.341055	-0.927817	 0.710200
-1.010288	-2.411691	 0.057091	-0.241571	-0.748469	 0.498449	-0.027750	 1.444354	 0.980568	-2.331690	-0.736605	 0.459258
-1.006430	-2.402044	 0.462633	-0.241571	-0.745475	 0.498449	-0.402578	 0.966110	 0.976645	-2.322364	-0.639909	 0.333787
-1.002496	-2.392436	 0.663667	-0.241571	-0.742493	 0.498449	-0.588438	 0.726989	 0.972739	-2.313074	-0.590474	 0.271051
-0.998532	-2.382866	 0.262455	-0.241571	-0.739523	 0.498449	-0.179819	 1.107428	 0.968848	-2.303822	-0.564675	 0.239684
-0.994561	-2.373334	 0.061849	-0.241571	-0.736565	 0.498449	 0.024491	 1.294672	 0.964973	-2.294607	-0.550697	 0.224000
-0.990594	-2.363841	-0.038454	-0.241571	-0.733619	 0.498449	 0.126646	 1.385330	 0.961113	-2.285428	-0.542635	 0.216158
-0.986637	-2.354386	-0.088605	-0.241571	-0.730684	 0.498449	 0.177723	 0.927707	 0.957268	-2.276286	-1.037535	 0.212237
-0.982694	-2.344968	-0.113681	-0.241571	-0.727762	 0.498449	 0.203262	 0.698895	 0.953439	-2.267181	-1.281920	 0.210276
-0.978764	-2.335588	 0.373781	-0.241571	-0.224851	 0.498449	 0.216031	 1.084490	 0.949625	-2.758113	-0.901060	 0.209296
-0.974850	-2.326246	 0.615789	-0.241571	 0.026605	 0.498449	 0.222416	 1.274347	 0.945827	-2.997080	-0.709590	 0.208806
-0.970951	-2.316941	 0.235078	-0.241571	 0.152333	 0.498449	-0.274392	 1.366347	 0.942044	-3.110092	-0.612818	 0.708561
-0.967067	-2.307673	 0.044722	-0.241571	 0.215196	 0.498449	-0.521253	 1.409430	 0.938275	-3.160151	-0.563400	 0.956022
-0.963199	-2.298442	-0.050455	-0.241571	-0.253372	 0.498449	-0.643148	 1.428067	 0.934522	-2.678761	-0.537663	 1.077345
-0.959346	-2.289249	-0.098044	-0.241571	-0.486212	 0.498449	-0.702565	 1.434492	 0.930784	-2.433671	-0.523771	 1.135610
-0.955509	-2.280092	-0.121839	-0.241571	-0.601194	 0.498449	-0.730750	 1.434822	 0.927061	-2.306749	-0.515805	 1.162354
-0.951687	-2.270971	-0.133736	-0.241571	-0.157252	 0.498449	-0.243324	 1.432117	 0.923353	-2.238928	-0.510807	 1.173348
-0.947880	-2.261887	-0.139685	-0.241571	 0.064718	 0.498449	 0.000389	 1.427906	 0.919659	-2.200675	-0.507296	 1.176476
-0.944089	-2.252840	 0.357341	-0.241571	-0.324296	 0.498449	 0.122245	 1.422953	 0.915981	-1.677224	-0.504533	 1.175681
-0.940312	-2.243829	 0.604145	-0.241571	-0.517377	 0.498449	 0.183173	 1.417640	 0.912317	-1.413191	-0.502148	 1.172934
-0.936551	-2.234853	 0.725845	-0.241571	-0.612496	 0.498449	 0.213637	 1.412159	 0.908668	-1.778876	-0.500955	 1.169220
-0.932805	-2.225914	 0.785000	-0.241571	-0.658641	 0.498449	 0.228869	 1.406606	 0.905033	-1.957430	-0.500359	 1.165032
-0.929074	-2.217010	 0.312890	-0.241571	-0.680304	 0.498449	-0.263515	 1.401027	 0.901413	-2.042434	-0.500061	 1.160616
-0.925357	-2.208142	 0.076834	-0.241571	-0.689731	 0.498449	-0.508195	 1.395446	 0.897807	-2.080682	-0.499912	 1.156096
-0.921656	-2.199310	-0.041194	-0.241571	-0.693046	 0.498449	-0.629029	 1.389876	 0.894216	-2.095568	-0.499837	 1.151533
-0.917969	-2.190512	-0.100207	-0.241571	-0.693311	 0.498449	-0.187947	 1.384323	 0.890639	-2.098790	-0.499800	 1.146957
-0.914297	-2.181750	-0.129714	-0.241571	-0.692057	 0.498449	 0.032595	 1.378788	 0.887076	-2.096197	-0.499781	 1.142385
-0.910640	-2.173023	 0.355532	-0.241571	-0.690048	 0.498449	 0.142865	 1.373275	 0.883528	-2.090713	-0.499772	 0.637823
-0.906998	-2.164331	 0.596474	-0.241571	-0.687667	 0.498449	 0.198001	 1.367782	 0.879994	-2.083801	-0.499767	 0.385542
-0.903370	-2.155674	 0.715270	-0.241571	-0.185106	 0.498449	 0.225568	 1.362312	 0.876474	-2.076191	-0.499765	 0.759401
-0.899756	-2.147051	 0.773000	-0.241571	 0.066174	 0.498449	 0.239352	 1.356863	 0.872968	-2.068249	-0.499764	 0.944065
-0.896157	-2.138463	 0.800203	-0.241571	 0.191814	-0.001551	 0.246244	 1.351435	 0.869476	-2.060157	-0.499763	 1.034139
-0.892572	-2.129909	 0.812150	-0.241571	 0.254634	-0.250548	 0.249690	 1.346030	 0.865998	-2.052007	-0.499763	 1.076927
-0.889002	-2.121389	 0.816476	-0.241571	 0.286044	-0.375047	 0.251413	 1.340645	 0.862534	-2.043844	-0.499763	 1.096082
-0.885446	-2.112904	 0.316997	-0.241571	 0.301749	 0.062704	 0.252274	 1.335283	 0.859084	-2.035692	-0.499763	 1.103429
-0.881904	-2.104452	 0.067257	-0.241571	 0.309602	 0.280578	 0.252705	 1.329942	 0.855648	-2.027560	-0.499763	 1.104881
-0.878377	-2.096034	 0.442387	-0.241571	 0.313528	 0.389516	 0.252921	 1.324622	 0.852225	-2.019456	-0.499762	 1.103394
-0.874863	-2.087650	 0.628317	-0.241571	 0.315491	 0.443984	 0.253028	 1.319323	 0.848816	-2.011381	-0.499762	 1.100447
-0.871364	-2.079300	 0.219654	-0.741571	 0.316473	 0.471219	-0.246918	 1.314046	 0.845421	-2.503337	-0.499762	 1.096779
-0.867878	-2.070983	 0.015322	-0.989088	 0.316964	 0.484836	-0.495397	 1.308790	 0.842039	-2.743324	-0.499762	 1.092758
-0.864407	-2.062699	 0.413156	-0.610373	 0.317209	-0.008356	-0.618149	 1.303555	 0.838671	-1.857351	-0.499762	 1.088570
-0.860949	-2.054448	 0.610451	-0.421016	 0.317332	-0.253948	-0.678043	 1.298341	 0.835317	-1.412422	-0.499762	 1.084308
-0.857505	-2.046230	 0.207484	-0.326337	 0.317393	 0.123255	-0.206515	 1.293147	 0.831975	-1.688022	-0.499762	 0.580016
-0.854075	-2.038045	 0.006000	-0.278998	 0.317424	 0.310856	 0.029250	 1.287975	 0.828647	-1.821895	-0.499762	 0.327871
-0.850659	-2.029893	-0.094742	-0.255328	 0.317439	 0.404657	 0.147132	 1.282823	 0.825333	-1.884920	-0.499762	 0.201798
-0.847256	-2.021773	-0.145113	-0.243493	-0.182553	 0.451557	 0.206073	 1.277691	 0.822032	-1.912537	-0.499762	 0.638761
-0.843867	-2.013686	-0.170299	-0.237576	-0.431184	 0.475007	 0.235544	 1.272581	 0.818743	-1.922465	-0.499762	 0.855092
-0.840492	-2.005631	 0.317108	-0.234617	-0.054140	 0.486732	 0.250279	 1.267490	 0.815468	-1.423564	-0.499762	 0.961114
-0.837130	-1.997609	 0.559203	-0.233138	 0.134382	 0.492595	 0.257647	 1.262420	 0.812207	-1.172264	-0.499762	 1.011991
-0.833781	-1.989619	 0.178648	-0.232398	 0.228643	 0.495526	 0.261330	 1.257371	 1.308958	-1.544772	-0.499762	 1.035304
-0.830446	-1.981660	-0.011630	-0.232028	 0.275773	 0.496992	 0.263172	 1.252341	 1.553722	-1.727192	-0.499762	 1.044843
-0.827125	-1.973733	-0.106769	-0.231843	-0.200661	 0.497724	 0.264093	 1.247332	 1.172507	-1.314582	-0.499762	 1.047504
-0.823816	-1.965838	-0.154338	-0.231751	-0.437525	 0.498091	 0.264554	 1.242343	 0.980317	-1.106474	-0.499762	 1.046734
-0.820521	-1.957975	-0.178123	-0.231704	-0.554607	 0.498274	 0.264784	 1.237373	 0.882646	-1.000623	-0.499762	 1.044257
-0.817239	-1.950143	-0.190015	-0.231681	-0.111805	 0.498366	-0.235101	 1.232424	 0.832240	-1.445908	-0.499762	 1.040935
-0.813970	-1.942343	-0.195962	-0.231670	 0.109596	 0.498411	-0.483573	 1.227494	 0.805474	-1.664768	-0.499762	 1.037199
-0.810714	-1.934573	 0.301065	-0.231664	 0.220296	 0.498434	-0.106345	 1.222584	 1.290533	-1.770430	-0.499762	 1.033264
-0.807471	-1.926835	 0.547983	-0.231661	 0.275646	 0.498446	 0.082268	 1.217694	 1.529512	-1.819510	-0.499762	 1.029237
-0.804241	-1.919128	 0.169852	-0.231660	-0.196679	 0.498452	 0.176575	 1.212823	 1.145464	-1.840312	-0.499762	 1.025174
-0.801024	-1.911451	-0.019214	-0.231659	-0.431503	 0.498454	 0.223729	 1.207972	 0.951917	-1.846991	-0.499762	 1.021100
-0.797820	-1.903805	 0.386253	-0.231659	-0.047583	 0.498456	 0.247306	 1.203140	 1.353627	-1.846623	-0.499762	 1.017029
-0.794629	-1.896190	 0.587403	-0.231658	 0.144378	 0.498457	 0.259094	 1.198327	 1.550971	-1.842747	-0.499762	 1.012967
-0.791450	-1.888605	 0.686401	-0.231658	 0.240358	 0.498457	 0.264988	 1.193534	 1.646147	-1.837131	-0.499762	 1.008919
-0.788285	-1.881051	 0.234329	-0.231658	 0.288348	 0.498457	 0.267935	 1.188760	 1.690252	-1.830660	-0.499762	 0.504885
-0.785131	-1.873527	 0.008294	-0.231658	 0.312343	 0.498457	 0.269409	 1.184005	 1.708836	-1.823776	-0.499762	 0.252868
-0.781991	-1.866033	-0.104724	-0.231658	-0.675660	 0.498457	 0.270146	 1.179269	 1.714673	-1.816700	-0.499762	 0.626859
-0.778863	-1.858568	-0.161233	-0.231658	-1.166334	 0.498457	 0.270514	 1.174552	 1.714150	-1.809543	-0.499762	 0.811853
-0.775747	-1.851134	 0.310512	-0.231658	-0.408356	 0.498457	 0.270698	 1.169853	 1.710462	-1.302360	-0.499762	 0.902357
-0.772644	-1.843730	 0.544820	-0.231658	-0.029368	 0.498457	 0.270790	 1.165174	 1.705204	-1.047178	-0.499762	 0.945623
-0.769554	-1.836355	 0.160416	-0.231658	-0.339874	 0.498457	 0.270836	 1.160513	 1.199175	-0.918003	-0.499762	 0.965278
-0.766476	-1.829009	-0.031786	-0.231658	-0.493826	 0.498457	 0.270859	 1.155871	 0.944775	-0.851838	-0.499762	 0.973136
-0.763410	-1.821693	-0.127887	-0.231658	-0.569506	 0.498457	 0.270871	 1.151248	 0.816193	-0.817184	-0.499762	 0.975102
-0.760356	-1.814407	-0.175937	-0.231658	-0.106056	-0.001543	 0.270877	 1.146643	 0.750528	-1.298292	-0.499762	 0.974132
-0.757315	-1.807149	-0.199963	-0.231658	 0.125669	-0.250540	 0.270879	 1.142056	 0.716325	-1.535287	-0.499762	 0.971700
-0.754285	-1.799920	-0.211975	-0.231658	 0.241531	 0.124962	 0.270881	 1.137488	 1.197860	-1.150240	-0.499762	 0.468546
-0.751268	-1.792721	-0.217982	-0.231658	 0.299463	 0.311712	 0.270882	 1.132938	 1.435268	-0.956186	-0.499762	 0.216969
-0.748263	-1.785550	-0.220985	-0.231658	 0.328428	 0.405087	 0.270882	 1.128406	 1.050627	-0.857635	-0.499762	 0.591180
-0.745270	-1.778408	-0.222486	-0.231658	 0.342911	 0.451774	 0.270882	 1.123893	 0.856974	-0.806841	-0.499762	 0.776355
-0.742289	-1.771294	 0.276763	-0.231658	 0.350153	 0.475118	 0.270882	 1.119397	 1.258821	-0.779932	-0.499762	 0.867019
-0.739320	-1.764209	 0.524835	-0.231658	 0.353773	 0.486790	 0.270882	 1.114919	 1.456424	-0.764971	-0.499762	 0.910436
-0.736363	-1.757152	 0.647326	-0.231658	 0.355584	 0.492626	 0.270882	 1.110460	 1.551917	-0.755991	-0.499762	 0.930237
-0.733417	-1.750123	 0.707032	-0.231658	 0.356489	 0.495544	 0.270882	 1.106018	 1.596368	-1.250007	-0.499762	 0.938237
-0.730484	-1.743123	 0.735351	-0.231658	 0.356941	 0.497003	 0.270882	 1.101594	 1.615313	-1.493527	-0.499762	 0.940345
-0.727562	-1.736150	 0.747983	-0.231658	-0.142832	-0.002268	-0.229118	 1.097188	 1.621516	-1.111813	-0.499762	 0.939514
-0.724651	-1.729206	 0.752778	-0.231658	-0.391434	-0.250900	-0.477659	 1.092799	 1.621363	-0.919495	-0.499762	 0.937221
-0.721753	-1.722289	 0.253660	-0.231658	-0.014455	 0.124784	-0.100478	 1.088428	 1.618043	-1.321882	-0.499762	 0.934204
-0.718866	-1.715400	 0.004102	-0.231658	 0.174035	 0.311625	 0.088113	 1.084074	 1.613154	-1.519627	-0.499762	 0.930834
-0.715990	-1.708538	-0.120678	-0.231658	 0.268280	 0.405045	 0.182408	 1.079738	 1.607493	-1.615065	-0.499762	 0.427294
-0.713126	-1.701704	-0.183068	-0.231658	 0.315402	 0.451756	 0.229556	 1.075419	 1.601459	-1.659363	-0.499762	 0.175524
-0.710274	-1.694897	-0.214262	-0.231658	 0.338963	 0.475111	 0.253130	 1.071117	 1.595251	-1.678105	-0.499762	 0.049639
-0.707433	-1.688118	 0.270140	-0.231658	 0.350744	 0.486788	 0.264917	 1.066832	 1.088969	-1.684082	-0.499762	 0.486696
-0.704603	-1.681365	 0.510832	-0.231658	 0.356634	 0.492627	 0.270810	 1.062565	 0.834663	-1.683690	-0.499762	 0.703377
-0.701785	-1.674640	 0.129675	 0.268342	 0.359579	 0.495547	 0.273757	 1.058315	 1.206349	-1.180128	-0.999762	 0.809878
-0.698977	-1.667941	-0.060903	 0.516805	 0.361052	 0.497006	 0.275230	 1.054082	 1.389036	-0.926993	-1.246763	 0.861295
-0.696182	-1.661269	 0.343808	 0.139506	 0.361788	 0.497736	 0.275967	 1.049865	 1.477236	-1.299079	-0.867276	 0.885179
-0.693397	-1.654624	 0.544666	-0.049143	 0.362156	 0.498101	 0.276335	 1.045666	 1.518205	-1.481779	-0.677532	 0.895302
-0.690623	-1.648006	 0.143604	-0.143468	 0.362340	 0.498283	 0.276519	 0.541483	 1.035571	-1.069800	-0.582660	 0.898553
-0.687861	-1.641414	-0.056927	-0.190630	 0.362432	 0.498375	 0.276612	 0.289392	 0.793148	-0.862495	-0.535224	 0.898375
-0.685109	-1.634848	-0.157192	-0.214211	 0.362479	 0.498420	 0.276658	 0.163346	 0.670835	-0.757532	-0.511506	 0.896489
-0.682369	-1.628309	 0.292675	-0.226002	 0.362502	 0.498443	 0.276681	 0.600323	 1.108582	-1.203745	-0.499647	 0.393758
-0.679639	-1.621795	 0.516124	-0.231897	 0.362513	 0.498454	 0.276692	 0.816737	 1.324363	-1.423552	-0.493718	 0.142392
-0.676921	-1.615308	 0.626369	-0.234845	 0.362519	 0.498460	 0.276698	 0.922878	 1.429173	-1.530169	-0.490753	 0.516709
-0.674213	-1.608847	 0.680018	-0.236319	 0.362522	 0.498463	 0.276701	 0.973890	 1.478510	-1.580204	-0.489271	 0.702085
-0.671516	-1.602412	 0.705375	-0.237056	 0.362523	 0.498464	 0.276702	 0.997347	 1.500122	-1.601961	-0.488530	 0.792998
-0.668830	-1.596002	 0.716593	-0.237424	 0.362524	 0.498465	 0.276703	 1.007033	 1.507885	-1.609592	-0.488159	 0.836687
-0.666155	-1.589618	 0.720746	-0.237608	 0.362524	 0.498466	 0.276703	 1.009843	 1.508736	-1.110173	-0.487974	 0.856771
-0.663490	-1.583260	 0.721372	-0.237701	 0.362524	 0.498466	 0.276703	 1.009223	 1.506142	-0.859242	-0.487881	 0.865059
-0.660836	-1.576926	 0.720242	-0.237747	 0.362524	 0.498466	 0.276704	 1.006895	 1.501837	-0.732560	-0.487835	 0.867456
-0.658193	-1.570619	 0.718238	 0.262230	 0.362524	 0.498466	 0.276704	 1.003722	 1.496690	-0.668007	-0.487812	 0.866915
-0.655560	-1.564336	 0.715804	 0.510694	 0.362525	 0.498466	 0.276704	 1.000135	 1.491134	-0.634523	-0.487800	 0.864912
-0.652938	-1.558079	 0.713160	 0.133408	-0.137475	 0.498466	 0.276704	 0.996348	 0.985384	-1.116580	-0.487794	 0.862185
-0.650326	-1.551847	 0.710417	-0.055235	-0.386201	 0.498466	 0.276704	 0.992470	 0.732509	-1.354411	-0.487791	 0.859102
-0.647725	-1.545639	 0.207630	-0.149557	-0.009293	 0.498466	 0.276704	 0.988553	 1.106072	-0.970142	-0.487790	 0.855849
-0.645134	-1.539457	-0.043763	-0.196717	 0.179160	 0.498466	 0.276704	 0.984626	 1.289894	-0.776835	-0.487789	 0.852517
-0.642553	-1.533299	-0.169460	-0.220298	 0.273387	 0.498466	 0.276704	 0.980700	 1.378858	-0.679015	-0.487789	 0.849152
-0.639983	-1.527166	-0.232308	-0.232088	 0.320501	 0.498466	 0.276704	 0.976784	 1.420404	-0.628943	-0.487789	 0.845779
-0.637423	-1.521057	-0.263732	-0.237983	 0.344057	 0.498466	 0.276704	 0.972881	 1.438253	-0.602749	-0.487788	 0.842407
-0.634874	-1.514973	 0.220555	 0.259069	-0.144164	 0.498466	 0.276704	 0.968991	 0.944265	-1.088498	-0.487788	 0.839043
-0.632334	-1.508913	 0.461290	 0.506083	-0.387010	 0.498466	 0.276704	 0.965116	 0.697272	-1.328225	-0.487788	 0.835690
-0.629805	-1.502877	 0.580253	 0.128084	-0.007174	 0.498466	 0.276704	 0.961255	 1.073775	-0.944952	-0.487788	 0.832348
-0.627286	-1.496866	 0.638336	-0.060915	 0.182745	 0.498466	 0.276704	 0.957411	 1.259126	-0.752193	-0.487788	 0.829020
-0.624776	-1.490878	 0.165985	-0.155415	 0.277704	 0.498466	 0.276704	 0.453581	 1.348912	-1.154694	-0.487788	 0.325704
-0.622277	-1.484915	-0.070191	-0.202665	 0.325184	 0.498466	 0.276704	 0.201666	 1.390928	-1.352830	-0.487788	 0.074046
-0.619788	-1.478975	 0.311721	-0.226290	 0.348923	 0.498466	 0.276704	 0.575709	 1.409070	-0.948796	-0.487788	 0.448217
-0.617309	-1.473059	 0.501290	-0.238103	 0.360793	 0.498466	 0.276704	 0.760831	 1.415287	-0.745690	-0.487788	 0.633658
-0.614840	-1.467167	 0.594693	-0.244009	 0.366728	 0.498466	 0.276704	 0.851500	 1.415552	-1.143051	-0.487788	 0.724740
-0.612380	-1.461298	 0.640018	-0.246962	 0.369696	 0.498466	 0.276704	 0.894950	 1.412853	-1.338651	-0.487788	 0.768650
-0.609931	-1.455453	 0.661310	-0.248438	 0.371179	 0.498466	 0.276704	 0.914798	 1.408683	-1.433383	-0.487788	 0.788979
-0.607491	-1.449631	 0.670590	-0.249177	 0.371921	 0.498466	 0.276704	 0.922853	 1.403789	-0.977692	-0.487788	 0.797525
-0.605061	-1.443833	 0.673871	-0.249546	 0.372292	 0.498466	 0.276704	 0.925019	 1.398545	-0.748803	-0.487788	 0.800186
-0.602641	-1.438057	 0.674157	-0.249730	 0.372478	 0.498466	 0.276704	 0.924247	 1.393136	-0.633319	-0.487788	 0.799911
-0.600230	-1.432305	 0.672951	-0.249823	 0.372570	 0.498466	 0.276704	 0.922014	 1.387656	-0.574541	-0.487788	 0.798174
-0.597829	-1.426576	 0.171005	-0.249869	 0.372617	 0.498466	 0.276704	 0.919058	 1.382151	-1.044120	-0.487788	 0.795713
-0.595438	-1.420870	-0.079968	-0.249892	 0.372640	 0.498466	 0.276704	 0.915748	 1.376646	-1.275883	-0.487788	 0.792896
-0.593056	-1.415186	 0.294545	-0.249903	 0.372652	 0.498466	 0.276704	 0.912268	 1.371151	-1.388749	-0.487788	 0.789907
-0.590684	-1.409525	 0.480464	-0.249909	 0.372657	 0.498466	 0.276704	 0.908711	 1.365672	-1.442178	-0.487788	 0.786839
-0.588321	-1.403887	 0.572090	-0.249912	 0.372660	 0.498466	 0.276704	 0.905122	 1.360212	-1.465902	-0.487788	 0.783737
-0.585968	-1.398272	 0.616576	-0.249914	 0.372662	 0.498466	 0.276704	 0.901524	 1.354773	-0.974785	-0.487788	 0.780625
-0.583624	-1.392679	 0.637497	-0.249914	 0.372662	 0.498466	 0.276704	 0.897929	 1.349354	-0.729226	-0.487788	 0.777514
-0.581290	-1.387108	 0.646640	-0.249915	 0.372663	 0.498466	 0.276704	 0.894343	 0.843957	-0.606447	-0.487788	 0.774410
-0.578965	-1.381560	 0.649900	-0.249915	 0.372663	 0.498466	 0.276704	 0.890769	 0.591259	-0.545057	-0.487788	 0.771315
-0.576649	-1.376033	 0.650224	-0.249915	 0.372663	 0.498466	 0.276704	 0.887207	 0.964910	-0.514362	-0.487788	 0.768231
-0.574342	-1.370529	 0.649085	-0.249915	 0.372663	 0.498466	 0.276704	 0.883659	 1.149058	-0.499015	-0.487788	 0.765159
-0.572045	-1.365047	 0.647220	-0.249915	 0.372663	 0.498466	 0.276704	 0.880125	 1.238466	-0.491341	-0.487788	 0.762099
-0.569757	-1.359587	 0.644996	-0.249915	 0.372663	 0.498466	 0.276704	 0.876605	 1.280514	-0.487504	-0.487788	 0.759050
-0.567478	-1.354149	 0.642599	-0.249915	 0.372663	 0.498466	 0.276704	 0.873098	 1.298893	-0.485586	-0.487788	 0.756014
-0.565208	-1.348732	 0.140120	-0.249915	 0.372663	 0.498466	 0.276704	 0.869606	 1.305448	-0.984626	-0.487788	 0.752990
-0.562947	-1.343337	-0.111120	-0.249915	 0.372663	 0.498466	 0.276704	 0.866127	 1.306101	-1.231179	-0.487788	 0.749978
-0.560695	-1.337964	-0.236739	 0.250085	 0.372663	 0.498466	 0.276704	 0.862663	 1.303814	-0.851500	-0.487788	 0.746978
-0.558452	-1.332612	-0.299549	 0.498585	 0.372663	 0.498466	 0.276704	 0.859212	 1.300068	-0.661661	-0.487788	 0.743991
-0.556219	-1.327281	 0.169046	 0.121341	 0.372663	 0.498466	 0.276704	 0.855775	 0.795602	-1.066741	-0.487788	 0.741015
-0.553994	-1.321972	 0.402068	-0.067282	 0.372663	 0.498466	 0.276704	 0.852352	 0.543369	-1.266338	-0.487788	 0.738051
-0.551778	-1.316684	 0.517309	 0.338407	 0.372663	 0.498466	-0.223296	 0.848943	 0.417252	-1.363204	-0.487788	 0.735098
-0.549571	-1.311418	 0.573664	 0.539764	 0.372663	 0.498466	-0.471850	 0.845547	 0.354194	-1.408717	-0.487788	 0.732158
-0.547372	-1.306172	 0.600582	 0.638960	 0.372663	 0.498466	-0.594686	 0.842165	 0.322665	-1.428565	-0.487788	 0.729229
-0.545183	-1.300947	 0.612786	 0.187081	 0.372663	-0.001534	-0.154669	 0.838796	 0.806901	-1.935592	-0.487788	 0.726312
-0.543002	-1.295743	 0.617638	-0.038858	 0.372663	-0.250531	 0.065340	 0.835441	 1.046436	-2.184221	-0.487788	 0.723407
-0.540830	-1.290560	 0.618819	-0.151828	 0.372663	 0.124970	 0.175344	 0.832099	 1.163632	-1.803669	-0.487788	 0.720513
-0.538667	-1.285398	 0.618169	-0.208312	 0.372663	 0.311720	 0.230346	 0.828771	 1.219668	-1.610547	-0.487788	 0.717631
-0.536512	-1.280257	 0.616609	-0.236555	 0.372663	 0.405095	 0.257847	 0.825456	 1.245135	-1.511151	-0.487788	 0.714761
-0.534366	-1.275136	 0.614599	-0.250676	 0.372663	 0.451783	 0.271598	 0.822154	 1.255327	-1.458630	-0.487788	 0.711902
-0.532229	-1.270035	 0.612369	-0.257737	 0.372663	 0.475126	 0.278473	 0.818865	 1.257892	-0.929557	-0.487788	 0.709054
-0.530100	-1.264955	 0.610034	-0.261267	 0.372663	 0.486798	 0.281911	 0.815590	 1.256654	-0.665021	-0.487788	 0.706218
-0.527979	-1.259895	 0.607651	-0.263032	 0.372663	 0.492634	 0.283630	 0.812328	 1.253524	-0.532752	-0.487788	 0.703393
-0.525867	-0.754856	 0.605249	-0.263915	 0.372663	 0.495552	 0.284489	 0.809078	 1.249458	-0.466618	-0.487788	 0.700580
-0.523764	-0.502336	 0.602842	-0.264356	 0.372663	 0.497011	 0.284919	 0.805842	 1.244934	-0.433551	-0.487788	 0.697777
-0.521669	-0.876076	 0.600438	 0.235423	 0.372663	 0.497741	 0.285134	 0.802619	 1.240191	-0.417018	-0.487788	 0.694986
-0.519582	-1.060446	 0.598040	 0.483843	 0.372663	 0.498105	 0.285241	 0.799408	 1.235349	-0.408751	-0.487788	 0.692206
-0.517504	-1.150142	 0.595649	 0.106588	-0.127337	 0.498288	 0.285295	 0.796211	 1.230467	-0.404618	-0.487788	 0.689437
-0.515434	-1.192510	 0.593267	-0.082040	-0.376082	 0.498379	 0.285322	 0.793026	 1.225575	-0.402551	-0.487788	 0.686680
-0.513372	-1.211224	 0.590895	-0.176353	 0.000795	 0.498425	 0.285335	 0.789854	 1.220687	-0.401518	-0.487788	 0.683933
-0.511319	-1.218122	 0.588531	-0.223510	 0.189233	 0.498447	 0.285342	 0.786694	 1.215812	-0.401001	-0.487788	 0.681197
-0.509273	-1.219120	 0.586177	-0.247089	 0.283453	 0.498459	 0.285345	 0.783547	 1.210952	-0.400743	-0.487788	 0.678472
-0.507236	-1.217179	 0.583833	-0.258878	 0.330562	 0.498464	 0.285347	 0.780413	 1.206110	-0.400613	-0.487788	 0.675759
-0.505207	-1.213778	 0.581497	-0.264772	 0.354117	 0.498467	 0.285348	 0.777292	 1.201287	-0.400549	-0.487788	 0.673055
-0.503186	-1.209657	 0.579172	 0.232280	 0.365894	 0.498469	-0.714652	 0.774182	 1.196482	-0.400516	-0.487788	 0.170363
-0.501174	-1.205185	 0.576855	 0.479348	 0.371783	 0.498469	-1.211222	 0.771086	 1.191697	-0.400500	-0.487788	-0.080983
-0.500167	-0.700548	 0.574547	 0.601429	 0.374727	 0.498470	-0.456092	 0.768001	 0.686930	-0.400492	-0.487788	 0.293344
-0.499664	-0.448229	 0.572249	 0.661022	 0.376200	 0.498470	-0.078527	 0.764929	 0.434547	-0.400488	-0.487788	 0.479172
-0.499412	-0.822070	 0.069960	 0.189378	 0.376936	 0.498470	 0.110256	 0.261870	 0.808355	-0.400486	-0.487788	 0.070756
-0.499287	-1.006599	-0.181184	-0.046444	 0.377304	 0.498470	 0.204647	 0.010340	 0.992895	-0.400485	-0.487788	-0.133452
-0.499224	-1.096481	-0.306757	-0.164355	 0.377488	 0.498470	 0.251843	-0.115425	 1.082810	-0.400485	-0.487788	-0.235556
-0.499192	-1.139049	 0.130457	 0.276689	 0.377580	 0.498470	 0.275440	 0.321692	 0.625422	-0.400484	-0.487788	-0.286608
-0.499177	-1.157970	 0.347929	 0.495776	 0.377626	 0.498470	 0.287239	 0.538733	 0.396728	-0.400484	-0.487788	-0.312134
-0.499169	-1.165076	 0.455534	 0.103889	 0.377649	 0.498470	 0.293139	 0.645743	 0.782381	-0.400484	-0.487788	 0.175103
-0.499165	-1.166285	 0.508210	-0.092054	 0.377660	 0.498470	 0.296089	 0.697742	 0.972871	-0.400484	-0.487788	 0.417397
-0.499163	-1.164555	 0.533427	-0.190025	 0.377666	 0.498470	 0.297563	 0.722242	 1.065790	-0.400484	-0.487788	 0.537225
-0.499162	-1.161364	 0.544917	-0.239011	 0.377669	 0.498470	 0.298301	 0.732998	 1.109932	-0.400484	-0.487788	 0.595824
-0.499161	-0.657452	 0.049550	-0.263504	 0.377670	 0.498470	 0.298670	 0.736889	 1.129694	-0.400484	-0.487788	 0.123815
-0.499161	-0.405496	-0.198134	-0.275750	 0.377671	 0.498470	 0.298854	 0.737353	 1.137277	-0.400484	-0.487788	-0.112189
-0.499161	-0.279518	-0.321976	-0.281874	 0.377671	 0.498470	 0.298946	 0.736109	 1.138778	-0.400484	-0.487788	-0.230191
-0.499161	-0.716529	 0.116104	-0.284935	 0.377672	 0.498470	 0.298992	 0.734017	 1.137249	-0.900484	-0.487788	 0.210807
-0.499161	-0.932728	 0.334035	-0.286466	 0.377672	 0.498470	 0.299015	 0.731508	 1.134212	-1.147683	-0.487788	 0.430003
-0.499161	-0.538529	 0.441896	-0.287232	 0.377672	 0.498470	-0.200973	 0.728795	 1.130432	-0.768493	-0.487788	 0.538303
-0.499161	-0.341430	 0.494728	-0.287614	 0.377672	 0.498470	-0.449566	 0.725986	 1.126288	-0.578898	-0.487788	 0.591159
-0.499161	-0.742880	 0.520048	-0.287806	 0.377672	 0.498470	-0.572465	 0.723136	 0.621972	-0.484100	-0.487788	 0.616300
-0.499161	-0.941317	 0.531618	-0.287901	 0.377672	 0.498470	-0.632525	 0.720270	 0.369814	-0.436701	-0.487788	 0.627587
-0.499161	-1.038256	 0.536316	 0.212051	 0.377672	 0.498470	-0.161169	 0.717402	 0.243735	-0.413002	-0.487788	 0.631953
-0.499161	-1.084454	 0.537583	 0.460603	 0.377672	 0.498470	 0.074509	 0.714539	 0.180696	-0.401152	-0.487788	 0.632863
-0.499161	-1.105293	 0.537139	 0.583461	 0.377672	 0.498470	 0.192348	 0.711684	 0.149176	-0.395228	-0.487788	 0.632051
-0.499161	-1.113460	 0.535844	 0.643477	 0.377672	 0.498470	 0.251267	 0.708839	 0.633416	-0.392265	-0.487788	 0.630382
-0.499161	-1.115300	 0.534127	 0.672078	 0.377672	 0.498470	 0.280727	 0.706005	 0.873301	-0.390784	-0.487788	 0.628290
-0.499161	-1.113985	 0.532204	 0.684977	 0.377672	 0.498470	 0.295457	 0.703181	 0.491017	-0.890043	-0.487788	 0.125992
-0.499161	-1.111103	 0.530182	 0.690031	 0.377672	 0.498470	 0.302822	 0.700369	 0.299875	-1.136894	-0.487788	-0.125157
-0.499161	-0.607445	 0.528114	 0.691168	 0.377672	 0.498470	 0.306504	 0.697567	 0.704304	-0.757552	-0.487788	 0.249268
-0.499161	-0.355617	 0.526028	 0.690352	 0.377672	 0.498470	 0.308345	 0.694777	 0.904301	-0.567881	-0.487788	 0.435234
-0.499161	-0.229702	 0.523938	 0.688564	 0.377672	 0.498470	-0.190734	 0.691998	 1.002091	-0.473046	-0.487788	 0.526974
-0.499161	-0.166745	 0.521848	 0.686297	 0.377672	 0.498470	-0.438894	 0.689230	 1.048786	-0.425628	-0.487788	 0.571606
-0.499161	-0.135266	 0.519764	 0.683796	 0.377672	 0.498470	-0.561600	 0.686473	 1.069942	-0.401919	-0.487788	 0.592690
-0.499161	-0.619527	 0.517687	 0.181182	 0.377672	 0.498470	-0.621584	 0.683727	 0.578339	-0.390065	-0.487788	 0.602005
-0.499161	-0.859450	 0.515617	-0.070124	 0.377672	 0.498470	-0.650213	 0.680992	 0.332537	-0.384138	-0.487788	 0.605439
-0.499161	-0.977212	 0.513555	-0.195778	 0.377672	 0.498470	-0.163170	 0.678268	 0.709636	-0.381174	-0.487788	 0.605939
-0.499161	-1.033904	 0.511501	-0.258604	 0.377672	 0.498470	 0.080351	 0.675555	 0.896012	-0.379692	-0.487788	 0.604976
-0.499161	-0.560068	 0.509455	 0.209982	 0.377672	 0.498470	-0.297888	 0.672853	 0.487035	-0.378951	-0.487788	 0.603286
-0.499161	-0.323151	 0.507417	 0.442918	 0.377672	 0.498470	-0.485655	 0.670162	 0.282547	-0.378581	-0.487788	 0.601238
-0.499161	-0.204692	 0.005388	 0.558035	 0.377672	 0.498470	-0.078192	 0.667481	 0.680302	-0.378396	-0.487788	 0.599016
-0.499161	-0.145462	-0.245627	 0.614247	 0.377672	 0.498470	 0.125540	 0.664811	 0.877024	-0.378303	-0.487788	 0.596711
-0.499161	-0.115848	-0.371135	 0.641012	 0.377672	 0.498470	 0.227405	 0.662152	 0.973238	-0.378257	-0.487788	 0.594370
-0.499161	-0.601040	 0.066112	 0.153059	 0.377672	 0.498470	 0.278338	 0.659503	 1.019205	-0.378234	-0.487788	 0.592015
-0.499161	-0.841464	 0.283728	-0.090918	 0.377672	 0.498470	 0.303805	 0.656865	 1.040059	-0.378222	-0.487788	 0.589658
-0.499161	-0.459512	-0.108466	 0.287094	 0.377672	 0.498470	 0.316538	 0.654238	 0.548364	-0.378216	-0.487788	 0.587306
-0.499161	-0.268536	-0.303562	 0.474770	 0.377672	 0.498470	 0.322905	 0.651621	 0.302516	-0.378213	-0.487788	 0.584959
-0.499161	-0.173048	 0.098890	 0.067282	 0.377672	 0.498470	 0.326088	 0.649014	 0.679593	-0.378212	-0.487788	 0.582621
-0.499161	-0.125304	 0.299113	-0.136461	 0.377672	 0.498470	 0.327679	 0.646418	 0.866017	-0.378211	-0.487788	 0.580291
-0.499161	-0.101432	 0.399225	 0.261667	 0.377672	 0.498470	 0.328475	 0.643832	 0.957125	-0.378211	-0.487788	 0.577970
-0.499161	-0.089496	 0.449281	 0.459412	 0.377672	 0.498470	 0.328873	 0.641257	 1.000582	-0.378211	-0.487788	 0.575659
-0.499161	-0.083528	 0.474309	 0.556970	 0.377672	 0.498470	 0.329072	 0.638692	 1.020223	-0.378211	-0.487788	 0.573356
-0.499161	-0.580544	 0.486823	 0.604440	 0.377672	 0.498470	 0.329172	 0.636137	 1.027963	-0.378211	-0.487788	 0.571063
-0.499161	-0.826897	 0.493080	 0.626871	 0.377672	 0.498470	 0.329221	 0.633593	 1.029762	-0.378211	-0.487788	 0.568778
-0.499161	-0.447927	 0.496208	 0.136788	 0.377672	 0.498470	 0.329246	 0.631058	 1.028599	-0.378211	-0.487788	 0.566503
-0.499161	-0.258442	 0.497772	-0.108254	 0.377672	 0.498470	 0.329259	 0.628534	 1.025962	-0.378211	-0.487788	 0.564237
-0.499161	-0.663700	-0.001446	-0.230775	-0.122328	 0.498470	 0.329265	 0.626020	 1.022597	-0.878211	-0.487788	 0.561980
-0.499161	-0.864190	-0.250053	-0.292035	-0.371084	 0.498470	 0.329268	 0.623516	 1.018876	-1.125454	-0.487788	 0.559732
-0.499161	-0.462306	 0.125643	-0.322665	 0.005778	 0.998470	-0.170730	 0.621022	 1.014985	-0.746330	-0.487788	 0.557493
-0.499161	-0.261364	 0.312488	-0.337980	 0.194209	 1.245473	-0.419388	 0.618538	 1.011017	-0.556769	-0.487788	 0.555263
-0.499161	-0.160894	 0.405911	 0.154362	 0.288425	 0.865990	-0.042381	 0.616064	 1.007020	-0.961988	-0.487788	 0.553042
-0.499161	-0.110658	 0.452622	 0.399240	 0.335533	 0.676248	 0.146123	 0.613599	 1.003015	-1.161863	-0.487788	 0.550830
