-0.498218	-0.787716	 0.125462	 0.498096	 0.126414	 0.404129	-0.088049	 0.985913	 0.841615	-0.834982	-0.498801	 0.499650
-0.498218	-0.784565	 0.312211	 0.498096	 0.313161	 0.404126	-0.276356	 1.185270	 0.838248	-0.784741	-0.498801	 0.499650
-0.498218	-0.781426	 0.405585	 0.498096	 0.406534	 0.404125	-0.370510	 1.282179	 0.834895	-0.758151	-0.498801	 0.499650
-0.498218	-0.778301	 0.452272	 0.498096	 0.453220	 0.404124	-0.417587	 1.327876	 0.831556	-0.743393	-0.498801	 0.499650
-0.498218	-0.775188	 0.475616	 0.498096	 0.476564	 0.404124	-0.441125	 1.347977	 0.828230	-0.734557	-0.498801	 0.499650
-0.498218	-0.772087	 0.487288	 0.498096	 0.488235	 0.404123	-0.452894	 1.355291	 0.824917	-0.728687	-0.498801	 0.499650
-0.498218	-0.768998	 0.493124	 0.498096	 0.494071	 0.404123	-0.458779	 1.356223	 0.821617	-0.724307	-0.498801	 0.499650
-0.498218	-0.765922	 0.496041	 0.498096	 0.496989	 0.404123	-0.461721	 0.853975	 0.818331	-0.720677	-0.498801	-0.000350
-0.498218	-0.762859	 0.497500	 0.498096	 0.498448	 0.404123	-0.463192	 0.602851	 0.815057	-0.717427	-0.498801	-0.249349
-0.498218	-0.759807	 0.498230	 0.498096	 0.499178	 0.904123	-0.463928	 0.977289	 0.811797	-0.714375	-0.498801	 0.126151
-0.498218	-0.756768	 0.498595	 0.498096	 0.499542	 1.151315	-0.464296	 1.161804	 0.808550	-0.711425	-0.498801	 0.312898
-0.498218	-0.753741	 0.498777	 0.498096	 0.499725	 0.772114	-0.464480	 0.751369	 0.805316	-0.708534	-0.498801	 0.406271
-0.498218	-0.750726	 0.498868	 0.498096	 0.499816	 0.582513	-0.464572	 0.546152	 0.802094	-0.705677	-0.498801	 0.452958
-0.498218	-0.747723	 0.498914	 0.498096	 0.499861	 0.487713	-0.464618	 0.443543	 0.798886	-0.702843	-0.498801	 0.476301
-0.498218	-0.744732	 0.498937	 0.498096	 0.499884	 0.440313	-0.464641	 0.892239	 0.795690	-0.700026	-0.498801	 0.487973
-0.498218	-0.741753	 0.498948	 0.498096	 0.499896	 0.416613	-0.464652	 1.113905	 0.792508	-0.697223	-0.498801	 0.493809
-0.498218	-0.738786	 0.498954	 0.498096	 0.499901	 0.904763	-0.464658	 1.222066	 0.789338	-0.694432	-0.498801	 0.496727
-0.498218	-0.735831	 0.498957	 0.498096	 0.499904	 1.146052	-0.464661	 1.273487	 0.786180	-0.691654	-0.498801	 0.498186
-0.498218	-0.732888	 0.498958	-0.501904	 0.499906	 0.763922	 0.035338	 1.296547	 0.783036	-0.688887	-0.498801	 0.498915
-0.498218	-0.729956	 0.498959	-0.998900	 0.499906	 0.572857	 0.284266	 1.305438	 0.779903	-0.686131	-0.498801	 0.499280
-0.498218	-0.727036	 0.498959	-0.244406	 0.499907	 0.477324	-0.092336	 1.307255	 0.776784	-0.683387	 0.001199	 0.499462
-0.498218	-0.724128	 0.498959	 0.131821	 0.499907	 0.429558	-0.280637	 1.305545	 0.773677	-0.680653	 0.250197	 0.499553
-0.498218	-0.721232	 0.498959	 0.318918	 0.499907	 0.405675	-0.374787	 1.302083	 0.770582	-0.677930	 0.374696	 0.499599
-0.498218	-0.718347	 0.498959	 0.411454	-0.000093	 0.393733	-0.421862	 1.297754	 0.767500	-0.675219	-0.063055	 0.499622
-0.498218	-0.715474	 0.498959	 0.456715	-0.249093	 0.387762	-0.445400	 1.293003	 0.764430	-0.672518	-0.280928	 0.499633
-0.498218	-0.712612	 0.498959	 0.478341	 0.126407	 0.884777	 0.042831	 1.288051	 0.761372	-0.669828	-0.389865	 0.499639
-0.498218	-0.709761	 0.498959	 0.489154	 0.313154	 1.130521	 0.285885	 1.283009	 0.758326	-0.667148	-0.444334	 0.499642
-0.498218	-0.706922	 0.498959	 0.494561	 0.406527	 1.250640	 0.406353	 1.277932	 0.755293	-0.664480	-0.471568	 0.499643
-0.498218	-0.704094	 0.498959	 0.497264	 0.453213	 1.307958	 0.465534	 1.272848	 0.752272	-0.661822	-0.485185	 0.499644
-0.498218	-0.701278	 0.498959	 0.498615	 0.476556	 0.833887	 0.494075	 1.267770	 0.749263	-0.659175	-0.491994	 0.499644
-0.498218	-0.698473	 0.498959	 0.499291	 0.488228	 0.596851	 0.507300	 1.262706	 0.746266	-0.656538	-0.495398	 0.499644
-0.498218	-0.695679	 0.498959	 0.499629	 0.494064	 0.478333	 0.512872	 1.257659	 0.743281	-0.653912	-0.497100	 0.499645
-0.498218	-0.692896	 0.498959	 0.499798	 0.496982	 0.919074	 0.014621	 1.252630	 0.740308	-0.651296	 0.002049	 0.499645
-0.498218	-0.690125	 0.498959	 0.499883	 0.498441	 1.136725	-0.234505	 1.247620	 0.737346	-0.648691	 0.250621	 0.499645
-0.498218	-0.687364	 0.498959	 0.499925	 0.499170	 0.742842	 0.140933	 1.242630	 0.734397	-0.646096	-0.125093	 0.499645
-0.498218	-0.684615	 0.498959	 0.499946	 0.499535	 0.545900	 0.327618	 1.237660	 0.731459	-0.643512	-0.311948	 0.499645
-0.498218	-0.681876	 0.498959	 0.499957	-0.000283	 0.947429	-0.080067	 1.232709	 0.728534	-0.640938	-0.405376	 0.499645
-0.498218	-0.679149	 0.498959	 0.499962	-0.249191	 1.145496	-0.283910	 1.227778	 0.725619	-0.638374	-0.452090	 0.499645
-0.498218	-0.676432	 0.498959	 0.499964	 0.126354	 0.741842	 0.114168	 1.222867	 0.722717	-0.635820	-0.475447	 0.499645
-0.498218	-0.673727	 0.498959	 0.499966	 0.313124	 0.540015	 0.312183	 1.217976	 0.719826	-0.633277	-0.487125	 0.499645
-0.498218	-0.671032	 0.498959	 0.499966	 0.406508	 0.439102	 0.410170	 1.213104	 0.716947	-0.630744	-0.492965	 0.499645
-0.498218	-0.668347	 0.498959	-0.000033	 0.453200	 0.388645	 0.458147	 1.208251	 0.714079	-0.628221	-0.495884	 0.499645
-0.498218	-0.665674	 0.498959	-0.249033	 0.476546	 0.363417	 0.481124	 1.203418	 0.711223	-0.625708	-0.497344	 0.499645
-0.498218	-0.663011	 0.498959	-0.373533	 0.488220	 0.850803	 0.491604	 1.198605	 0.708378	-0.623205	-0.498074	 0.499645
-0.498218	-0.660359	 0.498959	-0.435783	 0.494056	 1.091819	 0.495840	 1.193810	 0.705544	-0.620713	-0.498439	 0.499645
 0.001782	-0.657718	 0.498959	 0.033092	 0.496974	 0.709662	-0.003043	 0.689035	 0.702722	-0.618230	-0.498621	 0.499645
 0.250778	-0.655087	 0.498959	 0.266526	 0.498433	 0.518583	-0.251480	 0.436647	 0.699911	-0.615757	-0.498713	 0.499645
-0.124724	-0.652467	 0.498959	 0.383243	 0.499163	 0.423044	-0.375699	 0.810454	 0.697112	-0.613294	-0.498758	 0.499645
-0.311474	-0.649857	 0.498959	 0.441601	 0.499528	 0.375274	-0.437808	 0.994988	 0.694323	-0.610841	-0.498781	 0.499645
-0.404849	-0.647257	 0.498959	 0.470780	 0.499710	 0.351389	-0.468863	 1.084896	 0.691546	-0.608397	-0.498792	 0.499645
-0.451537	-0.644668	 0.498959	 0.485370	 0.499801	 0.839447	 0.515610	 0.127501	-0.811220	 0.894036	-0.498798	 0.499645
-0.474881	-0.642090	 0.498959	 0.492665	 0.499847	 1.080821	 1.004846	-0.349537	-1.557975	 1.640460	-0.498801	 0.499645
 0.013447	 0.860479	-0.001041	 0.496312	 0.999870	 0.698863	 0.746476	-1.086403	-2.426744	 3.508898	-0.498802	-0.000355
 0.256608	 1.607037	-0.250038	 0.498136	 1.246881	 0.507884	 0.617291	-1.451189	-2.854537	 4.432363	-0.498803	-0.249355
 0.878188	 3.475609	-0.374537	-0.000952	 1.367399	 0.412395	 1.052699	-2.629950	-4.061868	 6.883383	-0.498803	-1.373854
 1.185979	 4.399206	-0.436787	-0.249496	 1.424683	 0.364650	 1.267426	-3.211714	-4.654996	 8.090225	-0.498804	-1.931107
 2.336886	 6.850359	-0.967912	-0.373768	 1.450360	-0.159222	 1.871826	-3.995008	-6.441063	 10.175051	 0.001196	-2.204757
 2.905365	 8.057333	-1.230476	-0.435904	 1.460247	-0.419792	 2.169073	-4.377099	-7.317643	 11.192945	 0.250194	-2.336625
 3.182656	 8.642291	-1.358772	-0.466972	 1.462250	-0.548716	 2.312764	-4.558626	-7.739544	 11.677470	 0.374693	-2.397622
 3.814382	 9.916316	-1.919946	-1.482506	 1.960323	-0.611823	 2.379697	-5.139909	-7.934172	 12.395409	 0.936942	-2.923204
 4.121353	 10.530947	-2.195571	-1.985277	 2.204443	-0.642027	 2.408270	-5.419108	-8.015228	 12.728151	 1.215068	-3.179097
 3.765981	 11.815972	-2.328441	-1.731687	 2.321606	-0.655784	 2.417682	-5.547311	-8.039564	 13.368401	 1.351145	-3.800173
 3.581475	 12.432282	-2.389953	-1.601935	 2.375309	-0.661324	 2.417535	-5.600062	-8.035604	 13.660508	 1.416209	-4.101869
 4.482427	 13.214340	-2.415806	-1.534115	 2.397303	-0.662760	 2.412626	-5.615131	-8.017561	 13.778657	 1.445779	-4.243910
 4.922137	 13.577376	-2.423850	-1.497272	 2.403462	-0.662149	 2.405356	-5.611406	-7.992540	 13.809937	 1.457613	-4.306158
 4.631268	 13.731014	-2.423007	-1.475930	 2.401722	-1.160521	 2.396925	-5.598328	-7.964094	 14.297895	 1.460591	-4.328546
 4.477153	 13.780063	-2.417742	-1.462350	 2.396052	-1.406389	 2.387933	-5.580618	-7.934000	 14.512302	 1.459153	-4.331038
 4.891449	 14.276929	-2.410284	-1.452662	 2.888436	-1.526019	 2.378679	-5.560637	-7.903146	 14.590053	 1.955518	-4.823616
 5.087986	 14.495815	-2.401750	-1.444933	 3.127866	-1.582542	 2.369313	-5.539566	-7.871974	 14.599592	 2.198797	-5.059274
 5.175685	 14.575829	-2.392696	-1.438193	 3.240847	-1.607526	 2.359910	-5.517993	-7.840706	 14.575144	 2.315552	-5.166512
 5.209008	 14.586524	-2.383402	-1.431961	 3.290630	-1.116753	 2.350507	-5.496214	-7.809453	 14.533818	 2.369066	-5.209584
 5.215184	 14.562677	-2.374007	-1.425993	 3.308840	-0.870114	 2.341124	-5.474375	-7.778271	 14.484170	 2.390977	-5.220615
 5.207830	 14.521675	-2.364580	-1.420169	 3.311291	-0.745548	 2.831769	-5.452551	-7.747185	 14.430477	 1.897107	-5.215667
 5.193752	 14.472214	-2.355156	-1.414428	 3.305889	-0.682023	 3.070446	-5.430777	-7.716210	 14.374877	 1.647365	-5.202771
 5.176354	 14.418637	-2.345753	-0.908741	 3.296587	-0.649023	 2.683167	-5.409073	-7.685352	 14.818439	 1.519699	-5.185944
 5.157336	 14.363119	-2.336378	-0.655897	 3.285362	-0.631291	 2.484935	-5.387445	-7.654614	 15.009695	 1.453082	-5.167192
 4.637551	 14.806744	-2.327037	-0.529475	 2.773201	-1.121198	 2.881246	-5.365900	-7.623998	 15.074922	 1.917001	-4.647519
 4.369423	 14.998056	-2.317731	-0.466264	 2.512598	-1.362930	 3.072846	-5.344439	-7.593502	 15.077255	 2.144198	-4.379427
 4.227156	 15.063334	-2.308461	-0.434658	 2.377793	-1.480586	 3.162118	-5.323062	-7.563129	 15.048262	 2.253054	-4.237158
 4.647853	 15.065715	-2.299228	-0.418856	 2.805904	-1.036218	 3.200251	-5.301771	-7.532876	 15.003727	 2.302758	-4.157834
 4.848065	 15.036770	-2.290032	-0.410954	 3.013492	-0.812850	 3.212840	-5.280564	-7.502745	 14.951541	 2.322905	-4.110015
 4.938074	 14.992281	-2.280872	-0.407004	 3.110844	-0.699987	 3.212684	-5.259442	-7.472734	 14.895650	 2.328293	-4.577981
 4.973022	 14.940142	-2.271748	-0.405028	 3.153103	-0.642381	 3.206181	-5.238404	-7.442843	 14.838024	 2.326319	-4.801872
 4.980481	 14.884296	-2.262661	-0.404041	 3.167842	-0.612409	 3.196530	-5.217450	-7.413072	 14.779651	 2.320684	-4.903766
 4.974234	 14.826716	-2.253611	-0.403547	 3.168847	-0.596258	 3.185331	-5.196581	-7.383420	 14.721022	 2.313236	-4.944702
 4.961174	 14.768388	-2.244596	-0.903300	 3.163009	-1.087022	 3.173383	-5.175794	-7.353886	 14.662382	 2.304900	-4.955198
 4.944748	 14.709803	-2.235618	-1.150370	 3.153776	-1.329249	 3.161086	-5.155091	-7.324470	 14.603855	 2.296139	-4.950515
 4.926679	 14.651209	-2.226675	-1.271111	 3.142870	-1.447219	 3.148640	-5.134471	-7.295173	 14.545501	 2.287184	-4.938282
 4.907827	 14.592726	-2.217769	-0.828697	 3.131153	-1.003074	 3.136145	-5.113933	-7.265992	 14.487349	 2.278150	-4.922313
 4.888623	 14.534417	-2.208897	-0.607490	 3.119056	-0.779883	 3.123650	-5.093477	-7.236928	 14.429415	 2.269095	-4.904516
 4.869282	 14.476310	-2.200062	-1.496887	 3.106794	-0.667175	 3.111180	-5.073103	-7.207980	 14.371705	 2.260047	-4.885844
 4.849912	 14.418420	-2.191262	-1.936813	 3.094473	-0.609711	 3.098748	-5.052811	-7.179148	 14.314222	 2.251021	-4.866774
 4.830566	 14.860754	-2.182497	-1.652022	 3.082149	-0.579875	 3.086359	-5.032600	-7.150432	 14.256967	 2.242024	-4.847543
 4.811270	 15.051314	-2.173767	-1.506892	 3.069847	-0.563857	 3.074017	-5.012469	-7.121830	 14.199940	 2.233060	-4.828271
 4.792038	 15.116111	-2.165072	-0.931604	 3.557581	-0.554752	 3.061722	-4.992419	-7.093343	 14.143141	 2.224130	-4.809018
 4.772877	 15.118147	-2.156411	-0.643960	 3.793357	-0.549109	 3.049476	-4.972450	-7.064969	 14.086569	 2.215234	-4.789811
 4.753789	 15.088925	-2.147786	-0.500138	 3.903187	-0.545200	 3.037279	-4.952560	-7.036709	 14.030222	 2.206373	-4.770667
 4.734775	 15.044195	-2.639194	-0.928227	 3.450076	-0.542163	 3.025130	-4.932750	-7.008563	 13.974102	 2.197548	-4.251591
 4.715837	 14.991831	-2.878638	-1.139558	 3.217527	-0.539566	 3.013029	-4.913019	-6.980528	 13.918205	 2.188758	-3.984589
 4.196974	 13.435770	-2.492123	-1.242523	 2.595282	-0.537194	 2.500977	-4.393367	-6.952606	 10.362532	 1.180003	-2.843652
 3.930186	 12.633980	-2.294655	-1.291314	 2.280214	-0.534938	 2.240973	-4.125793	-6.924796	 8.571082	 0.675626	-2.269778
 2.789466	 8.209420	-1.691726	-0.813029	 1.618749	-0.532745	 1.107009	-3.484290	-5.397097	 4.661798	-0.576563	-1.479450
 2.215808	 5.989571	-1.388084	-0.573887	 1.286102	-0.530587	 0.540027	-3.157853	-4.625508	 2.705651	-1.199000	-1.082907
 0.925695	 2.872107	-1.234094	-0.954316	 0.117872	-0.028451	-0.243464	-2.488971	-3.732006	 1.226078	-1.006576	-0.383263
 0.280638	 1.313375	-1.154939	-1.141860	-0.464143	 0.222617	-0.633155	-2.150890	-3.279578	 0.486292	-0.908735	-0.033441
-0.041890	 0.534009	-1.113210	-1.232974	-0.753057	 0.348150	-0.825955	-1.978224	-3.047710	 0.116399	-0.858193	 0.141470
-0.703154	-1.855674	-0.590202	-1.275883	-1.395431	 0.410917	-1.420318	-1.388280	-1.926144	-2.568548	-0.831307	 0.228925
-1.031058	-3.042025	-0.328699	-1.294699	-1.712542	 0.442301	-1.713470	-1.091711	-1.363752	-3.900514	-0.816255	 0.272653
-1.192291	-3.626744	-0.197947	-0.801481	-1.867038	 0.457993	-1.856032	-0.941837	-0.580953	-4.056032	-0.807126	 0.294517
-1.270201	-3.910680	-0.132571	-0.554872	-1.940243	 0.465839	-1.923317	-0.865316	-0.189554	-4.125368	-0.800966	 0.305449
-1.306460	-4.544259	-0.099883	-0.431567	-1.972819	 0.469761	-1.952977	-0.325477	 0.006146	-4.151647	-0.796296	 0.310915
-1.321904	-4.850693	-0.083539	-0.369915	-1.985096	 0.471723	-1.963843	-0.055558	 0.103996	-4.156430	-0.792378	 0.313648
-1.326951	-4.493595	-0.075367	-0.339088	-1.987240	 0.472704	-1.965326	 0.079401	 0.652921	-4.150500	-0.788842	 0.315014
-1.326811	-4.306774	-0.071281	-0.323675	-1.984333	 0.473194	-1.962134	 0.146881	 0.924980	-4.139245	-0.785504	 0.315698
-1.324087	-4.205123	-0.069238	-0.315969	-1.978917	 0.473439	-1.956620	 0.180621	 1.058615	-4.125362	-0.782270	 0.316039
-1.320083	-4.146091	-0.068216	-0.312115	-1.972262	 0.473562	-1.449961	 0.197491	 1.123048	-4.110197	-0.779095	 0.816210
-1.315448	-4.108400	-0.067706	-0.310189	-1.965003	 0.473623	-1.194744	 0.205926	 1.152890	-4.094425	-0.775956	 1.063663
-1.310509	-4.081414	-0.067450	-0.309225	-1.457458	 0.473654	-1.065257	 0.710143	 1.165445	-4.078382	-0.772841	 1.184767
-1.305429	-4.059812	-0.067323	-0.308744	-1.201786	 0.473669	-0.998642	 0.959823	 1.169367	-4.062235	-0.769744	 1.242707
-1.300288	-4.040934	-0.067259	-0.308503	-1.072057	 0.473677	-1.463471	 0.582244	 1.168981	-4.046070	-0.766662	 1.269076
-1.295127	-4.023451	-0.067227	-0.308383	-1.005308	 0.473681	-1.692028	 0.393455	 1.166451	-4.029927	-0.763594	 1.279669
-0.789967	-4.006698	-0.067211	-0.308322	-0.970057	 0.473682	-1.302466	 0.799060	 1.662858	-4.013828	-0.760539	 1.282386
-0.537387	-3.990341	-0.067203	-0.308292	-0.950561	 0.473683	-1.105859	 0.999453	 1.906743	-3.997784	-0.757496	 1.281174
-0.411096	-3.974215	-0.067199	-0.308277	-0.938952	 0.473684	-1.005737	 1.097250	 2.024384	-3.981798	-0.754466	 1.278008
-0.847951	-3.958236	-0.067197	-0.308270	-0.931292	 0.473684	-0.953865	 0.643759	 1.578921	-4.465873	-0.751448	 1.273875
-1.063809	-3.942362	-0.067196	-0.308266	-0.925615	 0.473684	-0.926124	 0.417013	 1.353922	-4.698011	-0.748442	 1.269269
-0.669179	-3.926572	 0.432805	-0.308264	-0.920937	 0.473684	-0.910458	 0.803640	 1.239165	-3.804219	-0.745448	 1.264437
-0.471864	-3.910855	 0.680939	-0.308263	-0.916765	 0.473684	-0.900835	 0.994573	 1.179538	-3.351503	-0.742466	 1.259502
-0.873206	-3.895207	 0.303148	-0.308263	-0.912854	 0.473684	-0.894241	 1.087669	 1.147484	-3.119347	-0.239497	 1.254525
-1.071328	-3.879623	 0.114253	-0.308262	-0.909080	 0.473684	-0.889168	 1.131855	 1.129226	-2.997495	 0.011988	 1.249537
-1.167850	-3.364103	 0.519805	-0.308262	-0.905383	 0.473684	-0.884864	 1.151596	 1.117876	-2.930817	-0.362269	 1.244554
-1.213583	-3.100646	 0.720731	-0.308262	-0.901731	 0.473684	-0.880951	 1.159124	 1.109987	-2.891750	-0.547925	 1.239584
-1.233930	-2.963243	 0.819350	-0.308262	-0.898109	 0.473684	-0.877240	 1.160554	 1.103839	-2.866511	-0.639286	 1.234629
-0.741595	-3.388890	 0.866824	-0.308262	-0.894509	 0.473684	-0.873638	 1.158946	 0.598569	-2.848209	-0.683505	 1.229693
-0.495428	-3.594085	 0.888732	-0.308262	-0.890927	 0.473684	-0.870096	 1.155827	 0.345935	-2.833399	-0.704159	 1.224775
-0.372344	-3.689083	 0.897865	-0.308262	-0.887361	 0.473684	-0.866593	 1.151962	 0.719617	-2.820356	-0.213036	 1.219876
-0.310803	-3.729014	 0.900617	-0.308262	-0.883811	 0.473684	-0.863115	 1.147733	 0.904272	-2.808220	 0.032525	 1.214997
-0.780032	-3.741442	 0.900187	-0.308262	-0.880275	 0.473684	-0.859656	 1.143332	 1.494421	-2.796560	-0.344694	 1.210137
-1.012148	-3.740148	 0.898172	-0.308262	-0.876754	 0.473684	-0.856215	 1.138853	 1.785327	-2.785160	-0.531860	 1.205297
-1.125717	-3.732023	 0.895372	-0.308262	-0.873247	 0.473684	-1.352789	 1.134345	 1.426627	-2.773913	-0.624005	 1.200476
-1.180023	-3.720513	 0.892187	-0.308262	-0.869754	 0.473684	-1.597377	 1.129831	 1.245142	-2.762764	-0.668645	 1.195674
-1.204708	-3.707340	 0.888817	-0.308262	-0.866275	 0.473684	-1.715987	 1.125324	 1.152271	-2.751686	-0.689539	 1.190891
-1.214591	-3.693365	 0.885361	-0.308262	-0.862810	 0.473684	-1.271623	 1.120829	 1.103718	-2.740666	-0.698564	 1.186127
-1.217084	-3.679019	 0.881869	-0.308262	-0.859358	 0.473684	-1.047786	 1.116348	 1.077330	-2.729696	-0.701662	 1.181383
-1.215891	-3.664517	 0.378366	-0.308262	-0.855921	 0.473684	-0.934220	 0.611884	 1.062035	-2.718774	-0.701802	 1.176657
-1.212865	-3.649965	 0.126615	-0.308262	-0.852497	 0.473684	-0.875795	 0.359652	 1.052294	-2.707898	-0.700467	 1.171951
-1.208933	-3.635419	 0.000739	-0.308262	-0.849087	 0.473684	-0.844949	 0.733536	 1.045338	-2.697065	-0.698402	 1.167263
-1.204556	-3.620904	-0.062199	-0.308262	-0.845691	 0.473684	-0.827897	 0.918264	 1.039783	-2.686276	-0.695977	 1.162594
-1.199968	-3.106434	 0.406332	-0.308262	-0.842308	 0.473684	-0.817749	 1.008421	 1.034937	-2.675531	-0.693377	 1.157944
-1.195283	-2.844015	 0.638848	-0.308262	-0.838939	 0.473684	-0.811060	 1.051303	 1.030454	-2.664829	-0.690695	 1.153312
-1.190559	-3.207642	 0.253363	-0.308262	-1.335583	-0.026316	-0.806107	 1.070555	 1.026161	-2.654170	-0.687979	 1.148699
-1.185826	-3.382313	 0.060621	-0.308262	-1.580241	-0.275263	-0.802028	 1.078002	 1.021970	-2.643553	-0.685250	 1.144104
-1.181097	-3.462535	-0.035750	-0.308262	-1.698920	-0.398688	-0.798393	 1.079554	 1.017840	-2.632979	-0.682520	 1.139527
-1.176380	-3.495560	-0.083936	-0.308262	-1.254624	 0.040643	-0.794986	 1.078168	 1.013747	-2.622447	-0.679796	 1.134969
-1.171678	-3.505015	-0.108029	-0.308262	-1.030856	 0.260309	-0.791699	 1.075322	 1.009681	-2.611957	-0.677080	 1.130429
-1.166993	-3.002714	 0.379925	-0.808262	-0.917357	 0.370142	-0.788479	 1.071754	 1.005637	-2.601509	-0.674373	 1.125908
-1.162326	-2.746563	 0.622166	-1.055646	-0.859000	 0.425058	-0.785298	 1.067833	 1.001612	-2.591103	-0.671676	 1.121404
-1.157677	-3.113506	 0.241558	-0.676731	-0.828221	 0.452517	-0.782144	 1.063745	 0.997604	-2.580739	-0.668990	 1.116918
-1.153046	-3.290017	 0.051254	-0.487274	-0.811236	 0.466246	-0.779008	 1.059582	 0.993613	-2.570416	-0.666314	 1.112451
-1.148434	-3.371339	 0.456102	-0.392546	-0.801155	 0.473110	-0.775889	 0.555389	 0.989638	-3.060134	-0.663649	 1.108001
-1.143841	-3.405095	 0.656804	-0.345181	-0.794532	 0.476543	-0.772784	 0.303293	 0.985679	-3.297894	-0.660994	 1.103569
-1.139265	-3.415096	 0.755440	-0.321499	-0.789645	 0.478259	-0.769692	 0.177245	 0.981737	-3.409702	-0.658350	 1.099155
-1.134708	-3.413245	 0.303049	-0.309658	-0.785632	 0.479117	-0.766613	 0.614221	 0.977810	-2.958563	-0.655717	 1.094758
-1.130169	-3.405498	 0.076854	-0.303738	-0.782062	 0.479546	-0.763546	 0.830606	 0.973898	-2.727979	-0.653094	 1.090379
-0.625649	-2.894828	 0.463757	-0.300777	-0.778720	 0.479760	-0.760492	 0.936705	 0.970003	-2.607692	-0.650482	 1.086017
-0.373388	-2.634725	 0.655507	-0.299297	-0.775499	 0.479868	-0.757450	 0.987669	 0.966123	-2.542574	-0.647880	 1.081673
-0.747258	-2.499924	 0.249687	-0.298557	-0.772343	 0.479921	-0.754420	 1.011073	 0.962258	-2.505060	-0.645288	 1.077347
-0.931951	-2.427794	 0.046777	-0.298187	-0.769227	 0.479948	-0.751402	 1.020707	 0.958409	-2.481368	-0.642707	 1.073037
-1.022064	-2.887017	 0.445323	-0.298002	-0.766137	 0.479962	-0.748396	 1.023463	 0.954576	-2.464606	-0.640136	 1.068745
-1.064896	-3.109936	 0.642907	-0.297910	-0.763066	 0.479968	-0.745403	 1.022788	 0.950757	-2.451330	-0.637576	 1.064470
-1.084097	-3.214730	 0.740019	-0.297863	-0.760010	 0.479972	-0.742421	 1.020407	 0.946954	-2.439815	-0.635025	 1.060212
-1.091490	-2.760488	 0.286900	-0.297840	-0.756969	 0.479973	-1.239452	 1.017180	 1.443166	-2.429202	-0.632485	 1.055971
-1.092989	-2.528755	 0.060341	-0.297829	-0.753940	 0.479974	-1.484494	 1.013539	 1.687394	-2.419058	-0.629955	 1.051748
-1.091550	-2.408294	 0.447061	-0.297823	-0.750924	 0.979975	-1.103556	 1.009698	 1.805644	-2.409168	-0.627435	 1.047541
-1.088650	-2.343488	 0.638754	-0.297820	-0.747920	 1.227015	-0.911642	 1.005766	 1.860922	-2.399424	-0.624926	 1.043350
-1.085029	-2.806527	 0.732939	-0.297818	-0.744928	 0.847587	-1.314245	 1.001797	 1.384728	-2.389773	-0.622426	 1.039177
-1.081055	-3.031508	 0.778378	-0.297818	-0.741948	 0.657873	-1.512113	 0.997816	 1.144814	-2.380187	-0.619936	 1.035020
-1.076914	-2.637485	 0.299449	 0.202183	-0.738980	 0.563016	-1.107627	 0.993838	 1.023047	-2.370653	-0.617457	 1.030880
-1.072698	-2.435987	 0.059985	 0.450778	-0.736024	 0.515587	-0.903978	 0.989870	 0.960361	-2.361164	-0.614987	 1.026757
-1.068453	-2.330769	-0.059747	 0.573678	-0.733080	 0.491873	-0.800752	 0.985914	 0.927223	-2.351716	-0.612527	 1.022650
-1.064202	-2.273709	-0.119613	 0.133734	-0.730148	 0.480016	-0.747745	 0.981972	 1.408866	-2.342307	-0.610077	 1.018559
-1.059957	-2.240745	-0.149546	-0.086238	-0.727227	 0.474087	-0.719851	 0.978045	 1.645906	-2.332937	-0.607636	 1.014485
-1.055723	-2.719848	-0.164512	-0.196224	-0.724318	 0.471123	-0.704521	 0.974133	 1.260660	-2.823605	-0.605206	 1.010427
-1.051503	-2.953002	-0.171996	-0.251217	-0.721421	 0.469641	-0.695477	 0.970237	 1.066287	-3.062311	-0.602785	 1.006385
-1.047298	-2.563206	 0.324263	-0.278713	-0.718536	 0.468900	-1.189583	 0.966356	 0.967356	-2.675061	-0.600374	 1.002360
-1.043110	-2.363962	 0.570751	-0.292461	-0.715661	 0.468529	-1.433268	 0.962490	 0.916154	-2.476861	-0.597972	 0.998350
-1.038938	-2.260010	 0.692360	-0.299335	-0.712799	 0.468344	-1.051757	 0.958640	 0.888823	-2.373203	-0.595580	 0.994357
-1.034782	-2.203722	 0.751537	-0.302772	-0.709948	 0.468251	-0.859660	 0.954806	 0.873434	-2.316836	-0.593198	 0.990379
-1.030643	-2.171283	 0.779504	-0.304491	-0.707108	 0.468205	-0.762277	 0.950987	 0.864024	-2.284131	-0.590825	 0.986418
-1.026521	-2.150786	 0.791873	 0.194650	-0.704279	 0.468182	-0.712256	 0.947183	 1.357609	-2.263276	-0.588462	 0.982472
-1.022414	-2.136277	 0.796449	 0.442833	-0.701462	 0.468170	-0.685921	 0.943394	 1.600700	-2.248363	-0.586108	 0.978542
-1.018325	-2.124779	 0.797134	 0.065542	-0.698656	 0.468165	-1.171434	 0.939620	 0.718557	-2.236440	-0.583764	 0.974628
-1.014252	-2.114803	 0.795882	-0.123103	-0.695862	 0.468162	-1.410877	 0.935862	 0.277486	-2.226029	-0.581429	 0.970730
-1.010195	-2.105605	 0.793666	-0.217426	-0.693078	 0.468160	-1.027297	 0.932118	 0.556951	-2.216393	-0.579103	 0.966847
-1.006154	-2.096814	 0.790975	-0.264587	-0.690306	 0.468160	-0.834220	 0.928390	 0.695010	-2.207161	-0.576787	 0.962979
-1.002129	-2.088242	 0.288053	-0.288168	-0.687545	 0.468159	-0.736399	 0.924676	 1.262374	-2.198149	-0.574479	 0.959127
-0.998121	-2.079797	 0.036593	-0.299958	-0.684795	 0.468159	-0.686212	 0.920978	 1.542396	-2.189265	-0.572182	 0.955291
-0.994128	-2.071432	-0.089138	-0.305854	-0.682055	 0.468159	-0.659846	 0.917294	 1.678762	-2.180462	-0.569893	 0.951470
-0.990152	-2.063123	 0.347997	-0.308801	-0.679327	 0.468159	-0.645396	 0.913625	 1.743315	-2.171718	-0.567613	 0.947664
-0.986191	-2.054859	 0.564994	-0.310275	-0.676610	 0.468159	-0.636909	 0.909970	 1.771976	-2.163019	-0.565343	 0.943873
-0.982246	-2.046634	 0.171928	 0.188988	-0.673903	 0.468159	-0.631409	 0.906330	 1.782705	-2.154361	-0.563081	 0.940098
-0.978317	-2.038444	-0.024604	 0.437243	-0.671208	 0.468159	-0.627407	 0.902705	 1.784483	-2.145741	-0.560829	 0.936337
-0.974404	-2.030289	 0.377129	 0.060000	-0.668523	 0.468159	-0.624159	 0.899094	 1.781799	-2.137157	-0.558586	 0.932592
-0.970506	-2.022167	 0.576439	-0.128622	-0.665849	 0.468159	-0.621294	 0.895498	 1.776899	-2.128607	-0.556351	 0.928862
-0.966624	-2.014078	 0.674542	-0.222933	-0.663185	 0.468159	-0.618624	 0.891916	 1.770905	-2.620093	-0.554126	 0.925146
-0.962758	-2.006021	 0.722048	-0.270088	-0.660533	 0.468159	-0.616057	 0.888348	 1.764378	-2.859612	-0.551909	 0.921446
-0.958907	-1.997997	 0.744262	-0.293666	-0.657891	 0.468159	-0.613547	 0.884795	 1.757599	-2.973173	-0.549702	 0.917760
-0.455071	-1.990005	 0.753836	-0.305455	-0.655259	 0.468159	-0.611070	 0.881255	 1.750708	-2.523781	-0.547503	 0.914089
-0.203153	-1.982045	 0.757096	-0.311349	-0.652638	 0.468159	-0.608614	 0.877730	 1.743774	-2.294936	-0.545313	 0.910432
-0.577194	-1.974117	 0.257205	-0.314297	-0.150027	-0.031841	-0.606174	 0.874220	 1.236834	-2.176381	-0.543132	 0.906791
-0.762313	-1.966221	 0.007260	-0.315770	 0.101278	-0.280777	-0.603746	 0.870723	 0.981904	-2.112988	-0.540959	 0.903163
-0.852977	-1.958356	 0.382288	-0.316507	-0.273070	 0.095814	-1.101330	 0.867240	 0.852985	-2.077192	-0.538795	 0.899551
-0.896422	-1.950522	 0.568287	-0.316875	-0.458948	 0.284109	-1.346923	 0.863771	 0.787078	-2.055211	-0.536640	 0.895953
-0.916264	-1.942720	 0.659778	-0.317060	-0.550598	 0.378257	-0.966535	 0.860316	 1.252682	-2.540155	-0.534494	 0.892369
-0.924313	-1.934949	 0.704020	-0.317152	-0.595139	 0.425331	-0.775169	 0.856874	 1.482047	-2.776576	-0.532356	 0.888799
-0.926473	-1.927209	 0.724645	-0.317198	-0.616129	 0.448868	-0.678318	 0.853447	 1.593307	-2.888761	-0.530226	 0.885244
-0.925696	-1.919501	 0.233467	-0.317221	-0.625351	 0.460637	-0.628730	 0.850033	 1.145528	-2.938851	-0.528105	 0.881703
-0.923457	-1.911823	-0.012122	-0.317232	-0.628692	 0.466521	-0.602778	 0.846633	 0.920242	-2.957919	-0.525993	 0.878176
-0.420496	-1.904175	 0.365084	-0.317238	-0.129099	 0.469463	-0.588648	 0.843247	 0.806210	-2.461498	-0.523889	 0.874664
-0.169015	-1.896559	 0.552202	-0.317241	 0.120698	 0.470934	-0.580434	 0.839874	 0.747809	-2.209358	-0.521793	 0.871165
-0.543274	-1.888972	 0.644282	-0.317242	-0.254404	 0.471670	-0.575182	 0.836514	 1.217230	-2.579373	-0.519706	 0.867680
-0.728569	-1.881417	 0.688850	-0.317243	-0.440695	 0.472037	-0.571417	 0.833168	 1.448567	-2.758482	-0.517627	 0.864210
-0.819389	-1.873891	 0.709667	-0.317243	-0.532587	 0.472221	-0.568399	 0.829835	 1.560876	-2.342162	-0.515557	 0.860753
-0.862978	-1.866395	 0.718614	-0.317244	-0.577284	 0.472313	-0.565759	 0.826516	 1.613684	-2.130150	-0.513495	 0.857310
-0.882960	-1.858930	 0.721633	-0.317244	-0.598389	 0.472359	-0.563313	 0.823210	 1.636755	-2.020307	-0.511441	 0.853881
-0.891145	-1.851494	 0.221693	 0.182756	-0.607702	 0.472382	-0.560968	 0.819917	 1.644971	-1.961565	-0.509395	 0.850465
-0.893438	-1.844088	-0.028277	 0.431391	-0.611125	 0.472394	-0.558678	 0.816637	 1.645773	-1.928389	-0.507357	 0.847063
-0.892794	-1.836712	 0.346738	 0.054348	-0.111607	-0.027601	-0.556421	 0.813371	 1.642880	-1.908010	-0.505328	 0.843675
-0.890687	-1.829365	 0.532802	-0.134173	 0.138152	-0.276543	-0.554184	 0.810117	 1.638154	-1.894045	-0.503307	 0.840300
-0.887857	-1.822047	 0.624396	-0.228434	 0.263031	 0.100037	-1.051961	 0.806877	 1.632524	-1.883303	-0.501293	 0.836939
-0.884671	-1.814759	 0.668761	-0.275565	 0.325471	 0.288327	-1.297750	 0.803649	 1.626455	-1.874186	-0.500287	 0.833591
-0.881316	-1.807500	 0.689518	-0.299130	-0.143309	 0.882472	-0.917558	 1.300435	 1.620180	-1.865898	-0.499783	 0.830257
-0.877882	-1.800270	 0.698475	-0.310912	-0.376475	 1.176592	-0.726387	 1.545233	 1.613815	-1.858039	-0.499532	 0.826936
-0.874416	-1.793069	 0.701539	-0.316804	-0.491839	 1.320710	-0.629731	 1.664052	 1.607417	-1.850409	-0.499406	 0.823628
-0.870942	-1.785897	 0.701662	-0.319749	-0.048306	 0.889839	-0.580337	 1.219896	 1.601016	-1.842908	-0.499343	 0.820334
-0.867469	-1.778753	 0.700320	-0.321222	 0.173460	 0.674404	-0.554578	 0.996266	 1.594627	-1.835487	-0.499312	 0.817052
-0.864005	-1.771638	 0.698251	-0.321958	-0.215657	 0.566686	-0.540641	 0.882906	 1.588255	-1.828120	-0.499296	 0.813784
-0.860552	-1.764552	 0.695824	-0.322327	-0.409006	 0.512828	-0.532619	 0.824687	 1.581906	-1.820795	-0.499288	 0.810529
-0.857111	-1.757493	 0.693224	-0.322511	-0.504475	 0.485898	-0.527559	 0.794045	 1.575580	-1.813506	-0.499284	 0.807287
-0.853683	-1.750463	 0.690542	-0.322603	-0.551010	 0.472433	-0.523984	 0.777197	 1.569279	-1.806249	-0.499282	 0.804058
-0.850269	-1.743462	 0.687826	-0.322649	-0.573083	 0.465701	-0.521155	 0.767252	 1.563002	-2.299022	-0.499281	 0.800841
-0.846868	-1.736488	 0.685097	-0.322672	-0.582929	 0.462335	-0.518705	 0.760765	 1.556750	-2.539825	-0.499281	 0.797638
-0.843481	-1.729542	 0.682368	-0.322683	-0.586666	 0.460652	-0.516447	 0.756013	 1.550524	-2.654666	-0.499280	 0.794447
-0.840107	-1.722624	 0.679645	-0.322689	-0.587354	 0.459810	-0.514289	 0.752134	 0.544321	-2.206547	-0.499280	 0.791270
-0.836746	-1.715733	 0.676929	-0.322692	-0.586522	 0.459390	-0.512186	 0.748699	 0.041220	-1.978971	-0.499280	 0.788105
-0.833400	-1.708870	 0.674223	 0.177307	-0.084934	 0.459179	-0.510115	 0.745490	 0.789670	-1.861680	-0.499280	 0.784952
-0.830066	-1.702035	 0.671527	 0.425951	 0.165859	 0.459074	-0.508063	 0.742401	 1.160818	-1.799545	-0.499280	 0.781812
-0.826746	-1.695227	 0.168841	 0.548924	-0.208744	 0.459021	-0.506025	 0.739378	 1.343329	-2.265003	-0.499280	 0.778685
-0.823439	-1.688446	-0.082502	 0.609067	-0.394879	 0.458995	-0.503998	 0.736394	 1.431532	-2.492272	-0.499280	 0.775570
-0.820145	-1.681692	 0.291826	 0.137800	 0.013216	 0.458982	-0.001980	 1.233435	 1.472595	-2.100467	-0.499280	 0.772468
-0.816864	-1.674965	 0.477658	-0.097833	 0.217263	 0.458975	 0.248028	 1.478495	 1.490098	-1.901147	-0.499280	 0.769378
-0.813597	-1.668265	 0.569247	-0.215650	 0.319287	 0.458972	 0.373033	 1.597577	 1.495835	-1.798083	-0.499280	 0.766301
-0.810343	-1.661592	 0.613720	 0.225441	 0.370299	 0.458970	-0.064465	 1.153685	 1.495700	-1.743161	-0.499280	 0.763236
-0.807101	-1.654946	 0.634640	 0.444654	 0.395805	 0.458970	-0.282210	 0.930320	 1.492642	-1.712324	-0.499280	 0.760183
-0.803873	-1.648326	 0.643789	 0.552933	 0.408558	 0.458969	-0.391083	 0.817223	 0.988133	-1.693542	-0.499280	 0.757142
-0.800657	-1.641733	 0.647058	 0.605750	 0.414934	 0.458969	-0.445519	 0.759267	 0.735879	-1.680802	-0.499280	 0.754113
-0.797455	-1.635166	 0.647391	 0.130841	 0.418122	 0.958969	-0.472737	 0.728886	 1.109752	-1.671096	-0.499280	 0.751097
-0.794265	-1.628625	 0.646263	-0.106613	 0.419716	 1.206051	-0.486346	 0.712298	 1.293721	-1.662920	-0.499280	 0.748092
-0.791088	-1.622111	 0.644408	-0.225340	 0.420514	 0.826686	-0.493151	 0.702613	 1.382750	-2.655522	-0.499280	 0.745100
-0.787923	-1.615622	 0.642196	-0.284704	 0.420912	 0.637003	-0.496553	 0.696385	 1.424321	-3.144527	-0.499280	 0.742120
-0.784772	-1.609160	 0.639810	-0.314386	 0.421111	 0.542162	-0.498254	 0.691890	 1.442175	-3.381763	-0.499280	 0.739151
-0.781633	-1.602723	 0.637342	 0.170773	 0.421211	 0.494741	-0.499105	 0.688268	 1.448182	-2.493142	-0.499280	 0.736195
-0.778506	-1.596312	 0.634838	 0.412041	 0.421261	 0.471031	-0.499530	 0.685088	 1.448277	-2.045623	-0.499280	 0.733250
-0.775392	-1.589927	 0.632321	 0.031368	 0.421286	 0.459175	-0.499743	 0.682134	 1.445428	-1.818667	-0.499280	 0.730317
-0.772290	-1.583567	 0.629804	-0.158968	 0.421298	 0.453248	-0.499849	 0.679298	 1.441118	-1.702006	-0.499280	 0.727396
-0.769201	-1.577233	 0.127290	-0.254136	 0.421304	 0.450284	-0.999902	 0.676528	 1.436090	-1.640505	-0.499280	 0.724486
-0.766125	-1.570924	-0.123967	-0.301721	 0.421308	 0.448802	-1.246929	 0.673795	 1.430713	-1.606596	-0.499280	 0.721588
-0.763060	-1.564640	 0.250405	-0.325513	 0.421309	 0.448061	-0.867454	 1.171086	 1.425174	-1.586496	 0.000720	 0.718702
-0.760008	-1.558382	 0.436341	-0.337409	 0.421310	 0.447691	-0.677717	 1.416395	 1.419566	-1.573314	 0.249718	 0.715827
-0.756968	-1.552148	 0.528065	 0.156643	-0.078690	 0.447506	-0.582848	 1.035726	 1.413933	-1.563602	-0.125782	 0.712964
-0.753940	-1.545940	 0.572687	 0.402368	-0.327532	 0.447413	-0.535414	 0.844082	 1.408301	-1.555639	-0.312530	 0.710112
-0.750924	-1.539756	 0.593763	 0.523934	-0.450801	 0.447367	-0.511697	 0.746955	 1.402679	-1.548561	-0.405904	 0.707271
-0.747920	-1.533597	 0.603072	 0.583426	-0.011287	 0.447343	-0.499838	 0.697092	 1.397074	-1.541940	-0.452591	 0.704442
-0.744929	-1.527462	 0.606502	 0.611886	 0.208470	 0.447332	-0.493909	 0.670865	 1.391488	-1.535558	-0.475934	 0.701624
-0.741949	-1.521353	 0.606996	 0.124836	 0.318349	 0.447326	-0.490944	 0.656463	 1.385924	-1.529309	-0.487606	 0.698818
-0.738981	-1.515267	 0.606029	-0.118690	 0.373288	 0.447323	-0.489462	 0.647978	 1.380381	-1.523139	-0.493442	 0.696023
-0.736025	-1.509206	 0.104335	 0.259548	 0.400758	 0.447322	-0.488721	 1.142456	 1.374860	-1.517020	-0.496360	 0.693239
-0.733081	-1.503169	-0.146512	 0.447391	 0.414492	 0.447321	-0.488350	 1.386422	 1.369361	-1.510938	-0.497819	 0.690466
-0.730149	-1.497157	 0.228065	 0.040042	 0.421360	 0.447321	-0.488165	 1.505143	 1.363883	-1.504888	-0.498548	 0.687704
-0.727228	-1.491168	 0.414148	-0.163632	 0.424793	 0.447321	-0.488072	 1.561257	 1.358428	-1.498865	-0.498913	 0.684953
-0.724319	-1.485203	 0.505989	-0.265470	 0.426510	 0.447320	-0.488026	 1.586079	 1.352994	-1.492868	-0.499096	 0.682213
-0.721422	-1.479263	 0.550713	-0.316388	 0.427369	 0.447320	-0.488003	 1.095268	 0.347582	-1.986895	-0.499187	 0.679484
-0.718536	-1.473345	 0.571885	-0.341848	 0.427798	 0.447320	-0.487991	 0.848653	-0.153808	-2.228947	-0.499232	 0.676766
-0.715662	-1.467452	 0.581285	 0.145423	 0.428013	 0.447320	-0.487985	 1.224142	 0.096807	-1.845031	-0.499255	 0.674059
-0.712800	-1.461582	 0.584803	 0.387793	 0.428120	 0.447320	-0.487983	 1.408687	 0.222115	-1.650151	-0.499267	 0.671363
-0.709948	-1.455736	 0.585386	 0.007717	 0.428173	 0.447320	-0.487981	 1.497773	 0.784768	-1.549800	-0.499272	 0.668678
-0.707109	-1.449913	 0.584505	-0.182321	 0.428200	 0.447320	-0.487980	 1.539143	 1.063400	-1.496726	-0.499275	 0.666003
-0.704280	-1.444113	 0.582898	 0.222661	 0.428214	 0.447320	 0.012020	 1.056666	 1.200032	-1.467302	-0.499276	 0.663339
-0.701463	-1.438337	 0.580931	 0.423896	 0.428220	 0.447320	 0.260996	 0.814280	 1.265675	-1.449714	-0.499277	 0.660685
-0.698657	-1.432584	 0.578790	 0.523263	 0.428224	 0.447320	 0.384464	 0.691943	 1.295834	-1.438056	-0.499278	 0.658043
-0.695863	-1.426853	 0.576566	 0.571702	 0.428225	 0.447320	-0.054818	 0.629635	 1.308261	-1.429374	-0.499278	 0.655411
-0.693079	-1.421146	 0.574306	 0.594681	 0.428226	 0.447320	-0.274458	 0.597346	 1.311833	-1.422191	-0.499278	 0.652789
-0.690307	-1.415461	 0.572031	 0.104935	 0.428227	 0.947320	-0.384279	 0.580072	 1.310989	-1.415770	-0.499278	 0.650178
-0.687546	-1.409799	 0.569754	-0.139938	 0.428227	 1.194426	-0.439189	 0.570309	 1.307946	-1.409741	-0.499278	 0.647577
-0.684795	-1.404160	 0.067481	 0.237625	 0.428227	 0.815095	-0.466644	 1.064307	 1.303815	-1.403919	-0.499278	 0.644987
-0.682056	-1.398544	-0.183656	 0.425177	 0.428227	 0.625430	-0.480372	 1.308189	 1.299150	-1.398212	-0.499278	 0.642407
-0.679328	-1.392949	 0.190776	 0.517727	 0.428227	 0.530598	-0.487236	 0.927026	 0.794229	-1.392573	-0.499278	 0.639837
-0.676611	-1.387378	 0.376862	 0.562782	 0.428227	 0.483181	-0.490667	 0.735352	 0.541768	-1.386980	-0.499278	 0.637278
-0.673904	-1.381828	 0.468778	 0.584093	 0.428227	 0.459473	-0.492383	 0.638428	 0.415538	-1.381420	-0.499278	 0.634729
-0.671209	-1.376301	 0.513615	 0.593538	 0.428227	 0.947619	-0.493241	 0.588883	 0.852422	-1.375889	-0.499278	 0.632190
-0.668524	-1.370796	 0.534917	 0.597055	 0.428227	 1.188820	-0.493670	 0.563032	 1.068286	-1.370383	-0.499278	 0.629661
-0.665850	-1.365312	 0.044455	 0.597612	 0.428227	 0.806561	-0.493885	 0.549032	 1.173650	-1.364900	-0.499278	 0.627142
-0.663186	-1.359851	-0.200775	 0.596694	 0.428227	 0.615431	-0.493992	 0.540962	 1.223774	-1.359439	-0.499278	 0.624634
-0.660534	-1.354412	 0.176609	 0.595044	-0.071773	 0.519867	 0.005954	 0.535862	 1.246288	-1.354001	-0.499278	 0.122135
-0.657891	-1.348994	 0.364193	 0.593032	-0.320629	 0.472084	 0.254916	 0.532250	 1.255007	-1.348585	-0.499278	-0.129114
-0.655260	-1.343598	 0.456882	 0.090844	 0.056081	 0.448193	-0.121611	 0.529386	 0.256839	-1.343191	-0.499278	 0.245261
-0.652639	-1.338224	 0.502127	-0.160250	 0.244437	 0.436247	-0.309875	 0.526902	-0.240762	-1.337818	-0.499278	 0.431210
-0.650028	-1.332871	 0.523655	-0.285798	 0.338614	 0.430275	-0.404007	 0.524611	-0.488086	-1.332466	-0.499278	 0.522950
-0.647428	-1.327539	 0.533329	 0.151429	 0.385703	 0.427288	-0.451073	 1.022420	 0.389723	-1.327137	-0.499278	 0.567590
-0.644838	-1.322229	 0.537079	 0.368865	 0.409248	 0.425795	-0.474606	 1.268285	 0.826093	-1.321828	-0.499278	 0.588686
-0.642259	-1.316940	 0.537873	 0.476410	 0.421020	 0.425048	-0.486372	 1.388189	 1.041752	-1.316541	-0.499278	 0.598014
-0.639690	-1.311672	 0.537193	 0.529015	 0.426906	 0.424675	-0.492255	 1.445124	 1.147067	-1.311275	-0.499278	 0.601464
-0.637131	-1.306426	 0.535779	 0.054154	 0.429849	 0.424488	-0.495197	 1.470588	 1.197220	-1.306029	-0.499278	 0.601979
-0.634583	-1.301200	 0.534004	-0.183276	 0.431321	 0.424395	-0.496668	 1.480328	 1.219802	-1.300805	-0.499278	 0.601031
-0.632044	-1.295995	 0.032052	-0.301991	 0.432056	-0.075652	-0.497403	 0.982218	 1.228608	-1.295602	-0.499278	 0.599357
-0.629516	-1.290811	-0.218924	-0.361349	 0.432424	-0.324523	-0.497771	 0.733163	 1.230536	-1.290420	-0.499278	 0.597325
-0.626998	-1.285648	-0.344412	-0.391028	 0.432608	-0.447813	-0.497955	 0.608635	 1.229035	-1.285258	-0.499278	 0.595118
-0.624490	-1.280505	 0.092844	 0.094133	 0.432700	-0.008315	 0.001953	 0.546371	 1.225830	-1.280117	-0.499278	 0.592829
-0.621992	-1.275383	 0.310412	 0.335554	 0.432746	 0.211434	 0.250904	 0.515239	 1.221782	-1.274997	-0.499278	 0.590503
-0.619504	-1.270282	 0.418139	-0.044889	-0.067231	 0.321308	-0.124621	 0.499673	 1.217322	-1.269897	-0.499278	 0.588164
-0.617026	-1.265201	 0.470952	-0.235110	-0.316085	 0.376245	-0.311383	 0.491890	 1.212667	-1.264817	-0.499278	 0.585823
-0.614558	-1.260140	 0.496310	-0.330221	 0.060618	 0.403714	 0.095236	 0.987999	 1.207923	-1.259758	 0.000722	 0.583485
-0.612100	-1.255099	 0.507946	-0.377776	 0.248969	 0.417448	 0.297542	 1.233085	 1.203145	-1.254719	 0.249721	 0.581154
-0.609651	-1.250079	 0.512725	 0.098446	 0.343145	 0.424315	-0.101306	 0.852672	 1.198359	-1.249700	-0.125780	 0.578831
-0.607213	-1.245079	 0.514079	 0.335408	 0.390233	 0.427749	-0.299729	 0.662465	 1.193579	-1.244701	-0.312528	 0.576516
-0.604784	-1.240098	 0.513726	 0.452744	 0.413777	 0.429466	-0.398941	 0.567362	 1.188811	-1.239722	-0.405902	 0.574211
-0.602365	-1.235138	 0.012522	 0.510272	 0.425549	 0.930324	 0.051454	 0.519810	 0.684059	-1.234763	-0.452589	 0.571914
-0.599955	-1.230197	-0.238080	 0.537900	 0.431435	 1.177891	 0.275647	 0.496034	 0.431683	-1.229824	-0.475932	 0.569627
-0.597556	-1.225277	 0.136620	 0.050583	 0.434378	 0.798823	-0.112256	 0.484146	 0.805495	-1.224905	-0.487604	 0.567348
-0.595165	-1.220376	 0.322946	-0.193075	 0.435849	 0.609290	-0.305208	 0.478202	 0.990043	-1.220005	-0.493440	 0.565079
-0.592785	-1.215494	-0.084909	 0.185096	-0.063415	 1.014523	 0.098317	 0.475230	 0.579967	-1.215125	-0.496358	 0.562818
-0.590414	-1.210632	-0.288836	 0.373055	-0.311922	 1.214300	 0.299075	 0.473744	 0.374930	-1.210265	-0.497817	 0.560567
-0.588052	-1.205790	-0.390800	-0.034088	-0.435054	 0.811360	 0.399455	 0.473001	 0.772411	-1.205424	-0.498546	 0.558325
-0.585700	-1.200966	-0.441782	-0.237659	-0.495504	 0.609890	 0.449644	 0.472630	 0.968812	-1.200602	-0.498911	 0.556092
-0.583357	-1.196163	-0.467273	-0.339445	-0.524617	 0.509156	 0.474739	 0.472444	 1.064681	-1.195800	-0.499093	 0.553867
-0.581024	-1.191378	 0.019982	 0.109662	-0.038066	 0.458788	 0.487286	 0.972351	 1.110295	-0.691016	-0.499185	 0.551652
-0.578699	-1.186612	 0.262595	 0.333098	 0.205209	 0.433604	 0.493560	 1.219360	 1.130790	-0.438625	-0.499230	 0.549445
-0.576385	-1.181866	 0.382891	-0.056297	 0.326847	 0.421013	 0.496697	 1.339932	 1.138735	-0.812429	-0.499253	 0.547247
-0.574079	-1.177138	 0.442032	-0.250994	 0.387666	 0.414717	 0.498265	 1.397297	 1.140415	-0.996959	-0.499264	 0.545058
-0.571783	-1.172430	 0.470601	 0.151657	 0.418075	 0.411569	-0.000950	 1.423070	 1.138970	-1.086861	-0.499270	 0.542878
-0.569496	-1.167740	 0.484885	 0.351874	 0.433280	 0.409995	-0.249558	 1.433059	 1.135973	-1.129458	-0.499273	 0.540707
-0.567218	-1.163069	 0.492027	 0.450878	 0.440882	 0.409208	-0.373862	 0.935167	 0.632208	-1.148413	-0.499274	 0.538544
-0.564949	-1.158417	 0.495598	 0.499281	 0.444684	 0.408814	-0.436014	 0.686221	 0.380326	-1.155555	-0.499275	 0.536390
-0.562689	-1.153783	 0.497384	 0.522386	-0.053416	 0.408617	-0.467090	 1.061749	 0.754385	-1.156801	-0.499275	 0.534244
-0.560438	-1.149168	 0.498276	 0.532848	-0.301363	 0.408519	-0.482628	 1.246638	 0.939157	-1.155108	-0.499276	 0.532107
-0.558196	-1.144571	 0.498723	 0.536993	-0.424237	 0.408470	-0.490397	 1.336219	 1.029295	-1.151954	-0.499276	 0.529979
-0.555964	-1.139993	 0.498946	 0.537983	 0.015420	 0.408445	-0.494281	 1.378158	 0.572126	-1.148080	-0.499276	 0.527859
-0.553740	-1.135433	 0.499057	 0.537400	 0.235248	 0.408433	-0.496223	 1.396287	 0.343541	-1.143855	-0.499276	 0.525747
-0.551525	-1.130891	 0.499113	 0.536035	 0.345162	 0.408427	-0.497194	 1.402523	 0.729249	-1.139462	-0.499276	 0.523644
-0.549319	-1.126368	 0.499141	 0.534283	 0.400119	 0.408424	-0.497680	 1.402824	 0.919872	-1.134996	-0.499276	 0.521550
-0.547121	-1.121862	 0.499155	 0.532342	 0.427598	 0.408422	-0.497923	 1.400168	 1.012963	-1.130502	-0.499276	 0.519464
-0.544933	-1.117375	 0.499162	 0.530310	 0.441337	 0.408421	-0.498044	 1.396045	 1.057297	-1.126003	-0.499276	 0.517386
-0.542753	-1.112905	 0.499166	 0.028238	 0.448207	 0.408421	 0.001895	 1.391199	 1.077260	-1.121511	-0.499276	 0.515316
-0.540582	-1.108454	 0.499167	-0.222798	 0.451642	 0.408421	 0.250861	 1.386004	 1.085047	-1.117030	-0.499276	 0.513255
-0.538420	-1.104020	 0.499168	-0.348316	 0.453359	 0.408421	 0.375344	 1.380645	 1.086755	-1.112565	-0.499276	 0.511202
-0.536266	-1.099604	-0.000831	 0.088925	 0.454218	 0.408421	-0.562414	 1.375214	 1.085432	-1.108116	-0.499276	 0.509157
-0.534121	-1.095206	-0.249829	 0.306493	 0.454647	 0.408421	-1.028293	 1.369760	 1.082603	-1.103684	-0.499276	 0.507120
-0.531985	-1.090825	 0.125671	 0.414229	 0.454862	 0.408421	-0.758244	 1.364304	 1.079028	-1.099270	-0.499276	 0.505092
-0.529857	-1.086461	 0.312420	 0.467053	 0.454969	 0.408421	-0.623220	 1.358858	 1.075090	-1.094873	-0.499276	 0.503072
-0.027737	-1.082116	 0.405794	 0.492425	 0.455023	 0.408421	-0.555708	 1.353428	 1.070979	-1.090494	-0.499276	 0.501059
 0.223322	-1.077787	 0.452481	 0.504076	 0.455050	 0.408421	-0.521952	 1.348018	 1.066790	-1.086132	-0.499276	 0.500053
-0.151148	-1.073476	 0.475824	 0.008870	 0.455063	 0.408421	-0.505074	 0.842627	 0.562570	-1.081787	-0.499276	 0.499550
-0.337332	-1.069182	 0.487496	-0.238733	 0.455070	 0.408421	-0.496635	 0.589932	 0.310460	-1.077460	-0.499276	 0.499299
-0.429376	-1.064905	 0.493332	-0.362535	 0.455073	 0.408421	-0.492415	 0.463584	 0.184405	-1.073150	-0.499276	 0.499173
-0.474356	-1.060646	 0.496250	 0.075564	 0.455075	 0.408421	-0.490305	 0.900410	 0.621377	-1.068858	-0.499276	 0.499110
-0.495807	-1.056403	 0.497709	 0.293587	 0.455076	 0.408421	-0.489250	 1.116149	 0.837747	-1.064582	-0.499276	 0.499078
-0.505498	-1.052178	 0.498438	 0.401574	 0.455076	 0.908421	-0.488723	 0.721354	 0.943823	-1.060324	-0.499276	 0.499063
-0.509313	-1.047969	 0.498803	 0.454549	 0.455076	 1.155604	-0.488459	 0.523957	 0.994762	-1.056083	-0.499276	 0.499055
-0.510195	-1.043777	 0.498985	 0.480022	 0.455076	 1.276390	-0.488327	 0.925258	 1.018140	-1.051858	 0.000724	 0.499051
-0.509613	-1.039602	 0.499077	 0.491747	 0.455076	 1.333988	-0.488261	 1.123256	 1.027745	-1.047651	 0.249723	 0.499049
-0.508304	-1.035443	 0.499122	-0.003397	 0.455076	 1.360005	-0.488229	 0.719612	 1.030474	-1.043460	-0.125778	 0.499048
-0.506636	-1.031302	 0.499145	-0.250970	 0.455076	 1.370241	-0.488212	 0.517790	 1.029771	-1.039286	-0.312526	 0.499047
-0.504792	-1.027176	 0.499156	-0.374756	 0.455076	 1.372598	-0.488204	 0.416879	 1.027362	-1.035129	-0.405900	 0.499047
-0.502864	-1.023068	 0.499162	-0.436649	-0.044924	 0.371026	-0.488200	 0.866424	 1.024108	-1.030989	-0.452587	 0.499047
-0.500898	-1.018975	 0.499165	-0.467595	-0.293834	-0.128498	-0.488198	 1.088564	 1.020439	-1.026865	-0.475930	 0.499047
-0.499915	-1.014900	 0.499166	 0.016931	 0.082797	 0.122995	-0.488197	 0.697013	 1.016571	-1.022757	-0.487602	 0.499047
-0.499424	-1.010840	 0.499167	 0.258192	 0.271112	 0.248742	-0.488196	 0.501237	 1.012611	-1.018666	-0.493438	 0.499047
-0.499178	-1.006797	 0.499167	 0.378822	-0.134730	 0.311616	 0.011804	 0.903350	 1.008614	-1.014592	-0.496356	 0.499047
-0.499055	-1.002769	 0.499168	 0.439137	-0.336571	 0.343053	 0.260781	 1.101795	 1.004606	-1.010533	-0.497815	 0.499047
-0.498994	-0.998758	 0.499168	 0.469295	 0.063586	 0.358771	-0.115751	 1.198417	 1.000601	-1.006491	-0.498544	 0.499047
-0.498963	-0.994763	 0.499168	 0.484374	 0.263665	 0.366630	-0.304016	 1.244138	 0.996606	-1.002465	-0.498909	 0.499047
-0.498948	-0.990784	 0.499168	 0.491913	 0.363704	 0.370560	-0.398149	 1.264419	 0.992623	-0.998455	-0.499091	 0.499047
-0.498940	-0.986821	 0.499168	 0.495683	 0.413723	 0.872524	-0.445215	 1.271990	 0.988654	-0.994462	-0.499182	 0.499047
-0.498936	-0.982874	 0.499168	 0.497568	 0.438733	 1.120758	-0.468749	 1.273216	 0.984700	-0.990484	-0.499228	 0.499047
 0.001066	-0.978942	 0.499168	 0.498510	-0.048762	 1.242137	-0.480515	 1.271280	 0.980762	-0.986522	-0.499251	 0.499047
 0.250065	-0.975027	 0.499168	 0.498981	-0.291437	 1.300099	-0.486398	 1.267774	 0.976839	-0.982576	-0.499262	 0.499047
-0.125436	-0.971126	 0.499168	 0.499217	 0.088294	 0.826364	 0.010660	 0.763492	 0.972931	-0.978645	-0.499268	 0.499047
-0.312184	-0.967242	 0.499168	 0.499335	 0.278159	 0.589496	 0.258174	 0.511351	 0.969040	-0.974731	-0.499271	 0.499047
-0.405559	-0.963373	 0.499168	 0.499393	 0.373092	 0.471063	-0.119081	 0.885281	 0.965164	-0.970832	-0.499272	 0.499047
-0.452246	-0.959520	 0.499168	 0.499423	 0.420558	 0.411846	-0.307708	 1.069727	 0.961303	-0.966949	-0.499273	 0.499047
-0.475589	-0.955681	 0.499168	 0.499438	 0.444291	 0.382237	-0.402022	 1.159442	 0.957458	-0.963081	-0.499273	 0.499047
-0.487261	-0.951859	 0.499168	 0.499445	 0.456158	 0.367433	-0.449179	 1.201801	 0.953628	-0.959228	-0.499273	 0.499047
-0.493097	-0.948051	 0.499168	 0.499449	 0.462091	 0.360031	-0.472757	 1.220492	 0.949813	-0.955392	-0.499273	 0.499047
-0.496015	-0.944259	 0.499168	 0.499451	 0.465058	 0.356330	-0.984546	 0.727359	 0.946014	-0.951570	-0.499273	 0.499047
-0.497474	-0.940482	 0.499168	 0.499451	 0.466541	 0.354480	-1.237448	 0.480793	 0.942230	-0.947764	-0.499273	 0.499047
-0.498203	-0.936720	 0.499168	 0.499452	 0.467283	 0.353554	-0.860918	 0.357510	 0.938461	-0.943973	-0.499273	 0.499047
-0.498568	-0.932973	 0.499168	 0.499452	 0.467654	 0.353092	-0.672654	 0.295868	 0.934707	-0.940197	-0.499273	 0.499047
-0.498750	-0.929241	 0.499168	-0.000548	 0.467839	 0.352860	-0.078521	 0.765047	 0.930969	-1.436436	-0.499273	 0.499047
-0.498842	-0.925524	 0.499168	-0.249547	 0.467932	 0.352745	 0.217514	 0.997169	 0.927245	-1.680690	-0.499273	 0.499047
-0.498887	-0.921822	 0.499168	-0.374046	 0.467978	 0.352687	 0.364504	 1.110771	 0.923536	-1.798967	-0.499273	 0.499047
-0.498910	-0.918135	 0.499168	 0.063704	 0.468001	 0.352658	-0.063023	 1.165123	 0.919842	-1.354272	-0.499273	 0.499047
-0.498921	-0.914462	 0.499168	 0.281576	 0.468013	 0.352643	-0.276787	 1.189860	 0.916162	-1.130104	-0.499273	 0.499047
-0.498927	-0.910805	 0.499168	 0.390513	 0.468019	 0.352636	-0.383669	 1.199799	 0.912498	-1.016209	-0.499273	 0.499047
-0.498930	-0.907161	 0.499168	 0.444981	 0.468022	 0.352633	-0.437110	 1.202350	 0.908848	-0.957457	-0.499273	 0.499047
-0.498931	-0.903533	 0.499168	 0.472215	 0.468023	 0.352631	 0.036169	 0.701215	 0.905212	-0.926283	-0.499273	 0.499047
-0.498932	-0.899919	 0.499168	 0.485832	 0.468024	 0.352630	 0.271790	 0.450648	 0.901591	-0.908906	-0.499273	 0.499047
-0.498932	-0.896319	 0.499168	 0.492640	 0.468024	 0.352629	-0.111414	 0.825364	 0.897985	-0.898435	-0.499273	 0.499047
-0.498933	-0.892734	 0.499168	 0.496044	 0.468024	 0.352629	-0.303017	 1.010322	 0.894393	-0.891423	-0.499273	 0.499047
-0.498933	-0.889163	 0.499168	 0.497747	 0.468024	 0.352629	-0.398818	 1.100410	 0.890815	-0.886148	-0.499273	 0.499047
-0.498933	-0.885606	 0.499168	 0.498598	 0.468024	 0.352629	 0.053282	 1.143074	 0.887252	-0.881749	-0.499273	 0.499047
-0.498933	-0.882064	 0.499168	 0.499023	 0.468024	 0.352629	 0.278321	 1.162034	 0.883703	-0.877795	-0.499273	 0.499047
-0.498933	-0.878535	 0.499168	 0.499236	-0.031975	 0.352629	-0.110166	 1.169152	 0.880168	-0.874070	-0.499273	 0.499047
-0.498933	-0.875021	 0.499168	 0.499342	-0.280912	 0.352629	-0.304410	 1.170358	 0.876648	-0.870467	-0.499273	 0.499047
-0.498933	-0.871521	-0.000832	 0.499396	 0.095680	 0.352629	 0.098468	 1.168618	 0.873141	-0.866932	-0.499273	 0.499047
-0.498933	-0.868035	-0.249831	 0.499422	 0.283976	 0.352629	 0.298905	 1.165415	 0.869649	-0.863437	-0.499273	 0.499047
-0.498933	-0.864563	 0.125670	-0.000565	 0.378124	 0.352629	 0.399123	 0.661488	 0.866170	-0.859970	-0.499273	 0.499047
-0.498933	-0.861105	 0.312418	-0.249557	 0.425198	 0.352629	 0.449232	 0.409525	 0.862705	-0.856524	-0.499273	 0.499047
-0.498933	-0.857660	 0.405792	-0.374053	 0.448735	 0.352629	 0.474286	 0.283544	 0.859254	-0.853094	-0.499273	 0.499047
-0.498933	-0.854230	 0.452479	 0.063699	 0.460503	 0.852629	-0.013186	 0.720553	 0.855817	-0.849680	-0.499273	 0.499047
-0.498933	-0.850813	 0.475823	 0.281572	 0.466388	 1.099924	-0.255921	 0.936742	 0.852394	-0.846281	-0.499273	 0.499047
-0.498933	-0.847409	 0.487495	 0.390509	-0.030670	 0.720877	-0.377289	 1.042531	 0.848985	-0.842895	-0.499273	 0.499047
-0.498933	-0.844020	 0.493330	 0.444977	-0.278144	 0.531353	-0.437973	 1.093129	 0.845589	-0.839523	-0.499273	 0.499047
-0.498933	-0.840644	 0.496248	-0.027789	 0.099171	 0.436591	 0.031685	 1.116141	 0.842206	-0.836165	-0.499273	 0.499047
-0.498933	-0.837281	 0.497707	-0.263171	 0.287828	 0.389211	 0.265512	 1.125368	 0.838837	-0.832820	-0.499273	 0.499047
-0.498933	-0.833932	 0.498437	-0.380862	 0.382157	 0.365520	-0.117575	 1.127713	 0.835482	-0.829489	-0.499273	 0.499047
-0.498933	-0.830596	 0.498802	-0.439707	 0.429321	 0.353675	-0.308117	 1.126625	 0.832140	-0.826171	-0.499273	 0.499047
-0.498933	-0.827274	 0.498984	-0.469130	 0.452903	 0.347752	-0.403388	 1.123830	 0.828812	-0.822866	-0.499273	 0.499047
-0.498933	-0.823965	 0.499075	-0.483841	 0.464694	 0.844791	-0.451024	 1.120190	 0.825496	-0.819575	-0.499273	 0.499047
-0.498933	-0.820669	 0.499121	-0.491197	 0.470590	 1.090627	-0.474841	 1.116137	 0.822194	-0.816297	-0.499273	 0.499047
-0.498933	-0.817386	 0.499144	 0.005125	 0.473537	 1.210872	 0.013250	 0.611887	 0.818906	-0.813031	-0.499273	 0.499047
-0.498933	-0.814117	 0.499155	 0.252283	 0.475011	 1.268332	 0.256293	 0.359761	 0.815630	-0.809779	-0.499273	 0.499047
-0.498933	-0.810860	 0.499161	 0.375862	 0.475748	 0.794410	 0.377814	 0.233699	 0.812367	-1.306540	-0.499273	 0.499047
-0.498933	-0.807617	 0.499164	 0.437652	 0.476117	 0.557450	 0.438575	 0.170667	 0.809118	-1.551314	-0.499273	 0.499047
