-0.179100	-0.330243	 0.461672	 0.499638	-0.311872	 0.484885	-0.298949	 0.323618	 0.013933	-0.504764	-0.498560	 0.428372
-0.179100	-0.330979	 0.461672	 0.499638	-0.405262	 0.491878	-0.298949	 0.323618	 0.013933	-0.501967	-0.498560	 0.429108
-0.179100	-0.331347	 0.461672	 0.499638	-0.451957	 0.495374	-0.298949	 0.323618	 0.013933	-0.500568	-0.498560	 0.429476
-0.179100	-0.331531	 0.461672	 0.499638	-0.475304	 0.497122	-0.298949	 0.323618	 0.013933	-0.499869	-0.498560	 0.429660
-0.679100	-0.331623	 0.461672	 0.499638	-0.486978	 0.497996	-0.298949	 0.323618	 0.013933	-0.499519	-0.498560	 0.429752
-0.926742	-0.331669	 0.461672	 0.499638	-0.492815	 0.498433	-0.298949	 0.323618	 0.013933	-0.499345	-0.498560	 0.429798
-1.048214	-0.331692	 0.461672	 0.499638	-0.495733	 0.498652	-0.298949	 0.323618	 0.013933	-0.499257	-0.498560	 0.429821
-0.606611	-0.331704	 0.461672	 0.499638	 0.002808	-0.001239	-0.298949	 0.323618	 0.013933	-0.499213	-0.498560	 0.429832
-0.385809	-0.331710	 0.461672	 0.499638	 0.251075	-0.250182	-0.298949	 0.323618	 0.013933	-0.499192	-0.498560	 0.429838
-0.275408	 0.168287	 0.461672	 0.499638	 0.375209	 0.125346	-0.298949	 0.323618	 0.013933	-0.499181	-0.498560	 0.429841
-0.220208	 0.416949	 0.461672	 0.499638	 0.437276	 0.312109	-0.298949	 0.323618	 0.013933	-0.499175	-0.498560	 0.429842
-0.692608	 0.039949	 0.461672	 0.499638	 0.468310	 0.405490	-0.298949	 0.323618	 0.013933	-0.499172	-0.498560	 0.429843
-0.926477	-0.148551	 0.461672	 0.499638	 0.483826	 0.452181	-0.298949	 0.323618	 0.013933	-0.499171	-0.498560	 0.429843
-0.541092	 0.257199	 0.461672	 0.499638	 0.491585	 0.475526	-0.298949	 0.323618	 0.013933	-0.499170	-0.498560	 0.429843
-0.348399	 0.458748	 0.461672	 0.499638	 0.495464	 0.487199	-0.298949	 0.323618	 0.013933	-0.499170	-0.498560	 0.429844
-0.252052	 0.558202	 0.461672	 0.499638	 0.497404	 0.493035	-0.298949	 0.323618	 0.013933	-0.499170	-0.498560	 0.429844
-0.203879	 0.106614	 0.461672	 0.499638	 0.498373	 0.495953	-0.298949	-0.176382	 0.013933	-0.499170	-0.498560	 0.429844
-0.179793	-0.119180	 0.461672	 0.499638	 0.498858	 0.497412	-0.298949	-0.425030	 0.013933	-0.499170	-0.498560	 0.429844
-0.167749	 0.267922	 0.461672	 0.499638	-0.000899	 0.498142	-0.298949	-0.048006	 0.013933	-0.499170	-0.498560	 0.429844
-0.161728	 0.460164	 0.461672	 0.499638	-0.249777	 0.498506	-0.298949	 0.140506	 0.013933	-0.499170	-0.498560	 0.429844
-0.158717	 0.554980	 0.961672	-0.000362	 0.125784	 0.498689	-0.298949	 0.234762	 0.013933	 0.000830	-0.498560	 0.429844
-0.157211	 0.601088	 1.208749	-0.249361	 0.312562	 0.498780	-0.298949	 0.281890	 0.013933	 0.249829	-0.498560	 0.429844
-0.156459	 0.622848	 1.329376	 0.126139	 0.405951	 0.498826	-0.298949	 0.805454	 0.013933	-0.125672	-0.498560	 0.429844
-0.156082	 0.632439	 1.386789	 0.312886	 0.452646	 0.498848	-0.298949	 1.064578	 0.013933	-0.312420	-0.498560	 0.429844
-0.155894	 0.635950	 1.412607	 0.406260	 0.475993	 0.498860	-0.298949	 1.191492	 0.013933	-0.405794	-0.498560	 0.429844
-0.155800	 0.636427	 0.922639	 0.452947	 0.487667	 0.498865	-0.298949	 0.752313	 0.013933	-0.452481	-0.498560	 0.429844
-0.155753	 0.635391	 0.677656	 0.476290	 0.493504	 0.498868	-0.298949	 0.532723	 0.013933	-0.475825	-0.498560	 0.429844
-0.155729	 0.633605	 0.555164	 0.487962	 0.496422	 0.498870	-0.298949	 0.422928	 0.013933	-0.487497	-0.498560	 0.429844
-0.155718	 0.631448	 0.493918	 0.493797	 0.497881	 0.498870	-0.298949	 0.368031	 0.013933	-0.493333	-0.498560	 0.429844
-0.155712	 0.629111	 0.463295	 0.496715	 0.498611	 0.498871	-0.298949	 0.340582	 0.013933	-0.496250	-0.498560	 0.429844
-0.155709	 0.626689	 0.447983	 0.498174	 0.498976	 0.498871	-0.298949	 0.326858	 0.013933	-0.497709	-0.498560	 0.429844
-0.155707	 0.124229	 0.440327	 0.498904	 0.499158	 0.498871	-0.298949	 0.319996	 0.013933	-0.498439	-0.498560	 0.429844
-0.155707	-0.127001	 0.436500	 0.499269	 0.499249	 0.498871	-0.298949	 0.316564	 0.013933	-0.498804	-0.498560	 0.429844
-0.155706	-0.252615	 0.434586	 0.499451	 0.499295	 0.498871	-0.298949	 0.314849	 0.013933	-0.498986	-0.498560	 0.429844
-0.655706	-0.315423	 0.433629	 0.499542	 0.499318	 0.498871	-0.298949	 0.313991	-0.486067	-0.499077	-0.498560	 0.429844
-0.903395	-0.346827	 0.433150	 0.499588	 0.499329	 0.498871	-0.298949	 0.313562	-0.734094	-0.499123	-0.498560	 0.429844
-0.524937	 0.137472	 0.432911	 0.499610	 0.499335	 0.498871	-0.798949	 0.313348	-0.356144	-0.499146	-0.498560	 0.429844
-0.335708	 0.378377	 0.432791	 0.499622	 0.499338	 0.498871	-1.046351	 0.313241	-0.167169	-0.499157	-0.498560	 0.429844
-0.241093	-0.002409	 0.432732	 0.499628	-0.000661	 0.498871	-0.667465	 0.313187	-0.072681	-0.499163	-0.498560	-0.070156
-0.193786	-0.192802	 0.432702	 0.499630	-0.249659	 0.498871	-0.478021	 0.313160	-0.025438	-0.499166	-0.498560	-0.319016
-0.170132	-0.287998	 0.432687	 0.499632	 0.125842	 0.498871	-0.383300	 0.313147	-0.001816	-0.499167	-0.498560	 0.057690
-0.158306	-0.335596	 0.432679	 0.499633	 0.312590	 0.498871	-0.335939	 0.313140	 0.009995	-0.499168	-0.498560	 0.246043
-0.152392	-0.359395	 0.432675	 0.499633	 0.405964	 0.498871	-0.312259	 0.313137	 0.015901	-0.499168	-0.498560	 0.340219
-0.149436	-0.371295	 0.432674	 0.499633	 0.452651	 0.498871	-0.300418	 0.313135	 0.018853	-0.499168	-0.498560	 0.387308
-0.147957	-0.377245	 0.432673	 0.499633	 0.475994	 0.498871	-0.294498	 0.313134	 0.020330	-0.499168	-0.498560	 0.410852
-0.147218	-0.380220	 0.432672	 0.499633	-0.012334	 0.498871	-0.291538	 0.313134	 0.021068	-0.499168	-0.498560	 0.422624
-0.146848	-0.381707	 0.432672	 0.499633	-0.255497	 0.498871	-0.290058	 0.313134	 0.021437	-0.499168	-0.498560	 0.428510
-0.146664	-0.382451	 0.432672	 0.499633	 0.122922	 0.498871	-0.289318	 0.313133	 0.021622	-0.499168	-0.498560	 0.431453
-0.146571	-0.382823	 0.432672	 0.499633	 0.311128	 0.498871	-0.288948	 0.313133	 0.021714	-0.499168	-0.498560	 0.432924
-0.146525	-0.383009	 0.432672	 0.499633	-0.094768	 0.498871	-0.288763	-0.686867	-0.978240	 1.500832	-0.498560	 0.433660
-0.146502	-0.383102	 0.432672	 0.499633	-0.296715	 0.498871	-0.288671	-1.183493	-1.474261	 2.493830	-0.498560	 0.434028
-0.146490	-0.383148	 0.432672	 0.499633	-0.397689	 0.498871	-0.288625	-1.428446	-1.718330	 2.983355	-0.498560	 0.434212
-0.646485	 0.116829	 0.432672	 0.499633	 0.051824	 0.498871	 0.211399	-2.547575	-1.836440	 3.221172	-0.498560	-0.065696
-0.894189	 0.365583	 0.432672	 0.499633	 0.275578	 0.498871	 0.459987	-3.099807	-1.891586	 3.333163	-0.498560	-0.314519
-0.515757	-0.011268	 0.432672	 0.499633	 0.387455	-0.001129	 0.082865	-1.868619	-1.415266	 1.382268	-0.498560	 0.062196
-0.326541	-0.199693	 0.432672	 0.499633	 0.443394	-0.250127	-0.105697	-1.251749	-1.175228	 0.407958	-0.498560	 0.250554
-0.731933	-0.293906	 0.432672	 0.499633	-0.028637	 0.125375	-0.699978	-0.942045	-1.053338	-0.078065	-0.498560	 1.344733
-0.932355	-0.341013	 0.432672	 0.499633	-0.263651	 0.312123	-0.994529	-0.785928	-0.990531	-0.319948	-0.498560	 1.886944
-0.530300	-0.364566	 0.432672	 0.499633	 0.118842	 0.405498	-0.639227	-0.706610	-0.957271	-0.439766	-0.498560	 2.153192
-0.329272	-0.376342	 0.432672	 0.499633	 0.309086	 0.452185	-0.461576	-0.665697	-0.938794	-0.498555	-0.498560	 2.281477
-0.228759	-0.382231	 0.432672	 0.499633	 0.404208	 0.475529	-0.372750	-0.643990	-0.927714	-0.526836	-0.498560	 2.340800
-0.178502	-0.385175	 0.432672	 0.499633	-0.048231	 0.487200	-0.328338	-0.631893	-0.920341	-0.539865	-0.498560	 2.365661
-0.153373	-0.386647	 0.432672	 0.499633	-0.273450	 0.493036	-0.306131	-0.624604	-0.914829	-0.545275	-0.498560	 2.373310
-0.140809	 0.112617	 0.432672	 0.499633	-0.386059	 0.495954	-0.295028	-0.119725	-0.410254	-0.546878	-0.498560	 2.372373
-0.134527	 0.361025	 0.432672	 0.499633	-0.442363	 0.497413	-0.289476	 0.132714	-0.157966	-0.546582	-0.498560	 2.367162
-0.631386	 0.484010	 0.432672	 0.499633	-0.470515	 0.498143	-0.286701	-0.241066	-0.031823	-0.545342	-0.498560	 1.859832
-0.877559	 0.544289	 0.432672	 0.499633	-0.484592	 0.498507	-0.285313	-0.426727	 0.031249	-0.543634	-0.498560	 1.603462
-0.498398	 0.073219	 0.432672	 0.499633	-0.491630	 0.498690	-0.284619	-0.018332	 0.062785	-0.541696	-0.498560	 1.472583
-0.308818	-0.162316	 0.432672	 0.499633	-0.495149	 0.498781	-0.284272	 0.185865	 0.078553	-0.539647	-0.498560	 1.404460
-0.214027	-0.280083	 0.432672	 0.499633	-0.496908	 0.498827	-0.284098	 0.287964	 0.086437	-0.537548	-0.498560	 1.367726
-0.166632	-0.338967	 0.432672	 0.499633	-0.497788	 0.498849	-0.784012	-0.160987	 0.090379	-0.535427	-0.498560	 1.346697
-0.142935	-0.368409	 0.432672	 0.499633	-0.498228	 0.498861	-1.031400	-0.384242	 0.092350	-0.533300	-0.498560	 1.333531
-0.631086	-0.383130	 0.432672	 0.499633	-0.498448	 0.498866	-0.652537	 0.505345	 0.593335	-0.531175	-0.498560	 0.824308
-0.872923	-0.390490	 0.432672	 0.499633	-0.498558	 0.498869	-0.463106	 0.947349	 0.841640	-0.529054	-0.498560	 0.569696
-0.491612	-0.394170	 0.432672	 0.499633	-0.498613	-0.001129	-0.368390	 0.165572	 0.463612	-0.526939	-0.498560	 0.442390
-0.300957	-0.396010	 0.432672	 0.499633	-0.498640	-0.250126	-0.321032	-0.224084	 0.274598	-0.524832	-0.498560	 0.378737
-0.205629	-0.396931	 0.432672	 0.499633	-0.498654	-0.374625	-0.297353	-0.417685	 0.180091	-1.022733	-0.498560	 0.346910
-0.157965	-0.397391	 0.432672	 0.499633	-0.498661	-0.436874	-0.285514	-0.513262	 0.132837	-1.268643	-0.498560	 0.330997
-0.134133	-0.397621	 0.432672	 0.499633	-0.498664	-0.467999	-0.279594	-0.559833	 0.109211	-1.388568	-0.498560	 0.323040
-0.122217	-0.397736	 0.432672	 0.499633	-0.498666	 0.016439	-0.776634	-0.081906	 0.097397	-1.445514	-0.498560	 0.319062
-0.116259	-0.397793	 0.432672	 0.499633	-0.498667	 0.257656	-1.022607	 0.157057	 0.091491	-1.470982	-0.498560	 0.317073
-0.613280	-0.397822	 0.432672	 0.499633	-0.498667	 0.378265	-0.643056	 0.276539	 0.088537	-0.980723	-0.498560	 0.316078
-0.859570	-0.397836	 0.432672	 0.499633	-0.498668	 0.438569	-0.453280	 0.336280	 0.087061	-0.735594	-0.498560	 0.315581
-0.980503	-0.397843	 0.432672	 0.499633	-0.498668	-0.031279	-0.358393	 0.366151	-0.413678	-0.613029	-0.498560	 0.315333
-1.038767	-0.397847	 0.432672	 0.499633	-0.498668	-0.265201	-0.310949	 0.381086	-0.662218	-0.551747	-0.498560	 0.315208
-0.565705	-0.397849	 0.432672	 0.499633	-0.498668	 0.117839	-0.787227	 0.388553	-0.284667	-0.521105	-0.498560	 0.315146
-0.329174	-0.397850	 0.432672	 0.499633	-0.498668	 0.308356	-1.022839	 0.392287	-0.095891	-0.505785	-0.498560	 0.315115
-0.210908	-0.397850	 0.432672	 0.499633	-0.498668	 0.403615	-1.138128	 0.394154	-0.001503	-0.498125	-0.498560	 0.315099
-0.151775	-0.397850	 0.432672	 0.499633	 0.001332	 0.451245	-1.193266	-0.104912	 0.045691	-0.494294	-0.498560	 0.315092
-0.122209	-0.397850	 0.432672	 0.499633	 0.250330	 0.475059	-1.218338	-0.353238	 0.069288	-0.492379	-0.498560	 0.315088
-0.107426	-0.397851	 0.432672	 0.499633	-0.125172	 0.486967	-0.728387	 0.023803	 0.081086	-0.991422	-0.498560	 0.815086
-0.100034	-0.397851	 0.432672	 0.499633	-0.311921	 0.492920	-0.483412	 0.212323	 0.086985	-1.237962	-0.498560	 1.062455
-0.596338	-0.397851	 0.432672	 0.499633	 0.094704	 0.495897	-0.360924	 0.306583	 0.089935	-0.858263	-0.498560	 0.683519
-0.842305	-0.397851	 0.432672	 0.499633	 0.297014	 0.497386	-0.299680	 0.353713	 0.091410	-0.668414	-0.498560	 0.494052
-0.463112	 0.102149	 0.432672	 0.499633	 0.398169	-0.001870	-0.269058	 0.377278	 0.092147	-1.073489	-0.498560	 0.399318
-0.273515	 0.350945	 0.432672	 0.499633	 0.448747	-0.250496	-0.253747	 0.389061	 0.092516	-1.273070	-0.498560	 0.351951
-0.178717	-0.025857	 0.432672	 0.499633	 0.474036	 0.125192	-0.246092	 0.394952	 0.092700	-1.369915	-0.498560	 0.328268
-0.131318	-0.214257	 0.432672	 0.499633	 0.486680	 0.312033	-0.242264	 0.397898	 0.092792	-0.915404	-0.498560	 0.316426
-0.107618	-0.308458	 0.432672	 0.499633	 0.493002	 0.405454	-0.240350	 0.399370	 0.092839	-0.688148	-0.498560	 0.310505
-0.095769	-0.355558	 0.432672	 0.499633	-0.003837	 0.452165	-0.239393	 0.400107	 0.092862	-0.574520	-0.498560	 0.307545
-0.089844	-0.379108	 0.432672	 0.499633	-0.251255	 0.475520	-0.238915	 0.400475	 0.092873	-0.517706	-0.498560	 0.306064
-0.086881	 0.109117	 0.432672	 0.499633	 0.125036	 0.487198	-0.238676	 0.400659	 0.092879	-0.489299	-0.498560	 0.305324
-0.085400	 0.352035	 0.432672	 0.499633	 0.312179	 0.493036	-0.238556	 0.400751	 0.092882	-0.475096	-0.498560	 0.304954
-0.084659	 0.472304	 0.432672	 0.499633	 0.405750	 0.495956	-0.238496	 0.400797	 0.092883	-0.467994	-0.498560	 0.304769
-0.084289	 0.531253	 0.432672	 0.499633	 0.452536	 0.497415	-0.238466	 0.400820	 0.092884	-0.464443	-0.498560	 0.304677
-0.084104	 0.559547	 0.432672	 0.499633	 0.475929	 0.498145	-0.238451	 0.400832	 0.092884	-0.462668	-0.498560	 0.304631
-0.084011	 0.572519	 0.432672	 0.499633	 0.487625	 0.498510	-0.238444	 0.400837	 0.092884	-0.461780	-0.498560	 0.304607
-0.083965	 0.577833	 0.432672	 0.499633	 0.493473	 0.498693	-0.238440	 0.400840	 0.092885	-0.461336	-0.498560	 0.304596
-0.083942	 0.579325	 0.432672	 0.499633	 0.496398	 0.498784	-0.238438	 0.400842	 0.092885	-0.461114	-0.498560	 0.304590
-0.083930	 0.578908	 0.432672	 0.499633	 0.497860	 0.498830	-0.238437	 0.400842	 0.092885	-0.461003	-0.498560	 0.304587
-0.083925	 0.077543	 0.432672	 0.499633	-0.001409	 0.498852	-0.238437	 0.400843	 0.092885	-0.460948	-0.498560	 0.304586
-0.083922	-0.173139	 0.432672	 0.499633	-0.250042	 0.498864	-0.238437	 0.400843	 0.092885	-0.460920	-0.498560	 0.304585
-0.083920	-0.298480	 0.432672	 0.499633	-0.374359	 0.498869	-0.238436	 0.400843	 0.092885	-0.460906	-0.498560	 0.304585
-0.083920	-0.361151	 0.432672	 0.499633	-0.436517	 0.498872	-0.238436	 0.400843	 0.092885	-0.460899	-0.498560	 0.304584
-0.083919	 0.107514	 0.432672	 0.499633	 0.032404	 0.498874	-0.238436	 0.400843	 0.092885	-0.460896	-0.498560	 0.304584
-0.083919	 0.340694	 0.432672	 0.499633	 0.265861	 0.498874	-0.238436	 0.400843	 0.092885	-0.460894	-0.498560	 0.304584
-0.083919	 0.456136	 0.432672	 0.499633	 0.382590	 0.498875	-0.238436	 0.400843	 0.092885	-0.460893	-0.498560	 0.304584
-0.083919	 0.512714	 0.432672	 0.499633	-0.059045	 0.498875	-0.238436	 0.400843	 0.092885	-0.460893	-0.498560	 0.304584
-0.083919	 0.539864	 0.432672	 0.499633	-0.278862	 0.498875	-0.238436	 0.400843	 0.092885	-0.460893	-0.498560	 0.304584
-0.583919	 0.052305	 0.432672	 0.499633	-0.388770	-0.001125	-0.238436	 0.400843	 0.092885	-0.460893	-0.498560	 0.304584
-0.831751	-0.191474	 0.432672	 0.499633	-0.443724	-0.250123	-0.238436	 0.400843	 0.092885	-0.460893	-0.498560	 0.304584
-0.453508	-0.313364	 0.432672	 0.499633	 0.028799	 0.125379	-0.238436	 0.400843	 0.092885	-0.460892	-0.498560	 0.304584
-0.264386	-0.374308	 0.432672	 0.499633	 0.264058	 0.312127	-0.238436	 0.400843	 0.092885	-0.460892	-0.498560	 0.304584
-0.169826	 0.095219	 0.432672	 0.499633	 0.381687	-0.094498	-0.238436	 0.400843	 0.092885	-0.460892	-0.498560	 0.304584
-0.122545	 0.328853	 0.432672	 0.499633	 0.440502	-0.296809	-0.238436	 0.400843	 0.092885	-0.460892	-0.498560	 0.304584
-0.098905	 0.444546	 0.432672	 0.499633	 0.469909	-0.397964	-0.238436	 0.400843	 0.092885	-0.460892	-0.498560	 0.304584
-0.587085	 0.001271	 0.432672	 0.499633	 0.484613	 0.051458	-0.238436	 0.400843	 0.092885	-0.460892	-0.498560	 0.304584
-0.829024	-0.220366	 0.432672	 0.499633	 0.491965	 0.275168	-0.238436	 0.400843	 0.092885	-0.460892	-0.498560	 0.304584
-0.447852	 0.168815	 0.432672	 0.499633	-0.004359	 0.387022	-0.238436	 0.400843	 0.092885	-0.460892	-0.498560	 0.804584
-0.257266	 0.362290	 0.432672	 0.499633	-0.251520	 0.442950	-0.238436	 0.400843	 0.092885	-0.460892	-0.498560	 1.051975
-0.161973	-0.042084	 0.432672	 0.499633	 0.124900	 0.470913	-0.238436	 0.400843	 0.092885	-0.460892	-0.498560	 0.673072
-0.114326	-0.244271	 0.432672	 0.499633	 0.312107	 0.484895	-0.238436	 0.400843	 0.092885	-0.460892	-0.498560	 0.483620
-0.590503	 0.154635	 0.432672	 0.499633	 0.405710	-0.008114	-0.238436	 0.400843	 0.092885	-0.460892	-0.498560	 0.388894
-0.826458	 0.352981	 0.432672	 0.499633	 0.452512	-0.253616	-0.238436	 0.400843	 0.092885	-0.460892	-0.498560	 0.341531
-0.942311	 0.451052	 0.432672	 0.499633	 0.475913	-0.376367	-0.238436	 0.400843	 0.092885	-0.460892	-0.498560	 0.317850
-0.498121	-0.001011	 0.432672	 0.499633	-0.012386	 0.062257	-0.238436	 0.400843	 0.092885	-0.460892	-0.498560	 0.306009
-0.276026	-0.227043	 0.432672	 0.499633	-0.255535	 0.280568	-0.238436	 0.400843	 0.092885	-0.460892	-0.498560	 0.300089
-0.164978	-0.340058	 0.432672	 0.499633	-0.377109	 0.389723	-0.238436	 0.400843	 0.092885	-0.460892	-0.498560	 0.297129
-0.109455	-0.396566	 0.432672	 0.499633	-0.437896	 0.444300	-0.238436	 0.400843	 0.092885	-0.460892	-0.498560	 0.295649
-0.081693	-0.424820	 0.432672	 0.499633	 0.031710	 0.471589	-0.238436	 0.400843	 0.092885	-0.460892	-0.498560	 0.294908
-0.067812	-0.438947	 0.432672	 0.499633	 0.265511	 0.485234	-0.238436	 0.400843	 0.092885	-0.460892	-0.498560	 0.294538
-0.060871	-0.446011	 0.432672	 0.499633	 0.382411	 0.492056	-0.238436	 0.400843	 0.092885	-0.960892	-0.498560	 0.294353
-0.057401	-0.449543	 0.432672	 0.499633	 0.440861	 0.495467	-0.238436	 0.400843	 0.092885	-1.207971	-0.498560	 0.294261
-0.055666	-0.451308	 0.432672	 0.499633	 0.470086	 0.497173	-0.238436	 0.400843	 0.092885	-1.328600	-0.498560	 0.294215
-0.054798	-0.452191	 0.432672	 0.499633	 0.484699	 0.498025	-0.238436	 0.400843	 0.092885	-0.886016	-0.498560	 0.294192
-0.054365	-0.452633	 0.432672	 0.499633	 0.492005	 0.498452	-0.238436	 0.400843	 0.092885	-0.664724	-0.498560	 0.294180
-0.054148	-0.452854	 0.432672	 0.499633	 0.495658	 0.498665	-0.238436	 0.400843	 0.092885	-0.554078	-0.498560	 0.294174
-0.054039	-0.452964	 0.432672	 0.499633	 0.497485	 0.498771	-0.238436	 0.400843	 0.092885	-0.498755	-0.498560	 0.294171
-0.053985	-0.453019	 0.432672	 0.499633	-0.001602	 0.498825	-0.238436	 0.400843	 0.092885	-0.471093	-0.498560	 0.294170
-0.053958	-0.453047	 0.432672	 0.499633	-0.250144	 0.498851	-0.238436	 0.400843	 0.092885	-0.457263	-0.498560	 0.294169
-0.053944	-0.453060	 0.432672	 0.499633	 0.125585	 0.498865	-0.238436	 0.400843	 0.092885	-0.950347	-0.498560	 0.294169
-0.053938	-0.453067	 0.432672	 0.499633	 0.312447	 0.498871	-0.238436	 0.400843	 0.092885	-1.194003	-0.498560	 0.294169
-0.053934	-0.453071	 0.432672	 0.499633	 0.405878	 0.498875	-0.238436	 0.400843	 0.092885	-1.312955	-0.498560	 0.294169
-0.053933	-0.453073	 0.432672	 0.499633	-0.047406	 0.498876	-0.238436	 0.400843	 0.092885	-0.869567	-0.498560	 0.294168
-0.053932	-0.453073	 0.432672	 0.499633	-0.273047	 0.498877	-0.238436	 0.400843	 0.092885	-0.647874	-0.498560	 0.294168
-0.053931	-0.453074	 0.432672	 0.499633	-0.385868	 0.498878	-0.238436	 0.400843	 0.092885	-0.537027	-0.498560	 0.294168
-0.053931	-0.453074	 0.432672	 0.499633	-0.442278	 0.498878	-0.238436	 0.400843	 0.092885	-0.481603	-0.498560	 0.294168
-0.053931	-0.453074	 0.432672	 0.499633	 0.029517	 0.498878	-0.238436	 0.400843	 0.092885	-0.953892	-0.498560	 0.294168
-0.053931	-0.453074	 0.432672	 0.499633	 0.264412	 0.498878	-0.238436	 0.400843	 0.092885	-1.187183	-0.498560	 0.294168
-0.053931	 0.046926	 0.432672	 0.499633	 0.381859	 0.498878	-0.238436	 0.400843	 0.092885	-1.300988	-0.498560	 0.294168
-0.053931	 0.295832	 0.432672	 0.499633	 0.440583	 0.498878	-0.238436	 0.400843	 0.092885	-1.355061	-0.498560	 0.294168
-0.053931	 0.419196	 0.432672	 0.499633	 0.469945	 0.498878	-0.238436	 0.400843	 0.092885	-1.379279	-0.498560	 0.294168
-0.053931	-0.020208	 0.432672	 0.499633	 0.484626	 0.498878	-0.238436	 0.400843	 0.092885	-0.888581	-0.498560	 0.294168
-0.053931	-0.239909	 0.432672	 0.499633	 0.491966	 0.498878	-0.238436	 0.400843	 0.092885	-0.643232	-0.498560	 0.294168
-0.053931	-0.349760	 0.432672	 0.499633	 0.495636	 0.498878	-0.238436	 0.400843	 0.092885	-0.520558	-0.498560	 0.294168
-0.053931	-0.404686	 0.432672	 0.499633	 0.497471	 0.498878	-0.238436	 0.400843	 0.092885	-0.459221	-0.498560	 0.294168
-0.053931	 0.067852	 0.432672	 0.499633	 0.498389	 0.498878	-0.238436	 0.900843	 0.092885	-0.428552	-0.498560	 0.794168
-0.053931	 0.303039	 0.432672	 0.499633	 0.498848	 0.498878	-0.238436	 1.148042	 0.092885	-0.413218	-0.498560	 1.041580
-0.553931	-0.080443	 0.432672	 0.499633	 0.499077	 0.498878	-0.238436	 0.768850	 0.092885	-0.405551	-0.498560	 0.662708
-0.801823	-0.272184	 0.432672	 0.499633	 0.499192	 0.498878	-0.238436	 0.579255	 0.092885	-0.401717	-0.498560	 0.473272
-0.923670	-0.368055	 0.432672	 0.499633	 0.499249	 0.498878	-0.238436	 0.484457	 0.092885	-0.399800	-0.498560	 0.378554
-0.482502	-0.415990	 0.432672	 0.499633	-0.000722	 0.498878	-0.238436	 0.437058	 0.092885	-0.398842	-0.498560	 0.331195
-0.261918	-0.439958	 0.432672	 0.499633	-0.249706	 0.498878	-0.238436	 0.413358	 0.092885	-0.398363	-0.498560	 0.307515
-0.151626	-0.451942	 0.432672	 0.499633	-0.374199	 0.498878	-0.238436	 0.401509	 0.092885	-0.398123	-0.498560	 0.295676
-0.096480	-0.457934	 0.432672	 0.499633	-0.436445	 0.498878	-0.238436	 0.395584	 0.092885	-0.398003	-0.498560	 0.289756
-0.068907	 0.039070	 0.432672	 0.499633	 0.032432	 0.498878	-0.238436	 0.392621	 0.092885	-0.397943	-0.498560	 0.286796
-0.055121	 0.286500	 0.432672	 0.499633	 0.265868	 0.498878	-0.238436	 0.391140	 0.092885	-0.397913	-0.498560	 0.285316
-0.048228	-0.090853	 0.432672	 0.499633	 0.382586	 0.498878	-0.238436	 0.390399	 0.092885	-0.397898	-0.498560	 0.284576
-0.044781	-0.279529	 0.432672	 0.499633	 0.440945	 0.498878	-0.238436	 0.390029	 0.092885	-0.397891	-0.498560	 0.284206
-0.043058	-0.373867	 0.432672	 0.499633	 0.470125	 0.498878	-0.238436	 0.389844	 0.092885	-0.397887	-0.498560	 0.284021
-0.042196	-0.421037	 0.432672	 0.499633	 0.484714	 0.498878	-0.238436	 0.389751	 0.592885	-0.397885	-0.498560	 0.283928
-0.041765	-0.444621	 0.432672	 0.499633	 0.492009	 0.498878	-0.238436	 0.389705	 0.840699	-0.397884	-0.498560	 0.283882
-0.041550	-0.456413	 0.432672	 0.499633	 0.495657	 0.498878	-0.238436	 0.389682	 0.462429	-0.397884	-0.498560	 0.283859
-0.041442	-0.462309	 0.432672	 0.499633	 0.497480	 0.498878	-0.238436	 0.389670	 0.273294	-0.397884	-0.498560	 0.283847
-0.041388	-0.465258	 0.432672	 0.499633	 0.498392	 0.498878	-0.238436	 0.389665	 0.178727	-0.397884	-0.498560	 0.283842
-0.041361	-0.466732	 0.432672	 0.499633	 0.498848	 0.498878	-0.238436	 0.389662	 0.131443	-0.397884	-0.498560	 0.283839
-0.041348	-0.467469	 0.432672	 0.499633	-0.000924	 0.498878	-0.238436	 0.389660	 0.107801	 0.102116	-0.498560	 0.283837
-0.041341	-0.467837	 0.432672	 0.499633	-0.249809	 0.498878	-0.238436	 0.389660	 0.095980	 0.350912	-0.498560	 0.283837
-0.041338	-0.468021	 0.432672	 0.499633	-0.374251	 0.498878	-0.238436	 0.389659	 0.090069	 0.474111	-0.498560	 0.283836
-0.041336	-0.468113	 0.432672	 0.499633	-0.436472	 0.498878	-0.238436	 0.389659	 0.087114	 0.534515	-0.498560	 0.283836
-0.041335	-0.468160	 0.432672	 0.499633	-0.467583	 0.498878	-0.238436	 0.389659	 0.085637	 0.563528	-0.498560	 0.283836
-0.541335	-0.468183	 0.432672	 0.499633	-0.483138	 0.498878	-0.238436	 0.389659	 0.084898	 0.076849	-0.498560	 0.783836
-0.789252	-0.468194	 0.432672	 0.499633	-0.490916	 0.498878	-0.238436	 0.389659	 0.084528	-0.166490	-0.498560	 1.031268
-0.411136	-0.468200	 0.432672	 0.499633	-0.494804	 0.498878	-0.238436	 0.389659	 0.584344	-0.288160	-0.498560	 0.652427
-0.222078	-0.468203	 0.432672	 0.499633	-0.496749	 0.498878	-0.238436	 0.389659	 0.832083	-0.348995	-0.498560	 0.463006
-0.127549	-0.468204	 0.432672	 0.499633	-0.497721	 0.498878	-0.238436	 0.389659	 0.453793	-0.379412	-0.498560	 0.368296
-0.080285	-0.468205	 0.432672	 0.499633	-0.498207	 0.498878	-0.238436	 0.389659	 0.264648	-0.394621	-0.498560	 0.320941
-0.056652	 0.031795	 0.432672	 0.499633	 0.001550	 0.498878	-0.238436	 0.389659	-0.329924	-0.402226	-0.498560	 0.797263
-0.044836	 0.280731	 0.432672	 0.499633	 0.250426	 0.498878	-0.238436	 0.389659	-0.625362	-0.406028	-0.498560	 1.032877
-0.038928	 0.404140	 0.432672	 0.499633	 0.374864	 0.498878	-0.238436	 0.389659	-0.771239	-0.407929	-0.498560	 1.148147
-0.035974	-0.035211	 0.432672	 0.499633	 0.437083	 0.498878	-0.238436	 0.389659	 0.157657	-0.408879	-0.498560	 0.703256
-0.034497	-0.254886	 0.432672	 0.499633	 0.468192	 0.498878	-0.238436	 0.389659	 0.619932	-0.409355	-0.498560	 0.480810
-0.033759	 0.135276	 0.432672	 0.499633	 0.483747	-0.001122	-0.238436	 0.389659	 0.848905	-0.409592	-0.498560	 0.369587
-0.033389	 0.329306	 0.432672	 0.499633	 0.491524	-0.250120	-0.238436	 0.389659	 0.961235	-0.409711	-0.498560	 0.313975
-0.033205	-0.074725	 0.432672	 0.499633	-0.004587	 0.125381	-0.238436	 0.389659	 0.515254	-0.409770	-0.498560	 0.286169
-0.033113	-0.276741	 0.432672	 0.499633	-0.251641	 0.312130	-0.238436	 0.389659	 0.292263	-0.409800	-0.498560	 0.272267
-0.033066	-0.377749	 0.432672	 0.499633	-0.375168	 0.405505	-0.238436	 0.389659	 0.680767	-0.409815	-0.498560	 0.265315
-0.033043	-0.428253	 0.432672	 0.499633	-0.436932	 0.452192	-0.238436	 0.389659	 0.872881	-0.409822	-0.498560	 0.261839
-0.033032	-0.453505	 0.432672	 0.499633	-0.467814	 0.475535	-0.238436	 0.389659	 0.966808	-0.409826	-0.498560	 0.260102
-0.033026	-0.466131	 0.432672	 0.499633	 0.016745	 0.487207	-0.238436	 0.889659	 0.511650	-0.409828	-0.498560	 0.259233
-0.033023	-0.472444	 0.432672	 0.499633	 0.258022	 0.493043	-0.238436	 1.136880	 0.284071	-0.409829	-0.498560	 0.258798
-0.033022	-0.475600	 0.432672	 0.499633	 0.378661	 0.495961	-0.238436	 0.757722	 0.670281	-0.409829	-0.498560	 0.258581
-0.033021	-0.477179	 0.432672	 0.499633	 0.438980	 0.497420	-0.238436	 0.568143	 0.861274	-0.409830	-0.498560	 0.258472
-0.033021	 0.022032	 0.432672	 0.499633	 0.469140	 0.498150	-0.238436	 0.473353	 0.454665	 0.090170	-0.498560	 0.258418
-0.033020	 0.270595	 0.432672	 0.499633	 0.484219	 0.498514	-0.238436	 0.425959	 0.251361	 0.338990	-0.498560	 0.258391
-0.033020	-0.106162	 0.432672	 0.499633	-0.008241	 0.498697	-0.238436	 0.402261	 0.649709	-0.037776	-0.498560	 0.758377
-0.033020	-0.294540	 0.432672	 0.499633	-0.253469	 0.498788	-0.238436	 0.390413	 0.846787	-0.226159	-0.498560	 1.005854
-0.033020	-0.388729	 0.432672	 0.499633	-0.376084	 0.498833	-0.238436	 0.384488	 0.943238	-0.320350	-0.498560	 1.127085
-0.033020	-0.435824	 0.432672	 0.499633	 0.062609	 0.498856	-0.238436	 0.881526	 0.489384	-0.367446	-0.498560	 0.685204
-0.033020	-0.459371	 0.432672	 0.499633	 0.280953	 0.498868	-0.238436	 1.127288	 0.262457	-0.390994	-0.498560	 0.464264
-0.033020	 0.028855	 0.432672	 0.499633	 0.390125	-0.001127	-0.238436	 0.747423	 0.148994	 0.097232	-0.498560	 0.853794
-0.033020	 0.271934	 0.432672	 0.499633	 0.444711	-0.250122	-0.238436	 0.557490	 0.092262	 0.340174	-0.498560	 1.046072
-0.033020	 0.392444	 0.432672	 0.499633	 0.472004	 0.125381	-0.238436	 0.462524	 0.563896	 0.460479	-0.498560	 0.639735
-0.033020	 0.451673	 0.432672	 0.499633	 0.485650	 0.312130	-0.238436	 0.415041	 0.797642	 0.519470	-0.498560	 0.436566
-0.033020	-0.019735	 0.432672	 0.499633	-0.007526	-0.094495	-0.238436	 0.391299	 0.912453	 0.047808	-0.498560	 0.334981
-0.033020	-0.255438	 0.432672	 0.499633	-0.253113	-0.296805	-0.238436	 0.379428	 0.967803	-0.188022	-0.498560	 0.284189
-0.033020	-0.373290	 0.432672	 0.499633	-0.375907	-0.397960	-0.238436	 0.373493	 0.993432	-0.305938	-0.498560	 0.258793
-0.033020	-0.432216	 0.432672	 0.499633	 0.062696	 0.051462	-0.238436	 0.870525	 0.504208	-0.364895	-0.498560	 0.246095
-0.033020	-0.461679	 0.432672	 0.499633	 0.280995	 0.275172	-0.238436	 1.116306	 0.259597	-0.394374	-0.498560	 0.239746
-0.033020	-0.476411	 0.432672	 0.499633	-0.109855	 0.387026	-0.238436	 0.736472	 0.637291	 0.090886	-0.498560	 0.236571
-0.033020	-0.483776	 0.432672	 0.499633	-0.304279	 0.442954	-0.238436	 0.546556	 0.824108	 0.332364	-0.498560	 0.234984
-0.033020	 0.012541	 0.432672	 0.499633	 0.098509	-0.029083	-0.238436	 0.451597	 0.915495	-0.048044	-0.498560	 0.734191
-0.033020	 0.259682	 0.432672	 0.499633	 0.298901	-0.264099	-0.238436	 0.404118	 0.959174	-0.238249	-0.498560	 0.981327
-0.033020	-0.117762	 0.432672	 0.499633	 0.399096	 0.118393	-0.238436	 0.380378	 0.479008	-0.833351	-0.498560	 1.102438
-0.033020	-0.306483	 0.432672	 0.499633	 0.449194	 0.308638	-0.238436	 0.368509	 0.238925	-1.128045	-0.498560	 1.160547
-0.033020	-0.400844	 0.432672	 0.499633	 0.474243	 0.403760	-0.238436	 0.862574	 0.618884	-0.772547	-0.498560	 1.187164
-0.033020	-0.448024	 0.432672	 0.499633	 0.486768	 0.451321	-0.238436	 1.106893	 0.806865	-0.594797	-0.498560	 1.198045
-0.033020	-0.471615	 0.432672	 0.499633	 0.493030	 0.475101	-0.238436	 1.226350	 0.898866	-0.505923	-0.498560	 1.201067
-0.033020	-0.483410	 0.432672	 0.499633	 0.496161	-0.013008	-0.238436	 0.783387	 0.442885	-0.461486	-0.498560	 1.200170
-0.033020	-0.489307	 0.432672	 0.499633	 0.497726	-0.256061	-0.238436	 0.561906	 0.214895	-0.439267	-0.498560	 1.197323
-0.533020	 0.007744	 0.432672	 0.499633	 0.498509	 0.122413	-0.238436	 0.951165	 0.600899	-0.428158	-0.498560	 0.693511
-0.780954	 0.255260	 0.432672	 0.499633	 0.498901	 0.310648	-0.238436	 1.143114	 0.791928	-0.422603	-0.498560	 0.441605
-0.402863	 0.378012	 0.432672	 0.499633	 0.499096	-0.095235	-0.238436	 1.236418	 0.385476	 0.080174	-0.498560	 0.815652
-0.213818	 0.438387	 0.432672	 0.499633	 0.499194	-0.297174	-0.238436	 1.280411	 0.182250	 0.330397	-0.498560	 1.000296
-0.119295	 0.468574	 0.432672	 0.499633	 0.499243	 0.101857	-0.238436	 0.799758	 0.580638	 0.454347	-0.498560	 1.090248
-0.072034	 0.483668	 0.432672	 0.499633	 0.499268	 0.300370	-0.238436	 0.559432	 0.777873	 0.515166	-0.498560	 1.132863
-0.048403	 0.491215	 0.432672	 0.499633	 0.499280	 0.399627	-0.238436	 0.439269	 0.874541	 0.544423	-0.498560	 1.151820
-0.036588	-0.005012	 0.432672	 0.499633	 0.499286	 0.449255	-0.238436	 0.879187	 0.920932	 0.057904	-0.498560	 1.158957
-0.030680	-0.252122	 0.432672	 0.499633	 0.499289	 0.474070	-0.238436	 1.096508	 0.942193	-0.185355	-0.498560	 1.160193
-0.027726	-0.375678	 0.432672	 0.499633	 0.499290	 0.486477	-0.238436	 0.702541	 0.450897	-0.306985	-0.498560	 0.658489
-0.026250	-0.437456	 0.432672	 0.499633	 0.499291	 0.492680	-0.238436	 0.505558	 0.205248	-0.367800	-0.498560	 0.407636
-0.025511	 0.031656	 0.432672	 0.499633	-0.000708	 0.495782	-0.238436	 0.407066	 0.582424	 0.101793	-0.498560	 0.782210
-0.025142	 0.265210	 0.432672	 0.499633	-0.249707	 0.497333	-0.238436	 0.357820	 0.769093	 0.335447	-0.498560	 0.967184
-0.024957	 0.381987	 0.932672	 0.499633	 0.125794	 0.498108	-0.238436	 0.833197	 0.360516	 0.451135	-0.498560	 0.557366
-0.024865	 0.440375	 1.179806	 0.499633	 0.312542	 0.498496	-0.238436	 1.068268	 0.156227	 0.507846	-0.498560	 0.352457
-0.024819	 0.469569	 1.300520	 0.499633	 0.405916	 0.498690	-0.238436	 1.183197	 0.054083	 0.535072	-0.498560	 0.250003
-0.024796	-0.015833	 0.858034	 0.499633	 0.452603	 0.498787	-0.738436	 1.238066	 0.503011	 0.547560	-0.498560	 0.698775
-0.024784	-0.257532	 0.636791	 0.499633	 0.475946	 0.498835	-0.985959	 1.262914	 0.725571	 0.552685	-0.498560	 0.920867
-0.024778	 0.121618	 0.526170	 0.499633	 0.487618	 0.498859	-0.607254	 1.272762	 0.334955	 0.554131	-0.498560	 0.529627
-0.024775	 0.310192	 0.470859	 0.499633	 0.493454	 0.498872	-0.417901	 1.275122	 0.139647	 0.553743	-0.498560	 0.334006
-0.024774	-0.095521	 0.443204	 0.499633	 0.496372	 0.498878	-0.323225	 1.273746	 0.041992	 0.552442	-0.498560	 0.236196
-0.024773	-0.297375	 0.429376	 0.499633	 0.497831	 0.498881	-0.275887	 1.270514	-0.006835	 0.550690	-0.498560	 0.187291
-0.024773	-0.398302	 0.422462	 0.499633	 0.498560	 0.498882	-0.252218	 1.266363	 0.468752	 0.548716	-0.498560	 0.162839
-0.024773	-0.448766	 0.419005	 0.499633	 0.498925	 0.498883	-0.240383	 1.261763	 0.704656	 0.546635	-0.498560	 0.150612
-0.024773	-0.473998	 0.417277	 0.499633	 0.499107	 0.498883	-0.234466	 1.256949	 0.820728	 0.544506	-0.498560	 0.144499
-0.024773	-0.486614	 0.416413	 0.499633	-0.000802	 0.498884	-0.231507	 1.252037	 0.376890	 0.542356	-0.498560	 0.141443
-0.024773	-0.492922	 0.415980	 0.499633	-0.249755	 0.498884	-0.230028	 1.247087	 0.154971	 0.540201	-0.498560	 0.139915
-0.024773	-0.496076	 0.415764	 0.499633	 0.125769	-0.001116	-0.229288	 1.242128	 0.544011	 0.038047	-0.498560	 0.639150
-0.024773	-0.497653	 0.415656	 0.499633	 0.312528	-0.250114	-0.228918	 1.237174	 0.736665	-0.213029	-0.498560	 0.886492
-0.024773	 0.001559	 0.415602	 0.499633	 0.405908	 0.125387	-0.228734	 1.232233	 0.831134	-0.338568	-0.498560	 1.007894
-0.024773	 0.250163	 0.415575	 0.499633	 0.452598	 0.312136	-0.228641	 1.227308	 0.876517	-0.401337	-0.498560	 1.066337
-0.524773	-0.125535	 0.915562	 0.499633	 0.475942	 0.405510	-0.228595	 1.222400	 0.397364	 0.067278	-0.498560	 0.593309
-0.772723	-0.312381	 1.162724	 0.499633	 0.487615	 0.452197	-0.228572	 1.217511	 0.157788	 0.300514	-0.498560	 0.356795
-0.394657	 0.094196	 0.783485	 0.499633	-0.006549	 0.475541	-0.228560	 1.212642	 0.038000	 0.416065	-0.498560	 0.238538
-0.205624	 0.296482	 0.593866	 0.499633	-0.252629	 0.487213	-0.228554	 1.207791	-0.021894	 0.472777	-0.498560	 0.179410
-0.111107	 0.397626	 0.499056	 0.499633	-0.375670	 0.493049	-0.228551	 1.202960	-0.051841	 0.500074	-0.498560	 0.149845
-0.563849	 0.448198	 0.451651	 0.499633	-0.437190	 0.495967	-0.228550	 1.198149	-0.066814	 0.512668	-0.498560	 0.135063
-0.788187	 0.473483	 0.427949	 0.499633	-0.467950	 0.497426	-0.228549	 1.193356	-0.074301	 0.517914	-0.498560	 0.127672
-0.398331	 0.486126	 0.416098	 0.499633	 0.016670	 0.498155	-0.228549	 1.188583	 0.421956	 0.019491	-0.498560	 0.623977
-0.203402	 0.492448	 0.410172	 0.499633	 0.257978	 0.498520	-0.228549	 1.183828	 0.668247	-0.229721	-0.498560	 0.869888
-0.105938	 0.495608	 0.407209	 0.499633	 0.378631	 0.498702	-0.228549	 1.179093	 0.789564	 0.145673	-0.498560	 0.490612
-0.057206	 0.497189	 0.405728	 0.499633	 0.438958	 0.498793	-0.228549	 1.174377	 0.848401	 0.332328	-0.498560	 0.300975
-0.032840	 0.497979	 0.404987	 0.499633	 0.469122	 0.498839	-0.228549	 1.169679	 0.876005	-0.075382	-0.498560	 0.706156
-0.020657	 0.498374	 0.404617	 0.499633	 0.484203	 0.498862	-0.228549	 1.165000	 0.888000	-0.279237	-0.498560	 0.906524
-0.014566	 0.498572	 0.404432	 0.499633	 0.491744	 0.498873	-0.228549	 1.160340	 0.892197	-0.381165	-0.498560	 1.004494
-0.011520	-0.001330	 0.404339	 0.499633	 0.495515	 0.498879	-0.228549	 1.155699	 0.392503	 0.067871	-0.498560	 0.551274
-0.009997	-0.250278	 0.404293	 0.499633	 0.497400	 0.498882	-0.228549	 1.151076	 0.142656	 0.291356	-0.498560	 0.324664
-0.009236	-0.374752	 0.404270	 0.499633	 0.498342	 0.498883	-0.228549	 1.146472	 0.517732	 0.402068	-0.498560	 0.211359
-0.008855	-0.436989	 0.404258	 0.499633	 0.498814	 0.498884	-0.228549	 1.141886	 0.703485	 0.456399	-0.498560	 0.154706
-0.008665	 0.031893	 0.404252	 0.499633	 0.499049	 0.498884	-0.228549	 1.137319	 0.794583	 0.482543	-0.498560	 0.626380
-0.008570	 0.265332	 0.404250	 0.499633	 0.499167	 0.498884	-0.228549	 1.132769	 0.838360	 0.494597	-0.498560	 0.860021
-0.008522	-0.117949	 0.404248	 0.499633	 0.499226	 0.498885	-0.228549	 0.628238	 0.858485	-0.000389	-0.498560	 0.474654
-0.008498	-0.308586	 0.404247	 0.499633	 0.499256	 0.498885	-0.228549	 0.375973	 0.866790	-0.247882	-0.498560	 0.281971
-0.008486	-0.403905	 0.404247	 0.499633	 0.499270	 0.498885	-0.228549	 0.249840	 0.869192	-0.371628	-0.498560	 0.185629
-0.008480	 0.048435	 0.404247	 0.499633	 0.499278	 0.498885	-0.228549	 0.686774	 0.868650	-0.933502	-0.498560	 0.137458
-0.008477	 0.273604	 0.404247	 0.499633	 0.499281	 0.498885	-0.228549	 0.902993	 0.866643	-1.211448	-0.498560	 0.113373
-0.008476	 0.386188	 0.404247	 0.499633	-0.000717	-0.001115	-0.228549	 1.008864	 0.363910	-0.347442	-0.498560	 0.601330
-0.008475	 0.442481	 0.404247	 0.499633	-0.249714	-0.250113	-0.228549	 1.059570	 0.112543	 0.083528	-0.498560	 0.843130
-0.008475	-0.029373	 0.404247	 0.499633	 0.125787	-0.374612	-0.228549	 1.082703	 0.486860	-0.202016	-0.498560	 0.461860
-0.008475	-0.264298	 0.404247	 0.499633	 0.312535	-0.436861	-0.228549	 1.092057	 0.672296	-0.344788	-0.498560	 0.271225
-0.008474	-0.381760	 0.404247	 0.499633	 0.405909	 0.032014	-0.228549	 1.094532	 0.763299	 0.083826	-0.498560	 0.675908
-0.008474	-0.440491	 0.404247	 0.499633	 0.452596	 0.265450	-0.228549	 1.093575	 0.807092	 0.297108	-0.498560	 0.876088
-0.008474	-0.469857	 0.404247	 0.499633	 0.475939	 0.382168	-0.228549	 1.090912	 0.827286	 0.402728	-0.498560	 0.974025
-0.008474	 0.015461	 0.404247	 0.499633	 0.487611	 0.440527	-0.228549	 0.587403	 0.835688	 0.454522	-0.498560	 1.020850
-0.008474	 0.257118	 0.404247	 0.499633	 0.493447	 0.469706	-0.228549	 0.335649	 0.838201	 0.479406	-0.498560	 1.042127
-0.008474	 0.377946	 0.404247	 0.499633	 0.496365	 0.484296	-0.228549	 0.209772	 0.337776	-0.009161	-0.498560	 0.550639
-0.008474	 0.438360	 0.404247	 0.499633	 0.497824	 0.491591	-0.228549	 0.146833	 0.087564	-0.253444	-0.498560	 0.304895
-0.008474	-0.031432	 0.404247	 0.499633	 0.498553	 0.495238	-0.228549	 0.615364	 0.462458	-0.375586	-0.498560	 0.182023
-0.008474	-0.265326	 0.404247	 0.499633	 0.498918	 0.497062	-0.228549	 0.847462	 0.648230	-0.436656	-0.498560	 0.120587
-0.008474	-0.382273	 0.404247	 0.499633	-0.000900	 0.497974	-0.228549	 0.461351	 0.739448	 0.032808	-0.498560	 0.589869
-0.008474	-0.440747	 0.404247	 0.499633	-0.249807	 0.498430	-0.228549	 0.268296	 0.783396	 0.266536	-0.498560	 0.822391
-0.008474	-0.469984	 0.404247	 0.499633	-0.374261	 0.498658	-0.228549	 0.171769	 0.803715	 0.382399	-0.498560	 0.936543
-0.008474	 0.015398	 0.404247	 0.499633	 0.063512	 0.498772	-0.228549	 0.623505	 0.312226	 0.440331	-0.498560	 0.491517
-0.008474	 0.257087	 0.404247	 0.499633	 0.281396	 0.498829	-0.228549	 0.847223	 0.066482	 0.469297	-0.498560	 0.269004
-0.008474	 0.377932	 0.404247	 0.499633	 0.390338	 0.498857	-0.228549	 0.956939	 0.443610	 0.483780	-0.498560	 0.657748
-0.008474	 0.438354	 0.404247	 0.499633	 0.444809	 0.498871	-0.228549	 1.009665	 0.630533	 0.491021	-0.498560	 0.850027
-0.008474	-0.031435	 0.404247	 0.499633	 0.472045	 0.498878	-0.228549	 1.033902	 0.222359	-0.005358	-0.498560	 0.944082
-0.008474	-0.265327	 0.404247	 0.499633	 0.485663	 0.498882	-0.228549	 1.043905	 0.018272	-0.252544	-0.498560	 0.989033
-0.008474	-0.382273	 0.404247	 0.499633	 0.492472	 0.498884	-0.228549	 1.046799	 0.416229	 0.123863	-0.498560	 1.009440
-0.008474	-0.440746	 0.404247	 0.499633	 0.495876	 0.498885	-0.228549	 1.046146	 0.613578	 0.311066	-0.498560	 1.017584
-0.008474	-0.469982	 0.404247	 0.499633	 0.497578	 0.498885	-0.228549	 1.043729	 0.710632	 0.404667	-0.498560	 1.019605
-0.008474	 0.015400	 0.404247	 0.499633	 0.498429	 0.498885	-0.228549	 1.040437	 0.257543	 0.451468	-0.498560	 1.018572
-0.008474	 0.257089	 0.404247	 0.499633	 0.498855	 0.498885	-0.228549	 1.036717	 0.030998	 0.474868	-0.498560	 1.016021
-0.008474	 0.377934	 0.404247	 0.499633	 0.499068	 0.498885	 0.271451	 1.032791	 0.417726	 0.486568	-0.498560	 0.512718
-0.008474	 0.438356	 0.404247	 0.499633	 0.499174	 0.498886	 0.519908	 1.028771	 0.609481	 0.492418	-0.498560	 0.261066
-0.008474	 0.468567	 0.404247	 0.499633	 0.499227	 0.498886	 0.142600	 1.024711	 0.703756	 0.495343	-0.498560	 0.135241
-0.008474	 0.483673	 0.404247	 0.499633	 0.499254	 0.498886	-0.046054	 1.020640	 0.749298	 0.496806	-0.498560	 0.072328
-0.008474	-0.008775	 0.404247	 0.499633	 0.499267	 0.498886	-0.140381	 1.016571	 0.770479	 0.497537	-0.498560	 0.040871
-0.008474	-0.253996	 0.404247	 0.499633	 0.499274	 0.498886	-0.187544	 1.012511	 0.779486	 0.497903	-0.498560	 0.025143
-0.008474	-0.376606	 0.404247	 0.499633	 0.499277	 0.498886	-0.211126	 1.008465	 0.782412	 0.498086	-0.498560	 0.017279
-0.008474	 0.062088	 0.404247	 0.499633	 0.499279	 0.498886	-0.222917	 1.004433	 0.782305	-0.001823	-0.498560	 0.013347
-0.008474	 0.280434	 0.404247	 0.499633	 0.499280	 0.498886	-0.228812	 1.000416	 0.780687	-0.250774	-0.498560	 0.011381
-0.008474	-0.110393	 0.404247	 0.499633	 0.499280	 0.498886	-0.231760	 0.496415	 0.778320	 0.124751	-0.498560	 0.510398
-0.008474	-0.304804	 0.404247	 0.499633	 0.499280	 0.498886	-0.233234	 0.244414	 0.775584	 0.311513	-0.498560	 0.757888
-0.008474	-0.402010	 0.404247	 0.499633	 0.499280	-0.001114	-0.233971	 0.618414	 0.772671	-0.095107	-0.498560	 0.879622
-0.008474	-0.450612	 0.404247	 0.499633	 0.499280	-0.250112	-0.234339	 0.803429	 0.769675	-0.297413	-0.498560	 0.938486
-0.008474	 0.025086	 0.404247	 0.499633	-0.000720	 0.125389	-0.234524	 0.893959	 0.266643	 0.101434	-0.498560	 0.965924
-0.008474	 0.261934	 0.404247	 0.499633	-0.249718	 0.312138	-0.234616	 0.937256	 0.015127	 0.299857	-0.498560	 0.977656
-0.008474	 0.380358	 0.404247	 0.499633	-0.374217	 0.405512	-0.234662	 0.956943	-0.110630	 0.399069	-0.498560	 0.981543
-0.008474	-0.060430	 0.404247	 0.499633	 0.063533	-0.047801	-0.234685	 0.964833	 0.326491	 0.448674	-0.498560	 0.981516
-0.008474	-0.279822	 0.404247	 0.499633	 0.281406	-0.273455	-0.234696	 0.966833	 0.543524	 0.473477	-0.498560	 0.979539
-0.008474	-0.389518	 0.404247	 0.499633	 0.390342	-0.386282	-0.234702	 0.965895	 0.650520	-0.014121	-0.498560	 0.476596
-0.008474	-0.444366	 0.404247	 0.499633	 0.444810	-0.442696	-0.234705	 0.963496	 0.702502	-0.256917	-0.498560	 0.225124
-0.008474	 0.028211	 0.404247	 0.499633	 0.472044	 0.029098	-0.234706	 0.960374	 0.726985	 0.121685	-0.498560	 0.599388
-0.008474	 0.263497	 0.404247	 0.499633	 0.485661	 0.263992	-0.234707	 0.956899	 0.737723	 0.309985	-0.498560	 0.784573
-0.508474	-0.118860	 0.404247	 0.499633	-0.007530	 0.381440	-0.234708	 0.953255	 0.241595	-0.095864	-0.498560	 0.875226
-0.756457	-0.309036	 0.404247	 0.499633	-0.253125	 0.440164	-0.234708	 0.949533	-0.006469	-0.297786	-0.498560	 0.918620
-0.878440	-0.404124	 0.404247	 0.499633	-0.375922	 0.469525	-0.234708	 0.945781	-0.130501	-0.398747	-0.498560	 0.938394
-0.437431	 0.048332	 0.404247	 0.499633	 0.062680	 0.484206	-0.234708	 0.942021	 0.307483	 0.050773	-0.498560	 0.946364
-0.216926	 0.273559	 0.404247	 0.499633	 0.280978	 0.491547	-0.234708	 0.938264	 0.524984	 0.274532	-0.498560	 0.948440
-0.106673	 0.386172	 0.404247	 0.499633	 0.390127	 0.495217	-0.234708	 0.934517	 0.632250	 0.386412	-0.498560	 0.447578
-0.051547	 0.442479	 0.404247	 0.499633	 0.444701	 0.497052	-0.234708	 0.930781	 0.684404	 0.442352	-0.498560	 0.197146
-0.023984	 0.470632	 0.404247	 0.499633	 0.471989	 0.497970	-0.734708	 0.427060	 0.709007	 0.470322	-0.498560	 0.071931
-0.010203	 0.484708	 0.404247	 0.499633	 0.485632	 0.498429	-0.982238	 0.175199	 0.719842	 0.484307	-0.498560	 0.009323
-0.003312	 0.491747	 0.404247	 0.499633	-0.007546	 0.498658	-0.603544	 0.549268	 0.223798	 0.491299	-0.498560	-0.021981
 0.000134	 0.495266	 0.404247	 0.499633	-0.253133	 0.498773	-0.414197	 0.734457	-0.024224	 0.494795	-0.498560	-0.037633
 0.001856	 0.497026	 0.404247	 0.499633	-0.375927	 0.498830	-0.319524	 0.825211	-0.148235	 0.496543	-0.498560	-0.045459
 0.002718	-0.002095	 0.404247	 0.499633	 0.062676	 0.498859	-0.272187	 0.868757	 0.289760	 0.497417	-0.498560	 0.450628
 0.003148	-0.250652	 0.404247	 0.499633	 0.280975	 0.498873	-0.248518	 0.888705	 0.507301	 0.497854	-0.498560	 0.696778
 0.003364	-0.374931	 0.404247	 0.499633	 0.390124	 0.498880	-0.236684	 0.896862	 0.114623	 0.498073	-0.498560	 0.317967
 0.003471	-0.437071	 0.404247	 0.499633	 0.444699	 0.498884	-0.230767	 0.899130	-0.081717	 0.498182	-0.498560	 0.128562
 0.003525	 0.031860	 0.404247	 0.499633	 0.471986	 0.498886	-0.727809	 0.898461	 0.320113	-0.501763	-0.498560	 0.533859
 0.003552	 0.265323	 0.404247	 0.499633	 0.485630	 0.498886	-0.973880	 0.896331	 0.519585	-0.998732	-0.498560	 0.734629
-0.496434	 0.382055	 0.404247	 0.499633	 0.492452	 0.498887	-0.594475	 0.893478	 0.617882	-0.744226	-0.498560	 0.833144
-0.744435	 0.440421	 0.404247	 0.499633	 0.495863	 0.498887	-0.404773	 0.890270	 0.665599	-0.616972	-0.498560	 0.880538
-0.866450	 0.469604	 0.404247	 0.499633	 0.497568	 0.498887	-0.309922	 0.886892	 0.688030	-0.553346	-0.498560	 0.902379
-0.425481	 0.484195	 0.404247	 0.499633	 0.498421	 0.498887	-0.762496	 0.883436	 0.697825	-0.021532	-0.498560	 0.411451
-0.204996	 0.491491	 0.404247	 0.499633	 0.498847	 0.498887	-0.986353	 0.879948	 0.701307	 0.243354	-0.498560	 0.165987
-0.094754	 0.495139	 0.404247	 0.499633	 0.499061	 0.498887	-0.595862	 0.876451	 0.701639	-0.125220	-0.498560	 0.043255
-0.039633	 0.496963	 0.404247	 0.499633	 0.499167	 0.498887	-0.400616	 0.872957	 0.700401	-0.309506	-0.498560	-0.018111
-0.012072	-0.002125	 0.404247	 0.499633	 0.499220	 0.498887	-0.302993	 0.869471	 0.698383	-0.401650	-0.498560	 0.451206
 0.001708	-0.250667	 0.404247	 0.499633	 0.499247	 0.498887	-0.254181	 0.865996	 0.695982	-0.447721	-0.498560	 0.684023
 0.008598	 0.125062	 0.404247	 0.499633	 0.499260	 0.498887	-0.229775	 0.862533	 0.693394	 0.029243	-0.498560	 0.798598
 0.012043	 0.311926	 0.404247	 0.499633	 0.499267	 0.498887	-0.217573	 0.859084	 0.690718	 0.266713	-0.498560	 0.854060
 0.013766	 0.405357	 0.404247	 0.499633	 0.499270	 0.498887	-0.211471	 0.855648	 0.688004	 0.384439	-0.498560	 0.879971
 0.014627	 0.452073	 0.404247	 0.499633	-0.000728	 0.498887	-0.208420	 0.852225	 0.685277	 0.442298	-0.498560	 0.391115
 0.015058	 0.475431	 0.404247	 0.499633	-0.249726	 0.498887	-0.206895	 0.848816	 0.682548	 0.470227	-0.498560	 0.146687
 0.015273	 0.487110	 0.404247	 0.499633	 0.125776	 0.498887	-0.206132	 0.845421	 0.679824	-0.015808	-0.498560	 0.524473
 0.015381	 0.492949	 0.404247	 0.499633	 0.312524	 0.498887	-0.205751	 0.842040	 0.677108	-0.257822	-0.498560	 0.711562
 0.015434	 0.495869	 0.404247	 0.499633	 0.405898	 0.498887	-0.205560	 0.838671	 0.674401	 0.121171	-0.498560	 0.803309
 0.015461	 0.497329	 0.404247	 0.499633	 0.452585	 0.498887	-0.205465	 0.835317	 0.671704	 0.309667	-0.498560	 0.847392
 0.015475	 0.498059	 0.404247	 0.499633	 0.475928	 0.498887	-0.205417	 0.831975	 0.669018	-0.096085	-0.498560	 0.867651
 0.015482	 0.498424	 0.404247	 0.499633	 0.487600	 0.498887	-0.205393	 0.828648	 0.666342	-0.297957	-0.498560	 0.876004
 0.015485	 0.498606	 0.404247	 0.499633	 0.493436	 0.498887	-0.205382	 0.825333	 0.663676	-0.398894	-0.498560	 0.878412
 0.015487	 0.498697	 0.404247	 0.499633	 0.496354	 0.498887	-0.205376	 0.822032	 0.661022	 0.050638	-0.498560	 0.377855
 0.015487	 0.498743	 0.404247	 0.499633	 0.497813	 0.498887	-0.205373	 0.818744	 0.658378	 0.274404	-0.498560	 0.127576
 0.015488	 0.498766	 0.404247	 0.499633	 0.498542	-0.001113	-0.205371	 0.815469	 0.655744	 0.386287	-0.498560	 0.002436
 0.015488	-0.001223	 0.404247	 0.499633	 0.498907	 0.249890	-0.205370	 0.812207	 0.653121	 0.442228	-0.498560	-0.060133
 0.015488	-0.250215	 0.404247	 0.499633	 0.499089	 0.374389	-0.205370	 0.808958	 0.650509	 0.470199	-0.498560	-0.091418
 0.015488	 0.125289	 0.404247	 0.499633	 0.499180	 0.436639	-0.205370	 0.805722	 0.647907	 0.484184	-0.498560	 0.392939
 0.015488	 0.312040	 0.404247	 0.499633	 0.499226	 0.467763	-0.205370	 0.802499	 0.645315	 0.491177	-0.498560	 0.633364
 0.015488	 0.405415	 0.404247	 0.499633	 0.499249	 0.483326	-0.205370	 0.799289	 0.642734	 0.494673	-0.498560	 0.751828
 0.015488	 0.452103	 0.404247	 0.499633	 0.499260	 0.491107	-0.205370	 0.796092	 0.640163	 0.496421	-0.498560	 0.809320
 0.015488	 0.475446	 0.404247	 0.499633	 0.499266	 0.494998	-0.205370	 0.792908	 0.637602	 0.497295	-0.498560	 0.836332
 0.015488	 0.487118	 0.404247	 0.499633	 0.499269	 0.496943	-0.205370	 0.789736	 0.635052	 0.497733	-0.498560	 0.848111
 0.015488	 0.492954	 0.404247	 0.499633	 0.499270	 0.497916	-0.205370	 0.786577	 0.632512	 0.497951	-0.498560	 0.852281
 0.015488	 0.495872	 0.404247	 0.499633	 0.499271	 0.498402	-0.705370	 0.783431	 0.629982	 0.498060	-0.498560	 0.352653
 0.015488	 0.497331	 0.404247	 0.499633	 0.499271	 0.498645	-0.952959	 0.780297	 0.627462	 0.498115	-0.498560	 0.102839
 0.015488	-0.001939	 0.404247	 0.499633	 0.499271	 0.498767	-0.574352	 0.777176	 0.624952	 0.498142	-0.498560	-0.022068
 0.015488	-0.250572	 0.404247	 0.499633	 0.499271	 0.498827	-0.385049	 0.774067	 0.622452	 0.498156	-0.498560	-0.084521
 0.015488	 0.125111	 0.404247	 0.499633	-0.000728	 0.498858	 0.209602	 0.770971	 0.619962	 0.498163	-0.498560	 0.384252
 0.015488	 0.311952	 0.404247	 0.499633	-0.249727	 0.498873	 0.505320	 0.767887	 0.617482	 0.498166	-0.498560	 0.616933
 0.015488	 0.405372	 0.404247	 0.499633	-0.374226	 0.498881	 0.651576	 0.764815	 0.615012	 0.498168	-0.498560	 0.731574
 0.015488	 0.452082	 0.404247	 0.499633	 0.063524	 0.498884	 0.223109	 0.761756	 0.612552	 0.498169	-0.498560	 0.287202
 0.015488	 0.475437	 0.404247	 0.499633	 0.281397	 0.498886	 0.008875	 0.758709	 0.610102	 0.498169	-0.498560	 0.065016
 0.015488	 0.487114	 0.404247	 0.499633	 0.390333	 0.498887	-0.098242	 0.755674	 0.607662	 0.498169	-0.498560	-0.046077
 0.015488	 0.492953	 0.404247	 0.499633	 0.444801	 0.498888	-0.151800	 0.752652	 0.605231	 0.498169	-0.498560	-0.101623
 0.015488	 0.495872	 0.404247	 0.499633	-0.027965	 0.498888	-0.178579	 0.749641	 0.602810	 0.498170	-0.498560	 0.370603
 0.015488	 0.497332	 0.404247	 0.499633	-0.263346	 0.498888	-0.191969	 0.746642	 0.600399	 0.498170	-0.498560	 0.605031
 0.015488	-0.001938	 0.404247	 0.499633	-0.381037	 0.498888	-0.198664	 0.743656	 0.597997	 0.498170	-0.498560	 0.720566
 0.015488	-0.250571	 0.404247	 0.499633	-0.439882	 0.498888	-0.202011	 0.740681	 0.595605	 0.498170	-0.498560	 0.776661
 0.015488	-0.374887	 0.404247	 0.499633	-0.469305	 0.498888	-0.203685	 0.737718	 0.593223	 0.498170	-0.498560	 0.803043
 0.015488	 0.062955	 0.404247	 0.499633	 0.015984	 0.498888	-0.204522	 0.734768	 0.590850	-0.001830	-0.498560	 0.314576
 0.015488	 0.280874	 0.404247	 0.499633	 0.257625	 0.498888	-0.204940	 0.731829	 0.588487	-0.250827	-0.498560	 0.070342
 0.015488	 0.389834	 0.404247	 0.499633	 0.378446	 0.498888	-0.205149	 0.228901	 0.586133	 0.124675	-0.498560	-0.051775
 0.015488	 0.444314	 0.404247	 0.499633	 0.438857	 0.498888	-0.205254	-0.022562	 0.583788	 0.311426	-0.498560	-0.112834
 0.015488	 0.471554	 0.404247	 0.499633	 0.469062	 0.498888	-0.205306	 0.351706	 0.081453	 0.404801	-0.498560	-0.143363
 0.015488	 0.485174	 0.404247	 0.499633	 0.484165	 0.498888	-0.205332	 0.537388	-0.169715	 0.451489	-0.498560	-0.158628
 0.015488	-0.008016	 0.404247	 0.499633	 0.491716	-0.001112	-0.205345	 0.628783	 0.204702	 0.474832	-0.498560	-0.166260
 0.015488	-0.253609	 0.404247	 0.499633	 0.495492	-0.250110	-0.205352	 0.673040	 0.390751	 0.486504	-0.498560	-0.170076
 0.015488	-0.376405	 0.404247	 0.499633	 0.497379	-0.374608	-0.205355	 0.693734	 0.482623	 0.492340	-0.498560	-0.171984
 0.015488	 0.062196	 0.404247	 0.499633	 0.498323	 0.063142	-0.205357	 0.702652	 0.527410	 0.495258	-0.498560	 0.327062
 0.015488	 0.280496	 0.404247	 0.499633	 0.498795	 0.281016	-0.205358	 0.705688	 0.548658	 0.496717	-0.498560	 0.574933
 0.015488	 0.389645	 0.404247	 0.499633	 0.499031	 0.389952	-0.205358	 0.705788	 0.558143	 0.497447	-0.498560	 0.697222
 0.015488	 0.444220	 0.404247	 0.499633	 0.499149	 0.444421	-0.205358	 0.704427	 0.561750	 0.497811	-0.498560	 0.756728
 0.015488	 0.471508	 0.404247	 0.499633	-0.000792	 0.471655	-0.205358	 0.702340	 0.562423	-0.002006	-0.498560	 0.784849
 0.015488	 0.485151	 0.404247	 0.499633	-0.249761	 0.485272	-0.205358	 0.699896	 0.561633	-0.250911	-0.498560	 0.797283
 0.015488	 0.491973	 0.404247	 0.499633	 0.125755	-0.007919	-0.205358	 0.697279	 0.560117	 0.124636	-0.498560	 0.301881
 0.015488	 0.495384	 0.404247	 0.499633	 0.312510	-0.253513	-0.205358	 0.694581	 0.558241	 0.311409	-0.498560	 0.054180
 0.015488	 0.497090	 0.404247	 0.499633	 0.405887	-0.376310	-0.205358	 0.691849	 0.556191	 0.404796	-0.498560	-0.069671
 0.015488	-0.002058	 0.404247	 0.499633	 0.452576	 0.062292	-0.205358	 0.689104	 0.554057	 0.451489	-0.498560	-0.131596
 0.015488	-0.250629	 0.404247	 0.499633	 0.475921	 0.280591	-0.205358	 0.686359	 0.551887	 0.474836	-0.498560	-0.162559
 0.015488	 0.125086	 0.404247	 0.499633	 0.487593	 0.389740	-0.205358	 0.683620	 0.549702	 0.486509	-0.498560	-0.178040
 0.015488	 0.311941	 0.404247	 0.499633	 0.493429	 0.444315	-0.205358	 0.680888	 0.547514	 0.492346	-0.498560	-0.185781
 0.015488	 0.405369	 0.404247	 0.499633	 0.496347	 0.471603	-0.205358	 0.678166	 0.545330	 0.495264	-0.498560	-0.189651
