-0.498177	-0.607749	 1.264015	 0.794386	 0.115338	 0.495406	 0.487664	 0.830397	 0.599998	-0.617025	-0.499537	 0.499608
-0.498177	-0.605318	 1.288777	 1.018215	 0.115338	 0.496911	 0.493499	 0.601822	 0.621062	-0.621860	-0.499537	 0.499608
-0.498177	-0.602897	 1.298531	 1.127646	 0.115338	 0.497663	 0.496417	 0.487535	 0.630309	-0.623024	-0.499537	 0.499608
-0.498177	-0.600486	 1.300791	 1.179887	 0.115338	 0.498039	 0.497876	 0.430391	 0.633654	-0.622358	-0.499537	 0.499608
-0.498177	-0.598084	 1.299316	 0.703543	 0.115338	 0.498227	 0.498606	 0.401820	 0.634053	-0.620781	-0.499537	 0.499608
-0.498177	-0.595691	 1.295982	 0.465372	 0.115338	 0.498321	 0.498971	 0.387534	 0.632983	-0.618755	-0.499537	 0.499608
-0.498177	-0.593309	 0.791730	 0.846286	 0.115338	 0.498368	 0.499153	 0.880391	 0.631184	-0.616508	-0.499537	 0.499608
-0.498177	-0.590935	 0.539604	 1.034288	 0.115338	 0.498392	 0.499244	 1.124073	 0.629026	-0.614156	-0.499537	 0.499608
-0.498177	-0.588572	 0.413541	 1.125845	 0.115338	 0.498404	 0.499290	 1.243178	 0.626693	-0.611757	-0.499537	 0.499608
-0.498177	-0.586217	 0.350509	 1.169189	 0.115338	 0.498410	 0.499313	 1.300006	 0.624278	-0.609338	-0.499537	 0.499608
-0.498177	-0.583872	 0.318994	 1.188435	 0.115338	 0.498413	 0.499324	 1.325707	 0.621827	-0.606915	-0.499537	 0.499608
-0.498177	-0.581537	 0.303236	 0.695643	 0.115338	 0.498414	 0.499330	 1.335854	 0.619362	-0.604494	-0.499537	 0.499608
-0.498177	-0.579211	 0.295357	 0.449247	 0.115338	 0.498415	 0.499332	 1.338236	 0.616896	-0.602080	-0.499537	 0.499608
-0.498177	-0.576894	 0.291417	 0.326049	 0.115338	 0.498415	 0.499334	 1.336745	 0.614435	-0.099673	-0.499537	 0.499608
-0.498177	-0.574586	 0.289447	 0.264450	 0.115338	 0.498415	 0.499335	 1.333330	 0.611980	 0.151530	-0.499537	 0.499608
-0.498177	-0.572288	 0.288463	 0.233651	 0.115338	 0.498415	 0.499335	 1.328962	 0.609533	-0.222869	-0.499537	 0.499608
-0.498177	-0.569999	 0.287970	 0.218251	 0.115338	 0.498415	 0.499335	 1.324129	 0.607096	-0.408873	-0.499537	 0.499608
-0.498177	-0.567719	 0.287724	 0.210551	 0.115338	 0.498415	 0.499335	 1.319074	 0.604668	-0.500686	-0.499537	 0.499608
-0.498177	-0.565448	 0.287601	 0.206701	 0.115338	 0.498415	-0.000665	 1.313918	 0.602249	-0.545407	-0.499537	 0.499608
-0.498177	-0.563186	 0.287539	 0.204776	 0.115338	 0.498415	-0.249663	 1.308723	 0.599840	-0.566587	-0.499537	 0.499608
-0.498177	-0.560933	 0.287509	 0.203814	 0.115338	-0.001585	 0.125837	 1.303518	 0.597441	-0.576002	 0.000463	 0.499608
-0.498177	-0.558690	 0.287493	 0.203333	 0.115338	-0.250581	 0.312585	 1.298319	 0.595051	-0.579539	 0.249462	 0.499608
-0.498177	-0.556455	 0.787485	 0.703092	 0.115338	 0.124920	 0.405959	 1.293134	 0.592671	-0.580141	-0.126038	 0.499608
-0.498177	-0.554229	 1.034907	 0.950566	 0.115338	 0.311670	 0.452646	 1.287965	 0.590300	-0.579280	-0.312785	 0.499608
-0.498177	-0.552012	 1.156053	 1.071907	 0.615338	 0.405045	 0.475989	 1.282815	 0.587939	-0.577693	 0.093841	 0.499608
-0.498177	-0.549804	 1.214071	 1.130191	 0.863108	 0.451733	 0.487661	 1.277685	 0.585588	-0.575747	 0.296153	 0.499608
-0.498177	-0.547605	 1.240536	 1.156956	 0.984771	 0.475076	 0.493497	 1.272574	 0.583245	-0.573627	 0.397310	 0.499608
-0.498177	-0.545415	 1.251235	 1.167971	 0.043389	 0.486748	-0.003585	 1.267484	 0.580912	-0.571424	-0.052112	 0.499608
-0.498177	-0.543233	 1.254060	 1.171120	-0.425505	 0.492584	-0.251125	 1.262414	 0.578589	-0.569184	-0.275820	 0.499608
-0.498177	-0.541060	 1.252959	 1.170347	-0.158164	 0.495502	 0.125105	 1.257365	 0.576274	-0.566930	-0.387674	 0.499608
-0.498177	-0.538896	 1.249905	 1.167621	-0.024493	 0.496961	 0.312218	 1.252335	 0.573969	-0.564673	-0.443601	 0.499608
-0.498177	-0.536740	 0.745884	 0.663928	 0.542342	 0.497691	 0.405774	 1.247326	 0.571673	-0.062420	-0.471565	 0.499608
-0.498177	-0.534593	 0.493874	 0.412082	 0.823541	 0.498055	 0.452552	 1.242337	 0.569387	 0.188706	-0.485546	 0.499608
-0.498177	-0.532455	 0.367868	 0.286158	 0.461932	 0.498238	 0.475941	 1.237367	 0.567109	-0.185731	-0.492537	 0.499608
-0.498177	-0.530325	 0.304866	 0.223197	 0.281127	 0.498329	 0.487635	 1.232418	 0.564841	-0.371829	-0.496033	 0.499608
-0.498177	-0.528204	 0.273365	 0.191716	 0.190724	 0.498375	 0.493483	 1.227488	 0.562581	-0.463762	-0.497780	 0.499608
-0.498177	-0.526091	 0.757614	 0.175976	 0.145523	 0.498397	 0.496406	 1.222578	 0.560331	-0.508617	-0.498654	 0.499608
-0.498177	-0.523987	 0.997255	 0.168105	 0.122922	 0.498409	 0.497868	 1.217688	 0.558090	-0.529938	-0.499091	 0.499608
-0.498177	-0.521891	 1.114602	 0.664170	 0.111622	 0.498414	 0.498599	 0.712817	 0.555857	-1.039496	-0.499310	 0.499608
-0.498177	-0.519803	 1.170811	 0.909882	 0.105972	 0.498417	 0.498965	 0.460382	 0.553634	-1.291176	-0.499419	 0.499608
-0.498177	-0.517724	 0.696462	 1.030427	 0.103147	 0.498419	 0.499147	 0.834164	 0.551419	-0.913931	-0.499474	 0.499608
-0.498177	-0.515653	 0.459287	 1.088397	 0.101734	 0.498419	 0.499239	 1.018639	 0.549214	-0.724235	-0.499501	 0.499608
-0.498177	-0.513590	 0.340700	 0.615090	 0.101028	 0.498420	 0.499284	 1.108471	 0.547017	-0.628318	-0.499515	 0.499608
-0.498177	-0.511536	 0.281406	 0.378436	 0.100675	 0.498420	 0.499307	 1.150990	 0.544829	-0.579295	-0.499521	 0.499608
-0.498177	-0.509490	 0.251759	 0.260109	 0.100498	 0.498420	 0.499319	 1.169862	 0.542649	-0.553722	-0.499525	 0.499608
-0.498177	-0.507452	 0.236936	 0.700946	 0.600410	 0.498420	-0.000676	 1.176921	 0.540479	-0.539880	-0.499527	 0.499608
-0.498177	-0.505422	 0.229524	 0.919081	 0.848165	 0.498420	-0.249672	 1.178083	 0.538317	-0.531907	-0.499527	 0.499608
-0.498177	-0.503400	 0.225818	 1.025874	 0.969851	 0.498420	 0.625831	 1.176305	 0.536164	-0.026872	-0.499528	 0.499608
-0.498177	-0.501387	 0.223965	 1.077005	 1.028511	 0.498420	 1.060579	 1.173067	 0.534019	 0.225645	-0.499528	 0.499608
-0.498177	 0.499620	 0.223039	 0.600314	 1.055666	 0.498420	 1.274962	 0.169108	-0.468117	 1.351904	-0.499528	 0.499608
-0.498177	 0.997122	 0.222576	 0.361969	 1.067079	 0.498420	 1.379176	-0.331201	-0.966245	 1.910077	-0.499528	 0.499608
 0.501823	 3.242884	-0.277656	 0.242796	 1.570628	 0.498420	 1.428315	-1.079693	-1.712380	 3.684227	 0.000472	-0.500392
 0.998820	 4.354788	-0.526216	 0.183210	 1.818254	 0.498420	 1.449930	-1.450283	-2.080530	 4.560385	 0.249471	-0.997392
 1.244326	 4.899806	-0.648947	 0.153416	 1.937935	 0.498420	 1.457795	-1.631936	-2.259708	 4.987591	 0.373970	-1.242902
 1.864100	 6.661426	-0.708768	-0.361480	 1.993661	-0.501580	 1.958796	-2.219135	-3.344419	 6.190364	 0.436220	-1.862681
 2.169019	 7.525389	-0.737142	-0.617176	 2.017425	-0.998577	 2.204376	-2.507122	-3.877917	 6.776965	 0.467345	-2.167605
 2.816531	 8.940592	-1.249798	-0.743278	 2.025224	-0.744084	 2.822267	-2.645525	-5.135842	 8.055538	 0.982907	-2.815122
 3.133358	 9.627482	-1.502601	-0.804590	 2.025058	-0.616838	 3.124332	-2.709159	-5.752018	 8.676156	 1.237692	-3.131956
 3.784872	 10.450299	-1.625492	-0.833514	 2.020925	-0.553214	 3.268512	-3.235430	-6.047369	 9.467872	 1.362099	-3.783475
 4.101756	 10.839161	-1.683440	-0.846252	 2.014825	-0.521403	 3.333776	-3.491043	-6.182359	 9.843210	 1.421330	-4.100364
 4.251360	 12.011136	-1.708932	-0.850902	 2.007757	-0.505497	 3.359610	-3.611355	-6.237220	 10.010443	 1.447984	-4.249975
 4.317361	 12.570757	-1.718209	-0.851516	 2.000222	-0.497544	 3.365756	-3.664048	-6.252066	 10.073703	 1.458361	-4.315981
 4.341594	 13.824307	-1.719392	-0.850119	 2.492469	-0.993568	 3.362086	-3.682961	-6.246955	 10.585060	 1.460613	-4.340220
 4.344979	 14.420926	-1.716543	-0.847723	 2.732624	-1.238600	 3.353533	-3.685014	-6.231916	 10.818545	 1.458813	-4.343610
 4.337975	 14.689200	-1.711691	-0.844835	 2.846755	-1.358149	 3.342567	-3.678666	-6.211963	 10.913184	 1.454999	-4.336611
 4.825811	 14.793423	-2.205851	-0.841706	 3.397899	-0.914968	 3.330421	-4.668148	-6.189602	 10.938488	 1.950189	-4.324453
 5.059102	 14.815739	-2.447531	-0.838465	 3.665573	-0.693378	 3.317711	-5.151573	-6.166087	 10.929212	 2.192894	-4.309749
 5.165162	 14.797220	-2.562993	-1.335174	 3.791543	-0.582583	 3.304747	-4.382016	-6.142045	 10.902734	 2.309375	-4.293807
 5.207650	 14.758404	-2.615367	-1.579865	 3.846694	-0.527185	 3.291681	-3.990013	-6.117787	 10.867743	 2.362764	-4.277280
 5.218394	 15.209556	-2.136218	-1.198561	 3.866465	-0.999486	 3.278590	-4.786815	-6.093472	 10.828582	 2.384626	-4.260495
 5.213308	 15.403811	-1.893330	-1.006275	 3.868578	-1.232693	 3.265514	-5.174049	-6.069175	 10.787422	 2.390744	-4.243615
 5.200348	 15.469743	-1.768585	-0.908503	 3.861893	-1.346365	 3.252471	-4.356543	-6.044938	 11.245350	 1.889009	-4.226722
 5.183493	 15.471637	-1.702924	-0.857996	 3.850841	-1.400281	 3.239471	-3.940712	-6.020777	 11.450907	 1.635368	-4.209856
 5.164733	 15.441637	-1.666820	-0.831128	 3.837635	-1.424330	 3.226518	-3.725747	-5.996704	 11.530373	 1.505783	-4.193037
 4.645060	 15.395814	-1.645506	-0.816085	 3.823383	-0.933458	 3.213614	-3.611243	-5.972722	 11.546886	 1.938239	-4.176275
 4.376974	 15.342202	-1.631601	-0.806962	 3.808639	-0.688022	 3.200761	-3.546997	-5.948833	 11.532016	 2.149725	-4.159575
 4.234712	 15.284819	-1.621413	-0.800804	 3.793679	-1.065304	 3.187959	-3.507909	-5.925039	 11.501546	 1.750746	-4.142939
 4.155397	 15.225673	-1.613096	-0.796136	 3.778641	-1.251060	 3.175207	-3.481427	-5.901340	 11.463370	 1.548552	-4.126368
 4.607587	 15.165767	-1.605729	-0.792219	 3.763595	-0.841064	 3.162506	-3.461276	-5.877735	 11.421431	 1.444763	-4.109863
 4.823562	 15.105602	-1.598848	-0.788684	 3.748575	-0.636067	 3.149856	-3.444319	-5.854224	 11.377702	 1.390187	-4.093424
 4.921471	 15.045428	-1.592224	-0.785346	 3.733598	-0.533568	 3.137257	-3.428985	-5.830807	 11.333170	 1.360227	-4.077051
 4.960387	 14.985371	-1.585740	-0.782113	 3.718672	-0.482318	 3.124708	-3.414491	-5.807484	 11.288327	 1.342587	-4.060743
 4.969846	 14.925492	-1.579340	-0.778939	 3.703802	-0.456694	 3.112209	-3.400444	-5.784254	 11.243418	 1.331117	-4.044500
 4.964617	 14.865821	-1.572994	-0.775801	 3.688989	-0.443881	 3.099760	-3.386648	-5.761117	 11.198567	 1.322742	-4.028322
 4.952083	 14.806374	-1.566688	-0.772686	 3.674234	-0.437475	 3.087361	-3.373004	-5.738073	 11.153834	 1.315926	-4.012208
 4.935938	 15.247156	-1.560414	-0.769589	 3.659538	-0.434272	 3.075012	-3.359463	-5.715120	 11.109249	 1.309900	-3.996160
 4.918025	 15.436171	-1.554169	-0.766508	 3.644900	-0.432670	 3.062712	-3.346001	-5.692260	 11.064827	 1.304279	-3.980175
 4.899269	 14.999428	-1.547950	-0.763441	 3.630320	-0.431870	 3.050461	-3.332605	-5.669491	 11.020576	 1.798872	-3.964254
 4.880130	 14.751932	-1.541758	-0.760386	 3.615799	-0.431469	 3.038259	-3.319268	-5.646813	 10.976497	 2.041581	-3.948397
 4.360838	 15.099174	-1.535590	-0.757344	 3.601336	-0.431269	 3.026106	-3.305988	-5.624226	 10.932593	 2.158367	-3.932604
 4.093509	 15.241903	-1.529448	-0.754315	 3.586931	-0.431169	 3.014002	-3.292763	-5.601729	 10.888864	 2.212210	-3.916873
 3.952192	 15.282498	-1.523330	-0.751298	 3.572583	-0.431119	 3.001946	-3.279591	-5.579322	 10.845309	 2.234599	-3.901206
 3.873912	 15.272149	-1.517236	-0.748292	 3.558293	-0.431094	 2.989938	-3.266472	-5.557004	 10.801928	 1.741280	-3.885601
 3.827181	 15.236451	-1.511167	-0.745299	 3.544059	-0.431081	 2.977978	-3.253406	-5.534776	 10.758720	 1.492124	-3.870059
 4.296254	 15.188201	-1.505123	-0.742318	 3.529883	-0.431075	 2.966066	-4.240393	-5.512637	 10.715685	 1.365060	-3.854578
 4.521260	 15.133796	-1.499102	-0.739349	 3.515764	-0.431072	 2.954202	-4.723431	-5.490587	 10.672823	 1.299052	-3.839160
 4.624271	 15.076434	-1.993106	-0.736391	 3.501701	-0.931070	 2.942385	-4.954537	-5.468624	 10.130131	 1.263582	-3.323803
 4.666321	 15.017716	-2.235133	-0.733446	 3.487694	-1.178207	 2.930616	-5.059719	-5.446750	 9.839611	 1.243391	-3.060508
 3.677930	 12.458438	-1.851193	-0.730512	 2.473743	-0.798925	 1.918893	-4.101980	-4.424963	 5.675252	 0.230849	-1.923266
 3.178355	 11.159001	-1.656288	-0.727590	 1.963848	-0.609284	 1.411218	-3.616822	-3.907263	 3.590051	-0.273859	-1.353073
 2.923210	 10.489563	-1.555913	-0.724679	 1.705993	-0.514464	 1.155573	-3.367980	-3.641634	 2.544441	-0.524655	-1.066411
 1.790302	 6.135204	-1.002814	-0.721781	 1.074169	-0.467053	 0.525950	-2.237320	-2.502067	 0.518638	-0.648503	-0.421520
 1.222533	 3.954463	-0.726265	-0.718894	 0.758257	-0.443348	 0.211139	-1.669777	-1.929559	-0.491249	-0.708882	-0.099075
-0.062661	 1.360545	-0.587990	-0.216018	 0.100301	 0.068504	-0.946266	-1.383801	-1.640591	-1.493190	-0.737533	 0.062148
-0.702563	 0.066053	-0.518853	 0.035420	-0.227562	 0.323270	-1.520762	-1.238618	-1.493404	-1.989170	-0.750326	 0.142759
-1.019829	-2.078736	 0.015716	-0.338861	-0.890382	-0.050503	-1.303819	-0.663839	-0.917117	-2.732190	-0.755196	 0.183065
-1.175787	-3.142684	 0.281900	-0.524576	-1.218686	-0.237390	-1.193174	-0.376450	-0.628974	-3.096750	-0.756111	 0.203218
-1.251103	-4.166245	-0.086105	-0.616012	-1.379744	-0.330833	-1.635686	-0.232755	 0.015097	-3.272107	-0.755055	 0.213294
-1.286108	-4.667645	-0.270107	-0.660316	-1.457192	-0.377555	-1.852786	-0.160908	 0.335815	-3.352890	-0.753018	 0.218332
-1.300968	-4.908007	-0.362108	-0.681058	-1.492846	-0.400916	-1.957196	-0.124984	 0.494860	-3.386415	-0.750498	 0.220851
-1.305767	-5.017892	 0.091892	-0.690026	-1.507616	 0.087404	-2.005278	-0.107022	 0.573075	-3.396337	-0.747742	 0.722111
-1.305545	-5.062578	 0.317799	-0.693111	-1.511957	 0.330412	-2.025212	-0.098041	 0.610880	-3.394486	-0.744874	 0.970294
-1.302823	-5.074707	 0.429666	-0.193262	-1.511094	-0.049231	-1.531089	-0.093551	 0.628485	-3.386775	-0.741956	 1.091949
-1.298862	-5.070598	 0.484516	 0.056663	-1.507642	-0.239052	-1.281953	-0.091306	 0.635996	-3.376161	-0.739019	 1.150349
-1.294292	-4.558410	 0.510863	 0.181625	-1.502908	 0.166037	-1.655320	-0.090183	 0.638464	-3.364123	-0.736078	 1.177131
-1.289428	-4.294224	 0.522961	 0.244106	-1.497545	 0.367440	-1.837946	-0.089622	 0.638416	-3.351400	-0.733142	 1.188115
-1.284426	-4.154071	 0.527941	 0.275347	-1.491879	 0.467003	-1.925218	-0.089341	 0.637115	-2.838361	-0.730213	 1.191208
-1.279367	-4.075966	 0.529364	 0.290967	-1.486073	 0.515652	-1.964829	-0.089201	 0.635193	-2.577191	-0.727294	 1.190366
-1.274288	-4.028919	 0.529015	 0.298777	-1.480210	 0.538848	-1.480625	-0.089131	 0.632966	-2.941974	-0.724386	 1.187566
-1.269211	-3.997431	 0.527783	 0.302682	-1.474330	 0.549321	-1.236531	-0.089096	 0.630591	-3.117752	-0.721489	 1.183797
-1.264144	-3.973755	 0.526113	 0.304635	-1.468453	 0.553439	-1.112499	-0.089078	 0.628147	-3.199054	-0.718603	 1.179552
-1.259092	-3.954017	 0.524230	 0.305611	-1.462589	 0.054382	-1.048506	-0.089069	 0.625673	-3.233144	-0.715729	 1.175079
-1.254058	-3.936279	 0.522244	 0.306099	-1.456744	-0.195146	-1.014540	-0.089065	 0.623190	-3.243655	-0.712866	 1.170501
-1.249043	-3.919574	 0.520210	-0.193657	-1.450919	 0.180090	-0.995596	-0.089063	 0.620707	-2.742402	-0.710015	 1.165881
-1.244047	-3.903415	 0.518157	-0.442148	-1.445117	 0.366597	-0.984171	-0.089062	 0.618229	-2.487293	-0.707175	 1.161248
-1.239071	-3.887561	 0.516098	-0.065012	-1.439337	 0.458745	-0.976513	 0.410939	 0.615759	-2.355274	-0.704346	 1.156618
-1.234115	-3.871891	 0.514040	 0.123556	-1.433580	 0.503717	-0.970746	 0.659117	 0.613297	-2.284819	-0.701528	 1.151999
-1.229179	-3.856343	 0.511988	 0.217840	-1.427846	 0.025105	-0.965933	 0.781392	 0.610844	-2.245162	-0.698722	 1.147395
-1.224262	-3.840888	 0.509941	 0.264982	-1.422134	-0.214201	-0.961604	 0.840722	 0.608401	-2.220923	-0.695927	 1.142807
-1.219365	-3.825509	 0.507902	 0.288553	-1.416446	-0.333853	-0.957525	 0.868587	 0.605968	-2.204409	-0.693144	 1.138237
-1.214488	-3.810200	 1.005871	 0.300338	-1.410780	-0.393680	-0.953578	 0.880726	 0.603544	-2.191777	-0.690371	 1.133685
-1.209630	-3.794955	 1.251848	 0.306231	-1.405137	-0.423593	-0.949706	 0.885010	 0.601130	-2.181103	-0.687610	 1.129150
-1.204791	-3.779773	 0.871841	 0.309177	-1.399516	 0.061450	-0.945878	 0.885374	 1.098725	-2.171425	-0.684859	 1.124634
-1.199972	-3.764653	 0.681837	 0.310651	-1.393918	 0.302879	-0.942080	 0.883784	 1.344330	-2.162262	-0.682120	 1.120135
-1.195172	-3.749594	 0.586835	 0.311387	-1.388343	 0.422505	-0.938304	 0.881225	 0.963953	-2.153375	-0.679391	 1.115655
-1.190392	-3.734596	 0.539334	 0.311755	-1.382789	 0.481233	-0.934547	 0.878188	 0.772597	-2.144642	-0.676674	 1.111192
-1.185630	-3.719657	 0.515584	 0.311940	-1.377258	 0.509518	-0.930807	 0.374919	 0.675757	-2.136004	-0.673967	 1.106747
-1.180887	-3.704778	 0.503709	 0.312032	-1.371749	 0.522584	-0.927083	 0.123285	 0.626179	-2.127430	-0.671271	 1.102320
-1.176164	-3.689959	 0.497771	 0.312078	-1.366262	 0.528046	-0.923375	-0.002533	 0.600237	-2.118905	-0.668586	 1.097911
-1.171459	-3.675199	 0.494802	-0.187899	-1.360797	 0.529710	-0.919681	 0.434559	 0.586117	-2.110422	-0.665912	 1.093519
-1.166773	-3.660499	 0.493318	-0.436512	-1.355354	 0.529480	-0.916002	 0.651361	 0.577913	-2.101977	-0.663248	 1.089145
-1.162106	-3.645857	 0.492576	-0.059448	-1.349932	 0.528306	-0.912338	 0.758026	 0.572672	-2.093567	-0.660595	 1.084789
-1.157458	-3.631273	 0.492205	 0.129084	-1.344533	 0.526665	-0.908689	 0.809629	 0.568916	-2.085192	-0.657953	 1.080450
-1.152828	-3.616748	 0.492019	 0.223350	-1.339155	 0.524794	-0.905054	 0.833708	 0.565908	-2.076851	-0.655321	 1.076128
-1.148217	-3.602281	 0.491926	 0.270483	-1.333798	 0.522813	-0.901434	 0.844032	 0.563278	-2.068543	-0.652700	 1.071823
-1.143624	-3.587872	 0.491880	 0.294049	-1.328463	 0.520780	-0.897828	 0.847486	 1.060842	-2.060269	-0.650089	 1.067536
-1.139049	-3.573521	 0.491857	 0.305832	-1.323149	 0.518727	-0.894237	 0.847510	 1.306507	-2.052028	-0.647489	 1.063266
-1.134493	-3.559226	 0.491845	 0.311724	-1.317856	 0.516667	-0.890660	 0.845828	 1.426235	-2.043819	-0.644899	 1.059013
-1.129955	-3.544990	 0.991839	 0.314670	-1.312585	 0.514607	-0.887097	 0.843298	 0.983008	-2.035644	-0.642319	 1.054777
-1.125435	-3.530810	 1.238853	 0.316143	-1.307335	 0.512553	-0.883549	 0.840352	 0.760314	-2.027502	-0.639750	 1.050558
-1.120934	-3.516686	 0.859388	 0.316879	-1.302105	 0.510504	-0.880014	 0.837204	 0.647892	-2.019392	-0.637191	 1.046355
-1.116450	-3.502620	 0.669655	 0.317247	-1.296897	 0.508463	-0.876494	 0.833961	 0.590610	-2.011314	-0.634642	 1.042170
-1.111984	-3.488609	-0.925211	-0.682568	-1.291709	 0.006430	-0.872988	 0.830679	 1.060903	-2.003269	-0.632103	 1.038001
-1.107536	-3.474655	-1.717604	-1.179112	-1.286542	-0.244587	-0.869496	 0.827383	 1.292986	-1.995256	-0.629575	 1.033849
-1.103106	-3.460756	-0.608781	-0.424032	-1.281396	 0.129905	-0.866018	 0.824087	 1.405978	-1.987275	-0.627057	 1.029714
-1.098694	-3.446913	-0.055369	-0.046492	-1.276271	 0.316142	-0.862554	 0.820797	 1.459436	-1.979326	-0.624548	 1.025595
-1.094299	-3.433125	 0.221337	 0.142278	-1.271166	 0.408256	-0.859104	 0.817517	 1.483139	-1.971408	-0.622050	 1.021493
-1.089922	-3.419393	 0.359690	 0.236663	-1.266081	 0.453312	-0.855668	 0.314249	 0.991977	-1.963523	-0.619562	 1.017407
-1.085562	-3.405715	 0.428866	 0.283855	-1.261017	 0.475840	-0.852245	 0.062615	 0.745395	-1.955668	-0.617084	 1.013337
-1.081220	-3.392092	 0.463455	 0.307452	-0.755973	 0.487104	-0.848836	 0.436798	 1.122103	-1.947846	-0.614615	 1.009284
-1.076895	-3.378524	 0.480749	 0.319250	-0.503451	 0.492736	-0.845441	 0.622267	 1.307460	-1.940054	-0.612157	 1.005247
-1.072587	-3.365010	 0.489396	 0.325149	-0.877189	 0.495552	-0.842059	 0.713386	 1.397153	-1.932294	-0.609708	 1.001226
-1.068297	-3.351550	 0.493719	 0.328098	-1.061557	 0.496960	-0.838691	 0.757337	 1.439025	-1.924565	-0.607270	 0.997221
-1.064024	-3.338144	 0.495881	 0.329573	-1.151249	 0.497664	-0.835336	 0.777710	 0.957000	-1.916867	-0.604840	 0.993232
-1.059768	-3.324791	 0.496962	 0.330310	-1.193613	 0.498016	-0.831995	 0.786300	 0.715987	-1.909199	-0.602421	 0.989259
-1.055529	-3.311492	 0.497502	 0.330679	-1.212323	 0.498192	-0.828667	 0.789005	 0.595481	-1.901563	-0.600011	 0.985302
-1.051306	-3.298246	 0.497773	 0.330864	-1.219216	 0.498280	-0.825352	 0.788774	 0.535228	-1.893956	-0.597611	 0.981361
-1.047101	-3.285053	 0.497908	 0.330956	-1.220211	 0.498324	-0.822051	 0.787082	 0.505101	-1.886380	-0.595221	 0.977435
-1.042913	-3.271913	 0.497975	 0.331002	-1.218265	 0.498346	-0.818762	 0.784665	 0.990038	-1.878835	-0.592840	 0.973525
-1.038741	-3.258825	 0.498009	 0.331025	-1.214860	 0.498357	-0.815487	 0.781892	 1.229556	-1.871320	-0.590469	 0.969631
-1.034586	-3.245790	 0.498026	 0.331036	-0.710734	-0.001638	-0.812225	 0.778947	 1.346377	-1.863834	-0.588107	 0.965753
-1.030448	-3.232807	 0.498034	 0.331042	-0.458672	-0.250632	-0.808976	 0.775923	 1.401861	-1.856379	-0.585754	 0.961890
-1.026326	-3.219876	 0.498039	 0.331045	-0.332640	 0.124871	-0.805741	 0.772865	 1.426689	-1.848953	-0.583411	 0.958042
-1.022221	-3.206996	 0.498041	 0.331046	-0.269625	 0.311622	-0.802518	 0.769796	 1.436199	-1.841558	-0.581078	 0.954210
-1.018132	-3.194168	 0.498042	 0.331047	-0.238117	 0.404997	-0.799307	 0.766728	 1.438063	-1.834191	-0.578753	 0.950393
-1.014059	-3.181391	 0.498042	 0.331048	-0.222363	 0.451685	-0.796110	 0.763667	 1.436115	-1.826855	-0.576438	 0.946592
-1.010003	-3.168666	 0.498042	 0.331048	-0.214486	 0.475029	-0.792926	 0.760615	 1.432273	-1.819547	-0.574133	 0.942805
-1.005963	-3.155991	 0.498043	 0.331048	-0.210547	-0.013299	-0.789754	 0.757574	 0.927495	-1.812269	-0.571836	 0.939034
-1.001939	-3.143367	 0.498043	 0.331048	-0.208578	-0.256460	-0.786595	 0.754545	 0.675106	-1.805020	-0.569549	 0.935278
-0.997931	-3.130794	 0.498043	 0.331048	-0.207594	 0.121960	-0.783449	 0.751527	 1.048911	-1.797800	-0.567271	 0.931537
-0.993940	-3.118271	 0.498043	 0.331048	-0.207101	 0.310169	-0.780315	 0.748521	 1.232969	-1.790609	-0.565001	 0.927811
-0.989964	-3.105797	 0.498043	 0.331048	-0.206855	 0.404273	-0.777194	 0.745527	 1.322163	-1.783446	-0.562741	 0.924099
-0.986004	-3.093374	 0.498043	 0.331048	-0.206732	 0.451326	-0.774085	 0.742545	 1.363938	-1.776312	-0.560491	 0.920403
-0.982060	-3.081001	 0.498043	 0.331048	-0.206670	 0.474852	-0.770989	 0.739575	 1.382014	-1.769207	-0.558249	 0.916721
-0.978132	-3.068677	 0.498043	 0.331048	-0.706640	 0.486615	-0.267905	 0.736617	 1.388252	-1.762130	-0.556016	 0.913055
-0.974219	-3.056402	 0.498043	 0.331048	-0.954211	 0.492496	-0.016363	 0.733670	 1.388581	-1.755082	-0.553791	 0.909402
-0.970322	-2.544176	 0.498043	 0.331048	-1.075593	 0.495437	-0.390592	 0.730735	 1.385969	-1.748062	-0.551576	 0.905765
-0.966441	-2.284000	 0.498043	 0.331048	-1.133890	 0.496907	-0.576176	 0.727813	 1.381895	-1.741069	-0.549370	 0.902142
-0.962575	-2.649864	-0.501957	 0.331048	-0.660654	-0.002357	-0.667445	 0.724901	 1.377103	-1.734105	-0.547173	 0.898533
-0.958725	-2.826764	-0.998953	 0.331048	-0.424037	-0.250987	-0.711562	 0.722002	 1.371963	-1.727169	-0.544984	 0.894939
-0.954890	-2.909207	-0.244459	 0.331048	-0.305728	 0.124699	-0.732110	 0.719114	 1.366659	-1.720260	-0.542804	 0.891359
-0.951071	-2.944445	 0.131767	 0.331048	-0.246573	 0.311541	-0.740878	 0.716237	 1.361284	-1.713379	-0.540633	 0.887794
-0.947266	-2.956105	 0.318865	 0.331048	-0.216996	 0.404962	-0.743763	 0.713372	 1.355885	-1.706525	-0.538470	 0.884243
-0.943477	-2.455999	 0.411402	 0.331048	-0.202207	 0.451672	-0.743712	 0.710519	 1.350484	-1.699699	-0.536316	 0.880706
-0.939703	-2.202035	 0.456662	 0.331048	-0.194813	 0.475028	-0.742199	 0.707677	 1.345094	-1.692900	-0.534171	 0.877183
-0.935945	-2.571156	 0.478289	 0.331048	-0.191116	-0.013295	-0.239961	 0.704846	 1.339719	-1.686129	-0.532034	 0.873674
-0.932201	-2.749837	 0.489102	 0.331048	-0.189267	-0.256453	 0.011158	 0.702027	 1.334363	-1.679384	-0.529906	 0.870179
-0.928472	-2.833320	 0.494508	 0.331048	-0.688343	 0.121968	-0.363283	 0.699218	 1.329027	-1.672667	-0.527787	 0.866699
-0.924758	-2.869228	 0.497212	 0.331048	-0.935506	 0.310178	-0.549028	 0.696422	 1.323712	-1.665976	-0.525675	 0.863232
-0.921059	-2.381371	 0.498563	 0.331048	-0.556722	-0.095717	-0.640431	 0.693636	 1.318417	-2.159312	-0.523573	 0.859779
-0.917375	-2.133656	 0.499239	 0.331048	-0.367330	-0.297661	-0.684668	 0.690861	 1.313144	-2.400675	-0.521478	 0.856340
-0.913705	-2.006027	 0.499577	 0.331048	-0.272634	-0.398634	-0.705330	 0.688098	 1.307891	-2.516072	-0.519393	 0.852914
-0.910051	-2.438455	 0.499746	-0.168952	-0.225286	 0.050880	-0.214208	 0.685346	 1.302660	-2.068508	-0.517315	 0.849503
-0.906410	-2.648928	 0.499830	-0.417614	-0.201612	 0.274636	 0.031353	 0.682604	 1.297449	-1.841484	-0.515246	 0.846105
-0.902785	-2.248445	 0.499873	-0.040613	-0.689775	 0.386514	 0.154133	 0.679874	 1.292259	-1.724743	-0.513185	 0.842720
-0.899174	-2.044508	 0.499894	 0.147888	-0.931501	 0.442454	 0.215523	 0.677154	 1.287090	-1.663157	-0.511132	 0.839349
-0.895577	-2.438858	 0.499904	 0.242138	-0.550017	-0.029577	 0.246218	 0.674446	 1.281942	-1.629160	-0.509087	 0.835992
-0.891995	-2.630367	 0.499910	 0.289264	-0.359275	-0.264589	 0.261566	 0.671748	 1.276814	-1.608972	-0.507051	 0.832648
-0.888427	-2.720477	 0.499912	 0.312826	-0.263905	 0.117905	-0.230760	 0.669061	 1.271707	-1.595700	-0.505023	 0.829318
-0.884873	-2.759911	 0.499914	 0.324607	-0.216219	 0.308151	-0.475477	 0.666385	 1.266620	-1.585899	-0.503003	 0.826000
-0.881333	-2.774030	 0.499914	 0.330498	-0.192376	 0.403274	-0.596395	 0.663719	 1.261553	-1.577846	-0.500991	 0.822696
-0.877808	-2.775513	 0.499915	 0.333443	-0.680455	 0.450836	-0.155420	 0.661064	 1.256507	-1.570681	-0.499985	 0.819405
-0.874297	-2.770700	 0.499915	 0.334916	-0.922157	 0.474617	 0.065068	 0.658420	 1.251481	-1.563971	-0.499482	 0.816128
-0.870800	-2.262762	 0.499915	 0.335652	-1.040681	 0.486507	-0.824688	 0.655786	 1.246475	-1.557501	-0.499230	 0.812863
-0.867316	-2.005283	 0.499915	 0.336021	-1.097624	 0.492452	-1.266137	 0.653163	 1.241489	-1.551164	-0.499105	 0.809612
-0.863847	-1.873049	 0.499915	 0.336205	-0.623786	 0.495425	-0.483447	 0.650550	 1.236523	-1.544906	-0.499042	 0.806373
-0.860392	-1.803449	 0.499915	 0.336297	-0.386868	 0.496911	-0.092101	 0.647948	 1.231577	-1.538700	-0.499010	 0.803148
-0.856950	-1.765182	 0.499915	 0.336343	-0.268408	 0.497654	-0.396429	 0.145356	 1.226651	-1.532532	-0.498994	 0.799935
-0.853522	-1.742595	 0.499915	 0.336366	-0.209179	 0.498026	-0.547191	-0.105939	 1.221744	-1.526395	-0.498987	 0.796736
-0.850108	-1.727861	 0.499915	 0.336377	-0.179564	 0.498212	-0.621176	-0.231587	 1.216857	-1.520286	-0.498983	 0.793549
-0.846708	-2.217068	 0.499915	 0.336383	-0.164756	 0.498305	-0.156778	 0.205589	 1.211990	-1.514203	-0.498981	 0.790374
-0.843321	-2.456259	 0.499915	 0.336386	-0.157353	 0.498351	 0.075420	 0.422891	 1.207142	-1.508146	-0.498980	 0.787213
-0.839948	-2.570463	 0.499915	 0.336387	-0.653651	 0.498374	 0.191520	 0.530262	 0.702314	-1.502113	-0.498979	 0.784064
-0.836588	-2.622196	 0.499915	 0.336388	-0.899500	 0.498386	 0.249570	 0.582672	 0.449899	-1.496104	-0.498979	 0.780928
-0.833242	-2.642715	 0.499915	 0.336388	-0.520134	 0.498392	-0.221406	 0.607607	 0.823692	-1.490119	-0.498979	 0.777804
-0.829909	-2.647648	 0.499915	 0.336389	-0.330451	 0.498395	-0.455508	 0.618809	 1.008194	-1.484159	-0.498979	 0.774693
-0.826589	-2.144809	 0.499915	-0.163611	-0.235609	 0.498396	-0.071180	 1.123151	 1.098059	-1.478222	-0.498979	 0.771594
-0.823283	-1.890106	 0.499915	-0.412284	-0.188189	 0.498397	 0.120983	 1.372066	 1.140616	-1.472309	-0.498979	 0.768508
-0.819990	-1.759483	 0.499915	-0.035298	-0.164478	 0.498397	-0.282935	 0.993282	 1.159528	-1.466420	-0.498979	 0.765434
-0.816710	-1.690914	 0.499915	 0.153194	-0.152623	 0.498397	-0.483520	 0.802661	 1.166627	-1.460554	-0.498979	 0.762372
-0.813443	-1.653385	 0.499915	 0.247441	-0.146695	 0.498397	-0.582444	 0.706126	 1.167829	-1.454712	-0.498979	 0.759323
-0.810189	-1.631389	 0.499915	 0.294564	-0.143732	 0.498397	-0.130544	 0.656640	 1.166092	-1.948893	-0.498979	 0.756285
-0.806948	-1.617172	 0.499915	 0.318125	-0.142250	 0.498397	 0.095406	 0.630682	 1.162895	-2.191098	-0.498979	 0.753260
-0.803720	-2.106857	 0.499915	 0.329906	-0.141509	 0.498397	-0.291618	 0.616494	 1.158977	-1.807333	-0.498979	 0.750247
-0.800506	-2.346507	 0.499915	 0.335797	-0.141138	 0.498397	-0.483774	 0.608195	 1.154708	-1.612604	-0.498979	 0.747246
-0.797304	-2.461160	 0.499915	 0.338742	-0.640953	 0.498397	-0.578499	 0.602846	 1.150272	-2.012404	-0.498979	 0.744257
-0.794114	-2.513334	 0.499915	 0.340214	-0.888579	 0.498397	-0.624516	 0.598977	 1.145763	-2.207479	-0.498979	 0.741280
-0.790938	-2.534291	 0.499915	 0.340951	-0.510119	 0.498397	-0.146183	 0.595852	 1.141226	-1.800212	-0.498979	 0.738315
-0.787774	-2.539658	 0.499915	 0.341319	-0.320890	 0.498397	 0.092984	 0.593104	 1.136684	-1.593792	-0.498979	 0.735362
-0.784623	-2.537252	 0.499915	 0.341503	-0.226275	 0.498397	 0.212567	 0.590549	 1.132148	-1.487807	-0.498979	 0.732420
-0.781485	-2.030979	 0.499915	 0.341595	-0.678967	 0.498397	 0.272358	 0.588096	 1.127626	-1.432052	-0.498979	 0.729491
-0.778359	-1.774793	 0.499915	 0.341641	-0.903050	 0.498397	 0.302254	 0.585698	 1.123118	-1.401421	-0.498979	 0.726573
-0.775245	-1.643663	 0.499915	 0.341664	-0.512838	 0.498397	 0.317202	 0.583332	 1.118627	-1.383364	-0.498979	 0.723666
-0.772144	-1.575073	 0.499915	 0.341676	-0.317731	 0.498397	 0.324676	 0.580987	 1.114153	-1.371605	-0.498979	 0.720772
-0.769056	-2.037765	 0.499915	 0.341681	-0.220178	 0.498397	 0.328413	 0.578658	 1.109697	-1.363006	-0.498979	 0.717889
-0.765979	-2.264110	 0.499915	 0.341684	-0.171401	 0.498397	 0.330281	 0.576340	 1.105258	-1.355997	-0.498979	 0.715017
-0.762915	-1.872302	 0.999915	 0.341686	-0.147013	 0.498397	 0.331216	 1.074033	 1.100837	-1.349795	-0.498979	 0.712157
-0.759864	-1.673437	 1.246915	 0.341686	-0.134819	 0.498397	 0.331683	 1.319737	 1.096434	-1.344007	-0.498979	 0.709308
-0.756824	-1.571055	 1.367427	 0.341687	-0.128722	 0.498397	 0.331916	 1.439457	 1.092048	-1.338436	-0.498979	 0.706471
-0.753797	-2.016927	 0.924708	 0.341687	-0.125673	 0.498397	 0.332033	 0.996199	 1.087680	-1.332985	-0.498979	 0.703645
-0.750782	-2.234937	 0.703348	 0.341687	-0.124149	 0.498397	 0.332092	 0.773464	 1.083329	-1.327605	-0.498979	 0.700831
-0.747779	-1.839036	 0.592668	 0.341687	-0.123387	 0.498397	 0.332121	 1.160996	 0.578996	-1.322270	-0.498979	 0.698027
-0.744788	-1.638200	 0.537328	 0.341687	-0.123006	 0.498397	 0.332135	 1.351664	 0.326829	-1.316969	-0.498979	 0.695235
-0.741808	-1.534907	 0.509658	 0.341687	-0.122815	 0.498397	 0.332143	 0.943914	 0.700746	-1.311695	-0.498979	 0.692454
-0.738841	-1.480397	 0.495823	 0.341687	-0.122720	 0.498397	 0.332146	 0.738966	 0.885555	-1.306445	-0.498979	 0.689684
-0.735886	-1.450290	 0.488905	 0.341687	-0.122672	 0.498397	 0.332148	 0.635424	 0.975819	-1.301218	-0.498979	 0.686926
-0.732942	-1.432397	 0.485447	 0.341687	-0.122649	 0.498397	 0.332149	 0.582590	 1.018819	-1.296012	-0.498979	 0.684178
-0.730011	-1.420621	 0.483717	 0.341687	-0.122637	 0.498397	 0.332149	 0.555113	 1.038195	-1.290828	-0.498979	 0.681441
-0.727090	-1.411915	 0.982853	 0.341687	-0.122631	 0.498397	 0.332150	 0.540319	 1.045768	-1.285664	-0.498979	 0.678715
-0.724182	-1.404756	 1.229456	 0.341687	-0.122628	 0.498397	 0.332150	 0.531871	 1.047448	-1.280521	-0.498979	 0.676001
-0.721285	-1.398381	 0.849806	 0.341687	-0.122626	 0.498397	 0.332150	 0.526600	 1.046189	-1.275399	-0.498979	 0.673297
-0.718400	-1.392410	 0.659981	 0.341687	-0.122625	 0.498397	 0.332150	 0.522922	 1.043470	-1.270298	-0.498979	 0.670603
-0.715527	-1.386651	 0.565068	 0.341687	-0.122625	 0.498397	 0.332150	 1.020045	 1.040029	-1.265216	-0.498979	 0.667921
-0.712665	-1.381010	 0.517612	 0.341687	-0.122625	 0.498397	 0.332150	 1.265572	 1.036235	-1.260156	-0.498979	 0.665249
-0.709814	-1.375439	 0.493884	 0.341687	-0.622625	 0.498397	-0.167850	 0.885313	 1.032274	-1.255115	-0.498979	 0.662588
-0.706975	-1.369913	 0.482020	 0.341687	-0.870380	 0.498397	-0.416514	 0.694173	 1.028236	-1.250095	-0.498979	 0.659938
-0.704147	-1.364422	 0.476088	 0.341687	-0.992021	 0.498397	-0.539516	 0.597598	 1.024169	-1.245094	-0.498979	 0.657298
-0.701330	-1.358958	 0.973122	 0.341687	-0.550614	 0.498397	-0.099692	 0.548308	 1.020095	-1.240114	-0.498979	 0.654669
-0.698525	-1.353519	 1.218698	 0.341687	-0.329910	 0.498397	 0.120220	 0.523663	 1.016026	-1.235153	-0.498979	 0.652050
-0.695731	-1.848104	 0.838558	 0.341687	-0.219559	 0.498397	 0.230176	 0.511340	 1.011968	-1.230213	-0.498979	 0.649442
-0.692948	-2.090711	 0.648488	 0.341687	-0.164383	 0.498397	 0.285154	 0.505179	 1.007923	-1.225292	-0.498979	 0.646844
-0.690176	-1.707348	 1.053453	 0.841687	-0.136795	 0.498397	 0.312643	 0.502098	 1.003893	-1.220391	-0.498979	 0.644257
-0.687415	-1.513018	 1.253019	 1.089004	-0.123001	 0.498397	 0.326388	 0.500558	 0.999878	-1.215509	-0.498979	 0.641680
-0.684666	-1.413216	 1.349896	 0.709989	-0.116104	 0.498397	 0.333260	 0.499788	 0.995879	-1.210647	-0.498979	 0.639113
-0.681927	-1.360688	 1.395442	 0.520482	-0.112656	 0.498397	 0.336696	 0.499403	 0.991895	-1.205804	-0.498979	 0.636557
-0.679199	-1.331808	 1.415332	 0.425729	-0.110931	 0.498397	 0.338414	 0.499210	 0.987928	-1.200981	-0.498979	 0.634011
-0.676482	-1.814762	 1.422407	 0.378352	-0.110069	 0.498397	 0.339273	 0.499114	 0.983976	-1.196177	-0.498979	 0.631475
-0.673777	-2.051643	 1.423086	 0.354663	-0.109638	 0.498397	 0.339703	 0.499066	 0.980040	-1.191393	-0.498979	 0.628949
-0.671081	-1.665507	 0.920577	 0.842819	-0.109423	-0.001603	 0.339917	 0.999042	 0.976120	-1.186627	-0.498979	 0.626433
-0.668397	-1.469880	 0.669323	 1.084235	-0.109315	-0.250599	 0.340025	 1.246032	 0.972216	-1.181881	-0.498979	 0.623927
-0.665724	-1.869518	 0.543696	 0.202292	-0.109261	 0.124902	 0.340078	 0.866541	 0.968327	-1.177153	-0.498979	 0.621431
-0.663061	-2.064799	 0.480883	-0.237321	-0.109234	 0.311652	 0.340105	 0.676795	 0.964454	-1.172444	-0.498979	 0.618946
-0.660408	-1.657919	 0.449476	 0.544227	-0.109221	 0.405027	 0.340119	 0.581922	 0.960596	-1.167755	-0.498979	 0.616470
-0.657767	-1.451977	 0.433772	 0.932349	-0.109214	 0.451715	 0.340125	 0.534486	 0.956753	-1.163084	-0.498979	 0.614004
-0.655136	-1.346514	 0.425921	 1.123770	-0.109210	-0.024942	 0.340129	 0.510768	 0.952926	-1.158431	-0.498979	 0.611548
-0.652515	-1.291300	 0.421995	 1.216849	-0.109209	-0.262266	 0.340130	 0.498909	 0.949115	-1.153798	-0.498979	 0.609102
-0.649905	-1.261221	 0.420032	 1.260769	-0.109208	-0.380929	 0.340131	 0.492979	 0.945318	-1.149182	-0.498979	 0.606665
-0.647305	-1.243720	 0.419051	 0.780120	-0.109207	 0.059740	 0.340132	 0.490014	 0.941537	-1.144586	-0.498979	 0.604239
-0.644716	-1.232516	 0.418560	 0.539795	-0.109207	 0.279073	 0.340132	 0.488532	 0.937771	-1.140007	-0.498979	 0.601822
-0.642137	-1.224472	 0.418314	 0.419633	-0.109207	 0.388740	 0.340132	 0.987791	 0.934020	-1.135447	-0.498979	 0.599415
-0.639569	-1.218017	 0.418192	 0.359552	-0.109207	 0.443574	 0.340132	 1.234446	 0.930284	-1.130905	-0.498979	 0.597017
-0.637011	-1.212366	 0.418130	 0.829511	-0.109207	 0.470990	 0.340132	 0.854812	 0.926563	-1.126382	-0.498979	 0.594629
-0.634463	-1.207128	 0.418100	 1.061892	-0.109207	 0.484699	 0.340132	 0.664994	 0.922856	-1.121876	-0.498979	 0.592250
-0.631925	-1.202104	 0.418084	 0.675494	-0.109207	 0.491553	 0.340132	 0.570086	 0.919165	-0.617389	-0.498979	 0.589881
-0.629397	-1.197199	 0.418077	 0.482295	-0.109207	 0.494980	 0.340132	 0.522631	 0.915488	-0.365145	-0.498979	 0.587522
-0.626879	-1.192361	 0.418073	 0.385695	-0.109207	 0.496693	 0.340132	 0.498904	 0.911826	-0.239023	-0.498979	 0.585172
-0.624372	-1.187568	 0.418071	 0.337395	-0.109207	 0.497550	-0.159868	 0.487041	 0.908179	-0.675962	-0.498979	 0.582831
-0.621874	-1.182805	 0.418070	 0.313246	-0.109207	 0.497979	-0.408548	 0.481109	 0.904546	-0.892206	-0.498979	 0.580500
-0.619387	-1.678068	 0.418070	 0.301171	-0.109207	 0.498193	-0.031574	 0.978143	 0.900928	-0.998111	-0.498979	 0.578178
-0.616909	-1.921352	 0.418069	 0.295133	-0.109207	 0.498300	 0.156913	 1.223710	 0.897324	-1.048855	-0.498979	 0.575865
-0.614442	-1.538666	 0.918069	 0.292114	-0.109207	 0.498353	 0.251157	 0.843554	 0.893735	-1.072028	-0.498979	 0.573561
-0.611984	-1.345010	 1.165233	 0.290605	-0.109207	 0.498380	 0.298279	 0.653477	 0.890160	-1.081425	-0.498979	 0.571267
-0.609536	-1.245880	 0.785990	 0.789850	-0.109207	 0.498394	 0.321840	 0.558438	 0.886599	-1.083941	-0.498979	 0.568982
-0.607098	-1.194021	 0.596369	 1.036895	-0.109207	 0.498400	 0.333620	 0.510919	 0.883053	-1.083026	-0.498979	 0.566706
-0.604669	-1.165807	 0.501558	 1.157849	-0.109207	 0.498404	 0.339510	 0.487159	 0.879521	-1.080405	-0.498979	 0.564439
-0.602251	-1.149425	 0.454153	 0.715769	-0.109207	 0.498405	 0.342455	 0.475279	 0.876003	-1.076938	-0.498979	 0.562182
-0.599842	-1.138968	 0.430450	 0.494729	-0.109207	 0.498406	 0.343928	 0.469339	 0.872499	-1.073058	-0.498979	 0.559933
-0.597442	-1.131483	 0.418599	 0.884208	-0.109207	 0.498407	 0.344664	 0.466369	 0.869009	-1.068980	-0.498979	 0.557693
-0.595053	-1.125492	 0.412673	 1.076401	-0.109207	 0.498407	 0.345032	 0.464884	 0.865533	-1.064811	-0.498979	 0.555462
-0.592672	-1.120257	 0.909710	 1.169960	-0.109207	 0.498407	 0.345216	 0.964142	 0.862071	-1.060605	-0.498979	 0.553241
-0.590302	-1.115410	 1.155415	 1.214213	-0.109207	 0.498407	 0.345308	 1.210844	 0.858622	-1.056389	-0.498979	 0.551028
-0.587941	-1.110765	 0.775465	 0.733822	-0.109207	 0.498407	 0.345355	 0.831280	 0.855188	-1.052177	-0.498979	 0.548824
-0.585589	-1.106231	 0.585491	 0.493627	-0.109207	 0.498407	 0.345378	 0.641497	 0.851767	-1.047975	-0.498979	 0.546628
-0.583246	-1.101760	 0.490503	 0.373529	-0.109207	 0.498407	 0.345389	 0.546606	 0.848360	-1.043786	-0.498979	 0.544442
-0.580913	-1.097330	 0.443009	 0.313480	-0.109207	 0.498407	 0.345395	 0.499161	 0.844967	-1.039613	-0.498979	 0.542264
-0.578590	-1.092929	 0.419263	 0.283456	-0.109207	 0.498407	 0.345398	 0.475438	 0.841587	-1.035455	-0.498979	 0.540095
-0.576275	-1.088552	 0.407389	 0.268443	-0.109207	 0.498407	 0.345399	 0.463577	 0.838220	-1.031314	-0.498979	 0.537934
-0.573970	-1.084195	 0.401452	 0.260937	-0.109207	 0.498407	 0.345400	 0.457646	 0.834867	-1.027189	-0.498979	 0.535783
-0.571674	-1.079857	 0.398484	 0.257184	-0.109207	 0.498407	 0.345400	 0.954681	 0.831528	-1.023080	-0.498979	 0.533640
-0.569388	-1.075537	 0.397000	 0.255308	-0.109207	 0.498407	 0.345400	 1.200295	 0.828202	-1.018988	-0.498979	 0.531505
-0.567110	-1.071234	 0.396258	 0.254370	-0.109207	 0.498407	 0.345400	 0.820210	 0.824889	-1.014912	-0.498979	 0.529379
-0.564842	-1.066949	 0.395887	 0.253900	-0.109207	 0.498407	 0.345400	 0.630167	 0.821589	-1.010852	-0.498979	 0.527262
-0.562582	-1.062681	 0.395701	 0.253666	-0.109207	 0.498407	 0.345400	 0.535146	 0.818303	-1.006809	-0.498979	 0.525152
-0.560332	-1.058430	 0.895608	 0.253549	-0.109207	 0.498407	 0.345401	 0.487636	 0.815030	-1.002782	-0.498979	 0.523052
-0.558091	-1.054197	 1.142771	 0.253490	-0.109207	 0.498407	 0.345401	 0.463880	 0.811770	-0.998771	-0.498979	 0.520960
-0.555858	-1.049980	 0.763572	 0.253461	-0.109207	 0.498407	 0.345401	 0.952003	 0.808523	-0.994776	-0.498979	 0.518876
-0.553635	-1.045780	 0.573973	 0.253446	-0.109207	 0.498407	 0.345401	 1.193184	 0.805289	-0.990797	-0.498979	 0.516800
-0.551420	-1.041597	 0.479174	 0.253439	-0.109207	 0.498407	 0.345401	 1.310905	 0.802067	-0.986833	-0.498979	 0.514733
-0.549215	-1.037430	 0.431774	 0.253435	-0.109207	 0.498407	 0.345401	 1.366909	 0.798859	-0.982886	-0.498979	 0.512674
-0.547018	-1.533281	 0.408074	 0.253433	-0.109207	 0.498407	 0.345401	 0.892065	 0.795664	-0.978954	-0.498979	 0.510623
-0.544830	-1.777147	 0.396224	 0.253432	-0.109207	 0.498407	 0.345401	 0.654643	 0.792481	-0.975039	-0.498979	 0.508581
-0.542650	-1.895039	 0.390299	 0.253432	-0.109207	 0.498407	 0.345401	 0.535932	 0.789311	-0.971138	-0.498979	 0.506547
-0.540480	-1.449959	 0.387336	 0.753431	-0.109207	 0.498407	 0.345401	 0.976576	 0.786154	-0.967254	-0.498979	 0.504520
-0.538318	-1.225409	 0.385855	 1.000925	-0.109207	 0.498407	 0.345401	 1.194064	 0.783009	-0.963385	-0.498979	 0.502502
-0.536165	-1.111132	 0.385115	 0.622174	-0.109207	 0.498407	 0.345401	 1.299985	 0.779877	-0.959531	-0.498979	 0.500492
-0.534020	-1.052000	 0.384744	 0.432799	-0.109207	 0.498407	 0.345401	 1.350134	 0.776758	-0.955693	-0.498979	 0.499487
-0.531884	-1.020448	 0.384559	 0.338111	-0.109207	 0.498407	 0.345401	 0.872407	 0.773651	-0.951870	-0.498979	 0.498985
-0.529756	-1.002695	 0.384466	 0.290768	-0.109207	 0.498407	 0.345401	 0.633544	 0.770556	-0.948063	-0.498979	 0.498734
-1.027637	-0.991848	 0.384420	 0.267096	-0.109207	 0.498407	 0.345401	 1.014113	 0.767474	-0.944271	-0.498979	 0.498608
-1.273527	-0.984463	 0.384397	 0.255260	-0.109207	 0.498407	 0.345401	 1.201607	 0.764404	-0.940494	-0.498979	 0.498545
-1.393433	-0.978816	 0.384385	 0.249342	-0.109207	 0.498407	 0.345401	 1.292577	 0.761346	-0.936732	-0.498979	 0.498514
-0.950359	-0.974046	 0.884380	 0.746383	-0.109207	 0.498407	 0.345401	 0.835294	 0.758301	-0.932985	-0.498979	 0.498498
-0.727808	-0.969723	 1.131608	 0.992417	-0.109207	 0.498407	 0.345401	 0.606653	 0.755268	-0.929253	-0.498979	 0.498490
-0.615521	-0.965630	 1.252465	 0.612956	-0.109207	 0.498407	 0.345401	 0.492332	 0.752247	-0.925536	-0.498979	 0.498486
-0.558372	-0.961661	 1.310146	 0.423226	-0.109207	 0.498407	 0.345401	 0.435172	 0.749238	-0.921834	-0.498979	 0.498484
-0.528794	-0.957761	 0.836251	 0.328361	-0.109207	 0.498407	 0.345401	 0.906592	 0.746241	-0.918146	-0.498979	 0.498483
-0.514006	-0.953903	 0.599304	 0.280929	-0.109207	 0.498407	 0.345401	 1.139546	 0.743256	-0.914474	-0.498979	 0.498483
-0.506612	-0.950074	 0.480830	 0.257213	-0.109207	 0.498407	 0.345401	 0.753278	 0.740283	-0.910816	-0.498979	 0.498483
-0.502914	-0.946267	 0.421593	 0.245354	-0.109207	 0.498407	 0.345401	 0.560144	 0.737322	-0.907173	-0.498979	 0.498483
-0.501066	-0.942479	 0.391975	 0.239425	-0.109207	 0.498407	 0.345401	 0.463577	 0.734372	-0.903544	-0.498979	 0.498482
-0.500142	-0.938707	 0.377166	 0.236461	-0.109207	 0.498407	 0.345401	 0.915293	 0.731435	-0.899930	-0.498979	 0.498482
-0.499679	-0.934951	 0.369761	 0.234979	-0.109207	 0.498407	 0.345401	 1.138417	 0.728509	-0.896330	-0.498979	 0.498482
-0.499448	-0.931211	 0.866059	 0.734237	-0.109207	 0.498407	 0.345401	 0.747256	 0.725595	-0.892745	-0.498979	 0.498482
-0.499333	-0.927486	 1.111483	 0.981400	-0.109207	 0.498407	 0.345401	 0.551676	 0.722693	-0.889174	-0.498979	 0.498482
-0.499275	-0.923776	 0.731481	 0.602524	-0.109207	-0.001593	 0.345401	 0.453886	 0.719802	-0.885617	-0.498979	 0.498482
-0.499246	-0.920081	 0.541480	 0.413086	-0.109207	-0.250590	 0.345401	 0.404991	 0.716923	-0.882075	-0.498979	 0.498482
-0.499232	-0.916401	 0.446480	 0.318367	 0.390793	 0.124912	 0.345401	 0.380543	 0.714055	-0.878546	-0.498979	 0.498482
-0.499224	-0.912735	 0.398980	 0.271008	 0.639011	 0.311662	 0.345401	 0.368319	 0.711199	-0.875032	-0.498979	 0.498482
-0.499221	-0.909084	 0.875230	 0.247328	 0.261346	 0.405037	 0.345401	 0.862207	 0.708354	-0.871532	-0.498979	 0.498482
-0.499219	-0.905448	 1.110652	 0.235488	 0.072513	 0.451724	 0.345401	 1.106439	 0.705521	-0.868046	-0.498979	 0.498482
-0.499218	-0.901826	 1.225670	 0.229568	-0.021903	 0.475068	 0.345401	 1.225854	 0.702699	-0.864574	-0.498979	 0.498482
-0.499218	-0.898219	 0.780498	 0.726608	-0.069111	 0.486740	 0.345401	 1.282871	 0.699888	-0.861115	-0.498979	 0.498482
-0.499217	-0.894626	 0.557912	 0.972681	-0.092715	 0.492576	 0.345401	 1.308699	 0.697088	-0.857671	-0.498979	 0.498482
-0.499217	-0.891047	 0.446619	 0.593280	 0.395483	 0.495494	 0.345401	 0.818944	 0.694300	-0.854240	 0.001021	 0.498482
-0.499217	-0.887483	 0.390973	 0.403579	 0.637814	 0.496953	 0.345401	 0.574067	 0.691523	-0.850823	 0.250019	 0.498482
-0.499217	-0.883933	 0.363150	 0.308729	 0.257220	 0.497682	 0.345401	 0.951628	 0.688757	-0.847420	-0.125482	 0.498482
-0.499217	-0.880397	 0.349238	 0.261304	 0.066923	 0.498047	 0.345401	 1.137751	 0.686002	-0.844030	-0.312230	 0.498482
-0.499217	-0.876876	 0.342282	 0.737591	-0.028226	 0.498229	 0.345401	 1.228164	 0.683258	-1.340654	-0.405605	 0.498482
-0.499217	-0.873368	 0.338804	 0.973307	-0.075800	 0.498320	 0.345401	 1.270734	 0.680525	-1.585292	-0.452292	 0.498482
-0.499217	-0.869875	 0.337065	 1.088747	-0.099587	 0.498366	 0.345401	 1.289392	 0.677802	-1.703950	-0.475635	 0.498482
-0.499217	-0.866395	 0.836196	 0.644059	-0.111481	 0.498389	 0.345401	 1.296105	 0.675091	-0.759635	-0.487307	 0.498482
-0.499217	-0.862930	 1.083091	 0.421714	-0.117428	 0.498400	 0.345401	 1.296856	 0.672391	-0.287477	-0.493143	 0.498482
-0.499217	-0.859478	 1.203878	 0.310542	-0.120401	 0.498406	 0.345401	 1.294636	 0.669701	-0.551398	-0.496061	 0.498482
-0.499217	-0.856040	 1.261622	 0.254956	-0.121888	 0.498409	 0.345401	 1.290941	 0.667022	-0.681728	-0.497520	 0.498482
-0.499217	-0.852616	 0.787856	 0.727163	-0.122631	 0.498410	 0.345401	 0.786519	 0.664354	-0.745268	-0.498249	 0.498482
-0.499217	-0.849206	 0.550972	 0.960868	-0.123003	 0.498411	 0.345401	 0.534308	 0.661697	-0.775421	-0.498614	 0.498482
-0.499217	-0.845809	 0.932531	 0.575331	-0.123189	 0.498411	 0.345401	 0.408203	 0.659050	-0.788886	-0.498797	 0.498482
-0.499217	-0.842425	 1.120682	 0.382563	-0.123282	 0.498412	 0.345401	 0.345150	 0.656414	-0.794014	-0.498888	 0.498482
-0.499217	-0.839056	 1.212140	 0.286179	-0.123328	 0.498412	 0.345401	 0.313624	 0.653788	-0.794980	-0.498933	 0.498482
-0.499217	-0.835700	 0.755261	 0.737986	-0.123351	 0.498412	 0.345401	 0.297860	 0.651173	-0.793871	-0.498956	 0.498482
-0.499217	-0.832357	 0.526822	 0.961511	-0.123363	 0.498412	 0.345401	 0.289979	 0.648568	-0.791731	-0.498968	 0.498482
-0.499217	-0.829027	-1.087397	 1.070903	-0.123369	 0.498412	-0.154599	 0.786038	 0.645974	-0.789082	-0.498973	 0.498482
-0.499217	-0.825711	-1.889104	 1.123238	-0.123372	 0.498412	-0.403290	 1.031503	 0.643390	-0.786184	-0.498976	 0.498482
-0.499217	-0.822408	-0.784576	 0.647055	-0.123373	 0.498412	-0.026332	 0.651682	 0.640817	-0.283169	-0.498978	 0.498482
-0.499217	-0.819119	-0.232311	 0.408963	-0.123374	 0.498412	 0.162148	 0.461772	 0.638253	-0.031661	-0.498978	 0.498482
-0.499217	-0.815842	 0.543821	 0.789917	-0.123374	 0.498412	 0.256387	 0.366816	 0.635700	 0.094093	-0.498979	 0.498482
-0.499217	-0.812579	 0.929247	 0.978053	-0.123374	 0.498412	 0.303507	 0.319339	 0.633158	 0.156969	-0.498979	 0.498482
-0.499217	-0.809329	 1.119330	 1.069788	-0.123374	 0.498412	 0.327067	 0.295600	 0.630625	 0.188408	-0.498979	 0.498482
-0.499217	-0.806091	 0.711754	 0.613333	 0.376626	 0.498412	 0.338847	 0.283730	 0.628103	-0.295873	-0.498979	 0.498482
-0.499217	-0.802867	 0.507965	 0.385105	 0.624872	 0.498412	 0.344737	 0.277796	 0.625590	-0.536453	-0.498979	 0.498482
-0.499217	-0.799655	 0.906071	 0.770991	 0.247249	 0.498412	 0.347682	 0.774828	 0.623088	-0.655189	-0.498979	 0.498482
-0.499217	-0.796457	 1.102515	 0.961620	 0.058438	 0.498412	 0.349154	 1.020801	 0.620595	-0.713009	-0.498979	 0.498482
-0.499217	-0.793271	 0.698140	 0.554631	 0.464032	 0.498412	 0.349891	 0.641254	 0.618113	-0.240377	-0.498979	 0.498482
-0.499217	-0.790098	 0.495952	 0.351136	 0.665090	 0.498412	 0.350259	 0.451480	 0.615641	-0.004062	-0.498979	 0.498482
-0.499217	-0.786937	 0.394858	 0.249388	 0.263887	 0.498412	 0.350443	 0.356593	 0.613178	 0.114096	-0.498979	 0.498482
-0.499217	-0.783790	 0.344311	 0.198514	 0.063285	 0.498412	 0.350535	 0.309150	 0.610725	 0.173175	-0.498979	 0.498482
-0.499217	-0.780655	 0.319037	 0.173078	-0.037016	 0.498412	 0.350581	 0.285428	 0.608282	 0.202715	-0.498979	 0.498482
-0.499217	-0.777532	 0.306401	 0.660359	-0.087166	 0.498412	 0.350604	 0.773567	 0.605849	-0.282516	-0.498979	 0.498482
-0.499217	-0.774422	 0.300082	 0.901705	-0.112241	 0.498412	 0.350615	 1.015114	 0.603426	-0.523595	-0.498979	 0.498482
-0.499217	-0.771324	 0.296923	 0.520091	-0.124779	 0.498412	 0.350621	 0.633373	 0.601012	-0.642606	-0.498979	 0.498482
-0.499217	-0.768239	 0.295344	 0.329285	-0.131048	 0.498412	 0.350624	 0.442503	 0.598608	-0.700588	-0.498979	 0.498482
-0.499217	-0.765166	 0.294554	 0.233881	-0.134182	 0.498412	 0.350625	 0.347068	 0.596214	-0.228062	-0.498979	 0.498482
-0.499217	-0.762105	 0.294159	 0.186180	-0.135749	 0.498412	 0.350626	 0.299351	 0.593829	 0.008201	-0.498979	 0.498482
-0.499217	-0.759057	 0.293961	 0.162329	-0.136533	 0.498412	 0.350626	 0.275492	 0.591454	-0.373667	-0.498979	 0.498482
-0.499217	-0.756021	 0.293863	 0.150403	-0.136925	 0.498412	 0.350627	 0.263562	 0.589088	-0.563090	-0.498979	 0.498482
-0.499217	-0.752996	 0.293813	 0.144441	-0.137121	 0.498412	 0.350627	 0.257598	 0.586731	-0.656297	-0.498979	 0.498482
-0.499217	-0.749985	 0.293789	 0.141459	-0.137219	 0.498412	 0.350627	 0.754615	 0.584384	-0.201401	-0.498979	 0.498482
-0.499217	-0.746985	 0.293776	 0.139969	-0.137268	 0.498412	 0.350627	 1.000621	 0.582047	 0.026047	-0.498979	 0.498482
-0.499217	-0.743997	 0.293770	 0.639223	-0.137292	 0.498412	 0.350627	 0.621130	 0.579719	-0.360229	-0.498979	 0.498482
-0.499217	-0.741021	 0.293767	 0.886574	-0.137304	 0.498412	 0.350627	 0.431385	 0.577400	-0.551874	-0.498979	 0.498482
-0.499217	-0.738057	 0.293766	 0.507981	-0.137310	 0.498412	 0.350627	 0.836513	 0.575090	-0.646210	-0.498979	 0.498482
-0.499217	-0.735104	 0.293765	 0.318685	-0.137313	 0.498412	 0.350627	 1.036593	 0.572790	-0.691896	-0.498979	 0.498482
-0.499217	-0.732164	 0.293764	 0.224037	-0.137315	 0.498412	 0.350627	 1.134160	 0.570499	-0.713264	-0.498979	 0.498482
-0.499217	-0.729235	 0.293764	 0.176712	-0.137316	 0.498412	 0.350627	 1.180480	 0.568217	-0.722479	-0.498979	 0.498482
-0.499217	-0.726318	 0.293764	 0.153050	-0.137316	 0.498412	 0.350627	 1.201186	 0.565944	-0.725623	-0.498979	 0.498482
-0.499217	-0.723413	 0.293764	 0.641219	-0.137316	 0.498412	 0.350627	 0.709096	 0.563680	-0.225738	-0.498979	 0.498482
-0.499217	-0.720519	 0.293764	 0.883045	-0.137316	 0.498412	 0.350627	 0.463050	 0.561425	 0.024205	-0.498979	 0.498482
-0.499217	-0.717637	 0.293764	 0.501708	-0.137316	 0.498412	 0.350627	 0.840028	 0.559180	-0.350824	-0.498979	 0.498482
-0.499217	-0.714767	 0.293764	 0.311040	-0.137317	 0.498412	 0.350627	 1.026082	 0.556943	-0.536886	-0.498979	 0.498482
-0.499217	-0.711908	 0.793764	 0.715706	-0.137317	 0.498412	 0.350627	 1.116685	 0.554715	-0.628472	-0.498979	 0.498482
-0.499217	-0.709060	 1.041176	 0.915798	-0.137317	 0.498412	 0.350627	 1.159572	 0.552496	-0.672824	-0.498979	 0.498482
-0.499217	-0.706224	 0.662306	 0.513612	-0.137317	 0.498412	 0.350627	 1.178611	 0.550286	-0.693566	-0.498979	 0.498482
-0.499217	-0.703399	 0.472870	 0.312519	-0.137317	 0.498412	 0.350627	 1.185735	 0.548085	-0.702509	-0.498979	 0.498482
-0.499217	-0.700585	 0.378152	 0.211973	-0.137317	 0.498412	 0.350627	 1.186911	 0.545893	-0.705557	-0.498979	 0.498482
-0.499217	-0.697783	 0.330793	 0.661700	-0.637317	 0.498412	 0.350627	 1.185123	 0.543709	-0.705664	-0.498979	 0.498482
-0.499217	-0.694992	 0.307114	 0.884340	-0.885042	 0.498412	 0.350627	 1.181862	 0.541534	-0.704306	-0.498979	 0.498482
-0.499217	-0.692212	 0.295274	 0.993446	-0.006639	 0.498412	 0.350627	 0.677875	 0.539368	-0.702221	-0.498979	 0.498482
-0.499217	-0.689443	 0.289354	 1.045794	 0.430819	 0.498412	 0.350627	 0.425881	 0.537211	-0.699778	-0.498979	 0.498482
-0.499217	-0.686685	 0.786395	 1.069772	 0.147811	 0.498412	 0.350627	 0.799884	 0.535062	-0.197162	-0.498979	 0.498482
-0.499217	-0.683939	 1.032348	 1.079574	 0.006307	 0.498412	 0.350627	 0.984538	 0.532922	 0.054146	-0.498979	 0.498482
