 0.068452	 0.499549	 0.452562	 0.498722	 0.378979	 0.498154	-1.168160	 0.648110	 0.722999	-1.639832	-0.641093	 0.947432
 0.162958	 0.499549	 0.475905	 0.498722	 0.355230	 0.498154	-1.287190	 0.645518	 0.720107	-1.533663	-0.546249	 0.945397
 0.210211	 0.499549	 0.487577	 0.498722	 0.843355	 0.498154	-0.843892	 0.642936	 0.717227	-1.477724	-0.498827	 0.942492
 0.233837	 0.499549	 0.493413	 0.498722	 1.084754	 0.498154	-0.622244	 0.640364	 0.714358	-1.446911	-0.475115	 0.939161
 0.245650	 0.499549	 0.496331	 0.498722	 1.202802	 0.498154	-0.511419	 0.637802	 0.711501	-1.428672	-0.463260	 0.935624
 0.251557	 0.499549	 0.497790	 0.498722	 1.259184	 0.498154	-0.456007	 0.635251	 0.708655	-1.416732	-0.457332	 0.931991
 0.254510	 0.499549	 0.498519	 0.498722	 0.784744	 0.498154	-0.428301	 0.632710	 0.705820	-1.407952	-0.454368	 0.928318
 0.255987	 0.499549	 0.498884	 0.498722	 0.547524	 0.498154	-0.414448	 0.630179	 0.702997	-1.400764	-0.452886	 0.924632
-0.243275	 0.499549	 0.499066	 0.498722	 0.428914	 0.498154	-0.407521	 0.627659	 0.700185	-1.394383	-0.452145	 0.920947
-0.491421	 0.499549	 0.499158	 0.498722	 0.369609	 0.498154	-0.404058	 0.625148	 0.697384	-1.388416	-0.451775	 0.917270
-0.614014	 0.499549	 0.499203	 0.498722	 0.339956	 0.498154	-0.402327	 0.622647	 0.694594	-1.382668	-0.451590	 0.913605
-0.173838	 0.499549	-0.000774	 0.498722	 0.325130	 0.498154	-0.401461	 0.620157	 0.691816	-1.377040	-0.451497	 0.909952
 0.046250	 0.499549	-0.249761	 0.498722	 0.317717	 0.498154	-0.401028	 0.617676	 0.689049	-1.371483	-0.451451	 0.906313
 0.156294	 0.499549	 0.125745	 0.498722	 0.314010	 0.498154	-0.400811	 0.615206	 0.686293	-1.865973	-0.951427	 0.902688
 0.211316	 0.499549	 0.312496	 0.498722	 0.312157	 0.498154	-0.400703	 0.612745	 0.683547	-2.108497	-1.198513	 0.899078
 0.238827	 0.499549	 0.405871	 0.498722	 0.311230	 0.498154	-0.400649	 0.610294	 0.680813	-1.725057	-0.819165	 0.895481
 0.252583	 0.499549	 0.452559	 0.498722	 0.310767	 0.498154	-0.400622	 0.607853	 0.678090	-1.530653	-0.629491	 0.891899
 0.259461	 0.499549	 0.475903	 0.498722	 0.810535	 0.498154	-0.400608	 0.605421	 0.675378	-1.430779	-1.034653	 0.888332
 0.262900	 0.499549	 0.487575	 0.498722	 1.057799	 0.498154	-0.400602	 0.602999	 0.672676	-1.378180	-1.234355	 0.884779
 0.264619	 0.499549	 0.493411	 0.498722	 1.178821	 0.498154	-0.400598	 0.600587	 0.669985	-1.349230	-1.331338	 0.881239
-0.234521	 0.499549	 0.496329	 0.498722	 0.736732	 0.498154	-0.400597	 0.598185	 0.667305	-1.332114	-0.876973	 0.877714
-0.482624	 0.499549	 0.497788	 0.498722	 0.515687	 0.498154	-0.400596	 0.595792	 0.664636	-1.320926	-0.649790	 0.874204
-0.105214	 0.499549	 0.498517	 0.498722	 0.405165	 0.498154	-0.400595	 0.593409	 1.161978	-1.312713	-0.536199	 0.870707
 0.083491	 0.499549	 0.498882	 0.498722	 0.349904	 0.498154	-0.400595	 0.591036	 1.407330	-1.305997	-0.479403	 0.867224
 0.177843	 0.499549	 0.499064	 0.498722	 0.822274	 0.498154	 0.099405	 0.588671	 1.026700	-1.300040	-0.451005	 0.863755
 0.225020	 0.499549	 0.499156	 0.498722	 1.055869	 0.498154	 0.348206	 0.586317	 0.835094	-1.294474	-0.436806	 0.860300
 0.248608	 0.499549	 0.499201	 0.498722	 1.170088	 0.498154	-0.028587	 0.583971	 0.738003	-1.289113	-0.429707	 0.856859
 0.260402	 0.499549	 0.499224	 0.498722	 1.224629	 0.498154	-0.216984	 0.581636	 0.688176	-1.283865	-0.426157	 0.853431
 0.266299	 0.499549	 0.499235	 0.498722	 1.249341	 0.498154	-0.311182	 0.579309	 0.661986	-1.278684	-0.424382	 0.850018
 0.269247	 0.499549	 0.499241	 0.498722	 1.259149	 0.498154	-0.358281	 0.576992	 0.647619	-1.273546	-0.423495	 0.846618
 0.270722	 0.499549	 0.499244	 0.498722	 1.261515	 0.498154	-0.381831	 0.574684	 0.639169	-1.268441	-0.423051	 0.843231
-0.228541	 0.499549	 0.499245	 0.498722	 0.760170	 0.498154	-0.393606	 0.572385	 0.633683	-1.763361	-0.422829	 0.839858
-0.476717	 0.499549	 0.499246	 0.498722	 0.509497	 0.498154	-0.399493	 0.570096	 0.629684	-2.006305	-0.422718	 0.836499
-0.099355	 0.499549	 0.499246	 0.498722	 0.884161	 0.498154	-0.402437	 0.567815	 0.626432	-1.623278	-0.422663	 0.833153
 0.089326	 0.499549	 0.499247	 0.498722	 1.068976	 0.498154	-0.403909	 0.565544	 0.623560	-1.429284	-0.422635	 0.829820
 0.183666	 0.499549	 0.499247	 0.498722	 1.158875	 0.498154	-0.404645	 0.563282	 1.120883	-1.329817	-0.422621	 0.826501
 0.230836	 0.499549	 0.499247	 0.498722	 1.201327	 0.498154	-0.405013	 0.561029	 1.366308	-1.277622	-0.422614	 0.823195
-0.245578	 0.499549	 0.499247	 0.498722	 1.220066	 0.498154	-0.405197	 0.058785	 1.485797	-2.249074	-0.422611	 0.819902
-0.482342	 0.499549	 0.499247	 0.498722	 1.226958	 0.498154	-0.405289	-0.192338	 1.542331	-2.728359	-0.422609	 0.816623
-0.599285	 0.499549	 0.499247	 0.498722	 1.227936	 0.498154	-0.405335	-0.317899	 1.567400	-2.961586	-0.422608	 0.813356
-0.156325	 0.499549	 0.499247	 0.498722	 1.225967	 0.498154	-0.405358	 0.619321	 1.076750	-2.071810	-0.422608	 0.810103
 0.065156	 0.499549	 0.499247	 0.498722	 1.222535	 0.498154	-0.405369	 1.084818	 0.830252	-1.624558	-0.422608	 0.806862
-0.324104	 0.499549	 0.499247	 0.498722	 1.218380	 0.498154	-0.405375	 0.814465	 0.705836	-1.398578	-0.422608	 0.803635
-0.517307	 0.499549	 0.499247	 0.498722	 1.213874	 0.498154	-0.405378	 0.678201	 0.642465	-1.283242	-0.422608	 0.800420
-0.112488	 0.499549	 0.499247	 0.498722	 1.209203	 0.498154	-0.405379	 0.608985	 0.609622	-1.223238	-0.422608	 0.797219
 0.089922	 0.499549	 0.499247	 0.498722	 1.204458	 0.498154	-0.405380	 0.573297	 0.592046	-1.190910	-0.422608	 0.794030
 0.191127	 0.499549	 0.499247	-0.001278	 1.199686	 0.498154	-0.405380	 1.054378	 0.582110	-0.672429	-0.422608	 0.290854
 0.241729	 0.499549	 0.499247	-0.250275	 1.194910	 0.498154	-0.405380	 1.291848	 0.575997	-0.413188	-0.422608	 0.039265
 0.267030	 0.499549	 0.499247	-0.374774	 1.190142	 0.498154	-0.405381	 1.407524	 0.571801	-0.283568	-0.422608	-0.086529
 0.279681	 0.499549	 0.499247	 0.062977	 0.685388	 0.498154	 0.594619	-0.037684	-1.431432	 3.281242	 0.077392	-0.649426
 0.286006	 0.499549	 0.499247	 0.280851	 0.433010	 0.498154	 1.091430	-0.757323	-2.426180	 5.049955	 0.326238	-0.928449
 0.289169	 0.499549	 0.499247	 0.389788	 0.306821	 0.498154	 3.336659	-3.114188	-4.416711	 10.920674	 2.949510	-4.065546
 0.290750	 0.499549	 0.499247	 0.444256	 0.243727	 0.498154	 4.448110	-4.281678	-5.399163	 13.822451	 4.250001	-5.619690
 0.291541	-0.000451	 0.499247	 0.471490	 0.212180	-0.001846	 6.492716	-4.854525	-5.877625	 19.739891	 6.889145	-7.382414
 0.291936	-0.249450	 0.499247	 0.485108	 0.196406	-0.250842	 7.497944	-5.130094	-6.104144	 22.647296	 8.189661	-8.245485
 0.292134	-0.373949	-0.000753	 0.491916	 0.188519	-0.375340	 8.483552	-5.257067	-6.204743	 27.549890	 10.320938	-8.658804
 0.292233	-0.436199	-0.249752	 0.495320	 0.184576	-0.437589	 8.957418	-5.309786	-6.242431	 29.936281	 11.361672	-8.847319
 0.292282	-0.467324	-0.374251	 0.497023	 0.182604	-0.468714	 9.175488	-5.325420	-6.248715	 31.064832	 11.857235	-8.923505
 0.292307	 0.017113	 0.063499	 0.497874	 0.181619	-0.984276	 9.765736	-5.322555	-6.239347	 33.064720	 12.580310	-8.943599
 0.292319	 0.258329	 0.281372	 0.498299	 0.181126	-1.239057	 10.040148	-5.310483	-6.222203	 33.994535	 12.915241	-8.935718
 0.292325	-0.121063	 0.390308	 0.498512	 0.180879	-1.363460	 10.656725	-5.293850	-6.201221	 34.889594	 13.556207	-8.913922
 0.292328	-0.309758	 0.444777	 0.498618	 0.180756	-1.422686	 10.942467	-5.274979	-6.178369	 35.265554	 13.848295	-8.885240
 0.292330	 0.095894	 0.472011	 0.498672	 0.180694	-1.449335	 11.062881	-5.255032	-6.154633	 35.882251	 13.966058	-8.853185
 0.292331	 0.297717	 0.485628	 0.498698	 0.180663	-1.459708	 11.100722	-5.234588	-6.130502	 36.117602	 13.996772	-8.819516
 0.292331	 0.398629	 0.492436	 0.498711	 0.180648	-1.461954	 11.597365	-5.213937	-6.106225	 36.662571	 13.984074	-8.785110
 0.292331	 0.449085	 0.495841	 0.498718	 0.180640	-1.460149	 11.821499	-5.193226	-6.081922	 36.860641	 13.949782	-8.750405
 0.292331	 0.474313	 0.497543	 0.498721	 0.180637	-1.456329	 11.909474	-5.172525	-6.057655	 36.885558	 13.904806	-8.715621
 0.292331	 0.486927	-0.001606	 0.498723	 0.180635	-1.451515	 11.929467	-5.151871	-6.033455	 37.324196	 13.854598	-8.680868
 0.292332	 0.493234	-0.250179	 0.498724	 0.180634	-1.446214	 11.915565	-5.131281	-6.009336	 37.467989	 13.801885	-8.646199
 0.292332	 0.496387	 0.125534	 0.498724	 0.180633	-1.440682	 11.884810	-5.110765	-5.985307	 37.464662	 13.748030	-8.611641
 0.292332	 0.497964	 0.312389	 0.498724	 0.180633	-1.435045	 11.845725	-5.090327	-5.961369	 37.388076	 13.693714	-8.577208
 0.292332	 0.498752	 0.405816	 0.498725	 0.180633	-1.429368	 11.802569	-5.069968	-5.937526	 37.275160	 14.139278	-8.542906
 0.292332	 0.499146	 0.452529	 0.498725	 0.180633	-1.423682	 11.757472	-5.049689	-5.913777	 37.144377	 14.332890	-8.508738
 0.292332	 0.499343	 0.475886	-0.001275	 0.180633	-1.418003	 12.211499	-5.029491	-5.890122	 37.004959	 13.900643	-8.474705
 0.292332	 0.499442	 0.487564	-0.250273	 0.180633	-1.412339	 12.413181	-5.009373	-5.866562	 36.861519	 13.657582	-8.440807
 0.292332	 0.499491	 0.493404	-0.374771	 0.180633	-1.406694	 12.488793	-4.989336	-5.843096	 36.716362	 13.509223	-8.407044
 0.292332	 0.499516	 0.496323	 0.062979	 0.180633	-1.401069	 12.501470	-4.969378	-5.819723	 36.570642	 13.908322	-8.373416
 0.292332	 0.499528	 0.497783	 0.280853	 0.180633	-1.395466	 12.482780	-4.949501	-5.796444	 36.424932	 14.079256	-8.339923
 0.292332	 0.499534	 0.498513	-0.110210	 0.180633	-1.389884	 12.448507	-4.929703	-5.773259	 36.279518	 14.136223	-8.306563
 0.292332	 0.499537	 0.498878	-0.304739	 0.180633	-1.384325	 12.406542	-4.909984	-5.750166	 36.134543	 14.136320	-8.273337
 0.292332	 0.499539	 0.499060	 0.097996	 0.680633	-1.378788	 12.360830	-4.890344	-5.727165	 36.490077	 14.108096	-8.240243
 0.292332	 0.499540	 0.499152	 0.298363	 0.928271	-1.373273	 12.313344	-4.870783	-5.704256	 36.594152	 14.065824	-8.207282
 0.292332	 0.499540	-0.000803	 0.398546	 0.549739	-1.367780	 12.265069	-4.851300	-5.681439	 36.572793	 14.016641	-8.174453
 0.292332	 0.499540	-0.249778	 0.448637	 0.360473	-1.362309	 12.216498	-4.831894	-5.658714	 36.489011	 13.964114	-8.141756
 0.292332	 0.499540	-0.374266	 0.473683	 0.265840	-1.356859	 12.167877	-4.812567	-5.636079	 36.374310	 13.910028	-8.109188
 0.292332	 0.499540	 0.063490	 0.486206	 0.218523	-1.351432	 12.119328	-4.793317	-5.613534	 36.744440	 13.855273	-8.076752
 0.292332	 0.499540	 0.281365	 0.492468	 0.194865	-1.346026	 12.070912	-4.774143	-5.591080	 36.855275	 13.800294	-8.044445
 0.292332	 0.499540	 0.390303	 0.495598	 0.183036	-1.340642	 12.022658	-4.755047	-5.568716	 36.336761	 13.745314	-8.012267
 0.292332	 0.499540	 0.444772	 0.497164	 0.177121	-1.335280	 11.974583	-4.736027	-5.546441	 36.005867	 13.690444	-7.980218
 0.292332	 0.499540	 0.472006	-0.002054	 0.174164	-1.329938	 11.926692	-4.717082	-5.524255	 36.269071	 14.135737	-7.948297
 0.292332	 0.499540	 0.485624	-0.250660	 0.172685	-1.324619	 11.878990	-4.698214	-5.502158	 36.327608	 14.329222	-7.916504
 0.292332	 0.499540	 0.492432	 0.125037	 0.671946	-1.319320	 11.831475	-4.679421	-5.480150	 35.784104	 14.396919	-7.884838
 0.292332	 0.499540	 0.495837	 0.311884	 0.919234	-1.314043	 11.784151	-4.660704	-5.458229	 35.441871	 14.401838	-7.853298
 0.292332	 0.499540	 0.497539	 0.405308	 1.040545	-1.308787	 11.737014	-4.642061	-5.436396	 35.200555	 14.375484	-7.821885
 0.292332	 0.499540	 0.498390	-0.047981	 0.598876	-1.303552	 10.190067	-4.623492	-5.414650	 27.009979	 10.833609	-7.790598
 0.292332	 0.499540	 0.498815	-0.273622	 0.378042	-1.298337	 9.399306	-4.604999	-5.392992	 22.877052	 9.048088	-7.759435
 0.292332	 0.499540	 0.499028	 0.113557	 0.267625	-1.293144	 6.986709	-4.586579	-5.371420	 14.273100	 4.640802	-5.728398
 0.292332	 0.499540	 0.499134	 0.306145	 0.212417	-1.287972	 5.771262	-4.568232	-5.349934	 9.959786	 2.437160	-4.705484
 0.292332	-0.000460	-0.000812	 0.402439	 0.184812	-0.782820	 2.654427	-4.549959	-5.328535	 2.791836	 0.335338	-3.186662
 0.292332	-0.249459	-0.249784	 0.450586	 0.171010	-0.530244	 1.096010	-4.531759	-5.307220	-0.783387	-0.712040	-2.423915
 0.292332	-0.373958	 0.125730	 0.474660	 0.164109	-0.403956	-1.183199	-3.513632	-3.785991	-3.562281	-1.232210	-1.539220
 0.292332	-0.436208	 0.312484	 0.486697	 0.160659	-0.340812	-2.315878	-2.999578	-3.020848	-4.939046	-1.488790	-1.095563
 0.292332	-0.467333	 0.405862	 0.492715	 0.158933	-0.309240	-2.875321	-2.737580	-2.633764	-5.614797	-1.613589	-0.872431
-0.207668	-0.482895	-0.047450	 0.495724	 0.158071	-0.293454	-3.148173	-2.601629	-2.435729	-6.440091	-1.672512	-0.259566
-0.456253	-0.490676	-0.273104	 0.497229	 0.157639	-0.285561	-3.277757	-2.528723	-2.332236	-6.838207	-1.698511	 0.046866
-0.579136	 0.005433	-0.385931	 0.497981	 0.157424	 0.218386	-3.335734	-2.487358	-1.776032	-6.522793	-1.708061	 0.200083
-0.639173	 0.252485	-0.442344	 0.498357	 0.157316	 0.468914	-3.857935	-1.961783	-1.495491	-6.852671	-1.709401	 0.276691
-0.667793	 0.376010	-0.470551	 0.498545	 0.157262	 0.592740	-4.110276	-1.696124	-1.352790	-7.003245	-1.706649	 0.314995
-0.180711	 0.437773	 0.015345	 0.498639	 0.157235	 0.653219	-3.727720	-1.560433	-0.779019	-6.564224	-1.701866	 0.334147
 0.062831	 0.468655	 0.257291	 0.498686	 0.157222	 0.682032	-3.529753	-1.489738	-0.492134	-6.332463	-1.696080	 0.343723
 0.184601	 0.484095	 0.378264	 0.498710	 0.157215	 0.695016	-3.424105	-1.451553	-0.348691	-6.204382	-1.689806	 0.348511
-0.254513	 0.491816	 0.438751	 0.498722	 0.157212	 0.700092	-3.364644	-1.429633	-0.276970	-6.628188	-1.683303	 0.350905
-0.472683	 0.495676	 0.468994	 0.498727	 0.157210	 0.701220	-3.328304	-1.415858	-0.241109	-6.825987	-1.676697	 0.352102
-0.080387	 0.497606	 0.484115	 0.498730	 0.157209	 0.700379	-3.303549	-1.406166	-0.223179	-6.410839	-1.670054	 0.352700
 0.115762	 0.498571	 0.491676	 0.498732	 0.157209	 0.698560	-3.284615	-1.398527	-0.214214	-6.191274	-1.663406	 0.353000
-0.286164	 0.499054	 0.495457	 0.498733	 0.157208	 0.696257	-3.268616	-1.391926	-0.209731	-6.569548	-1.656768	 0.353149
-0.485751	 0.499295	 0.497347	 0.498733	 0.157208	 0.693717	-3.254111	-1.385855	-0.207490	-6.744789	-1.650149	 0.353224
-0.084174	 0.499416	 0.498292	 0.498733	 0.157208	 0.691065	-3.240380	-0.880060	-0.206369	-6.318570	-1.643552	 0.353261
 0.116615	 0.499476	 0.498764	 0.498733	 0.157208	 0.688362	-3.227061	-0.627162	-0.205809	-6.093675	-1.636980	 0.353280
 0.217009	 0.499506	 0.499001	 0.498733	 0.157208	 0.685639	-3.213974	-0.500713	-0.205529	-5.969491	-1.630433	 0.353289
 0.267207	 0.499521	 0.499119	 0.498733	 0.157208	 0.682912	-3.201029	-0.437489	-0.205389	-5.895708	-1.623912	 0.353294
 0.292305	 0.499529	 0.499178	 0.498733	 0.157208	 0.680188	-3.188180	-0.405877	-0.205319	-5.847172	-1.617417	 0.353296
 0.304854	 0.499532	 0.499207	 0.498733	 0.157208	 0.677471	-2.675405	-0.390071	-0.205284	-5.811307	-1.610947	 0.353298
 0.311129	 0.499534	 0.499222	 0.498733	 0.157208	 0.674763	-2.414692	-0.382168	-0.205266	-5.781824	-1.604503	 0.353298
 0.314266	 0.499535	 0.499230	-0.001267	 0.157208	 0.672065	-2.280028	-0.378216	-0.205258	-5.755578	-1.598085	 0.353299
 0.315835	 0.499536	 0.499233	-0.250264	 0.157208	 0.669378	-2.208405	-0.376240	-0.205253	-5.730996	-1.591693	 0.353299
 0.316619	 0.499536	 0.499235	 0.125237	 0.157208	 0.666700	-2.168320	-0.375252	-0.205251	-5.707292	-1.585326	 0.353299
 0.317012	 0.499536	 0.499236	 0.311986	 0.157208	 0.664034	-2.144021	-0.374759	-0.205250	-5.684073	-1.578985	 0.353299
 0.317208	 0.499536	 0.499237	 0.405361	 0.157208	 0.661378	-2.127632	-0.374512	-0.205249	-5.661142	-1.572669	 0.353299
 0.317306	 0.499536	 0.499237	 0.452048	 0.157208	 0.658732	-2.115215	-0.374388	 0.294751	-5.638400	-1.566378	 0.853299
 0.317355	 0.499536	 0.499237	 0.475392	 0.157208	 0.656097	-2.104801	-0.374326	 0.543162	-5.615797	-1.560113	 1.100592
 0.317379	 0.499536	 0.499237	 0.487064	 0.157208	 0.653473	-2.095405	-0.374295	 0.665784	-5.593310	-1.553872	 1.221543
-0.182608	 0.499536	 0.499237	 0.492900	 0.157208	 0.650859	-2.586535	-0.374280	 0.725518	-5.570924	-1.547657	 0.779334
-0.431237	 0.499536	 0.499237	 0.495817	 0.157208	 0.648255	-2.825945	-0.374272	 0.753815	-5.548635	-1.541466	 0.558229
-0.054192	 0.499536	 0.499237	 0.497276	 0.157208	 0.145662	-2.439519	-0.374268	 0.266399	-5.526437	-1.535300	 0.947676
 0.134331	 0.499536	 0.499237	 0.498006	 0.157208	-0.105634	-2.242200	-0.374267	 0.022691	-5.504330	-1.529159	 1.139726
 0.228592	 0.499536	 0.499237	 0.498371	 0.157208	 0.268718	-2.139450	-0.374266	 0.400837	-5.482312	-1.523043	 1.233087
 0.275723	 0.499536	 0.499237	 0.498553	 0.157208	 0.454607	-2.084002	-0.374265	 0.588352	-5.460382	-1.516950	 1.277115
 0.299288	 0.499536	 0.499237	 0.498644	 0.157208	 0.546271	-2.552221	-0.374265	 0.680558	-5.438540	-1.510883	 0.796487
 0.311071	 0.499536	 0.499237	 0.498690	 0.157208	 0.590827	-2.780290	-0.374265	 0.725115	-5.416786	-1.504839	 0.556172
 0.316962	 0.499536	 0.499237	 0.498713	 0.157208	 0.611835	-2.888307	-0.374265	 0.745854	-5.395119	-1.498820	 0.436015
 0.319908	 0.499536	 0.499237	 0.498724	 0.157208	 0.621073	-2.436323	-0.374265	 0.754691	-5.373538	-1.492824	 0.375937
 0.321381	 0.499536	 0.499237	 0.498730	 0.157208	 0.624431	-2.206363	-0.374265	 0.757582	-5.352044	-1.486853	 0.345897
 0.322117	 0.499536	 0.499237	 0.498733	 0.157208	 0.624854	-2.087430	-0.374265	 0.757507	-5.330636	-1.480906	 0.330878
 0.322485	 0.499536	 0.499237	 0.498734	 0.157208	 0.623816	-2.024026	-0.374265	 0.755954	-5.309313	-1.474982	 0.323368
 0.322670	 0.499536	 0.499237	 0.498735	 0.157208	 0.622051	-1.988403	-0.374265	 0.753669	-5.288076	-1.469082	 0.319613
 0.322762	 0.499536	 0.499237	 0.498735	 0.157208	 0.619928	-1.966686	-0.374265	 0.751024	-5.266924	-1.463206	 0.317736
-0.177192	 0.499536	 0.499237	 0.498735	 0.657208	 0.617631	-1.951938	-0.374265	 0.748204	-5.245856	-1.457353	 0.316797
-0.425815	 0.499536	 0.499237	 0.498735	 0.904894	 0.615251	-1.940689	-0.374265	 0.745304	-5.224873	-1.451524	 0.316328
-0.548778	 0.499536	 0.499237	 0.498735	 1.026431	 0.612836	-1.931206	-0.374265	 0.742369	-5.203973	-1.445718	 0.316093
-0.108915	 0.499536	 0.499237	 0.498735	 0.584904	 0.610408	-1.922621	-0.374265	 0.739422	-5.183157	-1.439935	 0.815975
 0.111016	 0.499536	 0.499237	 0.498735	 0.364141	 0.607977	-1.914500	-0.374265	 0.736476	-5.162425	-1.434175	 1.063285
 0.220981	 0.499536	 0.499237	-0.001265	 0.253759	 0.605551	-2.406627	-0.374265	 0.733536	-5.141775	-1.428438	 0.684319
 0.275964	 0.499536	 0.499237	-0.250262	 0.198568	 0.603132	-2.646893	-0.374265	 0.730605	-5.121208	-1.422724	 0.494836
 0.303456	 0.499536	 0.499237	 0.125239	 0.670973	 0.600721	-2.761252	-0.374265	 0.727684	-5.100723	-1.417034	 0.900094
 0.317201	 0.499536	 0.499237	 0.311988	 0.904888	 0.598318	-2.812680	-0.374265	 0.724774	-5.080320	-1.411365	 1.100112
 0.324074	 0.499536	 0.499237	-0.094637	 1.019568	 0.595926	-2.332666	-0.374265	 0.721875	-5.059999	-1.405720	 1.197521
 0.327510	 0.499536	 0.499237	-0.296947	 1.074640	 0.593542	-2.088953	-0.374265	 0.718988	-5.039759	-1.400097	 1.243636
 0.329229	 0.499536	 0.499237	-0.398102	 1.099916	 0.591168	-1.963407	-0.374265	 0.716112	-5.019600	-1.394497	 1.264114
 0.330088	 0.499536	 0.499237	-0.448680	 0.610304	 0.588803	-1.896958	-0.374265	 0.713248	-4.499522	-1.388919	 1.271784
 0.330517	 0.499536	 0.499237	-0.473969	 0.365498	 0.586448	-1.860072	-0.374265	 0.710395	-4.231523	-1.383363	 1.273060
 0.330732	 0.499536	 0.499237	 0.013387	 0.243095	 0.584102	-1.837983	 0.125735	 0.207553	-4.589597	-1.377830	 1.271149
 0.330840	 0.499536	 0.499237	 0.256063	 0.181893	 0.581766	-1.823306	 0.374484	-0.043868	-4.758739	-1.372318	 1.267655
-0.169107	 0.499536	 0.499237	 0.377401	 0.151293	 0.579439	-1.812351	 0.497612	-0.169578	-4.833454	-1.366829	 1.263380
-0.417742	 0.499536	 0.499237	 0.438071	 0.135992	 0.577121	-1.803271	 0.557934	-0.232433	-4.860995	-1.361362	 1.258724
-0.540727	 0.499536	 0.499237	-0.031595	 0.128342	 0.574813	-2.795142	 0.586859	 0.236139	-4.364989	-1.355916	 0.753888
-0.600892	 0.499536	 0.499237	-0.265425	 0.124517	 0.572513	-3.283504	 0.600090	 0.469016	-4.109248	-1.350493	 0.501470
-0.629652	 0.499536	 0.499237	-0.382340	 0.122604	 0.570223	-3.520141	 0.605478	 0.584050	-3.973670	-1.345091	 0.375261
-0.142715	 0.499536	 0.499237	 0.059202	 0.121648	 0.567942	-2.630946	 0.606951	 0.640170	-4.398205	-1.339710	 0.312156
 0.100753	 0.499536	 0.499237	 0.278972	 0.121170	 0.565671	-2.182865	 0.606470	 0.666837	-4.600827	-1.334351	 0.280604
 0.222487	 0.499536	 0.499237	 0.388857	 0.120931	 0.563408	-1.955355	 0.605018	 0.678783	-4.692531	-1.329014	 0.764828
 0.283354	 0.499536	 0.499237	 0.443799	 0.120811	 0.561154	-1.838144	 0.603085	 0.683375	-4.728815	-1.323698	 1.004442
 0.313788	 0.499536	 0.499237	 0.471270	 0.120752	 0.558910	-2.276097	 0.600916	 0.684295	-4.737426	-1.318403	 1.121761
 0.329005	 0.499536	 0.499237	 0.485006	 0.120722	 0.556674	-2.489645	 0.598634	 0.683384	-4.732240	-1.313130	 1.177942
 0.336613	 0.499536	 0.499237	-0.008126	 0.120707	 0.554447	-2.091013	 0.596300	 0.681564	-4.720193	-1.307877	 0.703564
 0.340417	 0.499536	 0.499237	-0.253690	 0.120699	 0.552230	-1.888312	 0.593946	 0.679295	-4.704753	-1.302646	 0.466375
 0.342319	 0.499536	 0.499237	-0.376472	 0.120696	 0.550021	-1.783590	 0.591585	 0.676806	-4.687654	-1.297435	 0.347781
-0.156730	 0.499536	 0.499237	 0.062138	 0.120694	 0.547821	-2.227872	 0.589226	 0.674213	-4.669764	-1.292245	 0.788484
-0.404943	 0.499536	 0.499237	 0.280441	 0.120693	 0.545629	-2.444668	 0.586873	 0.671573	-4.651515	-1.287076	 1.006377
-0.027743	 0.499536	 0.499237	 0.389592	 0.120692	 0.543447	-2.547743	 0.584528	 0.668915	-4.133124	-1.281928	 1.112875
 0.160857	 0.499536	 0.499237	 0.444168	 0.120692	 0.541273	-2.593979	 0.582190	 0.666254	-3.866699	-1.276800	 1.163685
 0.255157	 0.499536	 0.499237	 0.471456	 0.620692	 0.039108	-2.111817	 0.079862	 0.663596	-3.726286	-1.271693	 1.186661
 0.302307	 0.499536	 0.499237	 0.485100	 0.868450	-0.211975	-1.867476	-0.171302	 0.660945	-3.648908	-1.266606	 1.195730
 0.325882	 0.499536	 0.499237	 0.491922	 0.490097	 0.162484	-1.742060	 0.203116	 0.658303	-3.603075	-1.261540	 1.197855
 0.337670	 0.499536	 0.499237	 0.495333	 0.300921	 0.348640	-1.676118	 0.389170	 0.655671	-3.573045	-1.256494	 1.196517
 0.343563	 0.499536	 0.499237	 0.497038	 0.206333	 0.440648	-1.639927	 0.481046	 0.653049	-3.550944	-1.251468	 1.193458
 0.346510	 0.499536	 0.499237	 0.497891	 0.159038	 0.485587	-1.618624	 0.525839	 0.650437	-4.032835	-1.246462	 0.689548
 0.347984	 0.499536	 0.499237	 0.498317	 0.135391	 0.506995	-1.604778	 0.547094	 0.647835	-4.264752	-1.241476	 0.437593
 0.348720	 0.499536	 0.499237	 0.498531	 0.123568	 0.516642	-1.594673	 0.556584	 0.645244	-4.371716	-1.236510	 0.811615
 0.349089	 0.499536	 0.499237	 0.498637	 0.117656	 0.520413	-1.586451	 0.560198	 0.642663	-4.416241	-1.231564	 0.996255
 0.349273	 0.499536	 0.499237	 0.498690	 0.114700	 0.521250	-1.579184	 0.560877	 0.140092	-3.929582	-1.226638	 1.086213
 0.349365	 0.499536	 0.499237	 0.498717	 0.113222	 0.520625	-1.572407	 0.560093	-0.111193	-3.679367	-1.221731	 1.128840
-0.150589	 0.499536	 0.499237	 0.498730	 0.112483	 0.519272	-1.565887	 0.558583	 0.263164	-3.547401	-1.216844	 0.647810
-0.399265	 0.499536	 0.499237	 0.498737	 0.112114	 0.517560	-1.559508	 0.556713	 0.449068	-3.474587	-1.211977	 0.407295
-0.522307	 0.499536	 0.499237	 0.498740	 0.111929	 0.515672	-1.553212	 0.554669	 0.540750	-3.431377	-1.207129	 0.287038
-0.082537	 0.499536	 0.499237	 0.498742	 0.111837	 0.513701	-1.546971	 0.552542	 0.585326	-3.402995	-1.202300	 0.726909
 0.137348	 0.499536	 0.499237	 0.498743	 0.111790	 0.511691	-1.540768	 0.550377	 0.606354	-3.382055	-1.197491	 0.944511
 0.247290	 0.499536	 0.499237	 0.498743	 0.111767	 0.509667	-1.534598	 0.548198	 0.615613	-3.864863	-1.192701	 0.550988
 0.302261	 0.499536	 0.499237	 0.498744	 0.111756	 0.507640	-1.528456	 0.546017	 0.618993	-4.097572	-1.187931	 0.354227
 0.329747	 0.499536	 0.499237	 0.498744	 0.111750	 0.505615	-1.522340	 0.543839	 0.619438	-3.705265	-1.183179	 0.755846
 0.343490	 0.499536	 0.499237	 0.498744	 0.111747	 0.503596	-1.516250	 0.541666	 0.618421	-3.502486	-1.178446	 0.954341
-0.149639	 0.499536	 0.499237	 0.498744	 0.111746	 0.501583	-1.510185	 0.539501	 0.616678	-3.894497	-1.173732	 1.051282
-0.394918	 0.499536	 0.499237	 0.498744	 0.111745	 0.500576	-1.504144	 0.537344	 0.614576	-4.081930	-1.169037	 1.097457
-0.516277	 0.499536	 0.499237	 0.498744	 0.111745	 0.500073	-1.498127	 0.535194	 0.612301	-4.167107	-1.164361	 1.118257
-0.075681	 0.499536	 0.499237	 0.498744	 0.111744	 0.499821	-1.492135	 0.033054	 0.609943	-3.701191	-1.159704	 1.126378
 0.144617	 0.499536	 0.499237	 0.498744	 0.111744	 0.499696	-1.486166	-0.218016	 0.607549	-3.461763	-1.155065	 1.128170
 0.254766	 0.499536	 0.499237	 0.498744	 0.611744	 0.499633	-1.480221	 0.156448	 0.605141	-3.335604	-1.150445	 1.126806
 0.309840	 0.499536	 0.499237	 0.498744	 0.859521	 0.499601	-1.474300	 0.342619	 0.602732	-3.266106	-1.145843	 1.123873
 0.337378	 0.499536	 0.499237	 0.498744	 0.481194	 0.499585	-1.468403	 0.434647	 0.600327	-3.224963	-1.141260	 1.120165
 0.351146	 0.499536	 0.499237	 0.498744	 0.292031	 0.499578	-1.462530	 0.479607	 0.597928	-3.198025	-1.136695	 1.116078
 0.358031	 0.499536	 0.499237	 0.498744	 0.197450	 0.499574	-1.456679	 0.501038	 0.595538	-3.178213	-1.132148	 0.611811
 0.361473	 0.499536	 0.499237	 0.498744	 0.150159	 0.499572	-1.450853	 0.510709	 0.593157	-3.161990	-1.127619	 0.359677
 0.363194	 0.499536	 0.499237	 0.498744	 0.126513	 0.499571	-1.445049	 0.514504	 0.590784	-3.147588	-1.123109	 0.233610
 0.364054	 0.499536	 0.499237	 0.498744	 0.614691	 0.499570	-1.439269	 0.515364	 0.588421	-3.134120	-1.118616	 0.670577
 0.364485	 0.499536	 0.499237	 0.498744	 0.856574	 0.499570	-1.433512	 0.514762	 0.586068	-3.121145	-1.114142	 0.886845
 0.364700	 0.499536	 0.499237	 0.498744	 0.475318	 0.499570	-1.427778	 0.513433	 0.583724	-3.108441	-1.109685	 0.992773
 0.364807	 0.499536	 0.499237	 0.498744	 0.284690	 0.499570	-1.422067	 0.511744	 0.581389	-3.095897	-1.105246	 1.043539
 0.364861	 0.499536	 0.499237	 0.498744	 0.189377	 0.499570	-1.416379	 0.509879	 0.579063	-3.083459	-1.100825	 0.566734
 0.364888	 0.499536	 0.499237	 0.498744	 0.141720	 0.499570	-1.410713	 0.507931	 0.576747	-3.071097	-1.096422	 0.328331
-0.135099	 0.499536	 0.499237	 0.498744	 0.117891	 0.499570	-1.405070	 0.505945	 0.574440	-3.058799	-1.092036	 0.709130
-0.383822	 0.499536	 0.499237	 0.498744	 0.105977	 0.499570	-1.399450	 0.503944	 0.572142	-3.046557	-1.087668	 0.897349
-0.506918	 0.499536	 0.499237	 0.498744	 0.100020	 0.499570	-1.393852	 0.501940	 0.569854	-3.034368	-1.083318	 0.989288
-0.067206	 0.499536	 0.499237	 0.498744	 0.597041	 0.499570	-1.388277	 0.500937	 0.567574	-3.022228	-1.078984	 1.033095
 0.152649	 0.499536	 0.499237	 0.498744	 0.843364	 0.499570	-1.382724	 0.500436	 0.565304	-3.010139	-1.074668	 1.052844
 0.262577	 0.499536	 0.499237	 0.498744	 0.464346	 0.499570	-1.377193	 0.500186	 0.563043	-2.998098	-1.070370	 1.060574
 0.317541	 0.499536	 0.499237	 0.498744	 0.274837	 0.499570	-1.371684	 0.500060	 0.560790	-2.986105	-1.066088	 1.062302
 0.345023	 0.499536	 0.499237	 0.498744	 0.680082	 0.499570	-1.366197	 0.499998	 0.558547	-2.974161	-1.061824	 1.061038
 0.358764	 0.499536	 0.499237	 0.498744	 0.880534	 0.499570	-1.360732	 0.499966	 0.556313	-2.962264	-1.057577	 1.058287
 0.365635	 0.499536	 0.499237	 0.498744	 0.478598	 0.499570	-1.355290	 0.499951	 0.554088	-2.950415	-1.053346	 1.054800
 0.369070	 0.499536	 0.499237	 0.498744	 0.277630	 0.499570	-1.349868	 0.499943	 0.551872	-2.938613	-1.049133	 1.050954
 0.370788	 0.499536	 0.499237	 0.498744	 0.177146	 0.499570	-1.344469	 0.499939	 0.549664	-2.926859	-1.044936	 1.046937
-0.128353	 0.999536	 0.499237	 0.498744	 0.626904	 0.499570	-1.339091	 0.499937	 0.547465	-2.915151	-1.040757	 1.042842
-0.376669	 1.246537	 0.499237	 0.498744	 0.849630	 0.499570	-1.333735	 0.499936	 0.545276	-2.903491	-1.036594	 1.038717
 0.000423	 0.867050	 0.499237	 0.498744	 0.458848	 0.499570	-1.328400	 0.499936	 0.543094	-2.891877	-1.032447	 1.034586
 0.188969	 0.677307	 0.499237	 0.498744	 0.263457	 0.499570	-1.323086	 0.499935	 0.540922	-2.880309	-1.028317	 1.030459
 0.283242	 0.582436	 0.499237	 0.498744	 0.665762	 0.499570	-1.317794	 0.499935	 0.538758	-2.868788	-1.524204	 1.026343
 0.330379	 0.535000	 0.499237	 0.498744	 0.864778	 0.499570	-1.312523	 0.499935	 0.536603	-2.857313	-1.768107	 1.022241
 0.353947	 0.511282	 0.499237	 0.498744	 0.962159	 0.499570	-1.307272	 0.499935	 0.534457	-3.345884	-1.386035	 1.018153
 0.365731	 0.499423	 0.499237	 0.498744	 1.008730	 0.499570	-1.302043	 0.499935	 0.532319	-3.582500	-1.192991	 1.014081
 0.371623	 0.493493	 0.499237	 0.498744	 1.029905	 0.499570	-1.296835	 0.499935	 0.530190	-3.193170	-1.094469	 1.010025
 0.374569	 0.490529	 0.499237	 0.498744	 1.038390	 0.499570	-1.291648	 0.499935	 0.528069	-2.992897	-1.043216	 1.005985
 0.376042	 0.489046	 0.499237	 0.498744	 1.040539	 0.499570	-1.286481	 0.499935	 0.525957	-2.887176	-1.015606	 1.001962
-0.123221	 0.488305	 0.499237	 0.498744	 0.539528	 0.499570	-1.281335	 0.499935	 0.523853	-2.828752	-0.999824	 0.997954
-0.371608	 0.487934	 0.499237	 0.498744	 0.289023	 0.499570	-1.276210	 0.499935	 0.521758	-2.794000	-0.989966	 0.993962
 0.005439	 0.487749	 0.499237	 0.498744	 0.663770	 0.499570	-1.771105	 0.499935	 0.519671	-2.771105	-0.983076	 0.989986
 0.193962	 0.487656	 0.499237	 0.498744	 0.849066	 0.499570	-2.014021	 0.499935	 0.517592	-2.754161	-0.977679	 0.986026
-0.211776	 0.487610	 0.499237	 0.498744	 0.939646	 0.499570	-1.630965	 0.499935	 0.515521	-2.740215	-0.973036	 0.982082
-0.413411	 0.487587	 0.499237	 0.498744	 0.982875	 0.499570	-1.436941	 0.499935	 0.513459	-2.727789	-0.968778	 0.978154
-0.012998	 0.987575	 0.499237	 0.498744	 1.002438	 0.499570	-1.337443	 0.499935	 0.511406	-2.716145	-0.964719	 0.974241
 0.187209	 1.234595	 0.499237	 0.498744	 1.010175	 0.499570	-1.285218	 0.499935	 0.509360	-2.704915	-0.960769	 0.970344
 0.287312	 1.355141	 0.499237	 0.498744	 1.012008	 0.499570	-1.256640	 0.499935	 0.507322	-2.693912	-0.956880	 0.966463
 0.337364	 0.912463	 0.499237	 0.498744	 0.510896	 0.499570	-1.239895	 0.999935	 0.505293	-2.683045	-0.953030	 0.962597
 0.362390	 0.691124	 0.499237	 0.498744	 0.260341	 0.499570	-1.229076	 1.246935	 0.503272	-2.672267	-0.949206	 0.958747
-0.125097	 0.580454	 0.499237	 0.498744	 0.635063	 0.499570	-1.221230	 0.867447	 1.001259	-2.661555	-0.945404	 0.954912
-0.367616	 0.525119	 0.499237	 0.498744	 0.820405	 0.499570	-1.214880	 0.677704	 1.247254	-2.650897	-0.941619	 0.951092
 0.012345	 0.497452	 0.499237	 0.498744	 0.411064	 0.499570	-1.209288	 0.582832	 0.867265	-2.640288	-0.937851	 0.947288
 0.202326	 0.483618	 0.499237	 0.498744	 0.206393	 0.499570	-1.204085	 0.535396	 0.677270	-2.629724	-0.934099	 0.943498
 0.297316	 0.476701	 0.499237	 0.498744	 0.604058	-0.000430	-1.199085	 0.511678	 0.582273	-2.619203	-0.930362	 0.939724
 0.344811	 0.473243	 0.499237	 0.498744	 0.800887	-0.249429	-1.194197	 0.499819	 0.534774	-2.608726	-0.926641	 0.935966
 0.368559	 0.471514	 0.499237	 0.498744	 0.897306	-0.373929	-1.189375	 0.493889	 0.511025	-2.598291	-0.922934	 0.932222
-0.119567	 0.470649	 0.499237	 0.498744	 0.443528	 0.063821	-1.184594	 0.490924	 0.499151	-2.587897	-0.919242	 0.928493
-0.362415	 0.470217	 0.499237	 0.498744	 0.216639	 0.281693	-1.179844	 0.489442	 0.493213	-2.577546	-0.915565	 0.924779
 0.017372	 0.470001	 0.499237	 0.498744	 0.603195	-0.109371	-1.175119	 0.488701	 0.490245	-2.567235	-0.911903	 0.921080
 0.207265	 0.469892	 0.499237	 0.498744	 0.794493	-0.303902	-1.170416	 0.488330	 0.488760	-2.556966	-0.908255	 0.917395
 0.302212	 0.469838	 0.499237	 0.498744	 0.888171	 0.098833	-1.165733	 0.488145	-0.011982	-2.546738	-1.404622	 0.913726
 0.349685	 0.469811	 0.499237	 0.498744	 0.933046	 0.299197	-1.161069	 0.488052	-0.261328	-2.536552	-1.649004	 0.910071
-0.126578	 0.469798	 0.499237	 0.498744	 0.953527	 0.399379	-1.156425	 0.988006	-0.384979	-2.526405	-1.267408	 0.906431
-0.363504	 0.469791	 0.499237	 0.498744	 0.961820	 0.449470	-1.151799	 1.235007	-0.445788	-2.516300	-1.074838	 0.902805
-0.480767	 0.469788	 0.499237	 0.498744	 0.964026	 0.474515	-1.147192	 1.355543	-0.475179	-2.506235	-0.976789	 0.899194
-0.038202	 0.469786	-0.000763	 0.498744	 0.963197	 0.487038	-1.142603	 0.912859	 0.011135	-2.496210	-0.926007	 0.395597
 0.183081	 0.469785	-0.249761	 0.498744	 0.960858	 0.493299	-1.138032	 0.691517	 0.254292	-2.486225	-0.898865	 0.143798
 0.293722	 0.469785	 0.125739	 0.498744	 0.457771	 0.496430	-1.133480	 0.580846	 0.875870	-2.476280	-0.883551	 0.517899
 0.349043	 0.469785	 0.312487	 0.498744	 0.206228	 0.497995	-1.128946	 0.525511	 1.183665	-2.466375	-0.874157	 0.703166
 0.376703	 0.469784	 0.405861	 0.498744	 0.080456	 0.498778	-1.124430	 0.497843	 0.834579	-2.456509	-0.867731	 0.794022
 0.390533	 0.469784	 0.452548	 0.498744	 0.017570	 0.499169	-1.119933	 0.484009	 0.660036	-2.446683	-0.862795	 0.837680
 0.397448	 0.469784	 0.475892	 0.498744	 0.486127	 0.499365	-1.115453	 0.477092	 0.572764	-2.436896	-0.858612	 0.857747
 0.400906	 0.469784	 0.487563	 0.498744	 0.718496	 0.499463	-1.110991	 0.473634	 0.529129	-2.427149	-0.854811	 0.866025
 0.402635	 0.469784	 0.493399	 0.498744	 0.832779	 0.499512	-1.106547	 0.471905	 0.507311	-2.417440	-0.851209	 0.868415
-0.096501	 0.469784	 0.496317	 0.498744	 0.888026	 0.499536	-1.102121	 0.471040	 0.996402	-2.407771	-0.847712	 0.867868
-0.344878	 0.469784	 0.497776	 0.498744	 0.913764	 0.499548	-1.097713	 0.470608	 1.237976	-2.398139	-0.844276	 0.865860
 0.032121	 0.969784	 0.498506	 0.498744	 0.924753	 0.499555	-1.093322	 0.470392	 1.355805	-2.388547	-0.840876	 0.863129
 0.220620	 1.216845	 0.498870	 0.498744	 0.928376	 0.499558	-1.088948	 0.470284	 1.411771	-2.378993	-0.837501	 0.860042
 0.314869	 1.337447	 0.499053	 0.498744	 0.428324	 0.499559	-1.084593	 0.470230	 0.936819	-2.369477	-0.834145	 0.856785
 0.361994	 1.394832	 0.499144	 0.498744	 0.178298	 0.499560	-1.080254	 0.470202	 0.699343	-2.359999	-0.830806	 0.853449
 0.385557	 0.920620	 0.499190	 0.498744	 0.053285	 0.499560	-1.075933	 0.470189	 0.580605	-2.350559	-0.827481	 0.850081
 0.397338	 0.683515	 0.499212	 0.498744	-0.009222	 0.499560	-1.071629	 0.470182	 0.521236	-2.341157	-0.824170	 0.846704
 0.403228	 0.564962	 0.499224	 0.498744	-0.040475	 0.499561	-1.067343	 0.470179	 0.491552	-2.331792	-0.820873	 0.843328
-0.093826	 1.005685	 0.499229	 0.498744	 0.443898	 0.499561	-1.063074	 0.970177	 0.476710	-2.322465	-0.817590	 0.839961
-0.341172	 1.223154	 0.499232	 0.498744	 0.684228	 0.499561	-1.058821	 1.217236	 0.469288	-2.313175	-0.814319	 0.836604
 0.036332	 0.829007	 0.499234	 0.498744	 0.802544	 0.499561	-1.054586	 0.837837	 0.465578	-2.303922	-0.811062	 0.833259
 0.225084	 0.631934	 0.499234	 0.498744	 0.859861	 0.499561	-1.050368	 0.648137	 0.463723	-2.294707	-0.807818	 0.829926
 0.319460	 1.033397	 0.499235	 0.498744	 0.386684	 0.499561	-1.046166	 1.053287	 0.462795	-2.285528	-0.804586	 0.826607
 0.366649	 1.231259	 0.499235	 0.498744	 0.150096	 0.499561	-1.041982	 1.252946	 0.462331	-2.276386	-0.801368	 0.823301
 0.390243	 0.827332	 0.499235	 0.498744	 0.531802	 0.499561	-1.037814	 0.849870	 0.462099	-2.267280	-0.798162	 0.820008
 0.402040	 0.625368	 0.499235	 0.498744	 0.720828	 0.499561	-1.033662	 0.648331	 0.461983	-2.258211	-0.794970	 0.816728
 0.407938	 0.524386	 0.499235	 0.498744	 0.813522	 0.499561	-1.029528	 0.547562	 0.461925	-2.249178	-0.791790	 0.813461
 0.410887	 0.973895	 0.499235	 0.498744	 0.858056	 0.499561	-1.025410	 0.997178	 0.961896	-3.240181	-0.788623	 0.810207
 0.412362	 1.195803	 0.499235	 0.498744	 0.878518	 0.499561	-1.021308	 1.219092	 1.208958	-3.727221	-0.785468	 0.806966
 0.413099	 0.803922	 0.499235	 0.498744	 0.886951	 0.499561	-1.017223	 0.827167	 0.829577	-2.962312	-0.782326	 0.803738
 0.413468	 0.607981	 0.499235	 0.498744	 0.889376	 0.499561	-1.013154	 0.631205	 0.639886	-2.575463	-0.779197	 0.800523
 0.413652	 0.510010	 0.499235	 0.498744	 0.888806	 0.499561	-1.009101	 0.533223	 1.045041	-2.377661	-0.776080	 0.797321
 0.413744	 0.461025	 0.499235	 0.498744	 0.886744	 0.499561	-1.005065	 0.484233	 1.244718	-2.274400	-0.772976	 0.794132
 0.413790	 0.436533	 0.499235	 0.498744	 0.383944	 0.499561	-1.001045	 0.959738	 1.341668	-2.218427	-1.269884	 0.790956
 0.413813	 0.424286	 0.499235	 0.498744	 0.132543	 0.499561	-0.997040	 1.194619	 1.387265	-2.186116	-1.514805	 0.787792
 0.413825	 0.418163	 0.499235	 0.498744	 0.006843	 0.499561	-0.993052	 1.309201	 1.407198	-2.165653	-1.633745	 0.784641
 0.413831	 0.915102	 0.499235	 0.498744	 0.443993	 0.499561	-0.989080	 1.363645	 0.914311	-2.151131	-1.189710	 0.781502
 0.413834	 1.160747	 0.499235	 0.498744	 0.660806	 0.499561	-0.985124	 1.388030	 0.667867	-2.139597	-0.966201	 0.778376
 0.413835	 0.780757	 0.499235	 0.498744	 0.767457	 0.499561	-0.981183	 0.897398	 1.044645	-2.129574	-0.852962	 0.775262
 0.413836	 0.590761	 0.499235	 0.498744	 0.819034	 0.499561	-0.977258	 0.652082	 1.230191	-2.120323	-0.794862	 0.772161
-0.086164	 0.495764	 0.499235	 0.498744	 0.343082	 0.499561	-0.973349	 1.029424	 0.820133	-2.111475	-0.764339	 0.769073
-0.334991	 0.448265	 0.499235	 0.498744	 0.105106	 0.499561	-0.969456	 1.215282	 0.615104	-2.102846	-0.747610	 0.765996
 0.041763	 0.424516	 0.499235	 0.498744	 0.486117	 0.499561	-0.965578	 1.305408	 1.012589	-2.094343	-0.737784	 0.762932
 0.230140	 0.412641	 0.499235	 0.498744	 0.674889	 0.499561	-0.961716	 1.347680	 1.208511	-2.085920	-0.731414	 0.759881
 0.324328	 0.406704	 0.499235	 0.498744	 0.767548	 0.499561	-0.957869	 1.366036	 1.303664	-2.077554	-0.726780	 0.756841
 0.371422	 0.403735	 0.499235	 0.498744	 0.812156	 0.499561	-0.954038	 0.872446	 0.848442	-2.069232	-0.723018	 0.253814
 0.394969	 0.402251	 0.499235	 0.498744	 0.832747	 0.499561	-0.950221	 0.625650	 0.620832	-2.060949	-0.719699	 0.002300
 0.406743	 0.901508	 0.499235	 0.498744	 0.841336	 0.499561	-0.946420	 1.002253	 1.007026	-2.052703	-0.716606	 0.376543
 0.412630	 1.148336	 0.499235	 0.498744	 0.843931	 0.499561	-0.942635	 1.187796	 1.197337	-2.044490	-0.713633	 0.562163
 0.415573	 1.268959	 0.499235	 0.498744	 0.343535	 0.499561	-0.938864	 1.277821	 1.289717	-2.036312	-0.710725	 0.653478
 0.418333	 1.365107	 0.499235	 0.498744	 0.745205	 0.499561	-0.923932	 0.477322	 1.359479	-2.003925	-0.699372	 0.730007
 0.418424	 1.363560	 0.499235	 0.498744	 0.289133	 0.499561	-0.920237	 0.417124	 0.357077	-2.495909	-0.696573	 0.730011
 0.418470	 1.360062	 0.499235	 0.498744	 0.061098	 0.499561	-0.916556	 0.387024	-0.142833	-2.735926	-0.693786	 0.728553
 0.418493	 0.855600	 0.499235	 0.498744	 0.447080	 0.499561	-0.412889	 0.871975	 0.608498	-2.349982	-0.691010	 0.726370
 0.418505	 0.603369	 0.499235	 0.498744	 0.638405	 0.499561	-0.161056	 1.111736	 0.981443	-2.153082	-0.688246	 0.723830
 0.418511	 0.977254	 0.499235	 0.498744	 0.732408	 0.499561	-0.535140	 0.728914	 0.665207	-2.050720	-0.685493	 0.721117
 0.418514	 1.161494	 0.499235	 0.498744	 0.777756	 0.499561	-0.720363	 0.537503	 0.507089	-1.995642	-0.682751	 0.718324
-0.081485	 1.250922	 0.499235	 0.498744	 0.798784	 0.499561	-0.811164	 0.441797	 0.928030	-1.964222	-0.680020	 0.715497
-0.330321	 1.292956	 0.499235	 0.498744	 0.807659	 0.499561	-0.854760	 0.393944	 1.135803	-1.944646	-0.677300	 0.712657
 0.046419	 1.311302	 0.499235	 0.498744	 0.810463	 0.499561	-0.874761	 0.370018	 1.237002	-1.931008	-0.674591	 0.709818
 0.234789	 1.317817	 0.499235	 0.498744	 0.810239	 0.499561	-0.882972	 0.358055	 1.284925	-1.920354	-0.671892	 0.706985
 0.328974	 1.318425	 0.499235	 0.498744	 0.808506	 0.499561	-0.885296	 0.352073	 1.306221	-1.911208	-0.669205	 0.704160
 0.376067	 1.316091	 0.499235	 0.498744	 0.306027	 0.499561	-0.884682	 0.849082	 1.314214	-1.902831	-0.666528	 0.701344
 0.399613	 1.312297	 0.499235	 0.498744	 0.054787	 0.499561	-0.882607	 1.094895	 1.315566	-1.894853	-0.663862	 0.698540
 0.411386	 1.307782	 0.499235	-0.001256	-0.070833	 0.499561	-0.879809	 1.215120	 1.313608	-1.887091	-0.661206	 0.695746
 0.417272	 1.302919	 0.499235	-0.250254	-0.133643	 0.499561	-0.876655	 1.272561	 1.310006	-1.879451	-0.658561	 0.692963
 0.420216	 0.797891	 0.499235	 0.125247	 0.334952	 0.499561	-0.873332	 1.298622	 1.305592	-1.871887	-0.655927	 0.690191
 0.421687	 0.545377	 0.499235	 0.311997	 0.567642	 0.499561	-0.869930	 1.309003	 1.300783	-1.864377	-0.653303	 0.687431
-0.077577	 0.419120	 0.499235	 0.405371	 0.182387	 0.499561	-0.366496	 1.311555	 1.295786	-1.856908	-0.650690	 0.684681
-0.326055	 0.355991	 0.499235	 0.452058	-0.010241	 0.499561	-0.114779	 1.310203	 1.290706	-1.849475	-0.648087	 0.681942
-0.449145	 0.324427	 0.499235	 0.475402	-0.106555	 0.499561	 0.011080	 1.306909	 1.285595	-1.842074	-0.645495	 0.679214
-0.009546	 0.808645	 0.499235	 0.487074	 0.345288	 0.499561	 0.074009	 1.302655	 1.280478	-1.834704	-0.642913	 0.676498
 0.210254	 1.048168	 0.499235	 0.492910	 0.569616	 0.499561	 0.105474	 1.297931	 1.275369	-1.827365	-0.640341	 0.673792
-0.179846	 1.165354	 0.499235	 0.495828	 0.680191	 0.499561	-0.378794	 1.292982	 1.270274	-1.820055	-0.637780	 0.671096
-0.373757	 1.221382	 0.499235	 0.497287	 0.733898	 0.499561	-0.619202	 1.287932	 1.265197	-1.812774	-0.635229	 0.668412
 0.030424	 0.746842	 0.499235	 0.498016	 0.259176	 0.499561	-0.737687	 1.282841	 1.260137	-1.805523	-0.632688	 0.665738
 0.232514	 0.509571	 0.499235	 0.498381	 0.021815	 0.499561	-0.795216	 1.277740	 1.255098	-1.798301	-0.630157	 0.663075
 0.333559	 0.390936	 0.499235	 0.498563	 0.403134	 0.499561	-0.822276	 1.272645	 1.250078	-1.791108	-0.627637	 0.660423
 0.384081	 0.331618	 0.499235	 0.498655	 0.592225	 0.499561	-0.834107	 1.267562	 1.245078	-1.783943	-0.625126	 0.657781
 0.409343	 0.301960	 0.499235	 0.498700	 0.685208	 0.499561	-0.838331	 1.262495	 1.240097	-1.776808	-0.622626	 0.655150
 0.421973	 0.787130	 0.499235	 0.498723	 0.730143	 0.499561	-0.838757	 1.257447	 1.235137	-1.769700	-0.620135	 0.652530
 0.428289	 1.027171	 0.499235	 0.498734	 0.751060	 0.499561	-0.837292	 1.252418	 1.230196	-1.762622	-0.617655	 0.649920
 0.431446	 1.144657	 0.499235	 0.498740	 0.759975	 0.499561	-0.834888	 0.747409	 1.225276	-1.755571	-0.615184	 0.647320
 0.433025	 1.200876	 0.499235	 0.498743	 0.762895	 0.499561	-0.832021	 0.494904	 1.220375	-1.748549	-0.612723	 0.644731
 0.433815	 0.726471	 0.499235	 0.498744	 0.762823	 0.499561	-0.828929	 0.868652	 1.215493	-1.741555	-0.610272	 0.642152
 0.434209	 0.489268	 0.499235	 0.498745	 0.761261	 0.499561	-0.825732	 1.053041	 1.210631	-1.734588	-0.607831	 0.639583
 0.434407	 0.870667	 0.499235	 0.498745	 0.758961	 0.499561	-0.822488	 1.142761	 1.205789	-1.727650	-0.605400	 0.637025
 0.434505	 1.058862	 0.499235	 0.498746	 0.756298	 0.499561	-0.819228	 1.185156	 1.200965	-1.720739	-0.602978	 0.634477
 0.434555	 1.150466	 0.499235	 0.498746	 0.753459	 0.499561	-0.815965	 1.203898	 1.196162	-1.713857	-0.600566	 0.631939
 0.434579	 1.193783	 0.499235	-0.001254	 0.750538	 0.499561	-0.812709	 1.210824	 1.191377	-1.707001	-0.598164	 0.629411
 0.434592	 1.212968	 0.499235	-0.250252	 0.747582	 0.499561	-0.809462	 1.211851	 1.186611	-1.700173	-0.595772	 0.626893
 0.434598	 1.220096	 0.499235	 0.125250	 0.244615	 0.499561	-0.806226	 1.209939	 0.681865	-1.693372	-0.593388	 0.624386
 0.434601	 1.221206	 0.499235	 0.311999	-0.006868	 0.499561	-0.803002	 1.206567	 0.429492	-1.686599	-0.591015	 0.621888
 0.434602	 0.719316	 0.499235	 0.405373	-0.132610	 0.499561	-0.299790	 1.202475	 0.803305	-1.679853	-0.588651	 0.619401
 0.434603	 0.468371	 0.499235	 0.452060	-0.195481	 0.499561	-0.048184	 1.198032	 0.987858	-1.673133	-0.586296	 0.616923
 0.434604	 0.842898	 0.499235	 0.475404	 0.273084	 0.499561	 0.077618	 1.193423	 1.077789	-1.666441	-0.583951	 0.614455
 0.434604	 1.027727	 0.499235	 0.487076	 0.505883	 0.499561	 0.140520	 1.188741	 1.120419	-1.659775	-0.581615	 0.611998
 0.434604	 1.117717	 0.499235	 0.492912	 0.120805	 0.499561	-0.328029	 1.184032	 1.139408	-1.653136	-0.579289	 0.609550
 0.434604	 1.160296	 0.499235	 0.495830	-0.071734	 0.499561	-0.560711	 1.179319	 1.146586	-1.646523	-0.576972	 0.607111
 0.434604	 0.679180	 0.499235	 0.497289	-0.168003	 0.499561	-0.675465	 0.674613	 1.147867	-1.639937	-0.574664	 0.604683
 0.434604	 0.438622	 0.499235	 0.498018	-0.216138	 0.499561	-0.731261	 0.422260	 1.146210	-1.633377	-0.572365	 0.602264
 0.434604	 0.818343	 0.499235	 0.498383	 0.259794	-0.000439	-0.757586	 0.796084	 1.143092	-1.626844	-0.570076	 0.099855
 0.434604	 1.005807	 0.499235	 0.498565	 0.496289	-0.249438	-0.769180	 0.980656	 1.139253	-1.620336	-0.567795	-0.151349
 0.434604	 1.097153	 0.499235	 0.498657	 0.613071	 0.126062	-0.773415	 1.070611	 1.135063	-1.613855	-0.565524	 0.223048
 0.434604	 1.140448	 0.499235	 0.498702	 0.670002	 0.312809	-0.773978	 1.113268	 1.130706	-1.607400	-0.563262	 0.409052
 0.434604	 1.159729	 0.499235	 0.498725	 0.697014	 0.406183	-0.772710	 1.132284	 1.126275	-1.600970	-0.561009	 0.500864
 0.434604	 1.167011	 0.499235	 0.498736	 0.709072	 0.452869	-0.770533	 1.139490	 1.121815	-1.594566	-0.558765	 0.545585
 0.434604	 1.168304	 0.499235	 0.498742	 0.713659	 0.476213	-0.767908	 1.140799	 1.117351	-1.588188	-0.556530	 0.566764
 0.434604	 0.666611	 0.499235	 0.498745	 0.714515	 0.487884	-0.765065	 1.139170	 1.112893	-1.581835	-0.554304	 0.076178
 0.434604	 0.415764	 0.499235	 0.498746	 0.713513	 0.493720	-0.762119	 1.136080	 1.108447	-1.575508	-0.552087	-0.169115
 0.434604	 0.790341	 0.499235	 0.498747	 0.211587	 0.496638	-0.259128	 1.132269	 1.104016	-1.569206	-0.549878	 0.208239
 0.434604	 0.975300	 0.499235	 0.498747	-0.039376	 0.498097	-0.007632	 1.128107	 1.099602	-1.562929	-0.547679	 0.395744
 0.434604	 1.065458	 0.499235	 0.498748	 0.335142	 0.498827	-0.381884	 1.123778	 1.095204	-1.556677	-0.545488	 0.488331
 0.434604	 1.108226	 0.499235	 0.498748	 0.520982	 0.499191	-0.567498	 1.119374	 1.090824	-1.550451	-0.543306	 0.533462
 0.434604	 1.127309	 0.499235	 0.498748	 0.612488	 0.499374	-0.658799	 1.114943	 1.086460	-1.544249	-0.541133	 0.554871
 0.434604	 1.134557	 0.499235	 0.498748	 0.656834	 0.499465	-0.202949	 1.110506	 0.582115	-1.538072	-0.538968	 0.564422
 0.434604	 1.135897	 0.499235	 0.498748	 0.677604	 0.499511	 0.024976	 1.106075	 0.329942	-1.531919	-0.536812	 0.568050
 0.434604	 1.134293	 0.499235	 0.498748	 0.686592	 0.499533	-0.361061	 1.101657	 0.703855	-1.525792	-0.534665	 0.568721
 0.434604	 1.131226	 0.499235	 0.498748	 0.689695	 0.499545	-0.552586	 1.097253	 0.888657	-1.519689	-0.532526	 0.567917
 0.434604	 1.127436	 0.499235	 0.498748	 0.689861	 0.499550	-0.646860	 1.092865	 0.978910	-1.513610	-0.530396	 0.566381
 0.434604	 0.623293	 0.499235	 0.498748	 0.688564	 0.499553	-0.692515	 1.088495	 1.021899	-1.507555	-0.528275	 0.064484
 0.434604	 0.371222	 0.499235	 0.498748	 0.686541	 0.499555	-0.713866	 1.084141	 1.041263	-1.501525	-0.526162	-0.186465
 0.434604	 0.245186	 0.499235	 0.498748	 0.684160	 0.499555	-0.723071	 1.079805	 1.048824	-1.495519	-0.524057	 0.188060
 0.434604	 0.182169	 0.499235	 0.498748	 0.681607	 0.499556	-0.726209	 1.075485	 1.050492	-1.489537	-0.521961	 0.374198
 0.434604	 0.150660	 0.499235	 0.498748	 0.678972	 0.499556	-0.726319	 1.071184	 1.049222	-1.483579	-0.519873	 0.466146
-0.065396	 0.134905	 0.499235	 0.498748	 0.676301	 0.499556	-0.224921	 1.066899	 1.046490	-1.477645	-0.517793	 0.511004
-0.314265	 0.127028	 0.499235	 0.498748	 0.673619	 0.499556	 0.025777	 1.062631	 1.043037	-1.471734	-0.515722	 0.532321
 0.062426	 0.623089	 0.499235	 0.498748	 0.670936	 0.499556	 0.151127	 1.058381	 0.539232	-1.465847	-0.513659	 0.541872
 0.250772	 0.868882	 0.499235	 0.498748	 0.668258	 0.499556	 0.213802	 1.054147	 0.287329	-1.459984	-0.511605	 0.545545
 0.344945	 0.989549	 0.499235	 0.498748	 0.665588	-0.000444	-0.254861	 1.049931	 0.661377	-1.454144	-0.509558	 0.546283
 0.392032	 1.047662	 0.499235	 0.498748	 0.662927	-0.249443	-0.487745	 1.045731	 0.846331	-1.448327	-0.507520	 0.545558
 0.415575	 1.074507	 0.499235	 0.498748	 0.660276	 0.126058	-0.602746	 1.041548	 0.936745	-1.442534	-0.505490	 0.544106
 0.427346	 1.085726	 0.499235	 0.498748	 0.657635	 0.312805	-0.658811	 1.037382	 0.979898	-1.436764	-0.503468	 0.542295
 0.433232	 1.089142	 0.499235	 0.498748	 0.655005	 0.406178	-0.685414	 1.033232	 0.999428	-1.431017	-0.501454	 0.540308
 0.436175	 0.588665	 0.499235	 0.498748	 0.652385	 0.452865	-0.697291	 1.029099	 1.007155	-1.425293	-0.500447	 0.538238
 0.437647	 0.338427	 0.499235	 0.498748	 0.649775	 0.476208	-0.701812	 1.024983	 1.008989	-1.419591	-0.499944	 0.536131
-0.061618	 0.713307	 0.499235	 0.498748	 0.647176	 0.487880	-0.702659	 1.020883	 1.007884	-1.413913	-0.499692	 0.534009
-0.310128	 0.898571	 0.499235	 0.498748	 0.644588	 0.493716	-0.701676	 1.016799	 1.005318	-1.408257	-0.499566	 0.531884
 0.066734	 0.989036	 0.499235	 0.498748	 0.642009	 0.496634	-0.199783	 1.012732	 1.002030	-1.402624	-0.499503	 0.529762
 0.255165	 1.032109	 0.499235	 0.498748	 0.639441	 0.498093	 0.051164	 1.008681	 0.998388	-1.397014	-0.499472	 0.527646
-0.150619	 1.051495	 0.499235	 0.498748	 0.136883	 0.498822	 0.176637	 1.004647	 0.994578	-1.391426	-0.999456	 0.525537
-0.352399	 1.059047	 0.499235	 0.498748	-0.114395	 0.499187	 0.239374	 1.000628	 0.990691	-1.385860	-1.246449	 0.523436
-0.452180	 1.060689	 0.499235	 0.498748	-0.240035	 0.499369	 0.270742	 0.996626	 0.986774	-1.380317	-1.366959	 0.521342
-0.000967	 1.059386	 0.499235	 0.498748	 0.197145	 0.499461	 0.286426	 0.992639	 0.982850	-1.374795	-1.424239	 0.519257
 0.224640	 1.056618	 0.499235	 0.498748	 0.414467	 0.499506	 0.294268	 0.988668	 0.978930	-1.369296	-1.449916	 0.517180
 0.337443	 0.553126	 0.499235	 0.498748	 0.021864	 0.499529	 0.298189	 0.984714	 0.975020	-1.363819	-0.959803	 0.515111
 0.393845	 0.301380	 0.499235	 0.498748	-0.174437	 0.499540	 0.300150	 0.980775	 0.971123	-1.358364	-0.714747	 0.513051
 0.422045	 0.175507	-0.000765	 0.498748	 0.227412	-0.000454	-0.198870	 0.976852	 0.967240	-1.352930	-0.592219	 0.510999
 0.436146	 0.112571	-0.249763	 0.498748	 0.427078	-0.249450	-0.446984	 0.972944	 0.963372	-1.347519	-0.530955	 0.508955
 0.443196	 0.581103	 0.125737	 0.498748	 0.525658	 0.126052	-0.569651	 0.969053	 0.959518	-1.342129	-0.500323	 0.506919
 0.446721	 0.813269	 0.312485	 0.498748	 0.573699	 0.312799	-0.629600	 0.965176	 0.955680	-1.336760	-0.485007	 0.504891
 0.448484	 0.927262	 0.405859	 0.498748	 0.596476	 0.406173	-0.658195	 0.961316	 0.951858	-1.331413	-0.477348	 0.502872
-0.050635	 0.482175	 0.452546	 0.498748	 0.606626	-0.047140	-0.171119	 0.957470	 0.448050	-1.826087	-0.973519	 0.500860
-0.299095	 0.259632	 0.475890	 0.498748	 0.610468	-0.272795	 0.072419	 0.953641	 0.196147	-2.068783	-1.218666	 0.499855
 0.077770	 0.648361	 0.487561	 0.498748	 0.111160	 0.114377	 0.194188	 0.949826	 0.570195	-1.685508	-0.838311	 0.499352
 0.266203	 0.840651	 0.493397	 0.498748	-0.138494	 0.306960	 0.255072	 0.946027	 0.755331	-1.491266	-0.648134	 0.499100
