-0.097431	 0.499777	-0.124809	 0.477100	 0.498829	 0.498330	 0.472078	 0.499079	 0.447480	 0.498408	-0.471730	-0.041549
-0.298256	 0.499777	-0.311563	 0.477100	 0.498829	 0.498330	 0.486740	 0.499080	 0.447480	 0.498408	-0.485347	-0.041549
 0.101332	 0.499777	 0.095061	 0.477100	 0.498829	 0.498330	 0.493068	 0.499080	 0.447480	 0.498408	-0.492156	-0.041549
 0.300123	 0.499777	 0.297369	 0.477100	 0.498829	 0.498330	 0.496232	 0.499080	 0.447480	 0.498408	-0.495560	-0.041549
 0.399519	 0.499777	 0.398523	 0.477100	 0.498829	 0.498330	 0.497814	 0.499080	 0.447480	 0.498408	-0.497262	-0.041549
 0.449217	 0.499777	-0.050899	 0.477100	 0.498829	 0.498330	-0.001395	 0.499080	 0.447480	 0.498408	-0.498113	-0.041549
 0.474066	 0.499777	-0.274610	 0.477100	 0.498829	 0.498330	-0.249998	 0.499080	 0.447480	 0.498408	-0.498539	-0.041549
 0.486491	 0.499777	-0.386466	 0.477100	 0.498829	 0.498330	 0.125700	 0.499080	 0.447480	 0.498408	-0.498751	-0.041549
 0.492703	 0.499777	-0.442393	 0.477100	 0.498829	 0.498330	 0.312547	 0.499080	 0.447480	 0.498408	-0.498858	-0.041549
 0.495809	 0.499777	 0.029643	 0.477100	 0.498829	 0.498330	 0.405970	 0.499080	 0.447480	 0.498408	-0.498911	-0.041549
 0.497362	 0.499777	 0.264657	 0.477100	 0.498829	 0.498330	 0.452681	 0.499080	 0.447480	 0.498408	-0.498938	-0.041549
 0.498139	 0.499777	-0.117835	 0.477100	 0.498829	 0.498330	 0.476037	 0.499080	 0.947480	 0.498408	-0.498951	-0.041549
 0.498527	 0.499777	-0.308081	 0.477100	 0.498829	 0.498330	 0.487715	 0.499080	 1.194585	 0.498408	-0.498957	-0.041549
 0.498721	 0.499777	-0.403204	 0.477100	 0.498829	 0.498330	 0.493554	 0.499080	 1.315254	 0.498408	-0.498961	-0.041549
 0.498818	 0.499777	 0.049235	 0.477100	 0.498829	 0.498330	 0.496473	 0.499080	 0.872717	 0.498408	 0.001038	-0.041549
 0.498867	 0.499777	 0.274451	 0.477100	 0.498829	 0.498330	 0.497933	 0.499080	 0.651448	 0.498408	 0.250035	-0.041549
 0.498891	 0.499777	-0.112941	 0.477100	 0.498829	 0.498330	-0.001337	 0.499080	 0.540814	 0.498408	-0.125467	-0.041549
 0.498903	 0.499777	-0.305636	 0.477100	 0.498829	 0.498330	-0.249971	 0.499080	 0.485497	 0.498408	-0.312216	-0.041549
 0.498909	 0.499777	 0.098016	 0.477100	 0.498829	 0.498330	 0.125712	 0.499080	 0.457838	 0.498408	-0.405590	 0.458451
 0.498912	 0.499777	 0.298839	 0.477100	 0.498829	 0.498330	 0.312551	 0.499080	 0.444009	 0.498408	-0.452277	 0.706534
 0.498914	 0.499777	 0.399250	 0.477100	 0.498829	 0.498330	 0.405970	 0.499080	 0.437094	 0.998408	-0.475621	 0.328666
 0.498915	 0.499777	 0.449456	 0.477100	 0.498829	 0.498330	 0.452680	 0.499080	 0.433637	 1.245411	-0.487293	 0.139733
 0.498915	 0.499777	 0.474559	 0.477100	 0.498829	 0.498330	 0.476035	 0.499080	 0.431908	 1.365928	-0.493128	 0.045266
 0.498915	 0.499777	 0.487110	 0.477100	 0.498829	 0.498330	 0.487712	 0.499080	 0.431044	 0.923214	-0.496046	-0.001968
 0.498915	 0.499777	 0.493386	 0.477100	 0.498829	 0.498330	 0.493551	 0.499080	 0.430612	 0.701856	-0.497505	-0.025584
-0.001085	 0.499777	 0.496524	 0.477100	 0.498829	 0.498330	 0.496470	 0.499080	 0.430396	 0.591178	-0.498235	-0.037393
-0.250082	 0.499777	 0.498093	 0.477100	 0.498829	 0.498330	 0.497930	 0.499080	 0.430288	 0.535838	-0.498600	-0.043297
 0.125419	 0.499777	 0.498877	 0.477100	 0.498829	 0.498330	 0.498660	 0.499080	 0.430234	 0.508169	-0.498782	-0.046249
 0.312167	 0.499777	 0.499269	 0.477100	 0.498829	 0.498330	 0.499025	 0.499080	 0.430207	 0.494334	-0.498873	-0.047725
 0.405542	 0.499777	-0.000535	 0.477100	 0.498829	 0.498330	 0.499207	 0.499080	 0.430193	 0.487417	-0.498919	-0.048463
 0.452229	 0.499777	-0.249436	 0.477100	 0.498829	 0.498330	 0.499299	 0.499080	 0.430187	 0.483958	-0.498942	-0.048832
 0.475572	 0.499777	-0.373887	 0.477100	 0.498829	 0.498330	 0.499344	 0.499080	 0.430183	 0.482229	-0.498953	-0.049017
 0.487244	 0.499777	-0.436112	 0.477100	 0.498829	 0.498330	 0.499367	 0.499080	 0.430181	 0.481364	-0.498959	-0.049109
 0.493080	 0.499777	-0.467225	 0.477100	 0.498829	 0.498330	 0.499378	 0.499080	 0.430181	 0.480932	-0.498962	-0.049155
-0.004002	 0.499777	-0.482781	 0.477100	 0.498829	 0.498330	 0.499384	 0.499080	 0.430180	 0.480715	-0.498963	-0.049178
-0.251541	 0.499777	-0.490559	 0.477100	 0.498829	 0.498330	 0.499387	 0.499080	 0.430180	 0.480607	-0.498964	-0.049190
-0.375310	 0.499777	-0.494448	 0.477100	 0.498829	 0.498330	 0.499388	 0.499080	 0.430180	 0.480553	-0.498964	-0.049195
-0.437195	 0.499777	-0.496393	 0.477100	 0.498829	 0.498330	 0.499389	 0.499080	 0.430180	 0.480526	-0.498964	-0.049198
-0.468137	 0.499777	-0.497365	 0.477100	 0.498829	 0.498330	 0.499389	 0.499080	 0.430180	 0.480513	-0.498964	-0.049200
-0.483608	 0.499777	-0.497851	 0.477100	 0.498829	 0.498330	 0.499390	 0.499080	 0.430180	 0.480506	-0.498964	-0.049200
-0.491344	 0.499777	-0.498094	 0.477100	 0.498829	 0.498330	 0.499390	 0.499080	 0.430180	 0.480503	-0.498964	-0.049201
-0.495212	 0.499777	-0.498216	 0.477100	 0.498829	 0.498330	 0.499390	 0.499080	 0.430180	 0.480501	-0.498964	-0.049201
-0.497146	 0.499777	-0.498276	 0.477100	 0.498829	 0.498330	 0.499390	 0.499080	 0.430180	 0.480500	-0.498964	-0.049201
-0.498113	 0.499777	-0.498307	 0.477100	 0.498829	 0.498330	 0.499390	 0.499080	 0.430180	 0.480500	-0.498964	-0.049201
-0.498596	 0.499777	-0.498322	 0.477100	 0.498829	 0.498330	 0.499390	 0.499080	 0.430180	 0.480499	-0.498964	-0.049201
 0.001162	 0.499777	-0.498330	 0.477100	 0.498829	 0.498330	 0.499390	 0.499080	 0.430180	 0.480499	-0.498964	-0.049201
 0.250039	 0.499777	-0.498333	 0.477100	 0.498829	 0.498330	 0.499390	 0.499080	 0.430180	 0.480499	-0.498964	-0.049201
 0.374478	 0.499777	-0.498335	 0.477100	 0.498829	 0.498330	 0.499390	 0.499080	 0.430180	 0.480499	-0.498964	-0.049201
 0.436697	 0.499777	-0.498336	 0.477100	 0.498829	 0.498330	 0.499390	 0.499080	 0.430180	 0.480499	-0.498964	-0.049201
 0.467807	 0.499777	-0.498337	 0.477100	 0.498829	 0.498330	 0.499390	 0.499080	 0.430180	 0.480499	-0.498964	-0.049201
 0.483362	 0.499777	 0.001663	 0.477100	 0.498829	 0.498330	 0.499390	 0.499080	 0.430180	 0.480499	-0.498964	-0.049201
 0.491139	 0.499777	 0.250660	 0.477100	 0.498829	 0.498330	 0.499390	 0.499080	 0.430180	 0.480499	-0.498964	-0.049201
-0.004972	 0.499777	-0.124842	 0.477100	 0.498829	 0.498330	 0.999390	-0.000920	 0.430180	 0.480499	-0.498964	-0.049201
-0.252025	 0.499777	-0.311592	 0.477100	 0.498829	 0.498330	 1.246391	-0.249918	 0.430180	 0.480499	-0.498964	-0.049201
 0.124448	 0.499777	 0.095033	 0.477100	 0.498829	 0.498330	 0.366905	 0.125583	 0.430180	 0.480499	-0.498964	-0.049201
 0.311683	 0.499777	 0.297342	 0.477100	 0.498829	 0.498330	-0.071813	 0.312331	 0.430180	 0.480499	-0.498964	-0.049201
 0.405300	 0.499777	-0.101504	 0.477100	 0.498829	 0.498330	 0.209849	 0.405705	 0.430180	 0.480499	-0.498964	-0.049201
 0.452109	 0.499777	-0.299926	 0.477100	 0.498829	 0.498330	 0.350680	 0.452393	 0.430180	 0.480499	-0.498964	-0.049201
 0.475513	 0.499777	-0.399137	 0.477100	 0.498829	 0.498330	 0.421096	 0.475736	 0.430180	 0.480499	-0.498964	-0.049201
 0.487215	 0.499777	-0.448742	-0.022900	 0.498829	 0.498330	 0.456303	 0.487408	 0.430180	 0.480499	-0.498964	-0.049201
 0.493066	 0.499777	-0.473545	-0.271854	 0.498829	 0.498330	 0.473907	 0.493244	 0.430180	 0.480499	-0.498964	-0.049201
 0.495992	 0.499777	-0.485946	 0.104711	 0.498829	-0.001670	 0.482709	 0.496162	 0.430180	 0.480499	-0.498964	-0.049201
 0.497455	 0.499777	-0.492147	 0.292993	 0.498829	-0.250666	 0.487110	 0.497621	 0.430180	 0.480499	-0.498964	-0.049201
 0.498186	 0.499777	-0.495247	 0.387134	 0.498829	 0.124835	 0.489311	 0.498350	 0.430180	 0.480499	-0.498964	-0.049201
 0.498552	 0.499777	-0.496797	 0.434205	 0.498829	 0.311586	 0.490411	 0.498715	 0.430180	 0.480499	-0.498964	-0.049201
 0.498734	 0.499777	-0.497573	 0.457740	 0.498829	 0.404961	-0.009039	 0.498897	 0.430180	 0.480499	-0.498964	-0.049201
 0.498826	 0.499777	-0.497960	 0.469508	 0.498829	 0.451648	-0.257747	 0.498988	 0.430180	 0.480499	-0.498964	-0.049201
 0.498872	 0.499777	-0.498154	 0.475391	 0.498829	 0.474992	 0.118912	 0.499034	 0.430180	 0.480499	-0.498964	-0.049201
 0.498894	 0.499777	-0.498251	 0.478333	 0.498829	 0.486664	 0.307241	 0.499057	 0.430180	 0.480499	-0.498964	-0.049201
 0.498906	 0.499777	-0.498299	 0.479804	 0.498829	 0.492500	 0.401406	 0.499068	 0.430180	 0.480499	-0.498964	-0.049201
 0.498912	 0.499777	-0.498323	 0.480540	 0.498829	 0.495418	 0.448488	 0.499074	 0.430180	 0.480499	-0.498964	-0.049201
 0.498914	 0.499777	-0.498336	 0.480907	 0.498829	 0.496877	 0.472030	 0.499077	 0.430180	 0.480499	-0.498964	-0.049201
 0.498916	 0.499777	-0.498342	 0.481091	 0.498829	 0.497606	 0.483800	 0.499078	 0.430180	 0.480499	-0.498964	-0.049201
 0.498917	 0.499777	-0.498345	 0.481183	 0.498829	 0.497971	 0.489686	 0.499079	 0.430180	 0.480499	-0.498964	-0.049201
 0.498917	 0.499777	-0.498346	 0.481229	 0.498829	 0.498153	 0.492628	 0.499079	 0.430180	 0.480499	-0.498964	-0.049201
 0.498917	 0.499777	-0.498347	 0.481252	 0.498829	 0.498245	 0.494100	 0.499079	 0.430180	 0.480499	-0.498964	-0.049201
 0.498917	 0.499777	-0.498347	 0.481264	 0.498829	 0.498290	 0.494835	 0.499080	 0.430180	 0.480499	-0.498964	-0.049201
 0.498917	 0.499777	-0.498347	 0.481269	 0.498829	-0.001687	 0.495203	-0.000920	 0.430180	 0.480499	-0.498964	-0.049201
 0.498917	 0.499777	-0.498348	 0.481272	 0.498829	-0.250672	 0.495387	-0.249919	 0.430180	 0.480499	-0.498964	-0.049201
 0.498917	 0.499777	-0.498348	 0.481274	 0.498829	 0.124835	 0.495479	 0.125582	 0.430180	 0.480499	-0.498964	-0.049201
 0.498917	 0.499777	-0.498348	 0.481274	 0.498829	 0.311588	 0.495525	 0.312331	 0.430180	 0.480499	-0.498964	-0.049201
 0.498917	 0.499777	-0.498348	 0.481275	 0.498829	 0.404964	 0.495548	 0.405705	 0.430180	 0.480499	-0.498964	-0.049201
 0.498917	 0.499777	-0.498348	 0.481275	 0.498829	 0.451653	 0.495559	 0.452392	 0.430180	 0.480499	-0.498964	-0.049201
 0.498917	 0.499777	-0.498348	 0.481275	 0.498829	 0.474997	 0.495565	-0.024265	 0.430180	 0.480499	-0.498964	-0.049201
 0.498917	 0.499777	-0.498348	 0.481275	 0.498829	 0.486669	 0.495568	-0.261591	 0.430180	 0.480499	-0.498964	-0.049201
-0.001083	 0.499777	-0.498348	 0.481275	 0.498829	 0.492505	 0.495569	 0.119746	 0.430180	 0.480499	-0.498964	-0.049201
-0.250080	 0.499777	-0.498348	 0.481275	 0.498829	 0.495423	 0.495570	 0.309412	 0.430180	 0.480499	-0.498964	-0.049201
-0.374579	 0.499777	-0.498348	 0.481275	 0.498829	 0.496882	 0.495570	 0.404245	 0.430180	 0.480499	-0.498964	-0.049201
 0.063171	 0.499777	-0.498348	 0.481275	 0.498829	 0.497611	 0.495571	 0.451662	 0.430180	 0.480499	-0.498964	-0.049201
 0.281045	 0.499777	-0.498348	 0.481275	 0.498829	 0.497976	 0.495571	 0.475370	 0.430180	 0.480499	-0.498964	-0.049201
 0.389981	 0.499777	 0.001652	 0.481275	 0.498829	 0.498159	 0.495571	 0.487224	 0.430180	 0.480499	-0.498964	-0.049201
 0.444450	 0.499777	 0.250649	 0.481275	 0.498829	 0.498250	 0.495571	 0.493151	 0.430180	 0.480499	-0.498964	-0.049201
 0.471684	 0.499777	-0.124853	 0.481275	 0.498829	 0.498295	-0.004429	 0.496115	 0.430180	 0.480499	-0.498964	-0.049201
 0.485301	 0.499777	-0.311603	 0.481275	 0.498829	 0.498318	-0.253420	 0.497597	 0.430180	 0.480499	-0.498964	-0.049201
 0.492109	 0.499777	-0.404978	 0.481275	 0.498829	 0.498330	-0.376911	 0.498337	 0.430180	 0.480499	-0.498964	-0.049201
 0.495514	 0.499777	-0.451665	 0.481275	 0.498829	 0.498335	-0.437656	 0.498708	 0.430180	 0.480499	-0.498964	-0.049201
 0.497216	 0.499777	-0.475009	 0.481275	 0.498829	 0.498338	-0.468028	 0.498893	 0.430180	 0.480499	-0.498964	-0.049201
 0.498067	 0.499777	-0.486681	 0.481275	 0.498829	 0.498340	-0.483214	 0.498986	 0.430180	 0.480499	-0.498964	-0.049201
 0.498492	 0.499777	 0.007483	 0.481275	 0.498829	 0.498340	 0.009193	 0.499032	 0.430180	 0.480499	 0.001036	-0.049201
 0.498705	 0.499777	 0.253562	 0.481275	 0.498829	 0.498341	 0.254393	 0.499055	 0.430180	 0.480499	 0.250034	-0.049201
 0.498812	 0.499777	 0.376601	 0.481275	 0.498829	 0.498341	 0.376993	 0.499067	 0.430180	 0.480499	 0.374533	-0.049201
 0.498865	 0.499777	-0.061879	 0.481275	 0.498829	 0.498341	 0.438293	 0.499073	 0.430180	 0.480499	-0.063218	-0.049201
 0.498891	 0.499777	-0.280119	 0.481275	 0.498829	 0.498341	 0.468943	 0.499075	 0.430180	 0.480499	-0.281091	-0.049201
 0.498905	 0.499777	 0.110762	 0.481275	 0.498829	 0.498341	 0.484268	 0.499077	 0.430180	 0.480499	-0.390028	 0.450799
 0.498911	 0.499777	 0.305199	 0.481275	 0.498829	 0.498341	 0.491931	 0.499078	 0.430180	 0.480499	-0.444496	 0.698897
 0.498915	 0.499777	 0.402417	 0.481275	 0.498829	 0.498341	 0.495762	 0.499078	 0.430180	 0.480499	-0.471730	 0.821052
 0.498916	 0.499777	 0.451026	 0.481275	 0.498829	 0.498341	 0.497678	 0.499078	 0.930180	 0.480499	-0.485348	 0.380244
 0.498917	 0.499777	 0.475331	 0.481275	 0.498829	 0.498341	 0.498636	 0.499078	 1.177319	 0.480499	-0.492156	 0.159839
 0.498918	 0.499777	 0.487483	 0.481275	 0.498829	 0.498341	 0.499115	 0.499078	 1.298040	 0.480499	-0.495560	 0.549637
 0.498918	 0.499777	 0.493559	 0.481275	 0.498829	 0.498341	 0.499354	 0.499078	 1.355563	 0.480499	-0.497263	 0.742657
 0.498918	 0.499777	 0.496597	 0.481275	 0.498829	 0.498341	 0.499474	 0.499078	 1.381499	 0.980499	-0.498114	 0.337296
 0.498918	 0.499777	 0.498116	 0.481275	 0.498829	 0.498341	 0.499534	 0.499078	 1.391651	 1.227538	-0.498539	 0.134615
 0.498918	 0.499777	 0.498876	 0.481275	 0.498829	 0.498341	 0.499563	 0.499078	 1.393924	 0.848109	-0.498752	 0.033275
 0.498918	 0.499777	 0.499256	 0.481275	 0.498829	 0.498341	 0.499578	 0.499078	 1.392268	 0.658394	-0.498858	-0.017395
 0.498918	 0.499777	 0.499446	 0.481275	 0.498829	 0.498341	 0.499586	 0.499078	 1.388659	 0.563536	-0.498911	-0.042731
 0.498918	 0.499777	 0.499540	 0.481275	 0.498829	 0.498341	 0.499590	 0.499078	 0.884084	 0.016108	 0.001062	-0.055398
 0.498918	 0.499777	 0.499588	 0.481275	 0.498829	 0.498341	 0.499592	 0.499078	 0.631797	-0.256544	 0.250047	-0.061732
 0.498918	 0.499777	 0.499612	 0.481275	 0.498829	 0.498341	 0.499592	 0.499078	 0.505653	 0.608188	-0.125461	 0.435101
 0.498918	 0.499777	 0.499624	 0.481275	 0.498829	 0.498341	 0.499593	 0.499078	 0.442581	 1.037609	-0.312213	 0.681654
 0.498918	 0.499777	 0.499629	 0.481275	 0.498829	 0.498341	 0.499593	 0.499078	 0.911045	 0.249385	-0.405589	 0.303074
 0.498918	 0.499777	 0.499632	 0.481275	 0.498829	 0.498341	 0.499593	 0.499078	 1.142518	-0.143649	-0.452277	 0.113784
 0.498918	 0.499777	 0.499634	 0.481275	 0.498829	 0.498341	 0.499593	 0.499078	 0.755507	 0.160907	-0.475621	 0.019139
 0.498918	 0.499777	 0.499635	 0.481275	 0.498829	 0.498341	 0.499593	 0.499078	 0.562001	 0.313185	-0.487293	-0.028184
 0.498918	 0.499777	 0.499635	 0.481275	 0.498829	 0.498341	 0.499593	 0.499078	 0.465248	 0.389324	-0.493129	-0.051845
 0.498918	 0.499777	 0.499635	 0.481275	 0.498829	 0.498341	 0.499593	 0.499078	 0.916872	 0.427394	-0.496047	 0.436324
 0.498918	 0.499777	 0.499635	 0.481275	 0.498829	 0.498341	 0.499593	 0.499078	 1.139947	 0.446428	-0.497506	 0.678560
 0.498918	 0.499777	 0.499635	 0.481275	 0.498829	 0.498341	 0.499593	 0.499078	 0.748758	 0.455946	-0.498235	 0.297836
 0.498918	 0.499777	 0.499635	 0.481275	 0.498829	 0.498341	 0.499593	 0.499078	 0.553164	 0.460705	-0.498600	 0.107474
 0.498918	 0.499777	 0.499635	 0.481275	 0.498829	 0.498341	 0.499593	 0.499078	-0.044633	 0.463084	-0.498783	 0.012294
 0.498918	 0.499777	 0.499635	 0.481275	 0.498829	 0.498341	 0.499593	 0.499078	-0.342247	 0.464274	-0.498874	-0.035297
 0.498918	 0.499777	-0.000365	 0.481275	 0.498829	 0.498341	 0.499593	 0.499078	 0.010226	 0.464868	-0.498919	-0.059092
 0.498918	 0.499777	-0.249364	 0.481275	 0.498829	 0.498341	 0.499593	 0.499078	 0.186462	 0.465166	-0.498942	-0.070990
 0.498918	 0.499777	-0.373863	 0.481275	 0.498829	 0.498341	 0.499593	 0.499078	 0.274580	 0.465315	-0.498954	-0.076939
 0.498918	 0.499777	 0.063887	 0.481275	 0.498829	 0.498341	 0.499593	 0.499078	 0.318639	 0.465389	-0.498959	-0.079913
 0.498918	 0.499777	 0.281759	 0.481275	 0.498829	 0.498341	 0.499593	 0.499078	 0.340669	 0.465426	-0.498962	-0.081400
 0.498918	 0.499777	 0.390694	 0.481275	 0.498829	 0.498341	 0.499593	 0.499078	 0.351684	 0.465445	-0.498963	-0.082144
 0.498918	 0.499777	 0.445162	 0.481275	 0.498829	 0.498341	 0.499593	 0.499078	 0.357191	 0.465454	-0.498964	-0.082516
 0.498918	 0.499777	-0.027604	 0.481275	 0.498829	 0.498341	 0.499593	 0.499078	 0.359945	 0.465459	-0.498965	 0.417299
 0.498918	 0.499777	-0.262986	 0.481275	 0.498829	 0.498341	 0.499593	 0.499078	 0.361322	 0.465461	-0.498965	 0.665371
 0.498918	 0.499777	 0.119323	 0.481275	 0.498829	 0.498341	 0.499593	 0.499078	 0.362010	-0.034538	-0.498965	 0.287581
 0.498918	 0.499777	 0.309474	 0.481275	 0.498829	 0.498341	 0.499593	 0.499078	 0.362354	-0.283468	-0.498965	 0.098686
 0.498918	 0.499777	 0.404550	 0.481275	 0.498829	 0.498341	 0.499593	 0.499078	 0.362526	-0.406869	-0.498965	 0.004238
 0.498918	 0.499777	 0.452087	 0.481275	 0.498829	 0.498341	 0.499593	 0.499078	 0.862612	 0.032492	-0.498965	-0.042986
 0.498918	 0.499777	 0.475856	 0.481275	 0.498829	 0.498341	 0.499593	 0.499078	 1.109930	 0.252172	-0.498965	-0.066598
 0.498918	 0.499777	 0.487741	 0.481275	 0.498829	 0.998341	 0.499593	 0.499078	 1.230874	 0.362012	 0.001035	-0.078404
 0.498918	 0.499777	 0.493683	 0.481275	 0.498829	 1.245344	 0.499593	 0.499078	 1.288643	 0.416932	 0.250033	-0.084307
 0.498918	 0.499777	 0.496654	 0.481275	 0.498829	 0.365861	 0.499593	 0.499078	 0.814834	 0.444392	-0.125468	-0.087258
 0.498918	 0.499777	 0.498140	 0.481275	 0.498829	-0.072853	 0.499593	 0.499078	 0.577930	 0.458122	-0.312217	-0.088734
 0.498918	 0.499777	 0.498883	 0.981275	 0.498829	 0.208813	-0.000407	 0.499078	 0.959478	 0.464987	-0.405591	-0.089472
 0.498918	 0.499777	 0.499254	 1.228313	 0.498829	 0.349646	-0.249406	 0.499078	 1.147570	 0.468420	-0.452278	-0.089841
 0.498918	 0.499777	-0.000560	 0.848881	 0.498829	 0.420063	 0.126095	 0.499078	 1.238944	 0.470136	 0.024378	 0.409975
 0.498918	 0.499777	-0.249467	 0.659165	 0.498829	 0.455271	 0.312842	 0.499078	 1.281971	 0.470994	 0.261705	 0.658063
 0.498918	 0.499777	-0.373920	 0.564307	 0.498829	 0.472875	 0.406215	 0.499078	 1.300834	 0.471423	 0.380368	 0.780295
 0.498918	 0.499777	-0.436147	 0.516878	 0.498829	 0.481677	 0.452902	 0.499078	 1.307627	-0.028362	-0.060301	 0.339606
 0.498918	 0.499777	-0.467260	 0.493163	 0.498829	 0.486078	 0.476245	 0.499078	 1.308394	-0.277199	-0.279633	 0.119261
 0.498918	 0.499777	 0.017183	 0.481306	 0.498829	 0.488278	 0.487917	 0.499078	 0.806159	 0.599435	-0.389299	 0.009089
 0.498918	 0.499777	 0.258402	 0.475377	 0.498829	 0.489379	 0.493753	 0.499078	 0.555042	 1.034800	-0.444132	-0.045997
 0.498918	 0.499777	-0.120989	 0.472413	 0.498829	 0.489929	 0.496671	 0.499078	 0.429483	 0.749542	-0.471549	-0.073540
 0.498918	 0.499777	-0.309684	 0.470931	 0.498829	 0.490204	 0.498130	 0.499078	 0.366704	 0.606913	-0.485257	-0.087312
 0.498918	 0.499777	 0.095969	 0.470190	 0.498829	 0.490341	 0.498859	 0.499078	 0.335314	 0.035598	-0.492111	-0.094198
 0.498918	 0.499777	 0.297792	 0.469819	 0.498829	 0.490410	 0.499224	 0.499078	 0.319620	-0.248987	-0.495538	-0.097641
 0.498918	 0.499777	 0.398704	 0.469634	 0.498829	 0.490445	 0.499406	 0.499078	 0.311772	-0.390213	-0.497252	-0.099362
-0.001082	 0.499777	-0.050840	 0.469541	-0.001171	 0.490462	 0.499497	 0.499078	 0.307848	 0.040237	-0.498109	-0.100223
-0.250080	 0.499777	-0.274612	 0.469495	-0.250168	 0.490470	 0.499543	 0.499078	 0.305887	 0.255462	-0.498537	-0.100653
 0.125421	 0.499777	-0.386497	 0.469472	 0.125333	 0.490475	 0.499566	 0.499078	 0.304906	 0.363074	-0.498751	-0.100868
 0.312170	 0.499777	-0.442440	 0.469460	 0.312082	 0.490477	 0.499577	 0.499078	 0.304415	 0.416881	-0.498858	-0.100976
 0.405544	 0.499777	-0.470412	 0.469454	 0.405456	 0.490478	 0.499583	 0.499078	 0.804170	 0.443784	-0.498912	-0.101030
 0.452231	 0.499777	-0.484397	 0.469452	 0.452144	 0.490478	 0.499586	 0.499078	 1.051439	 0.457235	-0.498939	-0.101057
 0.475575	 0.499777	 0.008610	 0.469450	 0.475487	 0.490479	 0.499587	 0.499078	 0.672477	 0.463961	-0.498952	-0.101070
 0.487247	 0.499777	 0.254110	 0.469449	 0.487159	 0.490479	 0.499588	 0.499078	 0.482995	 0.467324	-0.498959	-0.101077
 0.493083	 0.499777	 0.376860	 0.469449	 0.492995	 0.490479	 0.499588	 0.499078	 0.388255	 0.469005	-0.498962	-0.101080
 0.496001	 0.499777	 0.438235	 0.469449	 0.495913	 0.490479	 0.499588	 0.499078	 0.340885	 0.469846	 0.001036	-0.101082
 0.497460	 0.499777	 0.468923	 0.469449	 0.497372	 0.490479	 0.499589	 0.499078	 0.317199	 0.470266	 0.250033	-0.101083
 0.498189	 0.499777	 0.484267	 0.469449	 0.498101	 0.490479	 0.499589	 0.499078	 0.305357	 0.470477	-0.125468	-0.101083
 0.498554	 0.499777	 0.491938	 0.469449	 0.498466	 0.490479	 0.499589	 0.499078	 0.299435	 0.470582	-0.312217	-0.101083
 0.498736	 0.499777	 0.495774	 0.469449	 0.498648	 0.490479	 0.499589	-0.000922	 0.296475	 0.470634	-0.405591	-0.101083
 0.498827	 0.499777	 0.497692	 0.469449	 0.498740	 0.490479	 0.499589	-0.249920	 0.294994	 0.470660	-0.452279	-0.101083
 0.498873	 0.499777	 0.498651	 0.469449	 0.498785	 0.490479	 0.499589	 0.125581	 0.294254	 0.970674	 0.024378	-0.101083
 0.498896	 0.499777	 0.499131	 0.469449	 0.498808	 0.490479	 0.499589	 0.312329	 0.293884	 1.217739	 0.261704	-0.101083
 0.498907	 0.499777	 0.499371	 0.469449	 0.498819	 0.490479	 0.499589	 0.405704	 0.293699	 1.338342	 0.380367	-0.101083
 0.498913	 0.499777	-0.000509	 0.469449	 0.498825	 0.490479	 0.499589	 0.452391	 0.793607	 0.895725	-0.060301	 0.398917
 0.498916	 0.499777	-0.249449	 0.469449	 0.498828	 0.490479	 0.499589	 0.475734	 1.040973	 0.674417	-0.279634	 0.647119
 0.498917	 0.499777	-0.373918	 0.469449	 0.498829	 0.490479	 0.499589	 0.487406	 1.162080	 0.563763	-0.389300	 0.769429
 0.498918	 0.499777	 0.063847	 0.469449	 0.498830	 0.490479	 0.499589	 0.493242	 0.720067	 0.508436	-0.444133	 0.328801
 0.498918	 0.499777	 0.281726	 0.469449	 0.498830	 0.490479	 0.499589	 0.496160	 0.499061	 0.480773	-0.471549	 0.108487
 0.498918	 0.499777	 0.390666	 0.469449	 0.498831	-0.009521	 0.499589	 0.497619	 0.388557	 0.466941	-0.485258	-0.001670
 0.498919	 0.499777	 0.445136	 0.469449	 0.498831	-0.258502	 0.499589	 0.498348	 0.333306	 0.460025	-0.492112	-0.056749
 0.498919	 0.499777	 0.472371	 0.469449	 0.498831	 0.118023	 0.499589	 0.498713	 0.305680	 0.456567	-0.495539	-0.084288
 0.498919	 0.499777	 0.485988	 0.469449	 0.498831	 0.306285	 0.499589	 0.498895	 0.291867	 0.454838	-0.497252	-0.098058
 0.498919	 0.499777	 0.492797	 0.469449	 0.498831	 0.400416	 0.499589	 0.498987	 0.284960	 0.453974	-0.498109	-0.104943
 0.498919	 0.499777	-0.003799	 0.469449	 0.498831	 0.447481	 0.499589	 0.499032	 0.281507	 0.453541	-0.498538	-0.108385
 0.498919	 0.499777	-0.251096	 0.469449	 0.498831	 0.471014	 0.499589	 0.499055	 0.279781	 0.453325	-0.498752	-0.110106
 0.498919	 0.499777	 0.125256	 0.469449	 0.498831	 0.482781	 0.499589	 0.499066	 0.278917	-0.046783	-0.498859	-0.110967
 0.498919	 0.499777	 0.312428	 0.469449	 0.498831	 0.488664	 0.499589	 0.499072	 0.278486	-0.295743	-0.498912	-0.111397
 0.498919	 0.499777	 0.406014	 0.469449	 0.498831	 0.491605	 0.499589	 0.499075	 0.278270	 0.080866	-0.498939	-0.111612
 0.498919	 0.499777	 0.452808	 0.469449	 0.498831	 0.493076	 0.499589	 0.499076	 0.278162	 0.269171	-0.498953	-0.111720
 0.498919	 0.499777	 0.476204	 0.469449	 0.498831	 0.493812	 0.499589	 0.499077	 0.278108	 0.363323	-0.498959	-0.111774
 0.498919	 0.499777	 0.487902	 0.469449	 0.498831	 0.494179	 0.499589	 0.499077	 0.278081	 0.410399	-0.498963	-0.111800
 0.498919	 0.499777	 0.493751	 0.469449	 0.498831	 0.494363	 0.499589	 0.499078	 0.278067	 0.433937	-0.498964	-0.111814
 0.498919	 0.499777	 0.496676	 0.469449	 0.498831	 0.494455	 0.499589	 0.499078	 0.278061	 0.445706	-0.498965	-0.111821
 0.498919	 0.499777	 0.498138	 0.469449	 0.498831	 0.494501	 0.499589	 0.499078	 0.278057	 0.451591	-0.498966	-0.111824
 0.498919	 0.499777	-0.001131	 0.469449	 0.498831	 0.494524	 0.499589	 0.499078	 0.778056	 0.454533	-0.498966	-0.111826
 0.498919	 0.499777	-0.249764	 0.469449	 0.498831	 0.494536	 0.499589	 0.499078	 1.025499	 0.456004	-0.498966	-0.111827
-0.001081	 0.499777	 0.125919	 0.469449	 0.498831	 0.494541	 0.499589	 0.499078	 0.646674	 0.456740	-0.498966	 0.388173
-0.250079	 0.499777	 0.312757	 0.469449	 0.498831	 0.494544	 0.499589	 0.499078	 0.457262	 0.457108	-0.498966	 0.636396
 0.125422	 0.499777	 0.406177	 0.469449	 0.498831	 0.494546	 0.499589	 0.499078	 0.362556	 0.457292	-0.498966	 0.258739
 0.312171	 0.499777	 0.452886	 0.469449	 0.498831	 0.494546	 0.499589	 0.499078	 0.315203	 0.457383	-0.498966	 0.069910
 0.405545	 0.499777	 0.476241	 0.469449	 0.498831	 0.494547	 0.499589	 0.499078	 0.291527	 0.457429	-0.498966	-0.024504
 0.452232	 0.499777	 0.487918	 0.469449	 0.498831	 0.494547	 0.499589	 0.499078	 0.279688	 0.457452	-0.498966	-0.071711
 0.475576	 0.499777	 0.493757	 0.469449	 0.498831	 0.494547	 0.499589	 0.499078	 0.273769	 0.457464	-0.498966	-0.095315
 0.487247	 0.499777	-0.003324	 0.469449	 0.498831	 0.494547	 0.499589	 0.499078	 0.270810	 0.457470	-0.498966	 0.392883
 0.493083	 0.499777	-0.250863	 0.469449	 0.498831	 0.494547	 0.499589	 0.499078	 0.269330	 0.457473	-0.498966	 0.635220
 0.496001	 0.499777	-0.374633	 0.469449	 0.498831	 0.494547	-0.000411	 0.499078	 0.268590	 0.457474	-0.498966	 0.254634
 0.497460	 0.499777	-0.436518	 0.469449	 0.498831	 0.494547	-0.249411	 0.499078	 0.268220	 0.457475	-0.498966	 0.064340
 0.498190	 0.499777	-0.467460	 0.469449	 0.498831	-0.005453	 0.126090	 0.499078	 0.768035	 0.457475	-0.498966	-0.030806
 0.498555	 0.499777	-0.482931	 0.469449	 0.498831	-0.254442	 0.312837	 0.499078	 1.015407	 0.457475	-0.498966	-0.078380
 0.498737	 0.499777	 0.009333	 0.469449	 0.498831	 0.122070	 0.406210	 0.499078	 0.636567	 0.457475	-0.498966	-0.102166
 0.498828	 0.499777	 0.254462	 0.469449	 0.498831	 0.310326	 0.452897	 0.499078	 0.447147	 0.457475	-0.498966	-0.114060
 0.498874	 0.499777	 0.377027	 0.469449	 0.498831	 0.404454	 0.476241	 0.499078	 0.352437	 0.457475	-0.498966	-0.120006
 0.498896	 0.499777	-0.061691	 0.469449	 0.498831	 0.451519	 0.487912	 0.499078	 0.805082	 0.457475	 0.001034	 0.377020
 0.498908	 0.499777	-0.280049	 0.469449	 0.498831	 0.475051	 0.493748	 0.499078	 1.028890	 0.457475	 0.250032	 0.623785
 0.498914	 0.499777	-0.389228	 0.469449	 0.498831	 0.486817	 0.496666	 0.499078	 0.638288	 0.457475	-0.125469	 0.245427
 0.498916	 0.499777	-0.443818	 0.469449	 0.498831	 0.492700	 0.498125	 0.499078	 0.442987	 0.457475	-0.312218	 0.056248
 0.498918	 0.499777	 0.028887	 0.469449	 0.498831	 0.495641	 0.498854	 0.499078	 0.345336	 0.457475	-0.405592	-0.038342
 0.498919	 0.499777	 0.264237	 0.469449	 0.498831	 0.497112	 0.499219	 0.499078	 0.296511	 0.457475	-0.452279	-0.085637
 0.498919	 0.499777	 0.381912	 0.469449	 0.498831	 0.497847	 0.499402	 0.499078	 0.772098	 0.457475	-0.475623	-0.109284
 0.498919	 0.499777	 0.440749	 0.469449	 0.498831	 0.498215	 0.499493	 0.499078	 1.007397	 0.457475	-0.487294	-0.121108
 0.498919	 0.499777	 0.470168	 0.469449	 0.498831	 0.498399	 0.499538	 0.499078	 1.122561	 0.457475	-0.493130	-0.127020
 0.498919	 0.499777	 0.484877	 0.469449	 0.498831	 0.498491	 0.499561	 0.499078	 1.177667	 0.457475	-0.496048	 0.370024
 0.498919	 0.499777	 0.492232	 0.469449	 0.498831	 0.498537	 0.499573	 0.499078	 1.202755	 0.457475	-0.497507	 0.616812
 0.498919	 0.499777	-0.004091	 0.469449	 0.498831	 0.498560	-0.000422	 0.499078	 0.712843	 0.457475	 0.001763	 0.238479
 0.498919	 0.499777	-0.251252	 0.469449	 0.498831	 0.498571	-0.249418	 0.499078	 0.467887	 0.457475	 0.250396	 0.049312
 0.498919	 0.499777	 0.125168	 0.969449	 0.498831	 0.498577	 0.126084	 0.499078	 0.345409	 0.457475	-0.125287	-0.045271
 0.498919	 0.499777	 0.312375	 1.216510	 0.498831	 0.498580	 0.312832	 0.499078	 0.284170	 0.457475	-0.312127	-0.092563
 0.498919	 0.499777	 0.405978	 0.837113	 0.498831	 0.498581	 0.406205	 0.499078	 0.253550	 0.457475	-0.405547	 0.383792
 0.498919	 0.499777	 0.452780	 0.647415	 0.498831	 0.498582	 0.452892	 0.499078	 0.238241	 0.457475	-0.452257	 0.620248
 0.498919	 0.499777	 0.476181	 0.552566	 0.498831	 0.498582	 0.476236	 0.499078	 0.230586	 0.457475	-0.475611	 0.736763
 0.498919	 0.499777	-0.012119	 0.505141	 0.498831	 0.498582	 0.487908	 0.499078	 0.226758	 0.957475	-0.487289	 0.293314
 0.498919	 0.499777	-0.255268	 0.481429	 0.498831	 0.498582	 0.493743	 0.499078	 0.224845	 1.204560	-0.493128	 0.071590
 0.498919	 0.499777	 0.123158	 0.469573	 0.498831	 0.498583	 0.496661	 0.499078	 0.723888	 0.825200	 0.003953	-0.039272
 0.498919	 0.499777	 0.311367	 0.463645	 0.498831	 0.498583	 0.498120	 0.499078	 0.970963	 0.635519	 0.251491	-0.094704
 0.498919	 0.499777	 0.405472	 0.460681	 0.498831	 0.498583	 0.498850	 0.499078	 0.592065	 0.540679	-0.124740	-0.122419
 0.498919	 0.499777	 0.452525	 0.459199	 0.498831	 0.498583	 0.499215	 0.499078	 0.402616	 0.493259	-0.311853	-0.136277
 0.498919	 0.499777	 0.476051	 0.958458	 0.498831	 0.498583	 0.499397	 0.499078	 0.807892	 0.469549	-0.405410	-0.143206
 0.498919	 0.499777	 0.487814	 1.205172	 0.498831	 0.498583	 0.499488	 0.499078	 1.008103	 0.457694	-0.452188	-0.146670
 0.498919	 0.499777	 0.493695	 1.325625	 0.498831	 0.498583	 0.499534	 0.499078	 1.105792	 0.451766	-0.475578	-0.148402
 0.498919	 0.499777	-0.003364	 0.882959	 0.498831	-0.001417	 0.499556	-0.000922	 0.652230	 0.448803	-0.487272	-0.149269
 0.498919	 0.499777	-0.250893	 0.661627	 0.498831	-0.250415	 0.499568	-0.249920	 0.425448	 0.447321	-0.493119	-0.149702
 0.498919	 0.499777	-0.374657	 0.550960	 0.498831	 0.125087	 0.499574	 0.125580	 0.312058	 0.446580	-0.496043	-0.149918
 0.498919	 0.499777	-0.436539	 0.495627	 0.498831	 0.311836	 0.499576	 0.312329	 0.255363	 0.446209	-0.497505	-0.150026
 0.498919	 0.499777	 0.032520	 0.467960	 0.498831	 0.405211	 0.499578	 0.405703	 0.227015	 0.446024	-0.498236	 0.349919
 0.498919	 0.499777	 0.266046	 0.454127	 0.498831	 0.451898	 0.499579	 0.452390	 0.212841	 0.445932	-0.498601	 0.598193
 0.498919	 0.499777	-0.117191	 0.447211	 0.498831	 0.475242	 0.499579	 0.475734	 0.205754	 0.445885	-0.498784	 0.220636
 0.498919	 0.499777	-0.307808	 0.443752	 0.498831	 0.486914	 0.499579	 0.487405	 0.202211	 0.445862	-0.498875	 0.031858
 0.498919	 0.499777	-0.403117	 0.442023	 0.498831	 0.492750	 0.499579	 0.493241	 0.200439	 0.445850	-0.498921	-0.062531
-0.001081	 0.499777	 0.049228	 0.441158	 0.498831	 0.495668	 0.499579	 0.496159	 0.199553	 0.445845	-0.498944	-0.109725
-0.250079	 0.499777	 0.274398	 0.440726	 0.498831	 0.497127	 0.499579	 0.497618	 0.199110	 0.445842	-0.498955	-0.133323
 0.125423	 0.499777	-0.113017	 0.440510	 0.498831	 0.497856	-0.000421	 0.498348	 0.198889	 0.445840	-0.498961	-0.145121
 0.312171	 0.499777	-0.305724	 0.440402	 0.498831	 0.498221	-0.249420	 0.498712	 0.198778	 0.445840	-0.498964	-0.151021
-0.094454	 0.499777	-0.402077	 0.440348	 0.498831	 0.498403	 0.126081	 0.498895	 0.698723	 0.445839	-0.498965	-0.153970
-0.296765	 0.499777	-0.450254	 0.440321	 0.498831	 0.498495	 0.312828	 0.498986	 0.946298	 0.445839	-0.498966	-0.155445
 0.102080	 0.499777	-0.474342	 0.440307	 0.498831	 0.498540	 0.406201	 0.499031	 0.567697	 0.945839	-0.498966	-0.156183
 0.300500	 0.499777	-0.486386	 0.440301	 0.498831	 0.498563	 0.452888	 0.499054	 0.378397	 1.192947	-0.498967	-0.156551
 0.399710	 0.499777	-0.492408	 0.440297	 0.498831	 0.498574	 0.476231	 0.499066	 0.283747	 1.313621	-0.498967	-0.156736
 0.449315	 0.499777	-0.495419	 0.440296	 0.498831	 0.498580	 0.487903	 0.499071	 0.236422	 0.871090	-0.498967	-0.156828
 0.474118	 0.499777	-0.496925	 0.440295	 0.498831	 0.498583	 0.493739	 0.499074	 0.212760	 0.649824	-0.498967	-0.156874
 0.486519	 0.499777	-0.497678	 0.440294	 0.498831	 0.498584	 0.496657	 0.499076	 0.200928	 0.539191	-0.498967	-0.156897
 0.492720	 0.499777	-0.498054	 0.440294	 0.498831	 0.498585	 0.498116	 0.499076	 0.195013	 0.483875	-0.498967	-0.156908
 0.495820	 0.499777	-0.498242	 0.440294	 0.498831	 0.498586	 0.498845	 0.499077	 0.192055	 0.456216	-0.498967	-0.156914
 0.497370	 0.499777	-0.498336	 0.440294	 0.498831	 0.498586	 0.499210	 0.499077	 0.190576	 0.442387	-0.498967	-0.156917
 0.498145	 0.499777	 0.001617	 0.440294	 0.498831	 0.498586	 0.499392	 0.499077	 0.189836	 0.435473	-0.498967	-0.156919
 0.498533	 0.499777	 0.250590	 0.440294	 0.498831	 0.498586	 0.499483	 0.499077	 0.189467	 0.432015	-0.498967	-0.156919
 0.498727	 0.499777	 0.375077	 0.440294	 0.498831	 0.498586	 0.499529	 0.499077	 0.189282	 0.430287	-0.498967	-0.156920
 0.498824	 0.499777	 0.437320	 0.440294	 0.498831	 0.498586	 0.499552	 0.499077	 0.189189	 0.429422	-0.498967	-0.156920
 0.498872	 0.499777	 0.468442	 0.440294	 0.498831	 0.498586	 0.499563	 0.499077	 0.189143	 0.428990	-0.498967	-0.156920
 0.498896	 0.499777	 0.484002	 0.440294	 0.498831	 0.498586	 0.499569	 0.499077	 0.689120	-0.071226	-0.498967	-0.156920
 0.498908	 0.499777	 0.491783	 0.440294	 0.498831	 0.498586	 0.499572	 0.499077	 0.936730	-0.320191	-0.498967	-0.156920
 0.498914	 0.499777	 0.495673	 0.440294	 0.498831	 0.498586	 0.499573	 0.499077	 0.558167	 0.056465	-0.498967	-0.156920
 0.498917	 0.499777	 0.497618	 0.440294	 0.498831	 0.498586	 0.499574	 0.499077	 0.368885	 0.244793	-0.498967	-0.156920
 0.498919	 0.499777	-0.001409	 0.440294	 0.498831	 0.498586	 0.499574	 0.499077	 0.274244	 0.338957	-0.498967	-0.156920
 0.498920	 0.499777	-0.249922	 0.440294	 0.498831	 0.498586	 0.499574	 0.499077	 0.226924	 0.386039	-0.498967	-0.156920
 0.498920	 0.499777	-0.374179	 0.440294	 0.498831	 0.498586	 0.499575	 0.499077	 0.203264	 0.409580	-0.498967	-0.156920
 0.498920	 0.499777	-0.436307	 0.440294	 0.498831	 0.498586	 0.499575	 0.499077	 0.691433	 0.421350	-0.498967	-0.156920
 0.498920	 0.499777	-0.467371	 0.440294	 0.498831	 0.498586	 0.499575	 0.499077	 0.933159	 0.427235	-0.498967	-0.156920
 0.498920	 0.499777	 0.017097	 0.440294	 0.498831	 0.498586	 0.999575	 0.499077	 1.051672	 0.930178	-0.498967	-0.156920
 0.498920	 0.499777	 0.258328	 0.440294	 0.498831	 0.498586	 1.246575	 0.499077	 1.108588	 1.178783	-0.498967	-0.156920
 0.498920	 0.499777	-0.121057	 0.440294	 0.498831	 0.498586	 0.867089	 0.499077	 1.134715	 0.800231	-0.498967	 0.343080
 0.498921	 0.499777	-0.309748	 0.440294	 0.498831	 0.498586	 0.677345	 0.499077	 1.145457	 0.610955	-0.498967	 0.591394
 0.498921	 0.499777	-0.404094	 0.440294	 0.498831	 0.498586	 0.582474	 0.499077	 1.148516	 0.516317	-0.498967	 0.213871
 0.498921	 0.499777	-0.451267	 0.440294	 0.498831	 0.498586	 0.535038	 0.499077	 1.147742	 0.468998	-0.498967	 0.025110
 0.498921	 0.499777	-0.474853	 0.440294	 0.498831	 0.498586	 0.511320	 0.499077	 1.145061	 0.445338	-0.498967	-0.069271
 0.498921	 0.499777	 0.013354	 0.440294	 0.498831	 0.498586	 0.499461	 0.499077	 1.141436	 0.933508	-0.498967	-0.116461
 0.498921	 0.499777	 0.256454	 0.440294	 0.498831	 0.498586	 0.493532	 0.499077	 1.137348	 1.174750	-0.498967	-0.140056
-0.001079	 0.499777	-0.121996	 0.440294	 0.498831	-0.001414	 0.490567	 0.499077	 1.133037	 0.792539	-0.498967	-0.151854
-0.250077	 0.499777	-0.310220	 0.440294	 0.498831	-0.250411	 0.489084	 0.499077	 1.128624	 0.601433	-0.498967	-0.157752
 0.125424	 0.499777	-0.404332	 0.440294	 0.498831	 0.125090	 0.488343	 0.499077	 0.624169	 0.505881	-0.498967	-0.160702
 0.312172	 0.499777	-0.451388	 0.440294	 0.498831	 0.311840	 0.487973	 0.499077	 0.371942	 0.458104	-0.498967	-0.162176
 0.405547	 0.499777	 0.025084	 0.440294	 0.498831	 0.405214	 0.487787	 0.499077	 0.245828	 0.434216	-0.498967	-0.162914
 0.452234	 0.499777	 0.262317	 0.440294	 0.498831	 0.451902	 0.487695	 0.499077	 0.182772	 0.422272	-0.498967	-0.163282
 0.475578	 0.499777	 0.380933	 0.440294	 0.498831	 0.475245	 0.487648	 0.499077	 0.151243	 0.416300	-0.498967	-0.163467
 0.487249	 0.499777	 0.440242	 0.440294	 0.498831	 0.486917	 0.487625	 0.499077	 0.135479	 0.413314	-0.498967	-0.163559
 0.493085	 0.499777	 0.469896	 0.440294	 0.498831	 0.492753	 0.487614	 0.499077	 0.127597	 0.411821	-0.498967	-0.163605
 0.496003	 0.499777	 0.484723	 0.440294	 0.498831	 0.495671	 0.487608	 0.499077	 0.123656	 0.411074	-0.498967	-0.163628
 0.497462	 0.499777	 0.492136	 0.440294	 0.498831	 0.497130	 0.487605	 0.499077	 0.121685	 0.410701	-0.498967	-0.163640
 0.498192	 0.499777	 0.495843	 0.440294	 0.498831	 0.497860	 0.487603	 0.499077	 0.120700	 0.410514	-0.498967	-0.163645
 0.498556	 0.499777	 0.497696	 0.440294	 0.498831	 0.498224	 0.487603	 0.499077	 0.120207	 0.410421	-0.498967	-0.163648
 0.498739	 0.499777	-0.001377	 0.440294	 0.498831	 0.498407	-0.012398	 0.499077	 0.119961	 0.410374	-0.498967	-0.163650
 0.498830	 0.499777	-0.249913	 0.440294	 0.498831	 0.498498	-0.261373	 0.499077	 0.119838	 0.410351	-0.498967	-0.163650
 0.498876	 0.499777	 0.125819	 0.440294	 0.498831	 0.498544	 0.115160	 0.499077	 0.119776	 0.410339	-0.498967	-0.163651
 0.498898	 0.499777	 0.312682	 0.440294	 0.498831	 0.498566	 0.303427	 0.499077	 0.119745	 0.410334	-0.498967	-0.163651
 0.498910	 0.499777	 0.406114	 0.440294	 0.498831	 0.498578	 0.397560	 0.499077	 0.119730	 0.410331	-0.498967	-0.163651
 0.498915	 0.499777	-0.047170	 0.440294	 0.498831	 0.498583	 0.444626	 0.499077	 0.119722	 0.410329	-0.498967	-0.163651
 0.498918	 0.499777	-0.272812	 0.440294	 0.498831	 0.498586	 0.468160	 0.499077	 0.119719	 0.410329	-0.498967	-0.163651
 0.498920	 0.499777	-0.385632	 0.440294	 0.498831	 0.498588	 0.479926	 0.499077	 0.119717	 0.410328	-0.498967	-0.163651
 0.498920	 0.499777	-0.442043	 0.440294	 0.498831	 0.498588	 0.485810	 0.499077	 0.119716	 0.410328	-0.498967	-0.163651
 0.498921	 0.499777	-0.470248	 0.440294	 0.498831	 0.498589	 0.488751	 0.499077	-0.380285	 0.410328	-0.498967	-0.163651
 0.498921	 0.499777	-0.484350	 0.440294	 0.498831	 0.498589	 0.490222	 0.499077	-0.628525	 0.410328	-0.498967	-0.163651
 0.498921	 0.499777	 0.008598	 0.440294	 0.498831	 0.498589	 0.490958	 0.499077	-0.250891	-0.089672	-0.498967	-0.163651
 0.498921	 0.499777	 0.254070	 0.440294	 0.498831	 0.498589	 0.491325	 0.499077	-0.062074	-0.338493	-0.498967	-0.163651
 0.498921	 0.499777	 0.376805	 0.440294	 0.498831	 0.498589	 0.491509	 0.499077	 0.032334	-0.461729	-0.498967	-0.163651
-0.001079	 0.499777	-0.061827	 0.440294	 0.498831	 0.498589	 0.491601	 0.499077	 0.579539	-0.022176	-0.498967	-0.163651
-0.250077	 0.499777	-0.280142	 0.440294	 0.498831	 0.498589	 0.491647	 0.499077	 0.850887	 0.197600	-0.498967	-0.163651
-0.374576	 0.499777	 0.110700	 0.440294	 0.498831	 0.498589	 0.491670	 0.499077	 0.484317	 0.307488	-0.498967	-0.163651
-0.436825	 0.499777	 0.305119	 0.440294	 0.498831	 0.498589	 0.491682	 0.499077	 0.301032	 0.362432	-0.498967	-0.163651
 0.032050	 0.499777	 0.402328	 0.440294	 0.498831	 0.498589	 0.491687	 0.499077	 0.209390	 0.389904	-0.498967	-0.163651
 0.265486	 0.499777	 0.450932	 0.440294	 0.498831	 0.498589	 0.491690	 0.499077	 0.163568	 0.403640	-0.498967	-0.163651
 0.382204	 0.499777	 0.475234	 0.440294	 0.498831	 0.498589	 0.491692	 0.499077	 0.140658	 0.410508	-0.498967	 0.336349
 0.440563	 0.499777	 0.487386	 0.440294	 0.498831	 0.498589	 0.491692	 0.499077	 0.129202	 0.413942	-0.498967	 0.584676
 0.469742	 0.499777	 0.493461	 0.440294	 0.498831	 0.498589	 0.491693	 0.499077	 0.123475	 0.415659	-0.498967	 0.707174
 0.484332	 0.499777	-0.003501	 0.440294	 0.498831	 0.498589	 0.491693	 0.499077	 0.120611	 0.416517	-0.498967	 0.766763
 0.491627	 0.499777	-0.250981	 0.440294	 0.498831	 0.498589	 0.491693	 0.499077	 0.119179	 0.416946	-0.498967	 0.794905
 0.495274	 0.499777	-0.374721	 0.440294	 0.498831	 0.498589	 0.491693	 0.499077	 0.118463	 0.417161	-0.498967	 0.307330
 0.497098	 0.499777	-0.436591	 0.440294	 0.498831	 0.498589	 0.491693	 0.499077	 0.118105	 0.417268	-0.498967	 0.063543
 0.498010	 0.499777	 0.032474	 0.440294	 0.498831	 0.498589	 0.491693	 0.499077	 0.117926	 0.417322	-0.498967	-0.058351
 0.498466	 0.499777	 0.266003	 0.440294	 0.498831	 0.498589	 0.491693	 0.499077	 0.117836	 0.417349	-0.498967	-0.119298
 0.498694	 0.499777	 0.382768	 0.440294	 0.498831	 0.498589	 0.491693	 0.499077	 0.617792	 0.417362	-0.498967	-0.149771
 0.498808	 0.499777	 0.441150	 0.440294	 0.498831	 0.498589	 0.491693	 0.499077	 0.865534	 0.417369	-0.498967	-0.165008
 0.498865	 0.499777	 0.470341	 0.440294	 0.498831	 0.498589	 0.491693	 0.499077	 0.987178	 0.417372	-0.498967	-0.172627
 0.498893	 0.499777	-0.015063	 0.440294	 0.498831	 0.498589	 0.491693	 0.499077	 0.545783	 0.417374	-0.498967	-0.176436
 0.498907	 0.499777	-0.256764	 0.440294	 0.498831	 0.498589	 0.491693	 0.499077	 0.325085	 0.417375	-0.498967	-0.178340
 0.498915	 0.499777	-0.377615	 0.440294	 0.498831	 0.498589	 0.491693	 0.499077	 0.214736	 0.417375	-0.498967	-0.179293
 0.498918	 0.499777	-0.438040	 0.440294	 0.498831	 0.498589	 0.491693	 0.499077	 0.159562	 0.417375	-0.498967	-0.179769
 0.498920	 0.499777	 0.031747	 0.440294	 0.498831	-0.001411	 0.491693	 0.499077	 0.631975	 0.417376	 0.001033	-0.180007
 0.498921	 0.499777	 0.265637	 0.440294	 0.498831	-0.250408	 0.491693	 0.499077	 0.865972	 0.417376	 0.250031	-0.180126
 0.498921	 0.499777	-0.117417	 0.440294	 0.498831	 0.125093	 0.491693	 0.499077	 0.480771	 0.417376	-0.125470	-0.180185
 0.498922	 0.499777	-0.307944	 0.440294	 0.498831	 0.311843	 0.491693	 0.499077	 0.288171	 0.417376	-0.312218	-0.180215
 0.498922	 0.499777	-0.403207	 0.440294	 0.498831	 0.405218	 0.491693	 0.499077	 0.191870	 0.417376	-0.405593	-0.180230
 0.498922	 0.499777	-0.450838	 0.440294	 0.498831	 0.451905	 0.491693	 0.499077	 0.143720	 0.417376	-0.452280	-0.180237
 0.498922	 0.499777	-0.474654	 0.440294	 0.498831	 0.475249	 0.491693	 0.499077	 0.119645	 0.417376	-0.475623	-0.180241
 0.498922	 0.499777	 0.013438	 0.440294	 0.498831	 0.486921	 0.491693	 0.499077	 0.607608	-0.082624	-0.487295	-0.180243
 0.498922	 0.499777	 0.256481	 0.440294	 0.498831	 0.492757	 0.491693	 0.499077	 0.849398	-0.331459	-0.493131	-0.180244
 0.498922	 0.499777	 0.378002	 0.440294	 0.498831	 0.495674	 0.491693	 0.499077	 0.468110	 0.045284	-0.496049	-0.180244
 0.498922	 0.499777	 0.438763	 0.440294	 0.498831	 0.497133	 0.491693	 0.499077	 0.277467	 0.233656	-0.497508	-0.180245
 0.498922	 0.499777	 0.469143	 0.440294	 0.498831	 0.497863	 0.491693	 0.499077	 0.182145	 0.327842	-0.498237	-0.180245
 0.498922	 0.499777	 0.484334	 0.440294	 0.498831	 0.498228	 0.491693	 0.499077	 0.134484	 0.374934	-0.498602	-0.180245
 0.498922	 0.499777	 0.491929	 0.440294	 0.498831	 0.498410	 0.491693	 0.499077	 0.110654	 0.398481	-0.498785	-0.180245
 0.498922	 0.499777	 0.495726	 0.440294	 0.498831	 0.498501	 0.491693	 0.499077	 0.098738	 0.410254	-0.498876	-0.180245
 0.498922	 0.499777	 0.497625	 0.440294	 0.498831	 0.498547	 0.491693	 0.499077	 0.092781	 0.416141	-0.498921	-0.180245
 0.498922	 0.499777	-0.001426	 0.440294	 0.498831	 0.498570	 0.491693	 0.499077	 0.589802	 0.419084	-0.498944	-0.180245
 0.498922	 0.499777	-0.249950	 0.440294	 0.498831	 0.498581	 0.491693	 0.499077	 0.836139	 0.420556	-0.498956	-0.180245
 0.498922	 0.499777	 0.125788	 0.940294	 0.498831	 0.498587	 0.491693	 0.499077	 0.457142	 0.421291	-0.498961	-0.180245
-0.001078	 0.499777	-0.187346	 0.687413	 0.498831	 0.498590	 0.491693	 0.499077	 0.267644	 0.421659	-0.498964	-0.180245
-0.250076	 0.499777	-0.342912	 0.560973	 0.498831	 0.498591	 0.491693	 0.499077	 0.172895	 0.421843	-0.498966	-0.180245
-0.374575	 0.499777	-0.420695	 0.497753	 0.498831	 0.498592	 0.491693	 0.499077	 0.125520	 0.421935	-0.498966	-0.180245
 0.063176	 0.499777	-0.459587	 0.466143	 0.498831	 0.498592	 0.491693	 0.499077	 0.601833	 0.421981	-0.498967	-0.180245
 0.281049	 0.499777	-0.479033	 0.450338	 0.498831	 0.498592	 0.491693	 0.499077	 0.837833	 0.422004	-0.498967	-0.180245
 0.389986	 0.499777	-0.488756	 0.442435	 0.498831	 0.498592	 0.491693	 0.499077	 0.953686	 0.422016	-0.498967	-0.180245
 0.444454	 0.499777	-0.493617	 0.438484	 0.498831	 0.498592	 0.491693	 0.499077	 0.509473	 0.422022	-0.498967	-0.180245
 0.471688	 0.499777	 0.003952	 0.436508	 0.498831	 0.498592	 0.491693	-0.000923	 0.287366	 0.422024	-0.498967	 0.319755
 0.485305	 0.499777	 0.251734	 0.435521	 0.498831	 0.498592	 0.491693	-0.249921	 0.176313	 0.422026	-0.498967	 0.568116
 0.492114	 0.499777	 0.375625	 0.435027	 0.498831	 0.498592	 0.491693	 0.125580	 0.620786	 0.422027	-0.498967	 0.190663
 0.495518	 0.499777	 0.437570	 0.434780	 0.498831	 0.498592	 0.491693	 0.312328	 0.840893	 0.422027	-0.498967	 0.001937
 0.497220	 0.499777	 0.468543	 0.434656	 0.498831	 0.498592	 0.491693	 0.405702	 0.948824	 0.422027	-0.498967	-0.092427
 0.498071	 0.499777	-0.015971	 0.434594	 0.498831	 0.498592	 0.491693	 0.452389	 0.500676	 0.422027	-0.498967	-0.139608
 0.498497	 0.499777	-0.257227	 0.434564	 0.498831	 0.498592	 0.491693	 0.475733	 0.276602	 0.422027	-0.498967	-0.163199
 0.498710	 0.499777	-0.377855	 0.434548	 0.498831	 0.498592	 0.491693	 0.487405	 0.164565	 0.422027	-0.498967	-0.174994
 0.498816	 0.499777	-0.438169	 0.434540	 0.498831	 0.498592	 0.491693	 0.493241	 0.108546	 0.422027	-0.498967	-0.180892
 0.498869	 0.499777	-0.468326	 0.434537	 0.498831	 0.498592	 0.491693	 0.496158	 0.580537	 0.422027	-0.498967	-0.183841
 0.498896	 0.499777	-0.483404	 0.434535	 0.498831	 0.498592	 0.491693	 0.497617	 0.814427	 0.422027	-0.498967	-0.185315
 0.498909	 0.499777	-0.490943	 0.434534	 0.498831	 0.498592	 0.491693	 0.498347	 0.929276	 0.422027	 0.001033	-0.186053
 0.498916	 0.499777	-0.494713	 0.434533	 0.498831	 0.498592	 0.491693	 0.498712	 0.984612	 0.422027	 0.250031	-0.186421
 0.498919	 0.499777	-0.496598	 0.434533	 0.498831	 0.498592	 0.491693	 0.498894	 1.010200	 0.422027	 0.374530	-0.186605
 0.498921	 0.499777	 0.002460	 0.434533	 0.498831	 0.498592	 0.491693	 0.498985	 0.520922	-0.077973	-0.063221	-0.186698
 0.498922	 0.499777	 0.250986	 0.434533	 0.498831	 0.498592	 0.491693	 0.499031	 0.276284	-0.326817	-0.281094	-0.186744
 0.498922	 0.499777	 0.375248	 0.434533	 0.498831	 0.498592	 0.491693	 0.499054	 0.153964	-0.450087	-0.390031	 0.313233
 0.498922	 0.499777	 0.437380	 0.434533	 0.498831	 0.498592	 0.491693	 0.499065	 0.092805	-0.510576	-0.444499	 0.561595
-0.001078	 0.499777	-0.031554	 0.434533	 0.498831	 0.498592	 0.491693	 0.499071	 0.562225	-0.039678	-0.471733	 0.184156
-0.250076	 0.499777	-0.265021	 0.434533	 0.498831	 0.498592	 0.491693	 0.499074	 0.794872	 0.195771	-0.485350	-0.004563
 0.125426	 0.499777	 0.118246	 0.434533	 0.498831	 0.498592	-0.008307	 0.499075	 0.409140	 0.313495	-0.492159	-0.098923
 0.312174	 0.499777	 0.308877	 0.434533	 0.498831	 0.498592	-0.257290	 0.499076	 0.216274	 0.372357	-0.495563	-0.146103
 0.405549	 0.499777	 0.404192	 0.434533	 0.498831	 0.498592	-0.380770	 0.499076	 0.119841	 0.401788	-0.497265	-0.169693
-0.047764	 0.499777	 0.451850	 0.934533	 0.498831	 0.498592	 0.058499	 0.499076	 0.571625	-0.083496	-0.498116	-0.181487
-0.273418	 0.499777	 0.475678	 1.181664	 0.498831	 0.498592	 0.278134	 0.499076	 0.795470	-0.325001	-0.498542	-0.187385
 0.113754	 0.499777	 0.487593	 0.802372	 0.498831	 0.498592	 0.387951	 0.499076	 0.905354	 0.055380	-0.498754	-0.190334
 0.306339	 0.499777	 0.493550	 0.612725	 0.498831	 0.498592	 0.442860	 0.499076	 0.958265	 0.245570	-0.498861	-0.191808
 0.402631	 0.499777	 0.496529	 0.517902	 0.498831	 0.498592	 0.470314	 0.499076	 0.482698	 0.340666	-0.498914	-0.192545
 0.450777	 0.499777	 0.498018	 0.470491	 0.498831	 0.498592	 0.484041	 0.499076	 0.244915	 0.388213	-0.498941	-0.192914
 0.474850	 0.499777	-0.001237	 0.446785	 0.498831	 0.498592	 0.490905	 0.499076	 0.626023	 0.411987	-0.498954	-0.193098
 0.486887	 0.499777	-0.249864	 0.434932	 0.498831	 0.498592	 0.494337	 0.499076	 0.814563	 0.423874	-0.498961	-0.193190
 0.492905	 0.499777	 0.125823	 0.429006	 0.498831	 0.498592	 0.496052	 0.499076	 0.406827	 0.429817	-0.498964	-0.193236
 0.495914	 0.499777	 0.312663	 0.426043	 0.498831	 0.498592	 0.496910	 0.499076	 0.202959	 0.432789	-0.498966	-0.193259
 0.497419	 0.499777	 0.406083	 0.424561	 0.498831	 0.498592	 0.497339	 0.499076	 0.101025	 0.434275	-0.498966	-0.193271
 0.498171	 0.499777	-0.047207	 0.423820	 0.498831	 0.498592	 0.497554	 0.499076	 0.050058	 0.435018	-0.498967	-0.193277
 0.498547	 0.499777	-0.272851	 0.423450	 0.498831	 0.498592	 0.497661	 0.499076	 0.024574	 0.435389	-0.498967	-0.193280
 0.498735	 0.499777	-0.385673	 0.423265	 0.498831	 0.498592	 0.497715	 0.499076	 0.011833	 0.435575	 0.001033	-0.193281
 0.498830	 0.499777	-0.442084	 0.423172	 0.498831	 0.498592	 0.497742	 0.499076	 0.005462	 0.435668	 0.250031	-0.193282
 0.498877	 0.499777	 0.029711	 0.423126	 0.498831	 0.498592	 0.497755	 0.499076	 0.502276	 0.435714	 0.374530	-0.193282
 0.498900	 0.499777	 0.264605	 0.423103	 0.498831	 0.498592	 0.497762	 0.499076	 0.748685	 0.435737	 0.436779	-0.193282
 0.498912	 0.499777	 0.382052	 0.423091	 0.498831	 0.498592	 0.497765	 0.499076	 0.369900	 0.435749	-0.032096	-0.193282
 0.498918	 0.499777	 0.440776	 0.423085	 0.498831	 0.498592	 0.497767	 0.499076	 0.180507	 0.435755	-0.265532	-0.193282
 0.498921	 0.499777	 0.470137	 0.423082	 0.498831	 0.498592	 0.497767	 0.499076	 0.085811	 0.435758	-0.382250	-0.193282
 0.498922	 0.499777	 0.484818	 0.423081	 0.498831	 0.498592	 0.497768	 0.499076	 0.038462	 0.435759	-0.440609	-0.193282
 0.498923	 0.499777	-0.007841	 0.423080	 0.498831	 0.498592	 0.497768	 0.499076	 0.014788	 0.435760	-0.469788	-0.193282
 0.498923	 0.499777	-0.253170	 0.423080	 0.498831	 0.498592	 0.497768	 0.499076	 0.002951	 0.435760	-0.484378	-0.193282
 0.498923	 0.499777	-0.375834	 0.423080	 0.498831	 0.498592	 0.497768	 0.499076	-0.002967	 0.435760	-0.491673	 0.306718
 0.498923	 0.499777	-0.437167	 0.423079	 0.498831	 0.498592	 0.497768	 0.499076	-0.005927	 0.435761	-0.495320	 0.555104
-0.001076	 0.499777	 0.032167	 0.423079	 0.498831	 0.498592	 0.497768	 0.499076	-0.007406	 0.435761	-0.497144	 0.177690
 0.249926	 0.499777	-0.234169	 0.423079	 0.498831	 0.498592	 0.497768	 0.499076	-0.008146	 0.435761	 0.001944	 0.488984
 0.374425	 0.499777	-0.366336	 0.423079	 0.498831	 0.498592	 0.497768	 0.499076	-0.008516	 0.435761	 0.250486	 0.643030
 0.436675	 0.499777	-0.432419	 0.423079	 0.498831	 0.498592	 0.497768	 0.499076	-0.008701	 0.435761	 0.374757	 0.718458
 0.467799	 0.499777	 0.034539	 0.423079	 0.498831	 0.498592	 0.497768	 0.499076	 0.491207	 0.435761	-0.063107	 0.254585
 0.483362	 0.499777	 0.267015	 0.423079	 0.498831	 0.498592	 0.497768	 0.499076	 0.739178	 0.435761	-0.281037	 0.022648
 0.491143	 0.499777	-0.116747	 0.423079	 0.498831	 0.498592	 0.497768	 0.499076	 0.361190	 0.435761	-0.390003	-0.093320
 0.495034	 0.499777	-0.307627	 0.423079	 0.498831	 0.498592	 0.497768	 0.499076	 0.172195	 0.435761	-0.444485	-0.151304
 0.496979	 0.499777	-0.403067	 0.923079	 0.498831	 0.498592	 0.497768	 0.499076	 0.077698	 0.435761	-0.471726	-0.180296
 0.497951	 0.499777	-0.450787	 1.170233	 0.498831	 0.498592	 0.497768	 0.499076	 0.030450	 0.435761	-0.485347	-0.194792
 0.498438	 0.499777	-0.474647	 0.790975	 0.498831	 0.498592	 0.497768	 0.499076	 0.006825	 0.435761	-0.492157	-0.202040
 0.498681	 0.499777	-0.486577	 0.601346	 0.498831	 0.498592	 0.497768	 0.499076	-0.004987	 0.435761	-0.495563	-0.205664
 0.498803	 0.499777	-0.492542	 0.506532	 0.498831	 0.498592	 0.497768	 0.499076	-0.010893	 0.435761	-0.497265	-0.207476
-0.001137	 0.499777	 0.004476	 0.459125	 0.498831	 0.498592	 0.497768	 0.499076	-0.013846	-0.064239	-0.498116	-0.208382
-0.250104	 0.499777	 0.251981	 0.435421	 0.498831	 0.498592	 0.497768	 0.499076	-0.015322	-0.313111	-0.498542	-0.208835
 0.125412	 0.499777	-0.124266	 0.423569	 0.498831	 0.498592	 0.497768	 0.499076	-0.016061	 0.063577	-0.498755	-0.209062
 0.312168	 0.499777	-0.311388	 0.417643	 0.498831	 0.498592	 0.497768	 0.499076	-0.016430	 0.251921	-0.498861	-0.209175
 0.405547	 0.499777	 0.095051	 0.414680	 0.498831	 0.498592	 0.497768	 0.499076	 0.483386	 0.846094	-0.498915	-0.209232
 0.452236	 0.499777	 0.297267	 0.413199	 0.498831	 0.498592	 0.497768	 0.499076	 0.731327	 1.140299	-0.498941	-0.209260
