 0.497110	 0.499777	 0.152529	 0.498767	 0.498797	-0.375177	 0.499085	 0.499669	 0.719911	-0.105531	-0.498960	 0.021929
 0.497961	 0.499777	 0.151643	 0.498767	 0.498797	 0.062580	 0.499085	 0.499669	 0.717033	 0.335411	-0.498960	 0.021929
 0.498387	 0.499777	 0.151201	 0.498767	 0.498797	 0.280458	 0.499085	 0.499669	 0.714166	 0.554330	-0.498960	 0.021929
 0.498600	 0.499777	 0.150979	 0.498767	 0.498797	 0.389397	 0.499085	 0.499669	 0.711309	 0.662242	-0.498960	 0.021929
 0.498706	 0.499777	 0.150868	 0.498767	 0.498797	 0.443866	 0.499085	 0.499669	 0.708464	 0.714658	-0.498960	 0.021929
 0.498759	 0.499777	 0.150813	 0.498767	 0.498797	 0.471101	 0.499085	 0.499669	 0.705631	 0.239332	-0.498960	 0.021929
 0.498786	 0.499777	 0.150785	 0.498767	 0.498797	 0.484718	 0.499085	 0.499669	 0.702808	 0.001669	-0.498960	 0.021929
 0.498799	 0.499777	 0.150772	 0.498767	 0.498797	 0.491527	 0.499085	 0.499669	 0.699997	-0.117163	-0.498960	 0.021929
 0.498806	 0.499777	 0.150765	 0.498767	 0.498797	 0.494931	 0.499085	 0.499669	 0.697197	-0.176578	-0.498960	 0.021929
 0.498809	 0.499777	 0.150761	 0.498767	 0.498797	 0.496633	 0.499085	 0.499669	 0.694408	-0.206286	-0.498960	 0.021929
 0.498811	 0.499777	 0.150759	 0.498767	 0.498797	 0.497484	 0.499085	 0.499669	 0.691631	-0.221140	-0.498960	 0.021929
 0.498812	 0.499777	 0.150759	 0.498767	 0.498797	 0.497910	 0.499085	 0.499669	 0.688864	-0.228567	-0.498960	 0.021929
 0.498812	 0.499777	 0.650758	 0.498767	 0.498797	 0.498123	 0.499085	 0.499669	 0.686109	 0.267719	-0.498960	 0.021929
 0.498812	 0.499777	 0.898456	 0.498767	 0.498797	 0.498229	 0.499085	 0.499669	 0.683364	 0.514335	-0.498960	 0.021929
-0.001188	 0.499777	 0.520013	 0.498767	 0.498797	 0.498282	 0.499085	 0.499669	 0.680631	 0.636120	-0.498960	 0.021929
-0.250185	 0.499777	 0.330792	 0.498767	 0.498797	 0.498309	 0.499085	 0.499669	 0.677908	 0.695497	-0.498960	 0.021929
 0.125316	 0.499777	 0.736181	 0.498767	 0.498797	 0.498322	 0.499085	 0.499669	 0.675196	 0.723676	-0.498960	 0.021929
 0.312065	 0.499777	 0.936592	 0.498767	 0.498797	 0.498329	 0.499085	 0.499669	 0.672496	 0.736262	-0.498960	 0.021929
 0.405439	 0.499777	 0.534524	 0.498767	 0.498797	 0.498332	 0.499085	 0.499669	 0.669806	 0.741057	-0.498960	 0.021929
 0.452127	 0.499777	 0.333490	 0.498767	 0.498797	 0.498334	 0.499085	 0.499669	 0.667126	 0.741963	-0.498960	 0.021929
 0.475470	 0.499777	 0.232973	 0.498767	 0.498797	 0.498335	 0.499085	 0.499669	 0.664458	 0.740930	-0.498960	 0.021929
 0.487142	 0.499777	 0.182714	 0.498767	 0.498797	 0.498335	 0.499085	 0.499669	 0.161800	 0.738934	-0.498960	 0.021929
 0.492978	 0.499777	 0.157585	 0.498767	 0.498797	 0.498335	 0.499085	 0.499669	-0.089529	 0.736462	-0.498960	 0.021929
 0.495896	 0.499777	 0.145020	 0.498767	 0.498797	 0.498335	 0.499085	 0.499669	 0.284807	 0.233758	-0.498960	 0.021929
 0.497355	 0.499777	 0.138738	 0.498767	 0.498797	 0.498335	 0.499085	 0.499669	 0.470656	-0.017594	-0.498960	 0.021929
 0.498084	 0.499777	 0.135597	 0.498767	 0.498797	 0.498335	 0.499085	 0.499669	 0.562268	-0.143270	-0.498960	 0.021929
 0.498449	 0.499777	 0.134026	 0.498767	 0.498797	 0.498335	 0.499085	 0.499669	 0.606766	-0.206108	-0.498960	 0.021929
 0.498631	 0.499777	 0.133241	 0.498767	 0.498797	 0.498335	-0.000915	 0.499669	 0.627713	 0.262473	-0.498960	 0.021929
 0.498723	 0.499777	 0.132848	 0.498767	 0.498797	 0.498335	-0.249913	 0.499669	 0.636889	 0.495301	-0.498960	 0.021929
 0.498768	 0.499777	 0.132652	 0.498767	 0.498797	 0.498335	-0.374412	 0.499669	 0.640184	 0.610259	-0.498960	 0.021929
 0.498791	 0.499777	 0.132554	 0.498767	 0.498797	 0.498335	 0.063338	 0.499669	 0.640545	 0.666288	-0.498960	 0.021929
 0.498802	 0.499777	 0.132505	 0.498767	 0.498797	 0.498335	 0.281211	 0.499669	 0.639444	 0.692857	-0.498960	 0.021929
 0.498808	 0.499777	 0.132480	 0.498767	 0.498797	 0.498335	 0.390148	 0.499669	 0.637617	 0.704703	-0.498960	 0.021929
 0.498811	 0.499777	 0.132468	 0.498767	 0.498797	 0.498335	 0.444616	 0.499669	 0.635431	 0.709193	-0.498960	 0.021929
-0.001188	 0.499777	 0.132462	 0.498767	 0.498797	 0.498335	 0.471850	 0.499669	 0.633072	 0.710011	-0.498960	 0.021929
-0.250185	 0.499777	 0.132459	 0.498767	 0.498797	 0.498335	 0.485467	 0.499669	 0.630631	 0.708998	-0.498960	 0.021929
 0.125317	 0.499777	 0.132457	 0.498767	 0.498797	 0.498335	 0.492276	 0.499669	 0.128154	 0.707076	-0.498960	 0.021929
 0.312066	 0.499777	 0.132457	 0.498767	 0.498797	 0.498335	 0.495680	 0.499669	-0.123084	 0.704704	-0.498960	 0.021929
 0.405441	 0.499777	 0.132456	 0.498767	 0.498797	 0.498335	 0.497382	 0.499669	-0.248703	 0.702114	-0.498960	 0.021929
 0.452128	 0.499777	 0.132456	 0.498767	 0.498797	 0.498335	 0.498233	 0.499669	-0.311513	 0.199419	-0.498960	 0.021929
 0.475472	 0.499777	 0.132456	 0.498767	 0.498797	 0.498335	 0.498659	 0.499669	-0.342918	-0.051928	-0.498960	 0.021929
 0.487143	 0.499777	 0.132456	 0.498767	 0.498797	 0.498335	 0.498872	 0.499669	 0.141380	 0.322399	-0.498960	 0.021929
 0.492979	 0.499777	 0.132456	 0.498767	 0.498797	 0.498335	 0.498978	 0.499669	 0.382277	 0.508169	-0.498960	 0.021929
-0.004103	 0.499777	 0.132456	 0.498767	 0.498797	 0.498335	-0.000969	 0.499669	 0.001480	 0.599666	-0.498960	 0.021929
-0.251641	 0.499777	 0.132456	 0.498767	 0.498797	 0.498335	-0.249940	 0.499669	-0.188919	 0.644032	-0.498960	 0.021929
 0.124589	 0.499777	 0.132456	 0.498767	 0.498797	 0.498335	 0.125574	 0.499669	 0.215882	 0.664838	-0.498960	 0.021929
 0.311703	 0.499777	 0.132456	 0.498767	 0.498797	 0.498335	 0.312329	 0.499669	 0.417041	 0.673870	-0.498960	 0.021929
 0.405260	 0.499777	 0.132456	 0.498767	 0.498797	 0.498335	 0.405706	 0.499669	 0.516384	 0.677020	-0.498960	 0.021929
 0.452038	 0.499777	 0.132456	 0.498767	 0.498797	 0.498335	 0.452395	 0.499669	 0.564824	 0.677235	-0.498960	 0.021929
 0.475428	 0.499777	 0.132456	 0.498767	 0.498797	 0.498335	 0.475739	 0.499669	 0.587817	 0.675987	-0.498960	 0.021929
 0.487122	 0.499777	 0.132456	 0.498767	 0.498797	 0.498335	 0.487412	 0.499669	 0.598092	 0.674014	-0.498960	 0.021929
 0.492969	 0.499777	 0.132456	 0.498767	 0.498797	 0.498335	 0.493248	 0.499669	 0.602013	 0.671683	-0.498960	 0.021929
 0.495893	 0.499777	 0.132456	 0.498767	 0.498797	 0.498335	-0.003834	 0.499669	 0.102762	 0.669179	 0.001040	 0.021929
 0.497355	 0.499777	 0.132456	 0.498767	 0.498797	 0.498335	-0.251373	 0.499669	-0.146864	 0.666594	 0.250038	 0.021929
-0.001914	 0.499777	 0.132456	 0.498767	 0.498797	 0.498335	 0.124857	 0.499669	 0.228323	 0.663973	-0.125464	 0.521929
-0.250546	 0.499777	 0.132456	 0.498767	 0.498797	 0.498335	 0.311970	 0.499669	 0.414710	 0.661340	-0.312212	 0.769885
-0.374862	 0.499777	 0.132456	 0.498767	 0.498797	 0.498335	 0.405527	 0.499669	 0.506701	 0.658706	-0.405586	 0.891827
 0.062980	 0.499777	 0.132456	 0.498767	 0.498797	 0.498335	 0.452305	 0.499669	 0.551499	 0.656077	-0.452274	 0.950771
 0.280899	 0.499777	 0.132456	 0.498767	 0.498797	 0.498335	 0.475694	 0.499669	 0.572705	 0.653455	-0.475617	 0.978223
 0.389859	 0.499777	 0.132456	 0.498767	 0.498797	 0.498335	 0.487389	 0.499669	 0.582121	 0.650843	-0.487289	 0.489938
 0.444338	 0.499777	 0.132456	 0.498767	 0.498797	 0.498335	 0.493236	 0.499669	 0.585645	 0.648240	-0.493125	 0.245795
 0.471578	 0.499777	 0.132456	 0.498767	 0.498797	 0.498335	 0.496159	 0.499669	 0.586229	 0.145648	-0.496043	 0.123724
 0.485198	 0.499777	 0.132456	 0.498767	 0.498797	 0.498335	 0.497621	 0.499669	 0.585348	-0.105648	-0.497502	 0.062688
-0.007992	 0.499777	 0.132456	 0.498767	 0.498797	 0.498335	 0.498352	 0.499669	 0.583738	 0.268703	-0.498231	 0.032171
-0.253584	 0.499777	 0.132456	 0.498767	 0.498797	 0.498335	 0.498718	 0.499669	 0.581769	 0.454593	-0.498596	 0.016912
-0.376381	 0.499777	 0.132456	 0.498767	 0.498797	 0.498335	 0.498900	 0.499669	 0.579625	 0.546257	-0.498778	 0.009282
 0.062221	 0.499777	 0.132456	 0.498767	 0.498797	 0.498335	 0.498992	 0.499669	 0.577398	 0.590813	-0.498870	 0.005468
 0.280520	 0.499777	 0.132456	 0.498767	 0.498797	 0.498335	 0.499037	 0.499669	 0.575134	 0.611821	-0.498915	 0.003560
 0.389670	 0.499777	 0.132456	 0.498767	 0.498797	-0.001665	-0.000940	 0.499669	 0.072856	 0.621059	-0.498938	 0.002607
 0.444245	 0.499777	 0.132456	 0.498767	 0.498797	-0.250661	-0.249926	 0.499669	-0.178283	 0.624417	-0.498949	 0.002130
 0.471532	 0.499777	 0.132456	 0.498767	 0.498797	 0.124840	-0.374420	 0.499669	-0.303852	-0.375159	-0.498955	 0.001891
 0.485176	 0.499777	 0.132456	 0.498767	 0.498797	 0.311591	-0.436667	 0.499669	-0.366637	-0.872198	-0.498958	 0.001772
 0.491998	 0.499777	 0.132456	 0.498767	 0.498797	 0.404966	 0.032210	 0.499669	-0.398029	-0.617979	-0.498959	 0.001712
 0.495409	 0.499777	 0.132456	 0.498767	 0.498797	 0.451653	 0.265646	 0.499669	-0.413725	-0.490869	-0.498960	 0.001683
 0.497114	 0.499777	 0.132456	 0.498767	 0.498797	 0.474997	 0.382364	 0.499669	-0.421573	-0.427315	-0.498960	 0.001668
-0.002033	 0.499777	 0.132456	 0.498767	 0.498797	 0.486669	-0.059277	 0.499669	 0.074503	 0.104463	-0.498961	 0.001660
-0.250604	 0.499777	 0.132456	 0.498767	 0.498797	 0.492505	-0.279095	 0.499669	 0.321399	 0.369079	-0.498961	 0.001657
 0.125110	 0.499777	 0.132456	 0.498767	 0.498797	 0.495423	 0.110995	 0.499669	 0.443711	 0.500120	-0.498961	 0.001655
 0.311966	 0.499777	 0.132456	 0.498767	 0.498797	 0.496882	 0.305039	 0.499669	 0.503735	 0.564378	-0.498961	 0.001654
 0.405393	 0.499777	 0.132456	 0.498767	 0.498797	 0.497611	-0.097940	 0.499669	 0.032619	 0.095250	-0.498961	 0.001653
 0.452107	 0.499777	 0.132456	 0.498767	 0.498797	 0.497976	-0.298427	 0.499669	-0.202938	-0.139315	-0.498961	 0.001653
 0.475464	 0.499777	 0.132456	 0.498767	 0.498797	 0.498158	 0.101329	 0.499669	-0.320717	-0.256597	-0.498961	 0.001653
 0.487143	 0.499777	 0.132456	 0.498767	 0.498797	 0.498249	 0.300205	 0.499669	-0.379607	-0.315238	-0.498961	 0.001653
 0.492982	 0.499777	 0.132456	 0.498767	 0.498797	 0.498295	 0.399643	 0.499669	-0.409051	-0.344558	-0.498961	 0.001653
 0.495901	 0.499777	 0.132456	 0.498767	 0.498797	 0.498318	 0.449362	 0.499669	-0.423774	-0.359218	-0.498961	 0.001653
 0.497361	 0.499777	 0.132456	 0.498767	 0.498797	 0.498329	 0.474222	 0.499669	-0.431135	-0.366549	-0.498961	 0.001653
 0.498091	 0.499777	 0.132456	 0.498767	 0.498797	-0.001665	-0.513349	 0.499669	 0.065184	 0.129786	-0.498961	 0.001653
 0.498456	 0.499777	 0.132456	 0.498767	 0.498797	-0.250659	-1.004132	 0.499669	 0.312221	 0.376702	-0.498961	 0.001653
 0.498639	 0.499777	 0.132456	 0.498767	 0.498797	-0.375156	-0.746534	 0.499669	 0.434621	 0.498912	-0.498961	 0.001653
 0.498730	 0.499777	 0.132456	 0.498767	 0.498797	-0.437404	-0.617735	 0.499669	 0.494707	 0.558775	-0.498961	 0.001653
 0.498775	 0.499777	 0.132456	 0.498767	 0.498797	 0.031472	-0.053335	 0.499669	 0.523640	 0.587469	-0.498961	 0.001653
 0.498798	 0.499777	 0.132456	 0.498767	 0.498797	 0.264909	 0.227843	 0.499669	 0.537002	 0.600584	-0.498961	 0.001653
 0.498810	 0.499777	 0.132456	 0.498767	 0.498797	 0.381627	 0.367413	 0.499669	 0.542582	 0.605914	-0.498961	 0.001653
 0.498815	 0.499777	 0.132456	 0.498767	 0.498797	 0.439987	 0.436185	 0.499669	 0.544275	 0.607356	-0.498961	 0.001653
 0.498818	 0.499777	 0.132456	 0.498767	 0.498797	 0.469166	 0.469561	 0.499669	 0.544030	 0.606860	-0.498961	 0.001653
 0.498820	 0.499777	 0.632456	 0.498767	 0.498797	 0.483756	 0.485243	 0.499669	 0.542820	 0.605399	-0.498961	 0.001653
 0.498820	 0.499777	 0.880191	 0.498767	 0.498797	 0.491051	 0.492082	 0.499669	 0.541132	 0.603461	-0.498961	 0.001653
 0.498821	 0.499777	 0.501803	 0.498767	 0.498797	 0.494698	 0.495501	 0.499669	 0.539209	 0.601289	-0.498961	 0.001653
 0.498821	 0.499777	 0.312608	 0.498767	 0.498797	 0.496522	 0.497211	 0.499669	 0.537173	 0.599004	-0.498961	 0.001653
 0.498821	 0.499777	 0.218011	 0.498767	 0.498797	-0.002566	 0.498066	 0.499669	 0.535085	 0.596669	-0.498961	 0.001653
 0.498821	 0.499777	 0.170713	 0.498767	 0.498797	-0.251107	 0.498493	 0.499669	 0.532974	 0.594312	-0.498961	 0.001653
 0.498821	 0.499777	 0.147064	 0.498767	 0.498797	-0.375377	 0.498707	 0.499669	 0.530858	 0.591950	-0.498961	 0.001653
-0.001179	 0.499777	 0.135239	 0.498767	 0.498797	 0.062488	 0.498814	 0.499669	 0.528742	 0.589590	-0.498961	 0.001653
-0.250177	 0.499777	 0.129327	 0.498767	 0.498797	 0.280419	 0.498867	 0.499669	 0.526631	 0.587235	-0.498961	 0.001653
 0.125325	 0.499777	 0.126370	 0.498767	 0.498797	 0.389385	 0.498894	 0.499669	 0.524526	 0.584888	-0.498961	 0.001653
 0.312074	 0.499777	 0.124892	 0.498767	 0.498797	 0.443868	 0.498908	 0.499669	 0.522429	 0.582550	-0.498961	 0.001653
 0.405448	 0.499777	 0.124153	 0.498767	 0.498797	 0.471110	-0.001086	 0.499669	 0.520339	 0.580220	-0.498961	 0.001653
 0.452135	 0.499777	 0.123784	 0.498767	 0.498797	 0.484730	-0.250080	 0.499669	 0.518258	 0.577899	-0.498961	 0.001653
 0.475479	 0.499777	 0.123599	 0.498767	 0.498797	 0.491541	 0.125422	 0.499669	 0.516185	 0.575588	-0.498961	 0.001653
 0.487151	 0.499777	 0.123507	 0.498767	 0.498797	 0.494946	 0.312172	 0.499669	 0.514121	 0.573285	-0.498961	 0.001653
 0.492987	 0.499777	 0.123460	 0.498767	 0.498797	 0.496649	 0.405547	 0.499669	 0.512064	 0.570992	-0.498961	 0.001653
 0.495905	 0.499777	 0.123437	 0.498767	 0.498797	 0.497500	 0.452234	 0.499669	 0.510016	 0.568708	-0.498961	 0.001653
 0.497364	 0.499777	 0.123426	 0.498767	 0.498797	 0.497925	 0.475578	 0.499669	 0.507976	 0.566433	-0.498961	 0.001653
 0.498093	 0.499777	 0.123420	 0.498767	 0.498797	 0.498138	 0.487250	 0.499669	 0.505944	 0.564168	-0.498961	 0.001653
 0.498458	 0.499777	 0.123417	 0.498767	 0.498797	 0.498245	 0.493086	 0.499669	 0.503920	 0.561911	-0.498961	 0.001653
 0.498640	 0.499777	 0.623416	 0.498767	 0.498797	 0.498298	 0.496004	 0.499669	 0.501905	 0.059663	-0.498961	 0.001653
 0.498731	 0.499777	 0.871168	 0.498767	 0.498797	 0.498325	 0.497463	 0.499669	 0.500897	-0.191460	-0.498961	 0.001653
 0.498777	 0.499777	 0.492807	 0.498767	 0.498797	 0.498338	 0.498192	 0.499669	 0.500393	 0.182978	-0.498961	 0.001653
 0.498800	 0.499777	 0.303626	 0.498767	 0.498797	 0.498344	 0.498557	 0.499669	 0.500141	 0.369082	-0.498961	 0.001653
 0.498811	 0.499777	 0.709035	 0.498767	 0.498797	 0.498348	 0.498739	 0.499669	 0.500015	 0.461024	-0.498961	 0.001653
 0.498817	 0.499777	 0.909511	 0.498767	 0.498797	 0.498349	 0.498830	 0.499669	 0.499952	 0.505889	-0.498961	 0.001653
 0.498820	 0.499777	 1.007529	 0.498767	 0.498797	 0.498350	 0.498876	 0.499669	 0.499920	 0.527220	-0.498961	 0.001653
 0.498821	 0.499777	 0.554327	 0.498767	 0.498797	 0.498351	 0.498899	 0.499669	 0.499905	 0.036788	-0.498961	 0.001653
 0.498822	 0.499777	 0.327726	 0.498767	 0.498797	 0.498351	 0.498910	 0.499669	 0.499897	-0.208428	-0.498961	 0.001653
 0.498822	 0.499777	 0.214426	 0.498767	 0.498797	 0.498351	-0.001084	 0.499669	 0.499893	-0.331036	-0.498961	 0.001653
 0.498822	 0.499777	 0.157775	 0.498767	 0.498797	 0.498351	-0.250079	 0.499669	 0.499891	-0.392340	-0.498961	 0.001653
 0.498822	 0.499777	 0.129450	 0.498767	 0.498797	 0.498351	 0.125423	 0.499669	 0.499890	 0.077008	-0.498961	 0.001653
 0.498822	 0.499777	 0.115288	 0.498767	 0.498797	 0.498351	 0.312173	 0.499669	 0.499889	 0.310590	-0.498961	 0.001653
 0.498822	 0.499777	 0.108206	 0.498767	 0.498797	 0.498351	 0.405547	 0.499669	 0.499889	 0.426292	-0.498961	 0.001653
 0.498822	 0.499777	 0.104666	 0.498767	 0.498797	 0.498351	 0.452235	 0.499669	 0.499889	 0.483059	-0.498961	 0.001653
 0.498822	 0.499777	 0.102895	 0.498767	 0.498797	 0.498351	 0.475578	 0.499669	 0.499889	 0.510363	-0.498961	 0.001653
 0.498822	 0.499777	 0.102010	 0.498767	 0.498797	 0.498351	 0.487250	 0.499669	 0.499889	 0.522940	-0.498961	 0.001653
 0.498822	 0.499777	 0.101568	 0.498767	 0.498797	 0.498351	 0.493086	 0.499669	 0.499889	 0.528157	-0.498961	 0.001653
 0.498822	 0.499777	 0.101346	 0.498767	 0.498797	 0.498351	-0.003996	 0.499669	 0.499889	 0.029699	-0.498961	 0.001653
 0.498822	 0.499777	 0.101236	 0.498767	 0.498797	 0.498351	-0.251535	 0.499669	 0.499889	-0.219530	-0.498961	 0.001653
 0.498822	 0.499777	 0.101180	 0.498767	 0.498797	 0.498351	 0.124696	 0.499669	 0.499889	 0.155855	-0.498961	 0.001653
 0.498822	 0.499777	 0.101153	 0.498767	 0.498797	 0.498351	 0.311809	 0.499669	 0.499889	 0.342485	-0.498961	 0.001653
-0.001178	 0.499777	 0.101139	 0.498767	 0.498797	 0.498351	 0.405366	 0.499669	 0.499889	 0.434742	-0.498961	 0.001653
-0.250175	 0.499777	 0.101132	 0.498767	 0.498797	 0.498351	 0.452144	 0.499669	 0.499889	 0.479817	-0.498961	 0.001653
-0.374674	 0.499777	 0.101128	 0.498767	 0.498797	 0.498351	 0.475534	 0.499669	 0.499889	 0.501304	-0.498961	 0.001653
 0.063077	 0.499777	 0.101127	 0.498767	 0.498797	 0.498351	 0.487228	 0.499669	 0.499889	 0.511002	-0.498961	 0.001653
 0.280950	 0.499777	 0.101126	 0.498767	 0.498797	 0.498351	 0.493075	 0.499669	 0.499889	 0.514810	-0.498961	 0.001653
 0.389887	 0.499777	 0.101125	 0.498767	 0.498797	 0.498351	 0.495999	 0.499669	 0.499889	 0.015677	-0.498961	 0.001653
 0.444355	 0.499777	 0.101125	 0.498767	 0.498797	 0.498351	 0.497461	 0.499669	 0.499889	-0.233890	-0.498961	 0.001653
 0.471590	 0.499777	 0.101125	 0.498767	 0.498797	 0.498351	 0.498192	 0.499669	 0.499889	 0.141327	-0.498961	 0.001653
 0.485207	 0.499777	 0.101125	 0.498767	 0.498797	 0.498351	 0.498557	 0.499669	 0.499889	 0.327902	-0.498961	 0.001653
 0.492015	 0.499777	 0.101125	 0.498767	 0.498797	 0.498351	 0.498740	 0.499669	 0.499889	 0.420161	-0.498961	 0.001653
 0.495420	 0.499777	 0.101125	 0.498767	 0.498797	 0.498351	 0.498831	 0.499669	 0.499889	 0.465265	-0.498961	 0.001653
 0.497122	 0.499777	 0.101125	 0.498767	 0.498797	 0.498351	 0.498877	 0.499669	 0.499889	 0.486797	-0.498961	 0.001653
 0.497973	 0.499777	 0.101125	 0.498767	 0.498797	 0.498351	 0.498900	 0.499669	 0.499889	 0.496546	-0.498961	 0.001653
 0.498398	 0.499777	 0.101125	 0.498767	 0.498797	 0.498351	 0.498911	 0.499669	 0.499889	 0.500408	-0.498961	 0.001653
 0.498611	 0.499777	 0.101125	 0.498767	 0.498797	 0.498351	 0.498917	 0.499669	 0.499889	 0.001330	-0.498961	 0.001653
 0.498717	 0.499777	 0.101125	 0.498767	 0.498797	 0.498351	 0.498920	 0.499669	 0.499889	-0.248209	-0.498961	 0.001653
 0.498771	 0.499777	 0.101125	 0.498767	 0.498797	 0.498351	 0.498921	 0.499669	 0.499889	 0.127022	-0.498961	 0.001653
 0.498797	 0.499777	 0.101125	 0.498767	 0.498797	 0.498351	 0.498922	 0.499669	 0.499889	 0.313633	-0.498961	 0.001653
 0.498811	 0.499777	 0.101125	 0.498767	 0.498797	 0.498351	 0.498922	 0.499669	 0.499889	-0.594062	-0.498961	 0.001653
 0.498817	 0.499777	 0.101125	 0.498767	 0.498797	 0.498351	 0.498923	 0.499669	 0.499889	-1.044906	-0.498961	 0.001653
 0.498821	 0.499777	 0.101125	 0.498767	 0.498797	 0.498351	 0.498923	 0.499669	 0.499889	-1.267337	-0.498961	 0.001653
 0.498822	 0.499777	 0.101125	 0.498767	 0.498797	 0.498351	 0.498923	 0.499669	 0.499889	-0.375573	-0.498961	 0.001653
 0.498823	 0.499777	 0.101125	 0.498767	 0.498797	 0.498351	 0.498923	 0.499669	 0.499889	 0.069277	-0.498961	 0.001653
 0.498823	 0.499777	 0.101125	 0.498767	 0.498797	 0.498351	 0.498923	 0.499669	 0.499889	-0.209326	-0.498961	 0.001653
 0.498824	 0.499777	 0.101125	 0.498767	 0.498797	 0.498351	 0.498923	 0.499669	 0.499889	-0.348628	-0.498961	 0.001653
 0.498824	 0.499777	 0.101125	 0.498767	 0.498797	 0.498351	 0.498923	 0.499669	 0.499889	 0.081721	-0.498961	 0.001653
 0.498824	 0.499777	 0.101125	 0.498767	 0.498797	 0.498351	 0.498923	 0.499669	 0.499889	 0.295872	-0.498961	 0.001653
 0.498824	 0.499777	 0.101125	 0.498767	 0.498797	 0.498351	 0.498923	 0.499669	 0.499889	 0.401927	-0.498961	 0.001653
 0.498824	 0.499777	 0.101125	 0.498767	 0.498797	 0.498351	 0.498923	 0.499669	 0.499889	 0.453938	-0.498961	 0.001653
 0.498824	 0.499777	 0.101125	 0.498767	 0.498797	 0.498351	 0.498923	 0.499669	 0.499889	 0.478932	-0.498961	 0.001653
 0.498824	 0.499777	 0.101125	 0.498767	 0.498797	 0.498351	 0.498923	 0.499669	 0.499889	 0.490421	-0.498961	 0.001653
 0.498824	 0.499777	 0.101125	 0.498767	 0.498797	 0.498351	 0.498923	 0.499669	 0.499889	 0.495162	-0.498961	 0.001653
 0.498824	 0.499777	 0.101125	 0.498767	 0.498797	 0.498351	-0.001077	 0.499669	 0.499889	 0.497532	-0.498961	 0.001653
 0.498824	 0.499777	 0.101125	 0.498767	 0.498797	 0.498351	-0.250075	 0.499669	 0.499889	 0.498718	-0.498961	 0.001653
-0.001176	 0.499777	 0.101125	 0.498767	 0.498797	 0.498351	 0.125426	 0.499669	 0.499889	 0.499310	-0.498961	 0.001653
-0.250174	 0.499777	 0.101125	 0.498767	 0.498797	 0.498351	 0.312175	 0.499669	 0.499889	 0.499607	-0.498961	 0.001653
 0.125327	 0.499777	 0.101125	 0.498767	 0.498797	 0.498351	 0.405549	 0.499669	 0.499889	 0.499755	-0.498961	 0.001653
 0.312076	 0.499777	 0.101125	 0.498767	 0.498797	 0.498351	 0.452236	 0.499669	 0.499889	 0.499829	-0.498961	 0.001653
 0.405451	 0.499777	 0.101125	 0.498767	 0.498797	 0.498351	 0.475580	 0.499669	 0.499889	 0.499866	-0.498961	 0.001653
 0.452138	 0.499777	 0.101125	 0.498767	 0.498797	 0.498351	 0.487252	 0.499669	 0.499889	 0.499884	-0.498961	 0.001653
 0.475482	 0.499777	 0.101125	 0.498767	 0.498797	 0.498351	 0.493087	 0.499669	 0.499889	 0.499894	-0.498961	 0.001653
 0.487153	 0.499777	 0.101125	 0.498767	 0.498797	 0.498351	 0.496005	 0.499669	 0.499889	-0.000102	-0.498961	 0.001653
 0.492989	 0.499777	 0.101125	 0.498767	 0.498797	 0.498351	 0.497464	 0.499669	 0.499889	-0.249099	-0.498961	 0.001653
 0.495907	 0.499777	 0.101125	 0.498767	 0.498797	 0.498351	 0.498194	 0.499669	 0.499889	 0.126402	-0.498961	 0.001653
 0.497366	 0.499777	 0.101125	 0.498767	 0.498797	 0.498351	 0.498559	 0.499669	 0.499889	 0.313149	-0.498961	 0.001653
 0.498096	 0.499777	 0.101125	 0.498767	 0.498797	 0.498351	 0.498741	 0.499669	 0.499889	 0.406522	-0.498961	 0.001653
 0.498461	 0.499777	 0.101125	 0.498767	 0.498797	 0.498351	 0.498832	 0.499669	 0.499889	 0.453209	-0.498961	 0.001653
 0.498643	 0.499777	 0.101125	 0.498767	 0.498797	 0.498351	 0.498878	 0.499669	 0.499889	 0.476552	-0.498961	 0.001653
 0.498734	 0.499777	 0.101125	 0.498767	 0.498797	 0.498351	 0.498901	 0.499669	 0.499889	 0.488224	-0.498961	 0.001653
 0.498780	 0.499777	 0.101125	 0.498767	 0.498797	 0.498351	 0.498912	 0.499669	 0.499889	 0.494060	-0.498961	 0.001653
 0.498802	 0.499777	 0.101125	 0.498767	 0.498797	 0.498351	 0.498918	 0.499669	 0.499889	 0.496978	-0.498961	 0.001653
 0.498814	 0.499777	 0.101125	 0.498767	 0.498797	 0.498351	 0.498920	 0.499669	 0.499889	 0.498437	-0.498961	 0.001653
 0.498820	 0.499777	 0.101125	 0.498767	 0.498797	 0.498351	 0.498922	 0.499669	 0.499889	 0.499166	-0.498961	 0.001653
 0.498822	 0.499777	 0.101125	 0.498767	 0.498797	 0.498351	 0.498923	 0.499669	 0.499889	 0.499531	-0.498961	 0.001653
 0.498824	 0.499777	 0.101125	 0.498767	 0.498797	 0.498351	 0.498923	 0.499669	 0.499889	 0.499713	-0.498961	 0.001653
 0.498825	 0.499777	 0.101125	 0.498767	 0.498797	 0.498351	 0.498923	 0.499669	 0.499889	 0.499804	-0.498961	 0.001653
 0.498825	 0.499777	 0.101125	 0.498767	 0.498797	 0.498351	 0.498923	 0.499669	 0.499889	 0.499850	-0.498961	 0.001653
-0.001175	 0.499777	 0.101125	 0.498767	 0.498797	 0.498351	 0.498923	 0.499669	 0.499889	 0.499873	-0.498961	 0.001653
-0.250172	 0.499777	 0.101125	 0.498767	 0.498797	 0.498351	 0.498923	 0.499669	 0.499889	 0.499884	-0.498961	 0.001653
 0.125329	 0.499777	 0.101125	 0.498767	 0.498797	 0.498351	 0.498923	 0.499669	 0.499889	 0.499890	-0.498961	 0.001653
 0.312078	 0.499777	 0.101125	 0.498767	 0.498797	 0.498351	 0.498923	 0.499669	 0.499889	 0.499893	-0.498961	 0.001653
 0.405452	 0.499777	 0.101125	 0.498767	 0.498797	 0.498351	 0.498923	 0.499669	 0.499889	 0.499894	-0.498961	 0.001653
 0.452139	 0.499777	 0.101125	 0.498767	 0.498797	 0.498351	 0.498923	 0.499669	 0.499889	 0.499895	-0.498961	 0.001653
 0.475483	 0.499777	 0.601125	 0.498767	 0.498797	 0.498351	 0.498923	 0.499669	 0.499889	 0.499895	-0.498961	 0.001653
 0.487155	 0.499777	 0.848923	 0.498767	 0.498797	 0.498351	 0.498923	 0.499669	 0.499889	 0.499895	-0.498961	 0.001653
 0.492991	 0.499777	 0.970628	 0.498767	 0.498797	 0.498351	 0.498923	 0.499669	 0.499889	 0.499896	-0.498961	 0.001653
-0.004091	 0.499777	 0.529296	 0.498767	 0.498797	 0.498351	 0.498923	 0.499669	 0.499889	 0.499896	-0.498961	 0.001653
-0.251630	 0.499777	 0.308630	 0.498767	 0.498797	 0.498351	 0.498923	 0.499669	 0.499889	 0.499896	-0.498961	 0.001653
 0.124601	 0.499777	 0.198297	 0.498767	 0.498797	 0.498351	 0.498923	 0.499669	 0.499889	 0.499896	-0.498961	 0.001653
 0.311714	 0.499777	 0.143131	 0.498767	 0.498797	 0.498351	 0.498923	 0.499669	 0.499889	 0.499896	-0.498961	 0.001653
 0.405271	 0.499777	 0.115548	 0.498767	 0.498797	 0.498351	 0.498923	 0.499669	 0.499889	 0.499896	-0.498961	 0.001653
 0.452050	 0.499777	 0.101756	 0.498767	 0.498797	 0.498351	 0.498923	 0.499669	 0.499889	 0.499896	-0.498961	 0.001653
 0.475439	 0.499777	 0.094860	 0.498767	 0.498797	 0.498351	 0.498923	 0.499669	 0.499889	-0.000104	-0.498961	 0.001653
 0.487133	 0.499777	 0.091412	 0.498767	 0.498797	 0.498351	 0.498923	 0.499669	 0.499889	-0.249104	-0.498961	 0.001653
 0.492981	 0.499777	 0.089688	 0.498767	 0.498797	 0.498351	 0.498923	 0.499669	 0.499889	-0.373604	-0.498961	 0.001653
 0.495904	 0.499777	 0.088826	 0.498767	 0.498797	 0.498351	 0.498923	 0.499669	 0.499889	 0.064146	-0.498961	 0.001653
 0.497366	 0.499777	 0.088395	 0.498767	 0.498797	 0.498351	 0.498923	 0.499669	 0.499889	 0.282017	-0.498961	 0.001653
 0.498097	 0.499777	 0.088180	 0.498767	 0.498797	 0.498351	 0.498923	 0.499669	 0.499889	 0.390953	-0.498961	 0.001653
 0.498463	 0.499777	 0.088072	 0.498767	 0.498797	 0.498351	 0.498923	 0.499669	 0.499889	 0.445421	-0.498961	 0.001653
-0.001355	 0.499777	 0.088018	 0.498767	 0.498797	 0.498351	 0.498923	 0.499669	 0.499889	 0.472655	-0.498961	 0.001653
-0.250261	 0.499777	 0.087991	 0.498767	 0.498797	 0.498351	 0.498923	 0.499669	 0.499889	 0.486272	-0.498961	 0.001653
 0.125286	 0.499777	 0.087978	 0.498767	 0.498797	-0.001649	 0.498923	 0.499669	 0.499889	 0.493080	-0.498961	 0.001653
 0.312058	 0.499777	 0.087971	 0.498767	 0.498797	-0.250646	 0.498923	 0.499669	 0.499889	 0.496484	-0.498961	 0.001653
 0.405443	 0.499777	 0.087968	 0.498767	 0.498797	-0.375144	 0.498923	 0.499669	 0.499889	 0.498186	-0.498961	 0.001653
 0.452136	 0.499777	 0.087966	 0.498767	 0.498797	 0.062607	 0.498923	 0.499669	 0.499889	 0.499037	-0.498961	 0.001653
 0.475483	 0.499777	 0.087965	 0.498767	 0.498797	 0.280482	 0.498923	 0.499669	 0.499889	 0.499463	-0.498961	 0.001653
 0.487156	 0.499777	 0.087965	 0.498767	 0.498797	 0.389419	 0.498923	 0.499669	 0.499889	-0.500324	-0.498961	 0.001653
 0.492993	 0.499777	 0.087965	 0.498767	 0.498797	 0.443888	 0.498923	 0.499669	 0.499889	-0.997218	-0.498961	 0.001653
 0.495911	 0.499777	 0.087964	 0.498767	 0.498797	 0.471122	 0.498923	 0.499669	 0.499889	-0.242676	-0.498961	 0.001653
 0.497370	 0.499777	 0.087964	 0.498767	 0.498797	 0.484739	 0.498923	 0.499669	 0.499889	 0.133571	-0.498961	 0.001653
 0.498100	 0.499777	 0.087964	 0.498767	 0.498797	 0.491548	 0.498923	 0.499669	 0.499889	 0.320675	-0.498961	 0.001653
 0.498465	 0.499777	 0.087964	 0.498767	 0.498797	 0.494952	 0.498923	 0.499669	 0.499889	 0.413211	-0.498961	 0.001653
 0.498647	 0.499777	 0.087964	 0.498767	 0.498797	-0.003346	 0.498923	 0.499669	 0.499889	 0.458468	-0.498961	 0.001653
 0.498738	 0.499777	 0.087964	 0.498767	 0.498797	-0.251492	 0.498923	 0.499669	 0.499889	 0.480089	-0.498961	 0.001653
 0.498784	 0.499777	 0.087964	 0.498767	 0.498797	-0.375564	 0.498923	 0.499669	 0.499889	 0.489896	-0.498961	 0.001653
 0.498807	 0.499777	 0.087964	 0.498767	 0.498797	 0.062399	 0.498923	 0.499669	 0.499889	 0.494799	-0.498961	 0.001653
 0.498818	 0.499777	 0.087964	 0.498767	 0.498797	 0.280380	 0.498923	 0.499669	 0.499889	 0.497251	-0.498961	 0.001653
 0.498824	 0.499777	 0.087964	 0.498767	 0.498797	 0.389371	 0.498923	 0.499669	 0.499889	-0.501523	-0.498961	 0.001653
 0.498827	 0.499777	 0.087964	 0.498767	 0.498797	 0.443866	 0.498923	 0.499669	 0.499889	-0.997910	-0.498961	 0.001653
 0.498828	 0.499777	 0.587964	 0.498767	 0.498797	 0.471114	 0.498923	 0.499669	 0.499889	-0.243114	-0.498961	 0.001653
 0.498829	 0.499777	 0.835788	 0.498767	 0.498797	 0.484738	 0.498923	 0.499669	 0.499889	 0.133260	-0.498961	 0.001653
 0.498829	 0.499777	 0.457533	 0.498767	 0.498797	 0.491549	 0.498923	 0.499669	 0.499889	 0.320428	-0.498961	 0.001653
 0.498829	 0.499777	 0.268406	 0.498767	 0.498797	 0.494955	 0.498923	 0.499669	 0.499889	 0.412997	-0.498961	 0.001653
 0.498829	 0.499777	 0.173842	 0.498767	 0.498797	 0.496658	 0.498923	 0.499669	 0.499889	 0.458270	-0.498961	 0.001653
 0.498829	 0.499777	 0.626560	 0.498767	 0.498797	 0.497510	 0.498923	 0.499669	 0.499889	 0.479900	-0.498961	 0.001653
 0.498829	 0.499777	 0.850760	 0.498767	 0.498797	 0.497936	 0.498923	 0.499669	 0.499889	 0.489711	-0.498961	 0.001653
-0.001171	 0.499777	 0.460711	 0.498767	 0.498797	 0.498149	 0.498923	 0.499669	 0.499889	 0.494617	-0.498961	 0.001653
-0.250168	 0.499777	 0.265686	 0.498767	 0.498797	 0.498255	 0.498923	 0.499669	 0.499889	 0.497070	-0.498961	 0.001653
 0.125333	 0.499777	 0.168173	 0.498767	 0.498797	 0.498308	 0.498923	 0.499669	 0.499889	-0.001704	-0.498961	 0.001653
 0.312082	 0.499777	 0.119417	 0.498767	 0.498797	 0.498335	 0.498923	 0.499669	 0.499889	-0.250089	-0.498961	 0.001653
 0.405456	 0.499777	 0.095039	 0.498767	 0.498797	 0.498348	 0.498923	 0.499669	 0.499889	 0.125718	-0.498961	 0.001653
 0.452143	 0.499777	 0.082850	 0.498767	 0.498797	 0.498355	 0.498923	 0.499669	 0.499889	 0.312618	-0.498961	 0.001653
 0.475487	 0.499777	 0.076756	 0.498767	 0.498797	 0.498358	 0.498923	 0.499669	 0.499889	 0.406069	-0.498961	 0.001653
 0.487159	 0.499777	 0.073708	 0.498767	 0.498797	-0.001640	 0.498923	 0.499669	 0.499889	 0.452794	-0.498961	 0.001653
 0.492995	 0.499777	 0.072185	 0.498767	 0.498797	-0.250636	 0.498923	 0.499669	 0.499889	 0.476156	-0.498961	 0.001653
 0.495913	 0.499777	 0.071423	 0.498767	 0.498797	 0.124866	 0.498923	 0.499669	 0.499889	-0.012163	-0.498961	 0.001653
 0.497372	 0.499777	 0.071042	 0.498767	 0.498797	 0.311616	 0.498923	 0.499669	 0.499889	-0.255321	-0.498961	 0.001653
 0.498101	 0.499777	 0.070851	 0.498767	 0.498797	-0.095009	 0.498923	 0.499669	 0.499889	-0.376900	-0.498961	 0.001653
 0.498466	 0.499777	 0.070756	 0.498767	 0.498797	-0.297318	 0.498923	 0.499669	 0.499889	-0.437690	-0.498961	 0.001653
 0.498648	 0.499777	 0.570709	 0.498767	 0.498797	 0.101528	 0.498923	 0.499669	 0.499889	 0.031915	-0.498961	 0.001653
 0.498740	 0.499777	 0.818544	 0.498767	 0.498797	 0.299950	 0.498923	 0.499669	 0.499889	 0.265715	-0.498961	 0.001653
 0.498785	 0.499777	 0.940328	 0.498767	 0.498797	 0.399161	 0.498923	 0.499669	 0.499889	 0.382615	-0.498961	 0.001653
 0.498808	 0.499777	 0.499096	 0.498767	 0.498797	 0.448766	 0.498923	 0.499669	 0.499889	 0.441065	-0.498961	 0.001653
 0.498819	 0.499777	 0.278480	 0.498767	 0.498797	 0.473569	 0.498923	 0.499669	 0.499889	 0.470290	-0.498961	 0.001653
 0.498825	 0.499777	 0.168172	 0.498767	 0.498797	 0.485970	 0.498923	 0.499669	 0.499889	-0.015098	-0.498961	 0.001653
 0.498828	 0.499777	 0.113018	 0.498767	 0.498797	 0.492171	 0.498923	 0.499669	 0.499889	-0.256791	-0.498961	 0.001653
 0.498829	 0.499777	 0.085441	 0.498767	 0.498797	 0.495271	 0.498923	 0.499669	 0.499889	 0.122363	-0.498961	 0.001653
 0.498830	 0.499777	 0.071653	 0.498767	 0.498797	 0.496821	 0.498923	 0.499669	 0.499889	 0.310937	-0.498961	 0.001653
 0.498830	 0.499777	 0.064759	 0.498767	 0.498797	 0.497596	 0.498923	 0.499669	 0.499889	-0.094776	-0.498961	 0.001653
 0.498831	 0.499777	 0.061312	 0.498767	 0.498797	 0.497984	 0.498923	 0.499669	 0.499889	-0.296632	-0.498961	 0.001653
 0.498831	 0.499777	 0.059588	 0.498767	 0.498797	 0.498178	 0.498923	 0.499669	 0.499889	-0.397560	-0.498961	 0.001653
 0.498831	 0.499777	 0.058726	 0.498767	 0.498797	 0.498275	 0.498923	 0.999669	 0.499889	-0.448024	-0.498961	 0.001653
 0.498831	 0.499777	 0.058295	 0.498767	 0.498797	 0.498323	 0.498923	 1.246670	 0.499889	-0.473256	-0.498961	 0.001653
 0.498831	 0.499777	 0.058080	 0.498767	 0.498797	-0.001653	 0.498923	 0.867183	-0.000111	-0.485872	-0.498961	 0.001653
 0.498831	 0.499777	 0.057972	 0.498767	 0.498797	-0.250637	 0.498923	 0.677439	-0.249111	-0.492180	-0.498961	 0.001653
 0.498831	 0.499777	 0.057918	 0.498767	 0.498797	 0.124870	 0.498923	 0.582568	 0.126389	-0.495334	-0.498961	 0.001653
 0.498831	 0.499777	 0.057891	 0.498767	 0.498797	 0.311623	 0.498923	 0.535132	 0.313136	-0.496911	-0.498961	 0.001653
 0.498831	 0.499777	 0.057878	 0.498767	 0.498797	 0.405000	-0.001077	 0.511414	 0.406509	 0.002301	-0.498961	 0.001653
 0.498831	 0.499777	 0.057871	 0.498767	 0.498797	 0.451688	-0.250075	 0.499555	 0.453195	 0.250904	-0.498961	 0.001653
 0.498831	 0.499777	 0.057868	 0.498767	 0.498797	 0.475032	-0.374573	 0.493625	 0.476539	 0.375205	-0.498961	 0.001653
-0.001169	 0.499777	 0.057866	 0.498767	 0.498797	 0.486704	 0.063177	 0.490661	 0.488210	 0.437356	-0.498961	 0.001653
-0.250167	 0.499777	 0.057865	 0.498767	 0.498797	 0.492540	 0.281050	 0.489178	 0.494046	 0.468431	-0.498961	 0.001653
-0.374666	 0.499777	 0.057865	 0.498767	 0.498797	-0.004541	 0.389987	 0.488437	 0.496964	 0.483969	-0.498961	 0.001653
-0.436915	 0.499777	 0.057865	 0.498767	 0.498797	-0.252079	 0.444456	 0.488067	 0.498423	 0.491738	-0.498961	 0.001653
 0.031960	 0.499777	 0.057865	 0.498767	-0.001203	 0.124152	 0.471690	 0.487881	 0.499152	 0.495622	-0.498961	 0.001653
 0.265396	 0.499777	 0.057864	 0.498767	-0.250201	 0.311267	 0.485307	 0.487789	 0.499517	 0.497564	-0.498961	 0.001653
 0.382114	 0.499777	 0.057864	 0.498767	 0.125301	 0.404824	 0.492115	 0.487742	 0.499699	 0.498535	-0.498961	 0.001653
 0.440473	 0.499777	 0.057864	 0.498767	 0.312050	 0.451603	 0.495520	 0.487719	 0.499791	 0.499021	-0.498961	 0.001653
 0.469653	 0.499777	 0.057864	 0.498767	 0.405424	 0.474992	 0.497222	 0.487708	 0.499836	 0.499264	-0.498961	 0.001653
 0.484242	 0.499777	 0.557864	 0.498767	 0.452111	 0.486687	 0.498073	 0.487702	 0.499859	 0.499385	-0.498961	 0.001653
 0.491537	 0.499777	 0.805749	 0.498767	 0.475455	 0.492534	 0.498498	 0.487699	 0.499870	 0.499446	-0.498961	 0.001653
-0.004815	 0.499777	 0.927584	 0.498767	 0.487127	 0.495458	 0.498711	 0.487697	 0.499876	 0.499476	-0.498961	 0.001653
-0.251989	 0.499777	 0.986402	 0.498767	 0.492963	 0.496920	 0.498818	 0.487697	 0.499879	 0.499491	-0.498961	 0.001653
 0.124424	 0.499777	 0.513721	 0.498767	 0.495881	-0.002349	 0.498871	 0.487696	 0.499880	 0.499499	-0.498961	 0.001653
 0.311629	 0.499777	 0.277380	 0.498767	 0.497340	-0.250981	 0.498897	 0.487696	 0.499881	 0.499503	-0.498961	 0.001653
 0.405231	 0.499777	 0.159210	 0.498767	 0.498069	 0.124704	 0.498911	 0.487696	 0.499881	 0.499504	-0.498961	 0.001653
 0.452032	 0.499777	 0.100125	 0.498767	 0.498434	 0.311545	 0.498917	 0.487696	 0.499882	 0.499505	-0.498961	 0.001653
 0.475433	 0.499777	 0.070582	 0.498767	 0.498616	 0.404966	 0.498921	 0.487696	 0.499882	 0.499506	-0.498961	 0.001653
 0.487133	 0.499777	 0.055811	 0.498767	 0.498707	 0.451676	 0.498922	 0.487696	 0.499882	 0.499506	-0.498961	 0.001653
 0.492983	 0.499777	 0.048426	 0.498767	 0.498753	 0.475031	 0.498923	 0.487696	 0.499882	 0.499506	-0.498961	 0.001653
 0.495908	 0.499777	 0.044733	 0.498767	 0.498776	 0.486709	 0.498923	 0.487696	 0.499882	 0.499506	-0.498961	 0.001653
 0.497371	 0.499777	 0.042886	 0.498767	 0.498787	 0.492548	 0.498924	 0.487696	 0.499882	 0.499506	-0.498961	 0.001653
 0.498102	 0.499777	 0.041963	 0.498767	 0.498793	 0.495467	 0.498924	 0.487696	 0.499882	 0.499506	-0.498961	 0.001653
 0.498468	 0.499777	 0.041501	 0.498767	 0.498796	 0.496927	 0.498924	 0.487696	 0.499882	 0.499506	-0.498961	 0.001653
-0.001349	 0.499777	 0.041271	 0.498767	 0.498797	-0.002343	 0.498924	 0.487696	 0.499882	 0.499506	-0.498961	 0.001653
-0.250256	 0.499777	 0.041155	 0.498767	 0.498798	-0.250975	 0.498924	 0.487696	 0.499882	 0.499506	-0.498961	 0.001653
-0.374709	 0.499777	 0.041098	 0.498767	 0.498798	-0.375291	 0.498924	 0.487696	 0.499882	 0.499506	-0.498961	 0.001653
-0.436935	 0.499777	 0.041069	 0.498767	 0.498798	-0.437449	 0.498924	 0.487696	 0.499882	 0.499506	-0.498961	 0.001653
-0.468049	 0.499777	 0.041054	 0.498767	 0.498798	-0.468528	 0.498924	 0.487696	 0.499882	 0.499506	-0.498961	 0.001653
 0.016395	 0.499777	 0.541047	 0.498767	 0.498798	 0.015932	 0.498924	 0.487696	 0.499882	 0.499506	-0.498961	 0.001653
 0.257615	 0.499777	 0.788961	 0.498767	 0.498798	 0.257162	 0.498924	 0.487696	 0.499882	 0.499506	-0.498961	 0.001653
 0.378225	 0.499777	 0.410845	 0.498767	 0.498799	 0.377777	 0.498924	 0.487696	 0.499882	-0.000494	-0.498961	 0.001653
 0.438530	 0.499777	 0.221787	 0.498767	 0.498799	 0.438084	 0.498924	 0.487696	 0.499882	-0.249493	-0.498961	 0.001653
 0.468682	 0.499777	 0.127257	 0.498767	 0.498799	 0.468238	 0.498924	 0.487696	 0.499882	 0.126008	-0.498961	 0.001653
 0.483758	 0.499777	 0.079993	 0.498767	 0.498799	 0.483314	 0.498924	 0.487696	 0.499882	 0.312755	-0.498961	 0.001653
 0.491297	 0.499777	 0.056361	 0.498767	 0.498799	 0.490853	 0.498924	 0.487696	 0.499882	 0.406129	-0.498961	 0.001653
 0.495066	 0.499777	 0.044544	 0.498767	 0.498799	 0.494622	 0.498924	 0.487696	 0.499882	 0.452816	-0.498961	 0.001653
 0.496950	 0.499777	 0.038636	 0.498767	 0.498799	 0.496507	 0.498924	 0.487696	 0.499882	 0.476159	-0.498961	 0.001653
 0.497892	 0.499777	 0.035682	 0.498767	 0.498799	 0.497449	 0.498924	 0.487696	 0.499882	 0.487831	-0.498961	 0.001653
 0.498364	 0.499777	 0.034205	 0.498767	 0.498799	 0.497920	 0.498924	 0.487696	 0.499882	 0.493666	-0.498961	 0.001653
 0.498599	 0.499777	 0.033467	 0.498767	 0.498799	 0.498156	 0.498924	 0.487696	 0.499882	 0.496584	-0.498961	 0.001653
 0.498717	 0.499777	 0.033097	 0.498767	 0.498799	 0.498274	 0.498924	 0.487696	 0.499882	 0.498043	-0.498961	 0.001653
 0.498776	 0.499777	 0.532913	 0.498767	 0.498799	 0.498332	 0.498924	 0.487696	 0.499882	 0.498773	-0.498961	 0.001653
 0.498805	 0.499777	 0.780755	 0.498767	 0.498799	 0.498362	 0.498924	 0.487696	 0.499882	 0.499138	-0.498961	 0.001653
 0.498820	 0.499777	 0.402619	 0.498767	 0.498799	 0.498377	 0.498924	 0.487696	 0.499882	 0.499320	-0.498961	 0.001653
 0.498827	 0.499777	 0.213551	 0.498767	 0.498799	 0.498384	 0.498924	 0.487696	 0.499882	 0.499411	-0.498961	 0.001653
 0.498831	 0.499777	 0.119017	 0.498767	 0.498799	 0.498388	 0.498924	 0.487696	 0.499882	 0.499457	-0.498961	 0.001653
 0.498833	 0.499777	 0.071750	 0.498767	 0.498799	 0.498389	 0.498924	 0.487696	 0.499882	 0.499480	-0.498961	 0.001653
 0.498834	 0.499777	 0.048116	 0.498767	 0.498799	 0.498390	 0.498924	 0.487696	 0.499882	 0.499491	-0.498961	 0.001653
-0.001166	 0.499777	 0.036300	 0.498767	 0.498799	 0.498391	 0.498924	 0.487696	 0.499882	 0.499497	-0.498961	 0.001653
-0.250163	 0.499777	 0.030391	 0.498767	 0.498799	 0.498391	 0.498924	 0.487696	 0.499882	 0.499499	-0.498961	 0.001653
 0.125338	 0.499777	 0.027437	 0.498767	 0.498799	 0.498391	 0.498924	 0.487696	 0.499882	 0.499501	-0.498961	 0.001653
 0.312087	 0.499777	 0.025960	 0.498767	 0.498799	 0.498391	 0.498924	 0.487696	 0.499882	 0.499502	-0.498961	 0.001653
-0.094538	 0.499777	 0.025221	 0.498767	 0.498799	 0.498391	-0.001076	 0.487696	 0.499882	 0.499502	-0.498961	 0.001653
-0.296849	 0.499777	 0.024852	 0.498767	 0.498799	 0.498391	-0.250074	 0.487696	 0.499882	 0.499502	-0.498961	 0.001653
-0.398004	 0.499777	 0.024668	 0.498767	 0.498799	 0.498391	-0.374573	 0.487696	 0.499882	 0.499502	-0.498961	 0.001653
 0.051418	 0.499777	 0.024575	 0.498767	 0.498799	 0.498391	 0.063178	 0.487696	 0.499882	 0.499502	-0.498961	 0.001653
 0.275128	 0.499777	 0.024529	 0.498767	 0.498799	 0.498391	 0.281051	 0.487696	 0.499882	 0.499502	-0.498961	 0.001653
 0.386983	 0.499777	 0.524506	 0.498767	 0.498799	 0.498391	 0.389988	 0.487696	 0.499882	 0.499502	-0.498961	 0.001653
 0.442910	 0.499777	 0.772445	 0.498767	 0.498799	 0.498391	 0.444456	 0.487696	 0.499882	 0.499502	-0.498961	 0.001653
 0.470874	 0.499777	 0.394374	 0.498767	 0.498799	 0.498391	 0.471690	 0.487696	 0.499882	-0.000498	-0.498961	 0.001653
 0.484855	 0.499777	 0.205339	 0.498767	 0.498799	 0.498391	 0.485307	 0.487696	 0.499882	-0.249497	-0.498961	 0.001653
 0.491846	 0.499777	 0.610821	 0.498767	 0.498799	-0.001609	 0.492116	 0.487696	 0.499882	-0.373996	-0.498961	 0.001653
 0.495342	 0.499777	 0.811530	 0.498767	 0.498799	-0.250605	 0.495520	 0.487696	 0.499882	-0.436246	-0.498961	 0.001653
 0.497090	 0.499777	 0.909860	 0.498767	 0.498799	-0.375104	 0.497222	 0.487696	 0.499882	-0.467371	-0.498961	 0.001653
 0.497963	 0.499777	 0.957008	 0.498767	 0.498799	 0.062647	 0.498073	 0.487696	 0.499882	 0.017067	-0.498961	 0.001653
 0.498400	 0.499777	 0.478574	 0.498767	 0.498799	 0.280522	 0.498499	 0.487696	 0.499882	-0.241717	-0.498961	 0.001653
 0.498619	 0.499777	 0.239357	 0.498767	 0.498799	 0.389459	 0.498712	 0.487696	 0.499882	-0.370109	-0.498961	 0.001653
 0.498728	 0.499777	 0.119748	 0.498767	 0.498799	 0.443927	 0.498818	 0.487696	 0.499882	-0.434304	-0.498961	 0.001653
 0.498783	 0.499777	 0.059944	 0.498767	 0.498799	 0.471162	 0.498871	 0.487696	 0.499882	 0.033598	-0.498961	 0.001653
 0.498810	 0.499777	 0.030042	 0.498767	 0.498799	 0.484779	 0.498898	 0.487696	 0.499882	 0.266546	-0.498961	 0.001653
 0.498824	 0.499777	 0.015091	 0.498767	 0.498799	 0.491588	 0.498911	 0.487696	 0.499882	 0.383020	-0.498961	 0.001653
 0.498830	 0.499777	 0.007615	 0.498767	 0.498799	 0.494992	 0.498918	 0.487696	 0.499882	 0.441257	-0.498961	 0.001653
 0.498834	 0.499777	 0.003878	 0.498767	 0.498799	 0.496694	 0.498921	 0.487696	 0.499882	 0.470376	-0.498961	 0.001653
 0.498836	 0.499777	 0.002009	 0.498767	 0.498799	 0.497545	 0.498923	 0.487696	 0.499882	 0.484935	-0.498961	 0.001653
 0.498836	 0.499777	 0.001074	 0.498767	 0.498799	 0.497971	 0.498924	 0.487696	 0.499882	 0.492215	-0.498961	 0.001653
 0.498837	 0.499777	 0.000607	 0.498767	 0.498799	 0.498183	 0.498924	 0.487696	 0.499882	 0.495854	-0.498961	 0.001653
 0.498837	 0.499777	 0.000374	 0.498767	 0.498799	 0.498290	 0.498924	 0.487696	 0.499882	 0.497674	-0.498961	 0.001653
 0.498837	 0.499777	 0.000257	 0.498767	 0.498799	 0.498343	 0.498924	 0.487696	 0.499882	 0.498584	-0.498961	 0.001653
 0.498837	 0.499777	 0.000198	 0.498767	-0.001201	 0.498370	 0.498924	 0.487696	 0.499882	 0.499039	-0.498961	 0.001653
 0.498837	 0.499777	 0.000169	 0.498767	-0.250199	 0.498383	 0.498924	 0.487696	 0.499882	 0.499267	-0.498961	 0.001653
 0.498837	 0.499777	 0.000155	 0.498767	-0.374698	 0.498389	 0.498924	 0.487696	 0.499882	 0.499381	-0.498961	 0.001653
 0.498837	 0.499777	 0.500147	 0.498767	 0.063053	 0.498393	 0.498924	-0.012304	 0.499882	-0.000563	-0.498961	 0.001653
 0.498837	 0.499777	 0.748143	 0.498767	 0.280926	 0.498394	 0.498924	-0.261279	 0.499882	-0.249533	-0.498961	 0.001653
 0.498837	 0.499777	 0.370149	 0.498767	 0.389863	 0.498395	 0.498924	 0.115253	 0.499882	 0.125982	-0.498961	 0.001653
 0.498837	 0.499777	 0.181152	 0.498767	 0.444332	 0.498396	 0.498925	 0.303520	 0.499882	 0.312736	-0.498961	 0.001653
 0.498837	 0.499777	 0.086653	 0.498767	 0.471566	 0.498396	 0.498925	 0.397653	 0.499882	 0.406113	-0.498961	 0.001653
 0.498837	 0.499777	 0.039404	 0.498767	 0.485183	 0.498396	 0.498925	 0.444720	 0.499882	 0.452802	-0.498961	 0.001653
 0.498837	 0.499777	 0.015779	 0.498767	 0.491992	 0.498396	 0.498925	 0.468253	 0.499882	-0.023854	-0.498961	 0.001653
 0.498837	 0.499777	 0.003967	 0.498767	 0.495396	 0.498396	 0.498925	 0.480020	 0.499882	-0.261181	-0.498961	 0.001653
 0.498837	 0.499777	-0.001939	 0.498767	 0.497098	 0.498396	 0.498925	 0.485903	 0.499882	-0.379844	-0.498961	 0.001653
 0.498837	 0.499777	-0.004892	 0.498767	 0.497949	 0.498396	 0.498925	 0.488845	 0.499882	 0.060824	-0.498961	 0.001653
 0.498837	 0.499777	-0.006369	 0.498767	 0.498375	 0.498396	 0.498925	 0.490315	 0.499882	 0.280155	-0.498961	 0.001653
 0.498837	 0.499777	-0.007107	 0.498767	 0.498587	 0.498396	 0.498925	 0.491051	 0.499882	 0.389821	-0.498961	 0.001653
 0.498837	 0.499777	-0.007476	 0.498767	 0.498694	 0.498396	 0.498925	 0.491419	 0.499882	-0.055346	-0.498961	 0.001653
 0.498837	 0.499777	 0.492339	 0.498767	 0.498747	-0.001604	 0.498925	 0.491602	 0.499882	 0.223071	-0.498961	 0.001653
 0.498837	 0.499777	 0.740263	 0.498767	 0.498774	-0.250601	 0.498925	 0.491694	 0.499882	 0.361277	-0.498961	 0.001653
 0.498837	 0.499777	 0.362248	 0.498767	 0.498787	 0.124901	 0.498925	 0.491740	 0.499882	 0.430380	-0.498961	 0.001653
 0.498837	 0.499777	 0.173241	 0.498767	 0.498793	 0.311651	 0.498925	 0.491763	 0.499882	 0.464931	-0.498961	 0.001653
 0.498837	 0.499777	 0.078737	 0.498767	 0.498797	 0.405026	 0.498925	 0.491775	 0.499882	 0.482207	-0.498961	 0.001653
 0.498837	 0.499777	 0.031485	 0.498767	 0.498798	 0.451713	 0.498925	 0.491780	 0.499882	 0.490845	-0.498961	 0.001653
-0.001163	 0.499777	 0.007859	 0.498767	 0.498799	 0.475057	 0.498925	 0.491783	 0.499882	 0.495164	-0.498961	 0.001653
 0.249840	 0.499777	-0.003954	 0.498767	 0.498800	 0.486729	 0.498925	 0.491785	 0.499882	 0.497323	-0.498961	 0.001653
 0.374339	 0.499777	-0.009860	 0.498767	 0.498800	 0.492565	 0.498925	 0.491785	 0.499882	 0.498403	-0.498961	 0.001653
 0.436589	 0.499777	-0.012813	 0.498767	 0.498800	 0.495483	 0.498925	 0.491786	 0.499882	-0.001057	-0.498961	 0.001653
 0.467714	 0.499777	-0.014290	 0.498767	 0.498800	 0.496942	 0.498925	 0.491786	 0.499882	-0.249786	-0.498961	 0.001653
 0.483276	 0.499777	-0.015028	 0.498767	 0.498800	-0.002329	 0.498925	 0.491786	 0.499882	 0.125849	-0.498961	 0.001653
 0.491057	 0.499777	-0.015397	 0.498767	 0.498800	-0.250961	 0.498925	 0.491786	 0.499882	 0.312664	-0.498961	 0.001653
 0.494948	 0.499777	-0.015582	 0.498767	 0.498800	-0.375277	 0.498925	 0.491786	 0.499882	 0.406071	-0.498961	 0.001653
 0.496893	 0.499777	-0.015674	 0.498767	 0.498800	 0.062565	 0.498925	 0.491786	 0.499882	 0.452775	-0.498961	 0.001653
 0.497866	 0.499777	-0.015720	 0.498767	 0.498800	 0.280486	 0.498925	 0.491786	 0.499882	 0.476127	-0.498961	 0.001653
 0.498352	 0.499777	-0.015744	 0.498767	 0.498800	 0.389446	 0.498925	 0.491786	 0.499882	 0.487803	-0.498961	 0.001653
 0.498595	 0.499777	-0.015755	 0.498767	 0.498800	 0.443926	 0.498925	 0.491786	 0.499882	 0.493641	-0.498961	 0.001653
 0.498717	 0.499777	-0.015761	 0.498767	 0.498800	 0.471166	 0.498925	 0.491786	 0.499882	 0.496560	-0.498961	 0.001653
-0.001222	 0.499777	-0.015764	 0.498767	 0.498800	 0.484786	 0.498925	 0.491786	 0.499882	 0.498019	-0.498961	 0.001653
 0.249811	 0.499777	-0.015765	 0.498767	-0.001200	 0.491596	 0.498925	 0.491786	 0.499882	 0.498749	-0.498961	 0.001653
 0.374325	 0.499777	-0.015766	 0.498767	-0.250197	 0.495001	 0.498925	 0.491786	 0.499882	 0.499114	-0.498961	 0.001653
 0.436583	 0.499777	-0.015766	 0.498767	-0.374696	 0.496703	 0.498925	 0.491786	 0.499882	 0.499296	-0.498961	 0.001653
 0.467711	 0.499777	-0.015766	 0.498767	-0.436946	 0.497554	 0.498925	 0.491786	 0.499882	 0.499387	-0.498961	 0.001653
-0.016724	 0.499777	-0.015766	 0.498767	 0.031930	 0.497980	 0.498925	 0.491786	 0.499882	 0.499433	-0.498961	 0.001653
-0.257940	 0.499777	-0.015767	 0.498767	 0.265366	 0.498193	 0.498925	 0.491786	 0.499882	 0.499456	-0.498961	 0.001653
-0.378548	 0.499777	-0.015767	 0.498767	 0.382084	 0.498299	 0.498925	 0.491786	 0.499882	 0.499467	-0.498961	 0.001653
 0.061148	 0.499777	-0.015767	 0.498767	 0.440443	 0.498353	 0.498925	 0.491786	 0.499882	-0.000527	-0.498961	 0.001653
 0.279995	 0.499777	-0.015767	 0.498767	 0.469622	 0.498379	 0.498925	 0.491786	 0.499882	-0.249523	-0.498961	 0.001653
 0.389418	 0.499777	-0.015767	 0.498767	 0.484212	 0.498392	 0.498925	 0.491786	 0.499882	-0.374021	-0.498961	 0.001653
 0.444130	 0.499777	-0.015767	 0.498767	 0.491507	 0.498399	 0.498925	 0.991786	 0.499882	 0.063730	-0.498961	 0.001653
 0.471485	 0.499777	-0.015767	 0.498767	 0.495154	 0.498402	 0.498925	 1.238803	 0.499882	 0.281602	-0.498961	 0.001653
 0.485163	 0.499777	-0.015767	 0.498767	 0.496978	 0.498404	 0.498925	 0.859339	 0.499882	 0.390539	-0.498961	 0.001653
 0.492002	 0.499777	-0.015767	 0.498767	 0.497890	 0.498405	 0.498925	 0.669608	 0.499882	 0.445007	-0.498961	 0.001653
 0.495422	 0.499777	-0.015767	 0.498767	 0.498346	 0.498405	 0.498925	 0.574742	 0.499882	 0.472241	-0.498961	 0.001653
 0.497131	 0.499777	-0.015767	 0.498767	 0.498574	 0.498406	 0.498925	 0.527309	 0.499882	 0.485858	-0.498961	 0.001653
-0.002014	 0.499777	-0.015767	 0.498767	 0.498688	 0.498406	 0.498925	 0.503592	 0.499882	 0.492666	-0.498961	 0.001653
-0.250584	 0.499777	-0.015767	 0.498767	 0.498745	 0.498406	 0.498925	 0.491734	 0.499882	 0.496071	-0.498961	 0.001653
-0.374869	 0.499777	-0.015767	 0.498767	 0.498773	 0.498406	 0.498925	 0.485805	 0.499882	 0.497773	-0.498961	 0.001653
 0.062988	 0.499777	-0.015767	 0.498767	 0.498787	 0.498406	 0.498925	 0.482840	 0.499882	 0.498624	-0.498961	 0.001653
 0.280915	 0.499777	-0.015767	 0.498767	 0.498795	 0.498406	 0.498925	 0.481358	 0.499882	 0.499049	-0.498961	 0.001653
 0.389879	 0.499777	-0.015767	 0.498767	 0.498798	 0.498406	 0.498925	 0.480617	 0.499882	 0.499262	-0.498961	 0.001653
 0.444361	 0.499777	-0.015767	 0.498767	 0.498800	 0.498406	 0.498925	 0.480246	 0.499882	 0.499368	-0.498961	 0.001653
 0.471601	 0.499777	-0.015767	 0.498767	 0.498801	 0.498406	 0.498925	 0.480061	 0.499882	 0.499422	-0.498961	 0.001653
-0.014778	 0.499777	-0.015767	 0.498767	 0.498801	 0.498406	 0.498925	 0.479968	 0.499882	 0.499448	-0.498961	 0.001653
 0.243034	 0.499777	-0.015767	 0.498767	 0.498801	-0.001594	 0.498925	 0.479922	 0.499882	 0.499462	-0.498961	 0.001653
 0.370939	 0.499777	-0.015767	 0.498767	 0.498802	-0.250591	 0.498925	 0.479899	 0.499882	 0.499468	-0.498961	 0.001653
 0.434891	 0.499777	-0.015767	 0.498767	 0.498802	 0.124910	 0.498925	 0.479887	 0.499882	 0.499471	-0.498961	 0.001653
 0.466867	 0.499777	-0.015767	 0.498767	 0.498802	 0.311660	 0.498925	 0.479882	 0.499882	 0.499473	-0.498961	 0.001653
 0.482856	 0.499777	-0.015767	 0.498767	 0.498802	 0.405035	 0.498925	 0.479879	 0.499882	 0.499474	-0.498961	 0.001653
 0.490850	 0.499777	-0.015767	 0.498767	 0.498802	 0.451723	 0.498925	 0.479877	 0.499882	 0.499474	-0.498961	 0.001653
 0.494847	 0.499777	-0.015767	 0.498767	 0.498802	 0.475067	 0.498925	 0.479877	 0.499882	 0.499475	-0.498961	 0.001653
-0.003155	 0.499777	-0.015767	 0.498767	 0.498802	 0.486739	 0.498925	 0.479876	 0.499882	 0.499475	-0.498961	 0.001653
-0.251153	 0.499777	-0.015767	 0.498767	 0.498802	 0.492575	 0.498925	 0.479876	 0.499882	 0.499475	-0.498961	 0.001653
 0.124847	 0.499777	-0.015767	 0.498767	 0.498802	 0.495492	 0.498925	 0.479876	 0.499882	 0.499475	-0.498961	 0.001653
 0.311846	 0.499777	-0.015767	 0.498767	 0.498802	 0.496951	 0.498925	 0.479876	 0.499882	 0.499475	-0.498961	 0.001653
 0.405345	 0.499777	-0.015767	 0.498767	 0.498802	 0.497681	 0.498925	 0.479876	 0.499882	-0.000525	-0.498961	 0.001653
 0.452095	 0.499777	-0.015767	 0.498767	 0.498802	 0.498046	 0.498925	 0.479876	 0.499882	-0.249524	-0.498961	 0.001653
 0.475470	 0.499777	-0.015767	 0.498767	 0.498802	 0.498228	 0.498925	 0.479876	 0.499882	-0.374024	-0.498961	 0.001653
-0.012843	 0.499777	-0.015767	 0.498767	 0.498802	 0.498319	 0.498925	 0.479876	 0.499882	 0.063727	-0.498961	 0.001653
