-0.499414	-0.770974	 0.126171	 0.370715	 0.499932	 0.498130	 0.405169	 0.667223	 0.553413	-0.996104	 0.026149	 0.370102
-0.499414	-0.709295	 0.312918	 0.367236	 0.499932	 0.498130	 0.451856	 0.664652	 0.547781	-0.992119	 0.026149	 0.310894
-0.499414	-0.677161	 0.406291	 0.365497	 0.499932	 0.498130	 0.475200	 0.662042	 0.543881	-0.988151	 0.026149	 0.281291
-0.499414	-0.659804	 0.452978	 0.864627	 0.499932	 0.498130	 0.486872	 0.659418	 1.040851	-0.984198	 0.026149	 0.766489
-0.499414	-0.649840	 0.476321	 1.111465	 0.499932	 0.498130	 0.492708	 0.656793	 1.286260	-0.980261	 0.026149	 1.006584
-0.499414	-0.643579	 0.487993	 0.732167	 0.499932	 0.498130	 0.495626	 0.654172	 0.905902	-0.976340	 0.026149	 1.124139
-0.499414	-0.639173	 0.493829	 0.542518	 0.499932	 0.498130	 0.497085	 0.651558	 0.714671	-0.972435	 0.026149	 1.180433
-0.499414	-0.635701	 0.496747	 0.447694	 0.499932	 0.498130	 0.497814	 0.648954	 0.618009	-0.968545	 0.026149	 1.206106
-0.499414	-0.632700	 0.498206	 0.400282	 0.499932	 0.498130	 0.498179	 0.646359	 0.568635	-0.964671	 0.026149	 1.216479
-0.499414	-0.629941	 0.498935	 0.376576	 0.499932	 0.498130	 0.498361	 0.643773	 0.542910	-0.960812	 0.026149	 1.219212
-0.499414	-0.627306	 0.499300	 0.364723	 0.499932	 0.498130	 0.498453	 0.641199	 0.529013	-0.956969	 0.026149	 1.218135
-0.499414	-0.624740	-0.000518	 0.358796	 0.499932	 0.498130	 0.498498	 0.638634	 0.521034	-0.953141	 0.026149	 0.715162
-0.499414	-0.622212	-0.249426	 0.355833	 0.499932	 0.498130	 0.498521	 0.636079	 0.516019	-0.949329	 0.026149	 0.463675
-0.499414	-0.619709	-0.373880	 0.354351	 0.499932	 0.498130	 0.498532	 0.633535	 0.512489	-0.945531	 0.026149	 0.337932
-0.499414	-0.617223	 0.063893	 0.853610	 0.499932	 0.498130	 0.498538	 0.631001	 0.509706	-0.941749	 0.026149	 0.775061
-0.499414	-0.614751	 0.281776	 1.100534	 0.499932	 0.498130	 0.498541	 0.628477	 0.507301	-0.937982	 0.026149	 0.991200
-0.499414	-0.612290	 0.390718	 0.721301	 0.499932	 0.498130	 0.498542	 0.625963	 0.505088	-0.934230	 0.026149	 1.096856
-0.499414	-0.609840	 0.445189	 0.531685	 0.499932	 0.498130	 0.498543	 0.623459	 0.502976	-0.930493	 0.026149	 1.147278
-0.499414	-0.607400	 0.472424	 0.436876	 0.499932	 0.498130	-0.001456	 0.620965	 0.500919	-0.926772	 0.026149	 1.170094
-0.499414	-0.604970	 0.486042	 0.389472	 0.499932	 0.498130	-0.250453	 0.618482	 0.499890	-0.923064	 0.026149	 1.179116
-0.499414	-0.602550	 0.492851	 0.865770	 0.499932	 0.498130	 0.125048	 0.616008	 0.499375	-0.919372	 0.026149	 1.181251
-0.499414	-0.600140	 0.496255	 1.101235	 0.499932	 0.498130	 0.311798	 0.613544	 0.499118	-0.915695	 0.026149	 1.179952
-0.499414	-0.597740	 0.497957	 1.216294	 0.499932	 0.498130	 0.405173	 0.611089	 0.498990	-0.912032	 0.026149	 1.176945
-0.499414	-0.595349	 0.498808	 1.271161	 0.999932	 0.498130	-0.048140	 0.608645	 0.498925	-0.908384	 0.026149	 0.673093
-0.499414	-0.592967	 0.499234	 1.295942	 1.246932	 0.498130	-0.273793	 0.606210	 0.498893	-0.904750	 0.026149	 0.421168
-0.499414	-0.590595	 0.499447	 1.305692	 0.867444	 0.498130	 0.113380	 0.603786	 0.498877	-0.901131	 0.026149	 0.795205
-0.499414	-0.588233	 0.499553	 1.307935	 0.677700	 0.498130	 0.305966	 0.601370	 0.498869	-0.897527	 0.026149	 0.979885
-0.499414	-0.585880	 0.499606	 1.306437	 0.582829	 0.498130	 0.402258	 0.598965	 0.498865	-0.893937	 0.026149	 1.069896
-0.499414	-0.583536	 0.499633	 1.303078	 0.535393	 0.498130	 0.450405	 0.596569	 0.498863	-0.890361	 0.026149	 1.112581
-0.499414	-0.581202	-0.000354	 0.798799	 0.511675	 0.498130	 0.474478	 0.594183	 0.498862	-0.886799	 0.026149	 0.631614
-0.499414	-0.578877	-0.249346	 0.546659	 0.499816	 0.498130	 0.486514	 0.591806	 0.498862	-0.883252	 0.026149	 0.391130
-0.499414	-0.576562	-0.373843	 0.420589	 0.493886	 0.498130	 0.492533	 0.589439	 0.498861	-0.879719	 0.026149	 0.270888
-0.499414	-0.574256	 0.063909	 0.357554	 0.490921	 0.498130	-0.004458	 0.587081	 0.498861	-0.876200	 0.026149	 0.210767
-0.499414	-0.571959	 0.281782	 0.326037	 0.489439	 0.498130	-0.251951	 0.584733	 0.498861	-0.872696	 0.026149	 0.180707
-0.499414	-0.569671	 0.390718	 0.810278	 0.488698	 0.498130	 0.124303	 0.582394	 0.498861	-0.869205	 0.026149	 0.665676
-0.499414	-0.567392	 0.445186	 1.049810	 0.488327	 0.498130	 0.311429	 0.580064	 0.498861	-0.865728	 0.026149	 0.905860
-0.499414	-0.565123	 0.472420	 0.666997	 0.988142	 0.498130	 0.404992	 0.577744	 0.498861	-0.862265	 0.026149	 0.523660
-0.499414	-0.562862	 0.486037	 0.475591	 1.235073	 0.498130	 0.451773	 0.575433	 0.498861	-0.858816	 0.026149	 0.332559
-0.499414	-0.560611	 0.492846	 0.879887	 0.855575	 0.498130	 0.475164	 0.573131	 0.498861	-0.855381	 0.026149	 0.237009
-0.499414	-0.558368	 0.496250	 1.079467	 0.665826	 0.498130	 0.486859	 0.570839	 0.498861	-0.851959	 0.026149	 0.189234
-0.499414	-0.556135	 0.497952	 1.176699	 0.570951	 0.498130	 0.492707	 0.568555	 0.498861	-0.848551	 0.026149	 0.165347
-0.499414	-0.553910	 0.498803	 1.222767	 1.023514	 0.498130	-0.004369	 0.566281	 0.498861	-0.845157	 0.026149	 0.153403
-0.499414	-0.551695	 0.499229	 1.243264	 1.246843	 0.498130	-0.251904	 0.564016	 0.498861	-0.841777	 0.026149	 0.147431
-0.499414	-0.549488	 0.499441	 1.250984	 0.855567	 0.498130	 0.124328	 0.561760	 0.498861	-0.838409	 0.026149	 0.644445
-0.499414	-0.547290	 0.499548	 1.252327	 0.659930	 0.498130	 0.311443	 0.559513	 0.498861	-0.835056	 0.026149	 0.890669
-0.499414	-0.545101	 0.499601	 0.750492	 1.062111	 0.498130	 0.405001	 0.057275	-0.001139	 1.668284	 0.026149	 0.011508
-0.499414	-0.542920	 0.499628	 0.499574	 1.260273	 0.498130	 0.451779	-0.193844	-0.250137	 2.911611	 0.026149	-0.426338
 0.000586	 0.459251	-0.000359	 0.374115	 0.856437	 0.498130	-0.024831	-0.819404	-1.874636	 4.524965	-0.473851	-0.643532
 0.249585	 0.957414	-0.249352	 0.311385	 0.654519	 0.498130	-0.262134	-1.129293	-2.679887	 5.319365	-0.721903	-0.750408
 0.374084	 1.203585	-0.373848	 0.280020	 0.553560	 0.498130	-0.380785	-1.281360	-3.075542	 5.704338	-0.843989	-0.802131
 0.936334	 4.323770	-0.936096	 0.264338	-0.496920	-0.001870	-0.440110	-2.354526	-4.266427	 9.384645	 0.096900	-1.326285
 1.214462	 5.868975	-1.214224	 0.256497	-1.019065	-0.250866	-0.469773	-2.884254	-4.850955	 11.198669	 0.565269	-1.584661
 2.850540	 9.126749	-1.350303	 0.252576	-1.777055	-0.375364	-0.984605	-3.142290	-6.132348	 13.579656	 1.297386	-2.210163
 3.659606	 10.730867	-1.415369	 0.250616	-2.150980	-0.437614	-1.239021	-3.264507	-6.758217	 14.738228	 1.659386	-2.517243
 4.555202	 13.008256	-1.944942	 0.249636	-2.332892	-0.468738	-1.863243	-3.318843	-7.056384	 15.785720	 2.336343	-2.665134
 4.992098	 14.116380	-2.204779	 0.249146	-2.418819	-0.484300	-2.170379	-3.339264	-7.190758	 16.275800	 2.668795	-2.733454
 5.199688	 15.639992	-2.329768	 0.248901	-2.456773	-0.492081	-1.818992	-3.342755	-7.243295	 16.987308	 2.829018	-3.262010
 5.292669	 16.367471	-2.387354	 0.248778	-2.470760	-0.495972	-1.640363	-3.337808	-7.254971	 17.307664	 2.903151	-3.518707
 5.328388	 16.697021	-2.411256	 0.248717	-2.472785	-0.497917	-1.548125	-3.328669	-7.246276	 17.432587	 2.934263	-3.639505
 5.335519	 17.327743	-2.418337	 0.248686	-2.468847	-0.998890	-1.499094	-3.317461	-7.227454	 17.459933	 2.943889	-3.692383
 5.328399	 17.607187	-2.417027	 0.248671	-2.461949	-1.246377	-1.471679	-3.305244	-7.203625	 17.438631	 2.942794	-3.711332
 5.314197	 17.711135	-2.411540	 0.248663	-2.453589	-0.867132	-1.455083	-3.292549	-7.177351	 17.393146	 2.936364	-4.213345
 5.296496	 17.727479	-2.403985	 0.248659	-2.444519	-0.677510	-1.443908	-3.279642	-7.149912	 17.335708	 2.927288	-4.454921
 5.777088	 18.200164	-2.395414	 0.248658	-2.435113	-0.582699	-1.435455	-3.266655	-7.121948	 17.772432	 2.916914	-4.566317
 6.004868	 18.399160	-2.386356	 0.248657	-2.425559	-0.535293	-1.428374	-3.253655	-7.093777	 17.954376	 2.905914	-4.612659
 6.106293	 18.461462	-2.377071	 0.248656	-2.415949	-0.511590	-1.421991	-3.240673	-7.065561	 18.009075	 2.894624	-4.626512
 6.144590	 18.455566	-2.367694	 0.248656	-2.406332	-0.499739	-1.415969	-3.227727	-7.037378	 18.000297	 2.883213	-4.624157
 6.151373	 18.415718	-2.358288	 0.248656	-2.396730	-0.493813	-1.410137	-3.214824	-7.009268	 17.959925	 2.871763	-4.613737
 6.142448	 18.859043	-2.348888	 0.248656	-2.387155	-0.490851	-1.404413	-3.201969	-6.981251	 17.903900	 2.860318	-4.599320
 6.125719	 19.042100	-2.339509	 0.248656	-2.377612	-0.489369	-1.398754	-3.189163	-6.953336	 17.840192	 2.848898	-4.582941
 6.105136	 18.595179	-2.330159	 0.248656	-2.368104	-0.488628	-1.393138	-3.176407	-6.925528	 17.772785	 2.837513	-4.565619
 6.082675	 18.335421	-2.320842	 0.248656	-2.358633	-0.488258	-1.387555	-3.163702	-6.897828	 17.703671	 2.826168	-4.547861
 6.059325	 18.669391	-2.311561	 0.248656	-2.349200	-0.488073	-1.381999	-3.151048	-6.870238	 17.633844	 2.814866	-4.529922
 6.035577	 18.798370	-2.302316	 0.248656	-2.339803	-0.487980	-1.376469	-3.138444	-6.842758	 17.563803	 2.803608	-4.511929
 6.011680	 18.825004	-2.293107	 0.248656	-2.330444	-0.487934	-1.370961	-3.125890	-6.815387	 17.493795	 2.792394	-4.493944
 5.987756	 18.800618	-2.283935	 0.248656	-2.321122	-0.487911	-1.365477	-3.113386	-6.788126	 17.423943	 2.781225	-4.476000
 5.963866	 18.750872	-2.274799	 0.248656	-2.311838	-0.487899	-1.360015	-3.100933	-6.760973	 17.354309	 2.770100	-4.458112
 5.940041	 18.688597	-2.265700	 0.248656	-2.302591	-0.487893	-1.354575	-3.088529	-6.733929	 17.784923	 2.759019	-4.440287
 5.916296	 18.620207	-2.256637	 0.248656	-2.293380	-0.487891	-1.349156	-3.076175	-6.706994	 17.963799	 2.747983	-4.422530
 5.892639	 18.548909	-2.247611	 0.248656	-2.284207	-0.487889	-1.343759	-3.063870	-6.680166	 18.016951	 2.736991	-4.404842
 5.869072	 18.476304	-2.238620	 0.248656	-2.275070	-0.487888	-1.338384	-3.051615	-6.653445	 18.007387	 2.726044	-4.387224
 5.845598	 18.403194	-2.229666	 0.248656	-2.265970	-0.487888	-1.333031	-3.039408	-6.626831	 17.966610	 2.715139	-4.369675
 5.822216	 18.329979	-2.220747	 0.248656	-2.256906	-0.487888	-1.327699	-3.027251	-6.600324	 17.910369	 2.704279	-4.352197
 5.298928	 18.256858	-2.211864	 0.248656	-2.247878	-0.487888	-1.322388	-3.015142	-6.573923	 17.846541	 3.193462	-4.334788
 5.027732	 18.183930	-2.203017	 0.248656	-2.238887	-0.487888	-1.317098	-3.003081	-6.547627	 17.779061	 3.430688	-4.317449
 4.882622	 18.111244	-2.194205	 0.248656	-2.229931	-0.487888	-1.311830	-2.991069	-6.521436	 17.709898	 3.541965	-4.300179
 5.300591	 18.038824	-2.185428	 0.248656	-2.221011	-0.487888	-1.306583	-2.979105	-6.495351	 17.640035	 3.090297	-4.282978
 5.498139	 17.966681	-2.176686	 0.248656	-2.212127	-0.487888	-1.301356	-2.967188	-6.469369	 17.569963	 2.859186	-4.265847
 5.585521	 18.394821	-2.167979	 0.248656	-2.203279	-0.487888	-1.296151	-2.955319	-6.443492	 17.499928	 2.738374	-4.248783
 5.617867	 18.571245	-2.159307	 0.248656	-2.194466	-0.487888	-1.290966	-2.943498	-6.417718	 17.430050	 2.672733	-4.231788
 5.622739	 18.121961	-2.150670	 0.248656	-2.185688	-0.987888	-1.285802	-2.931724	-6.392047	 17.360391	 2.634699	-3.714861
 5.613920	 17.861974	-2.142068	 0.248656	-2.176945	-1.234912	-1.280659	-2.919997	-6.366479	 17.290980	 2.610488	-3.450001
 5.598300	 17.696777	-3.133499	 0.248656	-2.168237	-0.855460	-1.275537	-2.908317	-6.341013	 15.221831	 2.593210	-3.311201
 5.579325	 17.579115	-3.620965	 0.248656	-2.159564	-0.665734	-1.270434	-2.896684	-6.315649	 14.160951	 2.579419	-3.235457
 5.558717	 17.485361	-3.856481	 0.248656	-2.150926	-0.570871	-1.265353	-2.885097	-6.290386	 13.604311	 2.567393	-3.191265
 4.037336	 12.903701	-2.466056	 0.248656	-2.142322	-0.523440	-1.260291	-2.873557	-6.265225	 8.799896	 1.056269	-2.162875
 3.271614	 10.596227	-1.768691	 0.248656	-2.133753	-0.499724	-1.255250	-2.862063	-6.240164	 6.389698	 0.300707	-1.646411
 1.883741	 5.425912	-1.417867	 0.248656	-1.625218	-0.487866	-1.250229	-2.350614	-4.715203	 3.176639	-0.577075	-0.885919
 1.189805	 2.840755	-1.240320	 0.248656	-1.368717	-0.481937	-1.245228	-2.091212	-3.946342	 1.570110	-1.013055	-0.505673
 0.342837	 0.048176	-0.649421	 0.248656	-1.238242	-0.478973	-1.240247	-1.457847	-2.055557	-2.733155	-0.728148	 0.184450
-0.079639	-1.342624	-0.353972	 0.248656	-1.170789	-0.477491	-1.235286	-1.139516	-1.110164	-4.870714	-0.585694	 0.527762
-0.789873	-3.532558	-0.206247	 0.248656	-0.634856	 0.023251	-1.230345	-0.478708	-0.137468	-4.925477	-0.514467	 0.697676
-1.141989	-4.616080	-0.132385	 0.248656	-0.366890	 0.272573	-1.225424	-0.148304	 0.347210	-4.942898	-0.478853	 0.780898
-1.315059	-5.146441	-0.095454	 0.248656	-0.232906	 0.396191	-1.220522	 0.016898	 0.587885	-4.941688	-0.461047	 0.820781
-1.398618	-5.400268	-0.076988	 0.248656	-0.165915	 0.456960	-1.215640	 0.099499	 0.706565	-4.931202	-0.952143	 0.839001
-1.437433	-5.515874	-0.067755	 0.248656	-0.132419	 0.486309	-1.210777	 0.140800	 0.764255	-4.916118	-1.194805	 0.846397
-1.453888	-5.562414	-0.063139	-0.251344	-0.115671	 0.499952	-1.205934	 0.161450	 0.791456	-4.898773	-0.813261	 0.848387
-1.459175	-5.574466	-0.060831	-0.499842	-0.107297	 0.505746	-1.201111	 0.171775	 0.803419	-4.880338	-0.622489	 0.847681
-1.458890	-5.569319	-0.059677	-0.122594	-0.103110	 0.507621	-1.196306	 0.176938	 0.807770	-4.861397	-0.527103	 0.845634
-1.455830	-5.555617	-0.059100	 0.066030	-0.101017	 0.507539	-1.191521	 0.179519	 0.808321	-4.842242	-0.479410	 0.842924
-1.451394	-5.537682	-0.058811	 0.160342	-0.099970	 0.506483	-0.686755	 0.180810	 0.806979	-4.823018	-0.455564	 0.839888
-1.446283	-5.517675	-0.058667	 0.207498	-0.099447	 0.504944	-0.434372	 0.181455	 0.804697	-4.803798	-0.443640	 0.836696
-1.440844	-5.496676	-0.058595	 0.231076	-0.099185	 0.503168	-0.308180	 0.181778	 0.801951	-4.784619	-0.437679	 0.833434
-1.435254	-5.475226	-0.058559	 0.242865	-0.099054	 0.501277	-0.245085	 0.181939	 0.798979	-4.765499	-0.434698	 0.830142
-1.429600	-5.453593	-0.058541	 0.248760	-0.098989	 0.500331	-0.213537	 0.182020	 0.795902	-4.746446	-0.433208	 0.826842
-1.423925	-5.431912	-0.058532	 0.251707	-0.098956	 0.499859	-0.697763	 0.182060	 0.792777	-4.727465	-0.432462	 0.823545
-1.418251	-5.410252	-0.058527	 0.253181	-0.098939	 0.499622	-0.937512	 0.182080	 0.789635	-4.708557	-0.432090	 0.820257
-1.412589	-5.388644	-0.058525	 0.253918	 0.401069	 0.499504	-0.555032	 0.182090	 1.286492	-4.689724	-0.431903	 0.816978
-1.406944	-5.367106	-0.058524	 0.254286	 0.649271	 0.499445	-0.363792	 0.182095	 1.531353	-4.670966	-0.431810	 0.813712
-1.401319	-5.345646	 0.441477	 0.254470	 0.271577	 0.499416	-0.268172	 0.182098	 1.650231	-4.652282	-0.431764	 0.810457
-1.395715	-5.324268	 0.689594	 0.254562	 0.082730	 0.499401	-0.220362	 0.182099	 1.706132	-4.633673	-0.431740	 0.807216
-1.390133	-5.302973	 0.311778	 0.254608	-0.011694	 0.499393	-1.196457	 0.182100	 0.730559	-4.615138	-0.431729	 0.803987
-1.384573	-5.281762	 0.122869	 0.254631	-0.058906	 0.499390	-1.680159	 0.182100	 0.242772	-4.596678	-0.431723	 0.800771
-1.379035	-5.260635	 0.028415	 0.254643	-0.082511	 0.499388	-1.917683	 0.182100	-0.001121	-4.578291	-0.431720	 0.797568
-1.373518	-5.239593	-0.018812	 0.254649	-0.094314	 0.499387	-1.532134	 0.682100	 0.876932	-4.559978	-0.431719	 0.794378
-1.368024	-5.218635	-0.042426	 0.254651	-0.100216	 0.499387	-1.337066	 0.929736	 1.312449	-4.541738	-0.431718	 0.791200
-1.362552	-5.197760	-0.054232	 0.254653	 0.396833	 0.499386	-0.737249	 1.051199	 1.526711	-4.523571	-0.431717	 0.788036
-1.357102	-5.176969	-0.060136	 0.254654	 0.643570	 0.499386	-0.437340	 1.109586	 1.630360	-4.505477	-0.431717	 0.784884
-1.351674	-4.656262	-0.063088	 0.254654	 0.765158	 0.499386	-0.287385	 1.136443	 1.678717	-4.487455	-0.431717	 1.281744
-1.346267	-4.387637	-0.064563	 0.254654	 0.824179	 0.499386	-0.212408	 1.147545	 1.699441	-4.469505	-0.431717	 1.526617
-1.340882	-4.245086	-0.565301	 0.254654	 0.351922	 0.499386	-0.174920	 1.150779	 1.706363	-4.451627	-0.431717	 1.145511
-1.335518	-4.165606	-0.813538	 0.254654	 0.115794	 0.499386	-0.156175	 1.150087	 1.706397	-4.433821	-0.431717	 0.953429
-1.330176	-4.117693	-0.935533	 0.254654	-0.002270	 0.499386	-0.146803	 1.147443	 1.703001	-4.416085	-0.431717	 0.855865
-1.324856	-4.085597	-0.494415	 0.254654	 0.438698	 0.499386	-0.142117	 1.143831	 1.697904	-4.398421	-0.431717	 0.805566
-1.319556	-4.061443	-0.273857	 0.254654	 0.657423	 0.499386	-0.139774	 1.139745	 1.691970	-4.380827	-0.431717	 0.778907
-1.314278	-4.041291	-0.163577	 0.254654	 0.765033	 0.499386	-0.138602	 1.135430	 1.685631	-3.863304	-0.431717	 0.764072
-1.309021	-4.023172	-0.108438	 0.254654	 0.817093	 0.499386	-0.138017	 1.131011	 1.679103	-3.597851	-0.431717	 0.755157
-1.303785	-4.006103	-0.080868	 0.254654	 0.841384	 0.499386	-0.137724	 0.626548	 1.172494	-3.958459	-0.431717	 0.749206
-1.298570	-3.989590	-0.067083	 0.254654	 0.851799	 0.499386	-0.137577	 0.374317	 0.917857	-4.130126	-0.431717	 0.744745
-1.293375	-3.973388	-0.060190	 0.254654	 0.855281	 0.499386	-0.137504	 0.748201	 1.289213	-3.707355	-0.431717	 0.741033
-1.288202	-3.957372	-0.056744	 0.254654	 0.855305	 0.499386	-0.137468	 0.932899	 1.471569	-3.489401	-0.431717	 0.737703
-1.283049	-3.941482	-0.055021	 0.254654	 0.853606	 0.499386	-0.137449	 1.023013	 1.559439	-3.373881	-0.431717	 0.734569
-1.277917	-3.925685	-0.054159	 0.254654	 0.851053	 0.499386	-0.137440	 1.065843	 1.600080	-3.809604	-0.431717	 0.731539
-1.272805	-3.909967	-0.053729	 0.254654	 0.848080	 0.499386	-0.137436	 1.085041	 1.617119	-4.018975	-0.431717	 0.728567
-1.267714	-3.894320	-0.053513	 0.254654	 0.344903	 0.499386	-0.137433	 1.092432	 1.622370	-3.615204	-0.431717	 0.725630
-1.262643	-3.878739	-0.053406	 0.254654	 0.093314	 0.499386	-0.137432	 1.093927	 1.621740	-3.406895	-0.431717	 0.722716
-1.257593	-3.863222	 0.446648	 0.254654	 0.467520	 0.499386	-0.137432	 1.092484	 1.618183	-3.296344	-0.431717	 0.719819
-1.252562	-3.847768	 0.694782	 0.254654	 0.652939	 0.499386	-0.137431	 1.089581	 1.613176	-3.234696	-0.431717	 0.716937
-1.247552	-3.832376	 0.316963	 0.254654	-0.256028	 0.499386	-0.137431	 1.085956	 1.607455	-3.197527	-0.431717	 0.714068
-1.242562	-3.817047	 0.128053	 0.254654	-0.708181	 0.499386	-0.137431	 1.081978	 1.601392	-3.172621	-0.431717	 0.711211
-1.237592	-3.801778	 0.033598	 0.254654	-0.931937	 0.499386	-0.137431	 1.077834	 1.595169	-3.153873	-0.431717	 0.708366
-1.232641	-3.786571	-0.013629	 0.254654	-0.041504	 0.499386	-0.137431	 0.573614	 1.088880	-3.638228	-0.431717	 0.705532
-1.227711	-3.771425	-0.037243	 0.254654	 0.402015	 0.499386	-0.137431	 0.321504	 0.834570	-3.872161	-0.431717	 0.702710
-1.222800	-3.756339	-0.049050	 0.254654	 0.622083	 0.499386	-0.137431	 0.695449	 1.206255	-3.480915	-0.431717	 0.699899
-1.217909	-3.741314	-0.054953	 0.254654	 0.730433	 0.499386	-0.137431	 0.880283	 1.388941	-3.279113	-0.431717	 0.697100
-1.213037	-3.726349	-0.057905	 0.254654	 0.782930	 0.499386	-0.137431	 0.970570	 1.477141	-3.172057	-0.431717	 0.694311
-1.208185	-3.711443	-0.059380	 0.254654	 0.807508	 0.499386	-0.137431	 1.013591	 1.518111	-3.112399	-0.431717	 0.691534
-1.203352	-3.696597	-0.060118	 0.254654	 0.818133	 0.499386	-0.137431	 1.032989	 1.535477	-3.076465	-0.431717	 1.188768
-1.198539	-3.681811	-0.060487	 0.254654	 0.821788	 0.499386	-0.137431	 1.040583	 1.541055	-3.052417	-0.431717	 1.434013
-1.193744	-3.667084	-0.060672	 0.254654	 0.821964	 0.499386	-0.137431	 1.042283	 1.540750	-3.034336	-0.431717	 1.553277
-1.188969	-3.652415	-0.060764	 0.254654	 0.820408	 0.499386	-0.137431	 0.541046	 1.537517	-3.019263	-0.431717	 1.109564
-1.184214	-3.637806	-0.060810	 0.254654	 0.817993	 0.499386	-0.137431	 0.290427	 1.532832	-3.005718	-0.431717	 0.886375
-1.179477	-3.623254	-0.060833	 0.254654	 0.815154	 0.499386	-0.137431	 0.665118	 1.027433	-2.992961	-0.431717	 1.273455
-1.174759	-3.608761	-0.060845	 0.254654	 0.812110	 0.499386	-0.137431	 0.850383	 0.773690	-2.980622	-0.431717	 1.463673
-1.170060	-3.594326	 0.439149	 0.254654	 0.808969	 0.499386	-0.137431	 0.440945	 1.145778	-3.968516	-0.431717	 1.055475
-1.165380	-3.579949	 0.687268	 0.254654	 0.805788	 0.499386	-0.137431	 0.236226	 1.328786	-4.452551	-0.431717	 0.850081
-1.160718	-3.565629	 0.309457	 0.254654	 0.802592	 0.499386	-0.137431	 0.633866	 1.417267	-3.684695	-0.431717	 0.746095
-1.156075	-3.551367	 0.120551	 0.254654	 0.799395	 0.499386	-0.137431	 0.830623	 1.458496	-3.294933	-0.431717	 0.692818
-1.151451	-3.537161	 0.026098	 0.254654	 0.796204	 0.499386	-0.137431	 0.926947	 1.476111	-3.094242	-0.431717	 0.664900
-1.146845	-3.523013	 0.478872	-0.245346	 0.793022	 0.499386	-0.137431	 0.973062	 1.481931	-2.988109	-0.431717	 0.649667
-1.142258	-3.508921	 0.703395	-0.493855	 0.789852	 0.499386	-0.137431	 0.994082	 1.481865	-2.929279	-0.431717	 0.640782
-1.137689	-3.494885	 0.313801	-0.116625	 0.786694	 0.499386	-0.137431	 1.002561	 1.478869	-2.894123	-0.431717	 0.635075
-1.133138	-3.480905	 0.119004	 0.071990	 0.783547	 0.499386	-0.137431	 1.004779	 1.474419	-2.870827	-0.431717	 0.630963
-1.128605	-3.466982	 0.021606	 0.166298	 0.780413	-0.000614	 0.362569	 0.503874	 1.469254	-2.853484	-0.431717	 0.627654
-1.124091	-3.453114	-0.027093	 0.213451	 0.777292	-0.249613	 0.610844	 0.253421	 1.463744	-2.839140	-0.431717	 0.624750
-1.119595	-3.439301	-0.051443	 0.237028	 0.774183	 0.125888	 0.233263	 0.128195	 1.458072	-2.826318	-0.431717	 0.622055
-1.115116	-3.425544	-0.063618	 0.248817	 0.771086	 0.312635	 0.044473	 0.065582	 1.452331	-2.814281	-0.431717	 0.619468
-1.110656	-3.411842	-0.069705	 0.254711	 0.768001	 0.406009	-0.049922	 0.034275	 1.446568	-2.802657	-0.431717	 0.616941
-1.106213	-3.398195	 0.427251	 0.257658	 0.764929	-0.047304	-0.097120	 0.018622	 0.940804	-3.291263	-0.431717	 0.614449
-1.101788	-3.384602	 0.673881	 0.259132	 0.761870	-0.272959	-0.120719	 0.010795	 0.687923	-3.528007	-0.431717	 0.611979
-1.097381	-3.371063	 0.295355	 0.259868	 0.758822	 0.114213	-0.132518	 0.506882	 1.061482	-3.138849	-0.431717	 0.609525
-1.092992	-3.357579	 0.106091	 0.260237	 0.755787	 0.306796	-0.138418	 0.752919	 1.245391	-2.938771	-0.431717	 0.607084
-1.088620	-3.344149	 0.511460	 0.260421	 0.752764	 0.403088	-0.141368	 0.873940	 1.334487	-2.833254	-0.431717	 0.604654
-1.084265	-3.330772	 0.712311	 0.260513	 0.749753	 0.451234	-0.142843	 0.932460	 1.376188	-2.775040	-0.431717	 0.602234
-1.079928	-3.317449	 0.310909	 0.260559	 0.746754	 0.475307	-0.143580	 0.959739	 1.394203	-3.240500	-0.431717	 0.599825
-1.075608	-3.304179	 0.110209	 0.260582	 0.743767	 0.487343	-0.143949	 0.971404	 1.400386	-3.465818	-0.431717	 0.597426
-1.071306	-3.290963	 0.009859	 0.260594	 0.740792	 0.493362	-0.144133	 0.975270	 1.400664	-3.571094	-0.431717	 0.595036
-1.067021	-3.277799	-0.040316	 0.260599	 0.737829	-0.003629	-0.144226	 0.975245	 1.398001	-3.116380	-0.431717	 0.592656
-1.062753	-3.264688	-0.065404	 0.260602	 0.734877	-0.251123	-0.144272	 0.973282	 1.393879	-2.883699	-0.431717	 0.590285
-1.058502	-3.251629	-0.077948	 0.260604	 0.731938	 0.125129	-0.144295	 0.970358	 1.389039	-3.262057	-0.431717	 0.587924
-1.054268	-3.238622	-0.084220	 0.260604	 0.729010	 0.312253	-0.144306	 0.966961	 1.383850	-3.443955	-0.431717	 0.585572
-1.050051	-3.225668	-0.087356	 0.260605	 0.726094	 0.405815	-0.144312	 0.963336	 1.378499	-3.027652	-0.431717	 0.583230
-1.045850	-3.212765	-0.088924	 0.260605	 0.723190	 0.452596	-0.144315	 0.959603	 1.373076	-2.814278	-0.431717	 0.580897
-1.041667	-3.199914	-0.089708	 0.260605	 0.720297	 0.475986	-0.144316	 0.955825	 1.367630	-2.702390	-0.431717	 0.578573
-1.037500	-3.187115	-0.090100	 0.260605	 0.717416	 0.487682	-0.144317	 0.952032	 1.362182	-2.641264	-0.431717	 0.576259
-1.033350	-3.174366	-0.090296	 0.260605	 0.714546	 0.493529	 0.355683	 0.948239	 1.356745	-2.605541	-0.431717	 0.573954
-1.029217	-3.161669	-0.090394	 0.260605	 0.711688	 0.496453	 0.603971	 0.944454	 1.351324	-2.582540	-0.431717	 0.571658
-1.025100	-3.149022	-0.090443	 0.260605	 0.708841	 0.497915	 0.726411	 0.940680	 1.345922	-2.565920	-0.431717	 0.569372
-1.021000	-3.136426	 0.409533	 0.260605	 0.706006	 0.498646	 0.285933	 0.436919	 1.340539	-2.552512	-0.431717	 0.567094
-1.016916	-3.123880	 0.657702	 0.260605	 0.703182	 0.499011	 0.065694	 0.185039	 1.335178	-2.540730	-0.431717	 0.564826
-1.012848	-3.111385	 0.779974	 0.760605	 0.700369	 0.499194	-0.044425	 0.559099	 1.329838	-2.529780	-0.431717	 1.062566
-1.008797	-3.098939	 0.839306	 1.008084	 0.697567	 0.499285	-0.099485	 0.744262	 1.324518	-2.519268	-0.431717	 1.308316
-1.004761	-3.086543	 0.367175	 0.629312	 0.694777	 0.499331	-0.127015	 0.834985	 1.319220	-2.508995	-0.431717	 0.928083
-1.000742	-3.074197	 0.131109	 0.439926	 0.691998	 0.499354	-0.140780	 0.878495	 1.313944	-2.498860	-0.431717	 0.736870
-0.996739	-3.061900	 0.013076	 0.345233	 0.689230	 0.499365	-0.147662	 0.898406	 1.308688	-2.488816	-0.431717	 1.140173
-0.992752	-3.049653	-0.045940	 0.297887	 0.686473	 0.499371	-0.151104	 0.906525	 1.303453	-2.478836	-0.431717	 1.338737
-0.988781	-3.037454	-0.075448	 0.274214	 0.683727	 0.499374	-0.152824	 0.908755	 1.298239	-2.468908	-0.431717	 1.434945
-0.984826	-3.025304	-0.090203	 0.262377	 0.680992	 0.499375	-0.153685	 0.908048	 1.293046	-2.459027	-0.431717	 0.979986
-0.980887	-3.013203	-0.097580	 0.256459	 0.678268	 0.499376	-0.154115	 0.905880	 1.287874	-2.449187	-0.431717	 0.751457
-0.976963	-3.001150	-0.101268	 0.253500	 0.675555	-0.000624	-0.154330	 0.902989	 1.282723	-2.439389	-0.431717	 0.636146
-0.973056	-2.989146	-0.103112	 0.252020	 0.672853	-0.249622	-0.154437	 0.899743	 1.277592	-2.429631	-0.431717	 0.577450
-0.969163	-2.977189	 0.395966	 0.251280	 0.670162	 0.125879	-0.154491	 0.896327	 1.272481	-2.919912	-0.431717	 0.547064
-0.965287	-2.965280	 0.643714	 0.250910	 0.667481	 0.312626	-0.154518	 0.892833	 1.267391	-3.158232	-0.431717	 0.530837
-0.961426	-2.953419	 0.265806	 0.750725	 0.664811	 0.406000	-0.154531	 0.889307	 1.262322	-2.770599	-0.431717	 0.521695
-0.957580	-2.941606	 0.076852	 0.998132	 0.662152	 0.452687	-0.154538	 0.885773	 1.257273	-2.572017	-0.431717	 0.516099
-0.953749	-2.929839	-0.017626	 1.119344	 0.659503	 0.476030	-0.154542	 0.882241	 1.252243	-2.467978	-0.431717	 0.512279
-0.949934	-2.918120	 0.435136	 0.677469	 0.656865	-0.012298	-0.154543	 0.878718	 1.247234	-2.411232	-0.431717	 0.509353
-0.946135	-2.906447	 0.659741	 0.456532	 0.654238	-0.255461	-0.154544	 0.875206	 1.242246	-2.378149	-0.431717	 0.506877
-0.942350	-2.894821	 0.270275	 0.846063	 0.651621	 0.122958	-0.154544	 0.871707	 1.237277	-2.356918	-0.431717	 0.504630
-0.938581	-2.883242	 0.075541	 1.038357	 0.649014	 0.311164	-0.154545	 0.868221	 1.232327	-2.341631	-0.431717	 0.502502
-0.934826	-2.871709	 0.478175	 0.632043	 0.646418	 0.405268	-0.154545	 0.864748	 1.227398	-2.329334	-0.431717	 0.500437
-0.931087	-2.860222	 0.677730	 0.428886	 0.643833	 0.452319	-0.154545	 0.861289	 1.222489	-2.318552	-0.431717	 0.499404
-0.927363	-2.848782	 0.275753	 0.327308	 0.641257	 0.475845	-0.154545	 0.857844	 1.217599	-2.308546	-0.431717	 0.498888
-0.923653	-2.837386	 0.074765	 0.276518	 0.638692	 0.487608	-0.154545	 0.854413	 1.212728	-2.298945	-0.431717	 0.498630
-0.919959	-2.826037	-0.025730	 0.251124	 0.636137	 0.493489	-0.154545	 0.850995	 1.207877	-2.289566	-0.431717	 0.498501
-0.916279	-2.814733	-0.075977	 0.738426	 0.633593	 0.496430	 0.345455	 0.847591	 1.203046	-2.280317	-0.431717	 0.498437
-0.912614	-2.803474	-0.101100	 0.979626	 0.631059	 0.497900	 0.593764	 0.844201	 1.198234	-2.271150	-0.431717	 0.498404
-0.408963	-2.792260	 0.386338	 0.597785	 0.628534	 0.498636	 0.216235	 0.840824	 1.193441	-2.262042	-0.431717	 0.498388
-0.157138	-2.781091	 0.628309	 0.406864	 0.626020	 0.499003	 0.027470	 0.837461	 1.188667	-2.252982	-0.431717	 0.498380
-0.531226	-2.769966	 0.747555	 0.311403	 0.623516	 0.499187	-0.066913	 0.834111	 1.183912	-2.243965	-0.431717	 0.498376
-0.716459	-2.758887	 0.805444	 0.263673	 0.621022	 0.499279	-0.114104	 0.830775	 1.179177	-2.234986	-0.431717	 0.498374
-0.807272	-2.747851	 0.832661	 0.239808	 0.118538	 0.499325	-0.137699	 0.827451	 1.174460	-2.226045	-0.431717	 0.498373
-0.850882	-2.736860	 0.844551	 0.227875	-0.132704	 0.499348	-0.149497	 0.824142	 1.169762	-2.217140	-0.431717	 0.498373
-0.870898	-2.725912	 0.848782	 0.221909	-0.258325	 0.499359	-0.155396	 0.820845	 1.165083	-2.208271	-0.431717	 0.498372
-0.879125	-2.715009	 0.349192	 0.218926	 0.178864	 0.499365	 0.341654	 0.817562	 1.160423	-2.699438	-0.431717	 0.498372
-0.881463	-2.704149	 0.099397	 0.217434	 0.396227	 0.499368	 0.588502	 0.814291	 1.155781	-2.938640	-0.431717	 0.498372
-0.880865	-2.693332	-0.025501	 0.216689	 0.503681	 0.499369	 0.210256	 0.811034	 1.151158	-2.551885	-0.431717	 0.498372
-0.878805	-2.682559	-0.087949	 0.216316	 0.556186	 0.499370	 0.021132	 0.807790	 1.146553	-2.354178	-0.431717	 0.498372
-0.876022	-2.671828	 0.380826	 0.216129	 0.581221	 0.499370	-0.073430	 0.804559	 1.141967	-2.251011	-0.431717	 0.498372
-0.872883	-2.661141	 0.613515	 0.216036	 0.592526	 0.499371	-0.120710	 0.801341	 1.137399	-2.195132	-0.431717	 0.498372
-0.869575	-2.650496	 0.228167	 0.215989	 0.596971	 0.499371	 0.355649	 0.798135	 1.132850	-2.162914	-0.431717	 0.498372
-0.866188	-2.639894	 0.035493	 0.215966	 0.597990	 0.499371	 0.592165	 0.794943	 1.128318	-2.142543	-0.431717	 0.498372
-0.862769	-2.629335	-0.060844	 0.215954	 0.597302	 0.499371	 0.708766	 0.791763	 1.123805	-2.128114	-0.431717	 0.498372
-0.859341	-2.618818	 0.390987	 0.715949	 0.595765	 0.499371	 0.765415	 0.788596	 1.119310	-2.116672	-0.431717	 0.498372
-0.855915	-2.608342	 0.615217	 0.963514	 0.593808	 0.499371	 0.792096	 0.785442	 1.114832	-2.106740	-0.431717	 0.498372
-0.852497	-2.597909	 0.225653	 0.584874	 0.591645	 0.499371	 0.303798	 0.282300	 1.110373	-2.097581	-0.431717	 0.498372
-0.849090	-2.587517	 0.030872	 0.395554	 0.589385	 0.499371	 0.059650	 0.030729	 1.105932	-2.088824	-0.431717	 0.498372
-0.845695	-2.577167	-0.066519	 0.800895	 0.587081	 0.499371	 0.437576	 0.404944	 1.101508	-2.080286	-0.431717	 0.498372
-0.842313	-2.566859	-0.115215	 1.001152	 0.584759	 0.499371	 0.624907	 0.590493	 1.097102	-2.071873	-0.431717	 0.498372
-0.838944	-2.556591	 0.360437	 0.598878	 0.582434	 0.499371	 0.716949	 0.681715	 1.092713	-2.063540	-0.431717	 0.998372
-0.835588	-2.546365	 0.596591	 0.397741	 0.580111	 0.499371	 0.761352	 0.725780	 1.088343	-2.055263	-0.431717	 1.245375
-0.832246	-2.536179	 0.713003	 0.297173	 0.577793	 0.499371	 0.781941	 0.746273	 1.083989	-2.047030	-0.431717	 1.365892
-0.828917	-2.526035	 0.769550	 0.746888	 0.575484	 0.499371	 0.790631	 0.754986	 1.079653	-2.038836	-0.431717	 0.923178
-0.825602	-2.515930	 0.796171	 0.969353	 0.573183	 0.499371	 0.793378	 0.757815	 1.075335	-2.030678	-0.431717	 0.701821
-0.822299	-2.505867	 0.807836	 1.078202	 0.570890	 0.499371	 0.793158	 0.757708	 1.071033	-2.022554	-0.431717	 1.091142
-0.819010	-2.495843	 0.812030	 1.130252	 0.568607	 0.499371	 0.791463	 0.756140	 1.066749	-2.014463	-0.431717	 1.282842
-0.815734	-2.485860	 0.312494	 0.653913	 0.566333	 0.499371	 0.789036	 0.753846	 1.062482	-2.006405	-0.431717	 0.875743
-0.812471	-2.475916	 0.062726	 0.415743	 0.564068	 0.499371	 0.786249	 0.751197	 1.058232	-1.998379	-0.431717	 0.672193
-0.809221	-2.466013	-0.062158	 0.296658	 0.561811	 0.499371	 0.283289	 0.748375	 1.053999	-1.990386	-0.431717	 0.570418
-0.805984	-2.456149	-0.124600	 0.237115	 0.559564	 0.499371	 0.031808	 0.745473	 1.049783	-1.982424	-0.431717	 0.519531
-0.802760	-2.446324	-0.155821	 0.207344	 0.557326	 0.499371	-0.093932	 0.742536	 1.045584	-1.974494	-0.431717	 0.494087
-0.799549	-1.936539	 0.328569	 0.192459	 0.555096	 0.499371	 0.343198	 0.739589	 1.041402	-1.966596	-0.431717	 0.481365
-0.796351	-1.678793	 0.569138	 0.185016	 0.552876	 0.499371	 0.560203	 0.736642	 1.037236	-1.958730	-0.431717	 0.475004
-0.793166	-2.047078	 0.187803	 0.181294	 0.550665	 0.499371	 0.667150	 0.733701	 1.033087	-1.950895	-0.431717	 0.471824
-0.789993	-2.226389	-0.002865	 0.179434	 0.548462	 0.499371	 0.719076	 0.730769	 1.028955	-1.943091	-0.431717	 0.470234
-0.786833	-2.311234	-0.098199	 0.678503	 0.546268	 0.499371	 0.743497	 0.727848	 1.024839	-1.935319	-0.431717	 0.469439
-0.783686	-2.348864	-0.145866	 0.925683	 0.544083	 0.499371	 0.754171	 0.724937	 1.020740	-1.927578	-0.431717	 0.469041
-0.780551	-2.362906	 0.330301	 0.546927	 0.541907	 0.499371	 0.757979	 0.722038	 1.016657	-1.919867	-0.431717	 0.468842
-0.777429	-2.365173	 0.566771	 0.357549	 0.539739	 0.499371	 0.758359	 0.719150	 1.012590	-1.912188	-0.431717	 0.468743
-0.774319	-2.361572	 0.683400	 0.262860	 0.537580	 0.499371	 0.757032	 0.716273	 1.008540	-1.904539	-0.431717	 0.468693
-0.771222	-2.355055	 0.240114	 0.215516	 0.535430	-0.000629	 0.254857	 0.713408	 1.004506	-1.896921	-0.431717	 0.968668
-0.768137	-2.347100	 0.018471	 0.191844	 0.533288	-0.249628	 0.003769	 0.710554	 1.000488	-1.889333	-0.431717	 1.215719
-0.765064	-2.338444	 0.407650	 0.180007	 0.531155	 0.125873	-0.121774	 0.707712	 0.996486	-2.381776	-0.431717	 0.836318
-0.762004	-2.329456	 0.600646	 0.174089	 0.529030	 0.312620	-0.184546	 0.704881	 0.992500	-2.622249	-0.431717	 0.646618
-0.758956	-2.320321	 0.195556	 0.671130	 0.526914	 0.405994	 0.284068	 0.702062	 0.988530	-2.236760	-0.431717	 0.551768
-0.755920	-2.311132	-0.006989	 0.917314	 0.524807	 0.452681	 0.516869	 0.699254	 0.984576	-2.040313	-0.431717	 0.504343
-0.752897	-2.301933	 0.391739	 1.038080	 0.522707	 0.476024	 0.631771	 0.696457	 0.980637	-1.938402	-0.431717	 0.480630
-0.749885	-2.292748	 0.589522	 1.096144	 0.520616	 0.487696	 0.687728	 0.693671	 0.976715	-1.883773	-0.431717	 0.468774
-0.746885	-2.283588	 0.686839	 1.122868	 0.518534	 0.493532	 0.714220	 0.690896	 0.972808	-1.852800	-0.431717	 0.462846
-0.743898	-2.274460	 0.733929	 0.633931	 0.516460	 0.496450	 0.725984	 0.688133	 0.968917	-1.833671	-0.431717	 0.459882
-0.740922	-2.265365	 0.755912	 0.389463	 0.514394	 0.497909	 0.730390	 0.685380	 0.965041	-1.820476	-0.431717	 0.458400
-0.737959	-2.256305	 0.765348	 0.267228	 0.012336	 0.498638	 0.731124	 0.682638	 0.961181	-1.810265	-0.431717	 0.457659
-0.735007	-2.247280	 0.768516	 0.206111	-0.238692	 0.499003	 0.730027	 0.679908	 0.957336	-1.801559	-0.431717	 0.457288
-0.732067	-2.238292	 0.768557	 0.675553	-0.364207	 0.499185	 0.228021	 0.677188	 0.953507	-1.793620	-0.431717	 0.457103
-0.729138	-2.229339	 0.767040	 0.907983	-0.426964	 0.499277	-0.022982	 0.674480	 0.949693	-1.786080	-0.431717	 0.457010
-0.726222	-2.220421	 0.764750	 0.521918	 0.541657	 0.499322	 0.351516	 0.671782	 0.945894	-1.778752	-0.431717	 0.956964
-0.723317	-2.211540	 0.762081	 0.328885	 1.022948	 0.499345	 0.537313	 0.669094	 0.942110	-1.771546	-0.431717	 1.204027
-0.720424	-2.202694	 0.759227	 0.732369	 0.760584	 0.499356	 0.628766	 0.666418	 0.938342	-1.764414	-0.431717	 0.824656
-0.717542	-2.193883	 0.756288	 0.931839	 0.629402	 0.499362	 0.673052	 0.663752	 0.934589	-1.757333	-0.431717	 0.634971
-0.714672	-2.185107	 0.753311	 1.029311	 0.563812	 0.499365	 0.693760	 0.661097	 0.930850	-1.750292	-0.431717	 0.540128
-0.711813	-2.176367	 0.750322	 1.075794	 0.531016	 0.499366	 0.202685	 0.658453	 0.927127	-1.743285	-0.431717	 0.492707
-0.708966	-2.167661	 0.747333	 1.096791	 0.514619	 0.499367	-0.042852	 0.655819	 0.923418	-1.736309	-0.431717	 0.468996
-0.706130	-2.158991	 0.244350	 0.605054	 0.506420	 0.499367	 0.334379	 0.653196	 1.419725	-1.729363	-0.431717	 0.457141
-0.703306	-2.150355	-0.007142	 0.359185	 0.502320	 0.499368	 0.521571	 0.650583	 1.664046	-1.722445	-0.431717	 0.451213
-0.700492	-2.141753	 0.367112	 0.236251	 0.500271	-0.000632	 0.613750	 0.647981	 1.282390	-1.715554	-0.431717	 0.948250
-0.697690	-2.133186	 0.552757	 0.174784	 0.499246	-0.249631	 0.658427	 0.645389	 1.089760	-1.708692	-0.431717	 1.193877
-0.694900	-1.624654	 0.644102	 0.644050	 0.498733	 0.125870	 0.679360	 0.642807	 0.991651	-1.701857	-0.431717	 1.313812
-0.692120	-1.368155	 0.688304	 0.876457	 0.498477	 0.312617	 0.688426	 0.640236	 0.940809	-1.695050	-0.431717	 1.370912
-0.689352	-1.237682	 0.708940	 0.990442	 0.498349	 0.405991	 0.691564	 0.637675	 0.913609	-1.688270	-0.431717	 1.396606
-0.686594	-1.670232	 0.717799	 0.545226	 0.498285	 0.452678	 0.691743	 0.635124	 0.898235	-1.681516	-0.431717	 0.906608
-0.683848	-1.882301	 0.720775	 0.322618	 0.498253	 0.476021	 0.690449	 0.632584	 0.888783	-1.674790	-0.431717	 0.661609
-0.681112	-1.984146	 0.220815	 0.211314	 0.498237	 0.487693	 0.688424	 0.630054	 0.882298	-1.668091	-0.431717	 0.539110
-0.678388	-2.030897	-0.029165	 0.155662	 0.498229	 0.493529	 0.686038	 0.627533	 0.877304	-1.661419	-0.431717	 0.477860
-0.675674	-2.050118	 0.345846	 0.627836	 0.498225	 0.496447	 0.683478	 0.625023	 0.873063	-1.654773	-0.431717	 0.447235
-0.672972	-2.055589	 0.531909	 0.861723	 0.498223	 0.497906	 0.680836	 0.622523	 0.869204	-1.648154	-0.431717	 0.431923
-0.670280	-1.554203	 0.623505	 0.476475	 0.498222	 0.498635	 0.678159	 0.620033	 0.865544	-1.641561	-0.431717	 0.424267
-0.667599	-1.301404	 0.667872	 0.283851	 0.498221	 0.499000	 0.675469	 0.617553	 0.861991	-1.634995	-0.431717	 0.420438
-0.664928	-1.172907	 0.688632	 0.187539	 0.498221	 0.499183	 0.672779	 0.615083	 0.858497	-1.628455	-0.431717	 0.418524
-0.662269	-1.606570	 0.197593	 0.639383	 0.498221	 0.499274	 0.670094	 0.612622	 0.855040	-1.621941	-0.431717	 0.417567
-0.659619	-1.819321	-0.047927	 0.863123	 0.498221	 0.499319	 0.667416	 0.610172	 0.851608	-1.615454	-0.431717	 0.417089
-0.656981	-1.421632	-0.170687	 0.972819	 0.498221	-0.000658	 0.664748	 0.607731	 0.848196	-1.608992	-0.431717	 0.416850
-0.654353	-1.220740	-0.232067	 1.025502	 0.498221	-0.249645	 0.662090	 0.605300	 0.844801	-1.602556	-0.431717	 0.416730
-0.651736	-1.618254	-0.262757	 0.549687	 0.498221	 0.125861	 0.659442	 0.602879	 1.341420	-2.096146	-0.431717	 0.916670
-0.649129	-1.812980	-0.278102	 0.311780	 0.498221	 0.312612	 0.656804	 0.600468	 1.586053	-2.337761	-0.431717	 1.163807
-0.146532	-1.906327	 0.214226	 0.692826	 0.498221	-0.094013	 0.654177	 0.598066	 1.204709	-1.953410	-0.431717	 0.784554
 0.104766	-1.949001	 0.458977	 0.881201	 0.498221	-0.296324	 0.651560	 0.595673	 1.012390	-1.758096	-0.431717	 0.594927
 0.230415	-1.966355	 0.579945	 0.973250	 0.498221	-0.397480	 0.648954	 0.593291	 0.914590	-1.657314	-0.431717	 0.500113
-0.206760	-1.971065	 0.139027	 1.017144	 0.498221	 0.051942	 0.646358	 0.590918	 0.864057	-1.603810	-0.431717	 0.952707
-0.424060	-1.969468	-0.081432	 1.036968	 0.498221	 0.275651	 0.643773	 0.588554	 0.837163	-1.573957	-0.431717	 1.176193
-0.531427	-1.964734	 0.308338	 0.544767	 0.998221	 0.387505	 0.641198	 0.586200	 0.822096	-1.555942	-0.431717	 1.285137
-0.583833	-1.958447	 0.501827	 0.298667	 1.245224	 0.443432	 0.638633	 0.583855	 0.812948	-1.543859	-0.431717	 1.336820
-0.608764	-1.951399	 0.597181	 0.175616	 0.865742	 0.471395	 0.636078	 0.581520	 0.806766	-1.534754	-0.431717	 1.359885
-0.619962	-1.943986	 0.643473	 0.114091	 0.676000	 0.485377	 0.633534	 0.579193	 0.802075	-1.527150	-0.431717	 1.368652
-0.624298	-1.436407	 0.665239	 0.083329	 0.581130	 0.492368	 0.631000	 0.576877	 1.298134	-1.520309	-0.431717	 0.870280
-0.625209	-1.180759	 0.674749	 0.067947	 0.533694	 0.495864	 0.628476	 0.574569	 1.542575	-1.513862	-0.431717	 0.621094
-0.624413	-1.051086	 0.678135	 0.060257	 0.509977	 0.497611	 0.625962	 0.572271	 1.661222	-1.507623	-0.431717	 0.496501
-0.622767	-1.484406	 0.678465	 0.056411	 0.498118	 0.498485	 0.623458	 0.569982	 1.216985	-1.501501	-0.431717	 0.434205
-0.620702	-1.697230	 0.677272	 0.054489	 0.492188	 0.498922	 0.620964	 0.567702	 0.993321	-1.495449	-0.431717	 0.403057
-0.618432	-1.799823	 0.675324	 0.553527	 0.489224	 0.499141	 0.618480	 0.565431	 0.879950	-1.489445	-0.431717	 0.887483
-0.616065	-1.847314	 0.673003	 0.800942	 0.487741	 0.499250	 0.616007	 0.563169	 0.821732	-1.483476	-0.431717	 1.126952
-0.613654	-1.867270	 0.670501	 0.422552	 0.487000	 0.499304	 0.613542	 0.560917	 0.791095	-1.477536	-0.431717	 0.743953
-0.611226	-1.873473	 0.667914	 0.233357	 0.486630	 0.499332	 0.611088	 0.558673	 0.774256	-1.471623	-0.431717	 0.552454
-0.608794	-1.872816	 0.665290	 0.638760	 0.486444	-0.000655	 0.608644	 0.556438	 0.764322	-1.465735	-0.431717	 0.456705
-0.606366	-1.868743	 0.662652	 0.839373	 0.486352	-0.249647	 0.606209	 0.554213	 0.757846	-1.459871	-0.431717	 0.408830
-0.603944	-1.862977	 0.660014	 0.937599	 0.486305	-0.374142	 0.603785	 0.551996	 0.753105	-1.454031	-0.431717	 0.384892
-0.601530	-1.856380	 0.157380	 0.484641	 0.486282	 0.063610	 0.601369	 0.549788	 0.749238	-1.448215	-0.431717	 0.372924
-0.599124	-1.849381	-0.093938	 0.258162	 0.486271	 0.281483	 0.598964	 0.547589	 0.745814	-1.442422	-0.431717	 0.366939
-0.596728	-1.842197	 0.280404	 0.144922	 0.986265	 0.390420	 0.596568	 0.545398	 0.742617	-1.436652	-0.431717	 0.363947
-0.594342	-1.834935	 0.466265	 0.088302	 1.233289	 0.444888	 0.594182	 0.543217	 0.739539	-1.430906	-0.431717	 0.362451
-0.591964	-1.827649	 0.557892	 0.059992	 0.853841	 0.472122	 0.591805	 0.541044	 0.736528	-1.425182	-0.431717	 0.361703
-0.589596	-1.820365	 0.602406	 0.045837	 0.664117	 0.485739	 0.589438	 0.538880	 0.733555	-1.419481	-0.431717	 0.361329
-0.587238	-1.813097	 0.623369	 0.538760	 0.569255	 0.492548	 0.587080	 0.536724	 1.230607	-1.413804	-0.431717	 0.861142
-0.584889	-1.805851	 0.632562	 0.783158	 0.521824	 0.495952	 0.584732	 0.534577	 1.475678	-1.408148	-0.431717	 1.108327
-0.582550	-1.798631	 0.635875	 0.903302	 0.498108	 0.497654	 0.582393	 0.532439	 1.594772	-1.402516	-0.431717	 1.229208
-0.580219	-1.291438	 0.136253	 0.461327	 0.986250	 0.498505	 0.580063	 0.530309	 1.150891	-1.896906	-0.431717	 0.786948
-0.577899	-1.036274	-0.113558	 0.240339	 1.227373	 0.498931	 0.577743	 0.528188	 0.927537	-2.139318	-0.431717	 0.565819
-0.575587	-1.407129	-0.238463	 0.629845	 0.844997	 0.499143	 0.575432	 0.526075	 0.814452	-1.755761	-0.431717	 0.455254
-0.573285	-1.589001	-0.300916	 0.822560	 0.653809	 0.499250	 0.573130	 0.523971	 0.756506	-1.561238	-0.431717	 0.399971
-0.570991	-1.676395	-0.332143	 0.916886	 0.558215	-0.000697	 0.570838	 0.521875	 0.726136	-1.461243	-0.431717	 0.872330
-0.568708	-1.716564	-0.347756	 0.962027	 0.510418	-0.249669	 0.568554	 0.519787	 0.709560	-1.408523	-0.431717	 1.105820
-0.566433	-1.733135	 0.144438	 0.482584	 0.486520	 0.125845	 0.566280	 1.017708	 0.699885	-1.379451	-0.431717	 0.719886
-0.564167	-1.737922	 0.389261	 0.242862	 0.474570	 0.312599	 0.564015	 1.263637	 0.693668	-1.362215	-0.431717	 0.526920
-0.561910	-1.736829	 0.510405	 0.123001	 0.468596	 0.405976	 0.561759	 1.383583	 0.689184	-1.350906	-0.431717	 0.430436
-0.559663	-1.232812	 0.569713	 0.563070	 0.465608	 0.452665	 0.559512	 0.940549	 0.685573	-1.342573	-0.431717	 0.382195
-0.557424	-0.979345	 0.598110	 0.781099	 0.464115	 0.476009	 0.557274	 0.719031	 0.682403	-1.335738	-0.431717	 0.358074
-0.555194	-1.351160	 0.611055	 0.888115	 0.463368	 0.487681	 0.555045	 0.608273	 0.679460	-1.329663	-0.931717	 0.346013
-0.552974	-1.533622	 0.616279	 0.939632	 0.462995	 0.493517	 0.552825	 0.552894	 0.676636	-1.323978	-1.178854	 0.339983
-0.550762	-1.621421	 0.617649	 0.463409	 0.462808	 0.496435	 0.550613	 0.525204	 0.673876	-1.318499	-0.799570	 0.336968
-0.548559	-1.661901	 0.617095	 0.225297	 0.462715	 0.497894	 0.548411	 0.511359	 0.671153	-1.313133	-0.609928	 0.335460
-0.546364	-1.678737	 0.615585	 0.606241	 0.962668	 0.498624	 0.546217	 0.504437	 0.668455	-1.307835	-0.515107	 0.334707
-0.544179	-1.683764	 0.613602	 0.794739	 1.209719	 0.498989	 0.544032	 0.500975	 0.665775	-1.302581	-0.467697	 0.334330
-0.542002	-1.682900	 0.611388	 0.887021	 0.830331	 0.499171	 0.541856	 0.499245	 0.663109	-1.297359	-0.443992	 0.334141
-0.539834	-1.679103	 0.609062	 0.931204	 0.640638	 0.499262	 0.539689	 0.498380	 0.660454	-1.292164	-0.432139	 0.334047
-0.537675	-1.673855	 0.606686	 0.951344	 0.545791	 0.499308	 0.537530	 0.497947	 0.657812	-1.286992	-0.426213	 0.334000
-0.535524	-1.667893	 0.104289	 0.459472	 0.498367	-0.000669	 0.035380	 0.497731	 0.655180	-1.781843	-0.423249	 0.333976
-0.533382	-1.661588	-0.146910	 0.213535	 0.474655	-0.249657	-0.215695	 0.497622	 0.652559	-2.024715	-0.421768	 0.333965
-0.531249	-1.655126	-0.272509	 0.590567	 0.462799	 0.125850	 0.158767	 0.997568	 0.649949	-1.641616	-0.421027	 0.333959
-0.529124	-1.648597	-0.335308	 0.777148	 0.456872	 0.312600	 0.344932	 1.244546	 0.647349	-1.447549	-0.420657	 0.333956
-0.527007	-1.642048	-0.366708	 0.368511	 0.453908	 0.405975	-0.063048	 0.865052	 1.144760	-1.348009	-0.420471	 0.833954
-0.524899	-1.635503	-0.382408	 0.164192	 0.452426	 0.452663	-0.267038	 0.675305	 1.390181	-1.295741	-0.420379	 1.081286
-0.522799	-1.628972	 0.109742	 0.562033	 0.451685	 0.476007	 0.130968	 0.580432	 1.009620	-1.267121	-0.420333	 0.702294
-0.520708	-1.622462	 0.354613	 0.759034	 0.451314	 0.487679	 0.328912	 0.532995	 0.818081	-1.250334	-0.420309	 0.512798
-0.518625	-1.615975	 0.475850	 0.855622	 0.451129	 0.493515	 0.426831	 0.509276	 0.721059	-1.239473	-0.420298	 0.418050
-0.516551	-1.109513	 0.035274	 0.902012	 0.451036	 0.496432	 0.474740	 0.497417	 0.671300	-1.231585	-0.420292	 0.370677
-0.514485	-0.855075	-0.185014	 0.923310	 0.450990	 0.497891	 0.497650	 0.491488	 0.645177	-1.225194	-0.420289	 0.346990
-0.512427	-0.726656	 0.204842	 0.932069	 0.450967	 0.498621	 0.508064	 0.488523	 0.630878	-1.219561	-0.420288	 0.835146
-0.510377	-0.661249	 0.398581	 0.934568	 0.450955	 0.498986	 0.512234	 0.487040	 0.622495	-1.214317	-0.420287	 1.076578
-0.508336	-0.627354	 0.494265	 0.433943	 0.450949	 0.499168	 0.513286	 0.486299	 1.117075	-1.209276	-0.420287	 1.194658
-0.506302	-0.609220	 0.540928	 0.183630	 0.450946	 0.499259	 0.512783	 0.485929	 1.361142	-1.204348	-0.420286	 1.251072
-0.504277	-1.098970	 0.063084	 0.558474	 0.950945	 0.499305	 0.511507	 0.985743	 0.979965	-1.199484	-0.420286	 1.276664
-0.502260	-1.340668	-0.175838	 0.744029	 1.198042	 0.499328	 0.509849	 1.232680	 0.788179	-1.194664	-0.420286	 1.286856
-0.500251	-1.458353	-0.295299	 0.834948	 1.318701	 0.499339	 0.508003	 1.353189	 0.691093	-1.189874	-0.420286	 1.289358
-0.499246	-1.014043	 0.144970	 0.878555	 0.876151	 0.499345	 0.506068	 0.910496	 0.641362	-1.185108	-0.420286	 0.788025
-0.498744	-0.790748	 0.363935	 0.898515	 0.654877	 0.499348	 0.504092	 0.689149	 0.615313	-1.180365	-0.420286	 0.537358
-0.498493	-0.677966	 0.472251	 0.406657	 1.044239	 0.499349	 0.502100	 0.578476	 0.601110	-0.675642	-0.420286	 0.412025
-0.498367	-0.620445	 0.525248	 0.160729	 1.236053	 0.499350	 0.500104	 0.523139	 0.592835	-0.423281	-0.420286	 0.349358
-0.498305	-1.090558	 0.550590	 0.537764	 0.829105	 0.499350	 0.499106	 0.495471	 0.587528	-0.797100	-0.420286	 0.318025
-0.498273	-1.322493	 0.562109	 0.724453	 0.625630	 0.499350	 0.498607	 0.481637	 0.583711	-0.981668	-0.420286	 0.302358
-0.498257	-1.435352	 0.566722	 0.315974	 1.023893	 0.499350	 0.498357	 0.474720	 0.580642	-1.071619	-0.420286	 0.294525
-0.498250	-1.488685	 0.567885	 0.111735	 1.220180	 0.499350	 0.498232	 0.471261	 0.577952	-1.114272	-0.420286	 0.290608
-0.498246	-1.512268	 0.567329	 0.009616	 1.315491	 0.499350	 0.498170	 0.469532	 0.575457	-1.133284	-0.420286	 0.288650
-0.498244	-1.520987	 0.065917	 0.458556	 0.860325	 0.499350	 0.498139	 0.468667	 1.073064	-0.640486	-0.420286	 0.287671
-0.498243	-1.522288	-0.184789	 0.681211	 0.632741	 0.499350	 0.498123	 0.468235	 1.318726	-0.394087	-0.420286	 0.287181
-0.498242	-1.019891	-0.310142	 0.290731	 0.018950	 0.499350	 0.498115	 0.968019	 0.938428	-0.770887	-0.420286	 0.286937
-0.498242	-0.767657	-0.372818	 0.095491	-0.286756	 0.499350	 0.498112	 1.214975	 0.747162	-0.956992	-0.420286	 0.286814
-0.498242	-1.140509	 0.095844	 0.497871	 0.061576	 0.499350	 0.498110	 0.835529	 1.150418	-1.047758	-0.420286	 0.286753
-0.498242	-1.323909	 0.329045	 0.697260	 0.235742	 0.499350	 0.498109	 0.645807	 1.348939	-1.090864	-0.420286	 0.286722
-0.498242	-0.912594	 0.444522	 0.795162	 0.322824	 0.499350	 0.498108	 0.550945	 0.945104	-1.110149	-0.420286	 0.786707
-0.498242	-0.705934	 0.501140	 0.842326	 0.366366	 0.499350	 0.498108	 0.503514	 0.742104	-1.117533	-0.420286	 1.034126
-0.498242	-0.602604	 0.528334	 0.864130	 0.388137	 0.499350	 0.498108	 0.479799	 0.639526	-1.118975	-0.420286	 1.155272
-0.498242	-1.050939	 0.540819	 0.873259	 0.899022	 0.499350	 0.498108	 0.467941	 1.087163	-1.117455	-0.420286	 0.713293
-0.498242	-1.272108	 0.545956	 0.876060	 1.151645	 0.499350	 0.498108	 0.462012	 1.307912	-1.114463	-0.420286	 0.492303
-0.498242	-0.879706	 0.547422	 0.875702	 0.775148	 0.499350	 0.498108	 0.459048	 0.915229	-1.110744	-0.420286	 0.381808
-0.498242	-0.683505	 0.547057	 0.873772	 0.586899	 0.499350	 0.498108	 0.457566	 0.717842	-1.106671	-0.420286	 0.326561
-0.498242	-1.085404	 0.545781	 0.871064	 0.492775	 0.499350	 0.498108	 0.456825	 1.118108	-1.102429	-0.420286	 0.798937
-0.498242	-1.283380	 0.544054	 0.867973	 0.445713	 0.499350	 0.498108	 0.456454	 1.315204	-1.098112	-0.420286	 1.032582
-0.498242	-1.379404	 0.542106	 0.864698	 0.422182	 0.499350	 0.498108	 0.956269	 1.410728	-1.093765	-0.420286	 1.146873
-0.498242	-1.424466	 0.540052	 0.861337	 0.410416	 0.499350	 0.498108	 1.203264	 1.455477	-1.089413	-0.420286	 1.201496
-0.498242	-1.444058	 0.537948	 0.857941	 0.404534	 0.499350	 0.498108	 1.323861	 1.474851	-1.085067	-0.420286	 1.226295
-0.498242	-1.450926	 0.535825	 0.854534	 0.401592	 0.499350	 0.498108	 0.881271	 1.481550	-1.080733	-0.420286	 0.736192
-0.498242	-1.451445	 0.533696	 0.851128	 0.400121	 0.499350	 0.498108	 0.659976	 1.481923	-1.076413	-0.420286	 0.491141
-0.498242	-1.448800	 0.531568	 0.847730	 0.399386	 0.499350	 0.498108	 0.549328	 1.479145	-1.072109	-0.420286	 0.368615
-0.498242	-1.444586	 0.529446	 0.844342	 0.399018	 0.499350	 0.498108	 0.494004	 1.474803	-1.067821	-0.420286	 0.307352
-0.498242	-1.439598	 0.527330	 0.840966	 0.898835	 0.499350	 0.498108	 0.466342	 0.969691	-1.063550	-0.420286	 0.776721
-0.498242	-1.434234	 0.525221	 0.837603	 1.145945	 0.499350	 0.498108	 0.452511	 0.717135	-1.059296	-0.420286	 1.008913
-0.498242	-0.928695	 0.523121	 0.834253	 1.266715	 0.499350	 0.498108	 0.445596	 0.590857	-1.055059	-0.420286	 1.122527
-0.498242	-0.675925	 0.521029	 0.830916	 1.324324	 0.499350	 0.498108	 0.442138	 0.527718	-1.050839	-0.420286	 1.176862
-0.498242	-0.549541	 0.518945	 0.827593	 1.350365	 0.499350	 0.498108	 0.440409	 0.496149	-1.046635	-0.420286	 1.201566
-0.498242	-0.486348	 0.516869	 0.324282	 0.860633	 0.499350	 0.498108	 0.439545	 0.480364	-1.042449	-0.420286	 0.711466
-0.498242	-0.454752	 0.514801	 0.072627	 0.615767	 0.499350	 0.498108	 0.439113	 0.472471	-1.038279	-0.420286	 0.466416
-0.498242	-0.438954	 0.512742	 0.446800	 0.993334	 0.499350	 0.498108	 0.438897	 0.468525	-1.034126	-0.420286	 0.343891
-0.498242	-0.431055	 0.510691	 0.632244	 1.179375	 0.499350	 0.498108	 0.438789	 0.466552	-1.029989	-0.420286	 0.282629
-0.498242	-0.927105	 0.008649	 0.723331	 1.269665	 0.499350	 0.498108	 0.438734	 0.465566	-1.025869	-0.420286	 0.251998
-0.498242	-1.172284	-0.242373	 0.767245	 1.312090	 0.499350	 0.498108	 0.438707	 0.465072	-1.021766	-0.420286	 0.236682
-0.498242	-1.292039	 0.132116	 0.787580	 0.830594	 0.499350	 0.498108	 0.438694	 0.964826	-1.017679	-0.420286	 0.729024
-0.498242	-1.349092	 0.318348	 0.796132	 0.589846	 0.499350	 0.498108	 0.438687	 1.211773	-1.013608	-0.420286	 0.972752
