-0.221135	 0.498655	 0.265592	 0.498961	 0.498602	 0.306249	 0.265523	 0.453069	 0.267242	 0.499312	 0.499333	 0.487711
-0.221135	 0.498655	 0.382492	 0.498961	 0.498602	 0.400380	 0.382241	 0.476424	 0.267242	 0.499312	 0.499333	 0.493547
-0.221135	 0.498655	 0.440942	 0.498961	 0.498602	 0.447446	-0.059400	 0.488102	 0.267242	 0.499312	 0.499333	 0.496465
-0.221135	 0.498655	 0.470167	 0.498961	 0.498602	 0.470978	-0.279219	 0.493940	 0.267242	 0.499312	 0.499333	 0.497924
-0.221135	 0.498655	 0.484780	 0.498961	 0.498602	 0.482745	 0.110872	-0.003140	 0.767242	 0.499312	 0.499333	 0.498654
-0.221135	 0.498655	 0.492086	 0.498961	 0.498602	 0.488628	 0.304916	-0.250680	 1.014708	 0.499312	 0.499333	 0.499018
-0.221135	 0.498655	-0.004261	 0.498961	 0.498602	 0.491570	 0.401937	 0.125550	 0.635916	 0.499312	 0.499333	 0.499201
-0.221135	 0.498655	-0.251433	 0.498961	 0.498602	 0.493040	 0.450448	 0.312661	 0.446521	 0.499312	 0.499333	 0.499292
-0.221135	 0.498655	-0.375019	 0.498961	 0.498602	 0.493776	 0.474704	-0.093783	 0.351823	-0.000688	 0.499333	 0.499337
-0.221135	 0.498655	-0.436813	 0.498961	 0.498602	 0.494143	 0.486831	-0.296005	 0.304474	-0.249686	 0.499333	 0.499360
-0.221135	 0.498655	-0.467709	 0.498961	 0.498602	 0.494327	 0.492895	-0.397115	 0.280799	-0.374186	 0.499333	 0.499372
-0.221135	 0.498655	 0.016843	 0.498961	 0.498602	 0.494419	-0.004073	 0.052329	 0.268962	-0.436435	 0.499333	-0.000623
-0.221135	 0.498655	 0.258116	 0.498961	 0.498602	 0.494465	-0.251555	 0.276048	 0.263043	-0.467560	 0.499333	-0.249619
-0.221135	 0.498655	-0.121248	 0.498961	 0.498602	 0.494488	-0.375296	 0.387907	 0.260084	 0.016878	 0.499333	 0.125883
-0.221135	 0.498655	-0.309928	 0.498961	 0.498602	 0.494500	-0.437166	 0.443837	 0.258604	 0.258094	 0.499333	 0.312632
-0.221135	 0.498655	-0.404268	 0.498961	 0.998602	 0.494505	-0.468102	 0.471802	 0.257865	 0.378702	 0.499333	 0.406006
-0.221135	 0.498655	-0.451439	 0.498961	 1.245605	 0.494508	-0.483569	 0.485784	 0.257495	 0.439006	 0.499333	 0.452693
-0.221135	 0.498655	 0.024976	 0.498961	 0.866121	 0.494510	 0.008697	 0.492775	 0.257310	 0.469158	 0.499333	-0.023964
-0.221135	 0.498655	 0.262181	 0.498961	 0.676379	 0.494510	 0.253828	 0.496271	 0.257217	 0.484234	 0.499333	-0.261291
-0.221135	 0.498655	 0.380783	 0.498961	 0.581508	 0.494511	 0.376394	 0.498019	 0.257171	 0.491772	 0.499333	-0.379954
-0.221135	 0.498655	 0.440085	 0.498961	 0.534073	 0.494511	 0.437677	 0.498893	 0.757148	 0.495541	 0.499333	 0.060714
-0.221135	 0.498655	 0.469735	 0.498961	 0.510355	 0.494511	 0.468318	 0.499330	 1.004622	 0.497425	 0.499333	 0.280046
-0.221135	 0.498655	 0.484560	 0.498961	 0.498496	 0.494511	 0.483639	 0.499548	 0.625855	 0.498368	 0.499333	 0.389711
-0.221135	 0.498655	 0.491973	 0.498961	 0.492567	 0.494511	 0.491299	 0.499657	 0.436471	 0.498839	 0.499333	 0.444544
-0.221135	 0.498655	-0.004321	 0.498961	 0.489602	 0.494511	 0.495129	 0.499712	 0.341780	-0.000926	 0.499333	 0.471960
-0.221135	 0.498655	-0.251466	 0.498961	 0.488120	 0.494511	 0.497044	 0.499739	 0.294434	-0.249807	 0.499333	 0.485669
-0.221135	 0.498655	 0.124961	 0.498961	 0.487379	 0.994511	-0.001998	-0.000247	 0.270761	 0.125753	 0.499333	 0.492523
-0.221135	 0.498655	 0.312172	 0.498961	 0.487008	 1.241522	-0.250517	-0.249240	 0.258924	 0.312530	 0.499333	 0.495950
-0.221135	 0.498655	 0.405777	 0.498961	 0.486823	 1.362051	-0.374777	-0.373736	 0.253006	 0.405919	 0.499333	 0.497663
-0.221135	 0.498655	 0.452580	 0.498961	 0.486730	 0.919350	 0.063093	 0.064016	 0.250047	 0.452613	 0.499333	 0.498520
-0.221135	 0.498655	 0.475981	 0.498961	 0.486684	 0.697999	 0.281026	 0.281888	 0.248567	 0.475960	 0.499333	 0.498948
-0.721135	 0.498655	 0.487682	 0.498961	 0.486661	 0.587324	-0.110007	 0.390824	 0.747828	 0.487634	 0.499333	 0.499163
-0.968693	 0.498655	 0.493532	 0.498961	 0.486649	 0.531986	-0.304522	 0.445292	 0.994964	 0.493471	 0.499333	 0.499270
-0.590039	 0.498655	 0.496457	 0.498961	 0.486643	 0.504317	-0.401779	 0.472527	 0.616047	 0.496389	 0.499333	 0.499323
-0.400713	 0.498655	 0.497920	 0.498961	 0.486640	 0.490483	-0.450408	 0.486144	 0.426589	 0.497848	 0.499333	 0.499350
-0.306049	 0.498655	 0.498651	 0.498961	 0.486639	 0.483566	 0.025278	 0.492952	 0.831860	-0.001422	 0.499333	 0.499363
-0.258717	 0.498655	 0.499017	 0.498961	 0.486638	 0.480107	 0.262119	 0.496356	 1.032021	-0.250056	 0.499333	 0.499370
-0.235052	 0.498655	 0.499200	 0.498961	 0.486638	 0.478378	 0.380540	 0.498058	 1.129638	-0.374373	 0.499333	 0.499374
-0.223219	 0.498655	-0.000709	 0.498961	 0.486638	 0.477513	 0.439750	 0.498909	 0.675991	 0.063469	 0.499333	 0.499375
-0.217302	 0.498655	-0.249662	 0.498961	 0.486638	 0.477081	 0.469355	 0.499335	 0.449168	 0.281387	 0.499333	 0.499376
-0.714344	 0.498655	-0.374138	 0.498961	 0.486638	 0.476865	 0.484157	 0.499548	 0.335756	-0.109654	 0.499333	 0.499376
-0.960442	 0.498655	-0.436377	 0.498961	 0.486637	 0.476757	 0.491559	 0.499654	 0.279051	-0.304173	 0.499333	 0.499377
-0.581078	 0.498655	 0.032504	 0.498961	 0.486637	 0.476703	 0.495259	-0.000293	 0.250698	-0.401433	 0.499333	 0.499377
-0.391396	 0.498655	 0.265942	 0.498961	 0.486637	 0.476676	 0.497110	-0.249266	 0.236521	-0.450063	 0.499333	 0.499377
-0.296555	 0.498655	-0.117339	 0.498961	 0.486637	 0.476662	 0.498035	-0.373752	 0.229433	 0.025623	 0.499333	 0.499377
-0.249135	 0.498655	-0.307979	 0.498961	 0.486637	 0.476655	 0.498497	-0.435995	 0.225889	 0.262463	 0.499333	 0.499377
-0.225424	 0.498655	-0.403298	 0.498961	 0.486637	 0.476652	 0.498729	-0.467117	 0.224117	-0.119118	 0.499333	 0.499377
-0.213569	 0.498655	-0.450958	 0.498961	 0.486637	 0.476650	 0.498844	-0.482678	 0.223231	-0.308906	 0.499333	 0.499377
-0.207642	 0.498655	-0.474788	 0.498961	 0.486637	 0.476649	 0.498902	-0.490458	 0.222788	-0.403800	 0.499333	 0.499377
-0.204678	 0.498655	-0.486703	 0.498961	 0.486637	 0.476649	 0.498931	-0.494348	 0.222566	 0.048752	-0.000667	 0.499377
-0.203196	 0.498655	-0.492660	 0.498961	 0.486637	 0.476649	 0.498946	-0.496293	 0.222456	 0.274026	-0.249666	 0.499377
-0.202455	 0.498655	 0.004361	 0.498961	 0.486637	 0.476649	 0.498953	 0.002734	 0.222400	 0.386663	 0.125835	-0.000623
-0.202085	 0.498655	 0.251869	 0.498961	 0.486637	 0.476649	 0.498956	 0.251244	 0.222373	 0.442982	 0.312583	-0.249622
-0.201899	 0.498655	-0.124377	 0.498961	 0.486637	 0.476649	-0.001042	-0.124501	 0.222359	 0.471141	 0.405957	-0.374121
-0.201807	 0.498655	-0.311499	 0.498961	 0.486637	 0.476649	-0.250039	-0.311373	 0.222352	 0.485220	 0.452643	-0.436371
-0.201760	 0.498655	 0.094940	 0.498961	 0.486637	 0.476649	 0.125463	 0.095191	 0.222348	-0.007740	 0.475987	-0.467496
-0.201737	 0.498655	 0.297157	 0.498961	 0.486637	 0.476649	 0.312211	 0.297470	 0.222347	-0.253218	 0.487659	-0.483058
-0.201726	 0.498655	 0.398265	 0.498961	 0.486637	 0.476649	 0.405586	 0.398609	 0.222346	-0.375958	 0.493494	-0.490839
-0.201720	 0.498655	 0.448819	 0.498961	 0.486637	 0.476649	 0.452273	-0.050821	 0.222345	 0.062672	-0.003588	 0.005270
-0.201717	 0.498655	 0.474096	 0.498961	 0.486637	 0.476649	 0.475617	-0.274536	 0.222345	 0.280985	-0.251127	 0.252322
-0.201716	 0.498655	 0.486735	 0.498961	-0.013363	 0.476649	 0.487288	-0.386393	 0.222345	-0.109859	 0.125103	-0.124152
-0.201715	 0.498655	 0.493054	 0.498961	-0.262336	 0.476649	 0.493124	-0.442322	 0.222345	-0.304279	 0.312215	-0.311388
-0.201714	 0.498655	-0.003786	 0.498961	 0.114200	 0.476649	 0.496042	-0.470286	 0.222345	 0.098511	 0.405771	 0.094994
-0.201714	 0.498655	-0.251205	 0.498961	 0.302468	 0.476649	 0.497501	-0.484268	 0.222345	 0.298903	 0.452550	 0.297183
-0.201714	 0.498655	 0.125085	 0.498961	 0.396602	 0.476649	 0.498231	-0.491259	 0.222345	 0.399099	 0.475939	 0.398277
-0.201714	 0.498655	 0.312228	 0.498961	 0.443669	 0.476649	 0.498596	-0.494755	 0.222345	 0.449197	 0.487633	 0.448824
-0.201714	 0.498655	 0.405799	 0.498961	 0.467203	 0.476649	 0.498778	-0.496503	 0.222345	 0.474246	 0.493480	 0.474097
-0.201714	 0.498655	-0.047415	 0.498961	 0.478969	 0.476649	 0.498869	-0.497377	 0.222345	 0.486771	 0.496404	 0.486734
-0.201714	 0.498655	-0.273021	 0.498961	 0.484853	 0.476649	 0.498915	-0.497814	 0.222345	 0.493033	 0.497866	 0.493052
-0.701714	 0.498655	-0.385824	 0.498961	 0.487794	 0.476649	 0.498937	-0.498032	 0.222345	 0.496164	 0.498597	-0.003788
-0.949311	 0.498655	-0.442226	 0.498961	 0.489265	 0.476649	 0.498949	-0.498141	 0.222345	 0.497730	 0.498962	-0.251207
-0.570715	 0.498655	-0.470426	 0.498961	 0.490001	 0.476649	-0.001045	-0.498196	 0.222345	 0.498512	 0.499145	-0.374917
-0.381417	 0.498655	-0.484527	 0.498961	 0.490368	 0.476649	-0.250040	-0.498223	 0.222345	 0.498904	 0.499236	-0.436772
-0.286768	 0.498655	-0.491577	 0.498961	 0.490552	 0.476649	 0.125462	-0.498237	 0.222345	 0.499100	 0.499282	-0.467699
-0.239444	 0.498655	-0.495102	 0.498961	 0.490644	 0.476649	 0.312211	-0.498244	 0.222345	 0.499197	 0.499305	-0.483163
-0.215782	 0.498655	-0.496864	 0.498961	 0.490690	 0.476649	 0.405586	-0.498247	 0.222345	 0.499246	 0.499316	-0.490895
-0.203951	-0.001345	-0.497746	 0.498961	 0.490713	-0.023351	 0.452273	 0.001751	 0.222345	-0.000729	 0.499322	-0.494761
-0.198035	-0.250342	-0.498186	 0.498961	 0.490725	-0.272305	 0.475617	 0.250747	 0.222345	-0.249716	 0.499325	-0.496694
-0.195077	 0.125159	-0.498407	 0.498961	 0.490730	 0.104261	-0.012711	-0.124755	 0.222345	-0.374209	-0.000674	-0.497660
-0.193598	 0.311909	-0.498517	 0.498961	 0.490733	 0.292544	-0.255873	-0.311506	 0.222345	-0.436455	-0.249672	-0.498143
-0.192859	 0.405283	-0.498572	 0.498961	 0.490735	 0.386686	 0.122546	-0.404881	 0.222345	 0.032421	-0.374171	-0.498385
-0.192489	 0.451971	-0.498599	 0.498961	 0.490735	 0.433756	 0.310753	-0.451569	 0.222345	 0.265857	-0.436420	-0.498506
-0.192304	 0.475314	-0.498613	 0.498961	 0.490736	-0.042708	 0.404857	 0.025087	 0.722345	-0.117425	 0.032455	-0.498566
-0.192212	 0.486986	-0.498620	 0.498961	 0.490736	-0.279902	 0.451909	 0.262412	 0.969900	-0.308065	 0.265890	-0.498596
-0.192166	 0.492822	-0.498624	 0.498961	 0.490736	-0.397465	 0.475435	 0.381074	 1.091243	-0.403385	 0.382608	-0.498612
-0.192143	 0.495740	-0.498625	 0.498961	 0.490736	 0.044784	 0.487198	 0.440405	 0.649489	 0.048956	 0.440966	 0.001381
-0.192131	 0.497199	-0.498626	 0.498961	 0.490736	 0.265908	 0.493079	 0.470071	 0.428612	 0.274123	 0.470146	 0.250374
-0.192125	 0.497929	-0.498627	 0.498961	 0.490736	 0.376470	 0.496020	 0.484904	 0.318174	 0.386707	 0.484735	 0.374871
-0.192122	 0.498293	-0.498627	 0.498961	 0.490736	 0.431751	 0.497490	 0.492320	 0.262955	 0.442999	 0.492030	 0.437119
-0.192121	 0.498476	-0.498627	 0.498961	 0.490736	 0.459392	 0.498226	 0.496028	 0.735345	 0.471145	 0.495678	 0.468244
-0.192120	 0.498567	-0.498627	 0.498961	 0.490736	 0.473212	 0.498593	 0.497882	 0.969125	 0.485218	 0.497501	 0.483806
-0.192120	 0.498613	 0.001373	 0.498961	 0.490736	 0.980122	 0.498777	-0.001191	 1.083609	 0.492254	 0.498413	 0.491587
-0.192120	 0.498635	 0.250370	 0.498961	 0.490736	 1.230603	 0.498869	-0.249727	 1.138455	 0.495772	 0.498869	 0.495477
-0.192120	 0.498647	 0.374869	 0.498961	 0.490736	 1.352881	 0.498915	-0.373994	 1.163491	 0.497531	 0.499097	 0.497423
-0.192120	 0.498652	 0.437118	 0.498961	 0.490736	 0.911070	 0.498938	 0.063872	 1.173632	 0.498411	 0.499211	 0.498395
-0.192120	 0.498655	 0.468243	 0.498961	 0.490736	 0.690165	 0.498949	 0.281801	 1.176335	 0.498851	 0.499268	 0.498882
-0.192120	 0.498657	 0.483805	 0.498961	 0.490736	 0.579712	 0.498955	 0.390766	 0.675328	 0.499071	 0.499297	 0.499125
-0.192120	 0.498657	 0.491586	 0.498961	 0.490736	 0.524486	 0.498958	 0.445248	 0.424825	 0.499181	 0.499311	 0.499246
-0.192120	 0.498658	 0.495477	 0.498961	 0.490736	 0.496872	 0.498959	 0.472489	 0.799573	 0.499236	 0.499318	 0.499307
-0.192120	 0.498658	 0.497422	 0.498961	 0.490736	 0.483066	 0.498960	 0.486110	 0.984599	 0.499263	 0.499321	 0.499337
-0.192120	 0.498658	 0.498395	 0.498961	 0.990736	 0.476162	 0.498961	-0.007080	 1.074772	 0.499277	 0.499323	 0.499353
-0.192120	 0.498658	 0.498881	 0.498961	 1.237755	 0.472711	 0.498961	-0.252674	 1.117529	 0.499284	 0.499324	 0.499360
-0.192120	 0.498658	 0.499124	 0.498961	 1.358294	 0.470985	 0.498961	-0.375471	 1.136587	 0.499287	 0.499325	 0.499364
-0.192120	 0.498658	 0.499246	 0.498961	 1.415607	 0.970122	 0.498961	-0.436870	 1.143805	-0.000711	 0.499325	 0.499366
-0.192120	 0.498658	 0.499307	 0.498961	 1.441317	 1.216752	 0.498961	-0.467569	 1.145112	-0.249709	 0.499325	 0.499367
-0.192120	 0.498658	 0.499337	 0.498961	 0.951238	 0.837140	 0.498961	 0.017081	 1.143472	 0.125792	 0.499325	 0.499367
-0.192120	 0.498658	 0.499352	 0.498961	 0.706198	 0.647334	 0.498961	 0.258403	 1.140369	 0.312540	 0.499325	 0.499368
-0.192120	 0.498658	 0.499360	 0.498961	 0.583679	 0.552432	 0.498961	 0.379064	 1.136543	 0.405914	 0.499325	 0.499368
-0.192120	 0.498658	 0.499364	 0.498961	 0.522419	 0.504980	 0.498961	 0.439394	 1.132364	 0.452601	 0.499325	 0.499368
-0.192120	 0.498658	 0.499366	 0.498961	 0.491789	 0.481254	 0.498961	 0.469560	 0.628018	 0.475945	 0.499325	 0.499368
-0.192120	 0.498658	 0.499367	 0.498961	 0.476474	 0.469391	 0.498961	 0.484642	 0.375846	 0.487616	 0.499325	 0.499368
-0.192120	 0.498658	 0.499367	 0.498961	 0.468816	 0.463460	 0.498961	 0.492183	 0.249759	 0.493452	 0.499325	 0.499368
-0.192120	 0.498658	 0.499367	 0.498961	 0.464988	 0.460494	 0.498961	-0.004046	 0.686716	 0.496370	 0.499325	 0.499368
-0.192120	 0.498658	 0.499367	 0.498961	 0.463073	 0.459011	 0.498961	-0.251160	 0.902947	 0.497829	 0.499325	 0.499368
-0.192120	 0.498658	 0.499367	 0.498961	-0.037884	 0.458270	-0.501039	 0.125283	 0.508824	-0.001441	 0.499325	 0.499368
-0.192120	 0.498658	 0.499367	 0.498961	-0.287285	 0.457899	-0.998037	 0.312501	 0.311763	-0.250075	 0.499325	 0.499368
-0.192120	 0.498658	 0.499368	 0.498961	 0.089088	 0.457714	-0.243546	 0.406110	 0.713232	 0.125608	 0.499325	 0.499368
-0.192120	 0.498658	 0.499368	 0.498961	 0.277275	 0.457621	 0.132678	 0.452914	 0.911737	 0.312447	 0.499325	 0.499368
-0.192120	 0.498658	 0.499368	 0.498961	 0.371368	 0.457575	 0.319772	 0.476317	 0.508769	 0.405866	 0.499325	 0.499368
-0.192120	 0.498658	 0.499368	 0.498961	 0.418414	 0.457552	 0.412305	 0.488018	 0.307285	 0.452576	 0.499325	 0.499368
-0.192120	 0.498658	 0.499368	 0.498961	 0.453699	-0.042466	-0.020815	 0.496794	 0.656173	 0.487608	 0.499325	 0.499368
-0.192120	 0.498658	 0.499368	 0.498961	 0.459580	-0.291384	-0.260004	 0.498256	 0.878775	 0.493447	 0.499325	 0.499368
-0.192120	 0.498658	 0.499368	 0.498961	 0.462521	 0.085238	 0.120402	 0.498988	 0.987874	 0.496366	 0.499325	 0.499368
-0.192120	 0.498658	 0.499368	 0.498961	 0.463991	 0.273549	 0.309603	 0.499353	 1.040230	 0.497826	 0.499325	 0.499368
-0.192120	 0.498658	 0.499368	 0.498961	 0.464726	 0.367704	 0.404204	 0.499536	 1.064222	 0.498556	 0.499325	 0.499368
-0.192120	 0.498658	 0.499368	 0.498961	 0.465094	 0.414782	 0.451504	 0.499628	 1.074042	 0.498921	 0.499325	 0.499368
-0.192120	 0.498658	 0.499368	 0.498961	 0.465277	 0.438321	 0.475154	 0.499673	 1.076784	 0.499103	 0.499325	 0.499368
-0.192120	 0.498658	 0.499368	 0.498961	 0.465369	 0.450090	 0.486979	 0.499696	 1.075996	 0.499195	 0.499325	 0.499368
-0.192120	 0.498658	 0.499368	 0.498961	 0.465415	 0.455975	 0.492892	 0.499708	 1.073452	 0.499240	 0.499325	 0.499368
-0.192120	 0.498658	 0.499368	 0.498961	 0.465438	 0.958917	 0.495848	 0.499713	 0.570038	 0.499263	 0.499325	 0.499368
-0.192120	 0.498658	 0.499368	 0.498961	 0.465450	 1.207465	 0.497326	 0.499716	 0.318331	 0.499274	 0.499325	 0.499368
-0.192120	 0.498658	 0.499368	 0.498961	 0.465455	 0.828826	 0.498065	 0.499718	 0.692477	 0.499280	 0.499325	 0.499368
-0.192120	 0.498658	 0.499368	 0.498961	 0.465458	 0.639507	 0.498435	 0.499718	 0.877417	 0.499283	 0.499325	 0.499368
-0.192120	 0.498658	 0.499368	 0.498961	 0.465460	 0.544848	 0.498620	-0.000281	 0.967763	 0.499284	 0.499325	 0.499368
-0.192120	 0.498658	 0.499368	 0.498961	 0.465460	 0.497518	 0.498712	-0.249281	 1.010819	 0.499285	 0.499325	 0.499368
-0.192120	 0.498658	-0.000632	 0.498961	 0.465461	 0.473853	 0.498758	 0.126220	 1.030239	-0.000715	 0.499325	 0.499368
-0.192120	 0.498658	-0.249631	 0.498961	 0.465461	 0.462021	 0.498781	 0.312966	 1.037850	-0.249713	 0.499325	 0.499368
-0.192120	 0.498658	-0.374131	 0.498961	 0.465461	 0.456104	 0.498793	 0.406340	 1.039565	-0.374212	 0.499325	 0.499368
-0.192120	 0.498658	 0.063620	 0.498961	 0.465461	 0.953146	 0.498799	 0.453027	 1.038340	 0.063538	 0.499325	 0.499368
-0.192120	 0.498658	 0.281492	 0.498961	 0.465461	 1.198767	 0.498802	 0.476370	 1.035653	 0.281411	 0.499325	 0.499368
-0.192120	 0.498658	 0.390428	 0.498961	-0.034539	 0.818688	 0.498803	 0.488042	 1.032243	 0.390347	 0.499325	 0.499368
-0.192120	 0.498658	 0.444896	 0.498961	-0.283470	 0.628649	 0.498804	 0.493877	 1.028481	 0.444815	 0.499325	 0.499368
-0.192120	 0.498658	 0.472131	 0.498961	 0.093130	 0.533629	 0.498804	 0.496795	 1.024550	 0.472049	 0.499325	 0.499368
-0.192120	 0.498658	 0.485748	 0.498961	 0.281429	 0.486120	 0.498804	 0.498254	 1.020544	 0.485666	 0.499325	 0.499368
-0.192120	 0.498658	 0.492556	 0.498961	 0.375579	 0.462365	 0.498804	 0.498984	 0.016507	 0.492475	 0.499325	 0.499368
-0.192120	 0.498658	 0.495960	 0.498961	 0.422654	 0.450487	 0.498804	 0.499348	-0.483536	 0.495879	 0.499325	 0.499368
-0.192120	 0.498658	 0.497662	 0.498961	 0.446191	 0.444549	-0.001196	 0.499531	-0.231590	 0.497581	 0.499325	 0.499368
-0.192120	 0.498658	 0.498514	 0.498961	 0.457960	 0.441579	-0.250193	 0.499622	-0.105617	 0.498432	 0.499325	 0.499368
-0.192120	 0.498658	 0.498939	 0.498961	 0.463844	 0.440095	-0.374692	 0.499668	-0.042631	 0.498858	 0.499325	 0.499368
-0.192120	 0.498658	 0.499152	 0.498961	 0.466787	 0.439352	 0.063059	 0.499690	-0.011138	 0.499071	 0.499325	 0.499368
-0.192120	 0.498658	 0.499258	 0.498961	 0.468258	 0.438981	 0.280932	 0.499702	 0.004609	 0.499177	 0.499325	 0.499368
-0.192120	 0.498658	 0.499311	 0.498961	 0.468993	-0.061205	 0.389869	-0.000293	 0.512482	 0.499230	 0.499325	 0.499368
-0.192120	 0.498658	 0.499338	 0.498961	 0.469361	-0.310175	 0.444338	-0.249289	 0.764378	 0.499257	 0.499325	 0.499368
-0.192120	 0.498658	-0.000649	 0.498961	 0.469545	 0.066459	 0.471572	-0.373787	-0.111706	-0.000730	 0.499325	 0.499368
-0.192120	 0.498658	-0.249641	 0.498961	 0.469637	 0.254775	 0.485189	-0.436037	-0.547773	-0.249722	 0.499325	 0.499368
-0.192120	 0.498658	 0.125863	 0.498961	 0.469683	 0.348934	 0.491997	-0.467161	-0.263839	 0.125782	 0.499325	 0.499368
-0.192120	 0.498658	 0.312612	 0.498961	 0.469706	 0.396013	 0.495402	-0.482723	-0.121872	 0.312532	 0.499325	 0.499368
-0.192120	 0.498658	 0.405987	 0.498961	 0.469717	 0.419552	 0.497104	-0.490505	-0.050888	 0.405907	 0.499325	 0.499368
-0.192120	 0.498658	 0.452674	 0.498961	 0.469723	 0.431322	 0.497955	-0.494395	-0.015396	 0.452594	 0.499325	 0.499368
-0.192120	 0.498658	 0.476018	 0.498961	 0.469726	 0.437207	 0.498380	-0.496340	 0.002350	 0.475938	 0.499325	 0.499368
-0.192120	 0.498658	 0.487690	 0.498961	 0.469727	 0.440150	 0.498593	 0.002687	 0.511223	 0.487609	 0.499325	 0.499368
-0.192120	 0.498658	 0.493526	 0.498961	 0.469728	 0.441621	 0.498700	 0.251197	 0.763619	 0.493445	 0.499325	 0.499368
-0.192120	 0.498658	 0.496444	 0.498961	 0.469728	 0.442356	 0.498753	 0.375452	 0.887785	 0.496363	 0.499325	 0.499368
-0.192120	 0.498658	 0.497903	 0.498961	 0.469729	 0.442724	 0.498779	 0.437580	 0.947844	 0.497822	 0.499325	 0.499368
-0.192120	 0.498658	 0.498632	 0.498961	 0.469729	 0.442908	 0.498793	 0.468644	 0.475858	 0.498552	 0.499325	 0.499368
-0.192120	 0.498658	 0.498997	 0.498961	 0.469729	 0.443000	 0.498799	 0.484176	 0.239865	 0.498917	 0.499325	 0.499368
-0.192120	 0.498658	 0.499179	 0.498961	 0.469729	 0.443046	 0.498803	 0.491942	 0.121868	 0.499099	 0.499325	 0.499368
-0.192120	 0.498658	 0.499270	 0.498961	 0.469729	 0.443069	 0.498804	 0.495825	 0.062870	 0.499190	 0.499325	 0.499368
-0.192120	 0.498658	 0.499316	 0.498961	 0.469729	 0.443081	 0.498805	 0.497766	 0.033371	 0.499236	 0.499325	 0.499368
-0.192120	 0.498658	 0.499339	 0.498961	 0.469729	 0.443086	 0.498806	 0.498737	 0.518621	 0.499258	 0.499325	 0.499368
-0.192120	 0.498658	 0.499350	 0.498961	 0.469729	 0.443089	 0.498806	 0.499222	 0.759239	 0.499270	 0.499325	 0.499368
-0.192120	 0.498658	 0.499356	 0.498961	 0.969729	 0.443091	 0.498806	 0.499465	 0.377548	 0.499276	 0.499325	 0.499368
-0.192120	 0.498658	 0.499359	 0.498961	 1.216789	 0.443091	 0.498806	 0.499586	 0.186702	 0.499278	 0.499325	 0.499368
-0.192120	 0.498658	 0.499360	 0.498961	 0.837392	 0.443092	 0.498806	 0.499647	 0.091280	 0.499280	 0.499325	 0.499368
-0.192120	 0.498658	 0.499361	 0.498961	 0.647693	 0.443092	 0.498806	 0.499677	 0.043568	 0.499281	 0.499325	 0.499368
-0.192120	 0.498658	 0.499361	 0.498961	 0.552844	 0.443092	 0.498806	 0.499692	 0.019712	 0.499281	 0.499325	 0.499368
-0.192120	 0.498658	 0.499361	 0.498961	 0.505419	 0.443092	 0.498806	 0.499700	 0.007785	 0.499281	 0.499325	 0.499368
-0.192120	 0.498658	 0.499362	 0.498961	 0.481707	 0.443092	 0.498806	 0.499704	 0.001821	 0.499281	 0.499325	 0.499368
-0.192120	 0.498658	 0.499362	 0.498961	 0.469851	 0.443092	 0.498806	-0.000294	 0.498839	 0.499281	 0.499325	 0.499368
-0.192120	 0.498658	 0.499362	 0.498961	 0.463923	 0.443092	 0.498806	-0.249293	 0.745356	 0.499281	 0.499325	 0.499368
-0.192120	 0.498658	 0.499362	 0.498961	 0.460959	 0.443092	 0.498806	 0.126208	 0.366631	 0.499281	 0.499325	 0.499368
-0.192120	 0.498658	 0.499362	 0.498961	 0.459477	 0.443092	 0.498806	 0.312955	 0.177268	 0.499281	 0.499325	 0.499368
-0.192120	 0.498658	 0.499362	 0.498961	 0.458736	 0.443092	 0.498806	 0.406328	 0.082587	 0.499281	 0.499325	 0.499368
-0.192120	 0.498658	 0.499362	 0.498961	 0.458365	 0.443092	 0.498806	 0.453015	 0.035247	 0.499281	 0.499325	 0.499368
-0.192120	 0.498658	 0.499362	 0.498961	 0.458180	 0.443092	 0.498806	 0.476358	 0.011576	 0.499281	 0.499325	 0.499368
-0.192120	 0.498658	-0.000638	 0.498961	 0.458087	 0.443092	 0.498806	 0.488030	 0.499741	 0.499281	 0.499325	 0.499368
-0.192120	 0.498658	-0.249637	 0.498961	 0.458041	 0.443092	 0.498806	 0.493866	 0.741848	 0.499281	 0.499325	 0.499368
-0.192120	 0.498658	 0.125864	 0.498961	 0.458018	 0.443092	 0.498806	 0.496784	 0.360933	 0.499281	 0.499325	 0.499368
-0.192120	 0.498658	 0.312611	 0.498961	 0.458006	 0.443092	 0.498806	 0.498243	 0.170476	 0.499281	 0.499325	 0.499368
-0.192120	 0.498658	 0.405985	 0.498961	 0.458000	 0.443092	 0.498806	 0.498972	 0.075247	 0.499281	 0.499325	 0.499368
-0.192120	 0.498658	 0.452672	 0.498961	 0.457997	 0.443092	 0.498806	 0.499337	 0.027633	 0.499281	 0.499325	 0.499368
-0.192120	 0.498658	-0.023985	 0.498961	 0.457996	 0.443092	 0.498806	 0.499519	 0.003826	 0.499281	 0.499325	 0.499368
-0.192120	 0.498658	-0.261312	 0.498961	 0.457995	 0.443092	 0.498806	 0.499611	-0.008078	 0.499281	 0.499325	 0.499368
-0.192120	 0.498658	-0.379975	 0.498961	 0.457995	 0.443092	 0.498806	 0.499656	-0.014030	 0.499281	 0.499325	 0.499368
-0.192120	 0.498658	 0.060693	 0.498961	 0.457995	 0.443092	 0.498806	-0.000321	 0.482994	 0.499281	 0.499325	 0.499368
-0.192120	 0.498658	 0.280024	 0.498961	 0.457995	 0.443092	 0.498806	-0.249309	 0.729546	 0.499281	 0.499325	 0.499368
-0.192120	 0.498658	 0.389690	 0.498961	 0.457995	 0.443092	 0.498806	 0.126197	 0.350870	 0.499281	 0.499325	 0.499368
-0.192120	 0.498658	 0.444523	 0.498961	 0.457995	 0.443092	 0.498806	 0.312947	 0.161532	 0.499281	 0.499325	 0.499368
-0.192120	 0.498658	 0.471939	 0.498961	 0.457995	 0.443092	 0.498806	 0.406321	 0.566863	 0.499281	 0.499325	 0.499368
-0.192120	 0.498658	 0.485648	 0.498961	 0.457995	 0.443092	 0.498806	 0.453009	 0.767584	 0.499281	 0.499325	 0.499368
-0.192120	 0.498658	-0.007498	 0.498961	 0.457995	 0.443092	 0.498806	 0.476352	 0.866008	 0.499281	 0.499325	 0.499368
-0.192120	 0.498658	-0.253070	 0.498961	 0.457995	 0.443092	 0.498806	 0.488024	 0.913291	 0.499281	 0.499325	 0.499368
-0.192120	 0.498658	-0.375856	 0.498961	 0.457995	 0.443092	 0.498806	 0.493860	 0.935012	 0.499281	 0.499325	 0.499368
-0.192120	 0.498658	-0.437249	 0.498961	 0.457995	 0.443092	 0.498806	 0.496778	 0.943958	 0.499281	 0.499325	 0.499368
-0.192120	 0.498658	-0.467945	 0.498961	 0.457995	 0.443092	 0.498806	 0.498237	 0.946526	 0.499281	 0.499325	 0.499368
-0.192120	 0.498658	 0.016707	 0.498961	 0.457995	 0.443092	-0.001194	 0.498967	 0.445911	 0.499281	 0.499325	 0.499368
-0.192120	 0.498658	 0.258030	 0.498961	 0.457995	 0.443092	-0.250192	 0.499331	 0.195604	 0.499281	 0.499325	 0.499368
-0.192120	 0.498658	 0.378691	 0.498961	 0.457995	 0.443092	 0.125310	 0.499514	 0.070451	 0.499281	 0.499325	 0.499368
-0.192120	 0.498658	 0.439022	 0.498961	 0.457995	 0.443092	 0.312059	 0.499605	 0.007874	 0.499281	 0.499325	 0.499368
-0.192120	 0.498658	-0.030812	 0.498961	 0.457995	 0.443092	 0.405433	 0.499651	-0.023415	 0.499281	 0.499325	 0.499368
-0.192120	 0.498658	-0.264728	 0.498961	 0.457995	 0.443092	 0.452120	 0.499673	-0.039059	 0.499281	 0.499325	 0.499368
-0.192120	 0.498658	-0.381686	 0.498961	 0.457995	 0.443092	 0.475464	 0.499685	-0.046881	 0.499281	 0.499325	 0.499368
-0.192120	 0.498658	 0.059835	 0.498961	 0.457995	 0.443092	 0.487136	 0.499690	-0.050792	 0.499281	 0.499325	 0.499368
-0.192120	 0.498658	 0.279592	 0.498961	 0.457995	 0.443092	 0.492972	 0.499693	-0.052747	 0.499281	 0.499325	 0.499368
-0.192120	 0.498658	-0.110529	 0.498961	 0.457995	 0.443092	 0.495890	 0.499695	-0.053725	 0.499281	 0.499325	 0.499368
-0.192120	 0.498658	-0.304588	 0.498961	 0.457995	 0.443092	 0.497349	 0.499695	-0.054214	 0.499281	 0.499325	 0.499368
-0.192120	 0.498658	 0.098382	 0.498961	 0.457995	 0.443092	 0.498078	 0.499696	-0.054459	 0.499281	 0.499325	 0.499368
-0.192120	 0.498658	 0.298865	 0.498961	 0.457995	 0.443092	 0.498443	 0.499696	-0.054581	 0.499281	 0.499325	 0.499368
-0.192120	 0.498658	 0.399106	 0.498961	 0.457995	 0.443092	 0.498625	 0.499696	 0.445358	 0.499281	 0.499325	 0.499368
-0.192120	 0.498658	 0.449227	 0.498961	 0.457995	 0.443092	 0.498716	 0.499696	 0.693437	 0.499281	 0.499325	 0.499368
-0.192120	 0.498658	 0.474287	 0.498961	 0.457995	 0.443092	 0.498762	 0.499696	 0.815593	 0.499281	 0.499325	 0.499368
-0.192120	 0.498658	 0.486817	 0.498961	 0.457995	 0.443092	 0.498785	 0.499696	 0.374796	 0.499281	 0.499325	 0.499368
-0.192120	 0.498658	 0.493082	 0.498961	 0.457995	 0.443092	 0.498796	 0.499696	 0.154397	 0.499281	 0.499325	 0.499368
-0.192120	 0.498658	 0.496215	 0.498961	 0.457995	 0.443092	 0.498802	-0.000304	 0.544198	 0.499281	 0.499325	 0.499368
-0.192120	 0.498658	 0.497781	 0.498961	 0.457995	 0.443092	 0.498805	-0.249303	 0.737230	 0.499281	 0.499325	 0.499368
-0.192120	 0.498658	 0.498564	 0.498961	 0.457995	 0.443092	 0.498806	 0.126197	 0.331886	 0.499281	 0.499325	 0.499368
-0.192120	 0.498658	 0.498956	 0.498961	 0.457995	 0.443092	 0.498807	 0.312944	 0.129214	 0.499281	 0.499325	 0.499368
-0.192120	 0.498658	 0.499152	 0.498961	 0.457995	 0.443092	-0.001193	 0.406317	 0.027878	 0.499281	 0.499325	 0.499368
-0.192120	 0.498658	 0.499249	 0.498961	 0.457995	 0.443092	-0.250190	 0.453004	-0.022790	 0.499281	 0.499325	 0.499368
-0.192120	 0.498658	 0.499298	 0.498961	 0.457995	 0.443092	-0.374689	 0.476347	-0.048124	 0.499281	 0.499325	 0.499368
-0.192120	 0.498658	 0.499323	 0.498961	 0.457995	 0.443092	-0.436938	 0.488019	-0.060791	 0.499281	 0.499325	 0.499368
-0.192120	 0.498658	 0.499335	 0.498961	 0.457995	 0.443092	 0.031937	 0.493855	-0.067125	 0.499281	 0.499325	 0.499368
-0.192120	 0.498658	 0.499341	 0.498961	 0.457995	 0.443092	-0.234627	 0.496773	 0.429708	 0.499281	 0.499325	 0.499368
-0.192120	 0.498658	 0.499344	 0.498961	 0.457995	 0.443092	-0.366907	 0.498232	 0.676272	 0.499281	 0.499325	 0.499368
-0.192120	 0.498658	-0.000654	 0.498961	 0.457995	 0.443092	 0.066954	 0.498961	 0.297708	-0.000719	 0.499325	 0.499368
-0.192120	 0.498658	-0.249652	 0.498961	 0.457995	 0.443092	 0.282882	 0.499326	 0.108426	-0.249717	 0.499325	 0.499368
-0.192120	 0.498658	-0.374151	 0.498961	 0.457995	 0.443092	 0.390846	-0.000492	 0.013785	 0.125783	 0.499325	 0.499368
-0.192120	 0.498658	-0.436401	 0.498961	 0.457995	 0.443092	 0.444828	-0.249400	-0.033535	 0.312531	 0.499325	 0.499368
-0.192120	 0.498658	-0.467525	 0.498961	 0.457995	 0.443092	 0.471820	-0.373854	-0.057196	 0.405905	 0.499325	 0.499368
-0.192120	 0.498658	-0.483088	 0.498961	 0.457995	 0.443092	 0.485315	-0.436081	-0.069026	 0.452592	 0.499325	 0.499368
-0.192120	 0.498658	 0.009131	 0.498961	 0.457995	 0.443092	 0.492063	 0.032805	-0.074941	 0.475936	 0.499325	-0.000632
-0.192120	 0.498658	 0.254238	 0.498961	 0.457995	 0.443092	 0.495437	 0.266245	 0.422102	 0.487607	 0.499325	 0.250369
-0.192120	 0.498658	 0.376791	 0.498961	 0.457995	 0.443092	 0.497124	 0.382965	 0.668785	 0.493443	 0.499325	 0.374867
-0.192120	 0.498658	 0.438068	 0.498961	 0.457995	 0.443092	 0.497967	 0.441325	 0.290295	 0.496361	 0.499325	 0.437116
-0.192120	 0.498658	 0.468706	 0.498961	 0.457995	 0.443092	 0.498389	 0.470505	 0.101050	 0.497820	 0.499325	 0.468240
-0.192120	 0.498658	 0.484025	 0.498961	 0.457995	 0.443092	 0.498600	 0.485095	 0.506428	 0.498550	 0.499325	 0.483803
-0.192120	 0.498658	 0.491685	 0.498961	 0.457995	 0.443092	 0.498705	 0.492390	 0.707293	 0.498914	 0.499325	 0.491584
-0.192120	 0.498658	 0.495515	 0.498961	 0.457995	 0.443092	 0.498758	 0.496038	 0.805910	 0.499097	 0.499325	 0.495474
-0.192120	 0.498658	 0.497430	 0.498961	 0.457995	 0.443092	 0.498784	 0.497861	 0.853409	 0.499188	 0.499325	 0.497420
-0.192120	 0.498658	 0.498387	 0.498961	 0.457995	 0.443092	 0.498797	 0.498773	 0.375356	 0.499233	 0.499325	 0.498392
-0.192120	 0.498658	 0.498866	 0.498961	 0.457995	 0.443092	 0.498804	 0.499229	 0.136330	 0.499256	 0.499325	 0.498879
-0.192120	 0.498658	 0.499105	 0.498961	 0.457995	 0.443092	 0.498807	-0.000543	 0.016817	 0.499268	 0.499325	 0.499122
-0.192120	 0.498658	 0.499225	 0.498961	 0.457995	 0.443092	 0.498809	-0.249428	-0.042939	 0.499273	 0.499325	 0.499243
-0.192120	 0.498658	 0.499285	 0.498961	 0.457995	 0.443092	-0.501190	 0.126129	 0.427182	 0.499276	 0.499325	-0.000696
-0.192120	 0.498658	 0.499315	 0.498961	 0.457995	 0.443092	-0.998187	 0.312904	 0.660449	 0.499278	 0.499325	-0.249664
-0.192120	 0.498658	-0.000670	 0.498961	 0.457995	 0.443092	-0.243696	 0.406292	 0.275294	 0.499278	 0.499325	 0.125852
-0.192120	 0.498658	-0.249662	 0.498961	 0.457995	 0.443092	 0.132529	 0.452986	 0.082717	 0.499279	 0.499325	 0.312607
-0.192120	 0.498658	-0.374157	 0.498961	 0.457995	 0.443092	 0.319623	 0.476333	-0.013571	 0.499279	 0.499325	 0.405984
-0.192120	 0.498658	 0.063595	 0.498961	 0.457995	 0.443092	 0.412157	 0.488006	-0.061716	 0.499279	 0.499325	 0.452673
-0.192120	 0.498658	 0.281468	 0.498961	 0.457995	 0.443092	 0.457415	 0.493843	-0.085788	 0.499279	 0.499325	 0.476018
-0.192120	 0.498658	 0.390405	 0.498961	 0.457995	 0.443092	 0.479038	 0.496761	-0.097824	 0.499279	 0.499325	 0.487690
-0.192120	 0.498658	 0.444873	 0.498961	 0.457995	 0.443092	 0.488849	 0.498220	-0.103842	 0.499279	 0.499325	 0.493526
-0.192120	 0.498658	 0.472108	 0.498961	 0.457995	 0.443092	 0.493754	 0.498950	-0.106851	-0.000721	 0.499325	 0.496444
-0.192120	 0.498658	 0.485725	 0.498961	 0.457995	 0.443092	 0.496206	 0.499315	-0.108355	-0.249720	 0.499325	 0.497903
-0.192120	 0.498658	-0.007467	 0.498961	 0.457995	 0.943092	 0.497433	 0.499497	 0.390892	 0.125781	 0.499325	 0.498632
-0.192120	 0.498658	-0.253061	 0.498961	 0.457995	 1.190206	 0.498046	 0.499588	 0.638736	 0.312529	 0.499325	 0.498997
-0.192120	 0.498658	 0.124142	 0.498961	-0.042005	 0.810888	 0.498352	 0.499634	 0.260885	-0.094097	 0.499325	 0.499180
-0.192120	 0.498658	 0.311740	 0.498961	-0.290921	 0.621229	 0.498506	 0.499657	 0.071959	-0.296409	 0.499325	 0.499271
-0.192120	 0.498658	 0.405540	 0.498961	-0.414300	 0.526400	 0.498582	 0.499668	-0.022504	-0.397565	 0.499325	 0.499316
-0.192120	 0.498658	 0.452439	 0.498961	 0.025086	 0.478985	-0.001379	 0.499674	-0.069735	 0.051858	 0.499325	 0.499339
-0.192120	 0.498658	 0.475889	 0.498961	 0.244780	 0.455278	-0.250358	 0.499677	-0.093351	 0.275566	 0.499325	 0.499351
-0.192120	 0.498658	 0.487614	 0.498961	 0.354626	-0.056576	 0.125153	 0.499678	-0.105159	 0.387420	 0.499325	 0.499356
-0.192120	 0.498658	 0.493477	 0.498961	 0.409549	-0.311366	 0.311907	 0.499679	-0.111063	 0.443347	 0.499325	 0.499359
-0.192120	 0.498658	-0.003592	 0.498961	 0.437011	 0.062371	 0.405285	 0.499679	-0.114015	 0.471311	 0.499325	 0.499361
-0.192120	 0.498658	-0.251125	 0.498961	 0.450742	 0.249240	 0.451973	 0.499679	-0.115491	 0.485293	 0.499325	 0.499361
-0.192120	 0.498658	 0.125108	 0.498961	 0.457607	 0.342674	 0.475317	 0.499680	-0.116229	 0.492284	 0.499325	 0.499362
-0.192120	 0.498658	 0.312222	 0.498961	 0.461040	 0.389392	 0.486989	 0.499680	-0.116598	 0.495779	 0.499325	 0.499362
-0.192120	 0.498658	 0.405779	 0.498961	 0.462756	 0.412750	 0.492826	 0.499680	-0.116782	 0.497527	 0.499325	 0.499362
-0.192120	 0.498658	 0.452558	 0.498961	 0.463614	 0.424429	-0.504256	 0.499680	-0.116875	 0.498401	 0.499325	 0.499362
-0.192120	 0.498658	 0.475947	 0.498961	 0.464044	 0.430269	-0.999795	 0.499680	-0.116921	 0.498838	 0.499325	 0.499362
-0.192120	 0.498658	 0.487642	 0.498961	 0.464258	 0.933189	-0.244573	 0.499680	 0.383056	 0.499056	 0.499325	 0.499362
-0.192120	 0.498658	 0.493489	 0.498961	 0.464365	 1.181777	 0.132016	 0.499680	 0.631279	 0.499165	 0.499325	 0.499362
-0.192120	 0.498658	 0.496413	 0.498961	 0.464419	 0.803210	-0.180706	 0.499680	 0.253631	 0.499220	 0.499325	 0.499362
-0.192120	 0.498658	 0.497875	 0.498961	 0.464446	 0.613926	-0.337067	 0.499680	 0.064807	 0.499247	 0.499325	 0.499362
-0.192120	 0.498658	 0.498605	 0.498961	-0.035541	 0.519285	 0.084752	 0.499680	 0.470395	 0.499261	 0.499325	 0.499362
-0.192120	 0.498658	 0.498971	 0.498961	-0.284463	 0.471964	 0.294648	 0.499680	 0.671437	 0.499268	 0.499325	 0.499362
-0.192120	 0.498658	 0.499154	 0.498961	-0.407857	 0.448303	 0.398588	 0.499680	 0.770213	 0.499271	 0.499325	 0.499362
-0.192120	 0.498658	 0.499245	 0.498961	 0.031508	 0.436473	 0.449552	 0.499680	 0.817863	 0.499273	 0.499325	 0.499362
-0.192120	 0.498658	 0.499291	 0.498961	 0.251191	 0.430558	 0.474033	 0.499680	 0.839957	 0.499274	 0.499325	 0.499362
-0.192120	 0.498658	 0.499313	 0.498961	 0.361032	 0.927600	 0.486274	 0.499680	 0.349280	 0.499274	 0.499325	 0.499362
-0.192120	 0.498658	 0.499325	 0.498961	 0.415953	 1.173272	 0.492394	 0.499680	 0.103942	 0.499274	 0.499325	 0.499362
-0.192120	 0.498658	 0.499331	 0.498961	 0.443413	 0.793270	 0.495454	 0.499680	-0.018728	-0.000726	 0.499325	 0.499362
-0.192120	 0.498658	 0.499333	 0.498961	 0.457143	 0.603269	 0.496985	 0.499680	-0.080062	-0.249724	 0.499325	 0.499362
-0.192120	 0.498658	 0.499335	 0.498961	 0.964008	 0.508269	 0.497750	-0.000320	-0.110730	 0.125777	 0.499325	-0.000638
-0.192120	 0.498658	 0.499336	 0.498961	 1.214499	 0.460769	 0.498132	-0.249320	-0.126063	 0.312524	 0.499325	-0.249637
-0.192120	 0.498658	 0.499336	 0.498961	 1.336814	 0.437019	 0.498323	-0.373819	-0.133730	 0.405898	 0.499325	-0.374136
-0.192120	 0.498658	 0.499336	 0.498961	 0.895054	 0.425144	 0.498419	 0.063931	-0.137564	 0.452585	 0.499325	 0.063614
-0.192120	 0.498658	 0.499336	 0.498961	 0.674174	 0.419206	 0.498467	 0.281802	-0.139480	 0.475929	 0.499325	 0.281487
-0.192120	 0.498658	-0.000664	 0.498961	 0.563733	 0.416237	 0.498491	 0.390738	 0.359561	 0.487601	 0.499325	 0.390423
-0.192120	 0.498658	-0.249662	 0.498961	 0.508513	 0.414753	 0.498503	 0.445206	 0.607365	 0.493436	 0.499325	 0.444891
-0.192120	 0.498658	 0.125838	 0.498961	 0.480903	 0.414011	 0.498509	 0.472440	 0.229556	 0.496354	 0.499325	-0.027875
-0.192120	 0.498658	 0.312586	 0.498961	 0.467098	 0.413640	 0.498512	 0.486057	 0.040652	 0.497813	 0.499325	-0.263257
-0.192120	 0.498658	 0.405960	 0.498961	 0.460196	 0.413454	 0.498513	 0.492866	-0.053800	 0.498543	 0.499325	 0.119052
-0.192120	 0.498658	 0.452647	 0.498961	 0.456745	 0.413361	 0.498514	 0.496270	-0.101026	 0.498908	 0.499325	 0.309204
-0.192120	 0.498658	 0.475990	 0.498961	 0.455019	 0.413315	 0.498514	 0.497972	-0.124639	 0.499090	 0.499325	 0.404280
-0.192120	 0.498658	-0.012338	 0.498961	 0.454156	 0.413292	 0.498514	 0.498823	 0.363554	 0.499181	 0.499325	 0.451818
-0.192120	 0.498658	-0.255501	 0.498961	 0.453725	 0.413280	 0.498515	 0.499249	 0.605948	 0.499227	 0.499325	 0.475587
-0.192120	 0.498658	 0.122918	 0.498961	 0.453509	 0.413274	 0.498515	 0.499461	 0.225448	-0.000750	 0.499325	 0.487472
-0.192120	 0.498658	 0.311124	 0.498961	 0.453401	 0.413271	 0.498515	 0.499568	 0.035198	-0.249738	 0.499325	 0.493414
-0.192120	 0.498658	 0.405228	 0.498961	 0.953347	 0.913270	 0.498515	 0.499621	 0.440073	 0.125769	 0.499325	 0.496385
-0.192120	 0.498658	 0.452279	 0.498961	 1.200414	 1.160443	 0.498515	 0.499648	 0.640820	 0.312519	 0.499325	 0.497871
-0.192120	 0.498658	 0.475805	 0.498961	 0.821052	 0.781214	 0.498515	 0.499661	 0.239511	 0.405895	 0.499325	 0.498613
-0.192120	 0.498658	 0.487568	 0.498961	 0.631371	 0.591599	 0.498515	 0.499668	 0.038856	 0.452582	 0.499325	 0.498985
-0.192120	 0.498658	 0.493449	 0.498961	 0.536531	 0.496792	 0.498515	 0.499671	-0.061471	 0.475926	 0.499325	 0.499170
-0.192120	 0.498658	 0.496390	 0.498961	-0.010890	 0.449389	 0.498515	 0.499672	 0.388365	 0.487598	 0.499325	 0.499263
-0.192120	 0.498658	 0.497861	 0.498961	-0.283483	 0.425687	 0.498515	 0.499673	 0.611607	 0.493434	 0.499325	 0.499310
-0.192120	 0.498658	 0.498596	 0.498961	 0.081332	 0.413836	 0.498515	-0.000326	 0.221558	 0.496352	 0.499325	 0.499333
-0.192120	 0.498658	 0.498963	 0.498961	 0.263740	 0.407910	 0.498515	-0.249325	 0.026534	 0.497811	 0.499325	 0.499345
-0.192120	 0.498658	 0.499147	 0.498961	 0.354944	 0.404948	 0.498515	 0.126175	-0.070978	 0.498541	 0.499325	 0.499350
-0.192120	 0.498658	 0.499239	 0.498961	 0.400546	 0.403466	 0.498515	 0.312922	-0.119735	 0.498905	 0.499325	 0.499353
-0.192120	 0.498658	-0.000715	 0.498961	 0.423347	 0.402726	 0.498515	 0.406295	-0.144113	 0.499088	 0.499325	 0.499355
-0.192120	 0.498658	-0.249691	 0.498961	 0.434747	 0.402355	 0.498515	 0.452982	-0.156302	 0.499179	 0.499325	 0.499355
-0.192120	 0.498658	-0.374179	 0.498961	 0.440448	 0.402170	 0.498515	 0.476325	-0.162396	 0.499225	 0.499325	 0.499356
-0.192120	 0.498658	 0.063578	 0.498961	 0.443298	 0.402078	 0.498515	 0.487997	 0.334557	 0.499247	 0.499325	 0.499356
-0.192120	 0.498658	 0.281453	 0.498961	 0.444723	 0.402031	 0.498515	 0.493833	 0.581370	 0.499259	 0.499325	 0.499356
-0.192120	 0.498658	-0.109609	 0.498961	 0.445435	 0.402008	 0.498515	 0.496751	 0.703120	-0.000736	 0.499325	 0.499356
-0.192120	 0.498658	-0.304139	 0.498961	 0.445791	 0.401997	 0.498515	 0.498210	 0.762346	-0.249731	 0.499325	 0.499356
-0.192120	 0.498658	 0.098596	 0.498961	 0.445970	 0.401991	 0.498515	-0.001061	 0.290315	 0.125771	 0.499325	 0.499356
-0.192120	 0.498658	 0.298961	 0.498961	 0.446059	 0.401988	 0.498515	-0.249695	 0.054300	 0.312519	 0.499325	 0.499356
-0.192120	 0.498658	 0.399143	 0.498961	 0.446103	 0.401986	 0.498515	-0.374013	 0.436292	 0.405894	 0.499325	 0.499356
-0.192120	 0.498658	 0.449234	 0.498961	 0.446125	 0.401986	 0.498515	-0.436171	 0.625652	 0.452581	 0.499325	 0.499356
-0.192120	 0.498658	 0.474280	 0.498961	 0.446137	 0.401985	 0.498515	-0.467251	 0.718702	 0.475924	 0.499325	 0.499356
-0.192120	 0.498658	-0.013197	 0.498961	 0.446142	 0.401985	-0.001485	-0.482790	 0.263603	 0.487596	 0.499325	 0.499356
-0.192120	 0.498658	-0.255934	 0.498961	 0.446145	 0.401985	-0.250482	-0.490560	 0.036054	 0.493432	 0.499325	 0.499356
-0.192120	 0.498658	 0.122697	 0.498961	 0.446146	 0.401985	 0.125019	 0.005555	-0.077721	 0.496350	 0.499325	 0.499356
-0.192120	 0.498658	 0.311010	 0.498961	 0.446147	 0.401985	 0.311769	 0.252609	-0.134608	 0.497809	 0.499325	 0.499356
-0.192120	 0.498658	 0.405167	 0.498961	 0.446147	 0.401985	 0.405144	 0.376136	-0.163052	-0.001462	 0.499325	 0.499356
-0.192120	 0.498658	 0.452245	 0.498961	 0.446148	 0.401985	 0.451831	 0.437900	-0.177274	-0.250095	 0.499325	 0.499356
-0.192120	 0.498658	 0.475784	 0.498961	 0.446148	 0.401985	 0.475175	-0.031218	 0.315615	-0.374412	 0.499325	 0.499356
-0.192120	 0.498658	 0.487553	 0.498961	 0.446148	 0.401985	 0.486847	-0.264777	 0.560443	-0.436571	 0.499325	 0.499356
-0.192120	 0.498658	 0.493438	 0.498961	 0.446148	 0.401985	 0.492683	-0.381556	 0.681246	-0.467650	 0.499325	 0.499356
-0.192120	 0.498658	 0.496381	 0.498961	 0.446148	 0.401985	 0.495601	 0.060054	 0.240044	 0.016810	 0.499325	 0.499356
-0.192120	 0.498658	 0.497852	 0.498961	 0.446148	 0.401985	 0.497060	 0.279856	 0.019443	 0.258038	 0.499325	 0.499356
-0.192120	 0.498658	 0.498587	 0.498961	 0.446148	 0.401985	 0.497789	 0.389757	 0.409142	 0.378652	 0.499325	 0.499356
-0.192120	 0.498658	 0.498955	 0.498961	 0.446148	 0.401985	 0.498154	 0.444708	 0.602394	 0.438959	 0.499325	 0.499356
-0.192120	 0.498658	 0.499139	 0.498961	 0.446148	-0.098015	 0.498336	 0.472183	 0.197429	 0.469112	 0.499325	 0.499356
-0.192120	 0.498658	 0.499231	 0.498961	 0.446148	-0.346819	 0.498427	 0.485920	-0.005054	 0.484189	 0.499325	 0.499356
-0.192120	 0.498658	 0.499277	 0.498961	 0.446148	 0.029970	 0.498473	 0.492789	 0.393705	 0.491727	 0.499325	 0.499356
-0.192120	 0.498658	 0.499300	 0.498961	 0.446148	 0.218365	 0.498496	 0.496224	 0.591499	 0.495497	 0.499325	 0.499356
-0.192120	 0.498658	 0.499312	 0.498961	 0.446148	 0.312562	 0.498507	 0.497941	 0.688818	 0.497381	 0.499325	 0.499356
-0.192120	 0.498658	 0.499317	 0.498961	 0.446148	 0.359661	 0.498513	 0.498799	 0.235905	 0.498324	 0.499325	-0.000644
-0.192120	 0.498658	 0.499320	 0.498961	 0.446148	 0.383210	 0.498516	 0.499229	 0.009448	 0.498795	 0.499325	-0.249643
-0.192120	 0.498658	 0.499322	 0.498961	 0.446148	 0.394985	 0.498517	 0.499443	 0.396220	 0.499030	 0.499325	 0.125858
-0.192120	 0.498658	 0.499322	 0.498961	 0.446148	 0.400872	 0.498518	 0.499551	 0.588040	 0.499148	 0.499325	 0.312606
-0.192120	 0.498658	-0.000677	 0.498961	 0.446148	 0.403816	-0.001482	-0.000396	 0.682390	 0.499207	 0.499325	 0.405980
-0.192120	 0.498658	-0.249676	 0.498961	 0.446148	 0.405288	-0.250479	-0.249368	 0.728012	 0.499236	 0.499325	 0.452666
-0.192120	 0.498658	 0.125825	 0.498961	 0.446148	 0.906024	 0.125023	-0.373854	 0.749275	 0.499251	 0.499325	 0.476010
-0.192120	 0.498658	 0.312573	 0.498961	 0.446148	 1.153578	 0.311773	-0.436097	 0.758366	 0.499258	 0.499325	 0.487682
-0.192120	 0.498658	 0.405947	 0.498961	 0.446148	 1.274553	 0.405147	-0.467219	 0.761376	 0.499262	 0.499325	 0.493517
-0.192120	 0.498658	 0.452634	 0.498961	 0.446148	 0.832249	 0.451835	-0.482780	 0.761353	 0.499264	 0.499325	 0.496435
-0.192120	 0.498658	 0.475977	 0.498961	 0.446148	 0.611098	 0.475179	-0.490560	 0.759818	 0.499265	 0.499325	 0.497894
-0.192120	 0.498658	 0.487649	 0.498961	 0.446148	 0.500522	 0.486850	 0.005550	 0.257535	 0.499265	 0.499325	 0.498624
-0.192120	 0.498658	 0.493485	 0.498961	 0.446148	 0.445234	 0.492686	 0.252601	 0.006393	 0.499266	 0.499325	 0.498989
-0.192120	 0.498658	 0.496403	 0.498961	 0.446148	 0.417590	 0.495604	 0.376127	-0.119178	 0.499266	 0.499325	 0.499171
-0.192120	 0.498658	 0.497861	 0.498961	 0.446148	 0.403768	 0.497063	 0.437890	-0.181964	 0.499266	 0.499325	 0.499262
-0.192120	 0.498658	 0.498591	 0.498961	 0.446148	 0.396857	 0.497793	 0.468771	 0.286644	 0.499266	 0.499325	 0.499308
-0.192120	 0.498658	 0.498956	 0.498961	 0.446148	 0.393401	 0.498158	 0.484212	 0.519437	 0.499266	 0.499325	 0.499331
-0.192120	 0.498658	 0.499138	 0.498961	 0.446148	 0.391674	 0.498340	 0.491932	 0.134329	 0.499266	 0.499325	 0.499342
-0.192120	 0.498658	 0.499229	 0.498961	 0.446148	 0.390810	 0.498431	 0.495793	-0.058225	 0.499266	 0.499325	 0.499348
-0.192120	 0.498658	 0.499275	 0.498961	 0.446148	 0.390378	 0.498477	 0.497723	-0.154502	 0.499266	 0.499325	 0.499350
-0.192120	 0.498658	 0.499298	 0.498961	 0.446148	 0.390162	 0.498500	 0.498688	-0.202641	 0.499266	 0.499325	 0.499352
-0.192120	 0.498658	 0.499309	 0.498961	 0.446148	 0.390054	 0.498511	 0.499170	-0.226710	 0.499266	 0.499325	 0.499353
-0.192120	 0.498658	 0.499315	 0.498961	 0.446148	 0.390000	 0.498517	 0.499412	-0.238744	 0.499266	 0.499325	 0.499353
-0.192120	 0.498658	 0.499318	 0.498961	 0.446148	 0.389973	 0.498519	 0.499532	-0.244762	 0.499266	 0.499325	 0.499353
-0.192120	 0.498658	 0.499319	 0.498961	 0.446148	 0.389959	 0.498521	 0.499593	-0.247770	 0.499266	 0.499325	 0.499353
-0.192120	 0.498658	 0.499320	 0.498961	 0.446148	 0.389953	 0.498522	 0.499623	-0.249275	 0.499266	 0.499325	 0.499353
-0.192120	 0.498658	 0.499320	 0.498961	 0.446148	 0.389949	 0.498522	 0.499638	-0.250027	 0.499266	 0.499325	 0.499353
-0.192120	 0.498658	 0.499320	 0.498961	 0.446148	 0.389947	 0.498522	 0.499645	-0.250403	 0.499266	 0.499325	 0.499353
-0.192120	 0.498658	 0.499320	 0.498961	 0.446148	 0.389947	 0.498522	 0.499649	-0.250591	 0.499266	 0.499325	 0.499353
-0.192120	 0.498658	 0.499320	 0.498961	 0.446148	 0.389946	-0.001478	 0.499651	-0.250685	 0.499266	 0.499325	 0.499353
-0.192120	 0.498658	 0.499320	 0.498961	 0.446148	 0.389946	-0.250475	 0.499652	-0.250732	 0.499266	 0.499325	 0.499353
-0.192120	 0.498658	 0.499320	 0.498961	 0.446148	 0.389946	 0.125027	 0.499652	 0.249244	 0.499266	 0.499325	 0.499353
-0.192120	 0.498658	 0.499320	 0.498961	 0.446148	 0.389946	 0.311776	 0.499653	 0.497734	 0.499266	 0.499325	 0.499353
-0.192120	 0.498658	 0.499320	 0.498961	 0.446148	 0.389946	 0.405151	 0.499653	 0.120487	 0.499266	 0.499325	 0.499353
-0.192120	 0.498658	 0.499320	 0.498961	 0.446148	 0.389946	 0.451839	 0.499653	-0.068137	 0.499266	 0.499325	 0.499353
-0.192120	 0.498658	 0.499320	 0.498961	 0.446148	 0.389946	 0.475182	 0.499653	-0.162449	 0.499266	 0.499325	 0.499353
-0.192120	 0.498658	 0.499320	 0.498961	 0.446148	 0.389946	 0.486854	 0.499653	-0.209605	 0.499266	 0.499325	 0.499353
-0.192120	 0.498658	 0.499320	 0.498961	 0.446148	 0.389946	 0.492690	 0.499653	-0.233183	 0.499266	 0.499325	 0.499353
-0.192120	 0.498658	-0.000680	 0.498961	 0.446148	 0.389946	 0.495608	 0.499653	 0.255028	 0.499266	 0.499325	 0.499353
-0.192120	 0.498658	-0.249678	 0.498961	 0.446148	 0.389946	 0.497067	 0.499653	 0.497647	 0.499266	 0.499325	 0.499353
-0.192120	 0.498658	-0.374178	 0.498961	 0.446148	 0.389946	-0.002203	-0.000347	 0.117476	 0.499266	 0.499325	 0.499353
-0.192120	 0.498658	-0.436427	 0.498961	 0.446148	 0.389946	-0.250836	-0.249346	-0.072609	 0.499266	 0.499325	 0.499353
-0.192120	 0.498658	 0.032448	 0.498961	 0.446148	 0.389946	 0.124848	 0.126154	-0.167652	 0.499266	 0.499325	 0.499353
-0.192120	 0.498658	 0.265883	 0.498961	 0.446148	 0.389946	 0.311689	 0.312901	-0.215173	 0.499266	 0.499325	 0.499353
-0.192120	 0.498658	 0.382600	 0.498961	 0.446148	 0.389946	 0.405109	 0.406274	 0.261066	 0.499266	 0.499325	 0.499353
-0.192120	 0.498658	 0.440959	 0.498961	 0.446148	 0.389946	 0.451820	 0.452961	 0.497711	 0.499266	 0.499325	 0.499353
-0.192120	 0.498658	 0.470139	 0.498961	 0.446148	 0.389946	 0.475175	 0.476304	 0.614565	 0.499266	 0.499325	 0.499353
-0.192120	 0.498658	 0.484728	 0.498961	 0.446148	 0.389946	 0.486852	 0.487976	 0.671529	 0.499266	 0.499325	 0.499353
-0.192120	 0.498658	 0.492023	 0.498961	 0.446148	 0.389946	 0.492691	 0.493812	 0.698554	 0.499266	 0.499325	 0.499353
-0.192120	 0.498658	 0.495670	 0.498961	 0.446148	 0.389946	 0.495610	-0.003270	 0.710615	 0.499266	 0.499325	 0.499353
-0.192120	 0.498658	 0.497494	 0.498961	 0.446148	 0.389946	 0.497070	-0.250811	 0.715201	 0.499266	 0.499325	 0.499353
-0.192120	 0.498658	 0.498406	 0.498961	 0.446148	 0.889946	 0.497800	 0.125419	 0.216054	 0.499266	 0.499325	 0.499353
-0.192120	 0.498658	 0.498862	 0.498961	 0.446148	 1.137166	 0.498165	 0.312531	-0.033520	 0.499266	 0.499325	 0.499353
-0.192120	 0.498658	-0.000910	 0.498961	 0.446148	 0.758007	 0.498347	 0.406087	 0.341693	 0.499266	 0.499325	 0.499353
-0.192120	 0.498658	-0.249795	 0.498961	 0.446148	 0.568428	 0.498439	 0.452865	 0.527866	 0.499266	 0.499325	 0.499353
-0.192120	 0.498658	-0.374237	 0.498961	 0.446148	 0.473638	 0.498484	 0.476253	 0.619525	 0.499266	 0.499325	 0.499353
-0.192120	 0.498658	 0.063542	 0.498961	 0.446148	 0.426243	 0.498507	 0.487948	 0.663931	 0.499266	 0.499325	 0.499353
-0.192120	 0.498658	 0.281429	 0.498961	 0.446148	 0.402546	 0.498518	 0.493795	 0.684718	 0.499266	 0.499325	 0.499353
-0.192120	 0.498658	 0.390372	 0.498961	 0.446148	 0.390697	 0.498524	 0.496719	 0.193700	 0.499266	 0.499325	 0.499353
-0.192120	 0.498658	 0.444844	 0.498961	 0.446148	 0.384773	 0.498527	 0.498181	-0.051808	 0.499266	 0.499325	 0.499353
-0.192120	 0.498658	 0.472079	 0.498961	 0.446148	 0.381811	 0.498528	 0.498912	-0.174563	 0.499266	 0.499325	 0.499353
-0.192120	 0.498658	 0.485697	 0.498961	 0.446148	 0.380330	 0.498529	 0.499277	-0.235940	 0.499266	 0.499325	 0.499353
-0.192120	 0.498658	 0.492506	 0.498961	 0.446148	 0.379589	 0.498530	 0.499460	 0.233371	 0.499266	 0.499325	 0.499353
-0.192120	 0.498658	 0.495911	 0.498961	 0.446148	 0.379219	 0.498530	 0.499551	 0.466622	 0.499266	 0.499325	 0.499353
-0.192120	 0.498658	 0.497613	 0.498961	 0.446148	 0.379034	 0.498530	 0.499597	 0.581847	 0.499266	 0.499325	 0.499353
-0.192120	 0.498658	 0.498464	 0.498961	 0.446148	 0.378941	 0.498530	 0.499620	 0.138066	 0.499266	 0.499325	 0.499353
-0.192120	 0.498658	 0.498890	 0.498961	 0.446148	 0.378895	 0.498530	 0.499631	-0.083825	 0.499266	 0.499325	 0.499353
-0.192120	 0.498658	-0.000897	 0.498961	 0.446148	 0.378872	 0.498530	 0.499637	 0.305230	 0.499266	 0.499325	 0.499353
-0.192120	 0.498658	-0.249790	 0.498961	 0.446148	 0.378860	 0.498530	 0.499640	 0.498368	 0.499266	 0.499325	 0.499353
-0.192120	 0.498658	-0.374236	 0.498961	 0.446148	 0.378854	 0.498530	 0.499641	 0.593555	 0.499266	 0.499325	 0.499353
-0.192120	 0.498658	-0.436459	 0.498961	 0.446148	 0.378851	 0.498530	 0.499642	 0.639770	 0.499266	 0.499325	 0.499353
-0.192120	 0.498658	 0.032430	 0.498961	 0.446148	 0.378850	 0.498530	 0.499642	 0.161506	 0.499266	 0.499325	 0.499353
-0.192120	 0.498658	 0.265871	 0.498961	 0.446148	 0.378849	 0.498530	 0.499642	-0.077626	 0.499266	 0.499325	 0.499353
-0.192120	 0.498658	 0.382592	 0.498961	 0.446148	 0.378849	 0.498530	 0.499642	-0.197192	 0.499266	 0.499325	 0.499353
-0.192120	 0.498658	 0.440952	 0.498961	 0.446148	 0.378849	 0.498530	 0.499642	 0.243025	 0.499266	 0.499325	 0.499353
-0.192120	 0.498658	 0.470133	 0.498961	 0.446148	 0.378849	 0.498530	 0.499642	 0.461767	 0.499266	 0.499325	 0.499353
-0.192120	 0.498658	 0.484723	 0.498961	 0.446148	 0.378849	 0.498530	 0.499642	 0.069777	-0.000734	 0.499325	 0.499353
-0.192120	 0.498658	 0.492018	 0.498961	 0.446148	 0.378849	 0.498530	 0.499642	-0.126218	-0.249733	 0.499325	 0.499353
-0.192120	 0.498658	-0.004335	 0.498961	 0.946148	 0.378848	 0.498530	 0.499642	 0.275785	 0.125768	 0.499325	 0.499353
-0.192120	 0.498658	-0.251510	 0.498961	 1.193255	 0.378848	 0.498530	 0.499642	 0.475430	 0.312516	 0.499325	 0.499353
-0.192120	 0.498658	 0.124903	 0.498961	 0.813929	 0.378848	 0.498530	-0.000358	 0.573903	 0.405890	 0.499325	 0.499353
-0.192120	 0.498658	 0.312107	 0.498961	 0.624265	 0.378848	 0.498530	-0.249357	 0.621795	 0.452577	 0.499325	 0.499353
-0.192120	 0.498658	 0.405708	 0.498961	 0.529433	 0.378848	 0.498530	-0.373857	 0.644401	 0.475920	 0.499325	 0.499353
-0.192120	 0.498658	 0.452509	 0.498961	 0.482018	 0.378848	 0.498530	 0.063894	 0.154370	 0.487592	 0.499325	 0.499353
