-0.182602	 0.474823	 0.499284	 0.498962	 0.028846	-0.116584	 0.498061	 0.499574	-0.000590	 0.499243	 0.463699	 0.499348
-0.182602	 0.474823	 0.499284	 0.498962	 0.028846	-0.116612	 0.498061	 0.499574	-0.249589	 0.499243	 0.463699	 0.499348
-0.182602	 0.474823	 0.499284	 0.498962	 0.028846	 0.383375	 0.498061	 0.499574	 0.125911	 0.499243	 0.463699	 0.499348
-0.182602	 0.474823	 0.499284	 0.498962	 0.028846	 0.631601	 0.498061	 0.499574	 0.312659	 0.499243	 0.463699	 0.499348
-0.182602	 0.474823	 0.499284	 0.498962	 0.028846	 0.753955	 0.498061	 0.499574	 0.406033	 0.499243	 0.463699	 0.499348
-0.182602	 0.474823	 0.499284	 0.498962	 0.028846	 0.813379	 0.498061	 0.499574	 0.452719	 0.499243	 0.463699	 0.499348
-0.182602	 0.474823	 0.499284	 0.498962	 0.028846	 0.341345	 0.498061	 0.499574	-0.523937	 0.499243	 0.463699	 0.499348
-0.182602	 0.474823	 0.499284	 0.498962	 0.028846	 0.105328	 0.498061	 0.499574	-1.009264	 0.499243	 0.463699	 0.499348
-0.182602	 0.474823	 0.499284	 0.498962	 0.028846	-0.012680	 0.498061	 0.499574	-0.248939	 0.499243	 0.463699	 0.499348
-0.182602	 0.474823	 0.499284	 0.498962	 0.028846	-0.071684	 0.498061	 0.499574	 0.130201	 0.499243	 0.463699	 0.499348
-0.182602	 0.474823	 0.499284	 0.498962	 0.028846	-0.101186	 0.498061	 0.499574	 0.318753	 0.499243	 0.463699	 0.499348
-0.182602	 0.474823	 0.499284	 0.498962	 0.028846	-0.115937	 0.498061	 0.499574	 0.412014	 0.499243	 0.463699	 0.499348
-0.182602	 0.474823	 0.499284	 0.498962	 0.028846	 0.376687	 0.498061	 0.499574	-0.042366	 0.499243	 0.463699	 0.499348
-0.182602	 0.474823	 0.499284	 0.498962	 0.028846	 0.621261	 0.498061	 0.499574	-0.269556	 0.499243	 0.463699	 0.499348
-0.182602	 0.474823	 0.499284	 0.498962	 0.528846	 0.741816	 0.498061	 0.499574	 0.116849	 0.499243	 0.463699	 0.499348
-0.182602	 0.474823	 0.499284	 0.498962	 0.776789	 0.800369	 0.498061	 0.499574	 0.309045	 0.499243	 0.463699	 0.499348
-0.182602	 0.474823	 0.499284	 0.498962	 0.398710	 0.827927	 0.498061	 0.499574	 0.404140	 0.499243	 0.463699	 0.499348
-0.182602	 0.474823	 0.499284	 0.498962	 0.209671	 0.839996	 0.498061	 0.499574	 0.451688	 0.499243	 0.463699	 0.499348
-0.182602	 0.474823	 0.499284	 0.498962	 0.115151	 0.344326	 0.498061	-0.000426	-0.024538	 0.499243	 0.463699	 0.499348
-0.182602	 0.474823	 0.499284	 0.498962	 0.067892	 0.096491	 0.498061	-0.249425	-0.261650	 0.499243	 0.463699	 0.499348
-0.182602	 0.474823	 0.499284	 0.498962	 0.544262	-0.027427	 0.498061	 0.126075	-0.380205	-0.000757	 0.463699	 0.499348
-0.182602	 0.474823	 0.499284	 0.498962	 0.780406	-0.089386	 0.498061	 0.312822	-0.439483	-0.249755	 0.463699	 0.499348
-0.182602	 0.474823	 0.499284	 0.498962	 0.896444	-0.120365	 0.498061	 0.406196	-0.469122	-0.374255	 0.463699	 0.499348
-0.182602	 0.474823	 0.499284	 0.498962	 0.452439	-0.135855	 0.498061	 0.452883	 0.016058	 0.063496	 0.463699	 0.499348
-0.182602	 0.474823	 0.499284	 0.498962	 0.230436	-0.143599	 0.498061	 0.476226	 0.257646	 0.281369	 0.463699	 0.499348
-0.182602	 0.474823	 0.499284	 0.498962	 0.119435	-0.147472	 0.498061	 0.487898	 0.378440	 0.390305	 0.463699	 0.499348
-0.182602	 0.474823	 0.499284	 0.498962	 0.063934	-0.149408	 0.498061	 0.493734	 0.438837	 0.444773	 0.463699	 0.499348
-0.182602	 0.474823	 0.499284	 0.498962	 0.036184	-0.150376	 0.498061	 0.496651	 0.469035	 0.472007	 0.463699	 0.499348
-0.182602	 0.474823	 0.499284	 0.498962	 0.022308	-0.650860	 0.498061	 0.498110	 0.484135	 0.485624	 0.463699	 0.499348
-0.182602	 0.474823	 0.499284	 0.498962	 0.015371	 0.101200	 0.498061	 0.498840	 0.491684	 0.492433	 0.463699	 0.499348
-0.182602	 0.474823	 0.499284	 0.498962	 0.011902	 0.475524	 0.498061	 0.499205	 0.495459	 0.495837	 0.463699	 0.499348
-0.182602	 0.474823	 0.499284	 0.498962	 0.010168	 0.660986	 0.498061	 0.499387	 0.497347	 0.497539	 0.463699	 0.499348
-0.182602	 0.474823	 0.499284	 0.498962	 0.009300	 0.752025	 0.498061	 0.499478	 0.498290	 0.498390	 0.463699	 0.499348
-0.182602	 0.474823	 0.499284	 0.498962	 0.008867	 0.295858	 0.498061	 0.499524	 0.498762	 0.498816	 0.463699	 0.499348
-0.182602	 0.474823	 0.499284	 0.498962	 0.008650	 0.067774	 0.498061	 0.499547	 0.498998	 0.499028	 0.463699	 0.499348
-0.182602	 0.474823	 0.499284	 0.498962	 0.508542	-0.046268	 0.498061	 0.499558	-0.000884	 0.499135	 0.463699	 0.499348
-0.182602	 0.474823	 0.499284	 0.498962	 0.256471	-0.103289	 0.498061	 0.499564	 0.250177	 0.499188	 0.463699	 0.499348
-0.182602	 0.474823	 0.499284	 0.498962	 0.130435	-0.131799	 0.498061	 0.499567	 0.374704	 0.499215	 0.463699	 0.499348
-0.182602	 0.474823	 0.499284	 0.498962	 0.067417	-0.146054	 0.498061	 0.499568	 0.436968	 0.499228	 0.463699	 0.499348
-0.182602	 0.474823	 0.499284	 0.498962	 0.035908	-0.153182	 0.498061	 0.499569	-0.031900	 0.499235	 0.463699	 0.499348
-0.182602	 0.474823	 0.499284	 0.498962	 0.020154	-0.156746	 0.498061	 0.499569	-0.265332	 0.499238	 0.463699	 0.499348
-0.182602	 0.474823	 0.499284	 0.498962	 0.012277	-0.158528	 0.498061	 0.499569	-0.382049	 0.499240	 0.463699	 0.499348
-0.182602	 0.474823	 0.499284	 0.498962	 0.008338	-0.159418	 0.498061	 0.499569	 0.059593	 0.499240	 0.463699	 0.499348
-0.182602	 0.474823	 0.499284	 0.498962	 0.006369	-0.159864	 0.498061	 0.499569	 0.279412	 0.499241	 0.463699	 0.499348
-0.182602	 0.474823	 0.499284	 0.498962	 0.005384	-0.160087	 0.498061	 0.499569	 0.389321	 0.499241	 0.463699	 0.499348
-0.182602	 0.474823	 0.499284	 0.498962	 0.004892	-0.160198	 0.498061	 0.499569	 0.444276	 0.499241	 0.463699	 0.499348
-0.182602	 0.474823	 0.499284	 0.498962	 0.004646	-0.160254	 0.498061	 0.499569	-0.028247	 0.499241	 0.463699	 0.499348
-0.182602	 0.474823	 0.499284	 0.498962	 0.004523	-0.160282	 0.498061	-0.000431	 0.236493	 0.499241	 0.463699	 0.499348
-0.182602	 0.474823	 0.499284	 0.498962	 0.004461	-0.160295	 0.498061	-0.249430	 0.367861	 0.499241	 0.463699	 0.499348
-0.182602	 0.474823	 0.499284	 0.498962	 0.004430	-0.160302	 0.498061	-0.373929	 0.433545	 0.499241	 0.463699	 0.499348
-0.182602	 0.474823	 0.499284	 0.498962	 0.004415	-0.160306	 0.498061	-0.436179	 0.466386	 0.499241	 0.463699	 0.499348
-0.182602	 0.474823	 0.499284	 0.498962	 0.004407	-0.160308	 0.498061	 0.032696	 0.482807	 0.499241	 0.463699	 0.499348
-0.182602	 0.474823	 0.499284	 0.498962	 0.004403	-0.160309	 0.498061	 0.266130	 0.491018	 0.499241	 0.463699	 0.499348
-0.182602	 0.474823	 0.499284	 0.498962	 0.004401	-0.160309	 0.498061	 0.382848	-0.004877	 0.499241	 0.463699	 0.499348
-0.182602	 0.474823	 0.499284	 0.498962	 0.004400	-0.160309	 0.498061	 0.441206	 0.248177	 0.499241	 0.463699	 0.499348
-0.182602	 0.474823	 0.499284	 0.498962	 0.004400	-0.160309	 0.498061	 0.470386	 0.373702	 0.499241	 0.463699	 0.499348
-0.182602	 0.474823	 0.499284	 0.498962	 0.004400	-0.160309	 0.498061	 0.484975	 0.436464	 0.499241	 0.463699	 0.499348
-0.182602	 0.474823	 0.499284	 0.498962	 0.504400	-0.160309	 0.498061	 0.492270	 0.467845	 0.499241	 0.463699	 0.499348
-0.182602	 0.474823	 0.499284	 0.498962	 0.752391	-0.160309	 0.498061	 0.495917	 0.483536	 0.499241	 0.463699	 0.499348
-0.182602	 0.474823	 0.499284	 0.498962	 0.874386	-0.160309	 0.498061	 0.497741	 0.491381	 0.499241	 0.463699	 0.499348
-0.182602	 0.474823	 0.499284	 0.498962	 0.433390	-0.160309	 0.498061	 0.498653	 0.495304	 0.499241	 0.463699	 0.499348
-0.182602	 0.474823	 0.499284	 0.498962	 0.212893	-0.160309	 0.498061	 0.499109	 0.497265	 0.499241	 0.463699	 0.499348
-0.182602	 0.474823	 0.499284	 0.498962	 0.102644	-0.160309	 0.498061	 0.499337	 0.498246	 0.499241	 0.463699	 0.499348
-0.182602	 0.474823	 0.499284	 0.498962	 0.047519	-0.160309	 0.498061	 0.499451	-0.501264	 0.499241	 0.463699	 0.499348
-0.182602	 0.474823	 0.499284	 0.498962	 0.019957	-0.160309	 0.498061	 0.499508	-0.998017	 0.499241	 0.463699	 0.499348
-0.182602	 0.474823	-0.000716	 0.498962	 0.006176	-0.160309	 0.498061	 0.499536	-0.243404	 0.499241	 0.463699	 0.499348
-0.182602	 0.474823	-0.249715	 0.498962	-0.000715	-0.160309	 0.498061	 0.499551	 0.132880	 0.499241	 0.463699	 0.499348
-0.182602	 0.474823	-0.374214	 0.498962	-0.004160	-0.160309	 0.498061	 0.499558	 0.320004	 0.499241	 0.463699	 0.499348
-0.182602	 0.474823	-0.436464	 0.498962	-0.005883	-0.160309	 0.498061	 0.499561	 0.412551	 0.499241	 0.463699	 0.499348
-0.182602	 0.474823	 0.032412	 0.498962	-0.006744	-0.160309	 0.498061	 0.499563	-0.042185	 0.499241	 0.463699	 0.499348
-0.182602	 0.474823	 0.265847	 0.498962	-0.007174	-0.160309	 0.498061	 0.499564	 0.230446	 0.499241	 0.463699	 0.499348
-0.182602	 0.474823	 0.382564	 0.498962	-0.007390	-0.160309	 0.498061	 0.499564	 0.365756	 0.499241	 0.463699	 0.499348
-0.182602	 0.474823	 0.440923	 0.498962	-0.007497	-0.160309	 0.498061	 0.499565	 0.432409	 0.499241	 0.463699	 0.499348
-0.182602	 0.474823	 0.470102	 0.498962	-0.007551	-0.160309	 0.498061	 0.499565	 0.465735	 0.499241	 0.463699	 0.499348
-0.182602	 0.474823	 0.484692	 0.498962	-0.007578	-0.160309	 0.498061	 0.499565	 0.482399	 0.499241	 0.463699	 0.499348
-0.182602	 0.474823	 0.491987	 0.498962	-0.007592	-0.160309	 0.498061	 0.499565	 0.490730	 0.499241	 0.463699	 0.499348
-0.182602	 0.474823	 0.495634	 0.498962	-0.007598	-0.160309	 0.498061	 0.499565	 0.494896	 0.499241	 0.463699	 0.499348
-0.182602	 0.474823	 0.497458	 0.498962	-0.007602	-0.160309	 0.498061	 0.499565	 0.496979	 0.499241	 0.463699	 0.499348
-0.182602	 0.474823	 0.498370	 0.498962	-0.007603	-0.160309	 0.498061	 0.499565	 0.498020	 0.499241	 0.463699	 0.499348
-0.182602	 0.474823	 0.498826	 0.498962	-0.007604	-0.160309	 0.498061	 0.499565	 0.498541	 0.499241	 0.463699	 0.499348
-0.182602	 0.474823	 0.499054	 0.498962	-0.007605	 0.339691	 0.498061	 0.499565	 0.498801	-0.000759	 0.463699	 0.499348
-0.182602	 0.474823	 0.499168	 0.498962	-0.007605	 0.588011	 0.498061	 0.499565	 0.498932	-0.249757	 0.463699	 0.499348
-0.182602	 0.474823	 0.499225	 0.498962	-0.007605	 0.210499	 0.498061	 0.499565	 0.498997	 0.125744	 0.463699	 0.499348
-0.182602	 0.474823	 0.499253	 0.498962	-0.007605	 0.021743	 0.498061	 0.499565	 0.499029	 0.312491	 0.463699	 0.499348
-0.182602	 0.474823	 0.499267	 0.498962	-0.007605	 0.427365	 0.498061	 0.499565	-0.000955	 0.405865	 0.463699	 0.499348
-0.182602	 0.474823	 0.499275	 0.498962	-0.007605	 0.628510	 0.498061	 0.499565	-0.249945	 0.452552	 0.463699	 0.499348
-0.182602	 0.474823	 0.499278	 0.498962	-0.007605	 0.227423	 0.498061	 0.499565	 0.125560	 0.475896	 0.463699	 0.499348
-0.182602	 0.474823	 0.499280	 0.498962	-0.007605	 0.026879	 0.498061	 0.499565	 0.312311	 0.487568	 0.463699	 0.499348
-0.182602	 0.474823	 0.499281	 0.498962	-0.007605	-0.073392	 0.498061	 0.499565	 0.405686	 0.493403	 0.463699	 0.499348
-0.182602	 0.474823	 0.499281	 0.498962	 0.492395	-0.123528	 0.498061	 0.499565	 0.452374	-0.003679	 0.463699	 0.499348
-0.182602	 0.474823	 0.499281	 0.498962	 0.740410	-0.148596	 0.498061	 0.499565	 0.475717	-0.251218	 0.463699	 0.499348
-0.182602	 0.474823	 0.499282	 0.498962	 0.362441	-0.161130	 0.498061	 0.499565	 0.487389	 0.125012	 0.463699	 0.499348
-0.182602	 0.474823	 0.499282	 0.498962	 0.173456	-0.167397	 0.498061	 0.499565	 0.493225	 0.312125	 0.463699	 0.499348
-0.182602	 0.474823	 0.499282	 0.498962	 0.078964	-0.170531	 0.498061	 0.499565	 0.496143	 0.405681	 0.463699	 0.499348
-0.182602	 0.474823	 0.499282	 0.498962	 0.031718	-0.172097	 0.498061	 0.499565	 0.497602	 0.452459	 0.463699	 0.499348
-0.182602	 0.474823	 0.499282	 0.498962	 0.508095	-0.172881	 0.498061	 0.499565	-0.001668	 0.475848	 0.463699	 0.499348
-0.182602	 0.474823	 0.499282	 0.498962	 0.744314	-0.173272	 0.498061	 0.499565	-0.250302	 0.487543	 0.463699	 0.499348
-0.182602	 0.474823	 0.499282	 0.498962	 0.860463	-0.173468	 0.498061	 0.499565	-0.374618	 0.493390	 0.463699	 0.499348
-0.182602	 0.474823	 0.499282	 0.498962	 0.416584	-0.173566	 0.498061	 0.499565	-0.936777	 0.496314	 0.463699	 0.499348
-0.182602	 0.474823	 0.499282	 0.498962	 0.194645	-0.173615	 0.498061	 0.499565	-1.214858	 0.497776	 0.463699	 0.499348
-0.182602	 0.474823	 0.499282	 0.498962	 0.083675	-0.173640	 0.498061	 0.499565	-0.350913	 0.498506	 0.463699	 0.499348
-0.182602	 0.474823	 0.499282	 0.498962	 0.028190	-0.173652	 0.498061	 0.499565	 0.080034	 0.498872	 0.463699	 0.499348
-0.182602	 0.474823	 0.499282	 0.498962	 0.000448	-0.173658	 0.498061	 0.499565	 0.294485	 0.499055	 0.463699	 0.499348
-0.182602	 0.474823	 0.499282	 0.498962	-0.013424	-0.173661	 0.498061	 0.499565	 0.400693	 0.499146	 0.463699	 0.499348
-0.182602	 0.474823	 0.499282	 0.498962	-0.020359	-0.173663	 0.498061	 0.499565	 0.452783	 0.499192	 0.463699	 0.499348
-0.182602	 0.474823	 0.499282	 0.498962	-0.023827	-0.173663	 0.498061	 0.499565	 0.477818	 0.499215	 0.463699	 0.499348
-0.182602	 0.474823	 0.499282	 0.498962	-0.025561	-0.173664	 0.498061	 0.499565	 0.489330	 0.499226	 0.463699	 0.499348
-0.182602	 0.474823	 0.499282	 0.498962	-0.026428	-0.173664	 0.498061	 0.499565	-0.005915	 0.499232	 0.463699	 0.499348
-0.182602	 0.474823	 0.499282	 0.498962	-0.026861	-0.173664	 0.498061	 0.499565	-0.252536	 0.499235	 0.463699	 0.499348
-0.182602	 0.474823	 0.499282	 0.498962	-0.027078	-0.173664	 0.498061	 0.499565	 0.124154	-0.000764	 0.463699	 0.499348
-0.182602	 0.474823	 0.499282	 0.498962	-0.027187	-0.173664	 0.498061	 0.499565	 0.311497	-0.249762	 0.463699	 0.499348
-0.182602	 0.474823	 0.499282	 0.498962	 0.472759	-0.173664	 0.498061	 0.499565	 0.405168	 0.125739	 0.463699	 0.499348
-0.182602	 0.474823	 0.499282	 0.498962	 0.720787	-0.173664	 0.498061	 0.499565	 0.452004	 0.312487	 0.463699	 0.499348
-0.182602	 0.474823	 0.499282	 0.498962	 0.842863	-0.173664	 0.498061	 0.499565	 0.475422	 0.405861	 0.463699	 0.499348
-0.182602	 0.474823	 0.499282	 0.498962	 0.901971	-0.173664	 0.498061	 0.499565	 0.487131	 0.452548	 0.463699	 0.499348
-0.182602	 0.474823	 0.499282	 0.498962	 0.929603	-0.173664	 0.498061	 0.499565	 0.492986	 0.475892	 0.463699	 0.499348
-0.182602	 0.474823	 0.499282	 0.498962	 0.441505	-0.173664	 0.498061	 0.499565	 0.495913	 0.487564	 0.463699	 0.499348
-0.182602	 0.474823	 0.499282	 0.498962	 0.197455	-0.173664	 0.498061	 0.499565	 0.497376	 0.493400	 0.463699	 0.499348
-0.182602	 0.474823	 0.499282	 0.498962	 0.075431	-0.173664	 0.498061	 0.499565	-0.001892	 0.496318	 0.463699	 0.499348
-0.182602	 0.474823	 0.499282	 0.498962	 0.014418	-0.173664	 0.498061	 0.499565	-0.250524	 0.497776	 0.463699	 0.499348
-0.182602	 0.474823	 0.499282	 0.498962	 0.483912	 0.326336	 0.498061	 0.499565	-0.874839	 0.498506	 0.463699	 0.499348
-0.182602	 0.474823	 0.499282	 0.498962	 0.716752	 0.574683	 0.498061	 0.499565	-1.183999	 0.498871	 0.463699	 0.499348
-0.182602	 0.474823	 0.499282	 0.498962	 0.831273	 0.197211	 0.498061	 0.499565	-0.335593	 0.499053	 0.463699	 0.499348
-0.182602	 0.474823	 0.499282	 0.498962	 0.886642	 0.008475	 0.498061	 0.499565	 0.087585	 0.499144	 0.463699	 0.499348
-0.182602	 0.474823	 0.499282	 0.498962	 0.912442	-0.085893	 0.498061	 0.499565	 0.298152	 0.499190	 0.463699	 0.499348
-0.182602	 0.474823	 0.499282	 0.498962	 0.423466	 0.366923	 0.498061	-0.000435	 0.402419	 0.499213	 0.463699	 0.499348
-0.182602	 0.474823	 0.499282	 0.498962	 0.178978	 0.591691	 0.498061	-0.249434	 0.453538	 0.499224	 0.463699	 0.499348
-0.182602	 0.474823	 0.499282	 0.498962	 0.056734	 0.702442	 0.498061	 0.126066	 0.478089	 0.499230	 0.463699	 0.499348
-0.182602	 0.474823	 0.499282	 0.498962	-0.004388	 0.756192	 0.498061	 0.312813	 0.489359	 0.499233	 0.463699	 0.499348
-0.182602	 0.474823	 0.499282	 0.498962	-0.034949	 0.281446	 0.498061	 0.406187	 0.493993	 0.499234	 0.463699	 0.499348
-0.182602	 0.474823	 0.499282	 0.498962	-0.050230	 0.044074	 0.498061	 0.452874	 0.496309	 0.499235	 0.463699	 0.499348
-0.182602	 0.474823	 0.499282	 0.498962	 0.442130	-0.074613	 0.498061	 0.476217	-0.002532	 0.499235	 0.463699	 0.499348
-0.182602	 0.474823	 0.499282	 0.498962	 0.686441	-0.133956	 0.498061	 0.487889	-0.250950	 0.499235	 0.463699	 0.499348
-0.182602	 0.474823	 0.499282	 0.498962	 0.806735	-0.163627	 0.498061	 0.493724	-0.375159	 0.499235	 0.463699	 0.499348
-0.182602	 0.474823	 0.499282	 0.498962	 0.365028	-0.178463	 0.498061	 0.496642	 0.062736	 0.499235	 0.463699	 0.499348
-0.182602	 0.474823	 0.499282	 0.498962	 0.144174	-0.185881	 0.498061	 0.498101	 0.280683	 0.499235	 0.463699	 0.499348
-0.182602	 0.474823	 0.499282	 0.498962	 0.033748	-0.189590	 0.498061	 0.498831	 0.389656	 0.499235	 0.463699	 0.499348
-0.182602	 0.474823	 0.499282	 0.498962	-0.021466	-0.191444	 0.498061	 0.499196	 0.444143	 0.499235	 0.463699	 0.499348
-0.182602	 0.474823	 0.499282	 0.498962	-0.049073	-0.192372	 0.498061	 0.499378	-0.528614	 0.499235	 0.463699	 0.499348
-0.182602	 0.474823	 0.499282	 0.498962	-0.062876	-0.192835	 0.498061	 0.499469	-1.011990	 0.499235	 0.463699	 0.499348
-0.182602	 0.474823	 0.499282	 0.498962	 0.430222	-0.193067	 0.498061	 0.499515	-0.250687	 0.499235	 0.463699	 0.499348
-0.182602	 0.474823	 0.499282	 0.498962	 0.674925	-0.193183	 0.498061	 0.499538	 0.128944	 0.499235	 0.463699	 0.499348
-0.182602	 0.474823	 0.499282	 0.498962	 0.795437	-0.193241	 0.498061	 0.499549	 0.317742	 0.499235	 0.463699	 0.499348
-0.182602	 0.474823	 0.499282	 0.498962	 0.853861	-0.193270	 0.498061	 0.499555	 0.411127	 0.499235	 0.463699	 0.499348
-0.182602	 0.474823	 0.499282	 0.498962	 0.881249	-0.193284	 0.498061	 0.499557	 0.456811	 0.499235	 0.463699	 0.499348
-0.182602	 0.474823	 0.499282	 0.498962	 0.393125	-0.193292	 0.498061	 0.499559	-0.521352	 0.499235	 0.463699	 0.499348
-0.182602	 0.474823	 0.499282	 0.498962	 0.149063	-0.193295	 0.498061	 0.499560	-1.007434	 0.499235	 0.463699	 0.499348
-0.182602	 0.474823	 0.499282	 0.498962	 0.527032	-0.193297	 0.498061	 0.499560	-0.247488	 0.499235	 0.463699	 0.499348
-0.182602	 0.474823	 0.499282	 0.498962	 0.714207	-0.193298	 0.498061	 0.499560	 0.131460	 0.499235	 0.463699	 0.499348
-0.182602	 0.474823	 0.499282	 0.498962	 0.305991	-0.193298	 0.498061	 0.499560	 0.319913	 0.499235	 0.463699	 0.499348
-0.182602	 0.474823	 0.499282	 0.498962	 0.101884	-0.193299	 0.498061	 0.499560	 0.413123	 0.499235	 0.463699	 0.499348
-0.182602	 0.474823	 0.499282	 0.498962	 0.499830	-0.193299	 0.498061	 0.499560	 0.458715	 0.499235	 0.463699	 0.499348
-0.182602	 0.474823	 0.499282	 0.498962	 0.697007	-0.193299	 0.498061	 0.499560	 0.480502	 0.499235	 0.463699	 0.499348
-0.182602	 0.474823	 0.499282	 0.498962	 0.793808	-0.193299	 0.498061	 0.499560	 0.490392	 0.499235	 0.463699	 0.499348
-0.182602	 0.474823	 0.499282	 0.498962	 0.840427	-0.193299	 0.498061	 0.499560	 0.494336	 0.499235	 0.463699	 0.499348
-0.182602	 0.474823	 0.499282	 0.498962	 0.861962	-0.193299	 0.498061	 0.499560	 0.496308	 0.499235	 0.463699	 0.499348
-0.182602	 0.474823	 0.499282	 0.498962	 0.370963	-0.193299	 0.498061	 0.499560	-0.502706	 0.499235	 0.463699	 0.499348
-0.182602	 0.474823	 0.499282	 0.498962	 0.125463	-0.193299	 0.498061	 0.499560	-0.999210	 0.499235	 0.463699	 0.499348
-0.182602	 0.474823	 0.499282	 0.498962	 0.002713	-0.193299	 0.498061	 0.499560	-0.244470	 0.499235	 0.463699	 0.499348
-0.182602	 0.474823	 0.499282	 0.498962	-0.058662	-0.193299	 0.498061	 0.499560	 0.131879	 0.499235	 0.463699	 0.499348
-0.182602	 0.474823	 0.499282	 0.498962	 0.410651	-0.193299	 0.498061	 0.499560	 0.319037	 0.499235	 0.463699	 0.499348
-0.182602	 0.474823	 0.499282	 0.498962	 0.643547	-0.193299	 0.498061	 0.499560	 0.411604	 0.499235	 0.463699	 0.499348
-0.182602	 0.474823	 0.499282	 0.498962	 0.758243	-0.193299	 0.498061	 0.499560	 0.456879	 0.499235	 0.463699	 0.499348
-0.182602	 0.474823	 0.499282	 0.498962	 0.313844	-0.693299	 0.498061	 0.499560	 0.478512	 0.499235	 0.463699	 0.499348
-0.182602	 0.474823	 0.499282	 0.498962	 0.091645	-0.940912	 0.498061	 0.499560	 0.488328	 0.499235	 0.463699	 0.499348
-0.182602	 0.474823	 0.499282	 0.498962	-0.019454	-0.562342	 0.498061	 0.499560	-0.006763	 0.499235	 0.463699	 0.499348
-0.182602	 0.474823	 0.499282	 0.498962	-0.075004	-0.373057	 0.498061	 0.499560	-0.253306	 0.499235	 0.463699	 0.499348
-0.182602	 0.474823	 0.499282	 0.498962	 0.397221	-0.278414	 0.498061	 0.499560	 0.123423	 0.499235	 0.463699	 0.499348
-0.182602	 0.474823	 0.499282	 0.498962	 0.631595	-0.231093	 0.498061	 0.499560	 0.310787	 0.499235	 0.463699	 0.499348
-0.182602	 0.474823	 0.499282	 0.498962	 0.247050	-0.207432	 0.498061	 0.499560	 0.404469	 0.499235	 0.463699	 0.499348
-0.182602	 0.474823	 0.499282	 0.498962	 0.054777	-0.195602	 0.498061	 0.499560	 0.451311	 0.499235	 0.463699	 0.499348
-0.182602	 0.474823	 0.499282	 0.498962	-0.041359	-0.189687	 0.498061	 0.499560	 0.474731	 0.499235	 0.463699	 0.499348
-0.182602	 0.474823	 0.499282	 0.498962	-0.089427	-0.186729	 0.498061	 0.499560	 0.486441	 0.499235	 0.463699	 0.499348
-0.182602	 0.474823	 0.499282	 0.498962	-0.113461	-0.185250	 0.498061	 0.499560	 0.492296	 0.499235	 0.463699	 0.499348
-0.182602	 0.474823	 0.499282	 0.498962	-0.125479	-0.184511	 0.498061	 0.499560	 0.495224	 0.499235	 0.463699	 0.499348
-0.182602	 0.474823	 0.499282	 0.498962	-0.131487	-0.184141	 0.498061	 0.499560	 0.496688	 0.499235	 0.463699	 0.499348
-0.182602	 0.474823	 0.499282	 0.498962	 0.365509	-0.183956	 0.498061	 0.499560	 0.497420	 0.499235	 0.463699	 0.499348
-0.182602	 0.474823	 0.499282	 0.498962	 0.612282	-0.183864	 0.498061	 0.499560	 0.497786	 0.499235	 0.463699	 0.499348
-0.182602	 0.474823	 0.499282	 0.498962	 0.233950	 0.316182	 0.498061	 0.499560	 0.497969	 0.499235	 0.463699	 0.499348
-0.182602	 0.474823	 0.499282	 0.498962	 0.044784	 0.564573	 0.498061	 0.499560	 0.498060	 0.499235	 0.463699	 0.499348
-0.182602	 0.474823	 0.499282	 0.498962	-0.049799	 0.687142	 0.498061	 0.499560	 0.498106	 0.499235	 0.463699	 0.499348
-0.182602	 0.474823	 0.499282	 0.498962	-0.097090	 0.246808	 0.498061	 0.499560	 0.498129	 0.499235	 0.463699	 0.499348
-0.182602	 0.474823	 0.499282	 0.498962	-0.120736	 0.026640	 0.498061	 0.499560	 0.498140	 0.499235	 0.463699	 0.499348
-0.182602	 0.474823	 0.499282	 0.498962	-0.132559	-0.083443	 0.498061	 0.499560	 0.498146	 0.499235	 0.463699	 0.499348
-0.182602	 0.474823	 0.499282	 0.498962	-0.138470	-0.138485	 0.498061	 0.499560	 0.498149	 0.499235	 0.463699	 0.499348
-0.182602	 0.474823	 0.499282	 0.498962	 0.358574	-0.666006	 0.498061	 0.499560	 0.498150	 0.499235	 0.463699	 0.499348
-0.182602	 0.474823	 0.499282	 0.498962	 0.605385	-0.927380	 0.498061	 0.499560	 0.498151	 0.499235	 0.463699	 0.499348
-0.182602	 0.474823	 0.499282	 0.498962	 0.227086	-0.555689	 0.498061	 0.499560	 0.498151	 0.499235	 0.463699	 0.499348
-0.182602	 0.474823	 0.499282	 0.498962	 0.037936	-0.369843	 0.498061	 0.499560	 0.498151	 0.499235	 0.463699	 0.499348
-0.182602	 0.474823	 0.499282	 0.498962	-0.056638	-0.276921	 0.498061	 0.499560	 0.498151	 0.499235	 0.463699	 0.499348
-0.182602	 0.474823	 0.499282	 0.498962	 0.396074	 0.269541	 0.498061	 0.499560	 0.498151	-0.000765	 0.463699	 0.499348
-0.182602	 0.474823	 0.499282	 0.498962	 0.620733	 0.541139	 0.498061	 0.499560	 0.498152	-0.249763	 0.463699	 0.499348
-0.182602	 0.474823	 0.499282	 0.498962	 0.231372	 0.175313	 0.498061	 0.499560	-0.001848	 0.125738	 0.463699	 0.499348
-0.182602	 0.474823	 0.499282	 0.498962	 0.036691	-0.007600	 0.498061	 0.499560	-0.250845	 0.312486	 0.463699	 0.499348
-0.182602	 0.474823	 0.499282	 0.498962	-0.060649	-0.099056	 0.498061	 0.499560	 0.124657	 0.405860	 0.463699	 0.499348
-0.182602	 0.474823	 0.499282	 0.498962	-0.109320	-0.144785	 0.498061	 0.499560	 0.311408	 0.452547	 0.463699	 0.499348
-0.182602	 0.474823	 0.499282	 0.498962	-0.133655	-0.167649	 0.498061	 0.499560	 0.404783	 0.475890	 0.463699	 0.499348
-0.182602	 0.474823	 0.499282	 0.498962	-0.145822	-0.179081	 0.498061	 0.499560	 0.451471	 0.487562	 0.463699	 0.499348
-0.182602	 0.474823	 0.499282	 0.498962	-0.151906	-0.184797	 0.498061	 0.499560	 0.474814	 0.493398	 0.463699	 0.499348
-0.182602	 0.474823	 0.499282	 0.498962	-0.154948	-0.187655	 0.498061	 0.499560	 0.486486	 0.496316	 0.463699	-0.000652
