-0.495883	-0.727157	 0.497990	 0.499238	 0.498781	 0.389738	-0.125597	 0.725822	 0.519140	-0.984492	 0.014120	 0.907625
-0.497342	-0.724249	 0.498355	 0.499238	 0.498781	 0.444207	-0.309516	 0.722919	 0.516957	-0.980554	 0.014120	 0.904483
-0.498071	-0.721352	 0.498537	 0.499238	 0.498781	 0.471442	 0.098524	 0.220027	 1.014836	-0.976632	 0.014120	 0.901109
-0.498436	-0.718466	 0.498629	 0.499238	 0.498781	 0.485059	 0.301530	-0.031419	 1.260750	-0.972725	 0.014120	 0.897626
-0.498618	-0.715592	 0.498674	 0.499238	 0.498781	 0.491868	 0.402025	 0.342858	 1.380693	-0.968834	 0.014120	 0.894097
-0.498710	-0.712730	 0.498697	 0.499238	 0.498781	 0.495272	 0.451267	 0.528562	 1.437664	-0.964959	 0.014120	 0.890551
-0.498755	-0.709879	 0.498708	 0.499238	 0.498781	 0.496975	 0.474887	 0.619986	 1.463160	-0.961099	 0.014120	 0.887004
-0.498778	-0.707039	 0.498714	 0.499238	 0.498781	 0.497826	 0.486697	 0.164275	 0.972931	-0.957255	 0.014120	 0.883464
-0.498789	-0.704211	 0.498717	 0.499238	 0.498781	 0.498251	 0.492602	-0.063581	 0.727816	-0.953426	 0.014120	 0.879934
-0.498795	-0.701394	 0.498718	 0.499238	 0.498781	 0.498464	 0.495555	 0.322492	 0.605259	-0.949612	 0.014120	 0.876416
-0.498798	-0.698589	 0.498719	 0.499238	 0.498781	 0.498570	 0.497031	 0.514111	 0.543980	-0.945813	 0.014120	 0.872911
-0.498799	-0.695795	 0.498720	 0.499238	 0.498781	-0.001377	 0.497769	 0.608509	 0.513341	-0.942030	 0.014120	 0.369420
-0.498800	-0.693011	 0.498720	 0.499238	 0.498781	-0.250347	 0.498138	 0.654302	 0.498021	-0.938262	 0.014120	 0.117674
-0.498801	-0.690239	 0.498720	 0.499238	-0.001219	 0.125167	-0.001677	 0.675798	 0.490361	-0.934509	 0.014120	-0.008199
-0.498801	-0.687478	 0.498720	 0.499238	-0.250217	 0.311923	-0.250582	 0.685152	 0.486531	-0.930771	 0.014120	-0.071135
-0.498801	-0.684728	 0.498720	 0.499238	-0.374716	 0.405301	-0.375035	 0.688440	 0.484616	-0.927048	 0.014120	-0.102603
-0.498801	-0.681990	 0.498720	 0.499238	 0.063035	 0.451990	 0.062739	 0.688700	 0.483659	-0.923340	 0.014120	-0.118337
-0.498801	-0.679262	 0.498720	 0.499238	 0.280909	 0.475335	 0.280625	 0.687453	 0.483180	-0.919646	 0.014120	-0.126204
-0.498801	-0.676545	 0.498720	 0.499238	 0.389845	 0.487007	 0.389568	 0.685456	 0.482941	-0.415968	 0.014120	 0.369862
-0.498801	-0.673838	 0.498720	 0.499238	 0.444314	 0.492843	 0.444040	 0.683091	 0.482821	-0.164128	 0.014120	 0.616164
-0.498801	-0.671143	 0.498720	 0.499238	 0.471548	 0.495761	 0.471275	 0.680547	 0.982761	-0.038209	 0.014120	 0.737589
-0.498801	-0.668458	 0.498720	 0.499238	 0.485165	 0.497220	 0.484893	 0.677919	 1.229766	 0.024751	 0.014120	 0.796584
-0.498801	-0.665785	 0.498720	 0.499238	 0.491974	 0.497950	 0.491702	 1.175255	 1.350315	-0.443769	 0.014120	 0.324370
-0.498801	-0.663121	 0.498720	 0.499238	 0.495378	 0.498314	 0.495107	 1.420577	 1.407647	-0.676204	 0.014120	 0.088264
-0.498801	-0.660469	 0.498720	 0.499238	 0.497080	 0.498497	 0.496809	 1.539907	 1.433384	-0.790605	 0.014120	-0.029790
-0.498801	-0.657827	 0.498720	 0.999238	 0.497931	 0.498588	 0.497660	 1.096253	 1.443334	-0.845995	 0.014120	-0.088817
-0.498801	-0.655196	 0.498720	 1.246239	 0.498357	 0.498634	 0.498085	 0.873121	 1.445402	-0.871887	 0.014120	-0.118330
-0.498801	-0.652575	 0.498720	 0.866754	 0.498569	 0.498656	 0.498298	 0.760255	 0.943541	-0.883038	 0.014120	-0.133087
-0.498801	-0.649965	 0.498720	 0.677011	 0.498676	 0.498668	 0.498405	 0.702527	 0.692611	-0.886825	 0.014120	-0.140465
-0.498801	-0.647365	 0.498720	 0.582139	 0.498729	-0.001326	 0.498458	 0.672374	 0.567146	-0.886937	 0.014120	 0.355846
-0.498801	-0.644775	 0.498720	 0.534704	 0.498756	-0.250321	 0.498484	 0.656012	 0.504413	-0.885219	 0.014120	 0.602297
-0.498801	-0.642196	 0.498720	 0.510986	 0.498769	 0.125182	 0.498498	 0.646552	 0.473047	-0.882593	 0.014120	 0.723825
-0.498801	-0.639627	 0.498720	 0.499127	 0.498776	 0.311932	 0.498504	 0.640548	 0.457364	-0.879520	 0.014120	 0.782898
-0.498801	-0.637069	 0.498720	 0.493197	 0.498779	 0.405307	 0.498508	 0.636277	 0.449522	-0.876231	 0.014120	 0.810751
-0.498801	-0.634521	 0.498720	 0.990233	 0.498781	 0.451994	 0.498509	 0.632878	 0.445601	-0.372840	 0.014120	 0.823000
-0.498801	-0.631983	 0.498720	 1.235776	 0.498781	 0.475338	 0.498510	 0.629919	 0.443641	-0.121145	 0.014120	 0.827454
-0.498801	-0.629455	 0.498720	 1.355585	 0.498782	 0.487010	 0.498511	 0.627186	 0.942661	-0.995298	 0.014120	 0.828018
-0.498801	-0.626937	 0.498720	 1.412538	 0.498782	 0.492846	 0.498511	 0.624570	 1.189287	-1.428635	 0.014120	 0.826642
-0.498801	-0.624429	 0.498720	 0.938076	 0.498782	 0.495764	 0.498511	 0.622018	 0.809729	-1.641579	 0.014120	 0.824304
-0.498801	-0.621931	 0.498720	 0.700845	 0.498782	 0.497223	 0.498511	 0.619504	 0.619949	-1.744343	 0.014120	 0.821491
-0.498801	-0.619444	 0.498720	 0.582230	 0.498782	-0.002048	 0.498511	 0.617012	 1.025060	-1.292030	 0.014120	 0.818447
-0.498801	-0.616966	 0.498720	 0.522922	 0.498782	-0.250680	 0.498511	 0.614537	 1.224755	-1.064195	 0.014120	 0.815294
-0.498801	-0.614498	 0.498720	 0.493268	 0.498782	-0.374997	 0.498511	 0.612076	 1.321753	-0.948604	 0.014120	 0.812093
-0.498801	-0.612040	 0.498720	 0.478441	 0.498782	 0.062845	 0.498511	 0.609626	 1.367415	-0.889143	 0.014120	 0.308875
-0.498801	-0.609592	 0.498720	 0.471028	 0.498782	 0.280765	 0.498511	 0.607187	 1.387420	-0.857753	 0.014120	 0.057266
-0.498801	-0.607154	 0.498720	 0.967321	 0.498782	 0.389725	-0.001489	 0.604758	 0.394607	 0.159595	 0.014120	-0.068538
-0.498801	-0.604725	 0.498720	 1.212540	 0.498782	 0.444204	-0.250486	 0.602338	-0.100603	 0.665915	 0.014120	-0.131441
-0.498801	 0.397694	-0.001280	 0.832234	 0.498782	 0.471444	 0.125016	-0.900071	-1.847016	 2.916731	-0.485880	-0.162892
-0.498801	 0.896103	-0.250278	 0.642081	 0.498782	 0.485064	 0.311765	-1.646471	-2.713036	 4.031803	-0.733908	-0.178617
 0.001199	 3.642519	-0.374776	 0.547005	-0.001218	-0.008126	 0.405140	-3.014885	-5.138888	 7.579046	-0.855958	-1.186480
 0.250197	 5.002949	-0.437026	 0.499467	-0.250215	-0.253718	 0.451827	-3.690326	-6.336684	 9.330415	-0.915027	-1.686023
 0.374696	 5.670437	-0.468150	 0.475698	-0.374714	-0.376514	 0.475171	-4.019314	-6.920513	 10.183935	-0.942613	-1.931423
 1.436945	 8.491505	-0.983713	 0.463813	-0.936963	-0.437912	-0.013157	-4.175112	-7.197419	 12.588621	 0.045534	-2.549770
 1.963071	 9.879414	-1.238495	 0.457871	-1.215090	-0.468611	-0.256318	-4.244349	-7.320923	 13.760977	 0.537540	-2.852607
 3.221156	 12.550834	-1.862900	 0.454900	-1.851166	-0.483961	-0.377899	-4.770340	-7.367787	 14.817288	 0.781484	-2.997714
 3.841240	 13.856099	-2.170128	 0.453414	-2.164230	-0.491636	-0.438689	-5.022743	-7.376389	 15.313697	 0.901405	-3.063982
 4.142359	 14.978409	-2.318787	 0.452671	-2.315808	-0.495473	-0.469084	-5.138395	-7.365920	 16.530281	 0.959323	-3.590856
 4.284032	 15.507363	-2.388182	 0.452300	-2.386662	-0.497392	-0.484282	-5.185712	-7.345975	 17.103079	 0.986248	-3.846057
 4.346017	 16.739767	-2.417964	 0.452114	-2.417173	-0.998351	-0.491880	-5.198905	-7.321350	 17.854127	 0.997683	-3.965455
 4.368193	 17.320025	-2.427959	 0.452021	-2.427534	-1.245832	-0.495680	-5.195077	-7.294444	 18.192440	 1.001383	-4.016985
 4.370501	 18.074353	-2.428081	-0.048025	-2.427839	-1.366586	-0.497579	-5.182781	-7.266456	 18.324535	 1.001223	-4.034612
 4.362909	 18.413860	-2.423286	-0.296952	-2.423135	-1.423988	-0.498529	-5.166291	-7.237986	 18.353669	 0.999141	-4.035322
 4.350402	 18.546107	-2.416051	-0.420324	-2.415946	-1.449727	-0.499004	-5.147747	-7.209331	 18.331471	 0.996105	-4.027604
 4.835473	 18.574873	-2.407616	 0.019078	-2.407534	-0.959645	-0.499242	-5.128217	-7.180642	 18.283753	 0.992602	-4.015706
 5.067368	 18.552049	-2.398600	 0.238778	-2.398529	-0.714604	-0.499360	-5.108234	-7.151994	 18.223422	 0.988871	-4.001749
 5.172716	 19.003579	-2.389313	 0.348629	-2.389248	-1.092084	-0.499420	-4.588066	-7.123423	 18.656931	 0.985036	-4.486795
 5.214835	 19.190433	-2.379910	 0.403554	-2.379848	-1.277884	-0.499449	-4.319847	-7.094948	 18.835504	 0.981156	-4.719374
 5.225380	 19.245106	-2.370467	 0.431017	-1.870407	-0.867857	-0.499464	-4.177633	-7.066578	 18.886762	 0.977262	-4.825760
 5.220180	 19.233843	-2.361023	 0.444748	-1.612964	-0.662844	-0.499472	-4.098456	-7.038316	 18.874516	 0.973368	-4.869089
 5.207151	 19.189766	-2.351599	 0.451613	-1.481532	-0.560337	-0.499475	-4.550829	-7.010165	 18.830668	 1.469482	-4.880928
 5.190248	 19.129436	-2.342202	 0.455046	-1.413116	-0.509084	-0.499477	-4.767009	-6.982126	 18.771170	 1.713607	-4.877062
 5.171450	 19.061133	-2.332838	 0.456763	-1.376218	-0.483457	-0.499478	-4.865132	-6.954198	 18.703998	 1.831755	-4.865383
 5.151745	 19.488996	-2.323509	 0.457621	-1.355091	-0.470643	-0.499479	-4.404268	-6.926381	 18.633138	 1.886929	-4.849836
 5.131629	 19.663094	-2.314216	 0.458050	-1.341859	-0.464237	-0.499479	-4.165949	-6.898676	 18.560584	 1.910631	-4.832394
 5.111348	 19.710468	-2.804960	 0.458265	-1.332586	-0.461033	-0.499479	-4.538934	-6.871081	 18.487330	 1.918614	-4.814043
 5.091025	 19.694640	-3.043740	 0.458372	-1.325303	-0.459432	-0.499479	-4.715602	-6.843597	 18.413876	 1.918752	-4.795276
 5.070722	 19.647368	-2.656565	 0.458425	-1.319025	-0.458631	-0.499479	-4.294152	-6.816223	 18.340467	 1.914984	-4.776340
 5.050470	 19.584532	-2.458439	 0.458452	-1.313261	-0.458231	-0.499479	-4.075682	-6.788958	 18.267229	 1.909277	-4.757357
 5.030284	 19.514070	-2.354855	 0.458466	-1.307764	-0.958030	-0.499479	-3.958732	-6.761802	 18.694222	 1.402616	-4.738388
 5.010170	 19.439952	-2.298561	 0.458472	-1.302410	-1.205015	-0.499479	-3.892574	-6.734755	 18.869476	 1.147494	-4.719465
 4.990133	 19.364162	-2.265929	 0.458476	-1.297140	-1.325603	-0.499479	-3.851842	-6.707816	 18.919014	 1.018148	-4.700603
 4.970175	 19.787690	-2.245147	 0.458477	-1.291921	-1.383004	-0.499479	-3.823853	-6.680984	 18.905845	 1.451698	-4.681808
 4.950295	 19.959031	-2.230307	 0.458478	-1.286738	-1.408824	-0.499479	-3.802268	-6.654261	 18.861476	 1.664702	-4.663085
 4.930494	 20.004441	-2.218456	 0.458479	-1.281583	-0.918865	-0.499479	-4.283913	-6.627643	 18.801657	 1.767449	-4.644434
 4.910772	 19.987046	-2.208117	 0.458479	-1.276453	-0.673886	-0.499479	-4.515205	-6.601133	 18.734264	 1.815082	-4.625857
 4.891129	 19.938410	-2.198552	 0.458479	-1.271345	-0.551396	-0.499479	-4.121358	-6.574728	 18.663233	 1.335173	-4.607354
 4.871565	 19.874312	-2.189392	 0.458479	-1.266259	-0.490151	-0.499479	-3.916979	-6.548429	 18.590534	 1.093508	-4.588925
 4.852079	 19.802643	-2.180451	 0.458479	-1.261193	-0.459528	-0.499479	-3.807365	-6.522236	 18.517148	 1.470972	-4.570570
 4.832670	 19.727346	-2.171638	 0.458479	-1.256148	-0.444217	-0.499479	-3.745162	-6.496147	 18.443568	 1.656007	-4.552287
 4.813340	 19.650394	-2.162906	 0.458479	-1.251124	-0.436561	-0.499479	-3.706695	-6.470162	 18.370038	 1.744842	-4.534078
 4.794086	 19.572770	-2.154231	 0.458479	-1.246119	-0.932734	-0.499479	-4.180125	-6.444282	 18.296680	 1.785592	-4.515942
 4.774910	 19.494969	-2.145603	 0.458479	-1.241135	-1.177962	-0.499479	-4.407533	-6.418504	 18.223554	 1.802315	-4.497878
 4.755810	 19.417233	-2.137015	 0.458479	-1.236170	-0.797730	-0.499479	-4.011967	-6.392830	 17.150691	 1.307038	-3.979887
 4.736787	 19.339687	-2.128464	 0.458479	-1.231225	-0.607614	-0.499479	-3.806951	-6.367259	 16.582103	 1.057776	-3.713967
 4.217840	 16.262389	-2.119948	-0.041521	-1.226301	-0.512556	-0.499479	-4.197239	-6.341790	 10.765782	-0.068472	-3.074111
 3.950969	 14.697370	-2.111468	-0.290438	-1.221395	-0.465027	-0.499479	-4.383208	-6.316423	 7.847723	-0.629206	-2.749315
 2.310165	 8.388596	-1.603022	-0.413818	-1.216510	-0.441262	-0.999479	-3.467054	-5.291157	 3.878834	-0.907194	-1.582068
 1.488424	 5.230049	-1.346609	-0.474433	-1.211644	-0.429380	-1.246480	-3.003876	-4.769993	 1.894389	-1.043817	-0.998444
 1.076220	 3.646633	-1.216223	-0.503671	-1.206797	-0.423439	-1.366994	-2.767205	-4.500913	 0.902167	-1.109768	-0.706632
 0.368791	 0.850798	-0.648858	-0.517224	-1.201970	-0.420468	-1.424275	-2.643808	-3.357909	-1.093944	-1.140392	-0.060726
 0.015076	-0.543229	-0.365175	-0.522939	-1.197162	-0.418983	-1.449953	-2.577069	-2.781977	-2.085819	-1.153362	 0.261056
-0.161782	-3.236368	-0.223334	-0.524739	-1.192373	-0.418240	-1.459841	-1.538679	-1.489599	-4.075602	-1.157514	 0.420782
-0.250211	-4.571079	-0.152414	-0.524586	-1.187604	-0.417869	-1.461845	-1.018483	-0.843410	-5.058362	-1.157267	 0.499484
-0.794425	-5.226622	-0.116953	-0.023461	-1.182854	 0.082317	-1.459920	-0.758386	-0.520316	-5.037660	-1.154829	 0.537678
-1.063855	-5.542630	-0.099223	 0.227102	-1.178122	 0.331245	-1.456041	-0.628337	-0.358769	-5.017275	-1.151306	 0.555624
-1.195903	-5.688916	-0.090358	-0.147616	-1.173410	 0.454548	-1.451197	-0.563312	 0.222005	-4.997089	-0.647248	 0.563449
-1.259272	-5.750389	-0.085926	-0.333931	-1.168716	 0.515044	-1.445883	-0.530800	 0.510786	-4.977042	-0.395220	 0.566220
-1.288310	-5.769502	-0.083709	-0.426048	-1.164041	 0.544141	-1.440344	-0.514544	 0.653578	-4.957104	-0.269205	 0.566467
-1.300195	-5.767481	-0.082601	-0.471070	-1.159385	 0.057543	-1.434705	-0.006416	 0.223381	-4.937261	-0.706198	 0.565457
-1.303513	-5.754940	-0.082047	-0.492549	-1.154747	-0.185756	-1.429028	 0.246645	 0.008282	-4.917505	-0.922408	 0.563823
-1.302559	-5.737184	-0.081770	-0.002260	-1.150128	 0.192595	-0.923342	 0.373175	 0.400733	-4.897831	-1.028236	 0.561882
-1.299478	-5.716868	-0.081631	 0.242884	-1.145528	 0.380628	-0.670500	 0.436440	 0.595372	-4.878238	-1.078882	 0.559791
-1.295345	-5.695316	-0.081562	-0.134544	-0.640946	 0.473508	-0.544078	 0.468073	 0.691111	-4.858724	-0.601946	 0.557631
-1.290696	-5.673193	-0.081528	-0.322234	-0.388655	 0.518814	-0.480868	 0.483889	 0.737407	-4.839289	-0.363477	 0.555439
-1.285800	-5.150829	-0.081510	 0.084941	-0.262509	 0.040340	-0.449262	 0.491797	 0.758988	-4.819932	-0.244243	 0.553237
-1.280790	-4.880390	-0.081502	 0.288528	-0.199436	-0.198898	-0.433460	 0.495751	 0.768217	-4.800652	-0.184626	 0.551034
-1.275733	-4.735951	-0.081497	 0.390322	-0.167900	-0.318516	-0.425558	 0.497728	 0.771277	-4.781449	-0.154818	 0.548835
-1.270663	-4.654548	 0.418505	 0.441219	-0.152132	 0.121674	-0.421608	 0.498717	 1.271258	-4.762323	-0.139914	 1.046642
-1.265597	-4.604701	 0.666669	 0.466667	-0.144248	 0.340646	-0.419632	 0.499211	 1.517706	-4.743274	-0.132462	 1.292457
-0.760543	-4.570667	 0.288921	 0.479392	-0.140306	 0.449012	-0.918645	 0.499458	 1.137402	-4.724301	-0.628735	 0.912287
-0.508016	-4.544577	 0.100047	 0.485754	-0.138335	 0.502081	-1.165316	 0.499582	 0.945736	-4.705404	-0.874622	 0.721139
-0.881753	-4.522495	 0.505611	 0.488935	-0.137349	 0.527505	-0.785827	 0.499644	 0.848394	-4.686582	-0.995325	 0.624504
-1.066110	-4.502453	 0.706570	 0.490525	-0.136856	 0.539111	-0.596083	 0.499674	 0.798222	-4.667836	-1.053444	 0.575131
-1.155788	-4.483468	 0.305234	-0.008679	-0.136610	 0.543813	-0.501211	 0.499690	 0.771639	-4.149164	-0.580280	 0.549393
-1.198136	-4.465046	 0.104567	-0.257266	-0.136487	 0.545066	-0.453774	 0.499698	 0.756858	-3.882568	-0.343699	 0.535477
-1.216829	-4.446942	 0.004233	-0.380548	-0.136425	 0.544601	-0.430056	 0.499701	 0.747983	-3.742037	-0.225408	 0.527476
-1.223704	-4.429032	 0.454066	-0.441181	-0.636394	 0.543279	-0.418197	 0.499703	 0.742067	-4.164569	-0.166262	 0.522436
-1.224681	-4.411255	 0.677175	-0.470494	-0.884106	 0.541535	-0.412268	 0.499704	 0.737637	-4.366661	-0.136690	 0.518881
-1.222718	-4.393579	 0.786928	 0.014850	-0.505699	 0.539583	-0.409303	 0.499705	 1.233956	-3.958569	-0.121903	 0.516074
-1.219295	-4.375990	 0.840012	 0.256521	-0.316495	 0.537532	-0.407821	 0.499705	 1.478654	-3.747423	-0.114510	 0.513643
-1.215151	-4.358478	 0.364767	 0.377357	-0.221893	 0.535435	-0.407080	 0.499705	 1.597557	-4.134777	-0.110814	 0.511405
-1.210658	-4.341040	 0.127145	 0.437775	-0.174592	 0.533320	-0.406709	 0.499705	 1.653575	-4.319409	-0.108965	 0.509268
-1.205999	-4.323674	 0.008334	 0.467984	-0.150941	 0.531201	-0.406524	 0.499705	 1.178165	-4.402718	-0.108041	 1.007185
-1.201266	-4.306379	-0.051071	 0.483088	-0.139116	 0.529082	-0.406431	 0.499705	 0.939055	-4.435400	-0.107579	 1.253134
-1.196507	-4.289153	-0.080774	 0.490640	-0.133204	 0.526970	-0.406385	 0.499705	 0.818100	-4.442805	-0.107348	 1.373110
-1.191744	-4.271996	 0.404374	 0.494417	-0.130247	 0.524863	-0.406362	 0.499705	 1.256228	-3.937607	-0.107232	 0.930112
-1.186988	-4.254908	 0.645170	 0.496305	-0.128769	 0.522765	-0.406350	 0.499705	 1.471903	-3.678143	-0.107175	 0.708612
-1.182246	-4.237888	 0.263795	 0.497249	-0.128030	 0.520674	-0.406344	 0.499705	 1.576366	-3.541574	-0.107146	 0.597863
-1.177520	-4.220936	 0.073108	 0.497721	-0.127661	 0.518592	-0.406341	 0.499705	 1.625235	-3.466479	-0.107131	 0.542488
-1.172811	-4.204053	 0.477765	 0.497957	-0.127476	 0.516517	-0.406340	 0.499705	 1.646322	-3.422149	-0.107124	 0.514801
-1.168121	-4.187236	 0.678328	 0.498075	-0.127383	 0.514451	-0.406339	 0.499705	 1.653530	-3.393228	-0.107121	 0.500957
-1.163449	-4.170487	 0.276852	 0.498134	-0.127337	 0.512394	-0.406339	 0.499705	 1.653813	-3.372039	-0.607119	 0.494035
-1.158795	-4.153806	 0.076114	 0.498163	-0.127314	 0.510344	-0.406339	 0.499705	 1.650646	-3.354743	-0.854904	 0.490574
-1.154160	-4.137190	-0.024255	 0.498178	-0.127303	 0.008303	-0.406339	 0.499705	 1.645768	-3.839420	-0.476591	 0.488844
-1.149544	-4.120642	-0.074440	 0.498185	-0.127297	-0.242718	-0.406338	 0.499705	 1.640047	-4.073110	-0.287434	 0.487979
-1.144945	-4.104159	 0.400468	 0.498189	-0.127294	 0.131772	-0.406338	 0.499705	 1.633918	-4.181342	-0.192856	 0.987546
-1.140366	-4.087742	 0.636171	 0.498191	-0.127292	 0.318004	-0.406338	 0.499705	 1.627598	-4.226879	-0.145567	 1.234355
-1.135804	-4.071391	 0.252279	 0.498192	-0.127292	 0.410112	-0.406338	 0.999705	 1.621195	-4.241102	-0.121922	 0.854798
-1.131261	-4.055106	 0.060333	 0.498192	-0.127291	 0.455161	-0.406338	 1.246706	 1.614764	-4.239703	-0.110100	 0.665019
-1.126736	-4.038885	-0.035640	 0.498192	 0.372709	-0.023315	-0.406338	 0.867219	 1.608332	-4.230527	-0.104189	 0.570130
-1.122229	-4.022730	-0.083627	 0.498193	 0.620964	-0.261549	-0.406338	 0.677475	 1.601912	-4.217496	-0.101233	 0.522685
-1.117740	-4.006639	-0.107620	 0.498193	 0.743352	-0.380666	-0.406338	 0.582603	 1.595511	-4.202572	-0.099756	 0.498963
-1.113269	-3.990612	-0.119617	 0.498193	 0.302815	 0.059775	-0.406338	 0.535168	 1.089133	-3.686735	-0.099017	 0.487101
-1.108816	-3.974650	-0.125615	 0.498193	 0.082547	 0.278996	-0.406338	 0.511450	 0.834778	-3.422474	-0.098647	 0.481171
-1.104381	-3.958751	-0.128614	 0.498193	 0.472413	 0.388606	-0.406338	 0.499591	 1.206440	-3.284027	-0.098462	 0.478206
-1.099963	-3.942916	-0.130114	 0.498193	 0.665621	 0.443411	-0.406338	 0.493661	 1.389114	-3.208513	-0.098370	 0.476723
-1.095563	-3.927145	-0.130863	 0.498193	 0.760507	 0.470813	-0.406338	 0.490696	 1.477308	-3.664490	-0.598324	 0.475982
-1.091181	-3.911436	-0.131238	 0.498193	 0.806240	 0.484515	-0.406338	 0.489214	 1.518274	-3.884237	-0.846104	 0.475611
-0.586816	-3.895790	-0.131426	 0.498193	 0.827402	-0.008635	-0.406338	 0.488473	 1.535638	-3.985903	-0.967807	 0.475426
-0.334634	-3.880207	-0.131519	 0.498193	 0.836286	-0.254206	-0.406338	 0.488102	 1.541215	-4.028561	-1.026479	 0.475333
-0.208543	-3.864686	-0.131566	 0.498193	 0.839038	-0.376992	-0.406338	 0.487917	 1.540909	-4.041747	-1.053645	 0.475287
-0.145497	-3.849228	-0.131590	 0.498193	 0.838730	-0.438384	-0.406338	 0.487824	 1.537675	-4.040230	-1.065066	 0.475263
-0.613974	-3.833831	-0.131601	 0.498193	 0.836899	 0.030919	-0.406338	 0.487778	 1.532989	-4.031395	-0.568624	 0.475252
-0.846048	-3.818495	-0.131607	 0.498193	 0.834314	 0.264571	-0.406338	 0.487755	 1.527590	-3.518932	-0.320402	 0.475246
-0.959929	-3.803221	-0.131610	 0.498193	 0.831358	 0.381396	-0.406338	 0.487743	 1.521846	-3.256687	-0.196292	 0.475243
-1.014721	-3.788009	-0.131612	 0.498193	 0.328223	 0.439809	-0.406338	 0.487737	 1.515941	-3.119576	-0.634237	 0.475242
-1.039979	-3.772856	-0.131612	 0.498193	 0.076655	 0.469016	-0.406338	 0.487735	 1.509969	-3.045056	-0.851065	 0.475241
-1.050477	-3.757765	-0.131613	 0.498193	 0.450872	 0.483619	-0.406338	 0.487733	 1.503975	-3.501854	-0.457343	 0.475241
-1.053604	-3.742734	-0.131613	 0.498193	 0.636330	 0.490920	-0.406338	 0.487732	 1.497982	-3.722336	-0.260482	 0.475240
-1.053054	-3.727763	-0.131613	 0.498193	 0.727415	 0.494571	-0.406338	 0.487732	 1.492002	-3.324692	-0.162051	 0.475240
-1.050674	-3.712852	-0.131613	 0.498193	 0.771321	 0.496397	-0.406338	 0.487732	 1.486039	-3.120015	-0.112836	 0.475240
-1.047388	-3.698001	-0.131613	 0.498193	 0.791643	 0.497309	-0.406338	 0.487732	 1.480098	-3.011846	-0.088229	 0.475240
-1.043656	-3.683209	 0.368387	 0.498193	 0.300180	 0.497766	-0.406338	 0.487732	 1.474179	-2.951955	-0.075925	 0.475240
-1.039711	-3.668476	 0.616650	 0.498193	 0.054449	 0.497994	-0.406338	 0.487732	 1.468283	-2.916225	-0.069773	 0.475240
-1.035666	-3.653802	 0.739052	 0.498193	 0.431583	 0.498108	-0.406338	 0.487732	 1.462410	-2.892599	-0.066697	 0.975240
-1.031581	-3.639187	 0.798530	 0.498193	 0.618533	 0.498165	-0.406338	 0.487732	 1.456561	-2.875048	-0.065159	 1.222290
-1.027483	-3.624630	 0.826553	 0.498193	 0.710397	 0.498194	-0.406338	 0.487732	 1.450735	-2.860557	-0.064390	 1.342876
-1.023388	-3.610131	 0.338855	-0.001807	 0.254724	-0.001792	-0.406338	 0.487732	 1.444932	-3.347620	-0.064005	 0.900242
-1.019301	-3.595691	 0.095006	 0.249196	 0.526888	 0.249218	-0.406338	 0.487732	 0.939152	-3.083482	-0.563813	 0.678925
-1.015228	-3.581308	-0.026918	 0.373698	 0.661372	 0.373723	-0.406338	 0.487732	 0.686262	-2.945774	-0.811590	 0.568267
-1.011168	-3.566983	-0.087880	 0.435948	 0.727022	 0.435976	-0.406338	 0.487732	 0.559817	-2.871304	-0.933359	 0.512937
-1.007125	-3.552715	-0.118361	 0.467074	 0.758262	 0.467102	-0.406338	 0.487732	 0.996595	-2.828475	-0.492134	 0.485273
-1.003097	-3.538504	-0.133602	 0.482636	 0.772303	 0.482665	-0.406338	 0.487732	 1.212117	-2.801490	-0.271521	 0.471440
-0.999084	-3.524350	 0.358778	 0.490418	 0.277750	 0.490447	-0.406338	 0.487732	 0.817023	-2.782448	-0.161215	 0.464524
-0.995088	-3.510253	 0.603265	 0.494308	 0.030474	 0.494337	-0.406338	 0.487732	 0.619475	-2.767400	-0.106062	 0.461066
-0.991108	-3.496212	 0.723814	 0.496254	-0.093164	 0.496283	-0.406338	 0.987732	 0.520702	-3.254372	-0.078485	 0.959337
-0.987143	-3.482227	 0.782399	 0.497226	-0.154983	 0.497256	-0.406338	 1.234756	 0.471315	-3.490375	-0.064697	 1.205557
-0.983195	-3.468298	-0.189990	 0.497713	 0.314108	 0.497742	-0.406338	 1.355305	 0.946622	-3.100923	-0.057803	 0.825764
-0.979262	-3.454425	-0.673860	 0.497956	 0.547086	 0.497985	-0.406338	 1.412628	 1.181431	-2.900775	-0.054356	 0.635867
-0.975345	-3.440607	-0.913480	 0.498077	 0.662016	 0.498107	-0.406338	 1.438349	 1.296003	-2.795299	-0.052632	 0.540919
-0.971444	-3.426845	-0.530983	-0.001862	 0.717926	-0.001833	-0.406338	 0.948282	 1.350468	-3.237182	-0.051770	 0.493445
-0.967558	-3.413137	-0.339735	-0.250828	 0.744334	-0.250799	-0.406338	 0.703248	 1.374891	-3.450765	-0.051339	 0.469708
-0.963688	-3.399485	-0.244111	 0.124689	 0.255997	 0.124718	-0.406338	 1.080731	 1.384304	-3.050228	-0.051124	 0.457839
-0.959833	-3.385887	-0.196299	 0.311447	 0.011828	 0.311476	-0.406338	 1.266556	 1.386223	-2.844660	-0.051016	 0.451905
-0.955994	-3.372343	 0.327607	 0.404826	 0.389743	 0.404855	-0.406338	 1.356564	 1.384406	-3.236598	-0.050962	 0.448938
-0.952170	-3.358854	 0.587857	 0.451516	 0.577166	 0.451545	-0.406338	 1.398675	 1.380732	-3.425310	-0.050935	 0.447454
-0.948361	-3.345418	 0.716286	 0.474861	 0.669348	 0.474890	-0.406338	 0.916849	 1.376141	-3.012438	-0.050922	 0.446712
-0.944568	-3.332037	 0.778811	 0.486533	 0.713916	 0.486562	-0.406338	 0.675935	 1.371103	-2.800802	-0.050915	 0.446341
-0.940789	-3.318709	 0.808391	 0.492369	 0.734683	 0.492398	-0.406338	 0.555479	 1.365851	-2.689807	-0.050912	 0.446156
-0.937026	-3.305434	 0.321505	 0.495287	 0.743555	-0.004684	-0.406338	 0.995251	 1.360504	-3.129151	-0.050910	 0.446063
-0.933278	-3.292212	 0.078062	 0.496746	 0.746487	-0.252221	-0.406338	 1.212266	 1.355121	-3.341686	-0.050909	 0.446017
-0.929545	-3.279043	 0.456340	 0.497476	 0.746454	 0.124010	-0.406338	 1.317916	 1.349729	-2.940845	-0.050909	 0.445994
-0.925827	-3.265927	 0.643810	 0.497841	 0.744944	 0.311125	-0.406338	 1.367893	 1.344345	-2.735345	-0.050909	 0.445982
-0.922123	-3.252863	 0.735883	 0.498023	 0.742703	 0.404683	-0.406338	 0.890046	 1.338975	-2.627535	-0.050909	 0.445976
-0.918435	-3.239852	 0.780263	 0.498114	 0.740101	 0.451462	-0.406338	 0.651123	 1.333623	-2.568591	-0.050909	 0.445973
-0.914761	-3.226892	 0.800804	 0.498160	 0.737325	 0.474851	-0.406338	 1.031661	 1.328290	-3.034099	-0.050909	 0.945972
-0.911102	-3.213985	 0.809432	 0.498183	 0.734468	 0.486546	-0.406338	 1.219106	 1.322978	-3.259854	-0.050909	 1.193079
-0.907458	-3.201129	 0.812109	 0.498194	 0.731577	 0.492393	-0.406338	 1.310015	 1.317686	-3.365760	-0.050908	 1.313753
-0.903828	-3.188324	 0.311819	 0.498200	 0.728673	 0.495317	-0.406338	 1.352668	 1.312416	-2.911770	-0.050908	 1.371220
-0.900213	-3.175571	 0.061673	 0.498203	 0.725770	 0.496779	-0.406338	 1.371204	 1.307166	-2.679860	-0.050908	 1.397097
-0.896612	-3.162869	 0.436601	 0.498204	 0.722873	 0.497510	-0.406338	 1.377692	 1.301937	-3.059008	-0.050908	 0.907189
-0.893025	-3.150217	 0.622441	 0.498205	 0.719984	 0.497875	-0.406338	 1.378168	 1.296730	-3.241706	-0.050908	 0.662235
-0.889453	-3.137616	 0.213745	 0.498205	 0.717106	 0.498058	-0.406338	 0.875649	 1.291543	-2.826207	-0.050908	 0.539759
-0.885895	-3.125066	 0.009397	 0.498205	 0.714238	 0.498149	-0.406338	 0.624389	 1.286377	-2.613635	-0.050908	 0.478520
-0.882352	-3.112566	-0.092777	 0.498205	 0.711381	 0.498195	-0.406338	 0.498759	 0.781231	-2.502548	-0.050908	 0.447901
-0.878822	-3.100115	-0.143864	 0.498205	 0.708536	 0.498218	-0.406338	 0.435944	 0.528658	-2.442221	-0.050908	 0.432591
-0.875307	-3.087715	-0.169408	 0.498205	 0.705702	 0.498229	-0.406338	 0.404537	 0.402372	-2.407294	-0.050908	 0.424936
-0.871806	-3.075364	-0.182180	 0.498205	 0.702879	 0.498235	-0.406338	 0.888833	 0.839229	-2.385085	-0.050908	 0.421109
-0.868319	-3.063063	-0.188565	 0.498205	 0.700068	 0.498238	-0.406338	 1.128235	 1.055105	-2.369255	-0.050908	 0.419195
-0.864845	-3.050810	 0.308242	 0.498205	 0.697267	 0.498239	-0.406338	 1.245200	 1.160501	-2.856634	-0.050908	 0.418238
-0.861386	-3.038607	 0.555035	 0.498205	 0.694478	 0.498240	-0.406338	 1.300959	 1.210668	-3.093635	-0.050908	 0.417760
-0.857940	-3.026453	 0.176828	 0.498205	 0.191701	 0.498240	-0.406338	 1.326125	 0.733229	-3.205474	-0.050908	 0.417521
-0.854509	-3.014347	-0.012275	 0.498205	-0.059688	 0.498240	-0.406338	 1.336005	 0.494510	-3.254759	-0.050908	 0.417401
-0.851091	-3.002290	-0.106827	 0.498205	 0.314617	 0.498240	-0.406338	 0.838253	 0.875150	-2.772793	-0.050908	 0.417341
-0.847686	-2.990280	-0.154103	 0.498205	 0.500392	 0.498240	-0.406338	 0.589378	 1.062959	-2.527229	-0.050908	 0.417311
-0.844296	-2.978319	-0.177741	 0.498205	 0.591907	 0.498240	-0.406338	 0.464940	 1.154361	-2.399883	-0.050908	 0.417297
-0.840918	-2.966406	 0.310440	 0.498205	 0.636298	 0.498240	-0.406338	 0.902721	 1.197571	-2.331665	-0.050908	 0.417289
-0.837555	-2.954540	 0.552933	 0.498205	 0.657132	 0.498240	-0.406338	 1.118930	 1.216695	-2.293030	-0.050908	 0.417285
-0.834204	-2.942722	 0.672589	 0.498205	 0.666193	 0.498240	-0.406338	 1.224365	 1.223785	-2.269203	-0.050908	 0.417283
-0.830868	-2.930951	 0.730833	 0.498205	 0.669373	 0.498240	-0.406338	 1.274422	 1.224868	-2.252799	-0.050908	 0.417283
-0.827544	-2.919227	 0.758376	 0.498205	 0.669618	 0.498240	-0.406338	 1.296802	 1.222958	-2.240124	-0.050908	 0.417282
-0.824234	-2.907551	 0.770576	 0.498205	 0.668401	 0.498240	-0.406338	 1.305354	 1.219561	-2.229332	-0.050908	 0.417282
-0.820937	-2.395920	 0.275111	 0.498205	 0.666458	 0.498240	-0.406338	 1.307002	 1.215430	-2.219498	-0.050908	 0.417282
-0.817653	-2.136337	 0.027378	 0.498205	 0.664157	 0.498240	-0.406338	 1.305209	 1.210942	-2.210162	-0.050908	 0.417282
-0.814383	-2.002791	-0.096489	 0.498205	 0.661683	 0.498240	-0.406338	 1.301705	 1.206285	-2.201093	-0.050908	 0.417282
-0.811125	-2.432280	 0.341578	 0.498205	 0.659128	 0.498240	-0.406338	 1.297357	 1.201553	-2.192174	-0.050908	 0.417282
-0.807881	-2.641301	 0.559052	 0.498205	 0.656537	 0.498240	-0.406338	 1.292597	 1.196793	-2.183348	-0.050908	 0.417282
-0.804649	-2.740111	 0.166236	 0.498205	 0.653933	 0.498240	-0.406338	 0.787641	 1.192030	-2.174586	-0.050908	 0.417282
-0.801431	-2.783838	-0.030172	 0.498205	 0.651329	 0.498240	-0.406338	 0.535163	 1.187273	-2.165873	-0.050908	 0.417282
-0.798225	-2.300046	 0.371624	 0.498205	 0.648730	 0.498240	-0.406338	 0.908924	 1.182530	-2.157203	-0.050908	 0.417282
-0.795032	-2.054518	 0.570975	 0.498205	 0.646137	 0.498240	-0.406338	 1.093239	 1.177803	-2.148570	-0.050908	 0.417282
-0.791852	-2.428136	 0.669110	 0.498205	 0.643554	 0.498240	-0.406338	 1.182842	 1.173093	-2.139974	-0.550908	 0.417282
-0.788684	-2.609341	 0.716643	 0.498205	 0.640981	 0.498240	-0.406338	 1.225098	 1.168401	-2.131413	-0.798807	 0.417282
-0.785530	-2.694363	 0.738881	 0.498205	 0.638417	 0.498240	-0.406338	 1.243692	 1.163728	-2.122887	-0.920662	 0.417282
-0.782388	-2.731315	 0.748478	 0.498205	 0.635864	 0.498240	-0.406338	 1.250464	 0.659073	-2.114396	-0.479505	 0.417282
-0.779258	-2.744254	 0.751761	 0.498205	 0.633320	 0.498240	-0.406338	 1.251336	 0.406746	-2.105938	-0.258927	 0.417282
-0.276141	-2.745210	 0.751892	 0.498205	 0.130787	 0.498240	-0.406338	 1.249267	 0.780582	-2.097514	-0.148637	 0.417282
-0.024582	-2.740195	 0.750453	 0.498205	-0.120479	 0.498240	-0.406338	 1.245738	 0.965192	-2.089124	-0.093493	 0.417282
-0.398803	-2.732217	 0.248236	 0.498205	 0.253887	 0.498240	-0.406338	 1.241489	 1.055197	-2.080768	-0.065920	 0.417282
-0.584367	-2.722780	-0.002873	 0.498205	 0.439814	 0.498240	-0.406338	 1.236891	 1.097909	-2.072444	-0.052134	 0.417282
-0.675610	-2.212635	 0.371573	 0.498205	 0.531526	 0.498240	-0.406338	 1.232127	 1.116984	-2.064155	-0.045241	 0.417282
-0.719697	-1.954157	 0.557304	 0.498205	 0.576136	 0.498240	-0.406338	 1.227290	 1.124249	-2.055898	-0.041795	 0.417282
-0.740213	-2.321527	 0.648683	 0.498205	 0.597199	 0.498240	-0.406338	 0.722427	 1.125618	-2.047674	-0.040071	 0.417282
-0.748950	-2.499834	 0.692892	 0.498205	 0.606494	 0.498240	-0.406338	 0.469995	 1.124049	-2.039484	-0.039210	 0.417282
-0.751803	-2.583631	 0.713523	 0.498205	 0.609910	 0.498240	-0.406338	 0.343779	 1.121020	-2.031326	-0.038779	 0.417282
-0.751720	-2.620195	 0.222370	 0.498205	 0.610391	 0.498240	-0.406338	 0.780671	 1.117269	-2.023201	-0.038563	 0.917282
-0.750175	-2.633163	-0.023206	 0.498205	 0.609410	 0.498240	-0.406338	 0.996682	 1.113167	-2.015108	-0.038456	 1.164447
-0.747906	-2.634355	 0.354005	 0.498205	 0.607703	 0.498240	-0.406338	 1.102262	 1.108897	-2.007047	-0.038402	 0.785207
-0.745280	-2.629680	 0.541149	 0.498205	 0.605637	 0.498240	-0.406338	 1.152637	 1.104553	-1.999019	-0.038375	 0.595586
-0.742481	-2.622093	 0.133264	 0.498205	 0.603397	-0.001760	-0.406338	 0.675418	 1.100181	-1.991023	-0.038361	 1.000776
-0.739603	-2.613070	-0.070679	 0.498205	 0.601075	-0.250756	-0.406338	 0.436808	 1.095803	-1.983059	-0.038355	 1.200559
-0.736690	-2.103350	 0.327350	 0.498205	 0.598716	 0.124746	-0.906338	 0.817504	 1.091431	-1.975127	-0.038351	 1.297650
-0.733766	-1.845303	 0.524914	 0.498205	 0.596344	 0.311496	-1.153526	 1.005455	 1.087071	-1.967226	-0.038350	 1.343406
-0.730843	-1.713105	 0.622251	 0.498205	 0.593970	 0.404871	-1.274318	 1.097044	 1.082726	-1.959357	-0.038349	 1.363506
-0.727925	-2.143845	 0.669480	 0.498205	 0.591600	 0.451559	-0.831924	 1.140461	 1.078396	-2.451520	-0.038348	 0.870788
-0.725016	-2.354065	 0.691661	 0.498205	 0.589236	 0.474903	-0.610727	 1.159802	 1.074084	-2.691714	-0.038348	 0.624429
-0.722117	-1.954047	 0.701324	 0.498205	 0.586881	 0.486575	-0.500128	 0.667114	 1.069788	-2.305947	-0.038348	 0.501250
-0.719230	-1.750929	 0.704734	 0.498205	 0.584534	 0.492411	-0.444829	 0.420770	 1.065509	-2.109223	-0.038348	 0.439660
-0.716353	-1.646275	 0.205022	 0.498205	 0.582196	-0.004671	-0.417179	 0.797598	 1.061247	-2.007036	-0.038348	 0.408866
-0.713488	-1.590865	-0.044834	 0.498205	 0.579868	-0.252209	-0.403355	 0.983663	 1.057002	-1.952133	-0.038348	 0.393468
-0.710634	-1.560089	-0.169762	 0.498205	 0.577548	 0.124022	-0.396442	 1.074356	 1.052774	-1.920887	-0.038348	 0.885769
-0.707792	-1.541642	-0.232226	 0.498205	 0.575238	 0.311137	-0.392986	 1.117373	 1.048563	-1.901485	-0.038348	 1.129164
-0.704960	-1.529372	-0.263458	 0.498205	 0.572937	 0.404695	-0.391258	 1.136560	 1.044368	-1.888019	-0.038348	 1.248116
-0.702141	-2.020203	-0.279074	 0.498205	 0.570645	 0.451474	 0.109606	 1.143842	 1.040191	-1.877538	-0.038348	 0.804858
-0.699332	-2.260597	-0.286882	 0.498205	 0.568363	 0.474863	 0.358817	 1.145181	 1.036030	-1.868563	-0.038348	 0.583229
-0.696535	-2.375791	 0.209214	 0.498205	 0.566089	 0.486558	-0.017793	 0.643557	 1.031886	-1.860356	-0.038348	 0.472414
-0.693749	-2.428407	 0.455852	 0.498205	 0.563825	 0.492405	-0.206099	 0.392746	 1.027759	-1.852548	-0.038348	 0.417007
-0.690974	-2.449752	 0.577766	 0.498205	 0.561570	 0.495329	-0.300251	 0.767340	 1.023648	-1.844955	-0.038348	 0.389304
-0.688210	-2.455483	 0.637323	 0.498205	 0.559323	 0.496791	-0.347327	 0.952353	 1.019553	-1.837484	-0.038348	 0.375452
-0.685457	-2.453426	 0.165708	 0.498205	 0.557086	 0.497522	-0.370866	 1.042585	 1.015475	-1.830088	-0.038348	 0.368526
-0.682715	-2.447495	-0.070099	 0.498205	 0.554858	 0.497887	-0.382635	 1.085435	 1.011413	-1.822745	-0.038348	 0.365063
-0.679984	-2.439646	-0.188003	 0.498205	 0.552638	 0.498070	-0.388519	 1.104604	 1.007367	-1.815442	-0.038348	 0.363331
-0.677264	-2.430858	 0.253045	 0.498205	 0.550428	 0.498161	 0.108539	 1.111940	 0.503338	-2.308175	-0.038348	 0.362466
-0.674555	-2.421620	 0.472181	 0.498205	 0.548226	 0.498207	 0.355856	 1.113370	 0.251323	-2.548939	-0.038348	 0.362033
-0.671857	-2.412176	 0.580366	 0.498205	 0.546033	 0.498230	-0.021691	 1.111856	 0.625316	-2.163742	-0.038348	 0.361816
-0.669169	-2.402649	 0.633082	 0.498205	 0.543849	 0.498241	-0.210465	 1.108878	 0.810313	-1.967586	-0.038348	 0.361708
-0.666493	-1.893099	 0.158068	 0.498205	 0.541674	 0.498247	-0.804852	 1.105177	 0.900822	-1.865966	-0.038348	 0.361654
-0.663827	-1.635557	-0.079439	 0.498205	 0.539507	 0.498250	-1.099247	 1.101123	 0.944093	-1.811627	-0.038348	 0.361627
-0.661172	-1.504029	 0.301807	 0.498205	 0.537349	 0.498251	-0.743657	 1.096903	 0.963754	-1.780943	-0.038348	 0.361613
-0.658527	-1.435521	 0.491065	 0.498205	 0.535200	 0.498252	-0.565862	 1.092607	 0.971618	-1.762100	-0.038348	 0.361607
-0.655893	-1.398533	 0.584333	 0.498205	 0.533059	 0.498252	-0.476965	 1.088282	 0.973591	-1.749192	-0.038348	 0.361603
-0.653269	-1.377315	 0.629611	 0.498205	 0.530927	 0.498252	-0.432516	 1.083952	 0.972626	-1.739266	-0.038348	 0.361602
-0.650656	-1.363995	 0.650901	 0.498205	 0.528803	 0.498252	-0.410292	 1.079628	 0.970200	-1.730844	-0.038348	 0.361601
-0.648053	-1.354633	 0.660201	 0.498205	 0.526688	 0.498252	-0.399180	 1.075315	 0.967052	-1.723188	-0.038348	 0.361600
-0.645461	-1.347261	 0.663513	 0.498205	 0.524581	 0.498253	-0.393623	 1.071017	 0.963550	-1.715929	-0.038348	 0.361600
-0.642879	-1.840896	 0.163835	 0.998205	 0.022483	 0.498253	-0.390845	 0.566734	 0.959879	-1.708882	-0.038348	 0.861600
-0.640308	-2.083044	-0.086005	 1.245209	-0.228567	 0.498253	-0.389456	 0.314593	 0.956131	-1.701955	-0.038348	 1.108877
-0.637747	-2.199468	 0.289076	 0.865726	 0.145909	 0.498253	 0.111238	 0.688522	 0.952352	-1.695102	-0.038348	 0.729803
-0.635196	-2.253048	 0.475288	 0.675985	 0.332106	 0.498253	 0.360362	 0.873362	 0.948565	-1.688298	-0.038348	 0.540266
-0.632655	-2.275225	 0.567071	 0.581114	 0.424168	 0.498253	 0.483704	 0.963665	 0.944783	-1.681534	-0.038348	 0.445497
-0.630124	-2.281718	 0.111645	 0.533679	 0.469166	 0.498253	 0.044162	 1.006709	 0.941009	-2.174802	-0.038348	 0.398113
-0.627604	-2.280389	-0.116068	 0.509961	 0.490637	 0.498253	-0.175610	 1.026131	 0.937248	-2.416100	-0.038348	 0.374421
-0.625093	-2.275166	 0.270075	 0.498103	 0.500348	 0.498253	 0.214505	 1.033752	 0.933501	-2.031434	-0.038348	 0.362575
-0.622593	-2.268014	 0.461834	 0.492173	 0.504184	 0.498253	 0.408352	 1.035479	 0.929767	-1.835807	-0.038348	 0.356652
-0.620103	-2.259917	 0.056407	 0.489208	 0.505085	 0.498253	 0.004072	 1.034268	 0.926049	-1.734714	-0.038348	 0.353690
-0.617622	-2.251365	-0.146307	 0.487726	 0.504524	 0.498253	-0.198068	 1.031597	 0.922344	-1.680900	-0.038348	 0.352210
-0.615152	-2.242603	-0.247664	 0.486985	 0.503236	 0.498253	-0.799138	 1.028203	 0.918655	-1.650739	-0.038348	 0.351469
-0.612691	-2.233754	-0.298342	 0.486614	 0.501588	 0.498253	-1.096873	 1.024457	 0.914981	-1.632417	-0.038348	 0.351099
-0.610240	-2.224880	-0.323682	 0.486429	 0.500764	 0.498253	-1.242951	 1.020542	 0.911321	-1.620028	-0.038348	 0.350914
-0.607799	-2.216011	 0.163649	 0.986336	 0.500352	 0.498253	-0.313212	 1.016551	 0.907675	-1.610618	-0.038348	 0.850821
-0.605368	-2.207162	 0.406012	 1.233318	 0.500146	 0.498253	 0.150424	 1.012531	 0.904045	-1.602711	-0.038348	 1.098074
-0.602947	-2.198341	 0.525897	 0.853848	 0.500043	 0.498253	 0.381014	 1.008504	 1.400429	-1.595567	-0.038348	 0.719009
-0.600535	-2.189552	 0.584548	 0.664113	 0.499991	 0.498253	 0.495086	 1.004481	 1.644827	-1.588819	-0.038348	 0.529477
-0.598133	-2.180795	 0.112587	 0.569245	 0.499965	 0.498253	 0.050904	 0.500469	 1.263248	-2.082281	-0.038348	 0.434711
-0.595740	-2.172073	-0.123394	 0.521811	 0.499952	 0.498253	-0.171187	 0.248463	 1.070695	-2.323860	-0.038348	 0.387328
-0.593357	-2.163385	-0.241384	 0.498094	 0.499946	 0.498253	-0.282233	 0.622460	 0.972662	-1.939519	-0.538348	 0.363636
-0.590984	-2.154732	-0.300379	 0.486236	 0.499943	 0.498253	-0.337756	 0.807465	 0.921896	-1.744238	-0.786271	 0.351790
-0.588620	-2.146113	-0.329877	 0.480307	 0.499941	 0.498253	-0.365517	 0.897983	 0.894771	-1.643499	-0.908165	 0.345868
-0.586265	-2.137529	 0.155375	 0.477342	 0.499940	 0.498253	 0.120602	 0.941265	 0.879473	-1.590045	-0.467051	 0.342906
-0.583920	-2.128979	 0.396719	 0.475860	 0.499940	 0.498253	 0.362448	 0.960937	 0.870096	-1.560244	-0.246494	 0.341425
-0.581585	-1.620463	 0.516115	 0.475119	-0.000060	 0.498253	-0.017837	 0.468812	 0.863686	-1.542283	-0.636216	 0.340685
-0.579258	-1.363981	 0.574542	 0.474748	-0.249060	 0.498253	-0.207980	 0.222749	 0.858766	-1.530254	-0.829025	 0.340315
-0.576941	-1.733525	 0.102490	 0.474563	 0.126440	-0.001747	-0.303051	 0.599718	 0.854599	-1.521203	-0.423386	 0.340130
-0.574634	-1.914091	-0.133537	 0.474470	 0.313186	-0.250744	-0.350587	 0.786249	 0.850814	-1.513653	-0.220566	 0.340037
-0.572335	-1.500185	 0.248450	 0.474424	 0.406559	-0.375242	 0.125645	 0.877569	 0.847228	-1.506866	-0.119156	 0.839991
-0.570046	-1.291059	 0.438183	 0.474401	 0.453246	-0.437491	 0.362558	 0.921291	 0.843747	-1.500472	-0.068451	 1.087288
-0.567765	-1.184332	 0.531793	 0.474389	 0.476589	-0.468616	 0.479815	 0.941222	 0.840327	-1.494287	-0.043099	 1.208267
-0.565494	-1.128814	 0.077348	 0.474383	 0.488260	 0.015822	 0.037249	 0.949265	 0.836942	-1.488218	-0.030423	 0.766098
-0.563232	-1.098908	-0.149875	 0.474381	 0.494096	 0.257040	-0.184033	 0.951372	 0.833583	-1.482220	-0.024085	 0.545014
-0.560980	-1.081817	-0.263486	 0.474379	 0.497014	 0.377649	-0.294675	 0.950519	 0.830243	-1.476268	-0.020916	 0.434472
-0.558736	-1.071142	-0.320292	 0.474378	 0.498473	 0.437954	-0.349996	 0.948193	 0.826919	-1.470351	-0.019331	 0.379201
-0.556501	-1.063683	-0.348695	 0.474378	 0.499203	-0.031894	-0.377656	 0.945138	 0.823610	-1.464464	-0.018539	 0.351565
-0.554275	-1.057842	-0.362896	 0.474378	 0.499567	-0.265814	-0.391486	 0.941726	 0.820315	-1.458603	-0.018143	 0.337747
-0.552058	-1.052817	 0.130003	 0.974378	 0.499750	 0.117226	-0.398401	 0.938144	 0.817033	-1.452768	-0.017945	 0.330839
-0.549849	-1.048209	 0.375207	 1.221429	 0.499841	 0.307745	-0.401859	 0.934484	 0.813765	-1.446956	-0.017846	 0.327384
-0.547650	-1.043818	 0.496568	 1.342018	 0.499886	 0.403005	-0.403587	 0.930792	 0.810510	-1.441168	-0.017796	 0.325657
-0.545459	-1.039543	 0.056012	 0.899387	 0.499909	 0.450635	 0.095548	 0.427092	 0.807268	-1.435403	-0.517771	 0.324793
-0.543277	-1.035336	-0.164265	 0.678071	 0.499921	 0.474449	 0.343927	 0.175242	 0.804039	-1.429661	-0.765723	 0.324361
-0.541104	-1.031169	 0.225596	 1.067413	 0.499926	 0.486357	 0.466931	 0.549317	 0.800823	-1.423942	-0.387672	 0.324146
-0.538940	-1.027032	 0.419296	 1.259171	 0.499929	 0.492311	 0.527254	 0.734507	 0.797619	-1.418247	-0.198646	 0.324038
-0.536784	-1.022918	 0.514920	 0.852148	 0.499931	 0.495288	 0.556240	 0.825263	 0.794429	-1.912574	-0.604134	 0.323984
-0.534637	-1.018823	 0.561510	 0.648637	 0.499931	 0.496776	 0.569562	 0.868809	 0.791251	-2.154923	-0.804858	 0.323957
-0.532499	-1.014746	 0.583590	 0.546881	 0.499932	 0.497520	 0.575058	 0.888757	 0.788086	-2.271304	-0.903209	 0.323943
-0.530369	-1.010687	 0.593418	 0.496003	 0.499932	 0.497892	 0.576644	 0.896914	 0.784934	-1.824718	-0.450381	 0.823936
-0.528247	-1.006643	 0.597125	 0.470564	 0.499932	 0.498078	 0.576281	 0.899182	 0.781794	-1.598669	-0.223968	 0.571285
-0.526134	-1.002617	 0.597778	 0.457844	 0.499932	 0.498171	 0.574948	 0.898514	 0.778667	-1.482900	-0.110761	 0.444960
-0.524030	-0.998606	 0.596907	 0.451485	 0.499932	 0.498218	 0.573134	 0.896383	 0.775552	-1.422281	-0.054157	 0.381797
-0.521933	-0.994612	 0.595279	 0.448305	 0.499932	 0.498241	 0.071084	 0.893530	 0.772450	-1.389248	-0.025855	 0.350215
-0.519846	-0.990633	 0.593278	 0.446715	 0.499932	 0.498253	-0.179940	 0.890322	 0.769360	-1.370019	-0.011705	 0.334425
-0.517766	-0.986671	 0.591095	 0.445920	 0.499932	 0.498259	 0.194547	 0.886943	 0.766283	-1.357703	-0.004629	 0.326529
-0.515695	-0.982724	 0.588826	 0.445522	 0.499932	 0.498261	 0.380653	 0.883487	 0.763218	-1.348854	-0.001091	 0.322582
-0.513632	-0.978793	 0.586518	-0.054676	 0.499932	 0.498263	-0.027428	 0.879999	 0.760165	-1.341750	 0.000677	 0.320608
-0.511578	-0.974878	 0.584196	-0.303666	 0.499932	 0.498264	-0.231468	 0.876502	 0.757124	-1.335528	 0.001562	 0.319621
-0.509532	-1.470978	 0.581871	 0.072945	 0.499932	 0.498264	 0.166512	 0.873007	 0.754096	-1.329759	 0.002004	 0.319127
-0.507493	-1.715094	 0.579549	 0.261250	 0.499932	 0.498264	 0.364373	 0.869521	 0.751079	-1.324226	 0.002225	 0.318881
-0.505464	-1.833234	 0.577234	 0.355403	 0.499932	 0.498264	 0.462179	 0.866046	 0.748075	-1.318823	 0.002336	 0.318757
-0.503442	-1.388401	 0.574927	 0.902479	 0.499932	 0.498264	 0.509962	 0.862583	 0.745083	-1.313494	 0.002391	 0.318696
-0.501428	-1.164098	 0.572628	 1.173118	 0.499932	 0.498264	 0.532738	 0.859133	 0.742102	-1.308213	 0.002419	 0.318665
-0.500421	-1.050066	 0.570338	 0.805550	 0.499932	-0.501736	 0.543015	 0.855697	 0.739134	-1.302967	-0.497568	 0.318649
-0.499918	-0.991178	 0.568056	 0.621766	 0.499932	-0.998732	 0.547047	 0.852275	 0.736177	-1.297748	-0.745566	 0.318642
-0.499666	-1.459870	 0.565784	 0.029874	 0.499932	-0.244239	 0.047960	 0.848866	 0.733233	-1.292554	-0.367577	 0.318638
-0.499540	-1.690359	 0.563521	-0.264948	 0.499932	 0.131987	-0.201583	 0.845470	 0.730300	-1.287382	-0.178583	 0.318636
-0.499477	-1.301761	 0.561267	 0.088760	 0.499932	 0.319084	 0.173646	 0.842088	 0.727378	-1.282232	-0.084086	 0.318635
-0.499446	-1.105636	 0.559022	 0.265615	 0.499932	 0.411620	 0.360162	 0.838720	 0.724469	-1.277102	-0.036838	 0.318634
-0.499430	-1.005755	 0.556786	 0.354042	 0.499932	 0.456879	 0.452327	 0.835365	 0.721571	-1.271994	-0.013214	 0.318634
-0.499422	-1.454002	 0.054559	 0.398255	 0.499932	 0.478505	 0.497321	 0.832024	 0.718685	-1.266906	-0.001401	 0.318634
-0.499418	-1.674321	-0.196555	 0.420362	 0.499932	 0.488317	 0.518733	 0.828696	 0.715810	-1.261838	 0.004505	 0.318634
-0.499416	-1.280692	 0.177888	 0.431416	 0.499932	 0.493224	 0.528358	 0.825381	 0.712947	-1.256791	 0.007458	 0.318634
-0.499415	-1.082103	 0.364005	 0.436942	 0.499932	 0.495677	 0.532095	 0.822079	 0.710095	-1.251764	 0.008934	 0.318634
-0.499415	-1.481041	 0.455964	 0.439706	 0.499932	 0.496903	 0.532892	 0.818791	 0.707255	-1.246756	 0.009672	 0.318634
-0.499414	-1.676751	 0.500847	 0.441087	 0.499932	 0.497517	 0.532223	 0.815516	 0.704426	-1.241769	 0.010042	 0.318634
-0.499414	-1.770860	 0.522197	 0.441778	 0.499932	 0.497823	 0.530826	 0.812254	 0.701608	-1.236802	 0.010226	 0.318634
-0.499414	-1.814185	 0.531785	 0.442124	 0.499932	 0.497977	 0.529068	 0.809005	 0.698802	-1.231855	 0.010318	 0.318634
-0.499414	-1.832133	 0.535496	 0.442296	 0.499932	 0.498053	 0.527134	 0.805769	 0.696006	-1.226928	 0.010365	 0.318634
-0.499414	-1.337406	 0.536274	 0.442383	 0.499932	 0.498092	 0.525117	 0.802546	 0.693222	-1.222020	 0.010388	 0.318634
-0.499414	-1.088358	 0.535588	 0.442426	 0.499932	 0.498111	 0.523063	 0.799335	 0.690449	-1.217132	 0.010399	 0.318634
-0.499414	-1.462155	 0.534176	 0.442447	 0.499932	 0.498120	 0.520993	 0.796138	 0.687688	-1.212263	 0.010405	 0.818634
-0.499414	-1.645381	 0.532404	 0.442458	 0.499932	 0.498125	 0.518921	 0.792954	 0.684937	-1.207414	 0.010408	 1.065997
-0.499414	-1.233337	 0.530457	 0.942464	 0.499932	 0.498128	 0.516851	 0.789782	 0.682197	-1.202585	 0.010409	 0.687051
-0.499414	-1.025673	 0.528426	 1.189581	 0.499932	 0.498129	 0.514786	 0.786623	 0.679468	-1.197774	 0.010410	 0.497579
-0.499414	-0.920205	 0.526358	 1.310267	 0.499932	 0.498129	 0.512728	 0.783476	 0.676750	-1.192983	 0.010410	 0.402842
-0.499414	-0.865841	 0.524275	 1.367748	 0.499932	 0.498130	 0.510678	 0.780342	 0.674043	-1.188211	 0.010411	 0.355474
-0.499414	-0.837036	 0.522190	 1.393638	 0.499932	 0.498130	 0.508636	 0.777221	 0.671347	-1.183459	 0.010411	 0.331790
-0.499414	-0.821017	 0.520106	 1.403744	 0.499932	 0.498130	 0.506602	 0.774112	 1.168662	-1.178725	 0.010411	 0.319948
-0.499414	-0.811398	 0.518029	 1.405969	 0.499932	 0.498130	 0.504575	 0.771016	 1.413987	-1.174010	 0.010411	 0.314027
-0.499414	-1.304985	 0.515958	 1.404265	 0.499932	 0.498130	 0.502557	 0.767931	 1.033331	-1.169314	 0.010411	 0.311066
-0.499414	-1.548181	 0.513895	 1.400608	 0.499932	 0.498130	 0.500547	 0.764860	 0.841698	-1.164636	 0.010411	 0.309586
-0.499414	-1.166196	 0.511840	 0.895986	 0.499932	 0.498130	 0.499542	 0.761800	 0.744581	-1.159978	 0.010411	 0.308846
-0.499414	-0.973636	 0.509793	 0.643675	 0.499932	 0.498130	 0.499039	 0.758753	 0.694728	-1.155338	 0.010411	 0.308476
-0.499414	-0.875793	 0.507754	 0.517519	 0.499932	 0.498130	 0.498788	 0.755718	 0.668511	-1.150717	 0.010411	 0.808291
-0.499414	-0.825316	 0.505723	 0.454441	 0.499932	 0.498130	 0.498662	 0.752695	 0.654119	-1.146114	 0.010411	 1.055582
-0.499414	-0.798528	 0.503700	 0.422902	 0.499932	 0.498130	 0.498599	 0.749684	 0.645643	-1.141529	 0.010411	 1.176622
-0.499414	-0.783590	 0.501685	 0.407133	 0.499932	 0.498130	 0.498568	 0.746686	 0.640131	-1.136963	 0.010411	 0.734547
-0.499414	-0.774584	 0.500678	 0.399248	 0.499932	 0.498130	 0.498552	 0.743699	 0.636105	-1.132415	 0.010411	 0.513509
-0.499414	-0.768550	 0.500174	 0.395306	 0.499932	 0.498130	 0.498544	 0.740724	 0.632828	-1.127886	 0.010411	 0.902990
-0.499414	-0.764008	 0.499922	 0.393334	 0.499932	 0.498130	 0.498540	 0.737761	 0.629931	-1.123374	 0.010411	 1.095146
-0.499414	-0.760218	 0.499796	 0.392349	 0.499932	 0.498130	 0.498538	 0.734810	 0.627228	-1.118881	 0.010411	 0.688649
-0.499414	-0.756810	 0.499733	 0.391856	 0.499932	 0.498130	 0.498538	 0.731871	 0.624627	-1.114405	 0.010411	 0.485401
-0.499414	-0.753599	 0.499702	 0.391610	 0.499932	 0.498130	 0.498537	 0.728943	 0.622083	-1.109948	 0.010411	 0.383776
-0.499414	-0.750493	 0.499686	 0.391487	 0.499932	 0.498130	 0.498537	 0.726028	 0.619572	-1.105508	 0.010411	 0.332964
-0.499414	-0.747445	 0.499678	 0.391425	 0.499932	 0.498130	 0.498537	 0.723124	 0.617082	-1.101086	 0.010411	 0.307558
-0.499414	-0.744432	 0.499674	 0.391394	 0.499932	 0.498130	-0.001463	 0.720231	 0.614608	-1.096681	-0.489589	 0.294855
-0.499414	-0.741443	 0.499672	 0.391379	 0.499932	 0.498130	-0.250461	 0.717350	 0.612147	-1.092295	-0.737610	 0.288504
-0.499414	-0.738472	 0.499671	 0.391371	 0.499932	 0.498130	 0.125041	 0.714481	 0.609697	-1.087925	-0.859649	 0.285328
-0.499414	-0.735515	 0.499671	 0.391367	 0.499932	 0.498130	 0.311791	 0.711623	 0.607257	-1.083574	-0.918705	 0.283740
-0.499414	-1.232571	 0.499670	 0.391365	 0.499932	 0.498130	 0.405165	 0.708776	 0.604828	-1.079239	-0.446278	 0.282946
-0.499414	-1.477640	 0.499670	 0.391364	 0.499932	 0.498130	 0.451853	 0.705941	 0.602409	-1.074923	-0.210064	 0.282549
-0.499414	-1.096729	 0.499670	 0.391364	 0.499932	 0.498130	 0.475197	 0.203117	 0.599999	-1.070623	-0.091957	 0.282351
-0.499414	-0.904842	 0.499670	 0.391364	 0.499932	 0.498130	 0.486868	-0.048294	 0.597599	-1.066340	-0.032904	 0.282252
-0.499414	-0.807473	 0.499670	 0.391363	 0.499932	 0.498130	 0.492704	-0.174000	 0.595208	-1.062075	-0.003377	 0.282202
-0.499414	-0.757368	 0.499670	 0.891363	 0.499932	 0.498130	 0.495622	 0.263147	 0.592827	-1.057827	 0.011386	 0.782177
-0.499414	-0.730901	 0.499670	 1.138581	 0.499932	 0.498130	 0.497081	 0.480320	 0.590456	-1.053595	 0.018768	 1.029600
-0.499414	-0.716259	 0.499670	 0.759418	 0.499932	 0.498130	 0.497811	 0.087511	 0.588094	-1.049381	 0.022459	 0.650758
-0.499414	-0.707534	 0.499670	 0.569836	 0.499932	 0.498130	 0.498175	-0.108893	 0.585742	-1.045183	 0.024304	 0.461337
-0.499414	-0.701774	 0.499670	 0.475045	 0.499932	 0.498130	 0.498358	 0.292905	 0.583399	-1.041003	 0.025227	 0.366626
-0.499414	-0.697502	 0.499670	 0.427650	 0.499932	 0.498130	 0.498449	 0.492414	 0.581065	-1.036839	 0.025688	 0.319271
-0.499414	-0.693980	 0.499670	 0.903952	 0.499932	 0.498130	 0.498495	 0.590785	 1.078741	-1.032691	 0.025919	 0.295593
-0.499414	-0.690838	 0.499670	 1.139343	 0.499932	 0.498130	 0.498517	 0.638592	 1.324426	-1.028561	 0.026034	 0.283754
-0.499414	-0.687891	 0.499670	 1.254289	 0.499932	 0.498130	 0.498529	 0.661123	 1.444128	-1.024446	 0.026092	 0.277835
-0.499414	-1.185048	 0.499670	 0.809023	 0.499932	 0.498130	 0.498535	 0.671021	 1.000852	-1.020349	 0.026121	 0.774875
-0.499414	-1.430262	 0.499670	 0.586391	 0.499932	 0.498130	 0.498537	 0.674608	 0.778099	-1.016267	 0.026135	 1.020852
-0.499414	-1.549518	 0.499670	 0.475074	 0.499932	 0.498130	-0.001461	 0.675046	 0.665611	-1.012202	 0.026142	 1.141306
-0.499414	-1.605809	 0.499670	 0.419416	 0.499932	 0.498130	-0.250458	 0.673913	 0.608261	-1.008153	 0.026146	 1.199010
-0.499414	-1.130630	-0.000330	 0.391587	 0.499932	 0.498130	 0.125044	 0.672001	 0.578484	-1.004121	 0.026148	 0.725348
-0.499414	-0.891729	-0.249329	 0.377672	 0.499932	 0.498130	 0.311794	 0.669705	 0.562499	-1.000104	 0.026149	 0.488517
