-0.498872	-0.209777	 0.496614	-0.296632	 0.337479	 0.499073	 0.412304	 0.862398	 1.231904	-0.784764	 0.161793	 0.874289
-0.498872	-0.208991	 0.497343	 0.102439	 0.452962	 0.499073	 0.412304	 0.858949	 1.227160	-0.782539	 0.161793	 0.894949
-0.498872	-0.208599	 0.497708	 0.300972	 0.509566	 0.499073	 0.412304	 0.855513	 1.222343	-0.779866	 0.161793	 0.903447
-0.498872	-0.208402	 0.497890	 0.400239	 0.536736	 0.499073	 0.412304	 0.852091	 1.217500	-0.776975	 0.161793	 0.905873
-0.498872	-0.208304	 0.497982	 0.449872	 0.549193	 0.499073	 0.412304	 0.848682	 1.212653	-0.773981	 0.161793	 0.905269
-0.498872	-0.208255	 0.498027	 0.474689	 0.554299	 0.499073	 0.412304	 0.845288	 1.207814	-0.770942	 0.161793	 0.903158
-0.498872	-0.708230	 0.498050	 0.487097	 0.555733	 0.499073	 0.412304	 0.841907	 1.202988	-0.767887	 0.161793	 0.400300
-0.498872	-0.955801	 0.498061	 0.493301	 0.555335	 0.499073	 0.412304	 0.838539	 1.198179	-0.764830	 0.161793	 0.148871
-0.498872	-0.577180	 0.498067	 0.496403	 0.554027	 0.499073	-0.087696	 0.835185	 1.193388	-0.761778	 0.161793	 0.523157
-0.498872	-0.387870	 0.498070	 0.497954	 0.552267	 0.499073	-0.336521	 0.831844	 1.188615	-0.758734	 0.161793	 0.708504
-0.498872	-0.293215	 0.498071	 0.498730	 0.550286	 0.499073	 0.040237	 0.828517	 1.183861	-0.755701	 0.161793	 0.799391
-0.498872	-0.245887	 0.498072	 0.499118	 0.548199	 0.499073	 0.228617	 0.825203	 1.179126	-0.752679	 0.161793	 0.843053
-0.498872	-0.222223	 0.498072	 0.499311	 0.546063	 0.499073	 0.322806	 0.821902	 1.174409	-0.749669	 0.161793	 0.863111
-0.498872	-0.210391	 0.498073	 0.499408	 0.543907	-0.000927	-0.130099	 0.818614	 0.669711	-0.746670	 0.161793	 0.871374
-0.498872	-0.204475	 0.498073	 0.499457	 0.541746	-0.249925	-0.355386	 0.815340	 0.417363	-0.743684	 0.161793	 0.873746
-0.498872	-0.201517	 0.498073	 0.499481	 0.539586	-0.374424	 0.033133	 0.812078	 0.791188	-0.740709	 0.161793	 0.873179
-0.498872	-0.200038	 0.498073	 0.499493	 0.537431	-0.436674	 0.227392	 0.808830	 0.975771	-0.737746	 0.161793	 0.871151
-0.498872	-0.199299	 0.498073	 0.499499	 0.535283	 0.032202	 0.324521	 0.805595	 1.065742	-0.734795	 0.161793	 0.868399
-0.498872	-0.198929	 0.498073	 0.499502	 0.533143	 0.265637	 0.373086	 0.802372	 1.108416	-0.731856	 0.161793	 0.865291
-0.498872	-0.198744	 0.498073	 0.499504	 0.031011	 0.382355	 0.397368	 0.799163	 1.127450	-0.728929	 0.161793	 0.862013
-0.498872	-0.198652	 0.498073	 0.499505	-0.220055	 0.440714	 0.409509	 0.795966	 1.134675	-0.726013	 0.161793	 0.858657
-0.498872	-0.698606	 0.498073	 0.499505	 0.154412	 0.469893	 0.415580	 0.792782	 1.136003	-0.723109	 0.161793	 0.855268
-0.498872	-0.946185	 0.498073	 0.499505	 0.340588	 0.484483	 0.418615	 0.789611	 1.134393	-0.720217	 0.161793	 0.851870
-0.498872	-1.067588	 0.498073	 0.499505	 0.432622	 0.491778	 0.420133	 0.786453	 1.131322	-0.717336	 0.161793	 0.848473
-0.498872	-0.625911	 0.498073	 0.499505	 0.477590	 0.495425	 0.420892	 0.783307	 1.127530	-0.714466	 0.161793	 0.845085
-0.498872	-0.405072	 0.498073	 0.499505	 0.499029	 0.497249	 0.421271	 0.780174	 1.123387	-0.711609	 0.161793	 0.841708
-0.498872	-0.294653	 0.498073	 0.499505	 0.008707	 0.498161	 0.421461	 0.777053	 1.119076	-0.708762	 0.161793	 0.338342
-0.498872	-0.239444	 0.498073	 0.499505	-0.236454	 0.498617	 0.421556	 0.773945	 1.114692	-0.705927	 0.161793	 0.086660
-0.498872	-0.211839	 0.498073	 0.499505	 0.140966	 0.498845	 0.421603	 0.270849	 1.110279	-0.703103	 0.161793	 0.460818
-0.498872	-0.198036	 0.498073	 0.499505	 0.328639	 0.498959	 0.421627	 0.019301	 1.105861	-0.700291	 0.161793	 0.646228
-0.498872	-0.191135	 0.498073	 0.499505	 0.421443	 0.499016	 0.421639	 0.393527	 1.101449	-0.697490	 0.161793	 0.237269
-0.498872	-0.187685	 0.498073	 0.499505	 0.466816	 0.499044	 0.421645	 0.579105	 1.097049	-0.694700	 0.161793	 0.032790
-0.498872	-0.185959	 0.498073	 0.499505	 0.488479	 0.499058	 0.421648	 0.670364	 1.092663	-0.691921	 0.161793	-0.069450
-0.498872	-0.185097	 0.498073	 0.499505	 0.498290	 0.499065	 0.421649	 0.714471	 1.088294	-0.689153	 0.161793	 0.379430
-0.498872	-0.184665	 0.498073	 0.499505	 0.502179	 0.499069	 0.421650	 0.735007	 1.083942	-0.686397	 0.161793	 0.602214
-0.498872	-0.184450	 0.498073	 0.499505	 0.503111	 0.499071	 0.421650	 0.743764	 1.079606	-0.683651	 0.161793	 0.211956
-0.498872	-0.184342	 0.498073	 0.499505	 0.502570	 0.499072	 0.421650	 0.746637	 1.075288	-0.680917	 0.161793	 0.016826
-0.498872	-0.184288	 0.498073	 0.499505	 0.501295	 0.499072	 0.421650	 0.746575	 0.570987	-0.178193	 0.161793	 0.419262
-0.498872	-0.184261	 0.498073	 0.499505	 0.499657	 0.499072	 0.421651	 0.745051	 0.318836	 0.073169	 0.161793	 0.618836
-0.498872	-0.184248	 0.498073	 0.499505	 0.498838	 0.499072	 0.421651	 0.742801	 0.692761	-0.301150	 0.161793	 0.716987
-0.498872	-0.184241	 0.498073	 0.499505	 0.498429	 0.499073	 0.421651	 0.740196	 0.877590	-0.486959	 0.161793	 0.764431
-0.498872	-0.184237	 0.498073	 0.499505	 0.498224	 0.499073	 0.421651	 0.737418	 0.967880	-0.578518	 0.161793	 0.786530
-0.498872	-0.184236	 0.498073	 0.499505	 0.498122	 0.499073	 0.421651	 0.734559	 1.010908	-0.122957	 0.161793	 0.295962
-0.498872	-0.184235	 0.498073	 0.499505	 0.498071	 0.499073	 0.421651	 0.731667	 1.030315	 0.104824	 0.161793	 0.050678
-0.498872	-0.184234	 0.498073	 0.499505	-0.001955	 0.499073	 0.421651	 0.728763	 1.037918	-0.281286	 0.161793	 0.428036
-0.498872	-0.184234	 0.498073	 0.499505	-0.250964	 0.499073	 0.421651	 0.725859	 1.039629	-0.473006	 0.161793	 0.615105
-0.498872	-0.184234	 0.498073	 0.499505	-0.375468	-0.000927	 0.421651	 0.722962	 1.038402	-0.067537	 0.161793	 0.707034
-0.498872	-0.184234	 0.498073	 0.499505	-0.437720	-0.249926	 0.421651	 0.720073	 1.035714	 0.135198	 0.161793	 0.751401
-0.498872	-0.184234	 0.498073	 0.499505	-0.468846	 0.125575	 0.421651	 0.717194	 1.032304	-0.263435	 0.161793	 0.771993
-0.498872	-0.184234	 0.498073	 0.499505	-0.484409	 0.312324	 0.421651	 0.714326	 1.028541	-0.461427	 0.161793	 0.780704
-0.498872	-0.184234	 0.498073	 0.499505	-0.492191	 0.405698	 0.421651	 0.711469	 1.024610	-0.559104	 0.161793	 0.783481
-0.498872	-0.184234	 0.498073	 0.499505	 0.003918	 0.452385	 0.421651	 0.708623	 1.020603	-0.606629	 0.161793	 0.783296
-0.498872	-0.184234	 0.498073	 0.499505	 0.250973	 0.475728	 0.421651	 0.705789	 1.016567	-0.629084	 0.161793	 0.781638
-0.498872	-0.184234	 0.498073	 0.499505	-0.125500	 0.487400	 0.421651	 0.702966	 1.012523	-0.639008	 0.161793	 0.779249
-0.498872	-0.184234	 0.498073	 0.499505	-0.312732	 0.493236	 0.421651	 0.700154	 1.008485	-0.642672	 0.161793	 0.776501
-0.498872	-0.184234	 0.498073	 0.499505	 0.093651	 0.496154	 0.421651	 0.697353	 0.504457	-1.143211	 0.161793	 0.773579
-0.498872	-0.184234	 0.498073	 0.499505	 0.295843	 0.497613	 0.421651	 0.694564	 0.252442	-1.390193	 0.161793	 0.770577
-0.498872	-0.184234	 0.498073	 0.499505	 0.396939	 0.498342	 0.421651	 0.691786	 0.626435	-1.010410	 0.161793	 0.767541
-0.498872	-0.184234	 0.498073	 0.499505	 0.447487	 0.498707	 0.421651	 0.689018	 0.811431	-0.819257	 0.161793	 0.764493
-0.498872	-0.184234	 0.498073	 0.499505	 0.472761	 0.498890	 0.421651	 0.686262	 0.901936	-0.722425	 0.161793	 0.761447
-0.498872	-0.184234	 0.498073	 0.499505	 0.485398	 0.498981	 0.421651	 0.683517	 0.945204	-0.672757	 0.161793	 0.258407
-0.498872	-0.184234	 0.498073	 0.499505	 0.491717	 0.499026	 0.421651	 0.680783	 0.964860	-0.646677	 0.161793	 0.006887
-0.498872	-0.184234	 0.498073	 0.499505	 0.494876	 0.499049	 0.421651	 0.678060	 0.972720	-0.632396	 0.161793	 0.381127
-0.498872	-0.184234	 0.498073	 0.499505	 0.496455	 0.499061	 0.421651	 0.675348	 0.974688	-0.624019	 0.161793	 0.566736
-0.498872	-0.684234	 0.498073	 0.499505	 0.497245	 0.499066	 0.421651	 0.672646	 0.973719	-0.118599	 0.161793	 0.658036
-0.498872	-0.931866	 0.498073	 0.499505	 0.497640	 0.499069	 0.421651	 0.669956	 0.971289	 0.134110	 0.161793	 0.702187
-0.498872	-0.553322	 0.498073	-0.000495	 0.497838	 0.499071	 0.421651	 0.167276	 0.968137	-0.239535	 0.161793	 0.722770
-0.498872	-0.364051	 0.498073	-0.249494	 0.497936	 0.499071	 0.421651	-0.084064	 0.964630	-0.425131	 0.161793	 0.731575
-0.498872	-0.269415	 0.498073	-0.373993	 0.497986	 0.499072	 0.421651	-0.209734	 0.960955	-0.516708	 0.161793	 0.734497
-0.498872	-0.222097	 0.498073	 0.063757	 0.498010	 0.499072	 0.421651	 0.227431	 0.457202	-0.561279	-0.338207	 0.234483
-0.498872	-0.198438	 0.498073	 0.281629	 0.498023	 0.499072	 0.421651	 0.444685	 0.205326	-0.582353	-0.586531	-0.015524
-0.498872	-0.186609	 0.498073	 0.390565	 0.498029	 0.499072	 0.421651	 0.551987	 0.579388	-0.091684	-0.209023	 0.359472
-0.498872	-0.180694	 0.498073	 0.445033	 0.498032	 0.499072	 0.421651	 0.604320	 0.764512	 0.153651	-0.020269	 0.545502
-0.498872	-0.177736	 0.498073	 0.472267	 0.498034	 0.499072	 0.421651	 0.629173	 0.855175	-0.223681	 0.074108	 0.637053
-0.498872	-0.176258	 0.498073	 0.485884	 0.498034	 0.499072	 0.421651	 0.640292	 0.898615	-0.411146	 0.121296	 0.681372
-0.498872	-0.175518	 0.498073	 0.492693	 0.498035	 0.499072	 0.421651	 0.644548	 0.418451	-0.503681	 0.144891	 0.202080
-0.498872	-0.175149	 0.498073	 0.496097	 0.498035	 0.499072	 0.421651	 0.645379	 0.178368	-0.548756	 0.156688	-0.037566
-0.498872	-0.174964	 0.498073	 0.497799	 0.498035	 0.499072	 0.421651	 0.644502	 0.058327	-0.570105	 0.162586	-0.157389
-0.498872	-0.174872	-0.001927	 0.498650	-0.501965	 0.499072	 0.421651	 0.642776	 0.498307	-0.579597	 0.165536	-0.217301
-0.498872	-0.174825	-0.250923	 0.499076	-0.998961	 0.499072	 0.421651	 0.640631	 0.716420	-0.583165	 0.167010	-0.247257
-0.498872	-0.174802	 0.124578	 0.499288	-0.744467	 0.499072	 0.421651	 0.638281	 0.323608	-0.583776	 0.167748	 0.237765
-0.498872	-0.174791	 0.311329	 0.499395	-0.617220	 0.499072	 0.421651	 0.635835	 0.127201	-0.582912	 0.168116	 0.478831
-0.498872	-0.174785	 0.404705	 0.499448	-0.053597	 0.499072	 0.421651	 0.633345	 0.028998	-0.581316	 0.168301	 0.097924
-0.498872	-0.174782	 0.451392	 0.499475	 0.227195	 0.499072	 0.421651	 0.630838	-0.020103	-0.579359	 0.168393	-0.092530
-0.498872	-0.174781	 0.474736	 0.499488	 0.366575	 0.499072	 0.421651	 0.628328	-0.044654	-0.077225	 0.168439	-0.187756
-0.498872	-0.174780	 0.486408	 0.499495	 0.435253	 0.499072	 0.421651	 0.625821	-0.056930	 0.173841	 0.168462	-0.235370
-0.498872	-0.174779	 0.492244	 0.499498	 0.468584	 0.499072	 0.421651	 0.623321	-0.063067	 0.299375	 0.168473	-0.259176
-0.498872	-0.174779	 0.495162	 0.499500	 0.484246	 0.499072	 0.421651	 0.620830	 0.433864	 0.362141	 0.168479	-0.271080
-0.498872	-0.174779	 0.496621	 0.499500	 0.492077	 0.499072	 0.421651	 0.618347	 0.680468	 0.393525	 0.168482	-0.277031
-0.498872	-0.174779	 0.497351	 0.499501	 0.495992	 0.499072	 0.421651	 0.615874	 0.301916	 0.409216	 0.168483	 0.219993
-0.498872	-0.174779	 0.497715	 0.499501	 0.497950	 0.499072	 0.421651	 0.613411	 0.112640	 0.417062	 0.168484	 0.467071
-0.498872	-0.174779	 0.497898	 0.499501	 0.498929	 0.499072	 0.421651	 0.610957	 0.518002	-0.079015	 0.168484	 0.589181
-0.498872	-0.174779	 0.497989	 0.499501	 0.499418	 0.499072	 0.421651	 0.608514	 0.718836	-0.325903	 0.168485	 0.648814
-0.498872	-0.174779	 0.498034	 0.499501	 0.499663	 0.499072	 0.421651	 0.606080	 0.817414	 0.051798	 0.168485	 0.677214
-0.498872	-0.174779	 0.498057	 0.499501	 0.499785	 0.499072	 0.421651	 0.603655	 0.864871	 0.240649	 0.168485	 0.690002
-0.498872	-0.174779	 0.498069	 0.499501	 0.499846	 0.499072	 0.421651	 0.601241	 0.886774	 0.335074	 0.168485	 0.694991
-0.498872	-0.174779	 0.498074	 0.499501	 0.499877	 0.499072	 0.421651	 0.598836	 0.895909	 0.382287	 0.168485	 0.696085
-0.498872	-0.174779	 0.498077	 0.499501	 0.499892	 0.499072	 0.421651	 0.596440	 0.898666	 0.405893	 0.168485	 0.695238
-0.498872	-0.174779	 0.498079	 0.499501	-0.000100	 0.499072	 0.421651	 0.594055	 0.898242	-0.082304	 0.168485	 0.193426
-0.498872	-0.174779	 0.498079	 0.499501	-0.249096	 0.499072	 0.421651	 0.591678	 0.896234	-0.325261	 0.168485	-0.057480
-0.498872	-0.174779	 0.498080	 0.499501	 0.126406	 0.499072	 0.421651	 0.589312	 0.393442	-0.445603	 0.168485	 0.317067
-0.498872	-0.174779	 0.498080	 0.499501	 0.313153	 0.499072	 0.421651	 0.586954	 0.142046	-0.504642	 0.168485	 0.502957
-0.498872	-0.174779	 0.498080	-0.000499	 0.406527	 0.499072	 0.421651	 0.584607	 0.516347	-0.033035	 0.168485	 0.594524
-0.498872	-0.174779	 0.498080	-0.249498	 0.453213	 0.499072	 0.421651	 0.582268	 0.701717	 0.202769	 0.168485	 0.638936
-0.498872	-0.174779	 0.498080	-0.373997	 0.476557	 0.499072	 0.421651	 0.579939	 0.792628	-0.179329	 0.168485	 0.659775
-0.498872	-0.174779	 0.498080	-0.436247	 0.488229	 0.499072	 0.421651	 0.577619	 0.836316	-0.369255	 0.168485	 0.668833
-0.498872	-0.174779	 0.498080	-0.467372	 0.494064	 0.499072	 0.421651	 0.575309	 0.856400	-0.463100	 0.168485	 0.672006
-0.498872	-0.174779	 0.498080	-0.482934	 0.496982	 0.499072	 0.421651	 0.573008	 0.864689	-0.008908	 0.168485	 0.172243
-0.498872	-0.174779	 0.498080	-0.490716	 0.498441	 0.499072	 0.421651	 0.570716	 0.867088	 0.218187	 0.168485	-0.077639
-0.498872	-0.174779	 0.498080	 0.005394	 0.499171	 0.499072	-0.078349	 0.568433	 0.366548	 0.331735	 0.168485	-0.202580
-0.498872	-0.174779	 0.498080	 0.252446	 0.499536	 0.499072	-0.327193	 0.566159	 0.116278	 0.388509	 0.168485	-0.265050
-0.498872	-0.174779	 0.498080	 0.375971	 0.499718	 0.499072	 0.049538	 0.563894	 0.491143	 0.416896	-0.331515	 0.203714
-0.498872	-0.174779	 0.498080	 0.437734	 0.499809	 0.499072	 0.237903	 0.561639	 0.676844	 0.431090	-0.579852	 0.436752
-0.498872	-0.174779	 0.498080	 0.468616	 0.499855	 0.499072	 0.332086	 0.559392	 0.267969	 0.438186	-0.202364	 0.051931
-0.498872	-0.174779	 0.498080	 0.484056	 0.499877	 0.499072	 0.379177	 0.557155	 0.063532	 0.441735	-0.013620	-0.140480
-0.498872	-0.174779	 0.498080	 0.491777	 0.499889	 0.499072	 0.402722	 0.554926	-0.038687	 0.443509	 0.080752	-0.236685
-0.498872	-0.174779	 0.498080	-0.004363	 0.499895	 0.499072	 0.414495	 0.552706	 0.410204	-0.055604	 0.127938	-0.284787
-0.498872	-0.174779	 0.498080	-0.251432	 0.499897	 0.499072	 0.420382	 0.550496	 0.632931	-0.304051	 0.151531	-0.308839
-0.498872	-0.174779	-0.001920	 0.125034	 0.499899	 0.499072	 0.423325	 0.548294	 0.742583	 0.072831	 0.163327	-0.320864
-0.498872	-0.174779	-0.250916	 0.312263	 0.499900	 0.499072	 0.424797	 0.546100	 0.795705	 0.261271	 0.169225	-0.326877
-0.498872	-0.174779	 0.124586	 0.405878	-0.000100	 0.499072	 0.425532	 0.543916	-0.179432	 0.355492	 0.172175	 0.170116
-0.498872	-0.174779	 0.311337	 0.452686	-0.249100	 0.499072	 0.425900	 0.541740	-0.664691	 0.402602	 0.173649	 0.417279
-0.498872	-0.174779	 0.404712	 0.476090	 0.126400	 0.499072	 0.426084	 0.539573	 0.094979	 0.426157	 0.174386	 0.539531
-0.498872	-0.174779	 0.451400	 0.487791	 0.313147	 0.499072	 0.426176	 0.537415	 0.473105	 0.437935	 0.174755	 0.599334
-0.498872	-0.174779	 0.474744	 0.493642	 0.406520	 0.499072	 0.426222	 0.535265	 0.660465	 0.443823	 0.174939	 0.627917
-0.498872	-0.174779	 0.486415	-0.003432	 0.453206	 0.499072	-0.073755	 0.533124	 0.752450	 0.446768	 0.175031	 0.640896
-0.498872	-0.174779	 0.492251	-0.250968	 0.476550	 0.499072	-0.322596	 0.530992	 0.796753	 0.448240	 0.175078	 0.646077
-0.498872	-0.174779	 0.495169	 0.125263	 0.488221	 0.499072	 0.054126	 0.528868	 0.817223	 0.448976	 0.175101	 0.647365
-0.498872	-0.174779	 0.496628	 0.312376	 0.494057	 0.499072	 0.242488	 0.526752	 0.825782	 0.449344	 0.175112	 0.646712
-0.498872	-0.174779	 0.497358	 0.405933	-0.003025	 0.499072	 0.336668	 0.524645	 0.828393	-0.050472	 0.175118	 0.145093
-0.498872	-0.174779	 0.497723	 0.452711	-0.250566	 0.499072	 0.383759	 0.522547	 0.828037	-0.299279	 0.175121	-0.105716
-0.498872	-0.174779	 0.497905	 0.476100	 0.125664	 0.499072	 0.407304	 0.520457	 0.826203	 0.077413	 0.175122	 0.268879
-0.498872	-0.174779	 0.497996	 0.487795	 0.312775	 0.499072	 0.419076	 0.518375	 0.823638	 0.265759	 0.175123	 0.454890
-0.498872	-0.174779	 0.498042	 0.493642	 0.406330	 0.499072	 0.424963	 0.516301	 0.820713	 0.359932	 0.175123	 0.546614
-0.498872	-0.174779	 0.498065	 0.496566	 0.453108	 0.999072	 0.427906	 0.514236	 0.817615	 0.407019	 0.175123	 0.591199
-0.498872	-0.174779	 0.498076	 0.498027	 0.476497	 1.246074	 0.429377	 0.512179	 0.814437	 0.430562	 0.175124	 0.612220
-0.498872	-0.174779	 0.498082	 0.498758	 0.488191	 0.866589	 0.430113	 0.510130	 0.811225	 0.442334	 0.175124	 0.621464
-0.498872	-0.174779	 0.498085	 0.499124	 0.494039	 0.676846	 0.430481	 0.508090	 0.808003	 0.448220	 0.175124	 0.624824
-0.498872	-0.174779	 0.498086	 0.499307	 0.496962	 0.581975	 0.430665	 0.506058	 0.804783	 0.451163	 0.175124	 0.625248
-0.498872	-0.174779	 0.498087	 0.499398	 0.498424	 0.534539	 0.430757	 0.504033	 0.801569	 0.452634	 0.175124	 0.624209
-0.498872	-0.174779	 0.498087	 0.499444	 0.499155	 0.510821	 0.430803	 0.502017	 0.798366	 0.453370	 0.175124	 0.622443
-0.498872	-0.174779	 0.498087	 0.499466	 0.499520	 0.498962	 0.430826	 0.500009	 0.795174	 0.453738	 0.175124	 0.620319
-0.498872	-0.174779	 0.498087	 0.499478	 0.499703	 0.493033	 0.430837	 0.499005	 0.791994	 0.453922	 0.175124	 0.618020
-0.498872	-0.174779	 0.498087	 0.499484	 0.499795	 0.490068	 0.430843	 0.498503	 0.788826	 0.454014	 0.175124	 0.615639
-0.498872	-0.174779	 0.498087	 0.499486	 0.499840	 0.488586	 0.430846	 0.498252	 0.785671	 0.454060	 0.175124	 0.613222
-0.498872	-0.174779	 0.498087	 0.499488	 0.999863	 0.987845	 0.930847	 0.498127	-0.217471	 1.954083	 0.175124	 0.110792
-0.498872	-0.174779	 0.498087	 0.499489	 1.246875	 1.234500	 1.177986	 0.498064	-0.716601	 2.697186	 0.175124	-0.140423
 0.001128	 0.825221	 0.498087	 0.499489	 1.367393	 0.854865	 1.798706	-1.001968	-1.963735	 3.561857	-0.324876	-0.266030
 0.250126	 1.321570	 0.498087	 0.499489	 1.424676	 0.665048	 2.104226	-1.746979	-2.580880	 3.985339	-0.573227	-0.328834
 0.874625	 4.066109	-0.001913	-0.000511	 1.950354	 0.070139	 2.752167	-3.114501	-5.383057	 5.688263	-1.195759	-0.860236
 1.183876	 5.424758	-0.250909	-0.249510	 2.208240	-0.226266	 3.069338	-3.789298	-6.767774	 6.524942	-1.503388	-1.123154
 1.835515	 8.090515	-0.875407	-0.374009	 2.332252	-0.373423	 3.221150	-4.617768	-7.443828	 8.928559	-0.653581	-1.751840
 2.156361	 9.401881	-1.184656	-0.436259	 2.389345	-0.445960	 3.290310	-5.021111	-7.765615	 10.107703	-0.228677	-2.061423
 2.311829	 10.036137	-1.336293	-0.467384	 2.412998	-0.481192	 3.318171	-5.211933	-7.910334	 10.674701	-0.016225	-2.211472
 2.884629	 11.331925	-1.409135	-0.482946	 2.919952	-0.497775	 3.325409	-6.296539	-7.966583	 11.435717	 0.090001	-2.781773
 3.164113	 11.954563	-1.442593	-0.490727	 3.166575	-0.505038	 3.322363	-6.824080	-7.978662	 11.791831	 0.143114	-3.060220
 3.796969	 12.740728	-1.956369	-0.994618	 3.283060	-1.007644	 3.814202	-7.073147	-7.968720	 12.445592	 0.169670	-3.192766
 3.749496	 13.762825	-2.329371	-0.865055	 3.853453	-1.377060	 4.161585	-7.223394	-7.921534	 13.370521	 0.689588	-3.275575
 3.565187	 14.062022	-2.384997	-0.675800	 4.104183	-1.434631	 4.208079	-7.229046	-7.892594	 13.654655	 0.940515	-3.280571
 3.966271	 14.182898	-2.407928	-1.081172	 4.220838	-0.960431	 4.222818	-6.217403	-7.862397	 13.768845	 1.063595	-3.776498
 4.158078	 14.214728	-2.414532	-1.280885	 4.270491	-0.723332	 4.221711	-5.701170	-7.831634	 13.798174	 1.122762	-4.015917
 4.245282	 14.202150	-2.412992	-1.377781	 4.286677	-0.604782	 4.212717	-5.432683	-7.800651	 13.785183	 1.149982	-4.127115
 3.780219	 14.667482	-2.407399	-0.923279	 4.286164	-1.045507	 4.199813	-6.288111	-7.769620	 13.751143	 1.161237	-4.174238
 3.541057	 14.869882	-2.399799	-0.696028	 4.277337	-1.262897	 4.184987	-6.701539	-7.738627	 13.706689	 1.164520	-4.189357
 3.414872	 14.940938	-2.391215	-1.582403	 4.764386	-1.368631	 4.169233	-6.894022	-7.707716	 13.657138	 1.163826	-4.188507
 3.345203	 14.946442	-2.382157	-2.020652	 4.997408	-1.418550	 4.153050	-6.976091	-7.676906	 13.605147	 1.161152	-4.179707
 3.803817	 14.919290	-2.372882	-1.234860	 4.603458	-1.440572	 4.136684	-7.003009	-7.646209	 13.552045	 1.157499	-4.166965
 4.024599	 14.875930	-2.363518	-0.841963	 4.398064	-1.448658	 4.120261	-7.002408	-7.615630	 13.498496	 1.153364	-4.152286
 4.126499	 14.824584	-2.354127	-0.645515	 4.286981	-1.449788	 4.103841	-6.988104	-7.585170	 13.444832	 1.148999	-4.136671
 4.168993	 14.769365	-2.344742	-0.547291	 4.223088	-1.447450	 4.087457	-6.967005	-7.554831	 13.391217	 1.144526	-4.120621
 4.181816	 14.712327	-2.335379	-0.498179	 4.182823	-1.443392	 4.071122	-6.942563	-7.524612	 13.337735	 1.140010	-4.104387
 4.179839	 14.654498	-2.326045	-0.473623	 4.654406	-1.438484	 4.054846	-5.916506	-7.494514	 13.284425	 1.135481	-4.088094
 4.170495	 14.596390	-2.316745	-0.461345	 4.879945	-1.433162	 4.038630	-5.393696	-7.464536	 13.231308	 1.130955	-4.071804
 4.157500	 14.538259	-2.307480	-0.455206	 4.982504	-1.427646	 4.522477	-5.122550	-7.434678	 13.178393	 1.126439	-4.055548
 4.142714	 14.480234	-2.298251	-0.452136	 5.023613	-1.422044	 4.754388	-4.977274	-7.404939	 13.125685	 1.121937	-4.039341
 4.127065	 14.422376	-2.289059	-0.450601	 5.034038	-1.916410	 4.860371	-5.894972	-7.375320	 13.573185	 1.117451	-4.023191
 4.111017	 14.364719	-2.279903	-0.449834	 5.029162	-2.158771	 4.903430	-6.340196	-7.345818	 13.768893	 1.112982	-4.007103
 3.594804	 14.807276	-2.270783	-0.449450	 5.016675	-1.775150	 4.415067	-6.549237	-7.316435	 13.838818	 1.108531	-3.991076
 3.330540	 14.998055	-2.261700	-0.449258	 5.000423	-1.580556	 4.163031	-6.640240	-7.287169	 13.845963	 1.104097	-3.975113
 3.692275	 15.063066	-2.252653	-0.449163	 4.982329	-1.480487	 4.529192	-6.672280	-7.258021	 13.821829	 0.599681	-4.459213
 3.865035	 15.065316	-2.243643	-0.449115	 4.963353	-1.427692	 4.702481	-6.674891	-7.228989	 13.782167	 0.347472	-4.691376
 3.943339	 15.036306	-2.234668	-0.449091	 4.943977	-1.398544	 4.779374	-6.662842	-7.200073	 13.734851	 0.221368	-4.797611
 3.974448	 14.991786	-2.225730	-0.449079	 4.924439	-0.881232	 4.308108	-5.643515	-7.171272	 13.683818	 0.658316	-4.340920
 3.981991	 14.939632	-2.216827	-0.449073	 4.904861	-0.622575	 4.064802	-5.124604	-7.142587	 13.631036	 0.874600	-4.104807
 3.477784	 14.883780	-2.207959	-0.449070	 4.885301	-0.493247	 4.435506	-4.855937	-7.114017	 13.577488	 0.980560	-4.479013
 3.219733	 14.826198	-2.199128	-0.449068	 4.865790	-0.428583	 4.611245	-4.712428	-7.085561	 13.523667	 1.031367	-4.656409
 3.084784	 14.767869	-2.190331	-0.449067	 4.846341	-0.896251	 4.689541	-4.631537	-7.057219	 13.469816	 1.054606	-4.735440
 3.011410	 14.709286	-2.181570	-0.449067	 4.826963	-1.127357	 4.719153	-4.581989	-7.028990	 13.416059	 1.064070	-4.765326
 3.468847	 14.650693	-2.172843	-0.449067	 4.807659	-1.240194	 4.724461	-4.548151	-7.000874	 13.362456	 1.066655	-4.270679
 3.689713	 14.592213	-2.164152	-0.449067	 4.788431	-1.293906	 4.717656	-4.522203	-6.972870	 13.309036	 1.065809	-4.015803
 3.792325	 14.533905	-2.155495	-0.449067	 4.769278	-1.318066	 4.704832	-4.500237	-6.944979	 13.255815	 1.063256	-3.880843
 3.835841	 14.475800	-2.146873	-0.449067	 4.750201	-1.327462	 4.189036	-5.480297	-6.917199	 12.202800	 0.559858	-3.305872
 3.849840	 14.417912	-2.138286	-0.449067	 4.731201	-1.329487	 3.923791	-5.957406	-6.889530	 11.653992	 0.308159	-3.012924
 3.349112	 11.860248	-1.629733	-0.449067	 3.212276	-0.827836	 2.783852	-5.183092	-6.861972	 7.357378	-0.817691	-2.361010
 3.093051	 10.562811	-1.373214	-0.449067	 2.449427	-0.577010	 2.210594	-4.787117	-6.834524	 5.202950	-1.376728	-2.031635
 1.459347	 6.395561	-1.242721	-0.449067	 1.064629	-0.451597	 1.420691	-4.080347	-5.307186	 3.119639	-1.152376	-1.363543
 0.642495	 4.307480	-1.175250	-0.449067	 0.372230	-0.388891	 1.024478	-3.720215	-4.535957	 2.075910	-1.038343	-1.028106
 0.234069	 1.759000	-0.639299	-0.449067	-0.473969	-0.357538	-0.174886	-2.533429	-2.642813	-0.948018	-0.479478	-0.359003
 0.029856	 0.486340	-0.371324	-0.449067	-0.894429	-0.341861	-0.771819	-1.937343	-1.694742	-2.452039	-0.200046	-0.024451
-0.572251	-1.648418	-0.237336	-0.449067	-1.602028	 0.165977	-1.067548	-1.636617	-0.719213	-3.196137	-0.560330	 0.142825
-0.870955	-2.708231	-0.170342	-0.449067	-1.951209	 0.418548	-1.212686	-1.483583	-0.231449	-3.560305	-0.738630	 0.226463
-1.017968	-3.230601	-0.136845	-0.449067	-2.121199	 0.543492	-1.282539	-1.404404	 0.012434	-3.734541	-0.825947	 0.268282
-1.089145	-3.984280	-0.120097	-0.449067	-2.201611	 0.604627	-1.314761	-0.862165	-0.365625	-3.813841	-0.367779	 0.289192
-1.122413	-4.351644	-0.111722	-0.449067	-2.237253	 0.633863	-1.328178	-0.591045	-0.553167	-3.845705	-0.138695	 0.299647
-0.393896	-3.855609	-0.105442	-0.449067	-2.252639	-0.096200	-1.331543	 0.360935	-0.690126	-3.850246	-0.715062	 0.307488
-0.772477	-4.263099	-0.104395	-0.449067	-2.249184	 0.282123	-1.328552	 0.517790	 0.289009	-3.340734	-0.808705	 0.308794
-0.959465	-3.957503	-0.103872	-0.449067	-2.242965	-0.030036	-1.324405	 0.094868	 0.276040	-3.580316	-0.353722	 0.309448
-1.050666	-3.797401	-0.103610	-0.449067	-2.235383	-0.186116	-1.319691	-0.116592	 0.269555	-3.692468	-0.126230	 0.309775
-1.093983	-3.710076	-0.103479	-0.449067	-2.227136	-0.264156	-1.314704	-0.222323	 0.266313	-3.740934	-0.012484	 0.309938
-0.613367	-3.659167	 0.396586	-0.449067	-2.218574	 0.196824	-1.309591	-0.275188	 0.264692	-3.257588	 0.044388	 0.310020
-0.373059	-3.626497	 0.644826	-0.449067	-2.209874	 0.425999	-1.304426	-0.301621	 0.263881	-3.010367	 0.072825	 0.310060
-0.752905	-3.602974	 0.767159	-0.449067	-2.201121	 0.039276	-1.299244	 0.185163	 0.763476	-3.381230	 0.087043	 0.310081
-0.940562	-3.584053	 0.826547	-0.449067	-2.192360	-0.154086	-1.294066	 0.427211	 1.010747	-3.559158	 0.094152	 0.310091
-0.532135	-3.567463	 0.854469	 0.050933	-1.683612	 0.249233	-1.288898	 0.546896	 1.131867	-3.140647	 0.097707	 0.310096
-0.327921	-3.552066	 0.866665	 0.299832	-1.426888	 0.449588	-1.283747	 0.605406	 1.189921	-2.925948	 0.099484	 0.310099
-0.725814	-3.537294	 0.871006	-0.076817	-2.296186	 0.548465	-1.278615	 0.633333	 1.216452	-3.313175	 0.100373	 0.310100
-0.922513	-3.522863	 0.871425	-0.265141	-2.724504	 0.596609	-1.273501	 0.645974	 1.227231	-3.499388	 0.100817	 0.310101
-1.018624	-3.508631	 0.869891	-0.359303	-2.932358	 0.619392	-1.268408	 0.650977	 1.230145	-3.585124	 0.101039	 0.310101
-0.564450	-3.494526	 0.367388	-0.406384	-2.530004	 0.629499	-1.263335	 0.652167	 1.229136	-3.120650	 0.101150	 0.310101
-0.337363	-3.480513	 0.116136	-0.429925	-2.324572	 0.633273	-1.258281	 0.651455	 1.226175	-2.883100	 0.101206	 0.310101
-0.723820	-3.466573	 0.490510	-0.441695	-2.217617	 0.633886	-1.253248	 0.649798	 1.222248	-2.759034	 0.101234	 0.310101
-0.914827	-3.452698	 0.675967	-0.447580	-2.159919	 0.632923	-1.248235	 0.647673	 1.217848	-2.691732	 0.101247	 0.310101
-1.008120	-3.438883	 0.766973	-0.450523	-2.126865	 0.631178	-1.243242	 0.645319	 1.213221	-3.152831	 0.101254	 0.810101
-1.052563	-3.425125	 0.810760	-0.451994	-2.106151	 0.629047	-1.238270	 0.642856	 1.208490	-3.376153	 0.101258	 1.057481
-1.072590	-3.411423	 0.830944	-0.452730	-2.091623	 0.626727	-1.233316	 0.640344	 1.203718	-2.980615	 0.101260	 0.678561
-1.080419	-3.397777	 0.839334	-0.453097	-2.080204	 0.624319	-1.228383	 0.637812	 1.198933	-2.777676	 0.101260	 0.489101
-1.082157	-3.384186	 0.841834	-0.453281	-2.070358	 0.621871	-1.223470	 0.635276	 1.194153	-2.671057	 0.101261	 0.394371
-0.580858	-3.370649	 0.841395	-0.453373	-1.561313	 0.119408	-1.218576	 0.632742	 1.189384	-2.612619	 0.101261	 0.847006
-0.330208	-3.357166	 0.839494	-0.453419	-1.304687	-0.131824	-1.213701	 0.630215	 1.184630	-2.578291	 0.101261	 1.070725
-0.204884	-3.343737	 0.836868	-0.453442	-1.174277	 0.242561	-1.208847	 0.627696	 1.179893	-2.556040	 0.101261	 0.679995
-0.142221	-3.330362	 0.833886	-0.453454	-1.106985	 0.428519	-1.204011	 0.625186	 1.175175	-2.539846	 0.101261	 0.484630
-0.610890	-3.317041	 0.830734	 0.046541	-1.071259	 0.520269	-1.199195	 0.622686	 1.170475	-2.526702	 0.101261	 0.886948
-0.843066	-3.303773	 0.827502	 0.295445	-1.051325	 0.564920	-1.194398	 0.620195	 1.165793	-2.515103	 0.101261	 1.085528
-0.957003	-3.290558	 0.324238	 0.418808	-1.039295	 0.086026	-1.189621	 0.617715	 1.161130	-2.504296	 0.101261	 0.682250
-1.011829	-3.277395	 0.072606	 0.479405	-1.031226	-0.153420	-1.184862	 0.615244	 1.156485	-2.493906	 0.101261	 0.480611
-1.037109	-3.264286	-0.053210	 0.508624	-1.025145	-0.273144	-1.180123	 0.612783	 1.151860	-2.483744	 0.101261	 0.379791
-1.047625	-3.251229	 0.383882	 0.022158	-1.020066	 0.166994	-1.175402	 0.610332	 0.647252	-2.473716	 0.101261	 0.829381
-1.050766	-3.238224	 0.600786	-0.221076	-1.015497	 0.385849	-1.170701	 0.607890	 0.394948	-2.463774	 0.101261	 1.051619
-1.050229	-3.225271	 0.707602	-0.342692	-1.511191	 0.494067	-1.166018	 0.605459	 0.768797	-2.453896	 0.101261	 0.660189
-1.047861	-3.212370	 0.759382	-0.403501	-1.755024	 0.546972	-1.161354	 0.603037	 0.953435	-2.444069	 0.101261	 0.464475
-1.044586	-3.199520	 0.783649	-0.433905	-1.372942	 0.572224	-1.156709	 0.600625	 1.043479	-2.434286	 0.101261	 0.366618
-1.040866	-3.186722	 0.794167	-0.449107	-1.179920	 0.583656	-1.152082	 0.598222	 1.086233	-2.424546	 0.101261	 0.317689
-1.036931	-3.173975	 0.797817	 0.043292	-1.081435	 0.588181	-1.147473	 0.595830	 1.105352	-2.414847	 0.101261	 0.293225
-1.032898	-3.161279	 0.798039	 0.288420	-1.030227	 0.589258	-1.142883	 0.593446	 1.112663	-2.405187	 0.101261	 0.280992
-1.028824	-3.148634	 0.796553	 0.409917	-1.002664	 0.588616	-1.138312	 0.591072	 1.114079	-2.395566	 0.101261	 0.274876
-1.024737	-3.136040	 0.794220	-0.030397	-0.986933	 0.587119	-1.133759	 0.588708	 1.112555	-2.385983	 0.101261	 0.271818
-1.020653	-3.123496	 0.791470	-0.250554	-0.977125	 0.585200	-1.129224	 0.586353	 1.109572	-2.376439	 0.101261	 0.270289
-1.016577	-3.111002	 0.788517	 0.139367	-0.970286	 0.583073	-1.124707	 0.584008	 1.105867	-2.366933	 0.101261	 0.769525
-1.012515	-3.098558	 0.785470	 0.333269	-0.964940	 0.580848	-1.120208	 0.581672	 1.101810	-2.357465	 0.101261	 1.016605
-1.008466	-3.086163	 0.282381	 0.429166	-0.960348	 0.578578	-1.115727	 0.579345	 1.097586	-2.348036	 0.101261	 1.137618
-1.004433	-3.073819	 0.030837	 0.476064	-0.956140	 0.576291	-1.111264	 0.577028	 1.093287	-2.338643	 0.101261	 1.195607
-1.000416	-3.061523	 0.405065	-0.001533	-0.952132	 0.573999	-1.106819	 0.574720	 1.088960	-2.329289	 0.101261	 1.222094
-0.996415	-3.049277	 0.590620	-0.240331	-0.948232	 0.571710	-1.102392	 0.572421	 1.084627	-2.319972	 0.101261	 1.232841
-0.992429	-3.037080	 0.681846	-0.359730	-0.944394	 0.569426	-1.097982	 0.570131	 1.080300	-2.310692	 0.101261	 1.235727
-0.988459	-3.024932	 0.225912	-0.419430	-0.940593	 0.567150	-1.093590	 0.567851	 1.075984	-2.301449	 0.101261	 0.734693
-0.984506	-3.012832	-0.002055	-0.449280	-0.936819	 0.564882	-1.089216	 0.565579	 1.071683	-2.292243	 0.101261	 0.484176
-0.980568	-3.000781	 0.383962	 0.035796	-0.933066	 0.562623	-1.084859	 0.563317	 1.067398	-2.283074	 0.101261	 0.358917
-0.976645	-2.988778	 0.575430	 0.277291	-0.929331	 0.560373	-1.080520	 0.561064	 1.063129	-2.273942	 0.101261	 0.296288
-0.972739	-2.976823	 0.669631	 0.397002	-0.925612	 0.558132	-1.076198	 0.558819	 1.058877	-2.264846	 0.101261	 0.264973
-0.968848	-2.964915	 0.715203	 0.455823	-0.921909	 0.555899	-1.071893	 0.556584	 1.054642	-2.255787	 0.101261	 0.249316
-0.964972	-2.953056	 0.236468	 0.484205	-0.918221	 0.553676	-1.067605	 0.554358	 1.050423	-2.246764	 0.101261	 0.241487
-0.961112	-2.941244	-0.002900	 0.497371	-0.914548	 0.551461	-1.063335	 0.552140	 1.046221	-2.237777	 0.101261	 0.237573
-0.957268	-2.929479	-0.122583	 0.502932	-0.910890	 0.549255	-1.059081	 0.549932	 1.042037	-2.228826	 0.101261	 0.235616
-0.953439	-2.917761	 0.317575	 0.504696	-0.907246	 0.547058	-1.054845	 1.047732	 1.037868	-2.219910	 0.101261	 0.234637
-0.949625	-2.906090	 0.536138	 0.504565	-0.903617	 0.544870	-1.050626	 1.293541	 1.033717	-2.211031	 0.101261	 0.234148
-0.945827	-2.894465	 0.643911	 0.003491	-0.900003	 0.542690	-0.546423	 0.913367	 1.029582	-2.202186	 0.101261	 0.233903
-0.942043	-2.882887	 0.696293	-0.247046	-0.896403	 0.540520	-0.294322	 0.722213	 1.025464	-2.193378	 0.101261	 0.233781
-0.938275	-2.871356	 0.720988	-0.372315	-0.892817	 0.538358	-0.668271	 1.125575	 1.021362	-2.184604	 0.101261	 0.233720
-0.934522	-2.859870	 0.731843	-0.434949	-0.889246	 0.536204	-0.853162	 1.324197	 1.017277	-2.175866	 0.101261	 0.233689
-0.930784	-2.848431	 0.735786	 0.033734	-0.885689	 0.534059	-0.943531	 0.920463	 1.013207	-2.167162	 0.101261	 0.233674
-0.927061	-2.837037	 0.736277	 0.267070	-0.882146	 0.531923	-0.986647	 0.717562	 1.009155	-2.158494	 0.101261	 0.233666
-0.923353	-2.825689	 0.735050	-0.117262	-0.878618	 0.029795	-1.006146	 0.615083	 1.005118	-2.149860	 0.101261	 0.733662
-0.919659	-2.814386	 0.732968	-0.308425	-0.875103	-0.221268	-1.013844	 0.562818	 1.001097	-2.141260	 0.101261	 0.981193
-0.915981	-2.803129	 0.730466	-0.404007	-0.871603	-0.346800	-1.015650	 0.535664	 0.997093	-2.132695	 0.101261	 1.102501
-0.912317	-2.791916	 0.727759	-0.451798	-0.868116	 0.090434	-1.014518	 1.021070	 0.993105	-2.124164	 0.101261	 1.160707
-0.908667	-2.780749	 0.724955	-0.475693	-0.864644	 0.307995	-1.011926	 1.260760	 0.989132	-2.115668	 0.101261	 1.187373
-0.905033	-2.769626	 0.722109	 0.012359	-0.861185	 0.415725	-0.508611	 1.377605	 0.985176	-2.107205	 0.101261	 0.698277
-0.901413	-2.758547	 0.719247	 0.255385	-0.857741	 0.468543	-0.256953	 1.433038	 0.981235	-2.098776	 0.101261	 0.453730
-0.897807	-2.747513	 0.716384	 0.376897	-0.854310	 0.493909	-0.631124	 0.957777	 0.977310	-2.090381	 0.101261	 0.331456
-0.894216	-2.736523	 0.713525	 0.437654	-0.850892	 0.505554	-0.816199	 0.720147	 0.973401	-2.082020	 0.101261	 0.270319
-0.890639	-2.725577	 0.210674	 0.468032	-0.847489	 0.510342	-0.906734	 1.101332	 0.969507	-2.573692	 0.101261	 0.239750
-0.887076	-2.714674	-0.040751	 0.483221	-0.844099	 0.511705	-0.950007	 1.288960	 0.965629	-2.813397	 0.101261	 0.224466
-0.883528	-2.703816	-0.166464	 0.490815	-0.840722	 0.511361	-0.969657	 1.379820	 0.961767	-2.927143	 0.101261	 0.216824
-0.879994	-2.693000	 0.270680	-0.005387	-0.837360	 0.010167	-0.977504	 1.422309	 0.957920	-2.477935	 0.101261	 0.213003
-0.876474	-2.682228	 0.487836	-0.252486	-0.834010	-0.240430	-0.979456	 1.440624	 0.954088	-2.249273	 0.101261	 0.211092
-0.872968	-2.671500	 0.095004	-0.376035	-0.830674	 0.134271	-0.978469	 0.946863	 0.950272	-2.130901	 0.101261	 0.710137
-0.869476	-2.660814	-0.101412	-0.437809	-0.827351	 0.320604	-0.976021	 0.699983	 0.946471	-2.067690	 0.101261	 0.957241
-0.865998	-2.650170	 0.300380	-0.468696	-0.824042	 0.412757	-0.972850	 1.076543	 0.942685	-2.032075	 0.101261	 1.078384
-0.862534	-2.639570	 0.499872	-0.484140	-0.820746	 0.457823	-0.969325	 1.261917	 0.938914	-2.010275	 0.101261	 1.136557
-0.859084	-2.629011	 0.598219	 0.008138	-0.817463	 0.479350	-0.965631	 1.351709	 0.935158	-1.995398	 0.101261	 1.163254
-0.855648	-2.618495	 0.645999	 0.253276	-0.814193	 0.489112	-0.961860	 1.393722	 0.931418	-1.983998	 0.101261	 1.174222
-0.852225	-2.608021	 0.668502	 0.375846	-0.810936	 0.493993	-0.958058	 1.411857	 0.927692	-1.974353	 0.101261	 1.177336
-0.848816	-2.097589	 0.678371	 0.437130	-0.807692	 0.496434	-0.454249	 0.918065	 0.923981	-1.965602	 0.101261	 0.676532
-0.845421	-1.839199	 0.681929	 0.467772	-0.804462	 0.497654	-0.202344	 0.671169	 0.920285	-1.957312	 0.101261	 0.426130
-0.842039	-1.706842	 0.682337	 0.483093	-0.801244	 0.498264	-0.576392	 0.547721	 0.916604	-1.949269	 0.101261	 0.300929
-0.838671	-1.637515	 0.681176	 0.490754	-0.798039	 0.498569	-0.761515	 0.485997	 0.912938	-1.941365	 0.101261	 0.238329
-0.835317	-1.599715	 0.679235	 0.494584	-0.794847	-0.001278	-0.352183	 0.455135	 0.909286	-1.933546	 0.101261	 0.707029
-0.831975	-1.577691	 0.676910	 0.496499	-0.791667	-0.250200	-0.147517	 0.439704	 0.905649	-1.925785	 0.101261	 0.939027
-0.828647	-2.063568	 0.674399	 0.497457	-0.788501	-0.374660	-0.545184	 0.931988	 0.902026	-1.918069	 0.101261	 1.052684
-0.825333	-2.301407	 0.671799	 0.497936	-0.785347	-0.436891	-0.742132	 1.175282	 0.898418	-1.910390	 0.101261	 1.107180
-0.822031	-2.415248	 0.669161	 0.498175	-0.782205	-0.468006	-0.838728	 1.294091	 0.894824	-1.902745	 0.101261	 1.132105
-0.818743	-2.467111	 0.666509	 0.498295	-0.779076	 0.016437	-0.885155	 1.350670	 0.891245	-1.895132	 0.101261	 1.142253
-0.815468	-2.488004	 0.663855	 0.498355	-0.775960	 0.257656	-0.906505	 1.376146	 0.887680	-1.887551	 0.101261	 1.145022
-0.812206	-2.493433	 0.661206	-0.001615	-0.772856	 0.378266	-0.915325	 0.886080	 0.884129	-2.380000	 0.101261	 1.144111
-0.808958	-2.491149	 0.658564	-0.250597	-0.769765	 0.438571	-0.917886	 0.641047	 0.880593	-2.620480	 0.101261	 1.141369
-0.805722	-1.985030	 0.655931	 0.124912	-0.766686	-0.031277	-0.417326	 0.518530	 1.377071	-2.234998	 0.101261	 1.137721
-0.802499	-1.729013	 0.653308	 0.311666	-0.763619	-0.265199	-0.167046	 0.457272	 1.621562	-2.038558	 0.101261	 1.133629
-0.799289	-2.098058	 0.650695	 0.405042	-0.760565	 0.117841	-1.041906	 0.926643	 1.240076	-1.936654	 0.101261	 0.629324
-0.796092	-2.277646	 0.648093	 0.451731	-0.757522	 0.308359	-1.475503	 1.158537	 1.047616	-1.882032	 0.101261	 0.377171
-0.792907	-2.362526	 0.645500	 0.475075	-0.754492	 0.403617	-1.688483	 1.271702	 0.949675	-1.851067	 0.101261	 0.251095
-0.789736	-1.900071	 0.642918	 0.486747	-0.751474	 0.451247	-1.291170	 1.325516	 0.899002	-1.831944	 0.101261	 0.688057
-0.786577	-1.665968	 0.640347	 0.492583	-0.748468	 0.475062	-1.090726	 1.349664	 0.871968	-1.818756	 0.101261	 0.904288
-0.783431	-2.046053	 0.637785	-0.004499	-0.745475	 0.486969	-0.988723	 1.358990	 0.856761	-1.808552	 0.101261	 0.510162
-0.780297	-2.231243	 0.635234	-0.252037	-0.742493	 0.492923	-0.935948	 1.360916	 0.847475	-1.799853	 0.101261	 0.313099
-0.777176	-2.319006	 0.632693	 0.124195	-0.739523	 0.495900	-0.907794	 1.359154	 0.841155	-1.791921	 0.101261	 0.714568
-0.774067	-2.358073	 0.630163	 0.311309	-0.736565	 0.497388	-0.891958	 1.355558	 0.836326	-1.784387	 0.101261	 0.913070
-0.770971	-1.872813	 0.627642	 0.404867	-0.733618	 0.498132	-0.882288	 0.851056	 0.832248	-1.777066	 0.101261	 1.010098
-0.767887	-1.627407	 0.625131	 0.451645	-0.730684	 0.498504	-0.875708	 0.598805	 0.828553	-1.769866	 0.101261	 1.056398
-0.764815	-1.501941	 0.622631	 0.475035	-0.727761	 0.498690	-0.870679	 0.472680	 0.825056	-1.762741	 0.101261	 1.077342
-0.761756	-1.936454	 0.620140	 0.486729	-0.724850	 0.498783	-0.366434	 0.909617	 0.821664	-1.755667	 0.101261	 0.585618
-0.758709	-2.148969	 0.617660	 0.492577	-0.721951	 0.498830	-0.114311	 1.125392	 0.818332	-1.748633	 0.101261	 0.339756
-0.755674	-2.250504	 0.615189	 0.495500	-0.719063	 0.498853	-0.488249	 1.230598	 0.815035	-1.741633	 0.101261	 0.716825
-0.752651	-2.296567	 0.612728	 0.496962	-0.716187	 0.498865	-0.673494	 1.280529	 0.811764	-1.734664	 0.101261	 0.903171
-0.749641	-2.314913	 0.610277	-0.002307	-0.713322	 0.498871	-0.764399	 1.302834	 0.808511	-1.727724	 0.101261	 0.494166
-0.746642	-2.319420	 0.607836	-0.250938	-0.710469	 0.498873	-0.808141	 1.311336	 0.805274	-1.720812	 0.101261	 0.289663
-0.743656	-2.317025	 0.605405	-0.375254	-0.707627	 0.498875	-1.328308	 0.812947	 0.802052	-1.713928	 0.101261	 0.687411
-0.740681	-2.311199	 0.602983	-0.437412	-0.704796	 0.498876	-1.584695	 0.563753	 0.798843	-1.707072	 0.101261	 0.884115
-0.737718	-2.303675	 0.600571	-0.468491	-0.701977	 0.498876	-1.709206	 0.439156	 0.795647	-1.700244	 0.101261	 0.980306
-0.734767	-2.295321	 0.598169	 0.015970	-0.699169	 0.498876	-0.767794	 0.876857	 1.292464	-1.693443	 0.101261	 0.526248
-0.731828	-2.286570	 0.595776	 0.257199	-0.696372	 0.498876	-0.297088	 1.093079	 1.537294	-1.686669	 0.101261	 0.299219
-0.728901	-2.277638	 0.593393	 0.377814	-0.693587	 0.498876	-0.061735	 1.198571	 1.656145	-1.679923	 0.101261	 0.185705
-0.725985	-2.268635	 0.591020	 0.438121	-0.690813	 0.498876	 0.055941	 1.248709	 1.712020	-1.673203	 0.101261	 0.128947
-0.723081	-1.759615	 0.588656	 0.468275	-0.688049	 0.498876	-0.385221	 1.271180	 1.236422	-1.666510	 0.101261	 0.600569
-0.720189	-1.502603	 0.586301	 0.483352	-0.685297	 0.498876	-0.604149	 1.279828	 0.997102	-1.659844	 0.101261	 0.834235
-0.717308	-1.371606	 0.583956	 0.490890	-0.182556	 0.498876	-0.211967	 0.781576	 0.875926	-1.653205	 0.101261	 0.448932
-0.714439	-1.303626	 0.581620	 0.494659	 0.068815	 0.498876	-0.015876	 0.532449	 0.813828	-1.646592	 0.101261	 0.256281
-0.711581	-1.267165	 0.579294	 0.496544	 0.194500	 0.498876	 0.082170	 0.407886	 0.781276	-1.640005	 0.101261	 0.159955
-0.708735	-1.746473	 0.076976	 0.497486	-0.242657	 0.498876	-0.368807	 0.845604	 0.763502	-1.633445	 0.101261	 0.111793
-0.705900	-1.981676	-0.174182	 0.497957	-0.459876	 0.498876	-0.592656	 1.061897	 0.753124	-1.626912	 0.101261	 0.087711
-0.703077	-2.094843	 0.200239	-0.001807	-0.567132	 0.498876	-0.702948	 1.167487	 1.246450	-1.620404	 0.101261	 0.075670
-0.700264	-2.147011	 0.386300	-0.250686	-0.619411	 0.498876	-0.756467	 1.217736	 1.489633	-1.613922	 0.101261	 0.069650
-0.697463	-1.668696	 0.478185	 0.124874	-0.644207	 0.498876	-0.281607	 1.240324	 1.607759	-1.607467	 0.101261	 0.566640
-0.694673	-1.427158	 0.522988	 0.311654	-0.655267	 0.498876	-0.044177	 1.249092	 1.663370	-1.601037	 0.101261	 0.813008
-0.691895	-1.304018	 0.544254	 0.405043	-0.659464	 0.498876	 0.074538	 1.250961	 1.687738	-1.594633	 0.101261	 0.934073
-0.689127	-1.240086	 0.553756	 0.451738	-0.660235	 0.498876	 0.133896	 1.249389	 1.696497	-1.588254	 0.101261	 0.992495
-0.686371	-1.205768	 0.557380	 0.475086	-0.659299	 0.498876	 0.163575	 1.246108	 1.697466	-1.581901	 0.101261	 1.019604
-0.683625	-1.186266	 0.558070	 0.486759	-0.657514	 0.498876	 0.178414	 1.241982	 1.194554	-1.575574	 0.101261	 0.531065
-0.680891	-1.174181	 0.557298	 0.492596	-0.655310	 0.498876	 0.185834	 1.237443	 0.941715	-1.569271	 0.101261	 0.286796
-0.178167	-1.165815	 0.555799	 0.495515	-0.652902	 0.498876	 0.189544	 1.232708	 0.813917	-1.562994	 0.101261	 0.664661
 0.073195	-1.159317	 0.553940	 0.496974	-0.650397	 0.498876	 0.191398	 1.227884	 0.748646	-1.556742	 0.101261	 0.851509
-0.301124	-1.153762	 0.551907	 0.497703	-1.147849	 0.498876	 0.192326	 0.723026	 0.714644	-1.550515	 0.101261	 0.942856
-0.486933	-1.148688	 0.549791	 0.498068	-1.393284	 0.498876	 0.192790	 0.470597	 0.696282	-1.544313	 0.101261	 0.986461
-0.578492	-1.143864	 0.547637	 0.498251	-1.012724	 0.498876	 0.193022	 0.844383	 0.685745	-1.538136	 0.101261	 0.506204
-0.622931	-1.139174	 0.545470	 0.498342	-0.821180	 0.498876	 0.193137	 1.028839	 0.679126	-1.531983	 0.101261	 0.266075
-0.643816	-1.134560	 0.543299	 0.498387	-0.724149	 0.498876	 0.193195	 1.118641	 0.674471	-1.525855	 0.101261	 0.146010
-0.652929	-1.129993	 0.541132	 0.498410	-0.674379	-0.001124	 0.193224	 0.661125	 0.670804	-1.519752	 0.101261	 0.085978
-0.656162	-1.125459	 0.538970	 0.498422	-0.648244	-0.250121	 0.193239	 0.432367	 0.667637	-1.513673	 0.101261	 0.055962
-0.656459	-1.620950	 0.536815	 0.498427	-0.633933	 0.125380	 0.193246	 0.817988	 0.664724	-1.507618	 0.101261	 0.040954
-0.655294	-1.864462	 0.534669	 0.498430	-0.625538	 0.312129	 0.193250	 1.008391	 0.661944	-1.501588	 0.101261	 0.033450
-0.653404	-1.982003	 0.532531	 0.498432	-0.120107	 0.405503	 0.193252	 1.101195	 1.159236	-1.495581	 0.101261	 0.529698
-0.651155	-2.036574	 0.530401	 0.498432	 0.132609	 0.452190	 0.193253	 1.145209	 1.404568	-1.489599	 0.101261	 0.775770
-0.648733	-1.559677	 0.028279	 0.498433	-0.241033	 0.475534	 0.193253	 1.164838	 1.523935	-1.483641	 0.101261	 0.896763
-0.646230	-1.319063	-0.222782	 0.498433	-0.426624	 0.487206	 0.193253	 1.172283	 1.580332	-1.477706	 0.101261	 0.955223
-0.643690	-1.196599	-0.348312	 0.498433	-0.518196	 0.493041	 0.193253	 1.173646	 1.605257	-1.471795	 0.101261	 0.982426
-0.641138	-1.133219	 0.088923	 0.498433	-0.062762	 0.495959	 0.193253	 0.671978	 1.614459	-1.465908	 0.101261	 0.994008
-0.638585	-1.099389	 0.306488	 0.498433	 0.164955	 0.497418	 0.193253	 0.421144	 1.615812	-1.460045	 0.101261	 0.997788
-0.636037	-1.080343	 0.414222	 0.498433	-0.221187	 0.498148	 0.193253	 0.795726	 1.613255	-1.454204	 0.101261	 0.997675
-0.633495	-1.068698	 0.467046	 0.498433	-0.413043	 0.498513	 0.193253	 0.980677	 1.608755	-1.448388	 0.101261	 0.995623
-0.630963	-1.060761	 0.492418	 0.498433	-0.507761	 0.498695	 0.193253	 1.070821	 1.603296	-1.442594	 0.101261	 0.992610
-0.628440	-1.054687	 0.504068	 0.498433	-0.553915	 0.498786	 0.193253	 1.113572	 1.597371	-1.436824	 0.101261	 0.989125
-0.625926	-1.049552	 0.508862	 0.498433	-0.575792	 0.498832	 0.193253	 1.132634	 1.591226	-1.431076	 0.101261	 0.985411
-0.623423	-1.044897	 0.510231	 0.498433	-0.585535	 0.498855	 0.193253	 1.139862	 1.584983	-1.425352	 0.101261	 0.981590
-0.620929	-1.040488	 0.509893	 0.498433	-0.589216	 0.498866	-0.306747	 1.141182	 1.078704	-1.419651	 0.101261	 0.477724
-0.618445	-1.036212	 0.508705	 0.498433	-0.589871	 0.498872	-0.555133	 1.139556	 0.824420	-1.413972	 0.101261	 0.225792
-0.615972	-1.032010	 0.507095	 0.498433	-0.589017	 0.498875	-0.677719	 1.136468	 0.696137	-1.408316	 0.101261	 0.099825
-0.613508	-1.027853	 0.505280	 0.498433	-0.587414	 0.498876	-0.237412	 1.132657	 1.130860	-1.402683	 0.101261	 0.036842
-0.611054	-1.023727	 0.503365	 0.498433	-0.585441	 0.498877	-0.017258	 1.128494	 1.345091	-1.397072	 0.101261	 0.005350
-0.608610	-1.019625	 0.501405	 0.498433	-0.083287	 0.498877	 0.092819	 1.124164	 1.449087	-1.391484	 0.101261	-0.010396
-0.606175	-1.015543	 0.500425	 0.498433	 0.167789	 0.498877	 0.147857	 1.119759	 1.497979	-1.385918	 0.101261	-0.018268
-0.603750	-1.011479	 0.499935	 0.498433	 0.293328	 0.498877	 0.175376	 1.115326	 1.519332	-1.380374	 0.101261	 0.477795
-0.601335	-1.007432	 0.499690	 0.498433	 0.356097	 0.498877	 0.189136	 1.110887	 1.526927	-1.374853	 0.101261	 0.723879
-0.598930	-1.503402	 0.499567	 0.498433	 0.387482	 0.498877	 0.196016	 1.106455	 1.527655	-1.369353	 0.101261	 0.344981
-0.596534	-1.747388	 0.499506	 0.498433	 0.403174	 0.498877	 0.199456	 1.102035	 1.524962	-1.363876	 0.101261	 0.155532
-0.594148	-1.865399	 0.499475	 0.498433	 0.411020	 0.498877	 0.201176	 1.097630	 1.520571	-1.358420	 0.101261	 0.060808
-0.591772	-1.420437	 0.499460	 0.498433	 0.414943	-0.001123	-0.797964	 1.093241	 1.515344	-1.852987	 0.101261	 0.513446
-0.589405	-1.196005	 0.499452	 0.498433	 0.416905	-0.250120	-1.293940	 1.088869	 1.509710	-2.095575	 0.101261	 0.737832
-0.587047	-1.081846	 0.499448	 0.498433	 0.417885	 0.125381	-0.538348	 0.584514	 1.003884	-1.712192	 0.101261	 0.848101
-0.584699	-1.022831	 0.499446	 0.498433	 0.418376	 0.312130	-0.160552	 0.332336	 0.750972	-1.517844	 0.101261	 0.901319
-0.582360	-0.991396	 0.499445	 0.498433	 0.418621	 0.405504	 0.028346	 0.706247	 0.624515	-1.418022	 0.101261	 0.926019
-0.580031	-0.973759	 0.499445	 0.498433	 0.418744	 0.452191	 0.122795	 0.891042	 0.561287	-1.365475	 0.101261	 0.936467
-0.577710	-1.463028	 0.499445	 0.498433	-0.081195	-0.024465	 0.170019	 0.981288	 0.529673	-0.836576	 0.101261	 0.939798
-0.575400	-1.703758	 0.499445	 0.498433	-0.330002	-0.261791	 0.193632	 1.024268	 0.513866	-0.572126	 0.101261	 0.939577
-0.573098	-1.820234	 0.499445	 0.498433	-0.453248	-0.380454	 0.205438	 1.043624	 0.505963	-0.439901	 0.101261	 0.937587
-0.070806	-1.374598	 0.499445	 0.498433	-0.513718	 0.060214	 0.211341	 1.051176	 1.002011	-0.873789	 0.101261	 0.434721
 0.180341	-1.149923	 0.499445	 0.498433	-0.542805	 0.279547	 0.214292	 1.052834	 1.247039	-1.088117	 0.101261	 0.183289
-0.194086	-1.035734	 0.499445	-0.001567	-0.556204	 0.389213	 0.215768	 1.051554	 1.366569	-0.692677	 0.101261	 0.557572
-0.380163	-0.976797	 0.499445	-0.250564	-0.561765	 0.444046	 0.216506	 1.048814	 1.423361	-0.494956	 0.101261	 0.742850
-0.472068	-0.945493	 0.499445	 0.124938	-0.563410	 0.471463	 0.216875	 1.045351	 1.448798	-0.896096	 0.101261	 0.833633
-0.516893	-0.928012	 0.499445	 0.311688	-0.563103	 0.485171	 0.217059	 1.041537	 1.458567	-1.094072	 0.101261	 0.877175
-0.538182	-0.917451	-0.000555	 0.405063	-0.561824	 0.492025	 0.217152	 1.037554	 1.460515	-0.690475	 0.101261	 0.397105
-0.547708	-0.910356	-0.249554	 0.451750	-0.560063	 0.495452	 0.217198	 1.033495	 1.458564	-0.488677	 0.101261	 0.157070
-0.551356	-0.905003	-0.374054	 0.475094	-0.558066	 0.497166	 0.217221	 1.029407	 1.454676	-0.387778	 0.101261	 0.037053
-0.552070	-0.900526	 0.063696	 0.486766	-0.555956	 0.498023	 0.217232	 1.025312	 1.449830	-0.837328	 0.101261	-0.022956
-0.551322	-0.896496	 0.281569	 0.492602	-0.553793	 0.498451	 0.217238	 1.021222	 1.444517	-1.059530	 0.101261	-0.052960
-0.549847	-0.892696	 0.390505	 0.495520	-0.051608	 0.498665	 0.217241	 0.517143	 1.438982	-1.168067	 0.101261	 0.432037
-0.548012	-0.889018	 0.444973	 0.496979	 0.199485	 0.498772	 0.217242	 0.265104	 1.433348	-1.219783	 0.101261	 0.672702
-0.546003	-0.885409	 0.472207	 0.497708	-0.174969	 0.498826	 0.217243	 0.639084	 1.427675	-1.243097	 0.101261	 0.291208
-0.543910	-0.881840	 0.485824	 0.498073	-0.361097	 0.498852	 0.217243	 0.824048	 1.421995	-1.252222	 0.101261	 0.100461
-0.541780	-0.878300	 0.492632	 0.498255	 0.046933	 0.498866	 0.217244	 0.914512	 1.416322	-1.254261	 0.101261	 0.005087
-0.539635	-0.874780	 0.496037	 0.498346	 0.250948	 0.498873	 0.217244	 0.957734	 1.410664	-1.252769	 0.101261	-0.042600
-0.537488	-0.871277	 0.497739	 0.498392	 0.352956	 0.498876	 0.217244	 0.977343	 1.405025	-1.249520	 0.101261	-0.066443
-0.535344	-0.867791	 0.498590	 0.498415	-0.096040	 0.498878	 0.217244	 0.985153	 1.399407	-0.745403	 0.101261	 0.421635
-0.533206	-0.864319	 0.499015	 0.498426	-0.319448	 0.498878	 0.217244	 0.987073	 1.393811	-0.493344	 0.101261	 0.663855
-0.531074	-0.860861	 0.499228	-0.001568	 0.069933	 0.498879	 0.217244	 0.986055	 0.888236	-0.867315	 0.101261	 0.783153
-0.528951	-0.857417	 0.499335	-0.250562	 0.264624	 0.498879	 0.217244	 0.983575	 0.635448	-1.051818	 0.101261	 0.840997
-0.526835	-0.853987	 0.499388	 0.124941	 0.361970	 0.498879	 0.217244	 0.980374	 1.009055	-1.141596	 0.101261	 0.868121
-0.524728	-0.850571	 0.499414	 0.311691	 0.410642	 0.498879	 0.217244	 0.976818	 1.193093	-1.184023	 0.101261	 0.879893
-0.522629	-0.847169	 0.499428	 0.405067	 0.434979	 0.498879	 0.217244	 0.973094	 1.282357	-0.702783	 0.101261	 0.383995
-0.520539	-0.843780	 0.499434	 0.451754	 0.447147	 0.498879	 0.217244	 0.969293	 1.324246	-0.462164	 0.101261	 0.136046
-0.518456	-0.840405	 0.499438	 0.475098	 0.453231	 0.498879	 0.217244	 0.965462	 1.342459	-0.341854	 0.101261	 0.012072
-0.516383	-0.837044	 0.499439	 0.486770	 0.456273	 0.498879	 0.217244	 0.461623	 0.848843	-0.781699	 0.101261	 0.450085
-0.514317	-0.833696	 0.499440	 0.492606	 0.457794	 0.498879	 0.217244	 0.209704	 0.602036	-0.999178	 0.101261	 0.667315
-0.512260	-0.830361	 0.499441	 0.495524	 0.458555	 0.498879	 0.217244	 0.583744	 0.478632	-1.105485	 0.101261	 0.774161
-0.510211	-0.827039	 0.499441	 0.496983	 0.458935	 0.498879	 0.217244	 0.768848	 0.416930	-1.156214	 0.101261	 0.825822
-0.508170	-0.823731	 0.499441	 0.497713	-0.040875	 0.498879	 0.217244	 0.859493	 0.886079	-1.179165	 0.101261	 0.849898
-0.506137	-0.820436	 0.499441	 0.498077	-0.289699	 0.498879	 0.217244	 0.902915	 1.117943	-1.188236	 0.101261	 0.860187
-0.504113	-0.817154	 0.499441	-0.001740	 0.086967	 0.498879	 0.217244	 0.922733	 1.231176	-1.190377	 0.101261	 0.863591
-0.502096	-0.813886	 0.499441	-0.250646	 0.275299	 0.498879	 0.217244	 0.930757	 1.285103	-1.189063	 0.101261	 0.863559
-0.500088	-0.810630	 0.499441	-0.375099	 0.369466	 0.498879	 0.217244	 0.932891	 1.309389	-1.186030	 0.101261	 0.861816
-0.499084	-0.807388	 0.499441	 0.062675	-0.583451	 0.498879	 0.217244	 0.932089	 0.818864	-1.182148	 0.101261	 0.359225
-0.498582	-0.804158	 0.499441	 0.280561	-1.056837	 0.498879	 0.217244	 0.929825	 0.573602	-1.177850	 0.101261	 0.107929
-0.498331	-0.800942	 0.499441	 0.389504	-0.790469	 0.498879	 0.217244	 0.926838	 0.950971	-0.673354	 0.101261	 0.482281
-0.498205	-0.797738	 0.499441	 0.443975	-0.656237	 0.498879	 0.217244	 0.923496	 1.136998	-0.421106	 0.101261	 0.667744
-0.498142	-1.294547	 0.499441	 0.471211	-0.588077	 0.498879	 0.217244	 0.919985	 1.227366	-0.794982	 0.101261	 0.758769
-0.498111	-1.539369	 0.499441	 0.484829	-0.552957	 0.498879	 0.217244	 0.916397	 1.269915	-0.979582	 0.101261	 0.802581
-0.498095	-1.158211	 0.499441	 0.491638	-0.534362	 0.498879	 0.217244	 0.912777	 1.288564	-1.069554	 0.101261	 0.822795
-0.498087	-0.966078	 0.499441	 0.495042	-0.524033	 0.498879	 0.217244	 0.909149	 1.295274	-1.112221	 0.101261	 0.831216
-0.498083	-0.868464	 0.499441	 0.496744	-0.517840	 0.498879	 0.217244	 0.905524	 1.296025	-1.131245	 0.101261	 0.833747
-0.498082	-0.818115	 0.499441	 0.497595	-0.013721	 0.498879	 0.217244	 0.901907	 1.293807	-0.638456	 0.101261	 0.333340
-0.498081	-0.791405	 0.499441	 0.498021	 0.238339	 0.498879	 0.217244	 0.898303	 1.290115	-0.392062	 0.101261	 0.083137
-0.498080	-0.776521	 0.499441	 0.498234	 0.364368	 0.498879	 0.217244	 0.894711	 1.285696	-0.268864	 0.101261	-0.041965
-0.498080	-0.767555	 0.499441	 0.498340	 0.427383	 0.498879	 0.217244	 0.891133	 1.280924	-0.207266	 0.101261	-0.104516
-0.498080	-0.761556	 0.499441	 0.498393	 0.458891	-0.001121	 0.217244	 0.887568	 0.775986	-0.676466	 0.101261	 0.364209
-0.498080	-0.757044	 0.499441	 0.498420	 0.474644	-0.250118	 0.217244	 0.884018	 0.523517	-0.908775	 0.101261	 0.596905
 0.001920	-0.753284	 0.499441	 0.498433	-0.017479	 0.125383	 0.217244	 0.880482	 0.897282	-1.022648	 0.101261	 0.711594
 0.250917	-0.749905	 0.499441	 0.498440	-0.262521	 0.312131	 0.217244	 0.876960	 1.081623	-1.077311	 0.101261	 0.767286
 0.375415	-0.746722	 0.499441	 0.498443	-0.384027	 0.405506	 0.217244	 0.873453	 1.171261	-1.102379	 0.101261	 0.793486
-0.062336	-0.743643	 0.499441	 0.498445	 0.056231	 0.452193	 0.217244	 0.869959	 1.213559	-1.112657	 0.101261	 0.804947
-0.280212	-0.740623	 0.499441	 0.498446	 0.276360	 0.475537	 0.217244	 0.866479	 1.232196	-1.115551	 0.101261	 0.809044
-0.389149	-0.737638	 0.499441	 0.498446	 0.386425	 0.487208	 0.217244	 0.363013	 1.239012	-0.614761	 0.101261	 0.309466
-0.443618	-0.734676	 0.499441	 0.498446	 0.441457	 0.493044	 0.217244	 0.111280	 1.239929	-0.364366	 0.101261	 0.059678
-0.470852	-0.731731	 0.499441	 0.498446	 0.468973	 0.495962	 0.217244	 0.485414	 1.237906	-0.239168	 0.101261	 0.434783
-0.484470	-0.728801	 0.499441	 0.498446	 0.482731	 0.497421	 0.217244	 0.670761	 1.234422	-0.176570	 0.101261	 0.620716
-0.491278	-0.725885	 0.499441	 0.498446	 0.489610	 0.498151	-0.282756	 0.761723	 1.230219	-0.645270	 0.101261	 0.212070
-0.494683	-0.722981	 0.499441	 0.498446	 0.493050	 0.498515	-0.531191	 0.805498	 1.225665	-0.877393	 0.101261	 0.007746
-0.496385	-0.720088	 0.499441	 0.498446	 0.494769	 0.498698	-0.153849	 0.825688	 1.220946	-0.991235	 0.101261	-0.094415
-0.497236	-0.717208	 0.499441	 0.498446	 0.495629	 0.498789	 0.034822	 0.834090	 1.216154	-1.045946	 0.101261	-0.145496
-0.497661	-0.714339	 0.499441	 0.498446	 0.496059	 0.498835	 0.129158	 0.836607	 1.211335	-1.071100	 0.101261	-0.171037
-0.497874	-0.711481	 0.499441	-0.001554	 0.496274	 0.498857	 0.176326	 0.836187	 1.206513	-0.581484	 0.101261	 0.316193
-0.497980	-0.708635	 0.499441	-0.250550	 0.496382	 0.498869	 0.199909	 0.834305	 1.201698	-0.336677	 0.101261	 0.558201
-0.498034	-0.705801	 0.499441	-0.375049	 0.496435	 0.498875	 0.211701	 0.831700	 1.196897	-0.714273	 0.101261	 0.677605
-0.498060	-0.702978	 0.499441	-0.437298	 0.496462	 0.498877	 0.217597	 0.828739	 1.192112	-0.900887	 0.101261	 0.735712
-0.498074	-0.700166	 0.499441	 0.031577	-0.003524	 0.498879	 0.220545	 0.825607	 1.187345	-0.992019	 0.101261	 0.763179
-0.498080	-0.697365	 0.499441	 0.265014	-0.252511	 0.498880	 0.222019	 0.822396	 1.182597	-1.035419	 0.101261	 0.775331
-0.498084	-0.694576	 0.499441	 0.381732	 0.123999	 0.498880	 0.222756	 0.819152	 1.177867	-1.054961	 0.101261	 0.279832
-0.498085	-0.691797	 0.499441	 0.440092	 0.311253	 0.498880	 0.223125	 0.815898	 1.173155	-1.062583	 0.101261	 0.032082
-0.498086	-0.689030	 0.499441	 0.469271	 0.404880	 0.498880	 0.223309	 0.812646	 1.168463	-1.064254	 0.101261	-0.091793
-0.498086	-0.686274	 0.499441	 0.483861	 0.451694	 0.498880	 0.223401	 0.809401	 1.163789	-0.562958	 0.101261	 0.346270
-0.498087	-0.683529	 0.499441	 0.491156	 0.475100	 0.498880	 0.223447	 0.806166	 1.159134	-0.312309	 0.101261	 0.563732
-0.498087	-0.680795	 0.499441	 0.494803	 0.486804	 0.498880	 0.223470	 0.802943	 1.154497	-0.686985	 0.101261	 0.670901
-0.498087	-0.678072	 0.499441	 0.496627	 0.492655	 0.498880	 0.223482	 0.799732	 1.149879	-0.872200	 0.101261	 0.722930
-0.498087	-0.675359	 0.499441	 0.497539	 0.495581	 0.498880	 0.223488	 0.796533	 1.145280	-0.962692	 0.101261	 0.747394
-0.498087	-0.672658	 0.499441	 0.497995	 0.497044	 0.498880	 0.223490	 0.793347	 1.140699	-1.005832	 0.101261	 0.758082
-0.498087	-0.669967	 0.499441	 0.498223	 0.497776	 0.498880	 0.223492	 0.790174	 1.136136	-1.025304	 0.101261	 0.261889
-0.498087	-0.667287	 0.499441	 0.498337	 0.498141	 0.498880	 0.223493	 0.787013	 1.131591	-1.032951	 0.101261	 0.013792
-0.498087	-0.664618	 0.499441	 0.498394	 0.498324	 0.498880	 0.223493	 0.783865	 1.127065	-1.034693	 0.101261	-0.110256
-0.498087	-0.661960	 0.499441	 0.498422	 0.498416	 0.498880	 0.223493	 0.780730	 1.122557	-0.533491	 0.101261	 0.327720
-0.498087	-0.659312	 0.499441	 0.498437	 0.498461	 0.498880	 0.223493	 0.777607	 1.118067	-0.282890	 0.101261	 0.545176
-0.498087	-0.656675	 0.499441	 0.498444	 0.498484	 0.498880	 0.223493	 0.774497	 0.613594	-0.657589	 0.101261	 0.152379
-0.498087	-0.654048	 0.499441	 0.498447	 0.498496	 0.498880	 0.223493	 0.771399	 0.361358	-0.842875	 0.101261	-0.044019
-0.498087	-0.651432	 0.499441	 0.498449	 0.498501	 0.498880	 0.223493	 0.768313	 0.735240	-0.433461	 0.101261	-0.142218
-0.498087	-0.648826	 0.499441	 0.498450	 0.498504	 0.498880	 0.223493	 0.765240	 0.919963	-0.228754	 0.101261	-0.191318
-0.498087	-0.646231	 0.499441	 0.498450	 0.498506	 0.498880	-0.276507	 0.762179	 0.510115	-0.626401	 0.101261	 0.284132
-0.498087	-0.643646	 0.499441	 0.498451	 0.498506	 0.498880	-0.524954	 0.759130	 0.305191	-0.823176	 0.101261	 0.520338
-0.498087	-0.641071	 0.499441	 0.498451	 0.498507	 0.498880	-0.647630	 0.756094	 0.202729	-0.919523	 0.101261	 0.636928
-0.498087	-0.638507	 0.499441	 0.498451	-0.001493	 0.498880	-0.207428	 0.753069	 0.651498	-0.465666	 0.101261	 0.693716
-0.498087	-0.635953	 0.499441	 0.498451	-0.250490	 0.498880	 0.012673	 0.750057	 0.873682	-0.238737	 0.101261	 0.720609
-0.498087	-0.633409	 0.499441	 0.498451	 0.125011	 0.498880	-0.377276	 0.747057	 0.482582	-0.625272	 0.101261	 0.732560
-0.498087	-0.630876	 0.499441	 0.498451	 0.311761	 0.498880	-0.570717	 0.744069	 0.287032	-0.816516	 0.101261	 0.737047
-0.498087	-0.628352	 0.499441	 0.498451	 0.405136	 0.498880	-0.165908	 0.741092	 0.689257	-0.910123	 0.101261	 0.737807
-0.498087	-0.625839	 0.499441	 0.498451	 0.451824	 0.498880	 0.036496	 0.738128	 0.888187	-0.954919	 0.101261	 0.736710
-0.498087	-0.623335	 0.499441	 0.498451	-0.024833	 0.498880	 0.137698	 0.735175	 0.985477	-0.975317	 0.101261	 0.734691
-0.498087	-0.620842	 0.499441	 0.498451	-0.262158	 0.498880	 0.188299	 0.732235	 1.031957	-0.983525	 0.101261	 0.732215
-0.498087	-0.618359	 0.499441	 0.498451	-0.380821	 0.498880	 0.213599	 0.729306	 1.053040	-0.985645	 0.101261	 0.729518
-0.498087	-0.615885	 0.499441	 0.498451	 0.059848	 0.498880	 0.226249	 0.726388	 0.561433	-0.984730	 0.101261	 0.726716
-0.498087	-0.613422	 0.499441	 0.498451	 0.279182	 0.498880	 0.232575	 0.723483	 0.315630	-0.982305	 0.101261	 0.723867
-0.498087	-0.610968	 0.499441	-0.001549	 0.388848	 0.498880	 0.235737	 0.720589	 0.192728	-0.479132	 0.101261	 0.721001
-0.498087	-0.608524	 0.499441	-0.250546	 0.443681	 0.498880	 0.237318	 0.717707	 0.131277	-0.227546	 0.101261	 0.718131
-0.498087	-1.106090	 0.499441	 0.124956	 0.471098	 0.498880	 0.238109	 0.714836	 0.600552	-0.601753	 0.101261	 0.715266
-0.498087	-1.351666	 0.499441	 0.311705	 0.484806	 0.498880	 0.238504	 0.711976	 0.833050	-0.786905	 0.101261	 0.712408
-0.498087	-0.971259	 0.499441	 0.405080	 0.491661	 0.998880	 0.238702	 0.709129	 0.947167	-0.877536	 0.101261	 0.709561
-0.498087	-0.779874	 0.499441	 0.451768	 0.495088	 1.245882	 0.238801	 0.706292	 1.002104	-0.920916	 0.101261	 0.706723
-0.498087	-0.683004	 0.499441	 0.475112	 0.496801	 1.366398	 0.238850	 0.703467	 1.027458	-0.940677	 0.101261	 0.703897
-0.498087	-0.633397	 0.499441	 0.486783	 0.497658	 0.923682	 0.238875	 0.700653	 0.538029	-0.448637	 0.101261	 0.701082
-0.498087	-0.607426	 0.499441	 0.492619	 0.498086	 0.702324	 0.238887	 0.697850	 0.293315	-0.202616	 0.101261	 0.698277
-0.498087	-0.593278	 0.499441	 0.495537	 0.498301	 0.591645	 0.238894	 0.695059	 0.170958	-0.079606	 0.101261	 0.195484
-0.498087	-0.585045	 0.499441	 0.496996	 0.498408	 0.536305	 0.238897	 0.692279	 0.109779	-0.018101	 0.101261	-0.055912
-0.498087	-0.579775	 0.499441	 0.497726	 0.498461	 0.508635	 0.238898	 0.689510	 0.579190	 0.012651	 0.101261	-0.181611
-0.498087	-0.575991	 0.499441	 0.498090	 0.498488	 0.494800	 0.238899	 0.686752	 0.811798	 0.028027	 0.101261	-0.244460
-0.498087	-0.572955	 0.499441	 0.498273	 0.498501	 0.487883	 0.238899	 0.684005	 0.426013	-0.464284	 0.101261	-0.275884
-0.498087	-0.570297	 0.499441	 0.498364	 0.498508	 0.484424	 0.238900	 0.681269	 0.233121	-0.708527	 0.101261	-0.291597
-0.498087	-0.567833	 0.499441	 0.498410	 0.498511	 0.482695	 0.238900	 0.678544	 0.136675	-0.828743	 0.101261	-0.299453
-0.498087	-0.565470	 0.499441	 0.498432	 0.498513	 0.481830	 0.238900	 0.675829	 0.588452	-0.886953	 0.101261	-0.303381
-0.498087	-0.563162	 0.499441	 0.498444	 0.498514	 0.481398	 0.238900	 0.673126	 0.812260	-0.914168	 0.101261	-0.305345
-0.498087	-0.560887	 0.499441	 0.498450	 0.498514	 0.481182	 0.238900	 0.670434	 0.922091	-0.925892	 0.101261	 0.193673
-0.498087	-0.558632	 0.499441	 0.498452	 0.498515	 0.481074	 0.238900	 0.667752	 0.974944	-0.929879	 0.101261	 0.441797
-0.498087	-0.556391	 0.499441	 0.498454	 0.498515	 0.481020	 0.238900	 0.665081	 0.999314	-0.430005	 0.101261	 0.564479
-0.498087	-0.554163	 0.499441	 0.498455	 0.498515	 0.480993	 0.238900	 0.662420	 1.009452	-0.180068	 0.101261	 0.624445
-0.498087	-0.551945	 0.499441	 0.498455	 0.498515	 0.480979	 0.238900	 0.659771	 1.012482	-0.055099	 0.101261	 0.653060
-0.498087	-0.549736	 0.499441	 0.498455	 0.498515	 0.480972	 0.238900	 0.657132	 1.011965	 0.007385	 0.101261	 0.666004
-0.498087	-0.547537	 0.499441	 0.498455	 0.498515	 0.480969	 0.238900	 0.654503	 1.009684	 0.038627	 0.101261	 0.671118
-0.498087	-0.545347	 0.499441	 0.498455	-0.001485	 0.480967	 0.238900	 0.651885	 0.506529	-0.445752	 0.101261	 0.672322
