-0.445445	 0.046521	 0.498461	 0.497498	 0.498938	 0.498453	 0.498378	 0.499026	 0.260400	 0.498300	 0.094025	 0.075929
-0.445229	 0.046521	 0.498461	 0.498227	 0.498938	 0.498454	 0.498379	 0.499026	 0.452927	 0.499053	 0.094025	 0.075929
-0.445120	 0.046521	 0.498461	 0.498592	 0.498938	 0.498454	 0.498380	 0.499026	 0.047900	-0.000571	-0.405975	 0.075929
-0.445066	 0.046521	 0.498461	 0.498775	 0.498938	 0.498454	 0.498380	 0.499026	-0.154614	-0.249383	-0.654163	 0.075929
-0.445039	 0.046521	 0.498461	 0.498866	 0.498938	 0.498454	 0.498381	 0.499026	-0.255871	 0.126211	-0.276453	 0.075929
-0.445026	 0.046521	 0.498461	 0.498911	 0.498938	 0.498454	 0.498381	 0.499026	-0.306499	 0.313005	-0.087597	 0.075929
-0.445019	 0.046521	 0.498461	 0.498934	 0.498938	 0.498454	 0.498381	 0.499026	-0.331813	 0.406402	 0.006830	 0.075929
-0.445016	 0.046521	 0.498461	 0.498946	 0.498938	 0.498454	 0.498381	 0.499026	-0.344470	-0.046900	 0.054044	 0.075929
-0.445014	 0.046521	 0.498461	 0.498951	 0.498938	 0.498454	 0.498381	 0.499026	-0.350799	-0.272550	 0.077651	 0.075929
-0.445013	 0.046521	 0.498461	 0.498954	 0.498938	 0.498454	 0.498381	 0.499026	 0.146037	-0.385375	 0.089455	 0.075929
-0.445013	 0.046521	 0.498461	 0.498955	 0.498938	 0.498454	 0.498381	 0.499026	 0.393169	-0.441788	 0.095356	 0.075929
-0.445013	 0.046521	 0.498461	 0.498956	-0.001062	-0.001546	 0.498381	 0.499026	 0.515454	-0.469994	 0.098307	 0.075929
-0.445013	 0.046521	 0.498461	 0.498957	-0.250059	-0.250543	 0.498381	 0.499026	 0.575322	-0.484098	 0.099783	 0.075929
-0.445012	 0.046521	 0.498461	 0.498957	 0.125442	 0.124959	 0.498381	 0.499026	-0.396015	 0.008851	 0.100520	 0.075929
-0.445012	 0.046521	 0.498461	 0.498957	 0.312190	 0.311709	 0.498381	 0.499026	-0.878949	 0.254321	 0.100889	 0.075929
-0.445012	 0.046521	 0.498461	 0.498957	 0.405565	 0.405084	 0.498381	 0.499026	-1.117692	 0.377057	 0.101074	 0.075929
-0.445012	 0.046521	 0.498461	 0.498957	 0.452252	 0.451771	 0.498381	 0.499026	-0.234351	 0.438424	 0.101166	 0.075929
-0.445012	 0.046521	 0.498461	 0.498957	 0.475595	 0.475115	 0.498381	 0.499026	 0.206022	 0.469108	 0.101212	 0.075929
-0.445012	 0.046521	 0.498461	 0.498957	 0.487267	 0.486787	 0.498381	 0.499026	 0.424916	 0.484450	 0.101235	 0.075929
-0.445012	 0.046521	 0.498461	 0.498957	 0.493103	 0.492623	 0.498381	 0.499026	 0.533075	-0.007879	 0.101247	 0.075929
-0.445012	 0.046521	 0.498461	 0.498957	 0.496021	 0.495541	 0.498381	 0.499026	 0.585872	-0.253043	 0.101252	 0.075929
-0.445012	 0.046521	 0.498461	 0.498957	 0.497480	 0.497000	 0.498381	 0.499026	 0.610993	 0.124375	 0.101255	 0.575929
-0.445012	 0.046521	 0.498461	 0.498957	 0.498209	 0.497729	 0.498381	 0.499026	 0.622281	 0.312080	 0.101257	 0.823777
-0.445012	 0.046521	 0.498461	 0.498957	 0.498574	 0.498094	 0.498381	 0.499026	 0.626659	 0.405933	-0.398743	 0.945558
-0.445012	 0.046521	 0.498461	 0.498957	 0.498757	 0.498276	 0.498381	 0.499026	 0.627585	 0.452859	-0.646945	 1.004313
-0.445012	 0.046521	 0.498461	 0.498957	 0.498848	 0.498367	 0.498381	 0.499026	 0.626791	 0.476323	-0.769256	 1.031565
-0.445012	 0.046521	 0.498461	 0.498957	 0.498893	 0.498413	 0.498381	 0.499026	 0.625142	 0.488054	-0.828628	 1.043073
-0.445012	 0.046521	 0.498461	 0.498957	 0.498916	 0.498436	 0.498381	 0.499026	 0.623071	 0.493920	-0.856538	 1.046718
-0.445012	 0.046521	 0.498461	 0.498957	 0.498928	 0.498447	 0.498381	 0.499026	 0.620793	 0.496853	-0.368724	 0.546440
-0.445012	 0.046521	 0.498461	 0.498957	 0.498933	 0.498453	 0.498381	 0.499026	 0.618417	 0.498319	-0.124817	 0.296301
-0.445012	 0.046521	 0.498461	 0.498957	-0.501064	 0.498456	 0.498381	 0.499026	 0.615997	-0.000947	-0.002864	 0.671231
-0.445012	 0.046521	 0.498461	 0.498957	-0.998060	 0.498457	 0.498381	 0.499026	 0.613560	-0.249580	 0.058113	 0.856604
-0.445012	 0.046521	 0.498461	 0.498957	-0.243569	 0.498458	 0.498381	 0.499026	 0.611119	 0.126103	 0.088601	 0.447207
-0.445012	 0.046521	 0.498461	 0.498957	 0.132656	 0.498458	 0.498381	 0.499026	 0.608681	 0.312941	 0.103845	 0.242508
-0.445012	 0.046521	 0.498461	-0.001043	 0.319750	 0.498458	 0.498381	 0.499026	 0.606250	 0.406360	 0.111468	 0.140159
-0.445012	 0.046521	 0.498461	-0.250041	 0.412283	 0.498459	 0.498381	 0.499026	 0.603827	 0.453070	 0.115279	 0.088984
-0.445012	 0.046521	 0.498461	-0.374540	 0.457540	 0.498459	 0.498381	 0.499026	 0.601412	 0.476425	 0.117184	 0.063397
-0.445012	 0.046521	 0.498461	 0.063211	 0.479163	 0.498459	 0.498381	 0.499026	 0.099007	 0.488102	-0.381863	 0.550603
-0.445012	 0.046521	 0.498461	 0.281084	 0.488973	 0.498459	 0.498381	 0.499026	-0.152196	 0.493941	-0.629625	 0.792130
-0.445012	 0.046521	 0.998461	 0.390021	 0.493878	 0.498459	 0.498381	 0.499026	-0.277797	 0.496860	-0.251751	 0.410827
-0.445012	 0.046521	 1.245464	 0.444489	 0.496331	 0.498459	 0.498381	 0.499026	-0.340598	 0.498320	-0.062814	 0.220175
-0.445012	 0.046521	 0.865981	 0.471723	 0.497557	 0.498459	 0.498381	 0.499026	-0.871998	 0.499050	 0.031654	 0.124849
-0.445012	 0.046521	 0.676239	 0.485340	 0.498170	 0.498459	 0.498381	 0.499026	-1.134891	 0.499415	 0.078889	 0.077186
-0.445012	 0.046521	 0.581368	 0.492149	-0.001523	-0.001541	-0.001619	 0.499026	-0.263542	-0.000403	-0.397494	-0.446645
-0.445012	 0.046521	 0.533933	 0.495553	-0.250368	-0.250538	-0.250616	 0.499026	 0.170916	-0.249311	-0.633938	-0.706620
-0.445012	 0.046521	 0.510215	 0.497255	-0.374790	-0.375037	-0.375114	 0.499026	 0.386935	-0.373765	-0.750419	-0.834674
-0.445012	 0.046521	 0.498356	 0.498106	 0.062999	 0.062714	 0.062637	-0.000974	-0.006261	-0.435993	-0.806926	-0.396776
-0.445012	 0.046521	 0.492427	 0.498532	 0.280892	 0.280588	 0.280511	-0.249972	-0.202860	-0.467106	-0.833452	-0.177827
-0.445012	 0.046521	 0.489462	 0.498744	 0.389838	 0.389526	 0.389448	 0.125529	-0.301159	 0.017337	-0.844996	-0.068352
-0.445012	 0.046521	 0.487980	 0.498851	 0.444312	 0.443994	 0.443917	 0.312278	-0.350308	 0.258555	-0.849054	-0.013615
-0.445012	 0.046521	 0.487239	 0.498904	 0.471548	 0.471229	 0.471151	 0.405652	 0.125117	-0.120836	-0.849377	 0.013754
-0.445012	 0.046521	 0.486868	 0.498931	 0.485167	 0.484846	 0.484769	 0.452339	 0.361628	-0.309531	-0.847839	 0.027438
-0.445012	 0.046521	 0.486683	 0.498944	 0.491976	 0.491654	 0.491577	 0.475682	-0.021312	 0.096122	-0.845378	 0.034280
-0.445012	 0.046521	 0.486590	 0.498951	 0.495380	 0.495059	 0.494981	 0.487354	-0.212782	 0.297944	-0.842461	 0.037702
-0.445012	 0.046521	 0.486544	 0.498954	 0.497083	 0.496761	 0.496684	 0.493190	-0.308518	 0.398856	-0.839324	 0.039412
-0.445012	 0.046521	 0.486521	 0.498956	 0.497934	 0.497612	 0.497535	 0.496108	-0.356385	 0.449311	-0.836083	 0.040267
-0.445012	 0.046521	 0.486509	 0.498956	 0.498359	 0.498037	 0.497960	 0.497567	-0.380319	 0.474539	-0.832797	 0.040695
-0.445012	 0.046521	 0.486503	 0.498957	 0.498572	 0.498250	 0.498173	 0.498297	-0.392286	 0.487153	-0.829494	 0.040909
-0.445012	 0.046521	 0.486500	 0.498957	 0.498679	 0.498357	 0.498279	 0.498661	-0.398269	 0.493460	-0.826191	 0.041016
-0.445012	 0.046521	 0.486499	 0.498957	 0.498732	 0.498410	 0.498333	 0.498844	-0.401261	 0.496614	-0.822893	 0.041069
-0.445012	 0.046521	 0.486498	 0.498957	 0.498758	 0.498436	 0.498359	 0.498935	-0.402757	 0.498190	-0.819606	 0.041096
-0.445012	 0.046521	 0.486498	 0.498957	 0.498772	-0.001550	 0.498372	 0.498980	-0.403505	 0.498979	-0.816329	 0.041109
-0.445012	 0.046521	 0.486498	 0.498957	 0.498778	-0.250541	 0.498379	 0.499003	-0.403879	 0.499373	-0.813064	 0.041116
-0.445012	 0.046521	 0.486498	 0.498957	 0.498782	-0.375036	 0.498382	 0.499015	-0.404066	 0.499570	-0.809813	 0.041119
-0.445012	 0.046521	 0.486497	 0.498957	 0.998783	 0.062717	-0.001616	 0.499020	-0.404159	 0.499669	-0.806574	 0.041121
-0.445012	 0.046521	 0.486497	 0.498957	 1.245786	 0.280592	-0.250612	 0.499023	-0.404206	 0.499718	-0.803347	 0.041122
-0.445012	 0.046521	 0.486497	 0.498957	 0.866303	 0.389530	 0.124890	 0.499025	 0.095771	 0.499742	-0.800134	 0.541122
-0.445012	 0.046521	 0.486497	 0.498957	 0.676561	 0.443998	 0.311640	 0.499025	 0.344567	 0.499755	-0.796934	 0.789040
-0.445012	 0.046521	 0.486497	 0.498957	 0.581690	 0.471233	 0.405016	 0.499026	-0.032221	 0.499761	-0.793746	 0.410925
-0.445012	 0.046521	 0.486497	 0.498957	 0.534254	 0.484850	 0.451703	 0.499026	-0.220615	 0.499764	-0.790571	 0.221868
-0.445012	 0.046521	 0.486497	 0.498957	 0.510536	-0.008341	 0.475047	 0.499026	-0.314812	 0.499766	-0.787409	 0.127339
-0.445012	 0.046521	 0.486497	 0.498957	 0.498677	-0.253934	 0.486719	 0.499026	-0.361911	 0.499766	-0.784259	 0.080075
-0.445012	 0.046521	 0.486497	 0.498957	 0.492748	-0.376730	 0.492555	 0.499026	-0.385460	 0.499767	-0.781122	 0.056442
-0.445012	 0.046521	 0.486497	 0.498957	 0.489783	-0.438129	 0.495473	 0.499026	-0.397235	 0.499767	-0.777998	 0.044626
-0.445012	 0.046521	 0.486497	 0.498957	 0.488301	-0.468828	 0.496932	 0.499026	-0.403122	 0.499767	-0.774886	 0.038718
-0.445012	 0.046521	 0.486497	 0.498957	 0.487560	 0.015823	-0.002339	-0.000974	-0.406066	 0.499767	-0.771786	 0.035764
-0.445012	 0.046521	 0.486497	 0.498957	 0.487189	 0.257147	-0.250971	-0.249972	-0.407537	 0.499767	-0.768699	 0.034287
-0.445012	 0.046521	 0.486497	 0.498957	 0.487004	 0.377809	 0.124713	 0.125529	-0.408273	-0.000233	-0.765624	 0.033549
-0.445012	 0.046521	 0.486497	 0.498957	 0.486911	 0.438140	 0.311554	 0.312277	-0.408641	-0.249232	-0.762562	 0.033180
-0.445012	 0.046521	 0.486497	 0.498957	 0.486865	 0.468306	-0.095025	 0.405652	 0.091175	 0.126268	-0.759511	 0.032995
-0.445012	 0.046521	 0.486497	 0.498957	 0.486842	 0.483389	-0.297312	 0.452339	 0.339901	 0.313014	-0.756473	 0.032903
-0.445012	 0.046521	 0.486497	 0.498957	 0.486830	 0.490930	 0.101545	 0.475682	 0.463087	-0.093612	-0.253447	 0.032856
-0.445012	 0.046521	 0.486497	 0.498957	 0.486824	 0.494701	 0.299973	 0.487354	 0.523507	-0.295925	-0.001934	 0.032833
-0.445012	 0.046521	 0.486497	 0.498957	 0.486821	 0.496586	 0.399187	 0.493190	 0.552549	-0.397082	 0.123822	 0.032822
-0.445012	 0.046521	 0.486497	 0.498957	 0.486820	 0.497529	 0.448793	 0.496108	 0.565907	 0.052340	 0.186700	 0.032816
-0.445012	 0.046521	 0.486497	 0.498957	 0.486819	 0.498000	 0.473597	 0.497567	 0.571428	 0.276047	 0.218139	 0.032813
-0.445012	 0.046521	 0.486497	 0.498957	 0.486819	-0.001764	 0.485999	 0.498296	 0.573034	-0.112099	 0.233859	 0.032812
-0.445012	 0.046521	 0.486497	 0.498957	 0.486819	-0.250643	 0.492199	 0.498661	 0.572688	-0.305172	 0.241719	 0.032811
-0.445012	 0.046521	 0.486497	 0.498957	-0.013181	 0.124917	 0.495300	 0.498843	 0.571370	 0.098292	-0.254351	 0.032811
-0.445012	 0.046521	 0.486497	 0.498957	-0.262155	 0.311696	 0.496850	 0.498935	 0.569571	 0.299020	-0.500886	 0.032810
-0.445012	 0.046521	 0.486497	 0.498957	 0.114380	 0.405086	 0.497625	 0.498980	 0.067536	 0.399385	-0.122658	 0.532810
-0.445012	 0.046521	 0.486497	 0.498957	 0.302648	 0.451781	 0.498013	 0.499003	-0.183481	 0.449567	 0.066456	 0.780745
-0.445012	 0.046521	 0.486497	 0.498957	 0.396782	 0.475128	 0.498207	 0.499014	-0.308990	 0.474658	 0.161013	 0.902655
-0.445012	 0.046521	 0.486497	 0.498957	 0.443849	 0.486802	 0.498303	 0.499020	-0.371745	 0.487203	 0.208291	 0.461560
-0.445012	 0.046521	 0.486497	 0.498957	 0.467382	 0.492639	 0.498352	 0.499023	-0.403122	 0.493476	 0.231931	 0.241013
-0.445012	 0.046521	 0.486497	 0.498957	 0.479149	 0.495557	 0.498376	 0.499024	 0.081190	 0.496612	 0.243750	 0.630740
-0.445012	 0.046521	 0.486497	 0.498957	 0.485032	 0.497016	 0.498388	 0.499025	 0.322214	 0.498181	 0.249660	 0.823562
-0.445012	 0.046521	 0.486497	 0.498957	 0.487974	 0.497746	 0.498394	-0.000975	 0.441600	 0.498965	-0.247385	 0.417940
-0.445012	 0.046521	 0.486497	 0.498957	 0.489445	 0.498111	 0.498397	-0.249972	 0.500171	 0.499357	-0.494419	 0.215129
-0.445012	 0.046521	 0.486497	 0.498957	 0.490180	 0.498293	 0.498399	 0.125529	 0.528339	 0.499553	-0.116453	 0.613724
-0.445012	 0.046521	 0.486497	 0.498957	 0.490548	 0.498384	 0.498400	 0.312277	 0.541310	 0.499651	 0.072530	 0.810997
-0.445012	 0.046521	 0.486497	 0.498957	 0.490732	 0.498430	 0.498400	 0.405651	 0.546687	 0.499700	 0.167022	 0.907617
-0.445012	 0.046521	 0.486497	-0.001043	 0.490824	-0.001547	 0.498400	 0.452338	 0.548271	 0.499724	 0.214268	 0.453918
-0.445012	 0.046521	 0.486497	-0.250041	 0.490870	-0.250533	 0.498400	 0.475682	 0.547964	 0.499737	 0.237891	 0.227069
-0.445012	 0.046521	 0.486497	 0.125460	 0.490893	 0.124975	 0.498400	 0.487354	 0.546715	 0.499743	 0.249702	 0.613644
-0.445012	 0.046521	 0.486497	 0.312209	 0.490904	 0.311727	 0.498400	 0.493190	 0.544999	 0.499746	 0.255608	 0.804931
-0.445012	 0.046521	 0.486497	 0.405583	 0.490910	 0.405103	 0.498400	 0.496108	 0.543055	 0.499747	 0.258561	 0.398582
-0.445012	 0.046521	 0.486497	 0.452270	 0.490913	 0.451792	 0.498400	 0.497567	 0.541001	 0.499748	 0.260037	 0.195408
-0.445012	 0.046521	 0.486497	 0.475614	 0.490914	 0.475136	 0.498400	 0.498296	 0.538896	 0.499748	 0.260775	 0.593821
-0.445012	 0.046521	 0.486497	 0.487286	 0.490915	 0.486808	 0.498400	 0.498661	 0.536770	 0.499749	 0.261144	 0.791043
-0.445012	 0.046521	 0.486497	 0.493122	 0.490915	 0.492644	 0.498400	 0.498843	 0.534637	 0.499749	 0.261329	 0.887677
-0.445012	 0.046521	 0.486497	 0.496040	 0.490916	 0.495562	 0.498400	 0.498934	 0.532506	 0.499749	 0.261421	 0.434026
-0.445012	 0.046521	 0.486497	 0.497499	 0.490916	 0.497021	 0.498400	 0.498980	 0.530380	 0.499749	 0.261467	 0.207200
-0.445012	 0.046521	 0.486497	 0.498228	 0.490916	 0.497750	 0.498400	 0.499003	 0.528260	 0.499749	 0.261490	 0.093787
-0.445012	 0.046521	 0.486497	 0.498593	 0.490916	 0.498115	 0.498400	 0.499014	 0.526148	 0.499749	 0.261502	 0.037081
-0.445012	 0.046521	 0.486497	 0.498775	-0.009084	 0.498297	 0.498400	 0.499020	 0.524044	 0.499749	 0.261508	 0.508728
-0.445012	 0.046521	 0.486497	 0.498866	-0.258066	 0.498389	 0.498400	 0.499023	 0.521948	 0.499749	 0.261511	 0.742590
-0.445012	 0.046521	 0.486497	 0.498912	 0.118457	 0.498434	 0.498400	 0.499024	 0.519860	 0.499749	 0.261512	 0.857569
-0.445012	 0.046521	 0.486497	 0.498935	 0.306719	 0.498457	 0.498400	 0.499025	 0.517781	 0.499749	 0.261513	 0.913113
-0.445012	 0.046521	 0.486497	 0.498946	 0.400850	 0.498468	 0.498400	 0.499025	 0.515710	 0.499749	 0.261513	 0.938947
-0.445012	 0.046521	 0.486497	 0.498952	 0.447915	-0.001526	 0.498400	 0.499025	 0.513647	 0.499749	 0.261513	 0.949935
-0.445012	 0.046521	 0.486497	 0.498955	 0.471448	-0.250520	 0.498400	 0.499025	 0.511592	 0.499749	 0.261513	 0.953507
-0.445012	 0.046521	 0.486497	 0.498956	 0.483214	 0.124983	 0.498400	 0.499026	 0.509546	-0.000251	 0.261513	 0.453379
-0.445012	 0.046521	 0.486497	 0.498957	 0.489097	 0.311733	 0.498400	 0.499026	 0.507508	-0.249251	 0.261513	 0.203315
-0.445012	 0.046521	 0.486497	 0.498957	 0.492039	 0.405109	 0.498400	 0.499026	 0.505478	 0.126250	 0.261513	 0.078283
-0.445012	 0.046521	 0.486497	 0.498957	 0.493510	 0.451796	 0.498400	 0.499026	 0.503456	 0.312996	 0.261513	 0.015767
-0.445012	 0.046521	 0.486497	 0.498957	 0.494245	 0.475140	 0.498400	 0.499026	 0.501442	-0.093631	 0.261513	-0.015491
-0.445012	 0.046521	 0.486497	 0.498958	 0.494613	 0.486812	 0.498400	 0.499026	 0.500435	-0.295943	 0.261513	-0.031120
-0.445012	 0.046521	 0.486497	 0.498958	 0.494797	 0.492648	 0.498400	 0.499026	 0.499932	-0.397100	 0.261513	-0.038934
-0.445012	 0.046521	 0.486497	 0.498958	-0.005112	 0.495566	 0.498400	 0.499026	-0.000320	 0.052322	 0.261513	-0.042842
-0.445012	 0.046521	 0.486497	 0.498958	-0.254056	 0.497025	 0.498400	 0.499026	-0.249445	 0.276029	 0.261513	-0.044795
-0.445012	 0.046521	 0.486497	 0.498958	 0.122478	 0.497754	 0.498400	 0.499026	 0.125993	-0.112117	 0.261513	-0.045772
-0.445012	 0.046521	 0.486497	 0.498958	 0.310745	 0.498119	 0.498400	 0.499026	 0.312709	-0.305189	 0.261513	-0.046260
-0.445012	 0.046521	 0.486497	 0.498958	 0.404879	 0.498302	 0.498400	 0.499026	-0.593933	 0.098274	 0.261513	 0.453495
-0.445012	 0.046521	 0.486497	 0.498958	 0.451946	 0.498393	 0.498400	 0.499026	-1.044253	 0.299003	 0.261513	 0.701467
-0.445012	 0.046521	 0.486497	 0.498958	 0.975479	 0.498438	 0.498400	 0.499026	-0.266424	 0.399367	 0.261513	 0.323554
-0.445012	 0.046521	 0.486497	 0.498958	 1.234248	 0.498461	 0.498400	 0.499026	 0.121468	 0.449549	 0.261513	 0.134597
-0.445012	 0.046521	 0.486497	 0.498958	 1.360646	 0.498473	 0.498400	 0.499026	 0.314395	 0.474640	 0.261513	 0.040119
-0.445012	 0.046521	 0.486497	 0.498958	 0.920871	 0.498478	 0.498400	 0.499026	 0.409844	 0.487185	 0.261513	 0.492879
-0.445012	 0.046521	 0.486497	 0.498958	 0.700984	 0.498481	 0.498400	 0.499026	 0.456558	 0.493458	 0.261513	 0.717369
-0.445012	 0.046521	 0.486497	 0.498958	 0.591040	 0.498483	 0.498400	 0.499026	 0.478908	 0.496595	 0.261513	 0.827729
-0.445012	 0.046521	 0.486497	 0.498958	 0.536068	 0.498483	 0.498400	 0.499026	 0.489081	 0.498163	 0.261513	 0.881034
-0.445012	 0.046521	 0.486497	 0.498958	 0.508582	 0.498484	 0.498400	 0.499026	 0.494167	 0.498947	 0.261513	 0.405817
-0.445012	 0.046521	 0.486497	 0.498958	 0.494839	 0.498484	 0.498400	 0.499026	 0.496710	 0.499339	 0.261513	 0.168209
-0.445012	 0.046521	 0.486497	 0.498958	 0.487968	 0.498484	 0.498400	 0.499026	 0.497982	 0.499535	 0.261513	 0.049405
-0.445012	 0.046521	 0.486497	 0.498958	 0.484532	 0.498484	 0.498400	 0.499026	 0.498618	 0.499633	 0.261513	-0.009997
-0.445012	 0.046521	 0.486497	 0.498958	 0.482814	 0.498484	 0.498400	 0.499026	 0.498936	 0.499682	 0.261513	-0.039698
-0.445012	 0.046521	 0.486497	-0.001042	 0.481955	 0.498484	 0.498400	 0.499026	 0.499095	 0.499706	 0.261513	-0.054549
-0.445012	 0.046521	 0.486497	-0.250040	 0.481526	 0.498484	 0.498400	 0.499026	 0.499174	 0.499719	 0.261513	-0.061974
-0.445012	 0.046521	 0.486497	 0.125461	 0.481311	 0.498484	 0.498400	 0.499026	 0.499214	 0.499725	 0.261513	 0.434313
-0.445012	 0.046521	 0.486497	 0.312209	 0.481204	 0.498484	 0.498400	 0.499026	 0.499234	 0.499728	 0.261513	 0.680596
-0.445012	 0.046521	 0.486497	 0.405584	 0.481150	 0.498484	 0.498400	-0.000974	 0.499244	 0.499729	 0.261513	 0.801883
-0.445012	 0.046521	 0.486497	 0.452271	 0.481123	 0.498484	 0.498400	-0.249972	 0.499249	 0.499730	 0.261513	 0.860681
-0.445012	 0.046521	 0.486497	 0.475614	 0.481110	 0.498484	 0.498400	 0.125529	 0.499251	 0.499731	 0.261513	 0.888240
-0.445012	 0.046521	 0.486497	 0.487286	 0.481103	 0.498484	 0.498400	 0.312277	 0.499252	 0.499731	 0.261513	 0.900189
-0.445012	 0.046521	 0.486497	 0.493122	 0.481100	 0.498484	 0.498400	 0.405651	 0.499253	 0.499731	 0.261513	 0.904339
-0.445012	 0.046521	 0.486497	 0.496040	 0.481098	 0.498484	 0.498400	 0.452338	 0.499253	 0.499731	 0.261513	 0.404596
-0.445012	 0.046521	 0.486497	 0.497499	 0.481097	 0.498484	 0.498400	 0.475682	 0.499253	 0.499731	 0.261513	 0.154725
-0.445012	 0.046521	 0.486497	 0.498228	 0.981097	 0.498484	 0.498400	 0.487354	 0.499254	 0.499731	 0.261513	 0.529790
-0.445012	 0.046521	 0.486497	 0.498593	 1.228134	 0.498484	 0.498400	 0.493189	 0.499254	 0.499731	 0.261513	 0.715512
-0.445012	 0.046521	 0.486497	 0.498776	 0.848703	 0.498484	 0.498400	 0.496107	 0.499254	 0.499731	 0.261513	 0.806571
-0.445012	 0.046521	 0.486497	 0.498867	 0.658987	 0.498484	 0.498400	 0.497566	 0.499254	 0.499731	 0.261513	 0.850305
-0.445012	 0.046521	 0.486497	 0.498912	 0.564129	 0.498484	 0.498400	 0.498296	 0.499254	 0.499731	 0.261513	 0.870384
-0.445012	 0.046521	 0.486497	 0.498935	 0.516700	 0.498484	 0.498400	 0.498661	 0.499254	 0.499731	 0.261513	 0.878643
-0.445012	 0.046521	 0.486497	 0.498946	 0.492986	 0.498484	 0.498400	 0.498843	 0.499254	 0.499731	 0.261513	 0.880998
-0.445012	 0.046521	 0.486497	 0.498952	 0.481128	 0.498484	 0.998400	 0.498934	 0.499254	 0.499731	 0.261513	 0.380409
-0.445012	 0.046521	 0.486497	 0.498955	 0.475200	 0.498484	 1.245404	 0.498980	 0.499254	 0.499731	 0.261513	 0.130115
-0.445012	 0.046521	 0.486497	 0.498956	 0.472235	 0.498484	 0.865920	 0.499003	 0.499254	 0.499731	 0.261513	 0.504968
-0.445012	 0.046521	 0.486497	 0.498957	 0.470753	 0.498484	 0.676179	 0.499014	 0.499254	 0.499731	 0.261513	 0.690634
-0.445012	 0.546521	 0.986497	 0.498958	 0.470012	-0.001516	 0.581308	 0.499020	 0.499254	-0.000269	 0.261513	 0.281715
-0.445012	 0.794428	 1.233524	 0.498958	 0.469642	-0.250513	 0.533872	 0.499023	 0.499254	-0.249269	 0.261513	 0.077256
-0.445012	 0.416296	 0.854077	 0.498958	 0.469456	 0.124988	 0.510155	 0.499024	 0.499254	 0.126232	 0.261513	-0.024974
-0.445012	 0.227231	 0.664353	 0.498958	 0.469364	 0.311738	 0.498296	 0.499025	 0.499254	 0.312978	 0.261513	-0.076089
-0.445012	 0.132698	 0.569491	 0.498958	 0.469317	 0.405113	 0.492367	 0.499025	 0.499254	 0.406352	 0.261513	-0.101647
-0.445012	 0.085432	 0.522060	 0.498958	 0.469294	 0.451801	 0.989402	-0.000975	 0.499254	 0.453038	 0.261513	-0.114425
-0.445012	 0.061798	 0.498345	 0.498958	 0.469283	 0.475144	 1.234947	-0.249973	 0.499254	 0.476382	 0.261513	-0.120815
-0.445012	 0.049982	 0.486487	 0.498958	 0.469277	 0.486816	 0.854758	 0.125528	 0.499254	 0.488053	 0.261513	 0.375991
-0.445012	 0.044074	 0.480558	 0.498958	 0.469274	 0.492652	 0.664664	 0.312277	 0.499254	 0.493889	 0.261513	 0.622648
-0.445012	 0.041119	 0.477594	 0.498958	 0.469273	 0.495570	 0.569617	 0.405651	 0.499254	 0.496807	 0.261513	 0.244238
-0.445012	 0.039642	 0.476111	 0.498958	 0.469272	 0.497029	 0.522093	 0.452338	 0.499254	 0.498266	 0.261513	 0.055033
-0.445012	 0.038904	 0.475370	 0.498958	 0.469271	 0.497759	 0.498331	 0.475682	-0.000746	 0.498996	 0.261513	-0.039570
-0.445012	 0.038535	 0.475000	 0.498958	 0.469271	 0.498123	 0.486450	 0.487353	-0.249745	 0.499360	 0.261513	-0.086871
-0.445012	 0.038350	 0.474815	 0.498958	 0.469271	 0.498306	 0.480510	 0.493189	-0.374244	 0.499543	 0.261513	-0.110522
-0.445012	 0.038258	 0.474722	 0.498958	 0.469271	 0.498397	 0.477540	 0.496107	 0.063506	-0.000366	 0.261513	-0.122347
-0.445012	 0.038211	 0.474676	 0.498958	 0.469271	 0.498442	 0.476054	 0.497566	 0.281379	-0.249320	 0.261513	-0.128260
-0.445012	 0.038188	 0.474652	 0.498958	 0.469271	 0.498465	 0.475312	 0.498296	-0.109685	 0.126203	-0.238487	-0.131216
-0.445012	 0.038177	 0.474641	 0.498958	 0.469271	 0.498477	 0.474941	 0.498660	-0.304215	 0.312961	-0.487010	-0.132694
-0.445012	 0.038171	 0.474635	 0.498958	 0.469271	 0.498482	 0.474755	-0.001157	 0.098520	 0.406340	-0.109800	 0.366567
-0.445012	 0.038168	 0.474632	 0.498958	 0.469271	 0.498485	 0.474662	-0.250064	 0.298885	 0.453030	 0.078805	 0.614466
-0.445012	 0.038167	 0.474631	-0.001042	 0.469271	-0.001513	-0.025384	 0.125482	 0.399067	 0.476375	 0.173107	 0.236690
-0.445012	 0.038166	 0.474630	-0.250040	 0.469271	-0.250510	-0.274357	 0.312254	 0.449158	 0.488047	 0.220258	 0.047803
-0.445012	 0.038166	 0.474630	 0.125461	 0.469271	 0.124992	 0.102204	 0.405639	-0.025796	 0.493883	 0.243834	 0.453359
-0.445012	 0.038165	 0.474629	 0.312210	 0.469271	 0.311742	 0.290484	 0.452332	-0.262272	 0.496801	 0.255622	 0.654419
-0.445012	 0.038165	 0.474629	 0.405584	 0.469271	 0.405117	 0.384624	 0.475679	-0.380510	 0.498260	 0.261516	 0.753238
-0.445012	 0.038165	 0.474629	 0.452271	 0.469271	 0.451805	 0.431694	 0.487352	 0.060371	 0.498990	 0.264463	 0.300944
-0.445012	 0.038165	 0.474629	 0.475615	 0.469271	 0.475148	 0.455229	 0.493188	 0.279809	 0.499355	 0.265936	 0.074796
-0.445012	 0.038165	 0.474629	 0.487286	 0.469271	 0.486820	 0.466997	 0.496107	 0.389529	 0.499537	 0.266673	-0.038277
-0.445012	 0.038165	 0.474629	 0.493122	 0.469271	 0.492656	 0.472881	 0.497566	 0.444388	 0.499628	 0.267041	-0.094814
-0.445012	 0.038165	 0.474629	 0.496040	 0.469271	 0.495574	 0.475823	 0.498295	-0.028182	-0.000326	 0.267225	-0.123083
-0.445012	 0.038165	 0.474629	 0.497499	 0.469271	 0.497033	 0.477293	 0.498660	-0.263466	-0.249303	 0.267317	-0.137217
-0.445012	 0.038165	 0.474629	 0.498229	 0.469271	 0.497763	 0.478029	 0.498843	 0.118892	 0.126209	 0.267363	-0.144284
-0.445012	 0.038165	 0.474629	 0.498593	 0.469271	 0.498127	 0.478397	 0.498934	 0.309069	 0.312961	 0.267386	-0.147817
-0.445012	 0.038165	 0.474629	 0.498776	 0.469271	 0.498310	 0.478581	 0.498979	 0.404157	 0.406337	 0.267398	-0.149584
-0.445012	 0.038165	 0.474629	 0.498867	 0.469271	-0.001599	 0.478672	 0.499002	-0.048299	 0.453025	 0.267404	-0.150468
-0.445012	 0.038165	 0.474629	 0.498913	 0.469271	-0.250550	 0.478718	 0.499014	-0.273525	 0.476369	 0.267407	-0.150909
-0.445012	 0.038165	 0.474629	 0.498935	 0.469271	-0.375026	 0.478741	 0.499019	-0.386138	 0.488041	 0.267408	-0.151130
-0.445012	 0.038165	 0.474629	 0.498947	 0.469271	-0.437264	 0.478753	 0.499022	-0.442445	 0.493878	 0.267409	-0.151241
-0.445012	 0.038165	 0.474629	 0.498952	 0.469271	 0.031617	 0.478759	 0.499024	 0.029402	 0.496796	 0.267409	-0.151296
-0.445012	 0.038165	 0.474629	 0.498955	 0.469271	 0.265057	 0.478762	 0.499024	 0.264323	 0.498255	 0.267409	-0.151323
-0.445012	 0.538165	 0.474629	-0.001043	 0.469271	-0.118224	 0.478763	 0.499025	 0.381783	 0.498984	 0.267409	-0.151337
-0.445012	 0.786089	 0.474629	-0.250040	 0.469271	-0.308861	 0.478764	 0.499025	 0.440513	 0.499349	 0.267409	-0.151344
-0.445012	 0.907983	 0.474629	-0.374539	 0.469271	-0.404179	 0.478764	 0.499025	 0.469878	 0.499531	 0.267409	-0.151348
-0.445012	 0.466870	 0.474629	 0.063212	 0.469271	 0.048161	 0.478764	 0.499025	 0.484561	 0.499622	 0.267410	-0.151349
-0.445012	 0.246313	 0.474629	 0.281085	 0.469271	 0.273331	 0.478764	 0.499025	 0.491902	 0.499668	 0.267410	-0.151350
-0.445012	 0.136035	 0.474629	 0.390022	 0.469271	 0.385915	 0.478764	 0.499025	 0.495573	-0.000309	 0.267410	 0.348649
-0.445012	 0.080896	 0.474629	 0.444490	 0.469271	 0.442208	 0.478764	 0.499025	 0.497408	-0.249297	 0.267410	 0.596952
-0.945012	 0.053327	 0.474629	 0.471724	 0.469271	 0.470354	 0.478764	 0.499025	 0.498326	 0.126209	-0.232590	 0.219413
-1.192122	 0.039542	 0.474629	 0.485341	 0.469271	 0.484427	 0.478764	 0.499025	 0.498785	 0.312958	-0.481125	 0.030643
-0.812799	 0.032649	 0.474629	 0.492150	 0.469271	 0.491464	 0.478764	 0.499025	 0.499014	 0.406333	-0.103933	-0.063742
-0.623137	 0.029203	 0.474629	 0.495554	 0.469271	 0.494982	 0.478764	 0.499025	 0.499129	 0.453020	 0.084663	-0.110934
-0.528306	 0.027480	 0.474629	 0.497256	 0.469271	 0.496741	 0.478764	 0.499025	 0.499186	 0.476364	 0.178961	-0.134530
-0.480891	 0.526619	 0.474629	 0.498107	 0.969271	 0.497621	 0.478764	-0.000975	 0.499215	 0.488036	 0.226110	-0.146328
-0.457183	 0.774136	 0.474629	 0.498533	 1.216333	 0.498060	 0.478764	-0.249973	 0.499229	 0.493872	 0.249684	-0.152228
-0.445329	 0.395852	 0.474629	 0.498746	 0.836936	 0.498280	 0.478764	 0.125528	 0.499236	 0.496790	 0.261471	 0.344823
-0.439402	 0.206710	 0.474629	 0.498852	 0.647238	 0.498390	 0.478764	 0.312276	 0.499240	 0.498249	 0.267365	 0.591664
-0.436439	 0.612139	 0.474629	 0.498905	 0.552389	 0.498445	 0.478764	 0.405650	 0.499242	 0.498978	 0.270312	 0.213408
-0.434957	 0.812818	 0.474629	 0.498932	 0.504965	 0.498473	 0.478764	 0.452338	 0.499243	 0.499343	 0.271785	 0.024280
-0.434216	 0.411130	 0.474629	 0.498945	 0.481253	 0.498486	 0.478764	 0.475681	-0.000757	-0.000475	 0.272522	-0.070284
-0.433846	 0.210287	 0.474629	 0.498952	 0.469397	 0.498493	 0.478764	 0.487353	-0.249755	-0.249383	 0.272890	-0.117566
-0.433661	 0.109865	 0.474629	 0.498955	 0.463468	 0.498497	 0.478764	 0.493189	-0.374254	-0.373837	 0.273074	-0.141207
-0.433568	 0.059654	 0.474629	 0.498957	 0.460504	 0.498498	 0.478764	 0.496107	-0.436504	 0.063936	-0.226834	 0.346972
-0.433522	 0.034549	 0.474629	 0.498958	 0.459022	 0.498499	 0.478764	 0.497566	-0.467629	 0.281819	-0.475334	 0.589392
-0.433499	 0.021996	 0.474629	 0.498958	 0.958281	 0.498500	-0.021236	 0.498295	-0.483191	 0.390761	-0.098137	 0.208938
-0.433487	 0.015719	 0.474629	 0.498958	 1.204996	 0.498500	-0.270193	 0.498660	-0.490972	 0.445231	 0.090462	 0.018711
-0.433481	 0.012581	 0.474629	 0.498958	 0.825450	 0.498500	 0.106366	 0.498842	 0.005137	 0.472467	 0.184761	-0.076402
-0.433478	 0.011012	 0.474629	 0.498958	 0.635677	 0.498500	 0.294646	 0.498934	 0.252189	 0.486084	 0.231911	-0.123959
-0.433477	 0.010228	 0.474629	 0.498958	 0.540790	 0.498500	 0.388786	 0.498979	 0.375715	 0.492893	 0.255486	 0.352262
-0.433476	 0.009835	 0.474629	 0.498959	 0.493347	 0.498500	 0.435856	 0.499002	 0.437479	 0.496298	 0.267273	 0.588716
-0.433476	 0.009639	 0.474629	 0.498959	 0.469625	 0.498500	 0.459391	 0.499013	 0.468360	 0.498000	 0.273167	 0.705293
-0.433476	 0.009541	 0.474629	 0.498959	 0.457764	-0.001500	 0.471158	 0.499019	 0.483801	 0.498851	-0.223886	 0.761937
-0.433476	 0.009492	 0.474629	 0.498959	 0.451834	-0.250497	 0.477042	 0.499022	 0.491521	 0.499277	-0.470971	 0.788623
-0.433475	 0.509468	 0.474629	 0.498959	 0.448869	 0.125005	 0.479984	 0.499023	 0.495381	-0.000511	-0.093077	 0.300334
-0.433475	 0.757437	 0.474629	 0.498959	 0.447386	 0.311754	 0.481455	 0.499024	 0.497311	-0.249404	 0.095870	 0.056190
-0.433475	 0.379410	 0.474629	 0.498959	 0.446645	 0.405129	 0.482190	 0.499024	 0.498277	 0.126150	 0.190343	-0.065882
-0.433475	 0.190397	 0.474629	 0.498959	 0.446274	 0.451817	 0.482558	 0.499025	 0.498759	 0.312923	 0.237580	-0.126918
-0.433475	 0.095890	 0.474629	 0.498959	 0.946089	 0.475160	 0.482742	 0.499025	 0.499000	 0.406310	 0.261198	 0.342564
-0.433475	 0.048637	 0.474629	 0.498959	 1.193104	 0.486832	 0.482834	 0.499025	 0.499121	 0.453003	 0.273008	 0.575681
-0.433475	 0.025010	 0.474629	 0.498959	 1.313732	 0.492668	 0.482880	 0.499025	 0.499181	 0.476350	 0.278912	 0.690622
-0.433475	 0.013197	 0.474629	 0.498959	 0.871177	 0.495586	 0.482903	 0.499025	 0.499211	 0.488023	 0.281865	 0.746481
-0.433475	 0.007290	 0.474629	 0.498959	 0.649899	 0.497045	 0.482914	 0.499025	 0.499227	 0.493860	 0.283341	 0.772806
-0.433475	 0.004337	 0.474629	 0.498959	 0.539261	 0.497775	 0.482920	 0.499025	 0.499234	 0.496778	 0.284079	 0.784371
-0.433475	 0.002860	 0.474629	 0.498959	 0.483941	 0.498139	 0.482923	 0.499025	 0.499238	 0.498237	 0.284448	 0.788561
-0.433475	 0.002122	 0.474629	 0.498959	 0.456282	 0.498322	 0.482925	 0.499025	 0.499240	 0.498967	 0.284632	 0.289071
-0.433475	 0.001753	 0.474629	 0.498959	 0.442452	 0.498413	 0.482925	 0.499025	 0.499241	 0.499332	 0.284725	 0.039325
-0.433475	 0.001568	 0.474629	 0.498959	 0.935537	 0.498459	 0.482926	 0.499025	 0.499241	-0.000486	-0.215229	-0.085547
-0.433475	 0.001476	 0.474629	 0.498959	 1.179222	 0.498481	 0.482926	 0.499025	 0.499241	-0.249394	-0.463776	-0.147984
-0.433475	 0.001430	 0.474629	 0.498959	 1.298219	 0.498493	 0.482926	 0.499025	 0.499241	-0.373848	-0.586625	-0.179202
-0.433475	 0.001407	 0.474629	 0.498959	 0.354883	 0.498498	 0.482926	 0.499025	 0.499242	 0.063925	-0.146630	-0.194811
-0.433475	 0.001395	 0.474629	 0.498959	-0.115608	 0.498501	 0.482926	 0.499025	 0.499242	 0.281808	 0.073367	-0.202615
-0.433475	 0.001390	 0.474629	 0.498959	 0.150318	 0.498503	-0.017074	 0.499025	 0.499242	 0.390749	 0.183366	-0.206518
-0.433475	 0.001387	 0.474629	 0.498959	 0.283282	 0.498503	-0.266040	 0.499025	 0.499242	 0.445220	 0.238365	-0.208469
-0.433475	 0.001385	 0.474629	 0.498959	 0.349763	 0.498504	 0.110507	 0.499025	 0.499242	 0.472456	 0.265865	-0.209444
-0.433475	 0.001384	 0.474629	 0.498959	 0.383004	 0.498504	 0.298781	 0.499025	 0.499242	 0.486073	 0.279615	-0.209932
-0.433475	 0.001384	 0.474629	 0.498959	 0.399625	 0.498504	 0.392918	 0.499025	 0.499242	 0.492882	 0.286490	-0.210176
-0.433475	 0.001384	 0.474629	 0.498959	 0.407935	 0.498504	 0.439986	 0.499025	 0.499242	 0.496287	 0.289927	-0.210298
-0.433475	 0.001384	 0.474629	 0.498959	 0.412090	 0.498504	 0.463520	 0.499025	 0.499242	 0.497989	 0.291646	-0.210359
-0.433475	 0.501384	 0.474629	 0.498959	 0.414168	 0.498504	 0.475287	 0.499025	 0.499242	 0.498840	 0.292505	 0.289611
-0.433475	 0.749381	 0.474629	 0.498959	 0.415206	 0.498504	 0.481171	 0.499025	 0.499242	 0.499265	 0.292935	 0.538016
-0.433475	 0.371385	 0.474629	 0.498959	 0.415726	 0.498504	 0.484113	 0.499025	 0.499242	 0.499478	 0.293150	 0.160646
-0.433475	 0.182387	 0.474629	 0.498959	 0.415985	 0.498504	 0.485583	 0.499025	 0.499242	 0.499585	 0.293257	-0.028039
-0.433475	 0.087888	 0.474629	 0.498959	 0.416115	 0.498504	 0.486319	 0.499025	 0.499242	 0.499638	 0.293311	 0.377619
-0.433475	 0.040638	 0.474629	 0.498959	 0.416180	 0.498504	 0.486687	 0.499025	 0.499242	 0.499664	 0.293338	 0.578881
-0.433475	 0.017013	 0.474629	 0.498959	 0.416213	 0.498504	 0.486870	 0.499025	 0.499242	 0.499678	 0.293351	 0.177952
-0.433475	 0.005201	 0.474629	 0.498959	 0.416229	 0.498504	 0.486962	 0.499025	 0.499242	 0.499684	 0.293358	-0.022513
-0.433475	-0.000705	 0.474629	 0.498959	 0.416237	 0.498504	 0.487008	 0.499025	 0.499242	 0.499688	 0.293361	 0.377255
-0.433475	-0.003658	 0.474629	 0.498959	 0.416241	 0.498504	 0.487031	 0.499025	 0.499242	 0.499689	 0.293363	 0.575585
-0.433475	-0.005135	 0.474629	 0.498959	 0.416243	 0.498504	 0.487043	 0.499025	 0.499242	 0.499690	 0.293364	 0.673202
-0.433475	 0.494127	 0.474629	 0.498959	 0.416244	 0.498504	 0.487049	 0.499025	 0.499242	-0.000309	 0.293364	 0.720469
-0.433475	 0.741771	 0.474629	 0.498959	 0.416245	 0.498504	 0.487051	 0.499025	 0.499242	-0.249309	 0.293365	 0.742567
-0.433475	 0.863614	 0.474629	 0.498959	 0.416245	 0.498504	 0.487053	 0.499025	 0.499242	-0.373808	 0.293365	 0.252086
-0.433475	 0.922565	 0.474629	 0.498959	 0.416245	 0.498504	 0.487054	 0.499025	 0.499242	-0.436058	 0.293365	 0.006846
-0.433475	 0.450077	 0.474629	 0.498959	 0.416245	 0.498504	 0.487054	 0.499025	 0.499242	 0.032817	 0.293365	-0.115774
-0.433475	 0.213833	 0.474629	 0.498959	 0.416245	 0.498504	 0.487054	 0.499025	 0.499242	 0.266251	 0.293365	-0.177084
-0.433475	 0.095712	 0.474629	 0.498959	 0.416245	 0.498504	 0.487054	 0.499025	 0.499242	 0.382968	 0.293365	-0.207739
-0.433475	 0.036651	 0.474629	 0.498959	 0.416245	 0.498504	 0.487054	 0.499025	 0.499242	 0.441327	 0.293365	-0.223067
-0.433475	 0.007120	 0.474629	 0.498959	 0.416245	 0.498504	 0.487054	 0.499025	 0.499242	 0.470506	 0.293365	-0.230730
-0.433475	 0.492355	 0.474629	 0.498959	 0.916245	 0.498504	 0.487054	 0.499025	 0.499242	 0.485096	 0.293365	 0.265438
-0.433475	 0.733017	 0.474629	 0.498959	 1.163413	 0.498504	 0.487054	 0.499025	 0.499242	 0.492391	 0.293365	 0.511999
-0.433475	 0.351401	 0.474629	 0.498959	 0.784175	 0.498504	 0.487054	 0.499025	 0.499242	 0.496038	 0.293365	 0.133762
-0.433475	 0.160593	 0.474629	 0.498959	 0.594557	 0.498504	 0.487054	 0.499025	 0.499242	 0.497862	 0.293365	-0.055356
-0.433475	 0.065189	 0.474629	 0.498959	 0.499747	 0.498504	 0.487054	 0.499025	 0.499242	 0.498774	 0.293365	-0.149916
-0.433475	 0.017487	 0.474629	 0.498959	 0.452342	 0.498504	 0.487054	 0.499025	 0.499242	 0.499229	 0.293365	-0.197195
-0.433475	 0.493636	 0.474629	 0.498959	 0.428640	 0.498504	 0.487054	 0.499025	 0.499242	-0.000543	 0.293365	 0.279165
-0.433475	 0.729770	 0.474629	 0.498959	 0.416789	 0.498504	 0.487054	 0.499025	 0.499242	-0.249428	 0.293365	 0.515834
-0.433475	 0.845906	 0.474629	 0.498959	 0.410863	 0.498504	 0.487054	 0.499025	 0.499242	-0.373871	 0.293365	 0.632664
-0.433475	 0.402050	 0.474629	 0.498959	 0.407901	 0.498504	 0.487054	 0.499025	 0.499242	 0.063908	 0.293365	 0.689579
-0.433475	 0.180122	 0.474629	 0.498959	 0.406419	 0.498504	 0.487054	 0.499025	 0.499242	 0.281794	 0.293365	 0.716544
-0.433475	 0.069158	 0.474629	 0.498959	 0.405679	 0.498504	 0.487054	 0.499025	 0.499242	 0.390737	 0.293365	 0.728540
-0.433475	 0.013676	 0.474629	 0.498959	 0.405308	 0.498504	 0.487054	 0.499025	 0.499242	 0.445208	 0.293365	 0.733056
-0.433475	-0.014065	 0.474629	 0.498959	 0.405123	 0.498504	 0.487054	 0.499025	 0.499242	 0.472444	 0.293365	 0.733839
-0.433475	-0.027936	 0.474629	 0.498959	 0.405030	 0.498504	 0.487054	 0.499025	 0.499242	 0.486062	 0.293365	 0.732762
-0.433475	 0.465129	 0.474629	 0.498959	 0.404984	 0.498504	-0.012946	 0.499025	 0.499242	 0.492871	 0.293365	 0.730760
-0.433475	 0.709745	 0.474629	 0.498959	 0.404961	 0.498504	-0.261920	 0.499025	 0.499242	 0.496275	 0.293365	 0.728301
-0.433475	 0.830144	 0.474629	 0.498959	 0.404949	 0.498504	-0.385385	 0.499025	 0.499242	 0.497978	 0.293365	 0.725620
-0.433475	 0.388443	 0.474629	 0.498959	 0.404944	 0.498504	 0.053900	 0.499025	 0.499242	 0.498829	 0.293365	 0.722834
-0.433475	 0.167592	 0.474629	 0.498959	 0.404941	 0.498504	 0.273543	 0.499025	 0.499242	 0.499254	 0.293365	 0.720000
-0.433475	 0.057167	 0.474629	 0.498959	 0.404939	 0.498504	 0.383364	 0.499025	 0.499242	 0.499467	 0.293365	 0.217149
-0.433475	 0.001954	 0.474629	 0.498959	 0.404939	 0.498504	 0.438274	 0.499025	 0.499242	 0.499574	 0.293365	-0.034276
-0.433475	-0.025652	 0.474629	 0.498959	 0.904938	 0.498504	 0.465730	 0.499025	 0.499242	 0.499627	 0.293365	-0.159989
-0.433475	-0.039456	 0.474629	 0.498959	 1.152128	 0.498504	 0.479457	 0.499025	 0.499242	 0.499653	 0.293365	-0.222845
-0.433475	 0.453643	 0.474629	 0.498959	 1.272924	 0.498504	 0.486321	 0.499025	 0.499242	 0.499667	 0.293365	 0.245727
-0.433475	 0.698298	 0.474629	 0.498959	 1.330535	 0.498504	 0.489753	 0.499025	 0.499242	 0.499673	 0.293365	 0.478584
-0.433475	 0.818740	 0.474629	 0.498959	 1.356564	 0.498504	 0.491469	 0.499025	 0.499242	 0.499677	 0.293365	 0.593590
-0.433475	 0.877083	 0.474629	 0.498959	 0.866814	 0.498504	 0.492327	 0.499025	 0.499242	 0.499678	 0.293365	 0.149675
-0.433475	 0.904384	 0.474629	 0.498959	 0.621938	 0.498504	 0.492756	 0.499025	 0.499242	 0.499679	 0.293365	-0.072282
-0.433475	 0.416170	 0.474629	 0.498959	 0.499501	 0.498504	 0.492971	 0.499025	 0.499242	 0.499680	 0.293365	-0.183260
-0.433475	 0.172064	 0.474629	 0.498959	 0.438282	 0.498504	 0.493078	 0.499025	 0.499242	 0.499680	 0.293365	-0.238750
-0.433475	 0.050011	 0.474629	 0.498959	 0.407672	 0.498504	 0.493131	 0.499025	 0.499242	-0.000320	 0.293365	-0.266494
-0.433475	-0.011016	 0.474629	 0.498959	 0.392368	 0.498504	 0.493158	 0.499025	 0.499242	-0.249319	 0.293365	-0.280367
-0.433475	-0.041529	 0.474629	 0.498959	 0.384715	-0.001496	 0.493172	 0.499025	 0.499242	 0.126181	 0.293365	 0.212697
-0.433475	-0.056786	 0.474629	 0.498959	 0.380889	-0.250493	 0.493178	 0.499025	 0.499242	 0.312928	 0.293365	 0.457818
-0.433475	-0.064414	 0.474629	 0.498959	 0.378976	-0.374991	 0.493182	 0.499025	 0.499242	 0.406301	 0.293365	 0.578972
-0.433475	-0.068229	 0.474629	 0.498959	 0.378019	-0.437241	 0.493183	 0.499025	 0.499242	 0.452988	 0.293365	 0.638149
-0.433475	-0.070136	 0.474629	 0.498959	 0.377541	-0.468365	 0.493184	 0.499025	 0.499242	 0.476331	 0.293365	 0.666343
-0.433475	-0.071089	 0.474629	 0.498959	 0.377302	 0.016072	 0.493185	 0.499025	 0.499242	 0.488003	 0.293365	 0.179050
-0.433475	-0.071566	 0.474629	 0.498959	 0.377183	 0.257290	 0.493185	 0.499025	 0.499242	 0.493839	 0.293365	-0.064596
-0.433475	-0.071804	 0.474629	 0.498959	 0.377123	 0.377899	 0.493185	 0.499025	 0.499242	 0.496757	 0.293365	-0.186419
-0.433475	-0.071924	 0.474629	 0.498959	 0.377093	 0.438204	 0.493185	 0.499025	 0.499242	 0.498216	 0.293365	-0.247330
-0.433475	-0.071983	 0.474629	 0.498959	 0.377078	 0.468356	 0.493185	 0.499025	 0.499242	 0.498945	 0.293365	-0.277786
-0.433475	-0.072013	 0.474629	 0.498959	 0.377070	 0.483432	 0.493185	 0.499025	 0.499242	 0.499310	 0.293365	-0.293014
-0.433475	-0.072028	 0.474629	 0.498959	 0.377067	 0.490970	 0.493185	 0.499025	 0.499242	 0.499492	 0.293365	-0.300628
-0.433475	-0.072035	 0.474629	 0.498959	 0.377065	 0.494739	 0.493185	 0.499025	 0.499242	 0.499583	 0.293365	 0.195565
-0.433475	-0.072039	 0.474629	 0.498959	 0.377064	 0.496624	 0.493185	 0.499025	 0.499242	 0.499629	 0.293365	 0.442278
-0.433475	 0.427959	 0.474629	 0.498959	 0.877063	 0.497566	 0.493185	 0.499025	 0.499242	 0.499652	-0.206635	 0.564257
-0.433475	 0.676102	 0.474629	 0.498959	 1.124309	 0.498037	 0.493185	 0.499025	 0.499242	 0.499663	-0.455222	 0.623874
-0.433475	 0.298325	 0.474629	 0.498959	 0.745189	 0.498273	 0.493185	-0.000975	 0.499242	 0.499669	-0.078108	 0.652315
-0.433475	 0.109437	 0.474629	 0.498959	 0.555629	 0.498390	 0.493185	-0.249973	 0.499242	 0.499672	 0.110449	 0.665174
-0.433475	 0.014993	 0.474629	 0.498959	 0.460849	 0.498449	 0.493185	 0.125528	 0.499242	 0.499673	 0.204728	 0.170248
-0.433475	-0.032229	 0.474629	 0.498959	 0.413459	 0.498479	 0.493185	 0.312276	 0.499242	 0.499674	 0.251867	-0.077216
-0.433475	-0.055841	 0.474629	 0.498959	 0.389763	-0.001507	 0.493185	 0.405650	 0.499242	 0.499674	 0.275437	 0.299053
-0.433475	-0.067646	 0.474629	 0.498959	 0.377916	-0.250496	 0.493185	 0.452337	 0.499242	 0.499674	 0.287222	 0.485836
-0.433475	-0.073549	 0.474629	 0.498959	 0.371992	-0.374991	 0.493185	 0.475681	 0.499242	 0.499674	 0.293114	 0.577883
-0.433475	-0.076500	 0.474629	 0.498959	-0.130970	 0.062761	 0.493185	 0.487353	 0.499242	 0.499674	 0.296060	 0.622566
-0.433475	-0.077976	 0.474629	 0.498959	-0.381183	 0.280637	 0.493185	 0.493189	 0.499242	 0.499674	 0.297533	 0.643574
-0.433475	-0.078714	 0.474629	 0.498959	-0.005026	 0.389574	 0.493185	 0.496107	 0.499242	-0.000326	 0.298270	 0.652748
-0.433475	-0.079083	 0.474629	 0.498959	 0.183052	 0.444043	 0.493185	 0.497566	 0.499242	-0.249325	 0.298638	 0.656011
-0.433475	-0.079267	 0.474629	 0.498959	 0.277091	 0.471278	 0.493185	 0.498295	 0.499242	 0.126175	 0.298822	 0.156325
-0.433475	-0.079359	 0.474629	 0.498959	 0.324110	 0.484895	 0.493185	 0.498660	 0.499242	 0.312922	 0.298914	-0.093519
-0.433475	-0.079405	 0.474629	 0.498959	 0.347620	 0.491703	-0.006815	 0.498842	 0.499242	-0.093704	-0.201040	-0.218441
-0.433475	-0.079429	 0.474629	 0.498959	 0.359375	 0.495108	-0.255801	 0.498933	 0.499242	-0.296017	-0.449615	-0.280901
-0.433475	-0.079440	 0.474629	 0.498959	 0.365252	 0.496810	-0.379285	 0.498979	 0.499242	-0.397173	-0.572506	-0.312132
-0.433475	 0.420554	 0.474629	 0.498959	 0.368191	 0.497661	 0.059979	 0.499002	 0.499242	 0.052249	-0.132560	-0.327747
-0.433475	 0.668710	 0.474629	 0.498959	 0.369660	 0.498086	 0.279611	 0.499013	 0.499242	 0.275956	 0.087412	-0.335555
-0.433475	 0.290954	 0.474629	 0.498959	 0.370395	 0.498299	 0.389427	 0.499019	 0.499242	 0.387810	 0.197399	-0.339459
-0.433475	 0.102077	 0.474629	 0.498959	 0.370762	 0.498406	 0.444335	 0.499022	 0.499242	 0.443737	 0.252392	-0.341410
-0.433475	 0.007638	 0.474629	 0.498959	 0.370946	 0.498459	 0.471789	 0.499023	 0.499242	 0.471700	 0.279888	 0.157614
-0.433475	-0.039582	 0.474629	 0.498959	 0.371038	 0.498485	 0.485516	 0.499024	 0.499242	 0.485682	 0.293637	 0.405812
-0.433475	 0.436808	 0.474629	 0.498959	 0.371084	 0.498499	 0.492379	 0.499024	 0.499242	 0.492673	 0.300511	 0.028604
-0.433475	 0.673177	 0.474629	 0.498959	 0.371107	 0.498505	 0.495811	 0.499024	 0.499242	 0.496168	 0.303948	-0.160001
-0.433475	 0.789543	 0.474629	 0.498959	 0.371118	 0.498509	 0.497527	 0.499024	 0.499242	 0.497916	 0.305666	-0.254303
-0.433475	 0.845913	 0.474629	-0.001041	 0.371124	 0.498510	 0.498385	 0.499024	 0.499242	 0.498790	 0.306526	-0.301454
-0.433475	 0.872294	 0.474629	-0.250039	 0.371127	 0.498511	 0.498814	 0.499024	 0.499242	 0.499227	 0.306955	-0.325029
-0.433475	 0.883687	 0.474629	 0.125462	-0.128872	 0.498512	 0.499028	 0.499024	 0.499242	 0.499445	 0.307170	-0.336817
-0.433475	 0.887594	 0.474629	 0.312210	-0.377613	 0.498512	 0.499135	 0.499024	 0.499242	 0.499554	 0.307277	-0.342711
-0.433475	 0.387764	 0.474629	 0.405585	 0.499269	 0.498512	 0.499189	 0.499024	 0.499242	 0.499609	 0.307331	-0.345658
-0.433475	 0.137849	 0.474629	 0.452272	 0.934957	 0.498512	 0.499216	 0.499024	 0.499242	 0.499636	 0.307358	-0.347131
-0.433475	 0.012891	 0.474629	 0.475615	 1.150060	 0.498512	 0.499229	 0.499024	 0.499242	 0.499650	 0.307371	-0.347868
-0.433475	-0.049587	 0.474629	 0.487287	 1.254882	 0.498512	 0.499236	 0.499024	 0.499242	 0.499657	 0.307378	-0.348237
-0.433475	-0.080827	 0.474629	 0.493123	 1.304573	 0.498512	 0.499239	 0.499024	 0.499242	 0.499660	 0.307381	-0.348421
-0.433475	-0.096446	 0.474629	 0.496041	 0.826710	 0.498512	-0.000759	 0.499024	 0.499242	 0.499662	 0.307383	-0.348513
-0.433475	-0.104256	 0.474629	 0.497500	 0.587778	 0.498512	-0.249757	 0.499024	 0.499242	 0.499663	 0.307384	-0.348559
-0.433475	-0.108161	 0.474629	 0.498229	 0.468313	 0.498512	 0.125744	 0.499024	 0.499242	-0.000337	 0.307384	 0.151418
-0.433475	-0.110114	 0.474629	 0.498594	 0.408580	 0.498512	 0.312492	 0.499024	 0.499242	-0.249336	 0.307385	 0.400104
-0.433475	-0.111090	 0.474629	 0.498776	 0.878713	 0.498512	 0.405867	 0.499024	 0.499242	 0.126165	 0.307385	 0.523149
-0.433475	-0.111578	 0.474629	 0.498868	 1.111083	 0.498512	 0.452554	 0.499024	 0.499242	 0.312912	 0.307385	 0.583379
-0.433475	-0.111822	 0.474629	 0.498913	 1.224580	 0.498512	 0.475897	 0.499024	 0.499242	 0.406285	 0.307385	 0.612207
-0.433475	-0.111944	 0.474629	 0.498936	 1.278653	 0.498512	 0.487569	 0.499024	 0.499242	 0.452972	 0.307385	 0.625339
-0.433475	-0.112005	 0.474629	 0.498947	 1.303024	 0.498512	 0.493405	 0.499024	 0.499242	 0.476315	 0.307385	 0.630628
-0.433475	-0.112035	 0.474629	 0.498953	 1.312554	 0.498512	 0.496323	 0.499024	 0.499242	 0.487987	 0.307385	 0.632001
-0.433475	-0.112051	 0.474629	 0.498956	 1.314675	 0.498512	 0.497782	 0.499024	 0.499242	 0.493823	 0.307385	 0.631420
-0.433475	 0.387942	 0.474629	 0.498957	 0.813102	 0.498512	 0.498511	 0.499024	 0.499242	 0.496740	 0.307385	 0.129868
-0.433475	 0.636162	 0.474629	 0.498958	 0.562316	 0.498512	 0.498876	 0.499024	 0.499242	 0.498199	 0.307385	-0.120907
-0.433475	 0.258503	 0.474629	 0.498958	-0.063077	 0.498512	 0.499058	 0.499024	 0.499242	 0.498929	 0.307385	-0.246295
-0.433475	 0.069674	 0.474629	 0.498959	-0.374397	 0.498512	 0.499149	 0.499024	 0.499242	 0.499294	 0.307385	-0.308989
-0.433475	-0.024741	 0.474629	 0.498959	-0.028685	 0.498512	 0.499195	 0.499024	 0.499242	 0.499476	 0.307385	 0.159664
-0.433475	-0.071948	 0.474629	 0.498959	 0.144170	 0.498512	 0.499218	 0.499024	 0.499242	 0.499567	 0.307385	 0.392733
-0.433475	-0.095552	 0.474629	 0.498959	 0.230598	 0.498512	 0.499229	 0.499024	 0.499242	 0.499613	 0.307385	 0.508017
-0.433475	-0.107353	 0.474629	 0.498959	 0.273812	 0.498512	 0.499235	 0.499024	 0.499242	 0.499636	 0.307385	 0.064412
-0.433475	-0.113254	 0.474629	 0.498959	 0.295419	 0.498512	 0.499238	 0.499024	 0.499242	 0.499647	 0.307385	-0.157391
-0.433475	-0.116205	 0.474629	 0.498959	 0.306223	 0.498512	 0.499239	 0.499024	 0.499242	 0.499653	-0.192615	 0.231708
-0.433475	-0.117680	 0.474629	 0.498959	 0.311624	 0.498512	 0.499240	 0.499024	 0.499242	 0.499656	-0.441230	 0.425016
-0.433475	 0.381582	 0.474629	 0.498959	 0.314325	 0.498512	 0.499240	 0.499024	 0.499242	 0.499657	-0.064158	 0.020433
-0.433475	 0.629452	 0.474629	 0.498959	 0.315676	 0.498512	 0.499240	 0.499024	 0.499242	 0.499658	 0.124378	-0.181858
-0.433475	 0.751632	 0.474629	 0.498959	 0.316351	 0.498512	 0.499240	 0.499024	 0.499242	 0.499658	-0.281353	-0.283004
-0.433475	 0.810974	 0.474629	 0.498959	 0.316689	 0.498512	 0.499241	 0.499024	 0.499242	 0.499658	-0.482845	-0.333577
-0.433475	 0.838905	 0.474629	 0.498959	 0.316857	 0.498512	 0.499241	 0.499024	 0.499242	 0.499658	-0.582222	-0.358863
-0.433475	 0.351137	 0.474629	 0.498959	 0.316942	-0.001488	 0.999241	 0.499024	 0.499242	 0.499658	-0.130548	-0.371506
-0.433475	 0.107252	 0.474629	 0.498959	 0.316984	-0.250485	 1.246242	 0.499024	 0.499242	 0.499658	 0.095289	-0.377828
-0.433475	-0.014690	 0.474629	 0.498959	 0.817005	 0.125016	 0.866756	 0.499024	 0.499242	 0.499658	-0.291792	 0.119011
-0.433475	-0.075661	 0.474629	 0.498959	 1.064382	 0.311766	 0.677014	 0.499024	 0.499242	 0.499658	-0.483975	 0.366199
-0.433475	 0.393854	 0.474629	 0.498959	 0.185446	 0.405141	 0.582142	 0.499024	 0.499242	-0.000342	-0.078714	-0.011434
-0.433475	 0.626884	 0.474629	 0.498959	-0.252634	 0.451828	 0.534706	 0.499024	 0.499242	-0.249341	 0.123916	-0.200250
-0.433475	 0.741680	 0.474629	 0.498959	-0.470293	 0.475172	 0.510988	 0.499024	 0.499242	 0.126159	 0.225232	-0.294658
-0.433475	 0.797364	 0.474629	 0.498959	-0.577747	 0.486844	 0.499130	 0.499024	 0.499242	 0.312906	 0.275889	-0.341862
-0.433475	 0.823501	 0.474629	 0.498959	-0.630103	 0.492680	 0.493200	 0.499024	 0.499242	 0.406280	 0.301218	-0.365465
-0.433475	 0.334870	 0.474629	 0.498959	-0.154916	 0.495598	 0.490235	 0.499024	 0.499242	 0.452966	 0.313882	-0.377266
-0.433475	 0.090554	 0.474629	 0.498959	 0.082677	 0.497057	 0.488753	 0.499024	 0.499242	 0.476310	 0.320215	-0.383166
-0.433475	-0.031604	 0.474629	 0.498959	 0.201474	 0.497786	 0.488012	 0.499024	 0.499242	 0.487981	 0.323381	-0.386116
-0.433475	-0.092683	 0.474629	 0.498959	 0.260872	 0.498151	 0.487641	 0.499024	 0.499242	 0.493817	 0.324964	-0.387591
-0.433475	-0.123222	 0.474629	 0.498959	 0.290571	 0.498334	 0.487456	 0.499024	 0.499242	 0.496735	 0.325755	 0.111671
-0.433475	-0.138492	 0.474629	 0.498959	 0.305421	 0.498425	 0.487363	 0.499024	 0.499242	 0.498194	 0.326151	 0.360080
-0.433475	 0.353873	 0.474629	 0.498959	 0.312846	 0.498470	 0.487317	 0.499024	 0.499242	 0.498924	-0.173651	 0.483068
-0.433475	 0.598363	 0.474629	 0.498959	 0.316558	 0.498493	 0.487294	 0.499024	 0.499242	 0.499288	-0.422205	 0.543350
-0.433475	 0.718923	 0.474629	 0.498959	 0.318414	 0.498504	 0.487282	 0.499024	 0.499242	 0.499471	-0.545141	 0.572283
-0.433475	 0.277523	 0.474629	 0.498959	 0.319342	 0.498510	 0.487276	 0.499024	 0.499242	 0.499562	-0.105272	 0.585548
-0.433475	 0.056824	 0.474629	 0.498959	 0.319806	 0.498513	 0.487274	 0.499024	 0.499242	 0.499608	 0.114662	 0.590982
-0.433475	-0.053526	 0.474629	 0.498959	 0.320038	 0.498514	-0.012728	 0.499024	 0.499242	 0.499630	 0.224629	 0.592507
-0.433475	-0.108701	 0.474629	 0.498959	 0.320154	 0.498515	-0.261703	 0.499024	 0.499242	 0.499642	 0.279612	 0.592081
-0.433475	-0.136288	 0.474629	 0.498959	 0.320212	 0.498516	 0.114831	 0.499024	 0.499242	 0.499647	 0.307104	 0.590685
-0.433475	-0.150082	 0.474629	 0.498959	 0.320241	 0.498516	 0.303097	 0.499024	 0.499242	 0.499650	 0.320850	 0.588808
-0.433475	 0.343021	 0.474629	 0.498959	 0.320256	 0.498516	 0.397231	 0.499024	 0.499242	 0.499652	 0.327723	 0.586696
-0.433475	 0.587900	 0.474629	 0.498959	 0.320263	 0.498516	 0.444298	 0.499024	 0.499242	 0.499652	 0.331160	 0.584470
-0.433475	 0.708674	 0.474629	 0.498959	 0.320267	 0.498516	 0.467831	 0.499024	 0.499242	 0.499653	 0.332878	 0.582193
-0.433475	 0.267403	 0.474629	 0.498959	 0.320269	 0.498516	 0.479598	 0.499024	 0.499242	 0.499653	 0.333737	 0.079895
-0.433475	 0.046767	 0.474629	 0.498959	 0.320269	 0.498516	 0.485481	 0.499024	 0.499242	 0.499653	 0.334166	-0.171254
-0.433475	-0.063551	 0.474629	 0.498959	 0.820270	 0.498516	 0.488423	 0.499024	 0.499242	 0.499653	 0.334381	 0.203171
-0.433475	-0.118710	 0.474629	 0.498959	 1.067630	 0.498516	 0.489893	 0.499024	 0.499242	 0.499653	 0.334489	 0.389229
-0.433475	-0.146290	 0.474629	 0.498959	 0.688679	 0.498516	 0.490629	 0.499024	 0.499242	 0.499653	 0.334542	-0.018893
-0.433475	-0.160080	 0.474629	 0.498959	 0.499204	 0.498516	 0.490997	 0.499024	 0.499242	 0.499653	 0.334569	-0.222954
-0.433475	-0.166974	 0.474629	 0.498959	 0.404467	 0.498516	 0.491180	 0.499024	 0.499242	 0.499653	 0.334583	-0.324984
-0.433475	-0.170422	 0.474629	 0.498959	 0.357098	 0.498516	 0.491272	 0.499024	 0.499242	 0.499653	 0.334589	-0.376000
-0.433475	-0.172146	 0.474629	 0.498959	 0.333414	 0.498516	 0.491318	 0.499024	 0.499242	 0.499653	 0.334593	-0.401507
-0.433475	 0.326993	 0.474629	 0.498959	 0.321571	 0.498516	 0.491341	 0.499024	 0.499242	 0.499653	 0.334594	-0.414261
-0.433475	 0.574909	 0.474629	 0.498959	 0.315650	 0.498516	 0.491353	 0.499024	 0.499242	 0.499653	 0.334595	-0.420638
-0.433475	 0.697222	 0.474629	 0.498959	 0.312690	 0.498516	 0.491359	 0.499024	 0.499242	 0.499653	 0.334596	-0.423826
