-0.399414	 0.498602	 0.039287	 0.498961	 0.121384	 0.498553	 0.145819	 0.440470	 0.499069	 1.019232	 0.487207	 0.095319
-0.399414	 0.498602	 0.025504	 0.498961	 0.309957	 0.498553	 0.098206	 0.440470	 0.499069	 1.076141	 0.487207	 0.297533
-0.399414	 0.498602	 0.518612	 0.498961	 0.404244	 0.498553	 0.074399	 0.440470	 0.499069	 0.602329	 0.487207	 0.398640
-0.399414	 0.498602	 0.763143	 0.498961	 0.451387	 0.498553	 0.062495	 0.440470	 0.499069	 0.365423	 0.487207	 0.449193
-0.399414	 0.498602	 0.883393	 0.498961	 0.474959	 0.498553	 0.056544	 0.440470	 0.499069	 0.246970	 0.487207	 0.474470
-0.399414	 0.498602	 0.441511	 0.498961	-0.513255	 0.498553	 0.553568	 0.940470	 0.499069	 0.187744	 0.487207	-0.012892
-0.399414	 0.498602	 0.220570	 0.498961	-1.004359	 0.498553	 0.799979	 1.187589	 0.499069	 0.158131	 0.487207	-0.255572
-0.399414	 0.498602	 0.110099	 0.498961	-0.246920	 0.498553	 0.921091	 0.808279	 0.499069	 0.643324	 0.487207	-0.376912
-0.399414	 0.498602	 0.054864	 0.498961	 0.130778	 0.498553	 0.979563	 0.618624	 0.499069	 0.883664	 0.487207	-0.437582
-0.399414	 0.498602	 0.027246	 0.498961	 0.318610	 0.498553	 1.006723	 0.523797	 0.499069	 0.501585	 0.487207	-0.467917
-0.399414	 0.498602	 0.013437	 0.498961	 0.411514	 0.498553	 1.018235	 0.476383	 0.499069	 0.310546	 0.487207	-0.483085
-0.399414	 0.498602	 0.006533	 0.498961	 0.456956	 0.498553	 1.021932	 0.452676	 0.499069	 0.215027	 0.487207	 0.009332
-0.399414	 0.498602	 0.003081	 0.498961	 0.478673	 0.498553	 1.021729	 0.440823	 0.499069	 0.167267	 0.487207	 0.254536
-0.399414	 0.498602	 0.001355	 0.498961	 0.488530	 0.498553	 1.019585	 0.434896	 0.499069	 0.143387	 0.487207	 0.377139
-0.399414	 0.498602	 0.000492	 0.498961	 0.493459	 0.498553	 0.516477	 0.431933	 0.499069	 0.131447	 0.487207	-0.061560
-0.399414	 0.498602	 0.000060	 0.498961	 0.495924	 0.498553	 0.264924	 0.430451	 0.499069	 0.125477	 0.487207	-0.279909
-0.399414	 0.498602	 0.499844	 0.498961	 0.497156	 0.498553	 0.639147	 0.429710	 0.499069	 0.122492	 0.487207	 0.110916
-0.399414	 0.498602	 0.747737	 0.498961	 0.497772	 0.498553	 0.824232	 0.429340	 0.499069	 0.121000	 0.487207	 0.305326
-0.399414	 0.498602	 0.369692	 0.498961	 0.498080	 0.498553	 0.914756	 0.429154	 0.499069	 0.620253	 0.487207	 0.402530
-0.399414	 0.498602	 0.180670	 0.498961	 0.498234	 0.498553	 0.958007	 0.429062	 0.499069	 0.867641	 0.487207	 0.451133
-0.399414	 0.498602	 0.086159	 0.498961	 0.498311	 0.498553	 0.477630	 0.429016	 0.499069	 0.989105	 0.487207	 0.475434
-0.399414	 0.498602	 0.038903	 0.498961	 0.498349	 0.498553	 0.237442	 0.428992	 0.499069	 1.047616	 0.487207	 0.487584
-0.399414	 0.498602	 0.015275	 0.498961	 0.498369	 0.498553	 0.117348	 0.428981	 0.499069	 1.074659	 0.487207	 0.493660
-0.399414	 0.498602	 0.503461	 0.498961	 0.498378	 0.498553	 0.557300	 0.428975	 0.499069	 0.585977	 0.487207	 0.496697
-0.399414	 0.498602	 0.745571	 0.498961	 0.498383	 0.498553	 0.775282	 0.428972	 0.499069	 0.341636	 0.487207	 0.498216
-0.399414	 0.498602	 0.364651	 0.498961	 0.498386	 0.498553	 0.882287	 0.428971	 0.499069	 0.219466	 0.487207	 0.498976
-0.399414	 0.498602	 0.174190	 0.498961	 0.498387	 0.498553	 0.933810	 0.428970	 0.499069	 0.158381	 0.487207	 0.499355
-0.399414	 0.498602	 0.578960	 0.498961	 0.498387	 0.498553	 0.957602	 0.428970	 0.499069	-0.372162	 0.487207	-0.000455
-0.399414	 0.498602	 0.779378	 0.498961	 0.498388	 0.498553	 0.967534	 0.428969	 0.499069	-0.635628	 0.487207	-0.249359
-0.399414	 0.498602	 0.877627	 0.498961	-0.001612	-0.001447	 0.470546	 0.428969	 0.499069	-0.265563	 0.487207	 0.126188
-0.399414	 0.498602	 0.924800	 0.498961	-0.250609	-0.250444	 0.222052	 0.428969	 0.499069	-0.080530	 0.487207	 0.312959
-0.399414	 0.498602	 0.946442	 0.498961	-0.375107	-0.374943	 0.097804	 0.428969	 0.499069	 0.011986	 0.487207	 0.406344
-0.399414	 0.498602	 0.455327	 0.498961	 0.062644	 0.062808	 0.535681	 0.428969	 0.499069	 0.558245	 0.487207	 0.453036
-0.399414	 0.498602	 0.209770	 0.498961	 0.280518	 0.280682	 0.752672	 0.428969	 0.499069	 0.829165	 0.487207	 0.476383
-0.399414	 0.498602	 0.086991	 0.498961	 0.389456	 0.389619	 0.859228	 0.428969	 0.499069	 0.462424	-0.012793	-0.011944
-0.399414	 0.498602	 0.025602	 0.498961	 0.443924	 0.444088	 0.910575	 0.428969	 0.499069	 0.279054	-0.261768	-0.255107
-0.399414	 0.498602	-0.005093	 0.498961	 0.471159	 0.471322	 0.934324	 0.428969	 0.499069	 0.687369	 0.114767	 0.123312
-0.399414	 0.498602	-0.020440	 0.498961	 0.484776	 0.484939	 0.944283	 0.428969	 0.499069	 0.889335	 0.303034	 0.311517
-0.399414	 0.498602	-0.028114	 0.498961	-0.008416	 0.491748	-0.052646	 0.428969	 0.499069	 0.488136	-0.102833	 0.405620
-0.399414	 0.498602	-0.031951	 0.498961	-0.254008	 0.495152	-0.549012	 0.428969	 0.499069	 0.287536	-0.304749	 0.452672
-0.399414	 0.498602	-0.033869	 0.498961	-0.376804	 0.496854	-0.795104	 0.428969	 0.499069	 0.187236	-0.404693	 0.476198
-0.399414	-0.001398	-0.034828	 0.498961	 0.061797	 0.497705	-0.416067	 0.428969	 0.499069	 0.137086	 0.046344	 0.487960
-0.399414	-0.250395	-0.035308	 0.498961	 0.280098	 0.498131	-0.226549	 0.428969	 0.499069	 0.112011	 0.271862	 0.493842
-0.899414	-0.374894	-0.035548	 0.498961	 0.389248	 0.498344	-0.131790	 0.428969	 0.499069	 0.099474	 0.384622	 0.496783
-1.146615	-0.437143	-0.035668	 0.498961	 0.443823	 0.498450	-0.084411	 0.428969	 0.499069	 0.093205	 0.441001	 0.498253
-0.767428	 0.031732	-0.035728	 0.498961	 0.471110	 0.498503	 0.439279	 0.428969	 0.499069	 0.090071	 0.469191	-0.001012
-0.577835	 0.265169	-0.035758	 0.498961	 0.484754	 0.498530	 0.699198	 0.428969	 0.499069	 0.088504	 0.483286	-0.249644
-0.483038	 0.381887	-0.035773	 0.498961	 0.491576	 0.498543	 0.827239	 0.428969	 0.499069	 0.087720	 0.490333	 0.126040
-0.435640	 0.440246	-0.035780	 0.498961	 0.494987	 0.498550	 0.889349	 0.428969	 0.499069	 0.087328	 0.493857	 0.312879
-0.411940	 0.469426	-0.035784	 0.498961	 0.496692	 0.498553	 0.418502	 0.428969	 0.499069	 0.087132	-0.004381	-0.093702
-0.400091	 0.484016	-0.035786	 0.498961	 0.497545	 0.498555	 0.183078	 0.428969	 0.499069	 0.087034	-0.252495	-0.295992
-0.394166	 0.491310	-0.035787	 0.498961	-0.002029	 0.498556	 0.065366	 0.428969	 0.499069	 0.086985	 0.124449	-0.397137
-0.391204	 0.494958	-0.035787	 0.498961	-0.250812	 0.498556	 0.006510	 0.428969	 0.499069	 0.086961	 0.311919	-0.447709
-0.389722	 0.496782	-0.035787	 0.498961	 0.124796	 0.498556	-0.022918	 0.428969	 0.499069	 0.086949	 0.405653	-0.472995
-0.388982	 0.497693	-0.035787	 0.498961	 0.311599	 0.498556	-0.037632	 0.428969	 0.499069	 0.086943	 0.452521	-0.485638
-0.388612	-0.001851	-0.035788	 0.498961	 0.405001	 0.498557	-0.044989	 0.428969	 0.499069	 0.086939	 0.475954	-0.491960
-0.388426	-0.250620	-0.035788	 0.498961	 0.451702	 0.498557	-0.048668	 0.428969	 0.499069	 0.086938	 0.487671	-0.495121
-0.388334	-0.375004	-0.035788	 0.498961	 0.475052	 0.498557	-0.050507	 0.428969	 0.499069	 0.086937	 0.493530	-0.496701
-0.388288	 0.062803	-0.035788	 0.498961	-0.013273	 0.498557	-0.051427	 0.428969	 0.499069	 0.086937	 0.496459	-0.497491
-0.388264	 0.280706	-0.035788	 0.498961	-0.256432	 0.498557	-0.051887	 0.428969	 0.499069	 0.086937	 0.497924	-0.497886
-0.388253	 0.389657	-0.035788	 0.498961	 0.121988	 0.498557	-0.552116	 0.428969	 0.499069	 0.086936	 0.498656	-0.498084
-0.388247	 0.444133	-0.035788	 0.498961	 0.310198	 0.498557	-0.800127	 0.428969	 0.499069	 0.086936	 0.499022	-0.498183
-0.388244	 0.471371	-0.035788	 0.498961	 0.404303	 0.498557	-0.422036	 0.428969	 0.499069	-0.413064	-0.000795	-0.498232
-0.388243	 0.484990	-0.035788	 0.498961	 0.451355	 0.498557	-0.232990	 0.428969	 0.499069	-0.661237	-0.249702	-0.498257
-0.388242	 0.491799	-0.035788	 0.498961	 0.474881	 0.498557	-0.138467	 0.428969	 0.499069	-0.283506	-0.374156	-0.498269
-0.388242	 0.495204	-0.035788	 0.498961	 0.486644	 0.498557	-0.091206	 0.428969	 0.499069	-0.094640	-0.436383	-0.498275
-0.388241	 0.496906	-0.035788	 0.498961	 0.492526	 0.498557	-0.567575	 0.428969	 0.499069	-0.000207	 0.032504	-0.498278
-0.388241	 0.497757	-0.035788	 0.498961	 0.495466	 0.498557	-0.803672	 0.428969	 0.499069	 0.047010	 0.265944	-0.498280
-0.388241	 0.498183	-0.035788	 0.498961	 0.496937	 0.498557	-0.919641	 0.428969	 0.499069	 0.070618	 0.382665	-0.498281
-0.388241	 0.498396	-0.035788	 0.498961	 0.497672	 0.498557	-0.975554	 0.428969	 0.499069	 0.082422	 0.441025	-0.498281
-0.388241	 0.498502	-0.035788	 0.498961	 0.498040	 0.498557	-0.001448	 0.428969	 0.499069	 0.088324	 0.470205	-0.498281
-0.388241	 0.498555	-0.035788	 0.498961	 0.498223	 0.498557	 0.483660	 0.428969	 0.499069	 0.091275	 0.484795	-0.498281
-0.388241	-0.001418	-0.035788	 0.498961	 0.498315	 0.498557	 0.224277	 0.428969	 0.499069	 0.092751	-0.007910	-0.498281
-0.388241	-0.250402	-0.035788	 0.498961	 0.498361	 0.498557	 0.094585	 0.428969	 0.499069	 0.093489	-0.253261	-0.498281
-0.388241	 0.125106	-0.035788	 0.498961	-0.001616	 0.498557	 0.529739	 0.428969	 0.499069	 0.093857	 0.124063	-0.498281
-0.388241	 0.311859	-0.035788	 0.498961	-0.250601	 0.498557	 0.745386	 0.428969	 0.499069	 0.094042	 0.311723	-0.498281
-0.388241	-0.094765	-0.035788	 0.498961	-0.375094	 0.498557	 0.851288	 0.428969	 0.499069	 0.094134	-0.094448	-0.498281
-0.388241	-0.297074	-0.035788	 0.498961	-0.437340	 0.498557	 0.902324	 0.428969	 0.499069	 0.094180	-0.296532	-0.498281
-0.388241	-0.398228	-0.035788	 0.498961	-0.468463	 0.498557	 0.925936	 0.428969	 0.499069	 0.094203	-0.397574	-0.498281
-0.388241	 0.051194	-0.035788	 0.498961	-0.484025	 0.498557	 0.435842	 0.428969	 0.499069	 0.094215	 0.051905	-0.498281
-0.388241	 0.274905	-0.035788	 0.498961	-0.491806	 0.498557	 0.190796	 0.428969	 0.499069	 0.094221	 0.275642	-0.498281
-0.388241	 0.386760	-0.035788	 0.498961	-0.495696	 0.498557	 0.068272	 0.428969	 0.499069	 0.094223	 0.387510	 0.001719
-0.388241	 0.442687	-0.035788	 0.498961	-0.497641	 0.498557	 0.007011	 0.428969	 0.499069	 0.094225	 0.443445	 0.250715
-0.388241	 0.470651	-0.035788	 0.498961	 0.001386	 0.498557	-0.023620	 0.428969	 0.499069	 0.594226	-0.028588	-0.124787
-0.388241	 0.484633	-0.035788	 0.498961	 0.249899	 0.498557	-0.038936	 0.428969	 0.499069	 0.842037	-0.263603	-0.311537
-0.388241	 0.491624	-0.035788	 0.498961	-0.125845	 0.498557	 0.453407	 0.428969	 0.499069	 0.463764	 0.118889	 0.095088
-0.388241	 0.495119	-0.035788	 0.498961	-0.312713	 0.498557	 0.697686	 0.428969	 0.499069	 0.274627	 0.309132	 0.297397
-0.388241	 0.496867	-0.035788	 0.498961	-0.406147	 0.498557	 0.817942	 0.428969	 0.499069	 0.180058	 0.404254	 0.398551
-0.388241	 0.497741	-0.035788	 0.498961	-0.452865	 0.498557	 0.876194	 0.428969	 0.499069	 0.132774	 0.451815	-0.050871
-0.388241	 0.498178	-0.035788	 0.498961	-0.476223	 0.498557	 0.903451	 0.428969	 0.499069	 0.109132	 0.475595	-0.274582
-0.388241	 0.498396	-0.035788	 0.498961	 0.012098	 0.498557	 0.415218	 0.428969	 0.499069	 0.597311	 0.487486	 0.113563
-0.388241	 0.498505	-0.035788	 0.498961	 0.255257	 0.498557	 0.171101	 0.428969	 0.499069	 0.839230	 0.493431	 0.306631
-0.388241	 0.498560	 0.464212	 0.498961	 0.376837	 0.498557	 0.049043	 0.428969	 0.499069	 0.958026	 0.496403	-0.096834
-0.388241	 0.498587	 0.712284	 0.498961	 0.437627	 0.498557	-0.011986	 0.428969	 0.499069	 1.015271	 0.497890	-0.297566
-0.388241	 0.498601	 0.334399	 0.498961	 0.468022	 0.498557	-0.042501	 0.428969	 0.499069	 1.041749	 0.498633	 0.102068
-0.388241	 0.498608	 0.145457	 0.498961	 0.483219	 0.498557	-0.057758	 0.428969	 0.499069	 1.052851	 0.499004	 0.300881
-0.388241	 0.498611	 0.050985	 0.498961	 0.490818	 0.498557	-0.065387	 0.428969	 0.499069	 1.056274	 0.499190	 0.400288
-0.388241	 0.498613	 0.503750	 0.498961	-0.005383	 0.498557	-0.069201	 0.428969	 0.499069	 0.555866	 0.499283	 0.449991
-0.388241	 0.498614	 0.728219	 0.498961	-0.252480	 0.498557	-0.071108	 0.428969	 0.499069	 0.305662	 0.499329	 0.474843
-0.388241	 0.498614	 0.338548	 0.498961	 0.123972	 0.498557	 0.427938	 0.428969	 0.499069	 0.680561	 0.499353	 0.487269
-0.388241	 0.498614	 0.143713	 0.498961	 0.311196	 0.498557	 0.675607	 0.428969	 0.499069	 0.865899	 0.499364	 0.493482
-0.388241	 0.498615	 0.046295	 0.498961	 0.404809	 0.498557	 0.297596	 0.428969	 0.499069	 0.456465	 0.499370	 0.496588
-0.388241	 0.498615	-0.002414	 0.498961	 0.451615	 0.498557	 0.108590	 0.428969	 0.499069	 0.251749	 0.499373	 0.498142
-0.388241	 0.498615	 0.473232	 0.498961	-0.024982	 0.498557	 0.514087	 0.428969	 0.499069	 0.149390	 0.499374	 0.498918
-0.388241	 0.498615	 0.709157	 0.498961	-0.262277	 0.498557	 0.714996	 0.428969	 0.499069	 0.098211	 0.499375	 0.499306
-0.388241	 0.498615	 0.825229	 0.498961	-0.380925	 0.498557	 0.813619	 0.428969	 0.499069	 0.072621	 0.499375	 0.499501
-0.388241	 0.498615	 0.381383	 0.498961	 0.059751	 0.498557	 0.861106	 0.428969	 0.499069	 0.559827	 0.499376	 0.499598
-0.388241	 0.498615	 0.159459	 0.498961	 0.279089	 0.498557	 0.883032	 0.428969	 0.499069	 0.801335	 0.499376	 0.499646
-0.388241	 0.498615	 0.548498	 0.498961	 0.388757	-0.001443	 0.892185	 0.428969	 0.499069	 0.920004	 0.499376	 0.499670
-0.388241	 0.498615	 0.741142	 0.498961	 0.443592	-0.250441	 0.894959	 0.428969	 0.499069	 0.977261	 0.499376	 0.499683
-0.388241	 0.498615	 0.835596	 0.498961	 0.471009	 0.125061	 0.894551	 0.428969	 0.499069	 0.503820	 0.499376	 0.499689
-0.388241	 0.498615	 0.880964	 0.498961	 0.484717	 0.311810	 0.892558	 0.428969	 0.499069	 0.267100	 0.499376	 0.499692
-0.388241	 0.498615	 0.401795	 0.498961	 0.491572	 0.405185	 0.889781	 0.428969	 0.499069	 0.148740	 0.499376	 0.499693
-0.388241	 0.498615	 0.162210	 0.498961	 0.494999	 0.451873	 0.886618	 0.428969	 0.499069	 0.089560	 0.499376	 0.499694
-0.388241	 0.498615	 0.042418	 0.498961	 0.496712	 0.475216	 0.883270	 0.428969	 0.499069	 0.059970	 0.499376	 0.499694
-0.388241	 0.498615	 0.482522	 0.498961	 0.497569	 0.486888	 0.379836	 0.428969	 0.499069	 0.045175	 0.499376	 0.499695
-0.388241	 0.498615	 0.700728	 0.498961	 0.497997	 0.492724	 0.128119	 0.428969	 0.499069	 0.037777	 0.499376	 0.499695
-0.388241	 0.498615	 0.307994	 0.498961	 0.498212	 0.495642	 0.502260	 0.428969	 0.499069	 0.034078	 0.499376	 0.499695
-0.388241	 0.498615	 0.111626	 0.498961	 0.498319	 0.497101	 0.687578	 0.428969	 0.499069	 0.032229	 0.499376	 0.499695
-0.388241	 0.498615	 0.513443	 0.498961	-0.001628	 0.497831	 0.778491	 0.428969	 0.499069	 0.031304	 0.499376	-0.000305
-0.388241	 0.498615	 0.712521	 0.498961	-0.250598	 0.498195	 0.822209	 0.428969	 0.499069	 0.030842	 0.499376	-0.249305
-0.388241	 0.498615	 0.810236	 0.498961	-0.375083	 0.498378	 0.342336	 0.428969	 0.499069	-0.469389	 0.499376	-0.373804
-0.388241	 0.498615	 0.857278	 0.498961	-0.437325	 0.498469	 0.102400	 0.428969	 0.499069	-0.717566	 0.499376	-0.436054
-0.388241	 0.498615	 0.878990	 0.498961	-0.468447	 0.498514	-0.017568	 0.428969	 0.499069	-0.839722	 0.499376	-0.467179
-0.388241	-0.001385	 0.388045	 0.498961	 0.015993	 0.498537	 0.422447	 0.428969	 0.499069	-0.398877	 0.499376	 0.017258
-0.388241	-0.250383	 0.142573	 0.498961	 0.257212	 0.498549	 0.640730	 0.428969	 0.499069	-0.178454	 0.499376	 0.258474
-0.388241	 0.125119	 0.519836	 0.498961	 0.377821	 0.498554	 0.748154	 0.428969	 0.499069	-0.068243	 0.499376	-0.120919
-0.388241	 0.311868	 0.706674	 0.498961	 0.438126	 0.498557	 0.800155	 0.428969	 0.499069	-0.013137	 0.499376	-0.309614
-0.388241	 0.405243	 0.298306	 0.498961	 0.468278	-0.001441	 0.824451	 0.428969	 0.499069	 0.514416	 0.499376	 0.096038
-0.388241	 0.451930	 0.094122	 0.498961	 0.483354	-0.250438	 0.834901	 0.428969	 0.499069	 0.776108	 0.499376	 0.297861
-0.388241	 0.475274	-0.007971	 0.498961	 0.490892	 0.125064	 0.838436	 0.428969	 0.499069	 0.904879	 0.499376	 0.398772
-0.388241	 0.486946	-0.059017	 0.498961	 0.494661	 0.311814	 0.838519	 0.428969	 0.499069	 0.967197	 0.499376	 0.449228
-0.388241	 0.492782	-0.084540	 0.498961	 0.496546	 0.405189	 0.836883	 0.428969	 0.499069	 0.996297	 0.499376	 0.474456
-0.388241	-0.004300	 0.402699	 0.498961	-0.002512	 0.451876	 0.834395	 0.428969	 0.499069	 0.508796	 0.499376	 0.487070
-0.388241	-0.251838	 0.644538	 0.498961	-0.251038	 0.475220	 0.831487	 0.428969	 0.499069	 0.265046	 0.499376	 0.493377
-0.388241	 0.124392	 0.763685	 0.498961	 0.124700	 0.486892	 0.828376	 0.428969	 0.499069	 0.643170	 0.499376	 0.496530
-0.388241	 0.311507	 0.821493	 0.498961	 0.311567	 0.492728	 0.825170	 0.428969	 0.499069	 0.830190	 0.499376	 0.498107
-0.388241	 0.405064	 0.348638	 0.498961	 0.405001	 0.495646	 0.321923	 0.428969	 0.499069	 0.421666	 0.499376	 0.498895
-0.388241	 0.451842	 0.112211	 0.498961	 0.451718	 0.497105	 0.070299	 0.428969	 0.499069	 0.217403	 0.499376	 0.499289
-0.388241	 0.475232	 0.493997	 0.498961	 0.475076	 0.497834	 0.444488	 0.428969	 0.499069	 0.115272	 0.499376	 0.499487
-0.388241	 0.486926	 0.683139	 0.498961	 0.486756	 0.498199	 0.629944	 0.428969	 0.499069	 0.064207	 0.499376	 0.499585
-0.388241	 0.492773	 0.775965	 0.498961	 0.492595	 0.498381	 0.721042	 0.428969	 0.499069	 0.038674	 0.499376	 0.499634
-0.388241	 0.495697	 0.320641	 0.498961	 0.495515	 0.498472	 0.764967	 0.428969	 0.499069	 0.525908	 0.499376	-0.000341
-0.388241	 0.497159	 0.092978	 0.498961	 0.496975	 0.498518	 0.785311	 0.428969	 0.499069	 0.767498	 0.499376	-0.249328
-0.388241	 0.497890	-0.020853	 0.498961	 0.497705	 0.498541	 0.793872	 0.428969	 0.499069	 0.386275	 0.499376	 0.126178
-0.388241	 0.498255	-0.077768	 0.498961	 0.498070	 0.498552	 0.796548	 0.428969	 0.499069	 0.195664	 0.499376	 0.312928
-0.388241	 0.498438	-0.106226	 0.498961	 0.498252	 0.498558	 0.796287	 0.428969	 0.499069	 0.100358	 0.499376	 0.406303
-0.388241	 0.498529	-0.120455	 0.498961	 0.498344	 0.498561	 0.794565	 0.428969	 0.499069	 0.052705	 0.499376	 0.452991
-0.388241	 0.498575	-0.127569	 0.498961	 0.498389	 0.498562	 0.792118	 0.428969	 0.499069	 0.028879	 0.499376	 0.476334
-0.388241	 0.498598	-0.131127	 0.498961	 0.498412	 0.498563	 0.789315	 0.428969	 0.499069	 0.016965	 0.499376	 0.488006
-0.388241	 0.498609	-0.132905	 0.498961	 0.498424	 0.498563	 0.786340	 0.428969	 0.499069	 0.011009	 0.499376	 0.493842
-0.388241	 0.498615	-0.133794	 0.498961	 0.498429	 0.498563	 0.783287	 0.428969	 0.499069	 0.008031	 0.499376	-0.003240
-0.388241	 0.498618	-0.134239	 0.498961	 0.498432	 0.498563	 0.780199	 0.428969	 0.499069	 0.006541	 0.499376	-0.250780
-0.388241	 0.498619	 0.365539	 0.498961	-0.001566	 0.498564	 0.277101	 0.428969	 0.499069	 0.005797	 0.499376	 0.125450
-0.388241	 0.498620	 0.613697	 0.498961	-0.250563	 0.498564	 0.025552	 0.428969	 0.499069	 0.005425	 0.499376	 0.312561
-0.388241	 0.498620	 0.736052	 0.498961	 0.124939	 0.498564	 0.399778	 0.428969	 0.499069	 0.005238	 0.499376	-0.093883
-0.388241	 0.498621	 0.795513	 0.498961	 0.311689	 0.498564	 0.585342	 0.428969	 0.499069	 0.005145	 0.499376	-0.296104
-0.388241	 0.498621	 0.323534	 0.498961	 0.405064	 0.498564	 0.176583	 0.428969	 0.499069	 0.005099	 0.499376	 0.102785
-0.388241	 0.498621	 0.087544	 0.498961	 0.451752	 0.498564	-0.027797	 0.428969	 0.499069	 0.005076	 0.499376	 0.301226
-0.388241	 0.498621	-0.030451	 0.498961	 0.475096	 0.498564	-0.129987	 0.428969	 0.499069	 0.005064	 0.499376	 0.400447
-0.388241	 0.498621	-0.089449	 0.498961	 0.486768	 0.498564	-0.181081	 0.428969	 0.499069	 0.005058	 0.499376	 0.450057
-0.388241	 0.498621	-0.118947	 0.498961	 0.492604	 0.498564	-0.206629	 0.428969	 0.499069	 0.005055	 0.499376	 0.474862
-0.388241	 0.498621	-0.133697	 0.498961	 0.495521	 0.498564	 0.280597	 0.428969	 0.499069	 0.005054	 0.499376	 0.487265
-0.388241	 0.498621	-0.141071	 0.498961	 0.496980	 0.498564	 0.522675	 0.428969	 0.499069	 0.005053	 0.499376	 0.493466
-0.388241	-0.001379	 0.355241	 0.498961	 0.497710	 0.498564	 0.642184	 0.428969	 0.499069	 0.005053	 0.499376	 0.496567
-0.388241	-0.250376	 0.601695	 0.498961	 0.498075	 0.498564	 0.700415	 0.428969	 0.499069	 0.005052	 0.499376	 0.498117
-0.388241	 0.125125	 0.723225	 0.498961	 0.498257	 0.498564	 0.728014	 0.428969	 0.499069	 0.005052	-0.000624	 0.498892
-0.388241	 0.311874	 0.782301	 0.498961	 0.498348	 0.498564	 0.740302	 0.428969	 0.499069	 0.005052	-0.249623	 0.499280
-0.388241	 0.405249	 0.810156	 0.498961	 0.498394	 0.498564	 0.744940	 0.428969	 0.499069	 0.505052	 0.125878	 0.499474
-0.388241	 0.451936	 0.822407	 0.498961	 0.498417	 0.498564	 0.745761	 0.428969	 0.499069	 0.753042	 0.312625	 0.499570
-0.388241	 0.475280	 0.826864	 0.498961	 0.498428	 0.498564	 0.744678	 0.428969	 0.499069	 0.875035	 0.405999	 0.499619
-0.388241	 0.486952	 0.327429	 0.498961	 0.498434	 0.498564	 0.242649	 0.428969	 0.499069	 0.434037	 0.452686	 0.499643
-0.388241	 0.492788	 0.077712	 0.498961	 0.498437	 0.498564	-0.008366	 0.428969	 0.499069	 0.213539	 0.476029	 0.499655
-0.388241	 0.495706	-0.047147	 0.498961	 0.498438	 0.498564	 0.366127	 0.428969	 0.499069	 0.603289	 0.487701	 0.499661
-0.388241	 0.497165	-0.109576	 0.498961	 0.498439	 0.498564	 0.551892	 0.428969	 0.499069	 0.796178	 0.493537	 0.499664
-0.388241	 0.497894	-0.140791	 0.498961	 0.498439	 0.498564	 0.143300	 0.428969	 0.499069	 0.890645	 0.496455	 0.499666
-0.388241	 0.498259	-0.156398	 0.498961	 0.498439	 0.498564	-0.060997	 0.428969	 0.499069	 0.935908	 0.497914	 0.499667
-0.388241	 0.498441	 0.335798	 0.498961	 0.498439	-0.501436	 0.336855	 0.428969	 0.499069	 0.456577	 0.498643	 0.499667
-0.388241	 0.498533	 0.580241	 0.498961	 0.498439	-0.998434	 0.534312	 0.428969	 0.499069	 0.216912	 0.499008	 0.499667
-0.388241	 0.498578	 0.700812	 0.498961	 0.498439	-1.243941	 0.631576	 0.428969	 0.499069	 0.097079	 0.499190	 0.499667
-0.388241	 0.498601	 0.259455	 0.498961	 0.498439	-0.363716	 0.178751	 0.428969	 0.499069	 0.037163	 0.499282	 0.499667
-0.388241	 0.498612	 0.038777	 0.498961	 0.498439	 0.075363	-0.047662	 0.428969	 0.499069	 0.007204	 0.499327	 0.499667
-0.888241	 0.498618	-0.071562	 0.498961	 0.498439	 0.293874	-0.160868	 0.428969	 0.499069	 0.492225	 0.499350	 0.499667
-1.135465	 0.498621	-0.126732	 0.498961	 0.498439	 0.402105	-0.217471	 0.428969	 0.499069	 0.732781	 0.499361	 0.499667
-0.756311	 0.498622	-0.154317	 0.498961	-0.001561	-0.044800	 0.254227	 0.428969	 0.499069	 0.351113	 0.499367	 0.499667
-0.566734	 0.498623	-0.168109	 0.498961	-0.250557	-0.268253	 0.488625	 0.428969	 0.499069	 0.160278	 0.499370	 0.499667
-0.471946	 0.498623	-0.175005	 0.498961	 0.124944	 0.120020	 0.604377	 0.428969	 0.499069	 0.564861	 0.499371	 0.499667
-0.424552	 0.498624	-0.178453	 0.498961	 0.311694	 0.313141	 0.660813	 0.428969	 0.499069	 0.765214	 0.499372	 0.499667
-0.400855	 0.498624	-0.180177	 0.498961	 0.405069	 0.408688	 0.687597	 0.428969	 0.499069	 0.863459	 0.499372	 0.499667
-0.389006	 0.498624	-0.181039	 0.498961	 0.451756	 0.455454	 0.699560	 0.428969	 0.499069	 0.410658	 0.499373	-0.000333
-0.383082	 0.498624	-0.181471	 0.498961	 0.475100	 0.477832	 0.704118	 0.428969	 0.499069	 0.184257	 0.499373	-0.249332
-0.380120	 0.498624	-0.181686	 0.498961	 0.486772	 0.488021	 0.704980	 0.428969	 0.499069	 0.571057	 0.499373	 0.126168
-0.378639	 0.498624	-0.181794	 0.498961	 0.492608	 0.493115	 0.703999	 0.428969	 0.499069	 0.762541	 0.499373	 0.312915
-0.377898	 0.498624	-0.181848	 0.498961	-0.004474	 0.495662	 0.702103	 0.928969	 0.499069	 0.856375	 0.499373	-0.093711
-0.377528	 0.498624	-0.181875	 0.498961	-0.252012	 0.496936	 0.699754	 1.176111	 0.499069	 0.901392	 0.499373	-0.296024
-0.377343	 0.498624	 0.318112	 0.498961	 0.124219	 0.497572	 0.697185	 0.796836	 0.499069	 0.922008	 0.499373	-0.397180
-0.377250	 0.498624	 0.566469	 0.498961	 0.311334	 0.497891	 0.694512	 0.607198	 0.499069	 0.930430	 0.499373	-0.447758
-0.377204	 0.498624	 0.689018	 0.498961	 0.404891	 0.498050	 0.691791	 0.512379	 0.499069	 0.932764	 0.499373	-0.473048
-0.377181	 0.498624	 0.248669	 0.498961	 0.451670	 0.498130	 0.189053	 0.464970	 0.499069	 0.432060	 0.499373	 0.014308
-0.377169	 0.498624	 0.028495	 0.498961	 0.475059	 0.498169	-0.062317	 0.441265	 0.499069	 0.181708	 0.499373	 0.256982
-0.377163	 0.498624	 0.418408	 0.498961	 0.486754	-0.001811	-0.188001	 0.429413	-0.000931	 0.056533	 0.499373	 0.378320
-0.377160	 0.498624	 0.611747	 0.498961	 0.492601	-0.250797	-0.250844	 0.423487	-0.249929	-0.006055	 0.499373	 0.438988
-0.377159	 0.498624	 0.206807	 0.498961	 0.495525	 0.124710	-0.282265	 0.920523	 0.125572	 0.462651	 0.499373	 0.469322
-0.377158	 0.498624	 0.004337	 0.498961	 0.496987	 0.311463	-0.297975	 1.166207	 0.312320	 0.695141	 0.499373	 0.484490
-0.377158	 0.498624	 0.403102	 0.498961	 0.497717	 0.404839	-0.305831	 0.786225	 0.405694	 0.309531	 0.499373	 0.492073
-0.377158	 0.498624	 0.600881	 0.498961	 0.498083	 0.451527	-0.309758	 0.596234	 0.452381	 0.116726	 0.499373	 0.495865
-0.377158	 0.498624	 0.698173	 0.498961	 0.498266	 0.474871	-0.311722	 0.501238	 0.475725	 0.020323	 0.499373	 0.497761
-0.377158	 0.498624	 0.245228	 0.498961	-0.001643	 0.486544	 0.187296	 0.453740	 0.487397	 0.472122	 0.499373	-0.001291
-0.377158	 0.498624	 0.018755	 0.498961	-0.250594	 0.492380	 0.435432	 0.429991	 0.493233	 0.696174	 0.499373	-0.249817
-0.377158	 0.498624	-0.094481	 0.498961	 0.124930	 0.495298	 0.558134	 0.918117	 0.496151	 0.306359	 0.499373	 0.125921
-0.377158	 0.498624	-0.151099	 0.498961	 0.311691	 0.496757	 0.618122	 1.159367	 0.497610	 0.111452	 0.499373	 0.312786
-0.377158	 0.498624	-0.179408	 0.498961	 0.405072	 0.497486	 0.646761	 1.277191	 0.498339	 0.513998	 0.499373	 0.406219
-0.377158	 0.498624	-0.193563	 0.498961	 0.451762	 0.497851	 0.659729	 1.333313	 0.498704	 0.713438	 0.499373	 0.452935
-0.377158	-0.001376	-0.200640	 0.498961	 0.475108	 0.498033	 0.664868	 0.858595	 0.498886	 0.311332	 0.499373	 0.476293
-0.377158	-0.250373	-0.204178	 0.498961	 0.486780	 0.498124	 0.666097	 0.621236	 0.498977	 0.110279	 0.499373	 0.487972
-0.377158	-0.374872	-0.205948	 0.498961	 0.492616	 0.498170	 0.665377	 0.502557	 0.499023	 0.009753	 0.499373	 0.493812
-0.377158	 0.062879	 0.293168	 0.498961	 0.495535	 0.498193	 0.663688	 0.443217	 0.499046	-0.040510	 0.499373	 0.496732
-0.377158	 0.280753	 0.541141	 0.498961	 0.496994	 0.498204	 0.661519	 0.413547	 0.499057	-0.065642	 0.499373	 0.498192
-0.377158	 0.389690	 0.163549	 0.498961	 0.497723	 0.498210	 0.659116	 0.398712	 0.499063	 0.421792	 0.499373	 0.498922
-0.377158	 0.444158	-0.025247	 0.498961	 0.498088	 0.498213	 0.656601	 0.391295	 0.499066	 0.663691	 0.499373	 0.499286
-0.377158	 0.471393	-0.119645	 0.498961	 0.498270	 0.498214	 0.654036	 0.387586	 0.499067	 0.282829	 0.499373	 0.499469
-0.377158	 0.485010	-0.166844	 0.498961	 0.498362	 0.498215	 0.651450	 0.385732	 0.499068	 0.092398	 0.499373	 0.499560
-0.877158	 0.491818	-0.190443	 0.498961	 0.498407	 0.498215	 0.648859	 0.384804	 0.499068	 0.497183	 0.499373	 0.499606
-1.124403	 0.495223	-0.202243	 0.498961	 0.498430	 0.498215	 0.646271	 0.384341	 0.499068	 0.697771	 0.499373	 0.499629
-0.745283	-0.003075	 0.291857	 0.498961	 0.498441	 0.498215	 0.643690	 0.884109	 0.499068	 0.296269	 0.499373	 0.499640
-0.555723	-0.251222	 0.537335	 0.498961	 0.498447	 0.498216	 0.641117	 1.131225	 0.499069	 0.095517	 0.499373	 0.499646
-0.460942	-0.375295	 0.658509	 0.498961	 0.498450	 0.498216	 0.638554	 1.252027	 0.499069	-0.004858	 0.499373	 0.499649
-0.413552	-0.437331	 0.717536	 0.498961	 0.498451	 0.498216	 0.636000	 0.809682	 0.499069	-0.055046	 0.499373	-0.000350
-0.389857	-0.468349	 0.745497	 0.498961	 0.498452	 0.498216	 0.633456	 0.588510	 0.499069	-0.080140	 0.499373	-0.249349
-0.378010	 0.016141	 0.257930	 0.498961	 0.498452	 0.498216	-0.369078	 0.477923	 0.499069	 0.407313	 0.499373	 0.126152
-0.372086	 0.257386	 0.014147	 0.498961	 0.498453	 0.498216	-0.867601	 0.422630	 0.499069	 0.649250	 0.499373	 0.312899
-0.369124	 0.378008	-0.107745	 0.498961	 0.498453	 0.498216	-0.114131	 0.394984	 0.499069	 0.268436	-0.000627	 0.406273
-0.367643	 0.438319	-0.168691	 0.498961	 0.498453	 0.498216	 0.261326	 0.381160	 0.499069	 0.078029	-0.249626	 0.452959
-0.366903	 0.468474	-0.199164	 0.498961	 0.498453	 0.498216	 0.447780	 0.374249	 0.499069	-0.017174	 0.125875	 0.476303
-0.366533	 0.483552	-0.214400	 0.498961	 0.498453	 0.498216	 0.539739	 0.370793	 0.499069	-0.064776	 0.312622	 0.487975
-0.366347	 0.491091	-0.222018	 0.498961	 0.498453	 0.498216	 0.584455	 0.369065	 0.499069	-0.088577	 0.405996	 0.493810
-0.366255	 0.494860	-0.225827	 0.498961	 0.498453	 0.498216	 0.605555	 0.368201	 0.499069	-0.100477	 0.452683	-0.003272
-0.366209	 0.496745	-0.227732	 0.498961	 0.498453	 0.498216	 0.614852	 0.367769	 0.499069	-0.106428	 0.476026	-0.250812
-0.366185	 0.497687	-0.228684	 0.498961	-0.001547	 0.498216	 0.618252	 0.367553	 0.499069	-0.109403	 0.487698	 0.125418
-0.366174	 0.498159	-0.229160	 0.498961	-0.250544	 0.498216	 0.618708	 0.367445	 0.499069	-0.110890	 0.493534	 0.312529
-0.366168	 0.498394	-0.229398	 0.498961	 0.124957	 0.498216	 0.617698	 0.867391	 0.499069	-0.111634	 0.496452	 0.406085
-0.366165	 0.498512	-0.229518	 0.498961	 0.311707	 0.498216	 0.615960	 1.114629	 0.499069	-0.112006	 0.497911	 0.452863
-0.366164	 0.498571	 0.270423	 0.498961	 0.405082	 0.498216	 0.613862	 1.235525	 0.499069	-0.112192	 0.498640	 0.476252
-0.366163	 0.498600	 0.518852	 0.498961	 0.451770	 0.498216	 0.611590	 1.293260	 0.499069	-0.112285	 0.499005	 0.487947
-0.366163	 0.498615	 0.641533	 0.498961	 0.475113	 0.498216	 0.609235	 1.319425	 0.499069	-0.112331	 0.499187	 0.493794
-0.366163	 0.498622	 0.701344	 0.498961	 0.486785	 0.498216	 0.606844	 0.829817	 0.499069	 0.387645	 0.499279	 0.496717
-0.366162	 0.498626	 0.729728	 0.498961	 0.492621	 0.498216	 0.604439	 0.585013	 0.499069	 0.635859	 0.499324	 0.498179
-0.366162	 0.498628	 0.242403	 0.498961	 0.495539	 0.498216	 0.602033	 0.462610	 0.499069	-0.241803	 0.499347	 0.498910
-0.366162	 0.498629	-0.001259	 0.498961	 0.496998	 0.498216	 0.599631	 0.401409	 0.499069	-0.678395	 0.499358	 0.499276
-0.366162	 0.498629	-0.123090	 0.498961	 0.497728	 0.498216	-0.402765	 0.370809	 0.499069	-0.394461	-0.000636	 0.499458
-0.366162	 0.498630	-0.184006	 0.498961	 0.498092	 0.498216	-0.901152	 0.355509	 0.499069	-0.252494	-0.249632	 0.499550
-0.366162	 0.498630	-0.214463	 0.498961	 0.498275	 0.498216	-0.147547	 0.347858	 0.499069	-0.181510	 0.125870	 0.499595
-0.366162	 0.498630	-0.229692	 0.498961	 0.498366	 0.498216	 0.228043	 0.344033	 0.499069	-0.146019	 0.312619	 0.499618
-0.366162	 0.498630	-0.237307	 0.498961	 0.498411	 0.498216	 0.414631	 0.342121	 0.499069	-0.128273	 0.405993	 0.499630
-0.366162	 0.498630	-0.241114	 0.498961	-0.001566	 0.498216	 0.506723	 0.841165	 0.499069	-0.119400	 0.452680	 0.499635
-0.366162	 0.498630	-0.243017	 0.498961	-0.250551	 0.498216	 0.551571	 1.088006	 0.499069	-0.114963	 0.476023	 0.499638
-0.366162	 0.498630	-0.243969	 0.498961	 0.124956	 0.498216	 0.572802	 0.708757	 0.499069	-0.112745	 0.487695	-0.000360
-0.366162	 0.498630	-0.244445	 0.498961	 0.311709	 0.498216	 0.582230	 0.519133	 0.499069	-0.111636	 0.493531	-0.249359
-0.366162	 0.498630	-0.244683	 0.498961	-0.094915	 0.498216	 0.585760	 0.424320	 0.499069	-0.111081	 0.496449	 0.126142
-0.366162	 0.498630	-0.244802	 0.498961	-0.297224	 0.498216	 0.586347	 0.376914	 0.499069	-0.110804	 0.497908	 0.312889
-0.366162	-0.001370	 0.255138	 0.498961	 0.101622	 0.498216	 0.585467	 0.353211	 0.499069	 0.389335	 0.498637	 0.406262
-0.366162	-0.250368	 0.503599	 0.498961	 0.300044	 0.498216	 0.583857	 0.341360	 0.499069	 0.637625	 0.499002	 0.452949
-0.366162	-0.374866	 0.626324	 0.498961	 0.399255	 0.498216	 0.581888	 0.335434	 0.499069	 0.759998	 0.499184	 0.476293
-0.366162	 0.062885	 0.186189	 0.498961	 0.448860	 0.498216	 0.579743	 0.332471	 0.499069	 0.819420	 0.499276	 0.487964
-0.366162	 0.280759	-0.033878	 0.498961	 0.473663	 0.498216	 0.577516	 0.330989	 0.499069	 0.847373	 0.499321	 0.493800
-0.866162	 0.389696	-0.143912	 0.498961	-0.013936	 0.498216	 0.075252	 0.330249	 0.499069	 0.359599	-0.000656	 0.496718
-1.113430	 0.444164	-0.198929	 0.498961	-0.256732	 0.498216	-0.175880	 0.329878	 0.499069	 0.115712	-0.249643	 0.498177
-0.734342	 0.471398	-0.226437	 0.498961	 0.121870	 0.498216	 0.198553	 0.329693	 0.499069	-0.006231	 0.125863	 0.498906
-0.544799	 0.485016	-0.240192	 0.498961	 0.310170	 0.498216	 0.384624	 0.329601	 0.499069	-0.067203	 0.312613	 0.499271
-0.450027	 0.491824	-0.247069	 0.498961	 0.404320	 0.498216	 0.476519	 0.329554	 0.499069	-0.097689	 0.405989	-0.000546
-0.402641	 0.495228	-0.250507	 0.498961	 0.451395	 0.498216	 0.521329	 0.329531	 0.499069	-0.112932	 0.452676	-0.249455
-0.378948	 0.496931	-0.252227	 0.498961	 0.474932	 0.498216	 0.542602	 0.329520	 0.499069	-0.120553	 0.476020	-0.373909
-0.367101	 0.497782	 0.246914	 0.498961	 0.486701	 0.498216	 0.552110	 0.329514	 0.499069	-0.124364	 0.487692	 0.063864
-0.361178	 0.498207	 0.494992	 0.498961	 0.492586	 0.498216	 0.555741	 0.329511	 0.499069	-0.126269	 0.493528	 0.281748
-0.358217	 0.498420	 0.117545	 0.498961	-0.004472	 0.498216	 0.556438	 0.329509	 0.499069	-0.127222	 0.496446	 0.390689
-0.356736	 0.498526	-0.071179	 0.498961	-0.251998	 0.498216	 0.555672	 0.329509	 0.499069	-0.127698	 0.497905	 0.445160
-0.355995	 0.498579	-0.165541	 0.498961	 0.124239	 0.498216	 0.054180	 0.329508	 0.499069	 0.372064	 0.498634	 0.472395
-0.355625	 0.498606	-0.212721	 0.498961	 0.311357	 0.498216	-0.196567	 0.329508	 0.499069	 0.620201	 0.498999	 0.486013
-0.355440	 0.498619	-0.236312	 0.498961	 0.404915	 0.498216	 0.178060	 0.829508	 0.499069	 0.242533	 0.499182	-0.007178
-0.355347	 0.498626	-0.248107	 0.498961	 0.451695	 0.498216	 0.364268	 1.076849	 0.499069	 0.053699	 0.499273	-0.252773
-0.355301	 0.498629	-0.254005	 0.498961	 0.475084	 0.498216	 0.456271	 1.197871	 0.499069	-0.040718	 0.499318	-0.375570
-0.355278	 0.498631	 0.243046	 0.498961	 0.486779	 0.498216	 0.501176	 0.755744	 0.499069	 0.412073	 0.499341	 0.063031
-0.355266	 0.498632	 0.490092	 0.498961	 0.492627	 0.498216	 0.522536	 0.534681	 0.499069	 0.636739	 0.499352	 0.281328
-0.855261	 0.498632	 0.112140	 0.498961	 0.495550	 0.498216	 0.532129	 0.424149	 0.499069	-0.252650	 0.499358	-0.109523
-1.102547	 0.498632	-0.076835	 0.498961	 0.497012	 0.498216	 0.535842	 0.368884	 0.499069	-0.695061	 0.499361	-0.303948
-0.723491	 0.498633	 0.328677	 0.498961	 0.497743	 0.498216	 0.536619	 0.341251	 0.499069	-0.913992	 0.499362	 0.098840
-0.533963	 0.498633	 0.529964	 0.498961	 0.498109	 0.498216	 0.535933	 0.327434	 0.499069	-1.021191	 0.499363	 0.299230
-0.439199	 0.498633	 0.129146	 0.498961	 0.498291	 0.498216	 0.534519	 0.320526	 0.499069	-0.072534	 0.499364	 0.399426
-0.391817	 0.498633	-0.071264	 0.498961	 0.498383	 0.498216	 0.532746	 0.317072	 0.499069	 0.400042	 0.499364	 0.449523
-0.368126	 0.498633	-0.171468	 0.498961	 0.498428	 0.498216	 0.530798	 0.315345	 0.499069	 0.634585	 0.499364	 0.474572
-0.356280	 0.498633	-0.221571	 0.498961	 0.498451	 0.498216	 0.528766	 0.314481	-0.000931	 0.750118	-0.000636	-0.012904
-0.350357	 0.498633	-0.246622	 0.498961	 0.498463	 0.498216	 0.526696	 0.314049	-0.249930	 0.806154	-0.249635	-0.255641
-0.347396	 0.498633	-0.259147	 0.498961	 0.498468	 0.498216	 0.024612	 0.313834	 0.125571	 0.332447	 0.125866	 0.122991
-0.345915	 0.498633	-0.265410	 0.498961	 0.498471	 0.498216	-0.226430	 0.313726	 0.312320	 0.095594	 0.312613	 0.311303
-0.345175	 0.498633	-0.268542	 0.498961	 0.498473	 0.498216	 0.148049	 0.313672	 0.405694	-0.022833	 0.405987	-0.094540
-0.344805	 0.498633	-0.270107	 0.498961	 0.498473	 0.498216	 0.334244	 0.313645	 0.452381	-0.082046	 0.452674	-0.296462
-0.344620	 0.498633	-0.270890	 0.498961	 0.498474	 0.498216	 0.426300	 0.313631	 0.475724	-0.111653	 0.476018	 0.102578
-0.344527	 0.498633	-0.271282	 0.498961	 0.498474	 0.498216	 0.471292	 0.313624	 0.487396	-0.126456	 0.487689	 0.301094
-0.344481	 0.498633	-0.271477	 0.498961	 0.498474	 0.498216	 0.492755	 0.313621	 0.493232	-0.133858	 0.493525	 0.400353
-0.344458	 0.498633	 0.228425	 0.498961	 0.498474	 0.498216	 0.502458	 0.813619	 0.496150	-0.137559	 0.496443	 0.449982
-0.344446	 0.498633	 0.476919	 0.498961	 0.498474	 0.498216	 0.506285	 1.060991	 0.497609	-0.139409	 0.497902	 0.474796
-0.344440	 0.498633	 0.599716	 0.498961	 0.498474	 0.498216	 0.007179	 0.682061	 0.498339	-0.140335	 0.498631	 0.487204
-0.344437	 0.498633	 0.659669	 0.498961	 0.498474	 0.498216	-0.242375	 0.492595	 0.498703	-0.140797	 0.498996	 0.493407
-0.344436	 0.498633	 0.188206	 0.498961	 0.498474	-0.001784	-0.367151	 0.897862	-0.001114	-0.141029	 0.499179	 0.496509
-0.344435	 0.498633	-0.047525	 0.498961	 0.498474	-0.250781	-0.429540	 1.097890	-0.250021	-0.141144	 0.499270	 0.498060
-0.344435	 0.498633	-0.165391	-0.001039	 0.498474	 0.124721	-0.460734	 0.695308	 0.125525	 0.358798	 0.499315	-0.001165
-0.344435	 0.498633	-0.224324	-0.250037	 0.498474	 0.311471	-0.476331	 0.494017	 0.312296	 0.607052	 0.499338	-0.249776
-0.344435	 0.498633	-0.253790	-0.374536	 0.498474	 0.404847	-0.484129	 0.393371	 0.405682	 0.729468	 0.499350	-0.374082
-0.344435	 0.498633	-0.268523	 0.063214	 0.498474	 0.451534	 0.011971	 0.343048	 0.452375	 0.288972	 0.499355	 0.063765
-0.344435	 0.498633	-0.275890	 0.281088	 0.498474	 0.474878	 0.259005	 0.317887	 0.475721	 0.068724	 0.499358	 0.281686
-0.344435	 0.498633	 0.220427	 0.390024	 0.498474	 0.486550	 0.381510	 0.305306	 0.487394	-0.041400	 0.499360	 0.390646
-0.344435	 0.498633	 0.467152	 0.444493	 0.498474	 0.492386	 0.441755	 0.299016	 0.493231	-0.096462	 0.499360	 0.445126
-0.344435	 0.498633	 0.589086	 0.471727	 0.498474	 0.495304	-0.029127	 0.295871	 0.496149	 0.376007	 0.499361	-0.027634
-0.344435	 0.498633	 0.648632	 0.485344	 0.498474	 0.496763	-0.263568	 0.294298	 0.497608	 0.610545	 0.499361	-0.263013
-0.344435	 0.498633	 0.676988	 0.492152	 0.498474	 0.497492	 0.119212	 0.293512	 0.498338	 0.226124	 0.499361	 0.119297
-0.344435	 0.498633	 0.689755	 0.495557	 0.498474	 0.497857	 0.309598	 0.293119	 0.498703	 0.033913	 0.499361	 0.309449
-0.344435	 0.498633	 0.694734	 0.497259	 0.498474	 0.498039	 0.404791	 0.292922	 0.498885	-0.062192	 0.499361	 0.404525
-0.344435	 0.498633	 0.195824	 0.498110	 0.498474	 0.498131	 0.452387	 0.792824	 0.498976	-0.110245	 0.499361	 0.452063
-0.344435	 0.498633	-0.053631	 0.498535	 0.498474	 0.498176	 0.476185	 1.040189	 0.499022	-0.134271	 0.499361	 0.475832
-0.344435	 0.498633	-0.178359	 0.498748	 0.498474	 0.498199	 0.488084	 1.161297	 0.499045	-0.146285	 0.499361	 0.487717
-0.344435	 0.498633	-0.240722	 0.498855	 0.498474	 0.498210	 0.494034	 1.219286	 0.499056	-0.152291	 0.499361	 0.493659
-0.344435	 0.498633	 0.228096	 0.498908	 0.498474	 0.498216	-0.002991	 0.745726	 0.499062	 0.344706	 0.499361	 0.496630
-0.344435	 0.498633	 0.461111	 0.498934	 0.498474	 0.498219	-0.250504	 0.508946	 0.499065	 0.591520	 0.499361	 0.498116
-0.344435	 0.498633	 0.576230	 0.498948	 0.498474	 0.498220	 0.125740	 0.390556	 0.499066	 0.213251	 0.499361	-0.001142
-0.344435	 0.498633	 0.632407	 0.498954	 0.498474	 0.498221	 0.312858	 0.331361	 0.499067	 0.024117	 0.499361	-0.249769
-0.344435	 0.498633	 0.159119	 0.498958	 0.498474	 0.498221	-0.093583	 0.801763	 0.499067	 0.429549	 0.499361	 0.125917
-0.344435	 0.498633	-0.077526	 0.498959	 0.498474	 0.498222	-0.295804	 1.034420	 0.499067	 0.630596	 0.499361	 0.312756
-0.344435	 0.498633	-0.195848	 0.498960	 0.498474	 0.498222	-0.396914	 1.148214	 0.499067	 0.729456	 0.499361	 0.406176
-0.344435	 0.498633	-0.255009	 0.498961	 0.498474	 0.498222	 0.052531	 1.202588	 0.499067	 0.277229	 0.499361	-0.047114
-0.344435	 0.498633	-0.284589	 0.498961	 0.498474	 0.498222	 0.276249	 1.227260	 0.499067	 0.051116	 0.499361	-0.272758
-0.344435	 0.498633	-0.299380	 0.498961	-0.001526	 0.498222	 0.388109	 0.737093	 0.499067	 0.438059	 0.499361	 0.114420
-0.344435	 0.498633	-0.306775	 0.498961	-0.250523	 0.498222	 0.444038	 0.492009	 0.499067	 0.629881	 0.499361	 0.307006
-0.844435	 0.498633	-0.310472	 0.498961	 0.124979	 0.498222	-0.027997	 0.369467	 0.499067	 0.224148	 0.499361	-0.096701
-1.091746	 0.498633	-0.312321	 0.498961	 0.311729	 0.498222	-0.263014	 0.308196	 0.499067	 0.021282	 0.499361	-0.297554
-0.712723	 0.498633	-0.313246	 0.498961	 0.405103	 0.498222	-0.380523	 0.277561	 0.499067	 0.419849	 0.499361	 0.102020
-0.523212	 0.498633	-0.313708	 0.498961	 0.451791	 0.498222	-0.439278	 0.262243	 0.499067	 0.617495	 0.499361	 0.300803
-0.428456	 0.498633	-0.313939	 0.498961	 0.475135	 0.498222	-0.468655	 0.254584	 0.499067	 0.714688	 0.499361	 0.400195
-0.381078	 0.498633	-0.314054	 0.498961	 0.486806	 0.498222	-0.483343	 0.750755	 0.499067	 0.261661	 0.499361	 0.449891
-0.357390	 0.498633	-0.314112	 0.498961	 0.492642	 0.498222	-0.490688	 0.996346	 0.499067	 0.035147	 0.499361	 0.474739
-0.345545	 0.498633	-0.314141	 0.498961	 0.495560	 0.498222	 0.005640	 0.616658	 0.499067	-0.078109	 0.499361	 0.487163
-0.339623	 0.498633	-0.314156	 0.498961	 0.497019	 0.498222	 0.252800	 0.426814	 0.499067	-0.134738	 0.499361	 0.493375
-0.336662	 0.498633	-0.314163	 0.498961	-0.002251	 0.498222	-0.123620	 0.331892	 0.499067	-0.163052	 0.499361	 0.496481
-0.335181	 0.498633	-0.314166	 0.498961	-0.250883	 0.498222	-0.310830	 0.284431	 0.499067	-0.177209	 0.499361	 0.498034
-0.334441	 0.498633	-0.314168	 0.498961	 0.124801	 0.498222	 0.095565	 0.260700	 0.499067	-0.184288	 0.499361	 0.498810
-0.334071	 0.498633	-0.314169	 0.498961	 0.311642	 0.498222	 0.297759	 0.248835	 0.499067	-0.187827	 0.499361	 0.499199
-0.333886	 0.498633	-0.314170	 0.498961	 0.405062	 0.498222	 0.398856	 0.242902	 0.499067	-0.189597	 0.499361	 0.499393
-0.333793	 0.498633	-0.314170	 0.498961	 0.451772	 0.498222	-0.050596	 0.239936	 0.499067	 0.309519	 0.499361	 0.499490
-0.333747	 0.498633	-0.314170	 0.498961	 0.475127	 0.498222	-0.274322	 0.238453	 0.499067	 0.557459	 0.499361	 0.499538
-0.333724	 0.498633	-0.314170	 0.498961	 0.486805	 0.498222	 0.113815	 0.237711	 0.499067	 0.179818	 0.499361	 0.499563
-0.333712	 0.498633	-0.314170	 0.498961	 0.492644	 0.498222	 0.306880	 0.237340	 0.499067	-0.009002	 0.499361	 0.499575
-0.333706	 0.498633	 0.185830	 0.498961	 0.495563	 0.498222	-0.096588	 0.237155	 0.499067	 0.396588	 0.499361	 0.499581
-0.333703	 0.498633	 0.434458	 0.498961	 0.497023	 0.498222	-0.297321	 0.237062	 0.499067	 0.597778	 0.499361	 0.499584
-0.333702	 0.498633	 0.057406	 0.498961	 0.497753	 0.498222	 0.102312	 0.237016	 0.499067	 0.196776	 0.499361	-0.000415
-0.333701	 0.498633	-0.131120	 0.498961	 0.498118	 0.498222	 0.301125	 0.236993	 0.499067	-0.003726	 0.499361	-0.249413
-0.333701	 0.498633	-0.225383	 0.498961	 0.498300	 0.498222	 0.400531	 0.236981	 0.499067	-0.103976	 0.499361	-0.373912
-0.333701	 0.498633	 0.227486	 0.498961	 0.498391	 0.498222	 0.450234	 0.736975	 0.499067	-0.154102	 0.499361	 0.063838
-0.333701	 0.498633	 0.452559	 0.498961	 0.498437	 0.498222	 0.475086	 0.984499	 0.499067	-0.179164	 0.499361	 0.281710
-0.333701	-0.001367	 0.563741	 0.498961	 0.498460	 0.498222	 0.487511	 0.605796	 0.499067	 0.308304	 0.499361	-0.109354
-0.333701	-0.250365	 0.617982	 0.498961	 0.498471	 0.498222	 0.493724	 0.416445	 0.499067	 0.550447	 0.499361	-0.303885
-0.333701	 0.125137	 0.643758	 0.498961	 0.498477	 0.498222	 0.496831	 0.321769	 0.499067	 0.169933	 0.499361	 0.098849
-0.333701	 0.311886	 0.655307	 0.498961	 0.498480	 0.498222	 0.498384	 0.274432	 0.499067	-0.020324	 0.499361	 0.299213
-0.333701	 0.405261	 0.659747	 0.498961	 0.498481	 0.498222	 0.499161	 0.250763	-0.000933	-0.115452	 0.499361	 0.399395
-0.333701	 0.451948	 0.660639	 0.498961	 0.498482	 0.498222	 0.499549	 0.238928	-0.249931	-0.163016	 0.499361	 0.449486
-0.333701	 0.475292	 0.659762	 0.498961	 0.498482	 0.498222	 0.499743	 0.233011	-0.374430	-0.186798	 0.499361	 0.474532
-0.333701	 0.486964	 0.158006	 0.498961	 0.498482	 0.498222	 0.499840	 0.230052	 0.063321	-0.198689	 0.499361	 0.487055
-0.333701	 0.492800	-0.092872	 0.498961	 0.498482	 0.498222	 0.499889	 0.228573	 0.281194	-0.204635	 0.499361	 0.493316
-0.333701	 0.495718	 0.281689	 0.498961	 0.498482	 0.498222	 0.499913	 0.227833	 0.390130	-0.207608	 0.499361	 0.496447
-0.333701	 0.497177	 0.467657	 0.498961	 0.498482	 0.498222	 0.499925	 0.227464	 0.444599	-0.209094	 0.499361	 0.498012
-0.333701	 0.497906	 0.559334	 0.498961	 0.498482	 0.498222	 0.499931	 0.227279	 0.471833	-0.209837	 0.499361	 0.498795
-0.333701	 0.498271	 0.603870	 0.498961	 0.498482	 0.498222	 0.499934	 0.227186	 0.485450	-0.210209	 0.499361	 0.499186
-0.333701	 0.498453	 0.624841	 0.498961	 0.498482	 0.498222	 0.499936	 0.227140	 0.492258	 0.289605	 0.499361	 0.499382
-0.333701	 0.498544	 0.634035	 0.498961	 0.498482	 0.498222	 0.499936	 0.227117	 0.495663	 0.537934	 0.499361	 0.499480
-0.333701	 0.498590	 0.637346	 0.498961	 0.498482	 0.498222	 0.499937	 0.227105	 0.497365	 0.660525	 0.499361	 0.499529
-0.333701	 0.498613	 0.137720	 0.498961	 0.498482	 0.498222	 0.499937	 0.227100	 0.498216	 0.720255	 0.499361	-0.000447
-0.333701	 0.498624	-0.112093	 0.498961	 0.498482	 0.498222	 0.499937	 0.227097	 0.498641	 0.248560	 0.499361	-0.249434
-0.333701	 0.498630	-0.237000	 0.498961	 0.498482	 0.498222	 0.499937	 0.227095	 0.498854	 0.012712	 0.499361	-0.373927
-0.333701	 0.498633	-0.299453	 0.498961	 0.498482	 0.498222	 0.499937	 0.227094	 0.498961	 0.394788	 0.499361	 0.063826
-0.333701	 0.498634	-0.330680	 0.498961	 0.498482	 0.498222	 0.499937	 0.227094	 0.499014	 0.584273	 0.499361	 0.281699
-0.333701	 0.498635	-0.346293	 0.498961	 0.498482	 0.498222	 0.499937	 0.227094	 0.499040	 0.677467	 0.499361	 0.390636
-0.333701	 0.498635	 0.145901	 0.498961	 0.498482	 0.498222	 0.499937	 0.227094	 0.499054	 0.222523	 0.499361	 0.445104
-0.333701	 0.498635	 0.390721	 0.498961	 0.498482	 0.498222	 0.499937	 0.227094	 0.499060	-0.004949	 0.499361	 0.472339
-0.333701	 0.498636	 0.511860	 0.498961	 0.498482	 0.498222	 0.499937	 0.227094	 0.499064	 0.381315	 0.499361	 0.485956
-0.333701	 0.498636	 0.571164	 0.498961	 0.498482	 0.498222	 0.499937	 0.227094	 0.499065	 0.572912	 0.499361	 0.492764
-0.333701	 0.498636	 0.099555	 0.498961	 0.498482	 0.498222	-0.000063	 0.227094	 0.499066	 0.167182	 0.499361	 0.496169
-0.333701	 0.498636	-0.136250	 0.498961	 0.498482	 0.498222	-0.249063	 0.227094	 0.499066	-0.035684	 0.499361	 0.497871
-0.333701	 0.498636	-0.254152	 0.498961	 0.498482	 0.498222	 0.126437	 0.727094	 0.499067	-0.137116	 0.499361	 0.498722
-0.333701	 0.498636	-0.313103	 0.498961	 0.498482	 0.498222	 0.313184	 0.974640	 0.499067	-0.187833	 0.499361	 0.499147
-0.333701	 0.498636	-0.342579	 0.498961	 0.498482	 0.498222	 0.406557	 1.095968	 0.499067	-0.213191	 0.499361	 0.499360
-0.333701	 0.498636	-0.357317	 0.498961	 0.498482	 0.498222	 0.453243	 0.654198	 0.499067	 0.274130	 0.499361	 0.499466
-0.333701	 0.498636	-0.364686	 0.498961	 0.498482	 0.498222	 0.476586	 0.433313	 0.499067	 0.516268	 0.499361	 0.499520
-0.333701	 0.498636	-0.368370	 0.498961	 0.498482	 0.498222	 0.488258	 0.322870	 0.499067	 0.635820	 0.499361	 0.499546
-0.333701	 0.498636	-0.370212	 0.498961	 0.498482	 0.498222	 0.494094	 0.267649	 0.499067	 0.194085	 0.499361	 0.499560
-0.333701	 0.498636	-0.371133	 0.498961	 0.498482	 0.498222	 0.497012	 0.240038	 0.499067	-0.026783	 0.499361	 0.499566
-0.333701	 0.498636	-0.371594	 0.498961	 0.498482	 0.498222	 0.498471	 0.726233	 0.499067	 0.362784	-0.000639	 0.499569
-0.333701	 0.498636	-0.371824	 0.498961	 0.498482	 0.498222	 0.499200	 0.966905	 0.499067	 0.556062	-0.249638	 0.499571
-0.333701	 0.498636	-0.371939	 0.498961	 0.498482	 0.498222	 0.499565	 0.584826	 0.499067	 0.651203	 0.125863	 0.499572
-0.333701	 0.498636	-0.371997	 0.498961	 0.498482	 0.498222	 0.499747	 0.393787	 0.499067	 0.697280	 0.312610	 0.499572
-0.333701	 0.498636	-0.372026	 0.498961	 0.498482	 0.498222	 0.499839	 0.798267	 0.499067	 0.718832	 0.405984	 0.499573
-0.333701	 0.498636	-0.372040	 0.498961	 0.498482	 0.498222	 0.499884	 0.998102	 0.499067	 0.728128	 0.452671	 0.499573
-0.333701	 0.498636	-0.372047	 0.498961	 0.498482	 0.498222	 0.499907	 1.095623	 0.499067	 0.731300	 0.476015	 0.499573
-0.333701	 0.498636	-0.372051	 0.498961	-0.001518	 0.498222	 0.499918	 0.641998	 0.499067	 0.731418	 0.487686	 0.499573
-0.333701	 0.498636	-0.372053	 0.498961	-0.250514	 0.498222	 0.499924	 0.415185	 0.499067	 0.730014	 0.493522	 0.499573
-0.333701	 0.498636	-0.372054	 0.498961	 0.124987	 0.498222	 0.499927	 0.801778	 0.499067	 0.227854	 0.496440	 0.499573
-0.333701	 0.498636	-0.372054	 0.498961	 0.311737	 0.498222	 0.499928	 0.992699	 0.499067	-0.023226	 0.497899	 0.499573
-0.333701	 0.498636	-0.372054	 0.498961	-0.094888	 0.498222	 0.499929	 0.585791	 0.499067	-0.148765	 0.498629	 0.499573
-0.333701	 0.498636	-0.372054	 0.498961	-0.297198	 0.498222	 0.499929	 0.382338	 0.499067	-0.211535	 0.498993	 0.499573
-0.333701	 0.498636	-0.372054	 0.498961	 0.101647	 0.498222	 0.499930	 0.280611	 0.499067	 0.257080	 0.499176	-0.000427
-0.333701	 0.498636	-0.372055	 0.498961	 0.300069	 0.498222	 0.499930	 0.229748	 0.499067	 0.489936	 0.499267	-0.249426
-0.333701	 0.498636	 0.127945	 0.498961	 0.399280	 0.498222	 0.499930	 0.204316	 0.499067	 0.604918	 0.499312	-0.373926
-0.333701	 0.498636	 0.376690	 0.498961	 0.448885	 0.498222	 0.499930	 0.191600	 0.499067	 0.160970	 0.499335	 0.063824
-0.333701	 0.498636	 0.499811	 0.498961	 0.473688	 0.498222	 0.499930	 0.185242	 0.499067	-0.061004	 0.499347	 0.281696
-0.333701	 0.498636	 0.060125	 0.498961	 0.486089	 0.498222	-0.000070	 0.682063	 0.499067	 0.328008	 0.499352	 0.390632
-0.333701	 0.498636	-0.159717	 0.498961	 0.492290	 0.498222	-0.249070	 0.928116	 0.499067	 0.521081	 0.499355	 0.445100
-0.333701	 0.498636	-0.269638	 0.498961	 0.495390	 0.498222	 0.126430	 0.548794	 0.499067	 0.616189	 0.499357	 0.472334
-0.333701	 0.498636	-0.324599	 0.498961	 0.496941	 0.498222	 0.313176	 0.359133	 0.499067	 0.662320	 0.499357	 0.485951
-0.333701	 0.498636	-0.352079	 0.498961	 0.497716	 0.498222	 0.406549	 0.264302	 0.499067	 0.183969	 0.499358	 0.492760
-0.333701	 0.498636	-0.365820	 0.498961	 0.498103	 0.498222	 0.453236	 0.216887	 0.499067	-0.055207	 0.499358	 0.496164
-0.333701	 0.498636	-0.372690	 0.498961	 0.498297	 0.498222	 0.476579	 0.193180	 0.499067	-0.174795	 0.499358	 0.497866
-0.333701	 0.498636	-0.376125	 0.498961	 0.498394	 0.498222	 0.488251	 0.181326	 0.499067	-0.234589	 0.499358	 0.498717
-0.333701	 0.498636	-0.377842	 0.498961	 0.498442	 0.498222	 0.494086	 0.175399	 0.499067	-0.264486	 0.499358	 0.499143
-0.333701	-0.001364	 0.121299	 0.498961	 0.498466	 0.498222	-0.002996	 0.172435	 0.499067	 0.220566	 0.499358	 0.499355
-0.333701	-0.250362	 0.369629	 0.498961	 0.498479	 0.498222	-0.250536	 0.170954	 0.499067	 0.461681	 0.499358	 0.499462
-0.333701	 0.125140	-0.007442	 0.498961	 0.498485	 0.498222	 0.125693	 0.170213	 0.499067	 0.080832	 0.499358	 0.499515
-0.333701	 0.311889	-0.195978	 0.498961	 0.498488	 0.498222	 0.312804	 0.169842	 0.499067	-0.109592	 0.499358	 0.499542
-0.333701	 0.405264	-0.290246	 0.498961	 0.498489	 0.498222	 0.406359	 0.169657	 0.499067	 0.295196	 0.499358	 0.499555
-0.333701	 0.451951	-0.337380	 0.498961	 0.498490	 0.498222	 0.453137	 0.169565	 0.499067	 0.496190	 0.499358	 0.499562
-0.333701	 0.475295	 0.139054	 0.498961	-0.001510	 0.498222	 0.476526	 0.169518	 0.499067	 0.095293	 0.499358	-0.000435
-0.333701	 0.486967	 0.376039	 0.498961	-0.250506	 0.498222	 0.488220	 0.169495	 0.499067	-0.105156	 0.499358	-0.249433
-0.333701	 0.492803	 0.493306	 0.498961	-0.375005	 0.498222	 0.494068	 0.169484	 0.499067	-0.205380	 0.499358	-0.373931
-0.333701	 0.495721	 0.550718	 0.498961	 0.062746	 0.498222	 0.496991	 0.169478	 0.499067	-0.255493	 0.499358	 0.063819
-0.333701	 0.497180	 0.578208	 0.498961	 0.280620	 0.498222	 0.498453	 0.169475	 0.499067	-0.280549	 0.499358	 0.281691
-0.333701	 0.497909	 0.090741	 0.498961	 0.389558	 0.498222	-0.000816	 0.169473	-0.000933	 0.206923	 0.499358	 0.390628
-0.333701	 0.498274	-0.152992	 0.498961	 0.444026	 0.498222	-0.249450	 0.169473	-0.249931	 0.449270	 0.499358	 0.445096
-0.333701	 0.498456	-0.274858	 0.498961	 0.471260	 0.498222	 0.126232	 0.169472	 0.125570	 0.069061	 0.499358	-0.027670
