 0.401615	 0.499526	 0.045816	-0.543530	-0.203671	-0.467838	 0.498166	-0.093565	 0.406034	 0.399141	 0.399364	-0.390970
 0.401615	 0.499526	 0.045423	-1.017451	-0.215923	-0.483400	 0.498166	-0.295878	 0.452728	 0.449232	 0.449455	-0.438430
 0.401615	 0.499526	 0.045227	-1.251428	-0.222050	-0.491181	 0.498166	-0.397035	 0.476075	 0.474278	 0.474500	-0.462160
 0.401615	 0.499526	 0.045129	-0.865446	 0.274887	 0.004928	 0.498166	 0.052387	 0.487748	 0.486801	 0.487023	-0.474025
 0.401615	 0.499526	 0.045080	-0.672455	 0.521812	 0.251981	 0.498166	 0.276094	 0.493585	 0.493062	 0.493284	-0.479957
 0.401615	 0.499526	 0.045055	-0.075960	 0.643737	 0.375507	 0.498166	 0.387948	 0.496503	 0.496193	 0.496415	 0.017077
 0.401615	 0.499526	 0.045043	 0.221247	 0.703168	 0.437270	 0.498166	 0.443875	 0.497962	 0.497758	 0.497980	 0.264565
 0.401615	 0.499526	 0.045037	-0.131187	 0.231359	-0.031848	 0.498166	 0.471838	 0.498692	 0.498541	-0.001237	-0.112714
 0.401615	 0.499526	 0.045034	-0.307403	-0.004546	-0.265406	 0.498166	 0.485820	 0.499057	 0.498932	-0.249845	-0.301354
 0.401615	 0.499526	 0.045032	 0.104488	-0.122499	 0.117816	 0.498166	 0.492811	 0.499239	 0.499128	 0.125851	-0.395674
 0.401615	 0.499526	 0.045031	 0.309401	-0.181475	 0.308424	 0.498166	 0.496306	 0.499330	 0.499226	 0.312696	-0.442834
 0.401615	 0.499526	 0.045031	 0.410829	-0.210963	 0.403729	 0.498166	 0.498054	 0.499376	 0.499275	 0.406119	-0.466414
 0.401615	 0.499526	 0.045031	 0.460519	 0.274293	 0.451381	 0.498166	 0.498928	-0.000601	 0.499299	-0.047170	-0.478204
 0.401615	 0.499526	 0.045031	 0.484343	 0.515402	 0.475207	 0.498166	 0.499365	-0.249589	 0.499311	-0.272813	-0.484099
 0.401615	 0.499526	 0.045031	 0.495239	 0.634443	 0.487120	 0.498166	 0.499583	 0.125917	 0.499317	 0.114365	-0.487047
 0.401615	 0.499526	 0.045031	 0.499674	 0.692457	 0.493077	 0.498166	 0.499692	 0.312668	 0.499320	 0.306951	-0.488520
 0.401615	 0.499526	 0.045031	 0.500884	 0.719963	 0.496055	 0.498166	 0.499747	 0.406043	 0.499322	 0.403244	-0.489257
 0.401615	 0.499526	 0.045031	 0.500485	 0.732221	 0.497544	 0.498166	 0.499774	 0.452730	 0.499323	 0.451390	-0.489626
-0.098385	 0.499526	 0.045031	-0.000715	 0.736861	 0.498288	 0.498166	 0.499788	 0.476074	 0.499323	 0.475464	-0.489810
-0.347188	 0.499526	 0.045031	-0.250311	 0.737698	 0.498661	 0.498166	 0.499795	 0.487746	 0.499323	 0.487500	-0.489902
-0.470398	 0.499526	 0.045031	 0.124891	 0.736640	-0.001153	 0.498166	 0.499798	 0.493582	 0.499323	 0.493519	-0.489948
-0.530815	 0.499526	 0.045031	 0.311491	 0.734639	-0.250058	 0.498166	 0.499800	 0.496500	-0.000677	 0.496528	 0.010029
-0.559842	 0.499526	 0.045031	 0.404792	 0.732174	-0.374511	 0.498166	 0.499801	 0.497959	-0.249675	 0.498032	 0.258997
-0.073177	 0.499526	 0.545031	-0.048558	 0.729481	 0.063263	 0.498166	 0.499801	-0.001312	 0.125826	 0.498785	 0.382466
 0.170155	 0.499526	 0.792941	-0.274229	 0.726682	 0.281148	 0.498166	 0.499801	-0.249946	 0.312573	 0.499161	 0.443188
 0.291821	 0.499526	 0.414814	-0.387065	 0.723834	 0.390090	 0.498166	 0.499801	 0.125737	 0.405947	 0.499349	 0.472541
 0.352654	 0.499526	 0.225750	-0.443482	 0.720968	 0.444562	 0.498166	 0.499802	 0.312576	 0.452634	 0.499443	 0.486214
 0.383071	 0.499526	 0.131219	 0.028309	 0.718099	 0.471797	 0.498166	 0.499802	 0.405995	 0.475977	 0.499490	 0.493051
 0.398279	 0.499526	 0.083953	 0.263204	 0.715234	 0.485415	 0.498166	 0.499802	 0.452705	 0.487649	 0.499513	 0.496469
 0.405883	 0.499526	 0.560320	 0.380652	 0.712377	 0.492224	 0.498166	-0.000198	 0.476060	 0.493485	 0.499525	-0.001822
 0.409686	 0.499526	 0.796430	 0.439376	 0.709529	 0.495628	 0.498166	-0.249198	 0.487737	 0.496403	 0.499531	-0.249967
 0.411587	 0.499526	 0.912420	 0.468737	 0.706692	 0.497331	 0.498166	-0.373698	 0.493576	 0.497862	 0.499534	-0.374040
 0.412537	 0.499526	 0.968358	 0.483418	 0.703866	 0.498182	 0.498166	 0.064052	 0.496495	 0.498591	 0.499535	-0.436076
 0.413012	 0.499526	 0.994279	 0.490759	 0.701051	 0.498607	 0.498166	 0.281924	 0.497955	 0.498956	 0.499536	-0.467094
 0.413250	 0.499526	 1.005199	 0.494429	 0.198247	 0.498820	 0.498166	 0.390859	 0.498685	 0.499139	 0.499537	-0.482603
 0.413369	 0.499526	 1.008626	 0.496264	-0.053155	 0.498926	 0.498166	 0.445327	 0.499050	 0.499230	 0.499537	-0.490358
 0.413428	 0.499526	 0.508316	 0.497182	 0.321144	 0.498980	 0.498166	 0.472561	 0.499232	 0.499275	 0.499537	 0.005765
 0.413458	 0.499526	 0.258161	 0.497641	 0.506902	 0.499006	 0.498166	 0.486178	 0.499323	 0.499298	 0.499537	 0.252822
 0.413473	 0.499526	 0.133083	 0.497870	 0.598396	 0.499019	-0.001834	 0.492987	 0.499369	 0.499310	 0.499537	 0.376351
 0.413480	 0.499526	 0.070545	 0.497985	 0.642763	 0.499026	-0.250830	 0.496391	 0.499392	 0.499315	 0.499537	 0.438116
 0.413484	 0.499526	 0.039275	 0.498042	 0.663573	 0.499029	-0.375328	 0.498093	 0.499403	 0.499318	 0.499537	 0.468998
 0.413486	 0.499526	 0.023641	-0.001929	 0.672609	 0.499031	 0.062423	 0.498944	 0.499409	 0.499320	-0.000463	-0.015561
 0.413487	 0.499526	 0.015823	-0.250911	 0.675763	 0.499032	 0.280298	 0.499370	 0.499412	 0.499320	-0.249462	-0.256840
 0.413487	 0.499526	 0.511915	 0.124598	 0.675983	 0.499032	 0.389235	 0.499582	 0.499413	 0.499321	 0.126038	-0.377480
 0.413487	 0.499526	 0.757944	 0.311352	 0.674740	 0.499033	 0.443704	 0.499689	 0.499414	 0.499321	 0.312785	-0.437800
 0.413487	 0.499526	 0.878951	 0.404729	 0.172772	 0.499033	 0.470939	 0.499742	 0.499414	 0.499321	 0.406159	-0.467960
 0.413488	 0.499526	 0.937455	 0.451418	-0.078212	 0.499033	 0.484556	 0.499769	 0.499414	 0.499321	 0.452846	-0.483040
 0.413488	 0.499526	 0.964714	 0.474762	 0.296296	 0.499033	 0.491364	 0.499782	-0.000585	 0.499321	-0.023811	-0.490580
 0.413488	 0.499526	 0.976360	 0.486434	 0.482208	 0.499033	 0.494769	 0.499789	-0.249584	 0.499321	-0.261138	-0.494350
 0.413488	 0.499526	 0.980207	 0.492270	 0.573828	 0.499033	 0.496471	 0.499792	-0.374084	 0.499321	-0.379802	-0.496235
 0.413488	 0.499526	 0.480163	-0.004811	 0.618307	 0.499033	 0.497322	 0.499794	 0.063667	 0.499321	-0.439134	-0.497177
 0.413488	 0.499526	 0.230140	-0.252349	 0.639221	 0.499033	 0.497747	 0.499794	 0.281539	 0.499321	-0.468800	-0.497648
 0.413488	 0.499526	 0.105129	-0.376117	 0.648358	 0.499033	 0.497960	 0.499795	 0.390475	 0.499321	 0.016367	-0.497884
 0.413488	 0.499526	 0.042624	-0.438002	 0.651611	 0.499033	 0.498067	 0.499795	 0.444943	 0.499321	 0.257948	-0.498002
 0.413488	 0.499526	 0.011371	 0.031056	 0.651928	 0.499033	 0.498120	 0.499795	 0.472177	 0.499321	-0.121262	-0.498061
 0.413488	 0.499526	-0.004255	 0.264585	 0.650782	 0.499033	 0.498146	 0.499795	 0.485794	 0.499321	-0.309866	-0.498090
 0.413488	 0.499526	-0.012069	 0.381349	 0.148910	 0.499033	 0.498160	 0.499795	 0.492603	-0.000679	-0.404168	 0.001895
 0.413488	 0.499526	-0.015975	 0.439732	-0.102027	 0.499033	 0.498166	 0.499795	 0.496007	-0.249678	-0.451319	 0.250884
 0.413488	 0.499526	-0.017929	 0.468923	-0.227495	 0.499033	 0.498170	 0.499795	 0.497709	-0.374177	-0.474894	 0.375378
 0.413488	 0.499526	-0.018905	-0.016482	 0.209771	 0.499033	 0.498171	 0.499795	 0.498560	 0.063573	-0.486682	-0.062374
 0.413488	 0.499526	-0.019394	-0.258180	 0.427110	 0.499033	 0.498172	 0.499795	 0.498986	 0.281446	-0.492576	-0.280250
 0.413488	 0.499526	 0.480362	 0.120970	 0.534491	 0.499033	 0.498172	 0.499795	 0.499199	 0.390382	-0.495523	-0.389188
 0.413488	 0.499526	 0.728280	 0.309546	 0.586897	 0.499033	 0.498173	 0.499795	 0.499305	 0.444850	-0.496996	-0.443658
 0.413488	 0.499526	 0.350286	-0.096167	 0.611822	 0.499033	 0.498173	 0.499795	 0.499358	 0.472084	-0.497733	-0.470892
 0.413488	 0.499526	 0.161290	-0.298019	 0.623011	 0.499033	 0.498173	 0.499795	 0.499385	 0.485701	-0.498101	-0.484509
 0.413488	 0.499526	 0.066791	 0.101054	 0.627337	 0.499033	-0.001827	-0.000205	 0.499398	 0.492510	 0.001714	-0.491318
 0.413488	 0.499526	 0.019542	 0.299591	 0.628237	 0.499033	-0.250823	-0.249204	 0.499405	 0.495914	 0.250619	-0.494722
 0.413488	 0.499526	-0.004082	 0.398859	 0.627428	 0.499033	-0.375322	-0.373704	 0.499408	 0.497616	 0.375072	-0.496424
 0.413488	 0.499526	-0.015895	 0.448494	 0.625771	 0.499033	 0.062429	 0.064046	 0.499410	-0.001533	 0.437298	-0.497275
 0.413488	 0.499526	-0.021801	 0.473311	 0.623694	 0.499033	 0.280304	 0.281917	 0.499410	-0.250106	 0.468411	-0.497701
 0.413488	 0.499526	 0.475246	 0.485719	 0.121412	 0.499033	 0.389242	-0.109147	 0.499411	 0.125608	-0.016032	-0.497914
 0.413488	 0.499526	 0.721825	 0.491923	-0.129729	 0.499033	 0.443711	-0.303679	 0.499411	 0.312462	-0.257253	-0.498020
 0.413488	 0.499526	 0.843177	 0.495026	 0.244701	 0.499033	 0.470945	 0.099056	 0.499411	 0.405889	-0.377864	-0.498073
 0.413488	 0.499526	 0.901925	 0.496577	 0.430677	 0.499033	 0.484562	 0.299419	 0.499411	 0.452602	-0.438169	-0.498100
 0.413488	 0.499526	 0.429377	 0.497352	 0.022432	 0.499033	 0.491371	 0.399601	 0.499411	 0.475959	-0.468321	-0.498113
 0.413488	 0.499526	 0.193103	 0.497740	-0.181690	 0.499033	 0.494775	 0.449692	 0.499411	 0.487637	-0.483398	-0.498120
 0.413488	 0.499526	 0.074966	 0.497934	-0.283752	 0.499033	 0.496477	 0.474737	 0.499411	 0.493477	-0.490936	-0.498123
 0.413488	 0.499526	 0.515898	-0.001969	-0.334782	 0.499033	 0.497328	 0.487260	 0.499411	 0.496396	 0.005295	-0.498125
 0.413488	 0.499526	 0.734450	-0.250917	-0.360298	 0.499033	 0.497754	 0.493521	 0.499411	 0.497856	 0.252408	-0.498126
-0.086512	 0.499526	 0.341820	-0.875391	 0.126945	 0.499033	 0.497967	-0.003348	 0.499411	 0.498586	 0.375964	-0.498126
-0.335339	 0.499526	 0.145505	-1.184628	 0.369338	 0.499033	 0.498073	-0.250782	 0.499411	 0.498951	 0.437742	-0.498126
 0.041415	 0.499526	 0.047347	-0.836259	 0.489311	 0.499033	 0.498126	 0.125500	 0.499411	-0.000867	 0.468631	 0.001874
 0.229793	 0.499526	-0.001731	-0.662074	 0.548078	 0.499033	 0.498153	 0.312638	 0.499411	-0.249774	 0.484075	 0.250870
 0.323982	 0.499526	-0.026271	-0.074982	 0.576249	-0.000967	 0.498166	 0.406207	-0.000589	 0.125772	 0.491798	-0.124632
 0.371076	 0.499526	-0.038540	 0.217540	 0.589125	-0.249965	 0.498173	 0.452992	-0.249588	 0.312543	 0.495659	-0.311383
 0.394623	 0.499526	-0.044675	 0.362781	 0.594359	-0.374464	 0.498176	 0.476384	-0.374087	 0.405928	 0.497589	-0.404758
-0.093603	 0.499526	-0.047743	-0.565615	 0.095777	 0.063286	 0.498178	 0.488080	 0.063663	 0.452621	-0.001445	-0.451446
-0.336553	 0.499526	-0.049276	-1.026825	-0.153514	 0.281159	 0.498179	 0.493928	 0.281536	 0.475967	-0.249962	-0.474790
 0.043131	 0.499526	 0.449957	-0.254454	 0.221840	-0.109904	 0.498179	 0.496852	 0.390472	 0.487640	 0.125780	 0.013538
 0.232973	 0.499526	 0.697675	 0.130696	 0.408323	-0.304434	 0.498179	 0.498314	 0.444940	 0.493477	 0.312648	 0.256699
-0.172105	 0.499526	 0.319643	-0.177761	 0.500375	 0.098301	-0.001821	 0.499045	 0.472174	 0.496395	 0.406082	-0.121721
-0.373491	 0.499526	 0.130628	-0.331989	 0.545216	 0.298667	-0.250817	 0.499411	 0.485791	 0.497854	 0.452799	-0.309931
 0.026967	 0.499526	 0.036120	 0.090897	 0.566457	 0.398849	-0.375315	 0.499593	 0.492599	 0.498584	 0.476157	-0.404036
 0.227195	 0.499526	-0.011134	 0.301312	 0.575901	 0.448941	-0.437564	 0.499685	 0.496004	 0.498948	 0.487837	-0.451088
 0.327310	 0.499526	-0.034761	 0.405496	 0.579453	 0.473987	-0.468689	 0.499731	 0.497706	 0.499131	 0.493676	-0.474614
 0.377367	 0.499526	-0.046575	 0.456569	 0.580063	 0.486509	 0.015749	 0.499753	 0.498557	-0.000778	 0.496596	 0.013623
 0.402395	 0.499526	-0.052482	 0.481090	 0.579207	 0.492771	 0.256968	 0.499765	 0.498982	-0.249731	 0.498056	 0.256737
 0.414910	 0.499526	-0.055435	 0.492339	 0.577622	 0.495901	 0.377577	 0.499771	 0.499195	-0.374207	 0.498786	-0.121705
 0.421167	 0.499526	-0.056912	 0.496957	 0.575677	 0.497467	 0.437881	 0.499773	 0.499302	-0.436446	 0.499151	-0.309926
 0.424295	 0.499526	-0.057650	 0.498262	 0.573557	 0.498250	 0.468034	 0.499775	 0.499355	 0.032435	 0.499333	-0.404037
 0.425860	 0.499526	-0.058019	 0.498915	 0.571355	 0.498641	 0.483110	 0.499776	 0.499381	 0.265873	 0.499425	-0.451092
 0.426642	 0.499526	-0.058204	-0.000758	 0.569115	 0.498837	 0.490648	 0.499776	-0.000605	 0.382592	 0.499470	-0.474620
 0.427033	 0.499526	-0.058296	-0.249594	 0.566861	 0.498934	 0.494417	 0.499776	-0.249597	 0.440951	 0.499493	-0.486383
 0.427228	 0.499526	-0.058342	-0.374012	 0.564605	 0.498983	 0.496302	 0.499776	-0.374094	 0.470131	 0.499504	-0.492265
 0.427326	 0.499526	 0.441635	 0.063779	 0.562353	 0.499008	-0.002756	 0.499776	 0.063658	 0.484721	 0.499510	 0.004794
 0.427375	 0.499526	 0.689740	 0.281671	 0.560106	 0.499020	-0.251281	 0.499776	 0.281532	 0.492016	 0.499513	 0.252320
 0.427399	 0.499526	 0.311917	-0.109383	 0.557867	-0.000974	 0.124456	 0.499776	 0.390468	 0.495663	 0.499514	 0.376082
 0.427412	 0.499526	 0.123005	-0.303909	 0.555636	-0.249969	 0.311324	 0.499776	 0.444936	 0.497487	 0.499515	 0.437964
 0.427418	 0.499526	 0.028550	-0.401172	 0.553414	 0.125534	 0.404758	 0.499776	 0.472171	 0.498399	-0.000485	 0.468905
 0.427421	 0.499526	-0.018678	-0.449803	 0.551201	 0.312283	 0.451475	 0.499776	 0.485788	 0.498855	-0.249483	 0.484375
 0.427422	 0.499526	-0.042292	-0.474119	 0.548996	 0.405657	 0.474834	 0.499776	 0.492596	-0.000917	-0.373983	-0.007890
 0.427423	 0.499526	-0.054099	-0.486277	 0.546800	 0.452345	 0.486513	 0.499776	 0.496000	-0.249802	-0.436233	-0.253022
 0.427423	 0.499526	-0.060003	-0.492356	 0.544613	 0.475688	 0.492353	 0.499776	 0.497703	-0.374244	-0.467357	-0.375588
 0.427424	 0.499526	-0.062954	 0.004605	 0.542434	 0.487360	 0.495273	 0.499776	 0.498554	 0.063535	-0.482920	-0.436871
 0.427424	 0.499526	-0.064430	 0.252082	 0.540265	 0.493196	 0.496733	 0.499776	 0.498979	 0.281421	-0.490701	-0.467513
 0.427424	 0.499526	-0.065168	 0.375820	 0.538104	 0.496114	 0.497463	 0.499776	 0.499192	 0.390365	 0.005408	-0.482833
 0.427424	 0.499526	-0.065537	 0.437690	 0.535951	 0.497573	 0.497828	 0.499776	 0.499298	 0.444837	 0.252460	-0.490494
 0.427424	 0.499526	-0.065722	 0.468624	 0.033807	 0.498302	 0.498010	 0.499776	 0.499352	 0.472072	-0.124014	-0.494324
 0.427424	 0.499526	-0.065814	 0.484092	-0.217265	 0.498667	 0.498101	 0.499776	 0.499378	 0.485690	-0.311250	-0.496239
 0.427424	 0.499526	-0.065860	 0.491825	 0.157200	-0.001150	 0.498147	 0.499776	 0.499391	 0.492499	 0.095132	-0.497197
 0.427424	 0.499526	-0.065883	 0.495692	 0.343368	-0.250057	 0.498170	 0.499776	 0.499398	 0.495904	 0.297320	-0.497675
 0.427424	 0.499526	-0.065895	 0.497626	-0.064606	 0.125489	 0.498181	 0.499776	 0.499401	 0.497606	 0.398414	-0.497915
 0.427424	 0.499526	-0.065900	 0.498592	-0.268594	 0.312260	 0.498187	 0.499776	 0.499403	 0.498457	 0.448961	-0.498034
 0.427424	 0.499526	-0.065903	 0.499076	-0.370588	 0.405646	 0.498190	 0.499776	 0.499404	 0.498883	 0.474234	-0.498094
 0.427424	 0.499526	-0.065905	 0.499317	-0.421584	 0.452339	-0.001809	 0.499776	 0.499404	 0.499095	 0.486871	-0.498124
 0.427424	 0.499526	-0.065905	 0.499438	-0.447083	 0.475685	-0.250805	 0.499776	 0.499405	 0.499202	 0.493189	-0.498139
 0.427424	 0.499526	 0.434094	 0.499499	-0.459832	 0.487358	 0.124698	 0.499776	-0.000595	 0.499255	 0.496348	-0.498147
 0.427424	 0.499526	 0.682226	 0.499529	-0.466207	 0.493195	 0.311448	 0.499776	-0.249594	 0.499282	 0.497928	-0.498150
 0.427424	 0.499526	 0.304431	-0.000456	 0.030606	 0.496113	 0.404824	-0.000224	 0.125906	 0.499295	 0.498718	-0.498152
 0.427424	 0.499526	 0.115533	-0.249448	 0.277958	 0.497572	 0.451511	-0.249223	 0.312654	 0.499302	 0.499113	-0.498153
 0.427424	 0.499526	 0.021085	 0.126057	-0.099417	 0.498302	 0.474855	 0.126277	 0.406028	 0.499305	 0.499310	-0.498154
 0.427424	 0.499526	-0.026140	 0.312806	-0.288105	 0.498667	 0.486527	 0.313023	 0.452715	 0.499307	 0.499409	-0.498154
 0.427424	 0.499526	-0.049752	 0.406180	-0.382448	 0.498849	 0.492363	 0.406397	 0.476058	 0.499307	 0.499458	-0.498154
 0.427424	 0.499526	-0.061558	 0.452867	-0.429620	-0.001060	 0.495281	 0.453083	 0.487730	 0.499308	 0.499483	-0.498154
 0.427424	 0.499526	-0.067461	 0.476211	-0.453206	-0.250012	 0.496740	 0.476427	 0.493566	 0.499308	 0.499495	-0.498154
 0.427424	 0.499526	 0.429588	-0.012117	 0.035001	 0.125512	 0.497469	 0.488098	 0.496484	 0.499308	 0.499501	 0.001846
 0.427424	 0.499526	 0.676259	-0.255280	 0.278058	 0.312272	 0.497834	 0.493934	 0.497943	 0.499308	 0.499504	 0.250842
 0.427424	 0.499526	 0.797748	 0.123138	 0.398544	 0.405651	-0.001983	 0.496852	 0.498672	 0.499308	 0.499506	-0.124660
 0.427424	 0.499526	 0.856654	 0.311344	 0.457749	 0.452341	-0.250889	 0.498311	 0.499037	 0.499308	 0.499507	-0.311410
 0.427424	 0.499526	 0.884277	-0.094553	-0.013682	 0.475686	-0.375341	 0.499041	 0.499219	 0.499308	 0.499507	-0.404785
 0.427424	 0.499526	 0.896264	-0.296501	-0.249398	 0.487359	-0.437568	 0.499405	 0.499310	 0.499308	 0.499507	-0.451473
 0.427424	 0.499526	 0.900441	-0.397474	-0.367256	 0.493195	-0.468681	 0.499588	 0.499356	 0.499308	 0.499507	-0.474817
 0.427424	 0.499526	 0.400720	 0.052039	-0.426184	 0.496113	 0.015763	 0.499679	 0.499379	 0.499308	 0.499507	-0.486489
 0.427424	 0.499526	 0.150860	 0.275792	-0.455649	 0.497572	 0.256984	 0.499724	 0.499390	 0.499308	 0.499508	-0.492325
-0.072576	 0.499526	 0.025930	 0.387669	 0.029619	 0.498302	 0.377595	 0.499747	 0.499396	 0.499308	 0.499508	-0.495243
-0.321431	 0.499526	-0.036535	 0.443607	 0.271223	 0.498667	 0.437900	 0.499759	 0.499399	 0.499308	 0.499508	-0.496702
-0.444718	 0.499526	-0.067768	-0.528423	 0.390999	 0.498849	 0.468053	 0.499764	-0.000600	 0.499308	-0.000492	-0.497431
-0.505225	 0.499526	-0.083384	-1.011438	 0.449866	 0.498940	 0.483129	 0.499767	-0.249598	 0.499308	-0.249491	-0.497796
-0.034348	 0.499526	-0.091192	-0.749956	-0.021718	 0.498986	 0.490667	-0.000231	 0.125903	 0.499308	 0.126009	 0.002022
 0.201091	 0.499526	-0.095096	-0.619216	-0.257510	 0.499009	 0.494436	-0.249230	 0.312651	 0.499308	 0.312756	 0.250927
 0.318811	 0.499526	-0.097048	-0.553845	-0.375406	 0.499020	 0.496321	-0.373730	 0.406024	 0.499308	 0.406130	 0.375379
 0.377671	 0.499526	-0.098024	-0.521160	-0.434354	 0.499026	 0.497263	-0.435979	-0.047289	-0.000692	-0.047183	-0.062394
 0.407100	 0.499526	-0.098512	-0.504817	-0.463828	 0.499029	 0.497734	-0.467104	-0.272944	-0.249690	-0.272839	-0.280281
 0.421815	 0.499526	-0.098756	-0.496646	 0.021435	 0.499030	 0.497970	 0.017333	 0.114228	 0.125810	 0.114333	-0.389224
 0.429173	 0.499526	-0.098879	-0.492560	 0.263053	 0.499031	 0.498088	 0.258549	 0.306812	 0.312558	 0.306916	-0.443696
 0.432852	 0.499526	 0.401060	 0.009482	 0.382853	 0.499031	-0.001854	 0.379156	 0.403103	 0.405932	 0.403208	-0.470932
 0.434691	 0.499526	 0.649228	 0.259481	 0.441747	 0.499031	-0.250821	 0.439460	 0.451249	 0.452619	 0.451354	-0.484550
 0.435611	 0.499526	 0.771517	-0.116539	 0.470193	 0.499031	 0.124696	-0.030388	 0.475322	 0.475962	 0.475427	-0.491359
 0.436070	 0.499526	 0.830874	-0.304549	 0.484416	 0.499031	 0.311454	-0.264312	 0.487359	 0.487634	 0.487463	-0.494763
 0.436300	 0.499526	 0.858772	-0.398554	 0.491528	 0.499031	 0.404833	-0.381273	 0.493377	 0.493470	 0.493481	-0.496465
-0.063585	 0.499526	 0.870947	-0.445556	 0.495083	 0.499031	-0.048478	 0.060246	 0.496386	 0.496388	-0.003510	-0.497316
-0.312400	 0.499526	 0.875269	-0.469057	 0.496861	 0.499031	-0.274130	 0.280002	 0.497891	 0.497847	-0.251004	-0.497742
 0.064314	 0.499526	 0.375671	 0.019192	-0.002250	 0.499031	 0.113045	 0.389880	 0.498643	 0.498576	 0.125249	 0.002045
 0.252672	 0.499526	 0.125871	 0.262302	-0.250803	 0.499031	 0.305631	 0.444819	 0.499019	 0.498941	 0.312372	 0.250935
 0.346850	 0.499526	 0.000972	 0.382846	-0.375079	 0.499031	 0.401925	 0.472288	 0.499207	 0.499123	 0.405934	-0.124620
 0.393940	 0.499526	-0.061478	 0.442111	-0.437217	 0.499031	 0.450071	 0.486023	 0.499301	 0.499215	 0.452715	-0.311397
 0.417484	 0.499526	-0.092703	 0.470741	 0.031714	 0.499031	 0.474145	 0.492890	 0.499348	 0.499260	-0.023895	 0.095214
 0.429257	 0.499526	-0.108315	 0.485056	 0.265178	 0.499031	 0.486181	 0.496324	 0.499372	 0.499283	-0.261199	 0.297517
 0.435143	 0.499526	-0.116122	 0.492213	 0.381910	 0.499031	 0.492200	 0.498041	 0.499383	 0.499294	-0.379851	 0.398668
 0.438086	 0.499526	-0.120025	 0.495792	-0.059724	 0.499031	 0.495209	 0.498899	 0.499389	 0.499300	 0.060823	-0.050757
 0.439557	 0.499526	-0.121976	 0.497581	-0.279538	 0.499031	 0.496713	 0.499329	 0.499392	 0.499303	 0.280157	-0.274469
 0.440293	 0.499526	-0.122952	 0.498476	 0.110555	 0.499031	 0.497466	 0.499543	 0.499394	 0.499304	 0.389824	-0.386325
 0.440661	 0.499526	-0.123440	 0.498923	 0.304600	 0.499031	 0.497842	 0.499650	 0.499394	 0.499305	 0.444658	-0.442253
-0.059155	 0.499526	 0.376316	 0.499147	-0.098378	 0.499031	 0.498030	-0.000296	 0.499395	 0.499305	 0.472075	-0.470217
-0.307945	 0.499526	 0.624442	 0.499259	-0.298864	 0.499031	 0.498124	-0.249269	 0.499395	 0.499306	 0.485783	-0.484199
 0.068773	 0.499526	 0.246760	 0.499315	 0.100893	-0.000969	 0.498171	 0.126245	 0.499395	 0.499306	-0.007363	-0.491190
 0.257133	 0.499526	 0.057919	 0.499343	 0.299770	-0.249967	 0.498194	 0.312998	 0.499395	 0.499306	-0.252935	-0.494685
 0.351312	 0.499526	-0.036502	 0.499357	 0.399209	-0.374466	 0.498206	 0.406375	 0.499395	 0.499306	-0.375721	-0.496433
 0.398402	 0.499526	-0.083712	 0.499364	 0.448928	 0.063285	 0.498212	 0.453063	 0.499395	 0.499306	-0.437114	-0.497307
 0.421947	 0.499526	-0.107317	 0.499367	 0.473788	 0.281158	 0.498215	 0.476408	 0.499395	 0.499306	-0.467810	-0.497744
-0.066281	 0.499526	 0.380880	 0.499369	 0.486218	 0.390095	 0.498216	 0.488080	 0.499395	 0.499306	 0.016842	-0.497962
-0.309285	 0.499526	 0.623241	 0.499370	 0.492433	 0.444563	 0.498217	 0.493916	 0.499395	 0.499306	 0.258165	-0.498071
 0.070317	 0.499526	 0.242690	 0.499370	 0.495540	-0.028203	 0.498218	 0.496834	 0.499395	 0.499306	 0.378826	 0.001874
 0.260118	 0.499526	 0.052414	 0.499371	 0.497094	-0.263584	 0.498218	 0.498293	 0.499395	 0.499306	 0.439157	 0.250843
 0.355018	 0.499526	-0.042723	 0.499371	-0.002129	 0.118725	 0.498218	 0.499022	 0.499395	 0.499306	 0.469322	-0.124672
 0.402469	 0.499526	-0.090292	 0.499371	-0.250738	 0.308878	 0.498218	 0.499387	 0.499395	 0.499306	 0.484405	-0.311430
 0.426194	 0.499526	 0.385923	-0.000629	 0.124957	 0.403955	 0.498218	 0.499569	 0.499395	 0.499306	 0.491946	-0.404809
 0.438056	 0.499526	 0.622307	-0.249628	 0.311804	 0.451493	 0.498218	 0.499660	 0.499395	 0.499306	 0.495717	-0.451498
 0.443988	 0.499526	 0.738781	-0.374127	 0.405227	 0.475262	 0.498218	 0.499706	 0.499395	 0.499306	 0.497602	-0.474843
 0.446953	 0.499526	 0.295308	 0.063623	 0.451939	 0.487146	 0.498218	 0.499729	 0.499395	 0.499306	 0.498545	-0.486515
 0.448436	 0.499526	 0.073571	 0.281495	 0.475295	 0.493089	 0.498218	 0.499740	 0.499395	 0.499306	 0.499016	-0.492351
 0.449178	 0.499526	-0.037297	-0.109568	-0.013027	 0.496060	 0.498218	 0.499746	 0.499395	 0.499306	 0.499252	-0.495269
 0.449548	 0.499526	-0.092731	-0.304099	-0.256186	 0.497545	 0.498218	 0.499749	 0.499395	 0.499306	 0.499370	-0.496728
 0.449734	 0.499526	-0.120448	 0.098636	-0.377765	 0.498288	 0.498218	 0.499750	 0.499395	 0.499306	-0.000571	-0.497458
 0.449826	 0.499526	-0.134307	 0.299000	-0.438555	 0.498659	 0.498218	 0.499751	 0.499395	 0.499306	-0.249541	-0.497822
 0.449873	 0.499526	-0.141236	 0.399183	-0.468949	 0.498845	 0.498218	 0.499751	 0.499395	 0.499306	 0.125974	-0.498005
 0.449896	 0.499526	-0.144701	 0.449274	-0.484147	 0.498938	 0.498218	 0.499751	 0.499395	 0.499306	 0.312729	-0.498096
 0.449907	 0.499526	-0.146433	 0.474319	-0.491745	 0.498984	 0.498218	 0.499752	 0.499395	 0.499306	 0.406106	-0.498142
-0.050087	 0.499526	-0.147299	 0.486842	 0.004455	 0.499008	 0.498218	 0.499752	 0.499395	 0.499306	 0.452795	 0.001836
-0.298984	 0.499526	-0.147732	 0.493104	 0.251554	 0.499019	 0.498218	 0.499752	 0.499395	 0.499306	 0.476139	 0.250821
 0.077664	 0.499526	-0.147949	 0.496234	-0.124896	 0.499025	 0.498218	 0.499752	 0.499395	 0.499306	 0.487811	 0.375313
 0.265987	 0.499526	-0.148057	 0.497800	-0.312119	 0.499028	 0.498218	 0.499752	 0.499395	 0.499306	 0.493648	 0.437559
 0.360149	 0.499526	-0.148111	 0.498582	-0.405730	-0.000971	 0.498218	 0.499752	 0.499395	 0.499306	-0.003434	-0.031318
 0.407230	 0.499526	-0.148138	 0.498974	-0.452536	-0.249968	 0.498218	 0.499752	 0.499395	 0.499306	-0.250974	-0.264756
 0.430770	 0.499526	 0.351848	 0.499169	 0.024061	 0.125533	 0.498218	 0.499752	 0.499395	 0.499306	 0.125256	-0.381475
 0.442541	 0.499526	 0.600138	 0.499267	 0.261359	 0.312282	 0.498218	 0.499752	 0.499395	 0.499306	 0.312368	-0.439834
 0.448426	 0.499526	 0.722586	 0.499316	 0.380007	 0.405656	 0.498218	 0.499752	 0.499395	 0.499306	 0.405924	-0.469014
 0.451368	 0.499526	 0.282120	 0.499340	-0.060668	 0.452343	 0.498218	 0.499752	-0.500605	 0.499306	 0.452702	 0.016396
 0.452840	 0.499526	 0.061886	 0.499353	-0.280004	 0.475687	 0.498218	 0.499752	-0.997604	 0.499306	 0.476091	 0.258098
 0.453575	 0.499526	 0.451770	 0.499359	 0.110329	-0.012641	-0.001782	 0.499752	-0.243114	 0.499306	 0.487785	-0.121052
 0.453943	 0.499526	 0.645028	 0.499362	 0.304494	-0.255803	-0.250779	 0.499752	 0.133108	 0.499306	 0.493632	-0.309626
 0.454127	 0.499526	 0.239981	 0.499363	 0.401576	 0.122616	-0.375277	 0.499752	 0.320201	 0.499306	-0.003444	-0.403913
 0.454219	 0.499526	 0.037457	 0.499364	 0.450117	 0.310823	-0.437526	 0.499752	 0.412732	 0.499306	-0.250981	-0.451057
 0.454265	 0.499526	-0.063804	 0.499365	 0.474388	 0.404927	 0.031350	 0.499752	 0.457988	 0.499306	 0.125250	-0.474628
 0.454288	 0.499526	-0.114435	 0.499365	 0.486523	 0.451978	 0.264787	 0.499752	 0.479609	 0.499306	 0.312363	-0.486414
 0.454299	 0.499526	-0.139751	 0.499365	 0.492591	 0.475504	 0.381506	 0.499752	 0.489417	 0.499306	 0.405920	-0.492307
 0.454305	 0.499526	 0.347591	 0.499365	-0.504375	-0.012733	 0.439865	 0.499752	 0.494321	-0.000694	 0.452698	 0.004746
 0.454308	 0.499526	 0.589593	 0.499365	-0.999856	-0.255849	 0.469044	 0.499752	 0.496773	-0.249693	 0.476087	 0.252270
-0.045691	 0.499526	 0.708930	 0.499365	-0.744605	-0.377408	 0.483634	 0.499752	 0.497999	 0.125808	-0.012219	-0.123969
-0.294598	 0.499526	 0.766942	 0.499365	-0.616980	-0.438187	 0.490929	 0.499752	 0.498612	 0.312556	-0.255370	-0.311088
 0.082035	 0.499526	 0.794298	 0.499365	-0.553167	 0.031424	 0.494577	 0.499752	 0.498918	 0.405929	 0.123054	 0.095353
 0.270351	 0.499526	 0.806333	 0.499365	-0.521261	 0.265227	 0.496400	 0.499752	 0.499072	 0.452616	 0.311263	 0.297570
 0.364509	 0.499526	 0.310714	 0.499365	-0.005308	 0.382128	 0.497312	 0.499752	 0.499148	-0.024040	 0.405368	 0.398678
 0.411589	 0.499526	 0.062904	 0.499365	 0.251648	 0.440579	 0.497768	 0.499752	 0.499187	-0.261367	 0.452420	 0.449232
 0.435128	 0.499526	-0.061001	 0.499365	 0.379108	 0.469805	 0.497996	 0.499752	 0.499206	-0.380030	 0.475946	 0.474509
 0.446898	 0.499526	-0.122953	 0.499365	-0.058175	 0.484417	 0.498110	 0.499752	 0.499215	 0.060638	-0.012291	-0.012852
 0.452783	 0.499526	-0.153929	 0.499365	-0.276816	 0.491724	 0.498167	 0.499752	 0.499220	 0.279969	-0.255408	-0.255533
 0.455725	 0.499526	-0.169417	 0.499365	 0.113863	 0.495377	 0.498196	 0.499752	 0.499223	 0.389635	 0.123033	 0.123127
 0.457196	 0.499526	-0.177161	 0.499365	 0.308193	 0.497203	 0.498210	 0.499752	 0.499224	 0.444468	 0.311251	 0.311454
 0.457932	 0.499526	-0.181033	 0.499365	 0.404354	-0.501883	 0.498217	-0.000248	 0.499224	 0.471884	 0.405359	 0.405617
 0.458300	 0.499526	-0.182969	 0.499365	 0.451433	-0.998425	 0.498221	-0.249248	 0.499225	 0.485593	 0.452414	 0.452698
 0.458484	 0.499526	-0.183937	 0.499365	-0.025028	-0.243705	 0.498222	 0.126252	 0.499225	 0.492447	 0.475941	-0.023761
 0.458576	 0.499526	-0.184421	 0.499365	-0.262255	 0.132632	 0.498223	 0.312999	 0.499225	 0.495874	 0.487705	-0.260990
 0.458622	 0.499526	-0.184663	 0.499365	-0.380869	 0.319783	 0.498224	 0.406372	 0.499225	 0.497587	 0.493586	-0.379604
 0.458645	 0.499526	-0.184784	 0.499365	 0.059825	 0.412345	-0.001776	 0.453059	 0.499225	 0.498444	 0.496527	 0.061088
 0.458656	 0.499526	-0.184845	 0.499365	 0.279170	 0.457616	-0.250772	 0.476402	 0.499225	 0.498872	 0.497998	 0.280431
-0.041338	 0.499526	-0.184875	 0.499365	 0.388843	 0.479245	-0.375271	 0.488074	 0.499225	 0.499087	 0.498733	-0.109898
-0.290253	 0.499526	-0.184890	 0.499365	 0.443679	 0.489058	-0.437520	 0.493910	 0.499225	 0.499194	 0.499101	-0.304061
 0.086369	 0.499526	-0.184898	-0.000635	 0.471097	 0.493965	-0.468644	 0.496828	 0.499225	-0.000753	 0.499284	 0.098857
 0.274679	 0.499526	-0.184902	-0.249634	 0.484807	 0.496418	-0.484206	 0.498287	 0.499225	-0.249725	 0.499376	 0.299312
 0.368834	 0.499526	 0.315096	 0.125867	 0.491661	 0.497645	-0.491988	 0.499016	 0.499225	 0.125790	 0.499422	 0.399540
 0.415912	 0.499526	 0.563465	 0.312614	 0.495088	 0.498258	-0.495878	 0.499381	 0.499225	 0.312544	 0.499445	 0.449654
 0.439451	 0.499526	 0.686026	 0.405988	 0.496802	 0.498565	-0.497823	 0.499563	 0.499225	 0.405921	 0.499457	 0.474711
 0.451220	 0.499526	 0.745689	 0.452675	-0.002341	 0.498718	 0.001204	 0.499654	 0.499225	 0.452610	 0.499463	-0.012761
 0.457105	 0.499526	 0.773910	 0.476019	-0.250910	 0.498795	 0.249717	 0.499700	 0.499225	 0.475954	 0.499465	-0.255496
-0.039953	 0.499526	 0.286416	-0.012310	-0.375194	 0.498833	 0.373974	 0.499723	-0.000775	 0.487626	 0.499467	 0.123136
-0.287408	 0.499526	 0.042669	-0.255473	-0.437336	 0.498852	 0.436102	 0.499734	-0.249773	 0.493462	 0.499468	 0.311449
 0.089935	 0.499526	 0.420796	 0.122946	 0.031593	 0.498862	 0.467166	 0.499740	 0.125727	 0.496380	-0.000532	-0.094395
 0.278606	 0.499526	 0.608261	 0.311153	 0.265056	 0.498867	 0.482698	 0.499743	 0.312475	 0.497839	-0.249531	-0.296316
 0.372942	 0.499526	 0.200403	 0.405256	-0.118212	 0.498869	 0.490464	 0.499744	 0.405849	 0.498569	 0.125970	-0.397277
 0.420109	 0.499526	-0.003527	 0.452307	-0.308843	 0.498870	 0.494347	 0.499745	 0.452536	 0.498934	 0.312717	-0.447757
 0.443693	 0.499526	-0.105491	 0.475833	-0.404159	 0.498871	 0.496289	 0.499745	 0.475880	 0.499116	 0.406091	-0.472997
-0.044515	 0.499526	-0.156474	 0.487596	 0.048183	 0.498871	 0.497260	 0.499745	 0.487551	 0.499207	-0.047222	 0.014383
-0.287553	 0.499526	-0.181965	 0.493478	 0.273353	 0.498871	 0.497745	 0.499746	 0.493387	 0.499253	-0.272878	 0.257069
 0.091988	 0.499526	-0.194710	 0.496418	-0.114062	 0.498871	 0.497988	 0.499746	 0.496305	 0.499276	 0.114294	 0.378412
 0.281759	 0.499526	-0.201083	 0.497889	-0.306766	 0.498871	 0.498109	 0.499746	 0.497764	 0.499287	 0.306878	 0.439084
 0.376645	 0.499526	-0.204270	 0.498624	 0.096882	 0.498871	 0.498170	 0.499746	 0.498494	 0.499293	 0.403169	-0.030580
 0.424088	 0.499526	-0.205863	 0.498991	 0.297704	 0.498871	 0.498200	 0.499746	 0.498858	 0.499296	 0.451315	-0.264412
 0.447809	 0.499526	-0.206659	 0.499175	 0.398116	 0.498871	-0.001785	 0.499746	 0.499041	 0.499297	 0.475388	-0.381328
 0.459670	 0.499526	-0.207058	 0.499267	 0.448321	 0.498871	-0.250774	 0.499746	 0.499132	 0.499298	 0.487424	-0.439786
 0.465600	 0.499526	-0.207257	 0.499313	 0.473424	 0.498871	-0.375268	 0.499746	 0.499178	 0.499298	 0.493443	-0.469015
 0.468565	 0.499526	-0.207356	 0.499336	 0.485976	 0.498871	 0.062485	 0.499746	 0.499200	 0.499298	 0.496452	 0.016371
 0.470048	 0.499526	-0.207406	 0.499348	 0.492251	 0.498871	 0.280361	 0.499746	 0.499212	 0.499298	 0.497956	 0.258060
 0.470789	 0.499526	 0.292569	 0.499353	 0.495389	 0.498871	 0.389299	-0.000254	 0.499217	 0.499298	-0.001291	-0.121095
 0.471160	 0.499526	 0.540971	 0.499356	 0.496958	 0.498871	 0.443767	-0.249254	 0.499220	 0.499298	-0.249914	-0.309672
 0.471345	 0.499526	 0.163594	-0.500642	 0.497743	 0.498871	 0.471002	 0.126246	 0.499222	 0.499298	 0.125774	 0.096039
 0.471438	 0.499526	-0.025095	-0.997640	 0.498135	 0.498871	 0.484619	 0.312993	 0.499222	 0.499298	 0.312616	 0.297891
 0.471484	 0.499526	-0.119439	-0.243150	-0.001669	 0.498871	 0.491428	 0.406366	 0.499223	 0.499298	 0.406036	-0.101183
 0.471507	 0.499526	-0.166611	 0.133072	-0.250568	 0.498871	 0.494832	 0.453053	 0.499223	 0.499298	 0.452747	-0.299719
 0.471519	 0.499526	-0.190198	 0.320165	-0.375017	 0.498871	 0.496534	 0.476396	 0.499223	 0.499298	 0.476102	-0.398987
 0.471525	 0.499526	-0.201991	 0.412697	 0.062758	-0.001129	 0.497385	 0.488068	-0.000777	 0.499298	 0.487780	 0.051378
 0.471527	 0.499526	-0.207887	 0.457952	 0.280644	-0.250126	 0.497811	 0.493904	-0.249775	 0.499298	 0.493618	 0.275558
 0.471529	 0.499526	 0.289165	 0.479574	-0.110412	 0.125375	 0.498024	 0.496822	 0.125725	 0.499298	 0.496538	 0.387648
 0.471530	 0.499526	 0.536118	 0.489382	-0.304938	 0.312124	 0.498130	 0.498281	 0.312473	 0.499298	 0.497997	 0.443693
 0.471530	 0.499526	 0.158029	-0.005714	 0.097799	-0.094502	 0.498183	 0.499010	-0.094153	 0.499298	 0.498727	 0.471715
 0.471530	 0.499526	-0.031016	-0.252260	 0.298167	-0.296812	 0.498210	 0.499375	-0.296464	 0.499298	 0.499092	 0.485726
 0.471530	 0.499526	-0.125538	 0.124466	 0.398351	 0.102032	 0.498223	 0.499557	 0.102380	 0.499298	 0.499275	-0.007268
 0.471530	 0.499526	-0.172800	 0.311828	 0.448443	 0.300453	 0.498230	 0.499648	 0.300800	 0.499298	 0.499366	-0.252765
 0.471530	 0.499526	 0.303570	 0.405508	 0.473489	 0.399663	 0.498233	 0.499694	 0.400010	 0.499298	 0.499412	-0.375513
 0.471530	 0.499526	 0.540195	 0.452348	 0.486012	 0.449268	 0.498235	 0.499717	 0.449615	 0.499298	 0.499434	-0.436887
 0.471530	 0.499526	 0.656953	 0.475768	 0.492273	 0.474071	 0.498236	 0.499728	 0.474417	 0.499298	 0.499446	-0.467574
 0.471530	 0.499526	 0.213785	-0.012522	 0.495404	-0.013528	 0.498236	 0.499734	 0.486818	 0.499298	 0.499451	 0.017082
 0.471530	 0.499526	-0.007799	-0.255665	 0.496969	-0.256325	 0.498236	 0.499737	 0.493019	 0.499298	 0.499454	 0.258407
 0.471530	 0.499526	-0.118591	 0.122763	-0.002248	 0.122277	 0.498236	 0.499738	 0.496119	 0.499298	 0.499456	 0.379069
 0.471530	 0.499526	-0.173987	 0.310975	-0.250854	 0.310576	 0.498236	 0.499739	 0.497669	 0.499298	 0.499456	 0.439400
-0.028470	 0.499526	-0.201685	 0.405081	 0.124843	 0.404725	 0.498236	 0.499739	 0.498444	 0.499298	 0.499457	 0.469566
-0.277413	 0.499526	-0.215534	 0.452134	 0.311691	 0.451800	 0.498236	 0.499740	 0.498832	 0.499298	 0.499457	 0.484649
 0.099169	 0.499526	-0.222458	-0.024339	 0.405115	 0.475337	 0.498236	 0.499740	 0.499026	 0.499298	-0.000543	-0.007810
 0.287459	 0.499526	-0.225920	-0.261575	 0.451826	 0.487106	 0.498236	 0.499740	 0.499123	 0.499298	-0.249542	-0.253039
 0.381604	 0.499526	-0.227652	-0.380192	 0.475182	 0.492990	 0.498236	 0.499740	 0.499171	 0.499298	-0.374041	-0.375653
-0.071323	 0.499526	-0.228517	 0.060499	 0.486860	 0.495932	 0.498236	 0.499740	 0.499195	 0.499298	-0.436291	 0.063040
-0.296738	 0.499526	-0.228950	 0.279842	 0.492699	 0.497403	 0.498236	 0.499740	 0.499207	 0.499298	-0.467416	 0.281383
-0.408401	 0.499526	-0.229166	 0.389514	-0.004381	 0.498139	 0.498236	 0.499740	 0.499214	 0.499298	 0.017022	-0.109446
-0.463193	 0.499526	-0.229275	 0.444350	-0.251918	 0.498507	 0.498236	 0.499740	 0.499217	 0.499298	 0.258238	-0.303860
-0.489553	 0.499526	-0.229329	-0.028232	-0.375687	 0.498691	 0.498236	-0.000260	-0.000782	 0.499298	 0.378846	 0.098934
-0.501701	 0.499526	-0.229356	-0.263522	-0.437571	 0.498783	 0.498236	-0.249260	-0.249780	 0.499298	 0.439149	 0.299327
-0.506747	 0.499526	-0.229369	 0.118833	 0.031486	 0.498829	 0.498236	 0.126240	 0.125722	 0.499298	 0.469301	 0.399523
-0.508247	 0.499526	-0.229376	 0.309009	 0.265014	 0.498851	 0.498236	 0.312987	 0.312470	 0.499298	 0.484377	 0.449622
-0.507977	 0.499526	-0.229379	 0.404096	 0.381778	 0.498863	 0.498236	 0.406360	 0.405844	 0.499298	 0.491915	 0.474671
-0.006827	 0.499526	-0.229381	 0.451640	 0.440160	 0.498869	 0.498236	 0.453047	 0.452531	 0.499298	 0.495684	 0.487195
 0.243748	 0.499526	-0.229382	 0.475412	 0.469351	 0.498872	 0.498236	 0.476390	 0.475874	 0.499298	 0.497569	 0.493458
 0.369036	 0.499526	-0.229382	 0.487298	 0.483947	 0.498873	 0.498236	 0.488062	 0.487546	 0.499298	 0.498511	-0.003411
 0.431680	 0.499526	-0.229383	 0.493241	 0.491244	 0.498874	 0.498236	 0.493898	 0.493382	 0.499298	 0.498982	-0.250845
-0.036998	 0.499526	-0.229383	-0.003787	 0.494893	 0.498874	 0.498236	 0.496816	 0.496300	 0.499298	-0.000782	 0.125438
-0.270326	 0.499526	-0.229383	-0.251300	 0.496718	 0.498874	 0.498236	 0.498275	 0.497759	 0.499298	-0.249663	 0.312576
 0.114017	 0.499526	-0.229383	 0.124944	 0.497630	 0.498874	 0.498236	 0.499004	 0.498488	 0.499298	 0.125896	-0.093855
 0.306189	 0.499526	-0.229383	 0.312063	 0.498086	 0.498874	 0.498236	 0.499369	 0.498853	 0.499298	 0.312673	-0.296070
 0.402275	 0.499526	-0.229383	 0.405623	 0.498314	 0.498874	 0.498236	 0.499551	 0.499035	 0.499298	 0.406061	-0.397177
 0.450318	 0.499526	-0.229383	 0.452403	 0.498428	 0.498874	 0.498236	 0.499643	 0.499127	 0.499298	 0.452756	-0.447731
 0.474339	 0.499526	-0.229383	 0.475793	 0.498485	 0.498874	 0.498236	 0.499688	 0.499172	 0.499298	 0.476103	-0.473008
 0.486350	 0.499526	-0.229383	 0.487488	 0.498513	 0.498874	 0.498236	-0.000289	 0.499195	 0.499298	-0.012224	 0.014354
 0.492355	 0.499526	-0.229383	 0.493335	 0.498528	 0.498874	 0.498236	-0.249277	 0.499206	 0.499298	-0.255386	 0.257031
 0.495358	 0.499526	-0.229383	 0.496259	 0.498535	 0.498874	-0.001764	 0.126229	 0.499212	 0.499298	 0.123033	-0.121630
 0.496860	 0.499526	-0.229383	 0.497721	 0.498538	 0.498874	-0.250760	 0.312978	 0.499215	 0.499298	 0.311240	-0.309960
 0.497610	 0.499526	 0.270617	 0.498452	 0.498540	-0.001126	 0.124742	 0.406353	 0.499216	 0.499298	 0.405343	-0.404125
 0.497986	 0.499526	 0.519076	 0.498817	 0.498541	-0.250123	 0.311492	 0.453041	 0.499217	 0.499298	 0.452395	-0.451208
 0.498173	 0.499526	 0.641770	 0.499000	 0.498542	-0.374622	 0.404867	 0.476384	 0.499217	 0.499298	 0.475920	-0.474749
 0.498267	 0.499526	 0.201589	 0.499091	 0.498542	 0.063128	 0.451555	 0.488056	 0.499218	 0.499298	 0.487683	-0.486520
 0.498314	 0.499526	-0.018502	 0.499137	 0.498542	 0.281002	 0.474899	 0.493892	 0.499218	 0.499298	 0.493565	-0.492405
 0.498337	 0.499526	-0.128548	 0.499160	 0.498542	 0.389939	 0.486571	 0.496810	 0.499218	 0.499298	 0.496505	-0.495348
 0.498349	 0.499526	-0.183570	 0.499171	 0.498542	 0.444407	 0.492407	 0.498269	 0.499218	 0.499298	 0.497976	-0.496819
 0.498355	 0.499526	-0.211082	 0.499177	 0.498542	 0.471641	 0.495325	 0.498998	 0.499218	 0.499298	 0.498711	-0.497555
 0.498358	 0.499526	-0.224838	 0.499180	 0.498542	 0.485258	 0.496784	 0.499363	 0.499218	 0.499298	 0.499079	-0.497923
 0.498359	 0.499526	-0.231715	 0.499181	 0.498542	 0.492067	 0.497513	 0.499546	 0.499218	-0.000702	 0.499262	 0.001893
 0.498360	 0.499526	-0.235154	 0.499182	 0.498542	 0.495471	 0.497878	 0.499637	 0.499218	-0.249700	 0.499354	 0.250798
 0.498360	 0.499526	-0.236874	 0.499182	 0.498542	 0.497173	 0.498060	 0.499682	 0.499218	-0.374199	 0.499400	 0.375250
 0.498361	 0.499526	-0.237733	-0.000818	 0.498542	 0.498024	 0.498151	 0.499705	 0.499218	 0.063551	 0.499423	 0.437476
 0.498361	 0.499526	-0.238163	-0.249816	 0.498542	 0.498450	 0.498197	 0.499716	 0.499218	 0.281423	 0.499435	 0.468590
 0.498361	 0.499526	-0.238378	 0.125685	 0.498542	 0.498663	 0.498220	 0.499722	 0.499218	 0.390360	 0.499440	 0.484146
 0.498361	 0.499526	-0.238486	 0.312433	 0.498542	 0.498769	 0.498231	 0.499725	 0.499218	 0.444828	 0.499443	 0.491924
-0.001639	 0.499526	-0.238539	-0.094193	 0.498542	 0.498822	 0.498237	 0.499726	 0.499218	 0.472062	 0.499445	 0.495814
-0.250636	 0.499526	-0.238566	-0.296504	 0.498542	 0.498849	 0.498240	 0.499727	 0.499218	 0.485679	 0.499445	 0.497758
 0.124866	 0.499526	-0.238580	 0.102340	-0.001458	 0.498862	 0.498241	 0.499728	 0.499218	 0.492488	 0.499446	 0.498730
 0.311616	 0.499526	-0.238586	 0.300760	-0.250455	 0.498869	 0.498242	 0.499728	 0.499218	 0.495892	 0.499446	 0.499217
 0.404991	 0.499526	-0.238590	 0.399970	-0.374954	 0.498872	 0.498242	 0.499728	 0.499218	 0.497594	 0.499446	 0.499460
 0.451678	 0.499526	-0.238592	 0.449575	 0.062797	 0.498874	-0.001758	-0.000272	 0.499218	 0.498445	 0.499446	-0.000419
 0.475022	 0.499526	-0.238592	 0.474377	 0.280671	 0.498875	-0.250754	-0.249272	 0.499218	 0.498871	 0.499446	-0.249358
 0.486694	 0.499526	-0.238593	 0.486778	 0.389609	-0.001125	-0.375252	 0.126229	 0.499218	 0.499083	 0.499446	-0.373827
 0.492530	 0.499526	-0.238593	 0.492979	 0.444077	-0.250122	-0.437501	 0.312975	 0.499218	 0.499190	 0.499446	-0.436061
-0.004552	 0.499526	-0.238593	 0.496079	 0.471311	-0.374621	 0.031374	 0.406349	 0.499218	 0.499243	 0.499446	-0.467179
-0.252090	 0.499526	-0.238593	 0.497629	 0.484929	-0.436871	 0.264811	 0.453035	 0.499218	 0.499269	 0.499446	-0.482737
 0.124141	 0.499526	-0.238593	 0.498405	 0.491737	 0.032005	 0.381530	 0.476379	 0.499218	 0.499283	 0.499446	 0.009483
 0.311256	 0.499526	-0.238593	 0.498792	 0.495141	 0.265441	 0.439889	 0.488050	 0.499218	 0.499289	 0.499446	 0.254590
 0.404814	 0.499526	-0.238593	 0.498986	 0.496843	 0.382158	 0.469069	 0.493886	 0.499218	 0.499293	 0.499446	 0.377144
 0.451592	 0.499526	-0.238593	 0.499083	 0.497695	 0.440517	 0.483659	 0.496804	 0.499218	 0.499294	 0.499446	-0.061580
 0.474982	 0.499526	-0.238593	 0.499131	 0.498120	 0.469697	 0.490954	 0.498263	 0.499218	 0.499295	 0.499446	-0.279941
-0.013324	 0.499526	-0.238593	-0.000845	 0.498333	 0.484287	 0.494601	 0.498993	 0.499218	 0.499296	 0.499446	-0.389121
-0.256473	 0.499526	-0.238593	-0.249831	 0.498439	 0.491582	 0.496425	 0.499357	 0.499218	 0.499296	 0.499446	-0.443712
-0.378048	 0.499526	-0.238593	 0.125676	 0.498492	 0.495229	 0.497337	 0.499540	 0.499218	 0.499296	 0.499446	 0.028993
-0.438835	 0.499526	-0.238593	 0.312427	 0.498519	 0.497053	 0.497793	 0.499631	 0.499218	 0.499296	 0.499446	 0.264342
 0.030771	 0.499526	-0.238593	-0.094197	-0.001468	 0.497965	 0.498021	 0.499676	 0.499218	 0.499296	 0.499446	-0.117983
 0.264574	 0.499526	-0.238593	-0.296508	-0.250458	 0.498421	 0.498135	 0.499699	 0.499218	 0.499296	 0.499446	-0.308145
 0.381475	 0.499526	-0.238593	-0.397663	-0.374953	 0.498648	 0.498192	 0.499711	 0.499218	 0.499296	 0.499446	-0.403226
 0.439925	 0.499526	 0.261407	-0.448241	 0.062799	 0.498762	 0.498220	 0.499716	 0.499218	-0.000704	 0.499446	-0.450767
 0.469151	 0.499526	 0.509884	-0.473530	 0.280674	 0.498819	 0.498234	 0.499719	 0.499218	-0.249703	 0.499446	-0.474537
-0.016237	 0.499526	 0.132606	 0.013826	 0.389612	 0.498848	 0.498241	 0.499721	 0.499218	 0.125798	-0.000554	 0.013578
-0.257927	 0.499526	-0.056033	 0.256501	 0.444080	 0.498862	 0.498245	 0.499721	 0.499218	 0.312546	-0.249553	 0.256632
 0.121228	 0.499526	 0.349647	 0.377839	 0.471315	 0.498869	 0.498247	 0.499722	 0.499218	 0.405920	 0.125948	-0.121841
 0.309804	 0.499526	 0.550977	 0.438508	 0.484932	 0.498873	 0.498248	 0.499722	 0.499218	 0.452607	 0.312695	-0.310077
 0.404093	 0.499526	 0.150137	 0.468842	 0.491741	 0.498875	 0.498248	 0.499722	 0.499218	 0.475950	 0.406069	 0.095805
 0.451237	 0.499526	-0.050283	 0.484009	 0.495145	 0.498876	 0.498248	 0.499722	 0.499218	 0.487622	 0.452756	 0.297743
 0.474809	 0.499526	-0.150493	 0.491593	 0.496847	 0.498876	 0.498248	 0.499722	 0.499218	 0.493458	 0.476099	 0.398712
 0.486595	 0.499526	 0.299402	 0.495385	 0.497698	-0.001124	 0.498249	 0.499722	 0.499218	 0.496376	 0.487771	 0.449196
 0.492488	 0.499526	 0.522851	 0.497281	 0.498124	-0.250121	 0.498249	 0.499722	 0.499218	 0.497835	 0.493607	 0.474438
 0.495434	 0.499526	 0.133083	 0.498229	-0.001664	 0.125380	 0.498249	 0.499722	 0.499218	 0.498564	 0.496525	 0.487059
 0.496908	 0.499526	-0.061801	 0.498703	-0.250554	 0.312129	 0.498249	 0.499722	 0.499218	 0.498929	 0.497984	 0.493370
 0.497644	 0.499526	-0.159243	 0.498940	-0.375000	-0.094497	 0.498249	 0.499722	 0.499218	 0.499111	 0.498713	 0.496525
 0.498013	 0.499526	-0.207964	 0.499058	-0.437222	-0.296808	 0.498249	 0.499722	 0.499218	 0.499202	 0.499078	 0.498103
 0.498197	 0.499526	-0.232325	 0.499117	 0.031666	 0.102037	 0.498249	 0.499722	 0.499218	 0.499248	-0.000740	-0.001108
 0.498289	 0.499526	-0.244505	 0.499147	 0.265110	 0.300458	 0.498249	 0.499722	 0.499218	 0.499271	-0.249647	-0.249713
 0.498335	 0.499526	-0.250595	 0.499162	 0.381831	 0.399668	 0.498249	 0.499722	 0.499218	 0.499282	-0.374101	-0.374016
 0.498358	 0.499526	-0.253640	 0.499169	 0.440192	 0.449273	 0.498249	 0.499722	 0.499218	 0.499288	 0.063672	-0.436167
 0.498369	 0.499526	-0.255163	 0.499173	 0.469372	 0.474076	 0.498249	 0.499722	 0.499218	 0.499291	 0.281555	-0.467243
 0.498375	 0.499526	-0.255924	-0.000825	-0.016037	 0.486477	 0.498249	 0.499722	 0.499218	 0.499292	 0.390497	-0.482780
 0.498378	 0.499526	-0.256305	-0.249823	-0.257739	 0.492678	 0.498249	 0.499722	 0.499218	 0.499293	 0.444968	-0.490549
 0.498380	 0.499526	-0.256495	-0.374321	 0.121410	 0.495778	 0.498249	 0.499722	 0.499218	 0.499293	 0.472204	 0.005566
 0.498380	 0.499526	-0.256590	-0.436571	 0.309983	 0.497328	 0.498249	 0.499722	 0.499218	 0.499293	 0.485821	 0.252621
-0.001619	 0.499526	-0.256638	 0.032305	 0.404270	-0.001897	 0.498249	-0.000278	 0.499218	 0.499294	 0.492630	 0.376148
-0.250616	 0.499526	-0.256661	 0.265740	 0.451413	-0.250507	 0.498249	-0.249277	 0.499218	 0.499294	 0.496035	 0.437911
-0.375114	 0.499526	-0.256673	 0.382458	 0.474985	-0.374812	 0.498249	-0.373777	 0.499218	 0.499294	 0.497737	 0.468793
-0.437363	 0.499526	-0.256679	 0.440816	 0.486771	 0.063035	 0.498249	 0.063973	 0.499218	 0.499294	 0.498588	-0.015766
-0.468488	 0.499526	-0.256682	 0.469996	 0.492663	 0.280957	 0.498249	 0.281845	 0.499218	 0.499294	 0.499014	-0.257045
 0.015950	 0.499526	-0.256684	 0.484586	 0.495610	 0.389918	 0.498249	 0.390780	 0.499218	 0.499294	 0.499226	 0.122316
 0.257168	 0.499526	-0.256684	 0.491880	 0.497083	 0.444399	 0.498249	 0.445248	 0.499218	 0.499294	 0.499333	 0.310993
 0.377777	 0.499526	-0.256685	 0.495528	 0.497820	 0.471639	 0.498249	 0.472482	 0.499218	 0.499294	 0.499386	-0.094669
 0.438081	 0.499526	-0.256685	 0.497352	 0.498188	 0.485259	 0.498249	 0.486099	 0.499218	 0.499294	 0.499412	-0.296499
-0.031766	 0.499526	-0.256685	-0.001737	 0.498372	 0.492069	 0.498249	 0.492908	-0.000782	 0.499294	 0.499426	 0.102586
-0.265687	 0.499526	-0.256685	-0.250279	 0.498464	 0.495474	 0.498249	 0.496312	-0.249781	 0.499294	 0.499432	 0.301125
-0.382647	 0.499526	-0.256685	-0.374550	 0.498510	 0.497177	 0.498249	 0.498014	-0.374280	 0.499294	 0.499436	 0.400395
 0.058873	 0.499526	-0.256685	 0.063314	 0.498533	 0.498028	 0.498249	 0.498865	-0.436529	 0.499294	 0.499437	 0.450029
 0.278632	 0.499526	-0.256685	 0.281244	 0.498545	 0.498454	 0.498249	 0.499291	-0.467654	 0.499294	 0.499438	 0.474847
-0.111489	 0.499526	 0.243315	-0.109791	-0.001449	 0.498667	 0.498249	 0.499504	 0.016783	 0.499294	-0.000561	-0.012744
-0.305546	 0.499526	 0.491828	-0.304307	-0.250444	 0.498773	 0.498249	 0.499610	 0.258000	 0.499294	-0.249560	-0.255539
 0.097426	 0.499526	 0.614604	 0.098435	 0.125059	 0.498826	 0.498249	 0.499663	 0.378608	 0.499294	 0.125941	-0.376937
 0.297911	 0.499526	 0.674517	 0.298804	 0.311810	 0.498853	 0.498249	 0.499690	 0.438912	 0.499294	 0.312688	-0.437636
 0.398153	 0.499526	 0.203005	 0.398988	 0.405185	 0.498866	 0.498249	 0.499703	 0.469064	-0.000706	 0.406062	 0.032015
 0.448274	 0.499526	-0.032751	 0.449080	 0.451872	 0.498873	 0.498249	 0.499710	 0.484140	-0.249705	 0.452749	 0.265837
 0.473335	 0.499526	-0.150629	 0.474126	 0.475216	-0.001124	 0.498249	 0.499713	 0.491678	 0.125796	 0.476092	-0.117252
 0.485865	 0.499526	-0.209568	 0.486649	 0.486888	-0.250120	 0.498249	 0.499715	 0.495447	 0.312544	 0.487764	-0.307796
 0.492130	 0.499526	-0.239038	 0.492911	 0.492724	-0.374618	 0.498249	 0.499715	 0.497332	 0.405917	 0.493600	-0.403068
 0.495263	 0.499526	 0.246228	-0.003958	 0.495642	 0.063133	 0.498249	 0.499716	 0.498274	 0.452604	-0.003482	-0.450704
 0.496829	 0.499526	 0.487397	-0.251391	 0.497101	 0.281007	 0.498249	 0.499716	 0.498745	 0.475948	-0.251022	-0.474522
 0.497612	 0.499526	 0.106525	 0.124892	 0.497830	 0.389943	 0.498249	 0.499716	 0.498980	 0.487620	 0.125208	-0.486431
 0.498004	 0.499526	-0.083911	 0.312032	 0.498195	 0.444412	 0.498249	 0.499716	 0.499098	 0.493455	 0.312320	-0.492385
 0.498200	 0.499526	-0.179129	 0.405601	 0.498378	 0.471646	-0.001751	 0.499716	 0.499157	 0.496373	 0.405876	 0.004637
 0.498298	 0.499526	-0.226738	 0.452386	 0.498469	 0.485263	-0.250748	 0.499716	 0.499187	 0.497832	 0.452654	 0.252146
 0.498347	 0.499526	 0.249457	-0.024221	 0.498514	 0.492072	 0.124754	 0.499716	 0.499201	 0.498562	 0.476043	 0.375900
 0.498371	 0.499526	 0.486104	-0.261523	 0.498537	 0.495476	 0.311504	 0.499716	 0.499209	 0.498927	 0.487738	 0.437777
 0.498383	 0.499526	 0.602981	-0.380175	 0.498549	 0.497178	 0.404879	 0.499716	 0.499212	 0.499109	 0.493585	 0.468715
 0.498390	 0.499526	 0.159981	 0.060500	 0.498554	 0.498029	 0.451567	 0.499716	 0.499214	 0.499200	 0.496508	 0.484184
 0.498393	 0.499526	-0.061520	 0.279835	 0.498557	 0.498455	 0.474911	 0.499716	 0.499215	 0.499246	 0.497970	 0.491919
 0.498394	 0.499526	-0.172270	 0.389502	 0.498558	-0.001332	 0.486583	-0.000284	 0.499216	 0.499269	 0.498701	-0.004214
 0.498395	 0.499526	-0.227645	 0.444336	 0.498559	-0.250224	 0.492419	-0.249283	 0.499216	 0.499280	 0.499067	-0.251279
-0.001605	 0.499526	-0.255333	 0.471753	 0.498560	 0.125330	 0.495337	-0.373783	 0.499216	 0.499286	 0.499249	-0.374812
-0.250601	 0.499526	-0.269177	 0.485461	 0.498560	 0.312106	 0.496796	-0.436033	 0.499216	 0.499288	 0.499341	-0.436579
 0.124900	 0.999526	-0.276098	 0.492315	 0.498560	 0.405494	 0.497525	 0.032842	 0.499216	 0.499290	 0.499386	 0.032538
 0.311650	 1.246527	-0.279559	 0.495743	 0.498560	 0.452187	 0.497890	 0.266276	 0.499216	 0.499291	 0.499409	 0.266093
 0.405025	 1.367041	-0.281290	 0.497456	 0.498560	 0.475534	 0.498072	 0.382993	 0.499216	 0.499291	 0.499421	 0.382871
-0.048287	 0.924322	 0.217845	 0.498313	 0.498560	 0.487208	 0.498163	 0.441352	 0.499216	 0.499291	 0.499426	 0.441260
-0.273940	 0.702963	 0.465978	 0.498741	 0.498560	 0.493044	 0.498209	 0.470531	 0.499216	 0.499291	 0.499429	 0.470454
 0.113233	 0.592283	 0.088617	 0.498955	 0.498560	-0.004037	-0.001768	 0.485121	 0.499216	 0.499291	 0.499431	 0.485051
 0.305819	 0.536944	-0.100064	 0.499063	 0.498560	-0.251576	-0.250753	 0.492416	 0.499216	 0.499291	 0.499431	 0.492350
 0.402112	 0.509274	-0.194404	 0.499116	 0.498560	 0.124655	 0.124754	 0.496063	 0.499216	 0.499291	 0.499432	 0.495999
 0.450259	 0.495439	-0.241575	 0.499143	 0.498560	 0.311769	 0.311507	 0.497887	 0.499216	 0.499291	 0.499432	 0.497824
 0.474332	 0.488521	-0.265160	 0.499156	 0.498560	 0.405325	 0.404884	 0.498799	 0.499216	 0.499291	-0.000568	 0.498736
 0.486369	 0.485063	-0.276952	 0.499163	 0.498560	 0.452104	 0.451572	 0.499255	 0.499216	 0.499291	-0.249567	 0.499192
 0.492387	 0.483333	-0.282848	 0.499166	 0.498560	 0.475493	 0.474916	 0.499483	 0.499216	 0.499291	-0.374066	 0.499420
 0.495396	 0.482468	-0.285797	 0.499168	-0.001440	 0.487188	 0.486588	 0.499597	 0.499216	 0.499291	 0.063684	 0.499534
 0.496901	 0.482036	-0.287271	 0.499169	-0.250437	 0.493035	 0.492424	 0.499654	 0.499216	 0.499291	 0.281556	 0.499591
-0.002347	 0.481820	 0.211992	 0.499169	 0.125064	 0.495958	 0.495342	 0.499682	 0.499216	 0.499291	 0.390492	-0.000380
-0.250968	 0.481712	 0.460201	 0.499169	 0.311814	 0.497420	 0.496801	 0.499696	 0.499216	 0.499291	 0.444961	-0.249365
 0.124722	 0.481658	 0.082889	 0.499170	 0.405189	 0.498151	 0.497531	 0.499703	 0.499216	 0.499291	 0.472195	 0.126142
 0.311566	 0.481631	-0.105767	 0.499170	 0.451876	 0.498517	 0.497896	 0.499707	 0.499216	 0.499291	 0.485812	 0.312893
 0.404988	 0.481617	-0.200095	 0.499170	 0.475220	 0.498699	 0.498078	 0.499709	 0.499216	 0.499291	-0.007380	 0.406268
 0.451699	 0.481611	-0.247259	 0.499170	 0.486892	 0.498791	 0.498169	 0.499710	 0.499216	 0.499291	-0.252975	 0.452956
