-0.294921	 0.499563	 0.498955	 0.440884	 0.280448	 0.469876	 0.165610	 0.481262	 0.061492	 0.141513	-0.489325	 0.486911
-0.184600	 0.499569	 0.498955	 0.318622	-0.110609	-0.015534	 0.552234	 0.481262	 0.448430	 0.141513	-0.609174	 0.486911
-0.129440	 0.499572	 0.498955	 0.257492	-0.305134	-0.257237	 0.743668	 0.481262	 0.640228	 0.141513	-0.667640	 0.486911
-0.101859	-0.000427	 0.498955	 0.226926	 0.097604	 0.121911	 0.837515	 0.481262	 0.734463	 0.141513	-0.195421	 0.486911
-0.088069	-0.249425	 0.498955	 0.211644	 0.297972	 0.310483	 0.882576	 0.481262	 0.779923	 0.141513	 0.040689	 0.486911
-0.081174	 0.126076	 0.498955	 0.204002	 0.398156	 0.404769	 0.903251	 0.481262	 0.801002	 0.141513	 0.158743	 0.486911
-0.077727	 0.312823	 0.498955	 0.200182	 0.448248	 0.451912	 0.911741	 0.481262	 0.809898	 0.141513	 0.217771	 0.486911
-0.076003	 0.406197	 0.498955	 0.198271	 0.473294	 0.475484	 0.914145	 0.481262	 0.812708	 0.141513	 0.247285	 0.486911
-0.575141	-0.047117	 0.498955	 0.197316	 0.485817	 0.487269	 0.913514	 0.481262	 0.312482	 0.141513	-0.237959	 0.486911
-0.822561	-0.272772	 0.498955	 0.196839	 0.492078	 0.493162	 0.911373	 0.481262	 0.062369	 0.141513	-0.479134	 0.486911
-0.444132	 0.114400	 0.998955	 0.196600	 0.495209	 0.496109	 0.408484	 0.481262	 0.437313	 0.141513	-0.098281	 0.486911
-0.254917	 0.306983	 1.245957	 0.196480	 0.496774	 0.497582	 0.157039	 0.481262	 0.623160	 0.141513	 0.092146	 0.486911
-0.160309	-0.096726	 0.866472	 0.196421	 0.497557	 0.498319	 0.531317	 0.481262	 0.714465	 0.141513	-0.312641	 0.486911
-0.113006	-0.297579	 0.676730	 0.196391	 0.497948	 0.498687	 0.716645	 0.481262	 0.758507	 0.141513	-0.513599	 0.486911
-0.089354	 0.101994	 0.581858	 0.696376	 0.498144	 0.498871	 0.807505	 0.481262	 0.778922	 0.141513	-0.612650	 0.486911
-0.077528	 0.300778	 0.534423	 0.943976	 0.498242	 0.498963	 0.851138	 0.481262	 0.787531	 0.141513	-0.660751	 0.486911
-0.071615	 0.400169	 0.510705	 1.065393	 0.498291	 0.499009	 0.871165	 0.481262	 0.790244	 0.141513	-0.683384	 0.486911
-0.068659	 0.449865	 0.498846	 0.623727	 0.498315	 0.499032	 0.379396	 0.481262	 0.790014	 0.141513	-0.193289	 0.486911
-0.067180	 0.474713	 0.492917	 0.402895	 0.498327	 0.499044	 0.133512	 0.481262	 0.788319	 0.141513	 0.051759	 0.486911
-0.066441	 0.487137	 0.489952	 0.292478	 0.498334	 0.499049	 0.010569	 0.481262	 0.785899	 0.141513	 0.174283	 0.486911
-0.066072	 0.493349	 0.488470	 0.237270	 0.498337	 0.499052	-0.050902	 0.481262	 0.783122	 0.141513	 0.235545	 0.486911
-0.065887	 0.496455	 0.487728	 0.209666	 0.498338	 0.499054	 0.418363	 0.481262	 0.780172	 0.641513	 0.266176	 0.486911
-0.065794	 0.498008	 0.487358	 0.195864	 0.498339	 0.499054	 0.651220	 0.481262	 0.777143	 0.889230	 0.281491	 0.486911
-0.065748	 0.498785	 0.487173	 0.188963	 0.498339	 0.499055	 0.265880	 0.481262	 0.774080	 0.510815	 0.289149	 0.486911
-0.065725	 0.499173	 0.487080	 0.185513	 0.498340	 0.499055	 0.073210	 0.481262	 0.771007	 0.321607	 0.292978	 0.486911
-0.065714	 0.499367	 0.487034	 0.183787	 0.498340	 0.499055	-0.023125	 0.481262	 0.767934	 0.227003	 0.294892	 0.486911
-0.065708	 0.499464	 0.487010	 0.182925	 0.498340	 0.499055	-0.071292	 0.481262	 0.764868	 0.179701	 0.295849	 0.486911
-0.065705	 0.499513	 0.486999	 0.182493	 0.498340	 0.499055	-0.095376	 0.481262	 0.761812	 0.156050	 0.296328	 0.486911
-0.065703	 0.499537	 0.486993	-0.317722	 0.498340	 0.499055	-0.107418	 0.481262	 0.758766	 0.644225	 0.296567	 0.486911
-0.065703	 0.499549	 0.486990	-0.566194	 0.498340	 0.499055	-0.113439	 0.481262	 0.755732	 0.886047	 0.296687	 0.486911
-0.065702	 0.499555	 0.486989	 0.311199	 0.498340	-0.000945	 0.383551	 0.481262	 0.252709	 0.504703	 0.296747	 0.486911
-0.065702	 0.499558	 0.486988	 0.747519	 0.498340	-0.249943	 0.630284	 0.481262	 0.001198	 0.314030	 0.296777	 0.486911
-0.065702	 0.499560	 0.486988	 0.463311	 0.498340	 0.125558	 0.251897	 0.481262	-0.124558	 0.218694	-0.203208	 0.486911
-0.065702	 0.499560	 0.486987	 0.321207	 0.498340	 0.312306	 0.062704	 0.481262	-0.187436	 0.171026	-0.451795	 0.486911
-0.065702	 0.499561	 0.486987	 0.250155	 0.498340	 0.405680	-0.031893	 0.481262	 0.281125	 0.147192	-0.074687	 0.486911
-0.065702	 0.499561	 0.486987	 0.214629	 0.498340	 0.452368	-0.079191	 0.481262	 0.513907	 0.135275	 0.113867	 0.486911
-0.065702	 0.499561	 0.486987	 0.196866	 0.498340	 0.475711	-0.102841	 0.481262	 0.628804	 0.129317	 0.208144	 0.486911
-0.065702	 0.499561	 0.486987	 0.187984	 0.498340	-0.012617	 0.385335	 0.481262	 0.684765	 0.626337	 0.255282	 0.486911
-0.065702	 0.499561	 0.486987	 0.183544	 0.498340	-0.255779	 0.627675	 0.481262	 0.711264	 0.872601	 0.278852	 0.486911
-0.065702	 0.499561	 0.486987	 0.181323	 0.498340	 0.122640	 0.247106	 0.481262	 0.223038	 0.493495	 0.290636	 0.486911
-0.065702	 0.499561	 0.486987	 0.180213	 0.498340	 0.310847	 0.056821	 0.481262	-0.021075	 0.303942	 0.296528	 0.486911
-0.565702	 0.499561	 0.486987	 0.179658	 0.498340	 0.404951	 0.461678	 0.481262	 0.356869	 0.209166	-0.200525	 0.486911
-0.813571	 0.499561	 0.486987	 0.179380	 0.498340	 0.452002	 0.662374	 0.481262	 0.544371	 0.161777	-0.447657	 0.486911
-0.435382	-0.000439	 0.486987	 0.179242	 0.498340	 0.475528	 0.760996	 0.981262	 0.636658	 0.138083	-0.569833	-0.013089
-0.246288	-0.249438	 0.486987	 0.179172	 0.498340	 0.487291	 0.808587	 1.228299	 0.681344	 0.126236	-0.629538	-0.262063
-0.151741	-0.373937	 0.486987	 0.179137	 0.498340	 0.493173	 0.830671	 1.348867	 0.702235	 0.120313	-0.658011	-0.385527
-0.104467	-0.436187	 0.486987	 0.179120	 0.498340	 0.496113	 0.840007	 0.906212	 0.711234	 0.117351	-0.670875	 0.053758
-0.080830	-0.467312	 0.486987	 0.179111	 0.498340	 0.497584	 0.842977	 0.684885	 0.714293	 0.115870	-0.675939	 0.273401
-0.069012	 0.017125	 0.486987	 0.179107	 0.498340	 0.498319	 0.842769	 0.574221	 0.214388	 0.115130	-0.677110	 0.383222
-0.063103	 0.258341	 0.486987	 0.179105	 0.498340	 0.498687	 0.840981	 0.518889	-0.035565	 0.114759	-0.676338	 0.438133
-0.060148	 0.378949	 0.486987	 0.179104	 0.498340	-0.001130	 0.338408	 0.491223	-0.160541	 0.114574	-0.674601	 0.465588
-0.058671	 0.439253	 0.486987	 0.179103	 0.498340	-0.250036	 0.087122	 0.477390	-0.223029	 0.114482	-0.672387	 0.479316
-0.057932	 0.469405	 0.486987	 0.179103	 0.498340	-0.374489	 0.461478	 0.970474	 0.245727	 0.114436	-0.669940	 0.486180
-0.057563	 0.484481	 0.486987	 0.179103	 0.498340	-0.436715	 0.646985	 1.214089	 0.478676	 0.114412	-0.667381	 0.489612
-0.057378	 0.492019	 0.486987	 0.179103	 0.498340	-0.467829	 0.738074	 1.332981	 0.593727	 0.114401	-0.664772	 0.491328
-0.557286	 0.495788	 0.486987	 0.179103	 0.498340	-0.483385	 0.781959	 0.889523	 0.649835	 0.114395	-0.662143	 0.492186
-0.805125	 0.497672	 0.486987	 0.179103	 0.498340	-0.491164	 0.802251	 0.667794	 0.676477	 0.114392	-0.659510	 0.492615
-0.426939	 0.498614	 0.486987	 0.679103	-0.001660	 0.004947	 0.810751	 0.556929	 0.188392	 0.114391	-0.656879	 0.492829
-0.237846	 0.499086	 0.486987	 0.926745	-0.250657	 0.252000	 0.813363	 0.501497	-0.055650	 0.114390	-0.654256	 0.492936
-0.143299	 0.499321	 0.486987	 0.548217	 0.124845	 0.375527	 0.313037	 0.473781	 0.322328	 0.114390	-0.651640	 0.492990
-0.096026	 0.499439	 0.486987	 0.358953	 0.311595	 0.437290	 0.062874	 0.459923	 0.509917	 0.114389	-0.649035	 0.493017
-0.572389	 0.499498	 0.486987	-0.235679	 0.404970	 0.468172	 0.437792	 0.452994	 0.602316	 0.114389	-0.646439	 0.493030
-0.808474	 0.499527	 0.486987	-0.531335	 0.451657	 0.483613	 0.623626	 0.449530	 0.647127	 0.114389	-0.643854	 0.493037
-0.924427	 0.499542	 0.486987	-0.677508	 0.475001	 0.491333	 0.714924	 0.447797	 0.668148	 0.114389	-0.641278	 0.493040
-0.480322	 0.499549	 0.486987	-0.248948	 0.486673	-0.004806	 0.258961	 0.446931	 0.177280	 0.614389	-0.638713	 0.493042
-0.258270	 0.499553	 0.486987	-0.034667	 0.492509	-0.251874	 0.030979	 0.446498	-0.068154	 0.862160	-0.636158	 0.493043
-0.647244	 0.499555	 0.486987	 0.072473	 0.495427	 0.124592	 0.416988	 0.446282	-0.190871	 0.483826	-0.633614	 0.493043
-0.839659	 0.499556	 0.486987	 0.126043	 0.496886	 0.311822	 0.608387	 0.446173	-0.252229	 0.294659	-0.631079	 0.493043
-0.433802	 0.499556	 0.486987	 0.152828	 0.497615	-0.094562	 0.702486	 0.446119	-0.282908	 0.200076	-0.128555	 0.493044
-0.230873	 0.499556	 0.486987	 0.166220	 0.497980	-0.296753	 0.747943	 0.446092	-0.298248	 0.152784	 0.122707	 0.493044
-0.129409	 0.499557	 0.486987	 0.172917	 0.498163	 0.102152	 0.769085	 0.446079	-0.305918	 0.629138	-0.251662	 0.493044
-0.078677	 0.499557	 0.486987	 0.176265	 0.498254	 0.300603	 0.778075	 0.446072	-0.309753	 0.865104	-0.437594	 0.493044
-0.053311	 0.499557	 0.486987	 0.177939	 0.498299	 0.399828	 0.780996	 0.446068	-0.311670	 0.980885	-0.529313	 0.493044
-0.540628	 0.499557	 0.486987	 0.178776	 0.498322	 0.449440	 0.780889	 0.446067	 0.187371	 0.536582	-0.573931	 0.493044
-0.782231	 0.499557	 0.486987	 0.179194	 0.498334	 0.474247	 0.779273	 0.446066	 0.435519	 0.314430	-0.595003	 0.493044
-0.400984	-0.000443	 0.486987	 0.679404	 0.498339	 0.486650	 0.776910	 0.446065	 0.058226	 0.203355	-0.604306	 0.493044
-0.210361	-0.249442	 0.486987	 0.927149	 0.498342	 0.492851	 0.774180	 0.446065	-0.130421	 0.147817	-0.607731	 0.493044
-0.115049	 0.126058	 0.486987	 0.548672	 0.498344	 0.495952	 0.771272	 0.446065	 0.275256	 0.120048	-0.608221	 0.493044
-0.067394	 0.312805	 0.486987	 0.359433	 0.498344	 0.497502	 0.768281	 0.446065	 0.476732	 0.106164	-0.607248	 0.493044
-0.043566	-0.093821	 0.486987	 0.264814	 0.498345	-0.001722	 0.765255	 0.446065	 0.076114	 0.099221	-0.605550	 0.493044
-0.031652	-0.296134	 0.486987	 0.217504	 0.498345	-0.250333	 0.762217	 0.446065	-0.124195	 0.095750	-0.603493	 0.493044
-0.025695	-0.397290	 0.486987	 0.193850	 0.498345	-0.374638	 0.759180	 0.446065	-0.224350	 0.094015	-0.601261	 0.493044
-0.522716	 0.052132	 0.486987	 0.182022	-0.001655	 0.063209	 0.256150	 0.446065	 0.225573	 0.093147	-0.598947	 0.493044
-0.769188	 0.275840	 0.486987	 0.176108	-0.250652	 0.281131	 0.004634	 0.446065	 0.449183	 0.092713	-0.596597	 0.493044
-0.390392	 0.387694	 0.486987	 0.173152	 0.124850	 0.390092	-0.121124	 0.446065	 0.559643	 0.092496	-0.094234	 0.493044
-0.200994	 0.443621	 0.486987	 0.171673	 0.311600	 0.444572	-0.184002	 0.446065	 0.613532	 0.092388	 0.156948	 0.493044
-0.606295	 0.471584	 0.486987	 0.170934	 0.404975	-0.028188	 0.284558	 0.446065	 0.139142	 0.592333	 0.282539	 0.493044
-0.806922	 0.485566	 0.486987	 0.170564	 0.451663	-0.263566	 0.517332	 0.446065	-0.098053	 0.840122	 0.345334	 0.493044
-0.405221	 0.492557	 0.486987	-0.329620	-0.024994	-0.381255	 0.632219	 0.446065	 0.283350	 0.461840	 0.376732	 0.493044
-0.204370	 0.496052	 0.486987	-0.578053	-0.262318	-0.440099	 0.688168	 0.446065	 0.472722	 0.272699	 0.392431	 0.493044
-0.103945	 0.497800	 0.486987	-0.700617	-0.380981	-0.469522	 0.714655	 0.446065	 0.566083	 0.178129	 0.400280	 0.493044
-0.053732	 0.498674	 0.486987	-0.260252	 0.059688	 0.015767	 0.726415	 0.446065	 0.111445	 0.630844	-0.095795	 0.493044
-0.028626	 0.499111	 0.486987	-0.040070	 0.279022	 0.257410	 0.730820	 0.446065	-0.115874	 0.855034	-0.342649	 0.493044
-0.016073	 0.499329	 0.486987	 0.070021	 0.388689	 0.378231	 0.231551	 0.446065	 0.270467	 0.964970	-0.464897	 0.493044
-0.009796	 0.499439	 0.486987	 0.125067	 0.443522	 0.438641	-0.018083	 0.446065	 0.462323	 1.017789	-0.524846	 0.493044
-0.006658	 0.499493	 0.486987	 0.152590	 0.470939	 0.468847	 0.357100	 0.446065	 0.556943	 0.542057	-0.553652	 0.493044
-0.004304	 0.499534	 0.486987	 0.173232	 0.491501	 0.491501	 0.134832	 0.446065	 0.624656	 0.185258	-0.072348	 0.493044
-0.003912	 0.499541	 0.486987	 0.176672	 0.494928	 0.495276	-0.069366	 0.446065	 0.634216	 0.125792	 0.174923	 0.493044
-0.003716	 0.499544	 0.486987	 0.178392	 0.496642	 0.497164	-0.171465	 0.446065	 0.637708	 0.096058	 0.298558	 0.493044
-0.003618	 0.499546	 0.486987	 0.179253	 0.497499	 0.498108	 0.277486	 0.446065	 0.138172	 0.581192	-0.139624	 0.493044
-0.003569	 0.499547	 0.486987	 0.179683	 0.497927	 0.498580	 0.500508	 0.446065	-0.111596	 0.821626	-0.357560	 0.493044
-0.003544	 0.499547	 0.486987	 0.179898	 0.498141	-0.001184	 0.610572	 0.446065	-0.236480	 0.439719	 0.034623	 0.493044
-0.003532	 0.499548	 0.486987	 0.180005	 0.498248	-0.250064	 0.664163	 0.446065	-0.298922	 0.248765	 0.230715	 0.493044
-0.003526	 0.499548	 0.486987	 0.180059	 0.498302	 0.125496	 0.689523	 0.446065	-0.330143	 0.153288	 0.328761	 0.493044
-0.003523	 0.499548	 0.486987	 0.180086	 0.498329	 0.312274	 0.700773	 0.446065	-0.345754	 0.105550	 0.377784	 0.493044
-0.003521	 0.499548	 0.486987	 0.180099	 0.498342	-0.094337	 0.704974	 0.446065	-0.353559	 0.581681	 0.402295	 0.993044
-0.003520	 0.499548	 0.486987	 0.180106	 0.498349	-0.296641	 0.705656	 0.446065	-0.357462	 0.817631	 0.414551	 1.240058
-0.003520	 0.499548	 0.486987	 0.180109	 0.498352	-0.397793	 0.704585	 0.446065	-0.359413	 0.933498	 0.420679	 1.360590
-0.003520	 0.499548	 0.486987	 0.680111	 0.498354	 0.051631	 0.202642	 0.446065	 0.139611	 0.989333	 0.423743	 0.917895
-0.003520	 0.499548	 0.486987	 0.927752	 0.498355	 0.275341	-0.048330	 0.446065	 0.387846	 1.015161	 0.425275	 0.696547
-0.003520	 0.499548	 0.486987	 0.049221	 0.498355	 0.387196	-0.173815	 0.946065	 0.510692	 1.025992	 0.426041	 0.585873
-0.003520	 0.499548	 0.486987	-0.388386	 0.498355	 0.443124	-0.236558	 1.193173	 0.570847	 1.029334	 0.426424	 0.530536
-0.003520	 0.499548	 0.486987	 0.394463	 0.498355	 0.471087	 0.232071	 0.813846	 0.599663	 0.528940	-0.073385	 0.502867
-0.003520	 0.499548	 0.486987	 0.783533	 0.498355	 0.485069	 0.464983	 0.624183	 0.612814	 0.278743	-0.322143	 0.489033
-0.003520	 0.499548	 0.486987	 0.475722	 0.498355	 0.492060	 0.580044	 0.529351	 0.118137	 0.653644	 0.054620	 0.482116
-0.003520	 0.499548	 0.486987	 0.321817	 0.498355	 0.495556	 0.636184	 0.481935	-0.129201	 0.839038	 0.243002	 0.478657
-0.003520	 0.499548	 0.486987	 0.244865	 0.498355	 0.497303	 0.662870	 0.458228	-0.252870	 0.929686	 0.337192	 0.476928
-0.003520	 0.499548	 0.486987	 0.206388	 0.498355	 0.498177	 0.174833	 0.446374	 0.185296	 0.472969	-0.115712	 0.476063
-0.003520	 0.499548	 0.486987	 0.187150	 0.498355	 0.498614	-0.069185	 0.440447	 0.403131	 0.244611	-0.341027	 0.475631
-0.003520	 0.499548	 0.486987	 0.177531	 0.498355	 0.498833	-0.191194	 0.437483	 0.010807	 0.130432	 0.047448	 0.475415
-0.003520	 0.499548	 0.486987	 0.172722	 0.498355	 0.498942	-0.252199	 0.436001	-0.185355	 0.073342	 0.241685	 0.475307
-0.003520	 0.499548	 0.486987	 0.170317	 0.498355	 0.498997	 0.217299	 0.435260	-0.283436	 0.544797	 0.338804	 0.475253
-0.003520	 0.499548	 0.486987	 0.169115	 0.498355	 0.499024	 0.450674	 0.434890	-0.332476	 0.778493	 0.387364	 0.475226
-0.003520	 0.499548	 0.486987	 0.168513	 0.498355	-0.000963	 0.565994	 0.434705	 0.143004	 0.393316	-0.088357	 0.475212
-0.003520	 0.499548	 0.486987	 0.168213	 0.498355	-0.249954	 0.622291	 0.434612	 0.379506	 0.200727	-0.325089	 0.475205
-0.003520	-0.000452	 0.486987	 0.168062	 0.498355	-0.374449	 0.149082	 0.434566	-0.003474	 0.104433	 0.057669	 0.475202
-0.003520	-0.249451	 0.486987	 0.167987	 0.498355	-0.436697	-0.087522	 0.434543	-0.194964	 0.056286	 0.249048	 0.475200
-0.003520	-0.373951	 0.486987	 0.167950	 0.498355	-0.467821	-0.205824	 0.434531	-0.290710	 0.032212	 0.344737	 0.475200
-0.003520	 0.063799	 0.486987	 0.167931	 0.498355	 0.016617	-0.264975	 0.434525	 0.161418	 0.520176	 0.392582	 0.475199
-0.003520	 0.281671	 0.486987	 0.167922	 0.498355	 0.257834	-0.294551	 0.434522	 0.386254	 0.762141	 0.416504	 0.475199
-0.003520	 0.390607	 0.486987	 0.167917	 0.498355	 0.378442	-0.309338	 0.934521	 0.497451	 0.881115	 0.428465	 0.475199
-0.003520	 0.445075	 0.486987	 0.167914	 0.498355	 0.438746	-0.316732	 1.181651	 0.551831	 0.938603	 0.434446	 0.475199
-0.503520	 0.472309	 0.486987	 0.167913	 0.498355	-0.031101	 0.179571	 1.302359	 0.077809	 0.965354	 0.437436	 0.475199
-0.751513	 0.485926	 0.486987	 0.167913	 0.498355	-0.265023	 0.426370	 1.359866	-0.159202	 0.976745	 0.438931	 0.475199
-0.873510	-0.007265	 0.486987	 0.167912	 0.498355	-0.381984	 0.548424	 0.885786	 0.222293	 0.480465	 0.439679	 0.475199
-0.932518	-0.252860	 0.486987	 0.167912	 0.498355	-0.440465	 0.608110	 0.648745	 0.411833	 0.232325	 0.440053	 0.475199
-0.960039	-0.375657	 0.486987	 0.167912	 0.498355	-0.469705	 0.636617	 0.530225	 0.505400	 0.108254	 0.440240	 0.475199
-0.471824	 0.062944	 0.486987	 0.167912	 0.498355	 0.015675	 0.149541	 0.470965	 0.550985	 0.546219	 0.440333	 0.475199
-0.227717	 0.281242	 0.486987	 0.167912	 0.498355	 0.257362	-0.093998	 0.441335	 0.572585	 0.763233	 0.440380	 0.475199
-0.105663	 0.390390	 0.486987	 0.167912	 0.498355	-0.121794	-0.215767	 0.426520	 0.082196	 0.369780	-0.059597	 0.475199
-0.044636	 0.444965	 0.486987	 0.167912	 0.498355	-0.310370	-0.276651	 0.419112	-0.162998	 0.173053	-0.308466	 0.475199
-0.014123	 0.472252	 0.486987	 0.167912	 0.498355	 0.095342	 0.192906	 0.415408	 0.214405	 0.574690	-0.431786	 0.475199
 0.001134	 0.485895	 0.486987	 0.167912	 0.498355	 0.297196	 0.426360	 0.413557	 0.401923	 0.773556	-0.492336	 0.475199
 0.008762	 0.492717	 0.486987	 0.667912	 0.498355	 0.398123	 0.541768	 0.412631	 0.494503	 0.871044	-0.521505	 0.475199
 0.012577	 0.496128	 0.486987	 0.915576	 0.498355	 0.448586	 0.598157	 0.412168	 0.539619	 0.917850	-0.534988	 0.475199
 0.014484	 0.497834	 0.486987	 1.037082	 0.498355	 0.473818	 0.625042	 0.411936	 0.561007	 0.939325	-0.540633	 0.475199
 0.015437	 0.498686	 0.486987	 0.595518	 0.498355	 0.486434	 0.637181	 0.411820	 0.570537	 0.448140	-0.042362	 0.475199
 0.015914	 0.499113	 0.486987	 0.374735	 0.498355	 0.492742	 0.641952	 0.411763	 0.574141	 0.202548	 0.206773	 0.475199
 0.016152	 0.499326	 0.486987	 0.264344	 0.498355	 0.495896	 0.143044	 0.411734	 0.074788	 0.579752	 0.331340	 0.475199
 0.016272	 0.499432	 0.486987	 0.209149	 0.498355	 0.497473	-0.106410	 0.411719	-0.174889	 0.766440	 0.393624	 0.475199
-0.483669	-0.000514	 0.486987	 0.181551	 0.498355	-0.001739	 0.268863	 0.411712	 0.200273	 0.357877	 0.424766	 0.475199
-0.731672	-0.249487	 0.486987	 0.167752	 0.498355	-0.250342	 0.455211	 0.411708	 0.386703	 0.153596	 0.440337	 0.475199
-0.353714	 0.126027	 0.486987	 0.160853	-0.001645	-0.374644	 0.547102	 0.411706	 0.478772	 0.551456	-0.051878	 0.475199
-0.164735	 0.312781	 0.486987	 0.157403	-0.250641	-0.436795	 0.591770	 0.411706	 0.523664	 0.748487	-0.296897	 0.475199
-0.070245	 0.406158	 0.486987	 0.155678	-0.375140	-0.467871	 0.612831	 0.411705	 0.544974	 0.845111	-0.418322	 0.475199
-0.023001	 0.452846	 0.486987	 0.154816	 0.062611	 0.016591	 0.122093	 0.911705	 0.554496	 0.891540	 0.022044	 0.475199
 0.000622	 0.476191	 0.486987	 0.154384	 0.280486	 0.257820	-0.123275	 1.158881	 0.558129	 0.912879	 0.242228	 0.475199
-0.487567	 0.487863	 0.486987	 0.154169	 0.389423	-0.121565	 0.254040	 0.779657	 0.058822	 0.421679	-0.147681	 0.475199
-0.729710	 0.493699	 0.486987	 0.154061	 0.443892	-0.310256	 0.441436	 0.590046	-0.190832	 0.176080	-0.341560	 0.475199
-0.348838	 0.496617	 0.486987	 0.154007	 0.471126	 0.095399	 0.533875	 0.495240	 0.184341	 0.553280	 0.062572	 0.475199
-0.158402	 0.498076	 0.486987	 0.153980	 0.484743	 0.297224	 0.578843	 0.447837	 0.370809	 0.740019	 0.264637	 0.475199
-0.063184	 0.498805	 0.486987	 0.153967	 0.491552	 0.398136	 0.100079	 0.924135	 0.462928	 0.831535	 0.365670	 0.475199
-0.015575	 0.499170	 0.486987	 0.153960	 0.494956	 0.448593	-0.139303	 1.159483	 0.507878	 0.875447	 0.416187	 0.475199
 0.008230	 0.499352	 0.486987	 0.153957	 0.496658	 0.473821	-0.258994	 1.274368	 0.529247	 0.895564	 0.441445	 0.475199
 0.020132	 0.499444	 0.486987	 0.153955	-0.002491	 0.486435	 0.181160	 1.329032	 0.538830	 0.903792	 0.454074	 0.475199
 0.026083	 0.499489	 0.486987	 0.153954	-0.251062	 0.492742	 0.399995	 1.353596	 0.542525	 0.906081	 0.460388	 0.475199
 0.029059	 0.499512	 0.486987	 0.153954	-0.375347	 0.495896	 0.008175	 0.863122	 0.543280	 0.405409	 0.463546	 0.975199
 0.030547	 0.499523	 0.486987	 0.153953	-0.437490	 0.497472	-0.187736	 0.617885	 0.542569	 0.155073	 0.465124	 1.222248
 0.031291	 0.499529	 0.486987	 0.653953	 0.031438	-0.001739	-0.285691	 0.495267	 0.541130	 0.529905	-0.034086	 0.842835
 0.031662	 0.499532	 0.486987	 0.901645	 0.264902	-0.250343	-0.334668	 0.433957	 0.539331	 0.715512	-0.282625	 0.653128
 0.031848	 0.499533	 0.486987	 0.523193	 0.381634	 0.125355	-0.359157	 0.403303	 0.537357	 0.306513	 0.094168	 0.558274
 0.031941	 0.499534	 0.486987	 0.333966	 0.440000	 0.312202	-0.371401	 0.387975	 0.535299	 0.102013	 0.282564	 0.510847
 0.031988	 0.499534	 0.486987	 0.239353	 0.469183	 0.405625	-0.377524	 0.380312	 0.533203	-0.000236	 0.376763	 0.487134
 0.032011	 0.499535	 0.486987	 0.192047	 0.483774	 0.452337	 0.119415	 0.876480	 0.531094	 0.448639	 0.423862	 0.475277
 0.032023	 0.499535	 0.486987	 0.168393	 0.491070	 0.475693	 0.366652	 1.121819	 0.528981	 0.671281	 0.447411	 0.469349
 0.032029	 0.499535	 0.486987	 0.156567	 0.494718	 0.487371	 0.489043	 1.241754	 0.526870	 0.780815	 0.459186	 0.466385
 0.032031	 0.499535	 0.486987	 0.150653	 0.496542	 0.493210	 0.549015	 1.298998	 0.524766	 0.833801	 0.465073	 0.464903
-0.467967	 0.499535	 0.486987	 0.147697	 0.497454	 0.496129	 0.077783	 0.824908	 0.522668	 0.858520	 0.468017	 0.464162
-0.716030	 0.499535	 0.486987	 0.146218	 0.497910	 0.497589	-0.157833	 0.587862	 0.520578	 0.869113	 0.469489	 0.463791
-0.838134	 0.499535	 0.486987	 0.145479	 0.498138	 0.498319	 0.224360	 0.469340	 0.018496	 0.872651	 0.470225	 0.463606
-0.897265	 0.499535	 0.486987	 0.145110	 0.498252	 0.498684	 0.414242	 0.410078	-0.232545	 0.872667	 0.470593	 0.463513
-0.924918	 0.499535	 0.486987	 0.144925	 0.498309	 0.498866	 0.507976	 0.380448	-0.358065	 0.870930	 0.470777	 0.463467
-0.436839	 0.499535	 0.486987	 0.144832	 0.498337	 0.498957	 0.053639	 0.365632	 0.079174	 0.868323	-0.029131	 0.463444
-0.192800	 0.499535	 0.486987	 0.144786	 0.498351	 0.499003	-0.173530	 0.358225	 0.296762	 0.865288	-0.278027	 0.463432
-0.070780	 0.499535	 0.486987	 0.644763	-0.001642	 0.499026	 0.212886	 0.854521	 0.404526	 0.862046	-0.401421	 0.463427
-0.009770	 0.499535	 0.486987	 0.892462	-0.250635	 0.499037	 0.404896	 1.099967	 0.457384	 0.858707	-0.462069	 0.463424
 0.020735	 0.499535	 0.486987	 1.014031	 0.124869	 0.499043	-0.000294	 0.720000	 0.482793	 0.855327	-0.491347	 0.463422
 0.035987	 0.499535	 0.486987	 1.072545	 0.311620	 0.499046	-0.202888	 0.530016	 0.494480	 0.851933	-0.504945	 0.463421
 0.043613	 0.499535	 0.986987	 0.599539	 0.404995	 0.499047	-0.304186	 0.435024	-0.000688	 0.348539	-0.010707	 0.963421
 0.047426	 0.499535	 1.234013	 0.363037	 0.451683	 0.499048	-0.354834	 0.387528	-0.248272	 0.096842	 0.236412	 1.210494
 0.049333	 0.499535	 1.354564	 0.244785	 0.475027	 0.499048	-0.380158	 0.363780	-0.372064	-0.029006	 0.359972	 1.331115
-0.449714	 0.499535	 0.911889	 0.685659	 0.486699	 0.499048	 0.107179	 0.351906	 0.066040	 0.408069	 0.421752	 0.888523
-0.697340	 0.499535	 0.690552	 0.903844	 0.492535	 0.499049	 0.349659	 0.345969	 0.284083	 0.624917	 0.452642	 0.667226
-0.319263	 0.499535	 0.579883	 0.510692	 0.495453	-0.000951	 0.469715	 0.343001	 0.392101	 0.231657	 0.468086	 0.556578
-0.130224	 0.499535	 0.524549	 0.314116	 0.496912	-0.249949	 0.528563	 0.341516	 0.445109	 0.035027	 0.475809	 0.501254
-0.035705	 0.499535	 0.496882	 0.715828	 0.497641	 0.125551	 0.056813	 0.340774	 0.471614	 0.436712	-0.020330	 0.473592
 0.011555	 0.499535	 0.483048	 0.914448	 0.498006	 0.312300	-0.179063	 0.340403	 0.484866	 0.635878	-0.267366	 0.459761
 0.035185	 0.499535	 0.976131	 1.011533	 0.498188	 0.405674	 0.203000	 0.340218	 0.491492	 0.733791	-0.389856	 0.452845
 0.046999	 0.499535	 1.219735	 1.057858	 0.498279	 0.452361	 0.392861	 0.340125	 0.494805	 0.781084	-0.450076	 0.449388
 0.052907	-0.000465	 0.838610	 0.578812	 0.498325	-0.024295	-0.013374	 0.340079	-0.003539	 0.303074	-0.479165	 0.447659
 0.055861	-0.249464	 0.648047	 0.339289	 0.498348	-0.261622	-0.216492	 0.340055	-0.251706	 0.064068	-0.492693	 0.446794
 0.057337	 0.126036	 0.552766	 0.219527	-0.001641	 0.119715	 0.181949	 0.340044	-0.875790	 0.444566	-0.498445	 0.446362
 0.058076	 0.312783	 0.505125	 0.159647	-0.250632	 0.309382	 0.380009	 0.340038	-1.184833	 0.633164	-0.500312	 0.446146
-0.441555	 0.406157	 0.481305	 0.629706	 0.124873	 0.404215	 0.477883	 0.340035	-0.336366	 0.725820	-0.500242	 0.946038
-0.689488	 0.452844	 0.469395	 0.862537	 0.311624	 0.451631	 0.525668	 0.340034	 0.086843	 0.770511	-0.499206	 1.193092
-0.311580	 0.476187	 0.463440	 0.976761	 0.405000	 0.475340	 0.548414	 0.340033	 0.297427	 0.791226	-0.498688	 0.813739
-0.122625	 0.487859	 0.460462	 1.031691	 0.451688	 0.487194	 0.558645	 0.340033	 0.401704	 0.799960	-0.498429	 0.624062
-0.028148	 0.493695	 0.458973	 1.056983	 0.475032	 0.493121	 0.562622	 0.340032	 0.452830	 0.802709	-0.498300	 0.529224
 0.019090	 0.496613	 0.458229	 0.567464	 0.486704	-0.003916	 0.063478	 0.340032	-0.022615	 0.802473	-0.498235	 0.481805
 0.042710	 0.498071	 0.457857	 0.322705	 0.492540	-0.251432	-0.186094	 0.340032	-0.260337	 0.800751	-0.498203	 0.458095
 0.054519	 0.498801	 0.457671	 0.200326	 0.495458	-0.375190	-0.310880	 0.340032	 0.120801	 0.798291	 0.001813	 0.446240
 0.060424	 0.499166	 0.457578	 0.139136	 0.496917	-0.437069	-0.373273	 0.340032	 0.310367	 0.795470	 0.250818	 0.440313
 0.063376	 0.499348	 0.457531	 0.108541	 0.497646	 0.031991	-0.404470	 0.840032	 0.405150	 0.292474	-0.124680	 0.437349
 0.064853	 0.499439	 0.457508	 0.093243	 0.498011	 0.265519	-0.420068	 1.087352	 0.452541	 0.040976	-0.311428	 0.435867
 0.065591	 0.499485	 0.457496	 0.085595	 0.498193	-0.117717	-0.427867	 1.208343	 0.476237	 0.415227	-0.404803	 0.435126
 0.065960	 0.499508	 0.457490	 0.081770	 0.498284	-0.308333	-0.431767	 1.266179	 0.488085	 0.600774	-0.451490	 0.434756
 0.066144	 0.499519	 0.457487	 0.079858	 0.498330	-0.403641	 0.066283	 1.292450	 0.494008	 0.691974	-0.474833	 0.434571
 0.066237	 0.499525	 0.457486	 0.078902	 0.498353	-0.451295	 0.314180	 1.302947	 0.496970	 0.736008	-0.486505	 0.434478
 0.066283	 0.499528	 0.457485	 0.078424	 0.498364	-0.475122	 0.437004	 1.305569	 0.498451	 0.756465	-0.492341	 0.434432
-0.433694	 0.499529	 0.957485	 0.578185	 0.498370	 0.012965	 0.497296	 1.304264	 0.499192	 0.265140	-0.495259	 0.434409
-0.681815	 0.499530	 1.204570	 0.825909	 0.498373	 0.256006	 0.526327	 1.301005	 0.499562	 0.019477	-0.496718	 0.434397
-0.304016	-0.000470	 0.825209	 0.447624	 0.498374	 0.377526	 0.039732	 1.296781	 0.499747	 0.396646	 0.002552	 0.434391
-0.115116	-0.249469	 0.635528	 0.258482	 0.498375	 0.438287	-0.203566	 1.292083	 0.499840	 0.583682	 0.251184	 0.434388
-0.020667	 0.126032	 0.540688	 0.663911	 0.498375	 0.468667	 0.174786	 0.787160	 0.499886	 0.675659	 0.375500	 0.434387
 0.026558	 0.312779	 0.493268	 0.864486	 0.498375	 0.483857	 0.362855	 0.534698	 0.499909	 0.720112	 0.437658	 0.434386
 0.050171	 0.406153	 0.469558	 0.462644	 0.498376	 0.491452	 0.455788	 0.908467	 0.499921	 0.740810	-0.031263	 0.434386
 0.061977	 0.452839	 0.457703	 0.261723	 0.498376	 0.495250	 0.501157	 1.092787	 0.499927	 0.749636	-0.264723	 0.434386
 0.067880	 0.476183	 0.451775	 0.161262	 0.498376	 0.497148	 0.522748	 1.182393	 0.499929	 0.752531	-0.381454	 0.434386
 0.070832	 0.487855	 0.448812	 0.111032	 0.498376	 0.498098	 0.032455	 1.224652	 0.499931	 0.252469	 0.060181	 0.434386
 0.072307	 0.493690	 0.447330	 0.085917	 0.498376	 0.498572	-0.212691	 1.243247	 0.499932	 0.002437	 0.279995	 0.434386
 0.073045	 0.496608	 0.446589	 0.073359	 0.498376	 0.498810	-0.335265	 0.750021	 0.499932	 0.377421	-0.110098	 0.434386
 0.073414	 0.498067	 0.446218	 0.067081	 0.498376	 0.498928	-0.396551	 0.503409	 0.499932	 0.563409	-0.304144	 0.434386
-0.426401	 0.498797	 0.446033	 0.563941	 0.498376	 0.498988	 0.072805	 0.880102	 0.499932	 0.654904	 0.098833	 0.434386
-0.674457	 0.499161	 0.445941	 0.810250	 0.498376	 0.499017	 0.306399	 1.065935	 0.499932	 0.699158	 0.299318	 0.434386
-0.296639	 0.499344	 0.445894	 0.431291	 0.498376	 0.499032	 0.422117	 0.656348	-0.000068	 0.719799	 0.399560	 0.434386
-0.107731	 0.499435	 0.445871	 0.241812	 0.498376	 0.499040	 0.478899	 0.451555	-0.249068	 0.728638	 0.449681	 0.434386
-0.013276	 0.499481	 0.445860	 0.147072	 0.498376	 0.499043	 0.506219	 0.349158	-0.373567	 0.731583	 0.474742	 0.434386
 0.033951	 0.499503	 0.445854	 0.599702	 0.498376	 0.499045	 0.518812	 0.797960	 0.064183	 0.731586	 0.487272	 0.434386
 0.057565	 0.499515	 0.445851	 0.823913	 0.498376	 0.499046	 0.524046	 1.019867	 0.282054	 0.730125	 0.493538	 0.434386
 0.069371	 0.499521	 0.445849	 0.433922	 0.498376	 0.499047	 0.525604	 1.128337	 0.390989	 0.227937	 0.496670	 0.434386
 0.075275	 0.499523	 0.445849	 0.238926	 0.498376	 0.499047	 0.525329	 1.180099	 0.445457	-0.023157	 0.498236	 0.434386
-0.421774	 0.499525	 0.445848	 0.141428	 0.498376	-0.000953	 0.024141	 1.203516	 0.472691	-0.148705	-0.000980	 0.434386
-0.668460	 0.499525	 0.445848	 0.092680	 0.498376	-0.249951	-0.226452	 1.212770	 0.486308	-0.211478	-0.249589	 0.434386
-0.289973	 0.499526	 0.445848	 0.568305	 0.498376	 0.125550	 0.148251	 0.714953	 0.493116	 0.257135	-0.373893	 0.434386
-0.100730	 0.499526	 0.445848	 0.804030	 0.498376	 0.312298	 0.334556	 0.466045	 0.496521	 0.489990	-0.436045	 0.434386
-0.006108	 0.499526	 0.445848	 0.919813	 0.498376	 0.405672	 0.426667	 0.341591	 0.498223	 0.604972	-0.467121	 0.434386
 0.041203	 0.499526	 0.445848	 0.475633	-0.001624	 0.452360	 0.471685	 0.279364	 0.499074	 0.661023	-0.482659	 0.434386
 0.064859	 0.499526	 0.445848	 0.253543	-0.250621	 0.475703	 0.493161	 0.248250	 0.499499	 0.687615	-0.490428	 0.434386
 0.076686	 0.499526	 0.445848	 0.142498	 0.124881	-0.012625	 0.502869	 0.232693	 0.499712	 0.699482	-0.494312	 0.434386
 0.082600	 0.499526	 0.445848	 0.086976	 0.311631	-0.255787	 0.506699	 0.224915	 0.499819	 0.703993	-0.496254	 0.434386
-0.414443	 0.499526	 0.445848	 0.059215	 0.405006	 0.122632	 0.007592	 0.221026	-0.000128	 0.204831	-0.497225	 0.434386
-0.661141	 0.499526	 0.445848	 0.045334	 0.451693	 0.310839	-0.241961	 0.219081	-0.249102	-0.044749	-0.497711	 0.434386
-0.282675	 0.499526	 0.445848	 0.538394	 0.475037	 0.404943	 0.133262	 0.218109	 0.126412	 0.330460	 0.002046	 0.434386
-0.093442	 0.499526	 0.445848	 0.782861	 0.486709	 0.451994	 0.319857	 0.217623	 0.313165	 0.516654	 0.250921	 0.434386
 0.001175	 0.499526	 0.445848	 0.903040	 0.492545	 0.475520	 0.412141	 0.217380	 0.406541	 0.608345	 0.375359	 0.434386
 0.048483	 0.499526	 0.445848	 0.461083	 0.495463	 0.487283	-0.042725	 0.217258	-0.046771	 0.652790	 0.437577	 0.434386
 0.072137	 0.499526	 0.445848	 0.240104	 0.496922	 0.493165	-0.270159	 0.217197	-0.272426	 0.673618	 0.468687	 0.434386
 0.083964	 0.499526	 0.445848	 0.629615	 0.497651	 0.496106	 0.116125	 0.717167	 0.114746	 0.682644	-0.015758	 0.434386
 0.089878	 0.499526	 0.445848	 0.822332	 0.498016	 0.497576	 0.308262	 0.964718	 0.307328	 0.685773	-0.256981	 0.434386
 0.092835	 0.499526	 0.445848	 0.416660	 0.498198	 0.498311	 0.403329	 1.086068	 0.403619	 0.685960	 0.122408	 0.934386
 0.094313	 0.499526	 0.445848	 0.213825	 0.498289	 0.498679	 0.450863	 1.144329	 0.451765	 0.684681	 0.311099	 1.181517
 0.095052	 0.499526	 0.445848	 0.112407	 0.498335	 0.498862	 0.474630	 0.671054	 0.475837	 0.682675	 0.405444	 0.802225
 0.095422	 0.499526	 0.445848	 0.061698	 0.498358	 0.498954	 0.486513	 0.434417	 0.487874	 0.680310	 0.452617	 0.612579
 0.095607	 0.499526	 0.445848	 0.036343	 0.498369	 0.499000	 0.492455	 0.316098	 0.493892	 0.677772	 0.476204	 0.517756
 0.095699	 0.499526	 0.445848	 0.023666	 0.498375	-0.000977	-0.004574	 0.256938	 0.496901	 0.675152	-0.012003	 0.470345
 0.095745	 0.499526	 0.445848	 0.017327	 0.498378	-0.249963	-0.252085	 0.227359	 0.498406	 0.672498	-0.255106	 0.446639
 0.095768	 0.499526	 0.445848	 0.514158	-0.001621	-0.374457	-0.375841	 0.212569	 0.499158	 0.669831	 0.123342	 0.434786
 0.095780	 0.499526	 0.445848	 0.760552	-0.250617	-0.436703	-0.437719	 0.205174	 0.499534	 0.667163	 0.311563	 0.428860
 0.095786	 0.499526	 0.445848	 0.381734	 0.124885	 0.032173	 0.031342	 0.201477	 0.499722	 0.164500	 0.405673	 0.425897
 0.095788	 0.499526	 0.445848	 0.192326	 0.311635	 0.265610	 0.264872	 0.199628	 0.499816	-0.086832	 0.452728	 0.424415
-0.404210	 0.499526	 0.445848	 0.097621	 0.405010	 0.382328	-0.118363	 0.198703	 0.499863	-0.212497	 0.476256	 0.423674
-0.652401	 0.499526	 0.445848	 0.050269	 0.451698	 0.440687	-0.308978	 0.198241	 0.499887	-0.275330	 0.488020	 0.423304
-0.774695	 0.499526	 0.445848	 0.026593	 0.475042	 0.469866	-0.404285	 0.198010	 0.499898	-0.306747	 0.493902	 0.423119
-0.334048	 0.499526	 0.445848	 0.014755	 0.486714	-0.015544	 0.048062	 0.197895	 0.499904	 0.177545	-0.003157	 0.423026
-0.113725	 0.499526	 0.445848	 0.008836	 0.492550	-0.257247	 0.273234	 0.197837	 0.499907	 0.418367	-0.250686	 0.422980
-0.003563	 0.499526	 0.445848	 0.005877	 0.495468	 0.121901	 0.385820	 0.197808	 0.499909	 0.037460	-0.374451	 0.422957
 0.051518	 0.499526	 0.445848	 0.004397	 0.496927	 0.310473	 0.442113	 0.197794	 0.499909	-0.152994	-0.436333	 0.422945
 0.079058	 0.499526	 0.445848	 0.003657	 0.497656	 0.404759	 0.470260	 0.197786	 0.499910	-0.248220	-0.467274	 0.422939
 0.092828	 0.499526	 0.445848	 0.003287	 0.498021	 0.451902	 0.484333	 0.197783	 0.499910	-0.295834	-0.482745	 0.422936
-0.400287	 0.499526	 0.445848	 0.003102	 0.498203	 0.475474	-0.008630	 0.197781	 0.499910	 0.180359	 0.009520	 0.922935
-0.645057	 0.499526	 0.445848	 0.003010	 0.498294	 0.487260	-0.254109	 0.197780	 0.499910	 0.417143	 0.254648	 1.170088
-0.765663	 0.499526	 0.445848	 0.002963	 0.498340	 0.493153	-0.376848	 0.197780	 0.499910	 0.534227	 0.377213	 1.290830
-0.324193	 0.499526	 0.445848	 0.502940	 0.498363	 0.496099	 0.061782	 0.197779	 0.499910	 0.591466	 0.438495	 0.848378
-0.103458	 0.499526	 0.445848	 0.750923	 0.498374	 0.497572	 0.280097	 0.197779	 0.499910	 0.618788	 0.469136	 0.627152
 0.006909	 0.499526	 0.445848	 0.372916	-0.001620	-0.001691	-0.110746	 0.197779	 0.499910	 0.131157	 0.484457	 0.516539
 0.062093	 0.499526	 0.445848	 0.183913	-0.250614	-0.250321	-0.305164	 0.197779	 0.499910	-0.112658	 0.492117	 0.461233
 0.089685	 0.499526	 0.445848	-0.410589	-0.375111	 0.125364	 0.097627	 0.697779	 0.499910	-0.234566	 0.495947	 0.433580
 0.103481	 0.499526	 0.445848	-0.705829	-0.437360	 0.312205	 0.298021	 0.945384	 0.499910	-0.295520	 0.497862	 0.419753
 0.110379	 0.499526	 0.445848	-0.351447	 0.031516	 0.405625	-0.101781	 0.566800	 0.499910	 0.174003	 0.498820	 0.412840
 0.113827	 0.499526	 0.445848	-0.174256	 0.264953	 0.452335	-0.300680	 0.377508	 0.499910	 0.407478	 0.499299	 0.409383
 0.115552	 0.499526	 0.445848	-0.085661	 0.381672	 0.475690	-0.400129	 0.282862	 0.499910	 0.522933	 0.499538	 0.407655
 0.116414	 0.499526	 0.445848	-0.041363	 0.440031	-0.012632	 0.050147	 0.235539	 0.499910	 0.079384	-0.000342	 0.406791
 0.116845	 0.499526	 0.445848	-0.019214	 0.469211	-0.255792	 0.274284	 0.211877	 0.499910	-0.142391	-0.249282	 0.406359
 0.117061	 0.499526	 0.445848	-0.008140	 0.483801	-0.377371	-0.113648	 0.700047	 0.499910	 0.246722	 0.126248	 0.406142
 0.117169	 0.499526	 0.445848	-0.002603	 0.491096	-0.438161	-0.306611	 0.941755	 0.499910	 0.440007	 0.313010	 0.406034
 0.117223	 0.499526	 0.445848	 0.500166	 0.494743	 0.031444	 0.096908	 0.560242	 0.499910	 0.535383	 0.406390	 0.405980
 0.117250	 0.499526	 0.445848	 0.749544	 0.496567	 0.265244	 0.297667	 0.369486	 0.499910	 0.581809	 0.453081	 0.405953
 0.117263	 0.499526	 0.445848	 0.372236	 0.497479	 0.382145	 0.398046	 0.274107	 0.499910	 0.603766	 0.476426	 0.905940
 0.117270	 0.499526	 0.445848	 0.183581	 0.497935	 0.440595	 0.448235	 0.226418	 0.499910	 0.613493	 0.488098	 1.153121
 0.117273	 0.499526	 0.445848	 0.089254	 0.498162	 0.469820	 0.473330	 0.202574	 0.499910	 0.617110	 0.493935	 1.273911
 0.117275	 0.499526	 0.445848	 0.042091	 0.498276	 0.484432	 0.485878	 0.690652	 0.499910	 0.617677	 0.496853	 0.831517
 0.117276	 0.499526	 0.445848	 0.018509	 0.498333	 0.491738	 0.492151	 0.932333	 0.499910	 0.616724	 0.498312	 0.610320
 0.117276	 0.499526	 0.445848	 0.506718	 0.498362	 0.495392	 0.495288	 1.050826	 0.499910	 0.615016	-0.000958	 0.499721
 0.117276	 0.499526	 0.445848	 0.748833	 0.498376	 0.497218	 0.496857	 1.107733	 0.499910	 0.612935	-0.249593	 0.444422
 0.117276	 0.499526	 0.445848	 0.367908	 0.498383	-0.001869	 0.497641	 0.633858	 0.499910	 0.610673	 0.126089	 0.416772
 0.117276	 0.499526	 0.445848	 0.177446	 0.498387	-0.250410	 0.498033	 0.396920	 0.499910	 0.608325	 0.312927	 0.402948
-0.382724	 0.499526	 0.445848	 0.582215	 0.498389	 0.125319	-0.001771	 0.778451	 0.499910	 0.605939	-0.093654	 0.896035
-0.630958	 0.499526	 0.445848	 0.782625	 0.498390	 0.312182	-0.250670	 0.966897	 0.499910	 0.603539	-0.295944	 1.139801
-0.753317	 0.499526	 0.445848	 0.880864	 0.498390	 0.405613	-0.375119	 1.058809	 0.499910	 0.601137	-0.397089	 1.258916
-0.312745	 0.499526	 0.445848	 0.428026	 0.498390	 0.452329	 0.062656	 0.602464	 0.499910	 0.598738	 0.052338	 0.815718
-0.092459	 0.499526	 0.445848	 0.201606	 0.498390	 0.475687	 0.280543	 0.374291	 0.499910	 0.596346	 0.276049	 0.594119
 0.017684	 0.499526	 0.445848	 0.088397	-0.001610	 0.487365	-0.110514	 0.760205	 0.499910	 0.593962	 0.387904	 0.483319
 0.072755	 0.499526	 0.445848	 0.031792	-0.250606	 0.493205	-0.305039	 0.950869	 0.499910	 0.591587	 0.443831	 0.427920
 0.100291	 0.499526	 0.445848	 0.003489	-0.375105	 0.496125	-0.402301	 1.043918	 0.499910	 0.589221	 0.471795	 0.400220
-0.385941	 0.499526	 0.445848	-0.010662	 0.062646	 0.497585	 0.049067	 1.088169	 0.499910	 0.586865	 0.485777	 0.386370
-0.627313	 0.499526	 0.445848	-0.017737	 0.280521	 0.498314	 0.273751	 1.108030	 0.499910	 0.584517	 0.492768	 0.379445
-0.246261	 0.499526	 0.445848	-0.521275	 0.389458	 0.498679	 0.386092	 0.615704	 0.499910	 0.582179	 0.496263	 0.375982
-0.055735	 0.499526	 0.445848	-0.770994	 0.443927	 0.498862	 0.442263	 0.369541	 0.499910	 0.579851	 0.498011	 0.374251
 0.039527	 0.499526	 0.445848	-0.393813	 0.471161	 0.498953	 0.470349	 0.746460	 0.499910	 0.577531	 0.498885	 0.873385
 0.087159	 0.499526	 0.445848	-0.205222	 0.484778	 0.498999	 0.484391	 0.932672	 0.499910	 0.575221	 0.499322	 1.120208
 0.110975	 0.499526	 0.445848	-0.110926	 0.491587	-0.000978	-0.008587	 1.023541	 0.499910	 0.072920	 0.499540	 0.740885
 0.122882	 0.499526	 0.445848	-0.063779	 0.494991	-0.249965	-0.254073	 1.066746	 0.499910	-0.178230	 0.499650	 0.551223
 0.128836	 0.499526	 0.945848	-0.040205	 0.496693	-0.374458	 0.123184	 1.086129	 0.499910	-0.303806	 0.499704	 0.456392
 0.131813	 0.499526	 1.192956	-0.028418	 0.497544	-0.436705	 0.310811	 1.093610	 0.499910	-0.366593	 0.499731	 0.408977
-0.366698	 0.499526	 0.813630	-0.022524	 0.497970	-0.467828	 0.404625	 1.095148	 0.499910	-0.397987	-0.000255	 0.385269
-0.614224	 0.499526	 0.623967	-0.019578	 0.498183	-0.483390	 0.451532	 1.093723	 0.499910	-0.413684	-0.249248	 0.373415
-0.236263	 0.499526	 0.529136	-0.018104	 0.498289	-0.491171	 0.474985	 0.590826	 0.499910	 0.078468	 0.126256	 0.367489
-0.047282	 0.499526	 0.481720	-0.017368	 0.498342	-0.495061	 0.486712	 0.339378	 0.499910	 0.323402	 0.313004	 0.364525
 0.047208	 0.499526	 0.458012	-0.016999	 0.498369	-0.497007	 0.492575	 0.213654	 0.499910	 0.444733	 0.406379	 0.363043
 0.094453	 0.499526	 0.446158	-0.016815	 0.498382	 0.002021	 0.495507	 0.650792	 0.499910	 0.504266	 0.453066	 0.362302
 0.118076	 0.499526	 0.440231	-0.016723	 0.498389	 0.250532	 0.496973	 0.867185	 0.499910	 0.532905	 0.476409	 0.361932
-0.370113	 0.499526	 0.437268	 0.483323	 0.498392	 0.374788	-0.002294	 0.473214	 0.499910	 0.546101	 0.488081	 0.861747
-0.612491	 0.499526	 0.435786	 0.731379	 0.498394	 0.436916	-0.250925	 0.276229	 0.499910	 0.551581	 0.493917	 1.108931
-0.731970	 0.499526	 0.435045	 0.353449	 0.498394	-0.032020	 0.124760	 0.677736	 0.499910	 0.553207	 0.496835	 0.729811
-0.790007	 0.499526	 0.434675	 0.164483	 0.498395	-0.265486	 0.311602	 0.876332	 0.499910	 0.552910	 0.498294	 0.540251
-0.317329	 0.499526	 0.434489	 0.070001	 0.498395	 0.117781	 0.405022	 0.973479	 0.499910	-0.448344	-0.000977	 0.945471
-0.080990	 0.499526	 0.434397	 0.022759	 0.498395	 0.308412	 0.451733	 1.019912	 0.499910	-0.946071	-0.249612	 1.145380
 0.037179	 0.499526	 0.434351	-0.000861	 0.498395	 0.403728	 0.475088	 1.040995	 0.499910	-1.192048	-0.373929	 1.242643
 0.096264	 0.499526	 0.434327	-0.012672	 0.498395	 0.451386	 0.486766	 1.049413	 0.499910	-0.812160	 0.063912	 0.788595
 0.125806	 0.499526	 0.434316	-0.018577	 0.498395	 0.475215	 0.492604	 1.051506	 0.499910	-0.622216	 0.281830	 0.561571
-0.359422	 0.499526	 0.434310	 0.478471	-0.001605	 0.487129	 0.495524	 1.050446	 0.499910	-0.527244	 0.390788	 0.448059
-0.600348	 0.499526	 0.434307	 0.725043	-0.250602	 0.493086	 0.496983	 1.047817	 0.499910	-0.479758	 0.445267	 0.391303
-0.219128	 0.499526	 0.434306	 0.846386	 0.124900	-0.003935	 0.497713	 1.044412	 0.499910	 0.043985	 0.472507	 0.362925
-0.028518	 0.499526	 0.434305	 0.905122	 0.311650	-0.251444	 0.498078	 1.040627	 0.499910	 0.304721	 0.486127	 0.348736
 0.066787	 0.499526	 0.934305	 0.432563	 0.405025	 0.124802	 0.498261	 1.036661	 0.499910	-0.066042	 0.492937	 0.841642
 0.114440	 0.499526	 1.181436	 0.196283	 0.451713	 0.311923	 0.498352	 1.032613	 0.499910	-0.251423	 0.496342	 1.085426
 0.138266	 0.499526	 1.302144	 0.078143	 0.475056	 0.405483	 0.498398	 1.028532	 0.499910	-0.344114	 0.498044	 1.204659
 0.150179	 0.499526	 0.859653	 0.019073	 0.486728	 0.452263	 0.498420	 0.524442	 0.499910	 0.109541	-0.001105	 0.761628
 0.156136	 0.499526	 0.638407	-0.010462	 0.492564	 0.475653	 0.498432	 0.272397	 0.499910	 0.335242	-0.249678	 0.540112
 0.159114	 0.499526	 0.527784	 0.474771	 0.495482	 0.487348	-0.001563	 0.646375	-0.000090	 0.446970	 0.126035	 0.929355
 0.160603	 0.499526	 0.472473	 0.715467	 0.496941	 0.493196	-0.250557	 0.831323	-0.249090	 0.501717	 0.312888	 1.121338
 0.161348	 0.499526	 0.444817	 0.333903	 0.497671	 0.496120	 0.124946	 0.921765	 0.126410	 0.527978	 0.406314	 0.714704
 0.161720	 0.499526	 0.430989	 0.143120	 0.498035	 0.497581	 0.311697	 0.964961	 0.313157	 0.540000	 0.453027	 0.511386
 0.161906	 0.499526	 0.424075	 0.547729	 0.998218	 0.498312	 0.405072	 0.984543	-0.093470	 0.544906	-0.023616	 0.409728
 0.161999	 0.499526	 0.420618	 0.748129	 1.245312	 0.498678	 0.451760	 0.992325	-0.295783	 0.546260	-0.260937	 0.358898
 0.162046	 0.499526	 0.418890	 0.846432	 1.365874	 0.498861	 0.475104	 0.994217	-0.396940	 0.545842	-0.379598	 0.333484
 0.162069	 0.499526	 0.918026	 0.893694	 0.923183	 0.498952	 0.486776	 0.493170	 0.052482	 0.044542	 0.061072	 0.320776
 0.162081	 0.499526	 1.164759	 0.915443	 0.701837	 0.498998	 0.492612	 0.242647	 0.276189	-0.206108	 0.280403	 0.314423
 0.162087	 0.499526	 0.785303	 0.924443	 0.591164	-0.000980	 0.495530	 0.617385	 0.388042	 0.168567	 0.390069	 0.311246
 0.162090	 0.499526	 0.595575	 0.927076	 0.535828	-0.249966	 0.496989	 0.802770	 0.443969	 0.354818	 0.444902	 0.309658
 0.162091	 0.499526	 0.500711	 0.426534	 0.508159	 0.125540	 0.497718	 0.393486	 0.471932	 0.446861	 0.472318	 0.808863
 0.162092	 0.499526	 0.453279	 0.176262	 0.494325	 0.312292	 0.498083	 0.188844	 0.485914	 0.491805	 0.486027	 1.055850
 0.162092	 0.499526	 0.429563	 0.551126	 0.487408	 0.405667	 0.498265	 0.586523	 0.492905	 0.013204	-0.007119	 0.676738
 0.162092	 0.499526	 0.417705	 0.736707	 0.483950	 0.452355	 0.498356	 0.783394	 0.496400	-0.226097	-0.252692	 0.487182
 0.162092	 0.499526	 0.411776	 0.827652	 0.482220	 0.475699	 0.498402	 0.879869	 0.498148	-0.345748	-0.375478	 0.392404
 0.162092	 0.499526	 0.408811	 0.871288	-0.018644	 0.487371	 0.498425	 0.426154	 0.499022	 0.094427	 0.063129	 0.345015
 0.162092	 0.499526	 0.407329	 0.891276	-0.268038	 0.493207	 0.498436	 0.199296	 0.499459	 0.313445	 0.281429	 0.321320
-0.337908	 0.499526	 0.406588	 0.399447	 0.108301	 0.496125	-0.001558	 0.585868	 0.499677	 0.421890	 0.390579	 0.309473
-0.586232	 0.499526	 0.406217	 0.153533	 0.296470	 0.497584	-0.250552	 0.777208	 0.499786	 0.475051	 0.445154	 0.303549
-0.208725	 0.499526	 0.406032	 0.030576	 0.390554	 0.498313	 0.124951	 0.870942	 0.499841	 0.500575	 0.472441	 0.300587
-0.019971	 0.499526	 0.405939	-0.030903	 0.437597	 0.498678	 0.311701	 0.915879	 0.499868	 0.512285	 0.486085	 0.299106
 0.074406	 0.499526	 0.405893	 0.438358	 0.461118	 0.498861	 0.405077	 0.936426	 0.499882	 0.517092	 0.492907	 0.298366
 0.121594	 0.499526	 0.405870	 0.671173	 0.472878	 0.498952	 0.451764	 0.944786	 0.499889	 0.518452	 0.496318	 0.297996
 0.145188	 0.499526	 0.405858	 0.785772	 0.478759	 0.498997	 0.475108	 0.947059	 0.499892	 0.518092	 0.498023	 0.297811
 0.156985	 0.499526	 0.405853	 0.341272	 0.481699	 0.499020	 0.486780	 0.946297	-0.000106	 0.516877	 0.498876	 0.297718
 0.162884	 0.499526	 0.405850	 0.119021	 0.483169	 0.499032	 0.492616	 0.944025	-0.249105	 0.515238	 0.499303	 0.297672
 0.165833	 0.499526	 0.405848	 0.007896	 0.483904	 0.499037	-0.004466	 0.941006	 0.126396	 0.513391	 0.499516	 0.297649
 0.167308	 0.499526	 0.405847	-0.047667	 0.484271	 0.499040	-0.252004	 0.937620	 0.313142	 0.511445	 0.499622	 0.297637
 0.168045	 0.499526	 0.405847	-0.075448	 0.484455	-0.000959	 0.124227	 0.434058	 0.406515	 0.509452	 0.499676	 0.297631
 0.168414	 0.499526	 0.405847	-0.089339	 0.484547	-0.249956	 0.311342	 0.182278	 0.453202	 0.507441	 0.499702	 0.297628
-0.331402	 0.499526	 0.405847	 0.403716	 0.484593	-0.374455	 0.404899	 0.556387	 0.476545	 0.005425	 0.499716	 0.797627
-0.579647	 0.499526	 0.405847	 0.648450	 0.484616	-0.436704	 0.451678	 0.741581	 0.488217	-0.245583	 0.499722	 1.045031
-0.702114	 0.499526	 0.405847	 0.769030	 0.484627	-0.467829	 0.475067	 0.832325	 0.494053	-0.371087	 0.499726	 1.166148
-0.261699	 0.499526	 0.405847	 0.827541	 0.484633	 0.016609	 0.486762	 0.375850	 0.496971	 0.066161	-0.000273	 0.724132
-0.041491	 0.499526	 0.405847	 0.855025	 0.484636	 0.257826	 0.492609	 0.147613	 0.498430	 0.283778	-0.249271	 0.503124
 0.068613	 0.499526	 0.405847	 0.367001	 0.484637	 0.378434	 0.495533	 0.533494	 0.499159	 0.391584	 0.126229	 0.392620
 0.123665	 0.499526	 0.405847	 0.122990	 0.484638	 0.438738	 0.496995	 0.724596	 0.499524	 0.445487	 0.312976	 0.337368
 0.151191	 0.499526	 0.405847	 0.500984	 0.484639	 0.468890	 0.497725	 0.318316	 0.499706	 0.472438	 0.406350	 0.309742
 0.164954	 0.499526	 0.405847	 0.688223	 0.484639	 0.483966	 0.498091	 0.115176	 0.499797	 0.485914	 0.453036	 0.295929
 0.171836	 0.499526	 0.405847	 0.280092	 0.484639	 0.491505	-0.001726	 0.513606	 0.499843	 0.492652	 0.476380	 0.289023
 0.175276	 0.499526	 0.405847	 0.076026	 0.484639	 0.495274	-0.250632	 0.710996	 0.499866	 0.496021	 0.488051	 0.285569
 0.176997	 0.499526	 0.405847	-0.026007	 0.484639	 0.497158	-0.375085	 0.807875	 0.499877	 0.497705	 0.493887	 0.283843
-0.322143	 0.499526	 0.405847	-0.077023	 0.484639	 0.498100	 0.062689	 0.854505	 0.499883	 0.498547	 0.496805	 0.782979
-0.570070	 0.499526	 0.405847	-0.102531	 0.484639	 0.498571	 0.280575	 0.876018	 0.499886	 0.498968	 0.498264	 1.029984
-0.192398	 0.499526	 0.405847	-0.115286	-0.015361	-0.001193	 0.389518	 0.384979	 0.499887	-0.000821	 0.498994	 1.150932
-0.003562	 0.499526	 0.405847	-0.121663	-0.264330	-0.250073	 0.443989	 0.139459	 0.499888	-0.249715	 0.499358	 1.208862
 0.090856	 0.499526	 0.405847	-0.124851	 0.112212	 0.125487	 0.471225	 0.516700	 0.499888	-0.374161	 0.499541	 1.235294
 0.138065	 0.499526	 0.405847	-0.126445	 0.300483	 0.312264	 0.484843	 0.703532	 0.499888	-0.436385	 0.499632	 1.245986
 0.161670	 0.499526	 0.405847	 0.372757	 0.394618	 0.405653	 0.491652	 0.795167	 0.499888	 0.032504	 0.499677	 1.248819
 0.173472	 0.499526	 0.405847	 0.620615	 0.441686	 0.452348	 0.495056	 0.839212	 0.499888	 0.265945	 0.499700	 1.247732
 0.179373	 0.499526	 0.405847	 0.742807	 0.465220	 0.475695	 0.496758	 0.859467	 0.499888	 0.382666	 0.499712	 1.244695
 0.182324	 0.499526	 0.405847	 0.802173	-0.023013	 0.487369	-0.002390	 0.367835	 0.499888	 0.441026	 0.499717	 1.240693
 0.183799	 0.499526	 0.405847	 0.830133	-0.266107	 0.493205	-0.250962	 0.122020	 0.499888	 0.470206	 0.499720	 1.236219
 0.184537	 0.499526	 0.405847	 0.842396	 0.613364	 0.496124	 0.124753	 0.499112	 0.499888	 0.484796	 0.499722	 0.731518
 0.184905	 0.499526	 0.405847	 0.846819	 1.050114	 0.497583	 0.311609	 0.685905	 0.499888	 0.492091	 0.499722	 0.479168
 0.185090	 0.499526	 0.405847	 0.847328	 0.765515	 0.498313	 0.405037	 0.277557	 0.499888	 0.495739	 0.499723	 0.852993
 0.185182	 0.499526	 0.405847	 0.845886	 0.623216	 0.498677	 0.451751	 0.073382	 0.499888	 0.497563	 0.499723	 1.037452
-0.314772	 0.499526	 0.405847	 0.843477	 0.552066	-0.001140	 0.475108	-0.028705	 0.499888	 0.498474	 0.499723	 0.627237
-0.563119	 0.499526	 0.405847	 0.840590	 0.516491	-0.250047	 0.486786	-0.079748	 0.499888	 0.498930	 0.499723	 0.422130
-0.185670	 0.499526	 0.405847	 0.337471	 0.498704	 0.125499	 0.492626	-0.105270	 0.499888	 0.499158	 0.499723	 0.319577
 0.003054	 0.499526	 0.405847	 0.085912	 0.489810	 0.312271	 0.495545	-0.118031	 0.499888	 0.499272	 0.499723	 0.268300
 0.097417	 0.499526	 0.405847	-0.039868	 0.485363	 0.405656	 0.497005	-0.124411	 0.499888	 0.499329	 0.499723	 0.242661
 0.144598	 0.499526	 0.405847	 0.397242	-0.016860	 0.452349	-0.002265	 0.372398	 0.499888	-0.000642	-0.000277	 0.229842
 0.168188	 0.499526	 0.405847	 0.614128	-0.266934	 0.475695	-0.250897	 0.619065	 0.499888	-0.249627	-0.249276	 0.223433
 0.179984	 0.499526	 0.405847	 0.720910	 0.109064	 0.487369	 0.124787	 0.740667	 0.499888	 0.125881	 0.126224	 0.220228
 0.185881	 0.499526	 0.405847	 0.772645	 0.297062	 0.493205	 0.311628	 0.799743	 0.499888	 0.312632	 0.312971	 0.218625
 0.188830	 0.499526	 0.405847	 0.796864	 0.391062	 0.496124	 0.405049	 0.327564	 0.499888	 0.406008	 0.406344	 0.217824
 0.190305	 0.499526	 0.405847	 0.807331	 0.438061	 0.497583	 0.451759	 0.091474	 0.499888	 0.452695	 0.453031	 0.217424
 0.191042	 0.499526	 0.405847	 0.310929	 0.461561	 0.498312	 0.475114	 0.473429	 0.499888	 0.476039	 0.476374	 0.217223
 0.191410	 0.499526	 0.405847	 0.062728	 0.473311	 0.498677	 0.486792	 0.662696	 0.499888	 0.487711	 0.488046	 0.217123
 0.191595	 0.499526	 0.405847	-0.061373	 0.479186	 0.498859	 0.492630	 0.755625	 0.499888	 0.493547	 0.493881	 0.217073
 0.191687	 0.499526	 0.405847	-0.123423	 0.482123	 0.498951	 0.495550	 0.300393	 0.499888	 0.496465	 0.496799	 0.217048
 0.191733	 0.499526	 0.405847	-0.154448	 0.483592	 0.498996	 0.497010	 0.072777	 0.499888	 0.497924	 0.498258	 0.217035
 0.191756	 0.499526	 0.405847	-0.169960	 0.484327	 0.499019	 0.497739	 0.458969	 0.499888	 0.498654	-0.001012	 0.717029
 0.191767	 0.499526	 0.405847	-0.177717	 0.484694	 0.499030	 0.498104	 0.650374	 0.499888	 0.499018	-0.249647	 0.964592
 0.191773	 0.499526	 0.405847	 0.318405	 0.984877	 0.499036	 0.498287	 0.744393	-0.000112	 0.499201	 0.126036	 0.585949
 0.191776	 0.499526	 0.405847	 0.564837	 1.231999	 0.499039	 0.498378	 0.789726	-0.249111	 0.499292	 0.312874	 0.396628
 0.191778	 0.499526	 0.405847	 0.686430	 1.352602	 0.499040	 0.498424	 0.810723	 0.126389	 0.499338	-0.093707	 0.301967
 0.191778	 0.499526	 0.405847	 0.745611	 1.409956	 0.499041	 0.498446	 0.819557	 0.313135	 0.499360	-0.295997	 0.254637
 0.191779	 0.499526	 0.405847	 0.773592	 1.435699	 0.499041	 0.498458	 0.822318	 0.406508	 0.499372	-0.397142	 0.230971
 0.191779	 0.499526	 0.405847	 0.785979	 0.945648	 0.499042	 0.498464	 0.822048	 0.453195	 0.499378	-0.447715	 0.719139
 0.191779	 0.499526	 0.405847	 0.790576	 0.700622	 0.499042	 0.498466	 0.820269	 0.476538	 0.499380	-0.473001	 0.960808
 0.191779	 0.499526	 0.405847	 0.791284	 0.578109	 0.499042	 0.498468	 0.817743	-0.511790	 0.499382	 0.014356	 1.079238
 0.191779	 0.499526	 0.405847	 0.790054	 0.516853	 0.499042	 0.498469	 0.814850	-1.002954	 0.499382	 0.257031	 1.136057
