 0.475054	 0.481607	-0.270841	 0.499170	 0.492727	 0.498836	 0.498215	 0.499710	 0.499216	 0.499291	-0.375772	 0.476299
 0.486732	 0.481605	 0.217368	 0.499170	 0.495645	 0.498859	-0.001762	 0.499710	 0.499216	 0.499291	 0.062830	-0.012029
 0.492571	 0.481605	 0.460061	 0.499170	 0.497104	 0.498871	-0.250747	 0.499710	 0.499216	 0.499291	 0.281127	-0.255192
 0.495490	 0.481604	 0.080002	 0.499170	 0.497834	 0.498876	 0.124760	 0.499710	 0.499216	 0.499291	 0.390276	 0.123226
 0.496950	 0.481604	-0.110027	 0.499170	 0.498199	 0.498879	 0.311513	 0.499711	 0.499216	 0.499291	 0.444851	 0.311432
-0.002320	 0.481604	-0.205042	-0.000830	 0.498381	 0.498881	 0.404890	 0.499711	 0.499216	 0.499291	 0.472138	-0.094465
-0.250952	 0.481604	-0.252549	-0.249829	 0.498472	 0.498881	 0.451578	 0.499711	 0.499216	 0.499291	 0.485782	-0.296413
 0.124732	 0.481604	-0.276303	 0.125672	 0.498518	 0.498882	 0.474922	 0.499711	 0.499216	 0.499291	 0.492603	-0.397387
 0.311573	 0.481604	-0.288180	 0.312420	 0.498541	 0.498882	 0.486594	 0.499711	 0.499216	 0.499291	 0.496014	-0.447874
 0.404994	 0.481604	-0.294118	 0.405794	 0.498552	 0.498882	 0.492430	 0.499711	 0.499216	 0.499291	 0.497720	-0.473117
 0.451704	 0.481604	-0.297087	 0.452481	 0.498558	 0.498882	 0.495348	 0.499711	 0.499216	 0.499291	 0.498572	 0.014261
 0.475059	 0.481604	-0.298572	 0.475825	 0.498561	 0.498882	 0.496807	 0.499711	 0.499216	 0.499291	 0.498999	 0.256947
 0.486737	 0.481604	-0.299314	 0.487497	 0.498562	 0.498882	 0.997537	 0.499711	 0.499216	-0.000709	 0.499212	 0.378290
 0.492576	 0.481604	-0.299686	 0.493332	 0.498563	 0.498882	 1.244905	 0.499711	 0.499216	-0.249707	 0.499319	 0.438961
 0.495495	 0.481604	-0.299871	 0.496250	-0.001437	 0.498882	 0.865605	 0.499711	 0.499216	 0.125793	 0.499372	-0.030703
 0.496955	 0.481604	-0.299964	 0.497709	-0.250434	 0.498882	 0.675954	 0.499711	 0.499216	 0.312541	 0.499399	-0.264534
 0.497685	 0.481604	 0.199990	 0.498439	 0.125068	 0.498882	 0.081129	 0.499711	 0.499216	 0.405915	 0.499412	-0.381450
 0.498050	 0.481604	 0.448567	 0.498804	 0.311817	 0.498882	-0.215256	 0.499711	 0.499216	 0.452602	 0.499418	-0.439908
 0.498232	 0.481604	 0.571461	 0.498986	 0.405192	 0.498882	-0.362425	 0.499711	 0.499216	 0.475946	 0.499422	-0.469137
 0.498323	 0.481604	 0.131519	 0.499077	-0.048121	 0.498882	 0.065009	 0.499711	 0.499216	 0.487617	 0.499423	-0.483751
 0.498369	 0.481604	-0.088452	 0.499123	-0.273774	 0.498882	 0.278727	 0.499711	 0.499216	 0.493453	 0.499424	-0.491058
 0.498392	 0.481604	-0.198437	 0.499146	-0.886601	 0.498882	 0.385585	 0.499711	 0.499216	 0.496371	 0.499425	-0.494712
 0.498403	 0.481604	-0.253430	 0.499157	-1.190015	 0.498882	 0.439015	 0.499711	 0.499216	 0.497830	 0.499425	-0.496539
 0.498409	 0.481604	-0.280926	 0.499163	-0.338736	 0.498882	 0.465729	 0.499711	 0.499216	 0.498559	 0.499425	-0.497452
 0.498412	 0.481604	-0.294674	 0.499165	 0.085879	 0.498882	 0.479087	 0.499711	 0.499216	 0.498924	 0.499425	-0.497909
 0.498413	 0.481604	-0.301548	 0.499167	 0.297166	 0.498882	 0.485765	 0.499711	 0.499216	 0.499107	 0.499425	 0.001863
 0.498414	 0.481604	-0.304985	 0.499168	 0.401792	 0.498882	 0.489105	 0.499711	 0.499216	 0.499198	 0.499425	 0.250745
 0.498414	 0.481604	-0.306704	 0.499168	 0.453092	 0.498882	 0.490774	 0.499711	 0.499216	 0.499243	 0.499425	 0.375187
 0.498414	 0.481604	-0.307563	 0.499168	 0.477733	-0.001118	 0.491609	 0.499711	 0.499216	 0.499266	-0.000575	-0.062593
 0.498415	 0.481604	-0.307993	 0.499168	 0.489049	-0.250116	 0.492027	 0.499711	 0.499216	 0.499278	-0.249574	-0.280482
 0.498415	 0.481604	-0.308208	 0.499168	 0.493707	 0.125386	 0.492235	 0.499711	 0.499216	 0.499283	 0.125927	-0.389426
 0.498415	 0.481604	-0.308315	 0.499168	 0.496035	 0.312134	 0.492340	 0.499711	 0.499216	 0.499286	 0.312674	-0.443898
 0.498415	 0.481604	-0.308369	 0.499168	 0.497200	 0.405509	 0.492392	 0.499711	 0.499216	 0.499288	 0.406048	-0.471135
 0.498415	 0.481604	-0.308396	 0.499168	 0.497782	 0.452196	 0.492418	 0.499711	 0.499216	 0.499288	 0.452735	-0.484753
 0.498415	 0.481604	 0.191591	-0.000832	 0.498073	 0.475539	 0.492431	 0.499711	 0.499216	 0.499289	 0.476078	-0.491562
 0.498415	 0.481604	 0.440201	-0.249830	 0.498218	 0.487211	 0.492437	 0.499711	 0.499216	 0.499289	 0.487750	-0.494966
 0.498415	 0.481604	 0.563129	-0.374329	 0.498291	 0.493047	 0.492441	 0.499711	 0.499216	 0.499289	 0.493586	-0.496668
 0.498415	 0.481604	 0.123220	 0.063421	 0.498327	 0.495965	-0.007558	 0.499711	 0.499216	 0.499289	 0.496504	-0.497520
 0.498415	 0.481604	-0.096734	 0.281294	 0.498346	 0.497424	-0.256542	 0.499711	 0.499216	 0.499289	 0.497963	-0.497945
 0.498415	 0.481604	 0.293289	-0.109769	 0.498355	 0.498154	 0.119977	 0.499711	 0.499216	 0.499289	-0.001308	-0.498158
 0.498415	 0.481604	 0.486934	-0.304300	 0.498359	 0.498518	 0.308237	 0.499711	 0.499216	 0.499289	-0.249942	-0.498264
 0.498415	 0.481604	 0.582395	 0.098435	-0.001638	 0.498701	 0.402367	 0.499711	 0.499216	 0.499289	 0.125741	-0.498317
 0.498415	 0.481604	 0.628770	 0.298800	-0.250634	 0.498792	 0.449431	 0.499711	 0.499216	 0.499289	 0.312580	-0.498344
 0.498415	 0.481604	 0.650607	 0.398983	 0.124868	 0.498837	 0.472964	 0.499711	 0.499216	 0.499289	 0.405999	-0.498357
 0.498415	 0.481604	 0.660181	 0.449074	 0.311619	 0.498860	 0.484730	 0.499711	 0.499216	 0.499289	 0.452709	-0.498364
 0.498415	 0.481604	 0.663628	 0.474120	 0.404994	 0.498872	 0.490613	 0.499711	 0.499216	 0.499289	 0.476064	-0.498367
 0.498415	 0.481604	 0.164018	 0.486643	 0.451681	-0.001123	 0.493555	 0.499711	 0.499216	 0.499289	-0.012259	 0.001631
 0.498415	 0.481604	-0.085788	 0.492904	 0.475025	-0.250118	 0.495025	 0.499711	 0.499216	 0.499289	-0.255419	 0.250627
 0.498415	 0.481604	 0.289310	 0.496035	 0.486697	 0.125385	 0.495761	 0.499711	 0.499216	 0.499289	 0.123001	 0.375125
 0.498415	 0.481604	 0.475530	 0.497600	 0.492533	 0.312134	 0.496129	 0.499711	 0.499216	 0.499289	 0.311208	 0.437374
 0.498415	 0.481604	 0.567316	 0.498383	 0.495451	 0.405509	 0.496312	 0.499711	 0.499216	-0.000711	 0.405311	-0.031502
 0.498415	 0.481604	 0.611891	 0.498774	 0.496910	 0.452197	 0.496404	 0.499711	 0.499216	-0.249710	 0.452363	-0.264939
 0.498415	 0.481604	 0.132866	 0.498970	 0.497639	-0.024460	 0.496450	 0.499711	 0.499216	 0.125791	 0.475889	-0.381657
 0.498415	 0.481604	-0.106647	 0.499068	 0.498004	-0.261786	 0.496473	 0.499711	 0.499216	 0.312539	 0.487652	-0.440016
 0.498415	 0.481604	-0.226403	 0.499117	 0.498187	-0.380449	 0.496485	 0.499711	 0.499216	 0.405913	 0.493534	-0.469196
 0.498415	 0.481604	-0.286282	 0.499141	 0.498278	 0.060220	 0.996491	 0.499711	-0.000784	 0.452600	 0.496474	-0.483786
 0.498415	 0.481604	-0.316221	 0.499153	 0.498323	 0.279552	 1.243500	 0.499711	-0.249782	 0.475943	 0.497945	-0.491081
 0.498415	 0.481604	 0.168810	-0.000841	 0.498346	 0.389219	 0.864024	 0.499711	 0.125718	 0.487615	-0.001320	-0.494728
 0.498415	 0.481604	 0.410017	-0.249836	 0.498358	 0.444052	 0.674286	 0.499711	 0.312466	 0.493451	-0.249951	-0.496552
 0.498415	 0.481604	 0.029319	 0.125667	 0.498363	 0.471468	 0.579417	 0.499711	 0.405840	 0.496369	 0.125733	-0.497464
 0.498415	 0.481604	-0.161031	 0.312415	 0.498366	 0.485177	 0.531983	 0.499711	 0.452527	 0.497828	 0.312572	-0.497920
-0.001585	 0.481604	 0.243795	 0.405790	 0.498368	 0.492031	 0.508265	-0.000289	 0.475871	 0.498557	 0.405992	-0.498148
-0.250582	 0.481604	 0.444910	 0.452477	 0.498368	 0.495458	 0.496407	-0.249289	 0.487543	 0.498922	 0.452702	-0.498262
-0.375081	 0.481604	 0.544176	 0.475821	 0.498369	 0.497171	 0.490478	 0.126211	 0.493378	 0.499104	 0.476057	-0.498319
-0.437330	 0.481604	 0.592522	 0.487492	 0.498369	 0.498028	 0.487513	 0.312958	 0.496296	 0.499195	 0.487734	-0.498347
-0.468454	 0.481604	 0.615413	 0.493328	 0.498369	 0.498457	 0.486031	 0.406331	 0.497755	 0.499241	 0.493573	-0.498361
 0.015983	 0.481604	 0.125582	 0.496246	 0.498369	 0.498671	 0.485289	 0.453018	 0.498485	 0.499264	 0.496492	-0.498369
 0.257201	 0.481604	-0.119334	 0.497705	 0.498369	 0.498778	 0.484919	 0.476362	 0.498850	 0.499275	 0.497952	-0.498372
 0.377810	 0.481604	 0.258209	 0.498435	 0.498369	 0.498831	-0.015266	 0.488033	 0.499032	 0.499281	 0.498682	-0.498374
 0.438115	 0.481604	 0.445708	 0.498800	 0.498369	 0.498858	-0.264328	 0.493869	 0.499123	 0.499284	 0.499047	-0.498375
 0.468267	 0.481604	 0.038192	 0.498982	 0.498369	 0.498872	 0.112168	-0.003213	 0.499169	 0.499285	 0.499229	-0.498375
 0.483343	 0.481604	-0.165567	 0.499073	 0.498369	 0.498878	 0.300416	-0.250754	 0.499191	 0.499286	 0.499320	-0.498375
 0.490881	 0.481604	-0.267446	 0.499119	 0.498369	 0.498882	 0.394540	 0.125476	 0.499203	 0.499286	 0.499366	 0.001624
 0.494650	 0.481604	-0.318385	 0.499141	 0.498369	 0.498883	 0.441602	 0.312588	 0.499209	 0.499286	 0.499389	 0.250621
 0.496535	 0.481604	-0.343855	 0.499153	 0.498369	 0.498884	 0.465133	 0.406143	 0.499211	 0.499287	 0.499400	 0.375119
 0.497477	 0.481604	-0.356590	 0.499159	 0.498369	 0.498884	 0.476898	 0.452921	 0.499213	 0.499287	 0.499406	 0.437369
 0.497948	 0.481604	-0.362957	 0.499161	 0.498369	 0.498885	 0.482781	 0.476310	 0.499214	 0.499287	 0.499409	 0.468493
 0.498184	 0.481604	-0.366141	 0.499163	 0.498369	 0.498885	 0.485722	 0.488005	 0.499214	 0.499287	 0.499410	 0.484056
 0.498302	 0.481604	-0.367733	 0.499164	 0.498369	 0.498885	 0.487193	 0.493852	 0.499214	 0.499287	 0.499411	 0.491837
-0.001640	 0.481604	 0.131471	 0.499164	-0.001631	 0.498885	 0.487928	 0.496776	 0.499214	-0.000713	 0.499411	-0.004273
-0.250607	 0.481604	 0.379812	 0.499164	-0.250628	 0.498885	 0.488296	 0.498237	 0.499214	-0.249712	 0.499412	-0.251327
 0.124909	 0.481604	 0.002726	-0.500836	 0.124874	 0.498885	 0.488480	 0.498968	 0.499214	 0.125789	 0.499412	-0.374854
 0.311667	 0.481604	-0.185817	-0.997834	 0.311624	 0.498885	 0.488572	 0.499334	 0.499214	 0.312537	 0.499412	-0.436617
 0.405045	 0.481604	-0.280089	-1.243344	 0.404999	 0.498885	 0.488618	 0.499516	 0.499214	 0.405910	 0.499412	-0.467499
 0.451735	 0.481604	-0.327224	-0.363121	 0.451686	-0.001115	 0.488641	 0.499608	 0.499214	 0.452597	 0.499412	 0.017060
 0.475079	 0.481604	-0.350792	 0.075957	 0.475030	-0.250113	 0.488652	 0.499654	 0.499214	 0.475941	 0.499412	 0.258337
 0.486752	 0.481604	 0.137424	 0.294465	 0.486702	 0.125388	 0.488658	 0.499676	 0.499214	-0.012387	 0.499412	-0.121025
 0.492588	 0.481604	 0.380280	 0.402694	 0.492538	 0.312137	 0.488661	 0.499688	 0.499214	-0.255550	 0.499412	-0.309705
 0.495506	 0.481604	 0.000463	 0.455786	 0.495456	 0.405511	 0.488662	 0.499693	 0.499214	 0.122869	 0.499412	-0.404045
 0.496965	 0.481604	-0.189446	 0.481314	 0.496915	 0.452199	 0.488663	 0.499696	 0.499214	 0.311075	 0.499412	-0.451216
 0.497694	 0.481604	-0.284401	 0.493065	 0.497644	 0.475542	 0.488663	 0.499698	 0.499214	 0.405179	 0.499412	 0.025199
 0.498059	 0.481604	-0.331878	 0.497930	 0.498009	 0.487214	 0.488663	 0.499698	 0.499214	 0.452230	 0.499412	 0.262404
 0.498242	 0.481604	-0.355617	 0.499358	 0.498192	 0.493050	 0.488664	 0.499699	 0.499214	 0.475756	 0.499412	 0.381006
 0.498333	 0.481604	 0.132514	 0.499070	 0.498283	 0.495968	 0.488664	 0.499699	 0.499214	 0.487519	 0.499412	 0.440307
 0.498378	 0.481604	 0.375338	 0.498926	 0.498328	 0.497427	 0.488664	 0.499699	 0.499214	 0.493401	 0.499412	 0.469957
-0.001599	 0.481604	-0.004486	-0.001146	 0.498351	 0.498156	 0.488664	 0.499699	 0.499214	-0.003659	 0.499412	 0.484783
-0.250584	 0.481604	-0.194398	-0.250180	 0.498363	 0.498521	 0.488664	 0.499699	 0.499214	-0.251187	 0.499412	 0.492195
 0.124923	 0.481604	-0.289354	 0.125303	 0.498368	 0.498703	 0.488664	 0.499699	 0.499214	 0.125049	 0.499412	 0.495902
 0.311676	 0.481604	-0.336833	 0.312043	 0.498371	 0.498795	 0.488664	 0.499699	 0.499214	 0.312164	 0.499412	 0.497755
 0.405052	 0.481604	-0.360572	-0.094587	 0.498373	-0.001160	 0.488664	 0.499699	 0.499214	 0.405722	-0.000588	-0.001319
 0.451740	 0.481604	-0.372441	-0.296899	 0.498373	-0.250135	 0.488664	 0.499699	 0.499214	 0.452501	-0.249587	-0.249855
 0.475084	 0.481604	-0.378376	-0.398055	 0.498374	-0.374622	 0.488664	 0.499699	 0.499214	 0.475890	-0.374087	-0.374122
 0.486756	 0.481604	 0.118657	 0.051366	 0.498374	 0.063134	 0.488664	 0.499699	 0.499214	 0.487585	 0.063664	-0.436256
 0.492592	 0.481604	 0.365942	 0.275076	 0.498374	 0.281010	 0.488664	 0.499699	 0.499214	 0.493432	 0.281536	-0.467323
 0.495510	 0.481604	-0.011642	 0.386931	 0.498374	 0.389949	 0.488664	 0.499699	 0.499214	 0.496356	 0.390472	 0.017143
 0.496969	 0.481604	-0.200434	 0.442858	 0.498374	 0.444418	 0.488664	 0.499699	 0.499214	 0.497818	 0.444940	 0.258373
 0.497699	 0.481604	 0.205170	 0.470822	 0.498374	 0.471652	-0.011336	 0.499699	 0.499214	 0.498549	 0.472174	 0.378988
 0.498064	 0.481604	 0.406750	 0.484803	 0.498374	 0.485269	-0.260314	 0.499699	 0.499214	 0.498914	 0.485791	 0.439296
 0.498246	 0.481604	 0.006324	 0.491794	 0.498374	 0.492078	-0.383784	 0.499699	 0.499214	 0.499097	 0.492600	 0.469449
 0.498337	 0.481604	-0.193889	 0.495290	 0.498374	 0.495482	-0.444504	 0.499699	 0.499214	 0.499188	 0.496004	 0.484526
 0.498383	 0.481604	-0.293996	 0.497037	 0.498374	 0.497185	-0.473854	 0.499699	 0.499214	 0.499234	 0.497706	 0.492065
 0.498406	 0.481604	-0.344049	 0.497911	 0.498374	 0.498036	 0.012477	 0.499699	 0.499214	 0.499257	 0.498557	 0.495834
 0.498417	 0.481604	-0.369076	 0.498348	 0.498374	 0.498461	 0.255643	 0.499699	 0.499214	 0.499268	 0.498983	 0.497718
-0.001577	 0.481604	 0.118411	 0.498567	 0.498374	 0.498674	-0.122774	 0.499699	 0.499214	 0.499274	 0.499196	-0.001339
-0.250571	 0.481604	 0.360942	 0.498676	 0.498374	 0.498780	-0.310980	 0.499699	 0.499214	 0.499277	 0.499302	-0.249867
 0.124932	 0.481604	-0.018999	-0.001269	 0.498374	 0.498834	 0.094917	 0.499699	 0.499214	 0.499278	 0.499355	-0.374131
 0.311682	 0.481604	-0.208970	-0.250240	 0.498374	 0.498860	 0.296864	 0.499699	 0.499214	 0.499279	 0.499382	-0.436263
-0.094942	 0.481604	 0.196045	 0.125275	 0.498374	 0.498873	 0.397837	 0.499699	 0.499214	 0.499279	 0.499395	 0.032671
-0.297251	 0.481604	 0.397350	 0.312031	 0.498374	 0.498880	 0.448324	 0.499699	 0.499214	 0.499280	 0.499402	 0.266134
-0.398406	 0.481604	 0.496806	 0.405409	 0.498374	 0.498883	 0.473567	 0.499699	 0.499214	 0.499280	 0.499405	 0.382866
 0.051017	 0.481604	 0.545341	 0.452098	 0.498374	 0.498885	-0.013811	 0.499699	 0.499214	 0.499280	 0.499407	-0.058768
 0.274727	 0.481604	 0.568421	 0.475442	 0.498374	 0.498886	-0.256498	 0.499699	 0.499214	 0.499280	 0.499408	-0.278584
 0.386582	 0.481604	 0.578778	 0.487115	 0.498374	 0.498886	-0.377841	 0.499699	 0.499214	 0.499280	 0.499408	 0.111508
 0.442510	 0.481604	 0.582778	 0.492951	 0.498374	 0.498886	-0.438513	 0.499699	 0.499214	 0.499280	 0.499408	 0.305551
 0.470474	 0.481604	 0.583604	 0.495869	 0.498374	 0.498887	 0.031151	-0.000301	-0.000786	 0.499280	 0.499408	 0.402572
 0.484456	 0.481604	 0.582849	 0.497328	 0.498374	 0.498887	 0.264981	-0.249300	-0.249784	 0.499280	 0.499408	 0.451083
 0.491447	 0.481604	 0.581307	 0.498057	-0.001626	 0.498887	 0.381897	 0.126200	 0.625717	 0.499280	 0.499408	-0.024662
 0.494942	 0.481604	 0.579376	 0.498422	-0.250623	 0.498887	 0.440354	 0.312947	 1.060465	 0.499280	 0.499408	-0.261533
 0.496690	 0.481604	 0.577256	 0.498605	-0.375121	 0.498887	 0.469583	 0.406320	 1.274848	 0.499280	 0.499408	-0.379969
 0.497564	 0.481604	 0.075046	-0.001304	 0.062630	-0.001113	 0.484197	 0.453007	 0.879061	 0.499280	 0.499408	-0.439187
 0.498001	 0.481604	-0.176060	-0.250256	 0.280504	-0.250111	 0.491505	 0.476350	 0.681168	 0.499280	 0.499408	-0.468796
 0.498219	 0.481604	-0.301612	 0.125268	 0.389442	 0.125390	 0.495158	 0.488022	 0.582221	 0.499280	 0.499408	-0.483600
 0.498328	 0.481604	-0.364388	 0.312028	 0.443910	 0.312139	 0.496985	 0.493858	 0.532748	 0.499280	 0.499408	-0.491003
 0.498383	 0.481604	 0.104223	 0.405408	 0.471145	-0.094487	 0.497898	 0.496776	 0.508011	-0.000720	 0.499408	 0.005296
 0.498410	 0.481604	 0.337384	 0.452098	 0.484762	-0.296797	 0.498355	 0.498235	 0.495643	-0.249719	 0.499408	 0.252442
 0.498424	 0.481604	-0.047177	 0.475444	-0.008430	 0.102047	 0.498584	 0.498964	 0.489459	 0.125782	 0.499408	 0.376016
 0.498431	 0.481604	-0.239458	 0.487116	-0.254022	 0.300468	 0.498698	 0.499329	 0.486367	 0.312530	 0.499408	 0.437802
 0.498434	 0.481604	-0.335598	 0.492952	-0.376818	 0.399678	 0.498755	 0.499511	 0.484821	 0.405904	 0.499408	 0.468695
 0.498436	 0.481604	-0.383668	 0.495870	-0.438216	 0.449283	-0.001217	 0.499602	 0.484048	 0.452591	 0.499408	 0.484142
 0.498437	 0.481604	-0.407703	 0.497330	-0.468916	 0.474086	-0.250200	 0.499648	 0.483661	 0.475934	 0.499408	 0.491865
 0.498437	 0.481604	 0.080279	 0.498059	 0.015735	 0.486487	 0.125308	 0.499671	 0.483468	-0.012394	 0.499408	 0.495727
 0.498437	 0.481604	 0.323134	 0.498424	 0.257059	 0.492688	 0.312061	 0.499682	 0.483371	-0.255557	 0.499408	 0.497658
 0.498437	 0.481604	-0.056571	 0.498606	 0.377722	 0.495788	 0.405437	 0.499688	 0.483323	 0.122862	 0.499408	-0.001377
 0.498437	 0.481604	-0.246423	 0.498697	 0.438053	 0.497338	 0.452125	 0.499691	 0.483299	 0.311069	 0.499408	-0.249893
-0.001562	 0.481604	-0.341349	 0.498743	 0.468218	 0.498113	 0.475469	-0.000308	 0.483287	 0.405172	 0.499408	-0.374151
-0.250559	 0.481604	-0.388812	 0.498766	 0.483301	 0.498501	 0.487141	-0.249306	 0.483281	 0.452224	 0.499408	-0.436281
-0.375058	 0.481604	-0.412544	 0.498777	 0.490843	 0.498695	 0.492977	-0.373806	 0.483278	 0.475749	 0.499408	-0.467345
 0.062693	 0.481604	-0.424409	 0.498783	 0.494613	-0.001208	 0.495895	 0.063945	 0.483276	 0.487512	 0.499408	 0.017123
 0.280568	 0.481604	-0.430342	 0.498786	 0.496499	-0.250158	 0.497354	 0.281816	 0.483276	 0.493394	 0.499408	 0.258353
 0.389505	 0.481604	-0.433309	 0.498787	 0.497441	 0.125368	 0.498084	 0.390752	 0.483275	 0.496335	 0.499408	 0.378969
 0.443973	 0.481604	-0.434792	 0.498788	 0.497913	 0.312128	 0.498449	 0.445220	 0.483275	 0.497805	 0.499408	 0.439276
 0.471208	 0.481604	-0.435534	-0.001212	 0.498148	 0.405509	 0.498631	 0.472454	 0.483275	 0.498540	 0.499408	 0.469430
 0.484825	 0.481604	-0.435904	-0.250209	 0.498266	 0.452199	 0.498722	 0.486071	 0.483275	 0.498908	 0.499408	 0.484507
-0.008367	 0.481604	-0.436090	 0.125292	 0.498325	 0.475544	 0.498768	 0.492880	 0.483275	 0.499092	 0.499408	-0.007954
-0.253959	 0.481604	-0.436182	 0.312041	 0.498354	 0.487217	 0.498791	 0.496284	 0.483275	 0.499183	 0.499408	-0.253184
-0.376755	 0.481604	-0.436229	 0.405416	 0.498369	 0.493053	 0.498802	 0.497986	 0.483275	 0.499229	 0.499408	-0.375799
 0.061846	 0.481604	 0.063748	-0.047897	 0.498377	 0.495971	-0.001192	 0.498837	 0.483275	 0.499252	 0.499408	-0.437107
 0.280146	 0.481604	 0.312609	-0.273551	 0.498380	 0.497430	-0.250187	 0.499263	 0.483275	 0.499264	 0.499408	-0.467761
 0.389296	 0.481604	 0.435916	 0.113622	 0.498382	 0.498160	 0.125315	 0.499475	 0.483275	 0.499270	 0.499408	 0.016913
 0.443871	 0.481604	 0.496452	 0.306207	 0.498383	 0.498525	 0.312065	 0.499582	 0.483275	 0.499272	 0.499408	 0.258246
 0.471159	 0.481604	 0.025605	 0.402499	 0.498383	 0.498707	 0.405440	 0.499635	 0.483275	 0.499274	 0.499408	-0.121087
 0.484803	 0.481604	-0.209818	 0.450646	 0.498384	 0.498798	 0.452127	 0.499661	 0.483275	 0.499275	 0.499408	-0.309753
 0.491625	 0.481604	 0.172471	 0.474719	-0.001616	 0.498844	 0.475471	 0.499675	 0.483275	 0.499275	 0.499408	 0.095914
 0.495036	 0.481604	 0.362505	 0.486755	-0.250613	 0.498867	 0.487143	 0.499681	 0.483275	 0.499275	 0.499408	 0.297744
 0.496741	 0.481604	-0.043582	 0.492774	 0.124889	 0.498878	 0.492979	 0.499685	 0.483275	 0.499275	 0.499408	 0.398659
 0.497594	 0.481604	-0.246626	 0.495783	 0.311639	 0.498884	 0.495897	 0.499686	 0.483275	 0.499275	 0.499408	 0.449117
 0.498020	 0.481604	-0.348148	 0.497287	 0.405014	 0.498886	 0.497356	 0.499687	 0.483275	 0.499275	 0.499408	 0.474346
 0.498233	 0.481604	-0.398909	 0.498040	 0.451701	 0.498888	 0.498085	 0.499688	 0.483275	 0.499275	 0.499408	 0.486960
 0.498340	 0.481604	-0.424290	 0.498416	 0.475045	 0.498889	 0.498450	 0.499688	 0.483275	 0.499275	 0.499408	 0.493267
 0.498393	 0.481604	 0.063020	 0.498604	 0.486717	 0.498889	-0.001368	 0.499688	 0.483275	 0.499275	 0.499408	-0.003579
 0.498420	 0.481604	 0.305574	 0.498698	 0.492553	 0.498889	-0.250274	 0.499688	 0.483275	 0.499275	 0.499408	-0.251001
 0.498433	 0.481604	-0.074245	 0.498745	-0.004529	 0.498889	 0.125273	 0.499688	 0.483275	 0.499275	 0.499408	 0.125288
 0.498440	 0.481604	-0.264154	 0.498768	-0.252067	 0.498889	 0.312045	 0.499688	 0.483275	 0.499275	 0.499408	 0.312429
 0.498443	 0.481604	-0.359109	-0.001220	 0.124164	 0.498889	 0.405430	-0.000312	 0.483275	 0.499275	 0.499408	 0.405999
 0.498445	 0.481604	-0.406586	-0.250212	 0.311279	 0.498889	 0.452123	-0.249311	 0.483275	 0.499275	 0.499408	 0.452785
 0.498446	 0.481604	-0.430325	-0.374707	 0.404836	 0.498889	 0.475470	-0.373811	 0.483275	 0.499275	 0.499408	 0.476177
-0.001554	 0.481604	-0.442195	 0.063045	 0.451615	 0.498889	 0.487143	 0.063939	 0.483275	 0.499275	 0.499408	-0.012126
-0.250551	 0.481604	-0.448129	 0.280919	 0.475004	 0.498889	 0.492980	 0.281811	 0.483275	 0.499275	 0.499408	-0.255277
 0.124951	 0.481604	-0.451097	-0.110144	 0.486699	 0.498889	 0.495898	 0.390747	 0.483275	 0.499275	-0.000592	 0.123147
 0.311701	 0.481604	-0.452580	-0.304673	 0.492546	 0.498889	 0.497357	 0.445215	 0.483275	 0.499275	-0.249590	 0.311356
 0.405076	 0.481604	-0.453322	 0.098063	-0.004530	 0.498889	 0.498087	 0.472449	 0.483275	-0.000725	 0.125910	 0.405461
 0.451763	 0.481604	-0.453693	 0.298429	-0.252065	 0.498889	 0.498451	 0.486066	 0.483275	-0.249723	 0.312658	 0.452513
 0.475107	 0.481604	-0.453878	 0.398612	 0.124168	 0.498889	 0.498634	 0.492874	 0.483275	 0.125777	 0.406031	 0.476039
 0.486779	 0.481604	-0.453971	 0.448704	 0.311283	 0.498889	 0.498725	 0.496278	 0.483275	 0.312525	 0.452718	 0.487802
 0.492615	 0.481604	-0.454017	 0.473749	 0.404841	 0.498889	 0.498771	 0.497980	 0.483275	 0.405899	 0.476062	 0.493684
 0.495533	 0.481604	-0.454041	 0.486272	 0.451620	 0.498889	 0.498793	 0.498831	 0.483275	 0.452586	 0.487733	-0.003375
 0.496992	 0.481604	-0.454052	 0.492534	 0.475009	 0.498889	 0.498805	 0.499257	 0.483275	 0.475930	 0.493569	-0.250904
 0.497721	 0.481604	 0.045942	-0.004336	 0.486704	 0.498889	 0.498811	 0.499470	 0.483275	 0.487601	 0.496487	 0.125332
 0.498086	 0.481604	 0.294847	-0.251768	 0.492551	 0.498889	 0.498813	 0.499576	 0.483275	 0.493437	 0.497946	 0.312446
 0.498268	 0.481604	-0.081788	-0.375484	 0.495475	-0.001111	 0.498815	 0.499629	 0.483275	 0.496355	 0.498676	-0.093996
 0.498360	 0.481604	-0.270105	-0.437342	 0.496937	-0.250108	 0.498816	 0.499656	 0.483275	 0.497814	 0.499040	-0.296217
 0.498405	 0.481604	-0.364264	 0.031729	 0.497668	 0.125393	 0.498816	 0.499669	 0.483275	 0.498544	 0.499223	 0.102673
 0.498428	 0.481604	-0.411343	 0.265263	 0.498033	 0.312141	 0.498816	 0.499676	 0.483275	 0.498908	 0.499314	 0.301115
 0.498439	 0.481604	-0.434883	 0.382030	 0.498216	 0.405516	 0.498816	 0.499679	 0.483275	 0.499091	 0.499360	 0.400336
 0.498445	 0.481604	 0.053347	 0.440413	 0.498307	-0.047797	-0.001184	 0.499681	 0.483275	 0.499182	 0.499382	 0.449946
 0.498448	 0.481604	 0.296379	 0.469605	 0.498353	-0.273451	-0.250181	 0.499682	 0.483275	 0.499228	 0.499394	 0.474751
 0.498449	 0.481604	-0.083184	 0.484201	 0.498376	 0.113722	 0.125320	 0.499682	 0.483275	-0.000750	 0.499399	-0.012846
 0.498450	 0.481604	-0.272965	 0.491499	 0.498387	 0.306306	 0.312069	 0.499682	 0.483275	-0.249737	 0.499402	-0.255644
-0.001549	 0.481604	 0.132144	 0.495148	 0.498393	 0.402599	 0.405443	 0.499682	 0.483275	 0.125770	 0.499404	 0.122957
-0.250546	 0.481604	 0.333624	 0.496972	 0.498396	 0.450745	 0.452130	 0.499682	 0.483275	 0.312520	 0.499404	 0.311255
 0.124955	 0.481604	-0.066706	-0.002115	 0.498397	-0.025182	 0.475474	-0.000317	 0.483275	 0.405896	 0.499405	-0.094597
 0.311705	 0.481604	-0.266871	-0.250657	 0.498398	-0.262143	 0.487146	-0.249317	 0.483275	 0.452583	 0.499405	-0.296521
 0.405080	 0.481604	-0.366953	-0.374928	 0.498398	-0.380624	 0.492982	-0.373817	 0.483275	 0.475927	 0.499405	-0.397484
 0.451768	 0.481604	 0.083005	 0.062937	 0.498398	 0.060136	-0.004100	 0.063934	 0.483275	 0.487599	 0.499405	 0.052035
 0.475111	 0.481604	 0.306919	 0.280868	 0.498398	 0.279514	-0.251639	 0.281805	 0.483275	 0.493435	 0.499405	 0.275791
 0.486783	 0.481604	-0.082186	 0.389833	 0.498398	 0.389203	 0.124592	 0.390741	 0.483275	 0.496353	 0.499405	 0.387669
 0.492619	 0.481604	-0.276739	 0.444316	 0.498398	 0.444047	 0.311705	 0.445209	 0.483275	 0.497812	 0.499405	 0.443609
 0.495537	 0.481604	-0.374015	 0.471557	 0.498398	 0.471470	 0.405262	 0.472443	 0.483275	 0.498541	 0.499405	 0.471578
 0.496996	 0.481604	-0.422653	 0.485178	 0.498398	 0.485181	 0.452041	 0.486060	 0.483275	 0.498906	 0.499405	 0.485563
 0.497726	 0.481604	 0.053028	 0.491988	 0.498398	 0.492036	 0.475430	 0.492869	 0.483275	 0.499089	 0.499405	 0.492555
 0.498090	 0.481604	 0.289811	 0.495393	 0.498398	 0.495464	 0.487125	 0.496273	 0.483275	 0.499180	 0.499405	 0.496051
 0.498273	 0.481604	 0.407149	 0.497096	 0.498398	 0.497178	 0.492972	 0.497975	 0.483275	 0.499225	 0.499405	 0.497800
 0.498364	 0.481604	-0.035231	 0.497947	 0.498398	 0.498035	 0.495896	 0.498826	 0.483275	 0.499248	 0.499405	 0.498674
 0.498410	 0.481604	-0.256420	 0.498373	 0.498398	 0.498463	 0.497357	 0.499252	 0.483275	 0.499259	 0.499405	 0.499111
 0.498432	 0.481604	-0.367015	 0.498586	 0.498398	 0.498678	 0.498088	 0.499464	 0.483275	 0.499265	 0.499405	 0.499329
 0.498444	 0.481604	-0.422313	 0.498692	 0.498398	 0.498785	 0.498454	 0.499571	 0.483275	 0.499268	 0.499405	 0.499438
-0.001550	 0.481604	-0.449962	 0.498745	 0.498398	 0.498838	 0.498636	-0.000376	 0.483275	 0.499269	 0.499405	 0.499493
-0.250545	 0.481604	-0.463786	 0.498772	 0.498398	 0.498865	 0.498728	-0.249349	 0.483275	 0.499270	 0.499405	 0.499520
 0.124958	 0.481604	-0.470698	 0.498785	 0.498398	 0.498879	 0.498773	 0.126165	 0.483275	 0.499271	 0.499405	 0.499534
 0.311709	 0.481604	-0.474154	 0.498792	 0.498398	 0.498885	 0.498796	 0.312918	 0.483275	 0.499271	 0.499405	 0.499541
 0.405084	 0.481604	-0.475882	 0.498795	 0.498398	 0.498889	 0.498808	 0.406295	 0.483275	 0.499271	 0.499405	 0.499544
-0.048228	 0.481604	-0.476746	 0.498797	 0.498398	 0.498890	 0.498813	 0.452983	 0.483275	 0.499271	 0.499405	-0.000454
-0.273881	 0.481604	-0.477178	 0.498798	 0.498398	 0.498891	 0.498816	 0.476327	 0.483275	 0.499271	 0.499405	-0.249452
 0.113292	 0.481604	 0.022606	-0.001202	-0.001602	 0.498892	 0.498818	 0.488000	 0.483275	 0.499271	 0.499405	 0.126049
 0.305878	 0.481604	 0.271453	-0.250199	-0.250598	 0.498892	 0.498818	 0.493836	 0.483275	 0.499271	 0.499405	 0.312796
 0.402171	 0.481604	-0.105164	 0.125302	 0.124903	 0.498892	-0.001181	 0.496754	 0.483275	 0.499271	 0.499405	 0.406170
 0.450317	 0.481604	-0.293473	 0.312051	 0.311653	 0.498892	-0.250179	 0.498213	 0.483275	 0.499271	 0.499405	 0.452856
 0.474391	 0.481604	 0.112373	 0.405425	 0.405028	 0.498892	 0.125323	 0.498942	 0.483275	 0.499271	 0.499405	-0.023800
 0.486427	 0.481604	 0.314260	 0.452113	 0.451716	 0.498892	 0.312072	 0.499307	 0.483275	 0.499271	 0.499405	-0.261128
 0.492446	 0.481604	 0.414171	 0.475456	-0.024940	-0.001108	 0.405446	 0.499489	 0.483275	 0.499271	 0.499405	-0.379791
 0.495455	 0.481604	 0.463098	 0.487128	-0.262265	-0.250106	 0.452133	 0.499580	 0.483275	 0.499271	 0.499405	-0.439123
 0.496959	 0.481604	 0.486537	 0.492964	-0.380928	-0.374605	 0.475477	 0.499626	 0.483275	 0.499271	 0.499405	-0.468789
 0.497712	 0.481604	-0.002763	 0.495882	 0.059741	 0.063146	 0.487149	 0.499649	 0.483275	-0.000729	 0.499405	 0.016378
 0.498088	 0.481604	-0.247413	 0.497341	 0.279074	 0.281019	 0.492985	 0.499660	 0.483275	-0.249728	 0.499405	 0.257958
 0.498276	 0.481604	-0.369738	 0.498071	 0.388741	 0.389956	 0.495903	 0.499666	 0.483275	 0.125773	 0.499405	 0.378749
 0.498370	 0.481604	-0.430900	 0.498435	 0.443575	 0.444424	 0.497362	 0.499669	 0.483275	 0.312521	 0.499405	 0.439144
 0.498417	 0.481604	 0.038518	 0.498618	 0.470991	 0.471659	 0.498091	 0.499670	 0.483275	 0.405895	 0.499405	 0.469341
 0.498440	 0.481604	 0.272212	 0.498709	 0.484700	 0.485276	 0.498456	 0.499671	 0.483275	 0.452582	 0.499405	 0.484440
 0.498452	 0.481604	-0.111953	 0.498754	 0.491554	 0.492084	 0.498638	 0.499671	 0.483275	 0.475925	 0.499405	-0.008011
 0.498458	 0.481604	-0.304036	 0.498777	 0.494981	 0.495489	 0.498729	 0.499671	 0.483275	 0.487597	 0.499405	-0.253235
 0.498461	 0.481604	-0.400077	 0.498789	 0.496694	 0.497191	 0.498775	 0.499672	 0.483275	 0.493433	 0.499405	-0.375847
-0.001538	 0.481604	-0.448098	 0.498794	 0.497551	 0.498042	 0.498798	 0.499672	 0.483275	 0.496351	 0.499405	-0.437153
-0.250534	 0.481604	-0.472108	 0.498797	 0.497980	 0.498467	 0.498809	 0.499672	 0.483275	 0.497810	 0.499405	-0.467806
 0.124968	 0.481604	-0.484113	 0.498799	 0.498194	 0.498680	 0.998815	 0.499672	 0.483275	 0.498539	 0.499405	 0.016867
 0.311718	 0.481604	-0.490116	 0.498799	 0.498301	 0.498786	 1.245820	 0.499672	 0.483275	 0.498904	 0.499405	 0.258201
-0.094907	 0.481604	-0.493117	 0.498800	 0.498354	 0.498840	 0.866337	 0.499672	 0.483275	 0.499086	 0.499405	-0.121132
-0.297216	 0.481604	-0.494618	 0.498800	 0.498381	 0.498866	 0.676596	 0.499672	 0.483275	 0.499178	 0.499405	-0.309798
 0.101629	 0.981604	 0.004632	 0.498800	 0.498395	-0.001121	 0.581725	 0.499672	 0.483275	 0.499223	 0.499405	-0.404131
 0.300051	 1.228641	 0.253249	 0.498800	 0.498401	-0.250112	 0.534289	 0.499672	 0.483275	 0.499246	 0.499405	-0.451297
 0.399262	 1.349208	 0.376554	 0.498800	 0.498405	-0.374607	 0.510572	 0.499672	 0.483275	 0.499257	 0.499405	-0.474880
 0.448867	 0.906552	-0.061794	 0.498800	-0.501594	 0.063145	 0.498713	 0.499672	 0.483275	 0.499263	 0.499405	 0.013328
 0.473670	 0.685224	-0.279967	 0.498800	-0.998590	 0.281019	 0.492783	 0.499672	 0.483275	 0.499266	 0.499405	 0.256429
 0.486071	 0.574560	-0.389054	 0.498800	-0.244096	 0.389956	 0.489819	 0.499672	 0.483275	 0.499267	 0.499405	 0.377980
 0.492272	 0.519228	-0.443597	 0.498800	 0.132129	 0.444425	 0.488336	 0.499672	 0.483275	 0.499268	 0.499405	 0.438755
 0.495372	 0.491562	 0.029131	 0.498800	 0.319226	 0.471659	 0.487595	 0.499672	 0.483275	 0.499268	 0.499405	 0.469143
 0.496922	 0.477729	 0.264491	 0.498800	 0.411761	 0.485276	 0.487225	 0.499672	 0.483275	 0.499269	 0.499405	 0.484336
 0.497697	 0.470812	-0.117828	 0.498800	 0.457020	 0.492085	 0.487039	 0.499672	 0.483275	 0.499269	 0.499405	 0.491933
 0.498085	 0.467354	-0.307988	 0.498800	 0.478645	 0.495489	 0.486947	 0.499672	 0.483275	 0.499269	 0.499405	 0.495732
 0.498279	 0.465625	-0.403068	 0.498800	 0.488457	 0.497191	 0.486900	 0.499672	 0.483275	 0.499269	 0.499405	 0.497631
 0.498375	 0.464760	-0.450608	 0.498800	 0.493363	 0.498043	 0.486877	 0.499672	 0.483275	 0.499269	 0.499405	 0.498581
 0.498424	 0.464328	-0.474378	 0.498800	 0.495816	 0.498468	 0.486866	 0.499672	 0.483275	 0.499269	 0.499405	 0.499055
 0.498448	 0.464112	-0.486263	 0.498800	 0.497043	-0.001319	 0.486860	 0.499672	 0.483275	 0.499269	 0.499405	-0.000707
 0.498460	 0.464004	-0.492205	 0.498800	 0.497656	-0.250211	 0.486857	 0.499672	 0.483275	 0.499269	 0.499405	-0.249587
 0.498466	 0.463950	-0.495176	-0.001200	 0.497962	 0.125344	 0.486855	-0.000328	 0.483275	 0.499269	 0.499405	 0.125972
 0.498469	 0.463923	-0.496662	-0.250198	 0.498116	 0.312119	 0.486855	-0.249328	 0.483275	 0.499269	 0.499405	 0.312749
-0.001529	 0.463909	 0.002595	 0.125304	 0.498192	 0.405507	 0.486854	 0.126173	 0.483275	-0.000731	 0.499405	-0.093862
-0.250525	 0.463902	 0.251220	 0.312053	 0.498231	 0.452201	 0.486854	 0.312919	 0.483275	-0.249730	 0.499405	-0.296167
-0.375023	 0.463899	 0.375533	 0.405427	 0.498250	 0.475548	 0.486854	 0.406293	 0.483275	-0.374229	 0.499405	-0.397320
 0.062728	 0.463897	 0.437689	 0.452114	 0.498259	 0.487221	 0.486854	 0.452980	 0.483275	 0.063521	 0.499405	 0.052104
 0.280602	 0.463896	 0.468767	 0.475458	 0.498264	 0.493058	 0.486854	 0.476323	 0.483275	 0.281394	 0.499405	 0.275813
-0.110461	 0.463896	 0.484306	-0.012870	-0.001733	 0.495976	 0.486854	 0.487995	 0.483275	 0.390330	 0.499405	 0.387667
-0.304989	 0.463896	 0.492076	-0.256032	-0.250729	 0.497435	 0.486854	 0.493830	 0.483275	 0.444798	 0.499405	 0.443595
 0.097747	 0.463896	-0.004040	 0.122387	 0.124774	 0.498165	 0.486854	 0.496748	 0.483275	 0.472032	 0.499405	 0.471558
 0.298114	 0.463896	-0.251097	 0.310595	 0.311524	 0.498530	 0.486854	 0.498207	 0.483275	 0.485650	 0.499405	 0.485540
 0.398297	 0.463896	-0.374626	 0.404699	 0.404900	 0.498712	 0.486854	 0.498937	 0.483275	-0.007542	-0.000595	-0.007469
 0.448389	 0.463896	-0.436390	 0.451751	 0.451587	 0.498803	 0.486854	 0.499302	 0.483275	-0.253136	-0.249594	-0.252973
 0.473435	 0.463896	-0.467272	 0.475277	 0.474931	 0.498849	 0.486854	 0.499484	 0.483275	-0.375933	-0.374093	-0.375724
 0.485958	 0.463896	-0.482713	 0.487040	 0.486603	 0.498872	 0.486854	 0.499575	 0.483275	 0.062668	 0.063657	 0.062900
 0.492219	 0.463896	-0.490434	 0.492922	 0.492439	 0.498883	 0.486854	 0.499621	 0.483275	 0.280966	 0.281530	 0.281209
 0.495350	 0.963896	 0.005706	 0.495862	 0.495357	 0.498889	 0.486854	 0.499643	 0.483275	 0.390115	 0.390466	 0.390363
 0.496915	 1.210968	 0.252772	 0.497333	 0.496816	 0.498892	 0.486854	 0.499655	 0.483275	 0.444690	 0.444934	 0.444940
 0.497698	 0.831588	-0.123695	 0.498068	 0.497545	 0.498893	 0.486854	 0.499661	 0.483275	 0.471977	 0.472168	 0.472229
 0.498089	 0.641898	-0.310928	 0.498436	 0.497910	 0.498894	 0.486854	 0.499663	 0.483275	 0.485621	 0.485785	 0.485873
 0.498285	 0.547053	-0.404544	 0.498619	 0.498092	 0.498894	 0.486854	 0.499665	 0.483275	 0.492443	 0.492593	 0.492695
 0.498383	 0.499630	-0.451353	 0.498711	 0.498184	 0.498894	 0.486854	 0.499666	 0.483275	 0.495854	 0.495998	 0.496107
 0.498432	 0.475919	-0.474757	 0.498757	 0.498229	 0.498894	 0.486854	 0.499666	 0.483275	 0.497559	 0.497700	 0.497812
 0.498456	 0.464063	-0.486459	 0.498780	 0.498252	 0.498894	 0.486854	 0.499666	 0.983275	 0.498412	 0.498551	-0.001335
 0.498468	 0.458136	-0.492310	 0.498792	 0.498263	 0.498894	 0.486854	 0.499666	 1.230308	 0.498838	 0.498976	-0.249908
 0.498475	 0.455172	-0.495236	 0.498797	 0.498269	 0.498894	 0.486854	 0.499666	 0.850870	 0.499051	 0.499189	 0.125806
 0.498478	 0.453690	-0.496698	 0.498800	 0.498272	 0.498894	 0.486854	 0.499666	 0.661151	 0.499158	 0.499295	 0.312660
 0.498479	 0.452949	 0.002570	 0.498802	-0.001727	 0.498894	 0.486854	 0.499666	 0.566292	 0.499211	 0.499349	 0.406087
 0.498480	 0.452578	 0.251201	 0.498802	-0.250722	 0.498894	 0.486854	 0.499666	 0.518862	 0.499238	 0.499375	 0.452800
 0.498480	 0.452393	 0.375516	 0.498803	 0.124780	 0.498894	 0.486854	 0.499666	 0.495147	 0.499251	 0.499389	-0.023843
 0.498481	 0.452300	 0.437674	 0.498803	 0.311530	 0.498894	 0.486854	 0.499666	 0.483290	 0.499258	 0.499395	-0.261164
 0.498481	 0.452254	 0.468753	 0.498803	 0.404905	 0.498894	 0.486854	 0.499666	 0.477361	 0.499261	 0.499399	-0.379824
 0.498481	 0.452231	-0.015708	 0.498803	 0.451593	 0.498894	-0.013146	 0.499666	 0.474397	 0.499263	-0.000600	-0.439154
 0.498481	 0.452219	-0.256938	 0.498803	 0.474937	 0.498894	-0.262120	 0.499666	 0.472915	 0.499264	-0.249598	-0.468820
 0.498481	 0.452214	-0.377553	 0.498803	 0.486609	 0.498894	 0.114416	 0.499666	 0.472173	 0.499264	 0.125903	 0.016348
 0.498481	 0.452211	-0.437860	 0.498803	 0.492445	 0.498894	 0.302683	 0.499666	 0.471803	 0.499264	 0.312651	 0.257929
 0.498481	 0.452209	-0.468014	 0.498803	 0.495363	 0.498894	 0.396817	 0.499666	 0.471618	 0.499264	 0.406025	 0.378719
 0.498481	 0.452209	-0.483091	 0.498803	 0.496822	 0.498894	 0.443884	 0.499666	 0.471525	 0.499264	 0.452712	 0.439114
-0.001519	 0.452208	-0.490629	 0.498803	 0.497551	 0.498894	 0.467418	 0.499666	 0.471479	 0.499264	 0.476055	 0.469312
-0.250516	 0.452208	-0.494399	 0.498803	 0.497916	 0.498894	 0.479184	 0.499666	 0.471455	 0.499264	 0.487727	 0.484411
-0.375015	 0.452208	-0.496283	 0.498803	 0.498098	 0.498894	 0.485068	 0.499666	 0.471444	 0.499264	 0.493563	 0.491960
 0.062736	 0.452208	-0.497225	 0.498803	 0.498189	-0.001106	 0.488009	 0.499666	 0.471438	 0.499264	 0.496481	 0.495735
 0.280610	 0.452208	-0.497697	 0.498803	 0.498235	-0.250103	 0.489480	 0.499666	 0.471435	 0.499264	 0.497940	 0.497622
-0.110452	 0.452208	-0.497932	 0.498803	 0.498258	 0.125398	-0.009784	 0.499666	 0.471434	 0.499264	 0.498669	 0.498566
-0.304981	 0.452208	-0.498050	 0.498803	 0.498269	 0.312147	-0.258399	 0.499666	 0.471433	 0.499264	 0.499034	 0.499038
 0.097755	 0.452208	 0.001891	 0.498803	 0.498275	 0.405521	 0.118308	 0.499666	-0.028567	 0.499264	 0.499216	 0.499273
 0.298122	 0.452208	 0.250858	 0.498803	 0.498278	 0.452208	 0.306662	 0.499666	-0.277510	 0.499264	 0.499307	 0.499391
 0.398305	 0.452208	-0.124659	 0.498803	 0.498279	 0.475552	 0.400838	 0.499666	 0.099071	 0.499264	 0.499353	 0.499450
 0.448397	 0.452208	-0.311416	 0.498803	 0.498280	 0.487223	 0.447927	 0.499666	 0.287362	 0.499264	 0.499376	 0.499480
 0.473443	 0.452208	-0.404795	-0.001197	 0.498280	 0.493059	 0.471471	 0.499666	 0.381507	 0.499264	 0.499387	 0.499495
 0.485966	 0.452208	-0.451485	-0.250194	 0.498280	 0.495977	 0.483243	 0.499666	 0.428580	 0.499264	 0.499393	 0.499502
 0.492227	 0.452208	-0.474830	-0.374693	 0.498281	 0.497436	 0.489129	 0.499666	 0.452116	 0.499264	 0.499396	 0.499506
 0.495358	 0.452208	 0.013498	 0.063057	 0.498281	 0.498166	 0.492072	 0.499666	 0.463884	 0.499264	 0.499397	 0.499508
 0.496924	 0.452208	 0.256658	 0.280931	 0.498281	 0.498531	 0.493544	 0.499666	 0.469768	 0.499264	 0.499398	 0.499508
 0.497706	 0.452208	-0.121762	 0.389868	 0.498281	 0.498713	-0.005721	 0.499666	 0.472710	 0.499264	 0.499398	 0.499509
 0.498098	 0.452208	-0.309971	 0.444336	 0.498281	 0.498804	-0.254343	 0.499666	 0.474181	 0.499264	 0.499398	 0.499509
 0.498293	 0.452208	-0.404076	 0.471571	 0.498281	 0.498850	 0.122352	 0.499666	 0.474917	 0.499264	 0.499399	-0.000491
 0.498391	 0.452208	-0.451129	 0.485188	 0.498281	 0.498872	 0.310700	 0.499666	 0.475285	 0.499264	 0.499399	-0.249490
 0.498440	 0.452208	-0.474655	 0.491996	 0.498281	 0.498884	 0.904873	 0.499666	 0.475469	 0.499264	 0.499399	-0.373989
 0.498464	 0.452208	-0.486418	 0.495400	 0.498281	 0.498890	 1.198962	 0.499666	 0.475560	 0.499264	 0.499399	-0.436239
 0.498477	 0.452208	-0.492299	 0.497103	 0.498281	 0.498892	 1.343020	 0.499666	 0.475606	 0.499264	 0.499399	-0.467364
 0.498483	 0.452208	 0.004760	 0.497954	 0.498281	-0.001106	 0.912075	 0.499666	 0.475629	 0.499264	 0.499399	-0.482926
 0.498486	 0.452208	 0.252286	 0.498379	 0.498281	-0.250103	 0.696603	 0.499666	 0.475641	 0.499264	 0.499399	-0.490707
 0.498487	 0.452208	-0.123951	 0.498592	 0.498281	-0.374602	 0.588867	 0.499666	 0.475647	 0.499264	 0.499399	 0.005402
 0.498488	 0.452208	-0.311069	 0.498698	 0.498281	-0.436851	 0.534998	 0.499666	 0.475650	 0.499264	 0.499399	 0.252454
 0.498489	 0.452208	-0.404628	-0.001248	 0.498281	 0.032024	 0.508064	-0.000334	 0.475651	 0.499264	-0.000601	 0.375979
 0.498489	 0.452208	-0.451408	-0.250219	 0.498281	 0.265460	 0.494597	-0.249333	 0.475652	 0.499264	-0.249600	 0.437742
 0.498489	 0.452208	-0.474798	 0.125295	 0.498281	 0.382178	 0.487864	 0.126167	 0.475652	 0.499264	 0.125900	 0.468624
 0.498489	 0.452208	-0.486493	 0.312051	 0.498281	 0.440537	 0.484497	 0.312914	 0.475652	 0.499264	 0.312648	 0.484065
 0.498489	 0.452208	-0.492340	 0.405428	 0.498281	 0.469717	 0.482814	 0.406288	 0.475652	 0.499264	 0.406022	 0.491785
 0.498489	 0.452208	-0.495264	-0.047883	 0.498281	-0.015694	 0.481972	 0.452974	 0.475652	 0.499264	 0.452709	 0.495645
 0.498489	 0.452208	-0.496726	-0.273536	 0.498281	-0.257397	 0.481551	 0.476318	 0.475652	 0.499264	 0.476052	 0.497575
 0.498489	 0.452208	-0.497457	 0.113638	 0.498281	 0.121752	 0.481341	 0.487989	 0.475652	 0.499264	 0.487724	 0.498540
 0.498489	 0.452208	-0.497822	 0.306223	 0.498281	 0.310324	 0.481236	 0.493825	 0.475652	 0.499264	 0.493560	 0.499023
-0.001511	 0.452208	-0.498005	 0.402515	 0.498281	 0.404611	 0.481183	 0.496743	 0.475652	 0.499264	 0.496477	-0.000736
-0.250508	 0.452208	-0.498096	 0.450662	 0.498281	 0.451754	 0.481157	 0.498202	 0.475652	 0.499264	 0.497936	-0.249614
 0.124993	 0.452208	-0.498142	 0.474735	 0.498281	 0.475325	 0.481143	 0.498931	 0.475652	 0.499264	 0.498666	 0.125946
 0.311743	 0.452208	-0.498165	 0.486771	 0.498281	 0.487111	 0.481137	 0.499296	 0.475652	 0.499264	 0.499031	 0.312724
 0.405118	 0.452208	-0.498176	 0.492790	 0.498281	 0.493004	 0.481134	 0.499479	 0.475652	 0.499264	 0.499213	 0.406113
 0.451806	 0.452208	-0.498182	 0.495799	 0.498281	 0.495950	 0.481132	 0.499570	 0.475652	 0.499264	 0.499304	 0.452807
 0.475149	 0.452208	-0.498185	 0.497303	 0.498281	 0.497424	 0.481131	 0.499615	 0.475652	 0.499264	 0.499350	 0.476154
 0.486821	 0.452208	 0.001814	-0.001944	 0.498281	 0.498160	 0.481131	 0.499638	 0.475652	 0.499264	 0.499373	 0.487828
 0.492657	 0.452208	 0.250810	-0.250566	 0.498281	 0.498529	 0.481131	 0.499650	 0.475652	 0.499264	 0.499384	 0.493664
 0.495575	 0.452208	-0.124693	 0.125123	 0.498281	 0.498713	 0.481130	 0.499655	 0.975652	-0.000736	 0.499390	-0.003417
 0.497034	 0.452208	-0.311443	 0.311966	 0.498281	 0.498805	 0.481130	 0.499658	 1.222701	-0.249734	 0.499393	-0.250957
 0.497764	 0.452208	-0.404819	 0.405388	 0.498281	 0.498851	-0.018870	 0.499660	 0.843286	 0.125767	 0.499394	 0.125273
 0.498128	 0.452208	-0.451506	 0.452099	 0.498281	 0.498874	-0.267832	 0.499660	 0.653578	 0.312514	 0.499395	 0.312385
 0.498311	 0.452208	-0.474850	 0.475454	 0.498281	 0.498885	-0.391279	 0.499661	 0.558725	 0.405888	 0.499395	 0.405941
 0.498402	 0.452208	-0.486522	 0.487132	 0.498281	 0.498891	 0.548026	 0.499661	 0.511298	-0.047425	 0.499395	-0.047281
 0.498447	 0.452208	-0.492358	 0.492970	 0.498281	 0.498894	 1.014704	 0.499661	 0.487584	-0.273080	 0.499395	-0.272891
 0.498470	 0.452208	-0.495276	 0.495890	 0.498281	 0.498895	 0.745081	 0.499661	 0.475728	 0.114093	 0.499395	 0.114304
 0.498482	 0.452208	-0.496735	 0.497350	 0.498281	 0.498896	 0.610269	 0.499661	 0.469799	 0.306676	 0.499395	 0.306899
 0.498487	 0.452208	-0.497464	 0.498079	-0.001719	 0.498897	 0.042863	 0.499661	 0.466835	 0.402968	 0.499395	-0.096804
 0.498490	 0.452208	-0.497829	 0.498444	-0.250716	 0.498897	-0.239791	 0.499661	 0.465353	 0.451114	 0.499395	-0.297654
 0.498492	 0.452208	-0.498012	 0.498627	 0.124786	 0.498897	 0.119927	 0.499661	 0.464612	 0.475187	 0.499395	-0.398080
 0.498492	 0.452208	-0.498103	 0.498718	 0.311536	 0.498897	 0.299786	 0.499661	 0.464241	 0.487224	 0.499395	-0.448292
 0.498493	 0.452208	-0.498148	 0.498764	 0.404911	 0.498897	 0.389715	 0.499661	 0.464056	 0.493242	 0.499395	-0.473398
 0.498493	 0.452208	-0.498171	 0.498786	 0.451599	 0.498897	 0.434680	 0.499661	 0.463963	 0.496251	 0.499395	 0.014048
 0.498493	 0.452208	-0.498183	 0.498798	 0.474943	 0.498897	 0.457163	 0.499661	 0.463917	 0.497756	 0.499395	 0.256769
 0.498493	 0.452208	-0.498188	 0.498804	 0.486614	 0.498897	 0.468404	 0.499661	 0.463894	 0.498508	 0.499395	 0.378129
 0.498493	 0.452208	-0.498191	 0.498806	 0.492450	 0.498897	 0.474024	 0.499661	 0.463882	 0.498884	 0.499395	 0.438809
 0.498493	 0.452208	-0.498193	 0.498808	 0.495368	-0.001103	 0.476835	 0.499661	 0.463877	 0.499072	 0.499395	 0.469149
 0.498493	 0.452208	-0.498193	 0.498809	 0.496827	-0.250101	 0.478240	 0.499661	 0.463874	 0.499166	 0.499395	 0.484319
 0.498493	 0.452208	-0.498194	 0.498809	 0.497557	 0.125400	 0.978942	 0.499661	 0.463872	 0.499213	 0.499395	 0.491904
 0.498493	 0.452208	-0.498194	 0.498809	 0.497922	 0.312149	 1.226334	 0.499661	 0.463872	 0.499237	 0.499395	 0.495697
 0.498493	 0.452208	-0.498194	 0.498809	 0.498104	 0.405523	 1.347083	 0.499661	 0.463871	 0.499248	 0.499395	 0.497593
 0.498493	 0.452208	-0.498194	 0.498809	 0.498195	 0.452211	 0.404522	 0.499661	 0.463871	 0.499254	 0.499395	-0.001459
 0.498493	 0.452208	-0.498194	 0.498809	 0.498241	 0.475554	-0.065683	 0.499661	 0.463871	 0.499257	 0.499395	-0.249984
 0.498493	 0.452208	-0.498194	 0.498809	 0.498264	 0.487226	 0.200286	 0.499661	 0.463871	 0.499259	 0.499395	 0.125754
 0.498493	 0.452208	-0.498194	 0.498809	 0.498275	 0.493062	 0.333271	 0.499661	 0.463871	 0.499259	 0.499395	 0.312620
-0.001507	 0.452208	-0.498194	 0.498809	 0.498281	 0.495980	-0.100236	 0.499661	 0.463871	 0.499260	 0.499395	 0.406052
-0.250504	 0.452208	-0.498194	 0.498809	 0.498284	 0.497439	-0.315923	 0.499661	 0.463871	 0.499260	 0.499395	 0.452769
 0.124998	 0.452208	-0.498194	 0.498809	 0.498285	 0.498168	 0.077297	 0.499661	 0.463871	 0.499260	 0.499395	 0.476127
 0.311747	 0.452208	-0.498194	 0.498809	 0.498286	 0.498533	 0.273907	 0.499661	 0.463871	 0.499260	 0.499395	 0.487806
 0.405122	 0.452208	-0.498194	 0.498809	 0.498286	 0.498715	 0.372212	 0.499661	 0.463871	 0.499260	 0.499395	 0.493646
-0.048190	 0.452208	-0.498194	 0.498809	 0.498286	 0.498807	 0.421365	 0.499661	 0.463871	 0.499260	 0.499395	 0.496566
-0.273844	 0.452208	-0.498194	 0.498809	 0.498286	 0.498852	 0.445941	 0.499661	 0.463871	 0.499260	 0.499395	 0.498025
 0.113330	 0.452208	-0.498194	 0.498809	 0.498286	 0.498875	 0.958229	 0.499661	 0.463871	 0.499260	 0.499395	 0.498755
 0.305915	 0.452208	-0.498194	 0.498809	 0.498286	 0.498886	 1.211432	 0.499661	 0.463871	 0.499260	 0.499395	 0.499120
 0.402208	 0.452208	 0.001806	 0.498809	 0.498286	 0.498892	 0.335104	 0.499661	 0.463871	 0.999260	 0.499395	 0.499303
 0.450355	 0.452208	 0.250802	 0.498809	 0.498286	 0.498895	-0.101977	 0.499661	 0.463871	 1.246262	 0.499395	 0.499394
 0.474428	 0.452208	-0.124699	 0.498809	 0.498286	 0.498896	 0.180560	 0.499661	 0.463871	 0.866776	 0.499395	 0.499440
 0.486464	 0.452208	-0.311450	 0.498809	 0.498286	 0.498897	 0.321829	 0.499661	 0.463871	 0.677033	 0.499395	 0.499463
 0.492483	 0.452208	-0.404825	 0.498809	 0.498286	 0.498897	 0.392463	 0.499661	 0.463871	 0.582162	 0.499395	 0.499474
 0.495492	 0.452208	-0.451513	 0.498809	 0.498286	 0.498898	 0.427781	 0.499661	 0.463871	 0.534726	 0.499395	 0.499480
 0.496996	 0.452208	-0.474857	 0.498809	 0.498286	 0.498898	 0.445439	 0.499661	 0.463871	 0.511008	 0.499395	 0.499482
 0.497749	 0.452208	 0.013472	 0.498809	 0.498286	 0.498898	 0.454269	 0.499661	 0.463871	 0.499149	 0.499395	 0.499484
 0.498125	 0.452208	 0.256632	 0.498809	 0.498286	 0.498898	 0.458683	 0.499661	 0.463871	 0.493220	 0.499395	 0.499485
-0.001687	 0.452208	-0.121788	 0.498809	 0.498286	 0.498898	 0.460890	 0.499661	 0.463871	 0.490255	 0.499395	-0.000515
-0.250590	 0.452208	-0.309997	 0.498809	 0.498286	 0.498898	 0.461994	 0.499661	 0.463871	 0.488772	 0.499395	-0.249514
 0.124959	 0.452208	 0.095898	-0.001191	 0.498286	 0.498898	 0.462546	 0.499661	 0.463871	 0.488031	 0.499395	 0.125987
 0.311732	 0.452208	 0.297842	-0.250188	 0.498286	 0.498898	 0.462822	 0.499661	 0.463871	 0.487661	 0.499395	 0.312734
 0.405118	 0.452208	-0.101186	 0.125313	-0.001714	 0.498898	 0.462960	 0.499661	 0.463871	 0.487475	 0.499395	 0.406108
 0.451812	 0.452208	-0.299699	 0.312062	-0.250710	 0.498898	 0.463029	 0.499661	 0.463871	 0.487383	 0.499395	 0.452795
 0.475158	 0.452208	-0.398956	 0.405436	-0.375208	 0.498898	 0.463063	 0.499661	 0.463871	 0.487336	 0.499395	 0.476138
 0.486832	 0.452208	 0.051415	 0.452124	 0.062542	 0.498898	 0.463081	 0.499661	 0.463871	 0.487313	 0.499395	 0.487810
 0.492668	 0.452208	 0.275598	 0.475467	 0.280417	 0.498898	 0.463089	 0.499661	 0.463871	 0.487302	 0.499395	 0.493646
 0.495587	 0.452208	-0.112311	 0.487139	 0.389355	-0.001102	 0.463093	 0.499661	 0.463871	 0.487296	 0.499395	-0.003436
 0.497046	 0.452208	-0.305265	 0.492975	 0.443823	-0.250100	 0.463096	 0.499661	 0.463871	 0.487293	 0.499395	-0.250976
-0.002225	 0.452208	-0.401742	 0.495893	 0.471058	 0.125401	 0.463097	 0.499661	 0.463871	 0.487292	 0.499395	 0.125254
-0.250857	 0.452208	-0.449981	 0.497352	 0.484675	 0.312150	 0.463097	 0.499661	 0.463871	 0.487291	 0.499395	 0.312366
 0.124827	 0.452208	 0.025900	 0.498081	 0.491483	 0.405524	 0.463098	 0.499661	 0.463871	 0.487290	 0.499395	 0.405922
 0.311668	 0.452208	 0.262837	 0.498446	 0.494888	 0.452211	 0.463098	 0.499661	 0.463871	 0.487290	 0.499395	 0.452700
 0.405088	 0.452208	 0.381305	 0.498628	 0.496590	 0.475555	 0.463098	 0.499661	 0.463871	 0.487290	 0.499395	 0.476089
 0.451799	 0.952208	-0.059461	 0.498720	 0.497441	 0.487227	 0.463098	 0.499661	 0.463871	-0.012710	 0.499395	 0.487783
 0.475154	 1.199303	-0.278843	 0.498765	 0.497867	 0.493063	 0.463098	 0.499661	 0.463871	-0.261684	 0.499395	 0.493630
 0.486831	 0.819958	-0.388534	 0.498788	 0.498079	 0.495981	 0.963098	 0.499661	 0.463871	 0.114850	 0.499395	 0.496554
 0.492670	 0.630286	-0.443380	 0.498799	 0.498186	 0.497440	 1.210172	 0.499661	 0.463871	 0.303117	 0.499395	 0.498016
 0.495590	 0.535450	-0.470803	 0.498805	 0.498239	 0.498169	 0.830794	 0.499661	 0.463871	 0.397250	 0.499395	 0.498747
 0.497049	 0.488032	-0.484514	 0.498808	 0.498265	 0.498534	 0.641105	 0.499661	 0.463871	 0.444317	 0.499395	 0.499112
 0.497779	 0.464322	 0.008630	 0.498809	 0.498279	 0.498716	 0.546261	 0.499661	 0.463871	 0.467850	 0.499395	 0.499295
 0.498144	 0.452468	 0.254199	 0.498810	 0.498285	 0.498807	 0.498839	 0.499661	 0.463871	 0.479617	 0.499395	 0.499386
 0.498326	 0.446541	 0.376983	 0.498810	 0.498289	 0.498853	 0.475128	 0.499661	 0.463871	 0.485500	 0.499395	 0.499432
 0.498418	 0.443577	 0.438375	-0.001189	 0.498290	-0.001124	 0.463272	 0.499661	 0.463871	 0.488442	 0.499395	-0.000545
 0.498463	 0.442095	 0.469071	-0.250187	 0.498291	-0.250111	 0.457344	 0.499661	 0.463871	 0.489913	 0.499395	-0.249533
-0.001514	 0.441354	-0.015581	 0.125314	 0.498292	 0.125396	 0.454380	 0.499661	 0.463871	 0.490648	 0.499395	 0.125973
-0.250499	 0.440984	-0.256906	 0.312063	 0.498292	 0.312148	 0.452898	 0.499661	 0.463871	 0.491016	 0.499395	 0.312724
 0.125008	 0.440799	 0.122431	 0.405438	 0.498292	 0.405524	 0.452157	 0.499661	 0.463871	 0.491200	 0.499395	 0.406099
 0.311760	 0.440706	 0.311096	 0.452125	 0.498292	 0.452211	 0.451787	 0.499661	 0.463871	 0.491292	 0.499395	 0.452786
 0.405137	 0.440660	 0.405429	-0.024531	 0.498292	 0.475555	-0.048398	 0.499661	 0.463871	 0.491338	 0.499395	 0.476130
 0.451825	 0.440637	 0.452595	-0.261857	 0.498292	 0.487227	-0.297394	 0.499661	 0.463871	 0.491361	 0.499395	 0.487802
 0.475169	 0.440625	 0.476178	-0.380520	 0.498292	 0.493063	-0.420799	 0.499661	 0.463871	 0.491372	 0.499395	 0.493638
 0.486841	 0.440619	 0.487970	 0.060149	 0.498292	 0.495981	 0.018587	 0.499661	 0.463871	-0.008622	 0.499395	 0.496556
 0.492677	 0.440616	 0.493865	 0.279481	 0.498292	 0.497440	 0.238280	 0.499661	 0.463871	-0.257602	 0.499395	 0.498015
 0.495595	 0.440615	-0.003187	 0.389147	 0.498292	-0.001830	 0.348127	 0.499661	 0.463871	 0.118921	 0.499395	-0.001256
 0.497054	 0.440614	-0.250712	 0.443981	 0.498292	-0.250463	 0.403050	 0.499661	 0.463871	 0.307183	 0.499395	-0.249890
 0.497783	 0.440614	 0.125525	 0.471397	 0.498292	 0.125220	 0.430512	 0.499661	 0.463871	 0.401314	-0.000605	 0.125793
 0.498148	 0.440614	 0.312640	 0.485106	 0.498292	 0.312060	 0.444242	 0.499661	 0.463871	 0.448379	-0.249603	 0.312631
 0.498330	 0.440613	-0.093802	 0.491960	 0.498292	 0.405480	 0.451108	 0.499661	 0.463871	 0.471912	 0.125897	-0.093949
 0.498422	 0.440613	-0.296023	 0.495387	 0.498292	 0.452190	 0.454540	 0.499661	 0.463871	 0.483678	 0.312645	-0.296239
-0.001533	 0.440613	-0.397134	 0.497100	-0.001708	 0.475545	 0.456257	 0.499661	 0.463871	-0.010439	 0.406019	 0.102617
